circle=[...
2.2443528473377228e-001 7.0862673223018646e-002 8.8912740349769592e-002 
2.2470591962337494e-001 7.0858031511306763e-002 8.8931128382682800e-002 
2.2443586587905884e-001 7.1663267910480499e-002 8.8912993669509888e-002 
2.2182770073413849e-001 7.3935396969318390e-002 8.8764466345310211e-002 
2.1995367109775543e-001 7.6655931770801544e-002 8.8696390390396118e-002 
2.1995335817337036e-001 7.7843330800533295e-002 8.8706940412521362e-002 
2.1939066052436829e-001 7.8905396163463593e-002 8.8691294193267822e-002 
2.1826227009296417e-001 8.0576762557029724e-002 8.8661760091781616e-002 
2.4785058200359344e-001 5.4111763834953308e-002 8.9453175663948059e-002 
2.4239690601825714e-001 5.6784942746162415e-002 8.9397363364696503e-002 
2.4321861565113068e-001 5.6784868240356445e-002 8.9423239231109619e-002 
2.4368603527545929e-001 5.6784823536872864e-002 8.9438557624816895e-002 
2.3889189958572388e-001 5.8948732912540436e-002 8.9263811707496643e-002 
2.3669052124023438e-001 6.0936186462640762e-002 8.9169204235076904e-002 
2.3373396694660187e-001 6.3057176768779755e-002 8.9147724211215973e-002 
2.3097443580627441e-001 6.4767137169837952e-002 8.9128479361534119e-002 
2.3171313107013702e-001 6.4767047762870789e-002 8.9146800339221954e-002 
2.3226739466190338e-001 6.4767017960548401e-002 8.9155219495296478e-002 
2.3319031298160553e-001 6.4766995608806610e-002 8.9164555072784424e-002 
2.2875250875949860e-001 6.6768914461135864e-002 8.9088797569274902e-002 
2.2624675929546356e-001 6.8638831377029419e-002 8.9010745286941528e-002 
2.2522370517253876e-001 7.0853263139724731e-002 8.8958784937858582e-002 
2.2578182816505432e-001 7.0853628218173981e-002 8.8986374437808990e-002 
2.5432503223419189e-001 5.2866488695144653e-002 8.9641980826854706e-002 
2.5478911399841309e-001 5.2865765988826752e-002 8.9658901095390320e-002 
2.5524759292602539e-001 5.2865471690893173e-002 8.9674197137355804e-002 
2.5570082664489746e-001 5.2865542471408844e-002 8.9692279696464539e-002 
2.5679263472557068e-001 5.2865684032440186e-002 8.9737571775913239e-002 
2.7346283197402954e-001 5.2867807447910309e-002 9.0080596506595612e-002 
2.4823504686355591e-001 5.4109647870063782e-002 8.9470811188220978e-002 
2.4878077208995819e-001 5.4109837859869003e-002 8.9496374130249023e-002 
2.5078904628753662e-001 5.4110575467348099e-002 8.9576900005340576e-002 
2.5279006361961365e-001 5.4108411073684692e-002 8.9658029377460480e-002 
2.6168829202651978e-001 5.2864365279674530e-002 8.9902542531490326e-002 
2.6576203107833862e-001 5.2865609526634216e-002 9.0006299316883087e-002 
2.6730123162269592e-001 5.2865680307149887e-002 9.0022258460521698e-002 
2.6775360107421875e-001 5.2865687757730484e-002 9.0027593076229095e-002 
2.7273601293563843e-001 5.2866000682115555e-002 9.0074419975280762e-002 
2.7318942546844482e-001 5.2866023033857346e-002 9.0077795088291168e-002 
2.7527138590812683e-001 5.4110925644636154e-002 9.0166434645652771e-002 
2.7618029713630676e-001 5.4108452051877975e-002 9.0180754661560059e-002 
2.7871915698051453e-001 5.4108668118715286e-002 9.0202249586582184e-002 
2.7926519513130188e-001 5.4109647870063782e-002 9.0205281972885132e-002 
2.8026703000068665e-001 5.4111581295728683e-002 9.0211182832717896e-002 
2.8026542067527771e-001 5.5861894041299820e-002 9.0288825333118439e-002 
2.8508266806602478e-001 5.6785784661769867e-002 9.0368218719959259e-002 
2.8917101025581360e-001 5.8948542922735214e-002 9.0459801256656647e-002 
2.9175049066543579e-001 6.0934364795684814e-002 9.0474210679531097e-002 
2.9422679543495178e-001 6.3056305050849915e-002 9.0526789426803589e-002 
2.9964038729667664e-001 6.6770292818546295e-002 9.0639963746070862e-002 
3.0436414480209351e-001 7.2895430028438568e-002 9.0617746114730835e-002 
3.0529415607452393e-001 7.3939479887485504e-002 9.0585485100746155e-002 
3.0622550845146179e-001 7.6658509671688080e-002 9.0502105653285980e-002 
3.0622574687004089e-001 7.7844865620136261e-002 9.0480871498584747e-002 
3.0865234136581421e-001 8.0576546490192413e-002 9.0394668281078339e-002 
3.0958434939384460e-001 8.2886062562465668e-002 9.0376615524291992e-002 
3.1052461266517639e-001 8.3885118365287781e-002 9.0350709855556488e-002 
3.1108760833740234e-001 8.6672805249691010e-002 9.0354584157466888e-002 
3.1221184134483337e-001 9.0581588447093964e-002 9.0466275811195374e-002 
3.1285065412521362e-001 9.2516422271728516e-002 9.0570360422134399e-002 
2.9329371452331543e-001 6.3058122992515564e-002 9.0518198907375336e-002 
2.9657563567161560e-001 6.4766950905323029e-002 9.0595692396163940e-002 
2.9779985547065735e-001 6.6767707467079163e-002 9.0640246868133545e-002 
3.0165034532546997e-001 6.8638995289802551e-002 9.0689644217491150e-002 
3.0415236949920654e-001 7.2887688875198364e-002 9.0617269277572632e-002 
3.1373858451843262e-001 9.5654785633087158e-002 9.0757139027118683e-002 
3.1374049186706543e-001 9.7721531987190247e-002 9.0882129967212677e-002 
3.1421014666557312e-001 1.0060363262891769e-001 9.0995728969573975e-002 
3.1326815485954285e-001 1.1530804634094238e-001 9.1080419719219208e-002 
3.1191846728324890e-001 1.2131325900554657e-001 9.1202206909656525e-002 
3.1455230712890625e-001 1.0268819332122803e-001 9.1065153479576111e-002 
3.1417480111122131e-001 1.0566246509552002e-001 9.1119818389415741e-002 
3.1417474150657654e-001 1.0638736188411713e-001 9.1123059391975403e-002 
3.1417489051818848e-001 1.0736532509326935e-001 9.1118194162845612e-002 
3.1537717580795288e-001 1.0937858372926712e-001 9.1086789965629578e-002 
3.1450921297073364e-001 1.1338217556476593e-001 9.1022998094558716e-002 
3.1227254867553711e-001 1.1927640438079834e-001 9.1188654303550720e-002 
3.1004956364631653e-001 1.2529262900352478e-001 9.1193430125713348e-002 
]
