circle=[...
2.1595841646194458e-001 8.3884775638580322e-002 8.8548786938190460e-002 
2.1595810353755951e-001 8.4631673991680145e-002 8.8566422462463379e-002 
2.1482428908348083e-001 8.6671568453311920e-002 8.8496200740337372e-002 
2.1368646621704102e-001 9.0582087635993958e-002 8.8510103523731232e-002 
2.1349456906318665e-001 9.2518456280231476e-002 8.8594213128089905e-002 
2.1349312365055084e-001 9.3489691615104675e-002 8.8648110628128052e-002 
2.1292236447334290e-001 9.4516113400459290e-002 8.8653393089771271e-002 
2.2443528473377228e-001 7.0862673223018646e-002 8.8912740349769592e-002 
2.2470591962337494e-001 7.0858031511306763e-002 8.8931128382682800e-002 
2.2443586587905884e-001 7.1663267910480499e-002 8.8912993669509888e-002 
2.2182770073413849e-001 7.3935396969318390e-002 8.8764466345310211e-002 
2.1995367109775543e-001 7.6655931770801544e-002 8.8696390390396118e-002 
2.1995335817337036e-001 7.7843330800533295e-002 8.8706940412521362e-002 
2.1939066052436829e-001 7.8905396163463593e-002 8.8691294193267822e-002 
2.1826227009296417e-001 8.0576762557029724e-002 8.8661760091781616e-002 
2.1287301182746887e-001 9.5659010112285614e-002 8.8704861700534821e-002 
2.1287186443805695e-001 9.6498668193817139e-002 8.8745623826980591e-002 
2.1239611506462097e-001 9.7718000411987305e-002 8.8759794831275940e-002 
2.1223813295364380e-001 1.0060863196849823e-001 8.8844515383243561e-002 
2.1223770081996918e-001 1.0143890231847763e-001 8.8865123689174652e-002 
2.1244065463542938e-001 1.0340712219476700e-001 8.8930644094944000e-002 
2.1234522759914398e-001 1.0441973060369492e-001 8.8943526148796082e-002 
2.1234276890754700e-001 1.0937739908695221e-001 8.9010350406169891e-002 
2.1271950006484985e-001 1.1337880790233612e-001 8.9092209935188293e-002 
2.1310810744762421e-001 1.1530841886997223e-001 8.9146353304386139e-002 
2.4785058200359344e-001 5.4111763834953308e-002 8.9453175663948059e-002 
2.4239690601825714e-001 5.6784942746162415e-002 8.9397363364696503e-002 
2.4321861565113068e-001 5.6784868240356445e-002 8.9423239231109619e-002 
2.4368603527545929e-001 5.6784823536872864e-002 8.9438557624816895e-002 
2.3889189958572388e-001 5.8948732912540436e-002 8.9263811707496643e-002 
2.3669052124023438e-001 6.0936186462640762e-002 8.9169204235076904e-002 
2.3097443580627441e-001 6.4767137169837952e-002 8.9128479361534119e-002 
2.2875250875949860e-001 6.6768914461135864e-002 8.9088797569274902e-002 
2.2624675929546356e-001 6.8638831377029419e-002 8.9010745286941528e-002 
2.2522370517253876e-001 7.0853263139724731e-002 8.8958784937858582e-002 
2.1475146710872650e-001 1.1927619576454163e-001 8.9258916676044464e-002 
2.1531768143177032e-001 1.2131786346435547e-001 8.9291870594024658e-002 
2.1568962931632996e-001 1.2256699800491333e-001 8.9317433536052704e-002 
2.1635362505912781e-001 1.2529064714908600e-001 8.9371323585510254e-002 
2.5432503223419189e-001 5.2866488695144653e-002 8.9641980826854706e-002 
2.5478911399841309e-001 5.2865765988826752e-002 8.9658901095390320e-002 
2.5524759292602539e-001 5.2865471690893173e-002 8.9674197137355804e-002 
2.5570082664489746e-001 5.2865542471408844e-002 8.9692279696464539e-002 
2.5679263472557068e-001 5.2865684032440186e-002 8.9737571775913239e-002 
2.7346283197402954e-001 5.2867807447910309e-002 9.0080596506595612e-002 
2.4823504686355591e-001 5.4109647870063782e-002 8.9470811188220978e-002 
2.4878077208995819e-001 5.4109837859869003e-002 8.9496374130249023e-002 
2.5078904628753662e-001 5.4110575467348099e-002 8.9576900005340576e-002 
2.1838515996932983e-001 1.2950621545314789e-001 8.9581072330474854e-002 
2.1949148178100586e-001 1.3127535581588745e-001 8.9660726487636566e-002 
2.2089451551437378e-001 1.3323163986206055e-001 8.9753583073616028e-002 
2.2224023938179016e-001 1.3425669074058533e-001 8.9821532368659973e-002 
2.2224013507366180e-001 1.3522663712501526e-001 8.9825414121150970e-002 
2.2428859770298004e-001 1.3717815279960632e-001 8.9906312525272369e-002 
2.2624902427196503e-001 1.3912530243396759e-001 8.9963577687740326e-002 
2.2793477773666382e-001 1.4118650555610657e-001 9.0053968131542206e-002 
2.7273601293563843e-001 5.2866000682115555e-002 9.0074419975280762e-002 
2.7318942546844482e-001 5.2866023033857346e-002 9.0077795088291168e-002 
2.7527138590812683e-001 5.4110925644636154e-002 9.0166434645652771e-002 
2.7618029713630676e-001 5.4108452051877975e-002 9.0180754661560059e-002 
2.7871915698051453e-001 5.4108668118715286e-002 9.0202249586582184e-002 
2.7926519513130188e-001 5.4109647870063782e-002 9.0205281972885132e-002 
2.8026703000068665e-001 5.4111581295728683e-002 9.0211182832717896e-002 
2.8508266806602478e-001 5.6785784661769867e-002 9.0368218719959259e-002 
2.8917101025581360e-001 5.8948542922735214e-002 9.0459801256656647e-002 
2.9175049066543579e-001 6.0934364795684814e-002 9.0474210679531097e-002 
2.9422679543495178e-001 6.3056305050849915e-002 9.0526789426803589e-002 
2.9964038729667664e-001 6.6770292818546295e-002 9.0639963746070862e-002 
3.0436414480209351e-001 7.2895430028438568e-002 9.0617746114730835e-002 
3.0529415607452393e-001 7.3939479887485504e-002 9.0585485100746155e-002 
3.0622550845146179e-001 7.6658509671688080e-002 9.0502105653285980e-002 
3.0622574687004089e-001 7.7844865620136261e-002 9.0480871498584747e-002 
3.0865234136581421e-001 8.0576546490192413e-002 9.0394668281078339e-002 
3.0958434939384460e-001 8.2886062562465668e-002 9.0376615524291992e-002 
3.1052461266517639e-001 8.3885118365287781e-002 9.0350709855556488e-002 
3.1108760833740234e-001 8.6672805249691010e-002 9.0354584157466888e-002 
3.1221184134483337e-001 9.0581588447093964e-002 9.0466275811195374e-002 
3.1285065412521362e-001 9.2516422271728516e-002 9.0570360422134399e-002 
2.2997219860553741e-001 1.4229924976825714e-001 9.0121619403362274e-002 
2.3024909198284149e-001 1.4229908585548401e-001 9.0130664408206940e-002 
2.3071022331714630e-001 1.4229877293109894e-001 9.0145632624626160e-002 
2.3282577097415924e-001 1.4511539041996002e-001 9.0295962989330292e-002 
2.3375724256038666e-001 1.4511458575725555e-001 9.0326219797134399e-002 
2.3585526645183563e-001 1.4607070386409760e-001 9.0414360165596008e-002 
2.3585502803325653e-001 1.4706099033355713e-001 9.0431787073612213e-002 
2.9329371452331543e-001 6.3058122992515564e-002 9.0518198907375336e-002 
2.9657563567161560e-001 6.4766950905323029e-002 9.0595692396163940e-002 
2.9779985547065735e-001 6.6767707467079163e-002 9.0640246868133545e-002 
3.0165034532546997e-001 6.8638995289802551e-002 9.0689644217491150e-002 
3.0415236949920654e-001 7.2887688875198364e-002 9.0617269277572632e-002 
3.1373858451843262e-001 9.5654785633087158e-002 9.0757139027118683e-002 
3.1374049186706543e-001 9.7721531987190247e-002 9.0882129967212677e-002 
3.1421014666557312e-001 1.0060363262891769e-001 9.0995728969573975e-002 
3.1326815485954285e-001 1.1530804634094238e-001 9.1080419719219208e-002 
3.1191846728324890e-001 1.2131325900554657e-001 9.1202206909656525e-002 
2.3634156584739685e-001 1.4707008004188538e-001 9.0454034507274628e-002 
2.3919904232025146e-001 1.4910888671875000e-001 9.0633310377597809e-002 
2.3974250257015228e-001 1.4911140501499176e-001 9.0655393898487091e-002 
2.4029971659183502e-001 1.4910742640495300e-001 9.0672053396701813e-002 
2.4339081346988678e-001 1.5112540125846863e-001 9.0809240937232971e-002 
2.4767301976680756e-001 1.5313783288002014e-001 9.0999729931354523e-002 
3.1455230712890625e-001 1.0268819332122803e-001 9.1065153479576111e-002 
3.1417480111122131e-001 1.0566246509552002e-001 9.1119818389415741e-002 
3.1417474150657654e-001 1.0638736188411713e-001 9.1123059391975403e-002 
3.1417489051818848e-001 1.0736532509326935e-001 9.1118194162845612e-002 
3.1537717580795288e-001 1.0937858372926712e-001 9.1086789965629578e-002 
3.1450921297073364e-001 1.1338217556476593e-001 9.1022998094558716e-002 
3.1227254867553711e-001 1.1927640438079834e-001 9.1188654303550720e-002 
3.1004956364631653e-001 1.2529262900352478e-001 9.1193430125713348e-002 
3.0814889073371887e-001 1.2950380146503448e-001 9.1316670179367065e-002 
3.0703195929527283e-001 1.3127326965332031e-001 9.1383829712867737e-002 
2.4795059859752655e-001 1.5314926207065582e-001 9.1011084616184235e-002 
2.4830940365791321e-001 1.5314882993698120e-001 9.1021232306957245e-002 
2.6927638053894043e-001 1.5314406156539917e-001 9.1422289609909058e-002 
2.5283685326576233e-001 1.5423473715782166e-001 9.1154024004936218e-002 
2.5304403901100159e-001 1.5424439311027527e-001 9.1159321367740631e-002 
2.5393036007881165e-001 1.5424342453479767e-001 9.1179333627223969e-002 
2.5772279500961304e-001 1.5423178672790527e-001 9.1242231428623199e-002 
2.5971332192420959e-001 1.5423920750617981e-001 9.1266289353370667e-002 
2.6025834679603577e-001 1.5424053370952606e-001 9.1275773942470551e-002 
2.6079842448234558e-001 1.5424032509326935e-001 9.1283693909645081e-002 
2.6124873757362366e-001 1.5424001216888428e-001 9.1292187571525574e-002 
2.6323330402374268e-001 1.5423868596553802e-001 9.1324053704738617e-002 
2.6530930399894714e-001 1.5423686802387238e-001 9.1374829411506653e-002 
2.6621097326278687e-001 1.5423612296581268e-001 9.1395050287246704e-002 
2.6729243993759155e-001 1.5423515439033508e-001 9.1421730816364288e-002 
2.6873591542243958e-001 1.5423376858234406e-001 9.1457173228263855e-002 
3.0610519647598267e-001 1.3323719799518585e-001 9.1441251337528229e-002 
2.9173821210861206e-001 1.4608271420001984e-001 9.1615915298461914e-002 
2.9227644205093384e-001 1.4607620239257813e-001 9.1618932783603668e-002 
2.7830961346626282e-001 1.5314613282680511e-001 9.1626636683940887e-002 
2.7270743250846863e-001 1.5423838794231415e-001 9.1554842889308929e-002 
2.7379372715950012e-001 1.5423956513404846e-001 9.1571114957332611e-002 
2.7469229698181152e-001 1.5423892438411713e-001 9.1587692499160767e-002 
2.7505311369895935e-001 1.5423870086669922e-001 9.1593317687511444e-002 
]
