circle=[...
2.3620453476905823e-001 6.2669195234775543e-002 8.9986748993396759e-002 
2.3280379176139832e-001 6.4612917602062225e-002 8.9932501316070557e-002 
2.3031222820281982e-001 6.6691860556602478e-002 9.0002648532390594e-002 
2.2790598869323730e-001 6.8671338260173798e-002 9.0046003460884094e-002 
2.2381998598575592e-001 7.2665430605411530e-002 9.0071864426136017e-002 
2.2158189117908478e-001 7.4608817696571350e-002 9.0071983635425568e-002 
2.5126892328262329e-001 5.6677084416151047e-002 9.0360529720783234e-002 
2.4426373839378357e-001 5.8717031031847000e-002 9.0215697884559631e-002 
2.4772731959819794e-001 5.8717004954814911e-002 9.0305328369140625e-002 
2.3968802392482758e-001 6.0678094625473022e-002 9.0088918805122375e-002 
2.2580732405185699e-001 7.1660302579402924e-002 9.0097881853580475e-002 
2.1974869072437286e-001 7.8442700207233429e-002 9.0194694697856903e-002 
2.1740436553955078e-001 8.2577846944332123e-002 9.0203620493412018e-002 
2.1599587798118591e-001 8.4476597607135773e-002 9.0154998004436493e-002 
2.1434082090854645e-001 8.8451616466045380e-002 9.0157590806484222e-002 
2.1434020996093750e-001 8.9342400431632996e-002 9.0182155370712280e-002 
2.1373231709003448e-001 9.0433433651924133e-002 9.0162880718708038e-002 
2.1325935423374176e-001 9.2386238276958466e-002 9.0178579092025757e-002 
2.1240714192390442e-001 9.6359454095363617e-002 9.0197585523128510e-002 
2.1240656077861786e-001 9.7439832985401154e-002 9.0212248265743256e-002 
2.1174435317516327e-001 9.8413944244384766e-002 9.0158171951770782e-002 
2.1174405515193939e-001 1.0019088536500931e-001 9.0172812342643738e-002 
2.1138635277748108e-001 1.0244482755661011e-001 9.0146318078041077e-002 
2.1089126169681549e-001 1.0635031014680862e-001 9.0121932327747345e-002 
2.1089042723178864e-001 1.0833851248025894e-001 9.0151883661746979e-002 
2.1088974177837372e-001 1.0934478044509888e-001 9.0177409350872040e-002 
2.5373044610023499e-001 5.6676845997571945e-002 9.0458206832408905e-002 
2.5427395105361938e-001 5.6676909327507019e-002 9.0476773679256439e-002 
2.5626221299171448e-001 5.6676805019378662e-002 9.0542607009410858e-002 
2.5680485367774963e-001 5.6676838546991348e-002 9.0560279786586761e-002 
2.5771158933639526e-001 5.6676901876926422e-002 9.0588226914405823e-002 
2.5825425982475281e-001 5.6676950305700302e-002 9.0604260563850403e-002 
2.5879698991775513e-001 5.6677002459764481e-002 9.0618401765823364e-002 
2.6024615764617920e-001 5.6677147746086121e-002 9.0652495622634888e-002 
2.6078593730926514e-001 5.6677222251892090e-002 9.0663969516754150e-002 
2.6123774051666260e-001 5.6677266955375671e-002 9.0670913457870483e-002 
2.6169016957283020e-001 5.6677319109439850e-002 9.0676501393318176e-002 
2.6530963182449341e-001 5.6675821542739868e-002 9.0741589665412903e-002 
2.6729783415794373e-001 5.6676235049962997e-002 9.0786874294281006e-002 
2.6774993538856506e-001 5.6676350533962250e-002 9.0797506272792816e-002 
2.6973825693130493e-001 5.6676756590604782e-002 9.0842366218566895e-002 
2.7127584815025330e-001 5.6676961481571198e-002 9.0875163674354553e-002 
2.7181497216224670e-001 5.6677006185054779e-002 9.0885892510414124e-002 
2.7226734161376953e-001 5.6677032262086868e-002 9.0894132852554321e-002 
2.7271974086761475e-001 5.6677062064409256e-002 9.0901091694831848e-002 
2.7326256036758423e-001 5.6677103042602539e-002 9.0907074511051178e-002 
2.7380558848381042e-001 5.6677576154470444e-002 9.0913772583007813e-002 
2.7425935864448547e-001 5.6678742170333862e-002 9.0917587280273438e-002 
2.7670258283615112e-001 5.8717004954814911e-002 9.0878345072269440e-002 
2.8069397807121277e-001 5.8716565370559692e-002 9.0916074812412262e-002 
2.8185921907424927e-001 6.0678206384181976e-002 9.0916365385055542e-002 
2.8332501649856567e-001 6.0677740722894669e-002 9.0931832790374756e-002 
2.8476795554161072e-001 6.0675360262393951e-002 9.0928062796592712e-002 
2.8852906823158264e-001 6.2658071517944336e-002 9.0931467711925507e-002 
2.1895244717597961e-001 1.3391013443470001e-001 9.1065704822540283e-002 
2.8304269909858704e-001 6.0682218521833420e-002 9.0930178761482239e-002 
2.9069170355796814e-001 6.4614444971084595e-002 9.1012202203273773e-002 
2.9124000668525696e-001 6.4614668488502502e-002 9.1007813811302185e-002 
2.9370909929275513e-001 6.6691718995571136e-002 9.1107659041881561e-002 
2.9662352800369263e-001 6.8678125739097595e-002 9.1221645474433899e-002 
2.9871913790702820e-001 7.1654029190540314e-002 9.1391153633594513e-002 
3.0082756280899048e-001 7.3638603091239929e-002 9.1510981321334839e-002 
2.2137889266014099e-001 1.3705949485301971e-001 9.1195523738861084e-002 
2.2345343232154846e-001 1.3980226218700409e-001 9.1296315193176270e-002 
3.0461928248405457e-001 7.6532013714313507e-002 9.1641046106815338e-002 
3.0175074934959412e-001 7.7581293880939484e-002 9.1720499098300934e-002 
3.0607435107231140e-001 7.8445822000503540e-002 9.1714471578598022e-002 
3.0672389268875122e-001 8.1532672047615051e-002 9.1816820204257965e-002 
3.0772522091865540e-001 8.2578688859939575e-002 9.1817237436771393e-002 
3.0773586034774780e-001 8.4477342665195465e-002 9.1861590743064880e-002 
3.0904966592788696e-001 8.4476768970489502e-002 9.1812849044799805e-002 
3.0960816144943237e-001 8.6482495069503784e-002 9.1844461858272552e-002 
3.1024366617202759e-001 8.9341208338737488e-002 9.1890439391136169e-002 
3.1032043695449829e-001 9.0433239936828613e-002 9.1914348304271698e-002 
3.1071648001670837e-001 9.0433284640312195e-002 9.1898158192634583e-002 
3.1116059422492981e-001 9.2386394739151001e-002 9.1918528079986572e-002 
3.1116032600402832e-001 9.3398250639438629e-002 9.1938771307468414e-002 
3.1116011738777161e-001 9.4203114509582520e-002 9.1954484581947327e-002 
3.1256252527236938e-001 9.6359118819236755e-002 9.1950200498104095e-002 
3.1295576691627502e-001 9.8413802683353424e-002 9.1963730752468109e-002 
3.1295552849769592e-001 9.9357962608337402e-002 9.1968268156051636e-002 
3.1338521838188171e-001 1.0634604096412659e-001 9.2020638287067413e-002 
2.2678679227828979e-001 1.4306524395942688e-001 9.1478943824768066e-002 
2.3133750259876251e-001 1.4709994196891785e-001 9.1754317283630371e-002 
2.3397988080978394e-001 1.4901576936244965e-001 9.1878183186054230e-002 
2.3690250515937805e-001 1.5098585188388824e-001 9.1954387724399567e-002 
2.3726780712604523e-001 1.5098585188388824e-001 9.1956853866577148e-002 
3.1215697526931763e-001 9.5024317502975464e-002 9.1937303543090820e-002 
3.1125599145889282e-001 1.0019100457429886e-001 9.2005595564842224e-002 
3.1275263428688049e-001 1.0019098967313766e-001 9.1976389288902283e-002 
3.1172335147857666e-001 1.0140518099069595e-001 9.1985501348972321e-002 
3.1322216987609863e-001 1.0244539380073547e-001 9.1954104602336884e-002 
3.1350317597389221e-001 1.0335854440927505e-001 9.1947063803672791e-002 
3.1454113125801086e-001 1.1032855510711670e-001 9.2104889452457428e-002 
3.1454056501388550e-001 1.1127319186925888e-001 9.2137575149536133e-002 
3.1308779120445251e-001 1.1224503070116043e-001 9.2212185263633728e-002 
3.1308722496032715e-001 1.1327395588159561e-001 9.2254064977169037e-002 
3.1378909945487976e-001 1.1629885435104370e-001 9.2342756688594818e-002 
3.1378847360610962e-001 1.1733745783567429e-001 9.2379547655582428e-002 
2.4075029790401459e-001 1.5373668074607849e-001 9.2121407389640808e-002 
2.4274206161499023e-001 1.5373656153678894e-001 9.2137888073921204e-002 
2.4537566304206848e-001 1.5456506609916687e-001 9.2186100780963898e-002 
2.4573807418346405e-001 1.5456503629684448e-001 9.2191547155380249e-002 
2.4620041251182556e-001 1.5456503629684448e-001 9.2194303870201111e-002 
2.4981181323528290e-001 1.5698991715908051e-001 9.2217348515987396e-002 
2.5026762485504150e-001 1.5698981285095215e-001 9.2226095497608185e-002 
2.5423341989517212e-001 1.5699143707752228e-001 9.2360645532608032e-002 
2.5523233413696289e-001 1.5699115395545959e-001 9.2394851148128510e-002 
2.5576490163803101e-001 1.5699096024036407e-001 9.2413149774074554e-002 
2.5829070806503296e-001 1.5698988735675812e-001 9.2500634491443634e-002 
2.5972971320152283e-001 1.5698936581611633e-001 9.2544019222259521e-002 
2.6080992817878723e-001 1.5698906779289246e-001 9.2566095292568207e-002 
2.6170817017555237e-001 1.5698875486850739e-001 9.2587515711784363e-002 
2.6224759221076965e-001 1.5698848664760590e-001 9.2601582407951355e-002 
3.1268382072448730e-001 1.2126549333333969e-001 9.2584542930126190e-002 
3.1154191493988037e-001 1.2320645153522491e-001 9.2646218836307526e-002 
3.1003460288047791e-001 1.2620802223682404e-001 9.2673659324645996e-002 
3.1003451347351074e-001 1.2722904980182648e-001 9.2678822576999664e-002 
3.0772215127944946e-001 1.3112773001194000e-001 9.2731826007366180e-002 
3.0650696158409119e-001 1.3311134278774261e-001 9.2761591076850891e-002 
3.0429157614707947e-001 1.3391534984111786e-001 9.2796117067337036e-002 
3.0650728940963745e-001 1.3390932977199554e-001 9.2763699591159821e-002 
3.0429121851921082e-001 1.3497772812843323e-001 9.2819720506668091e-002 
3.0475285649299622e-001 1.3497783243656158e-001 9.2812880873680115e-002 
3.0620610713958740e-001 1.3497918844223022e-001 9.2772446572780609e-002 
3.0467766523361206e-001 1.3705438375473022e-001 9.2839486896991730e-002 
3.0315628647804260e-001 1.3980354368686676e-001 9.2872731387615204e-002 
3.0160072445869446e-001 1.4106121659278870e-001 9.2919304966926575e-002 
2.9950517416000366e-001 1.4306144416332245e-001 9.2962585389614105e-002 
2.9728198051452637e-001 1.4477944374084473e-001 9.3023143708705902e-002 
2.9572656750679016e-001 1.4708954095840454e-001 9.3113794922828674e-002 
2.8620463609695435e-001 1.5373440086841583e-001 9.3039982020854950e-002 
2.6297289133071899e-001 1.5699201822280884e-001 9.2623628675937653e-002 
2.6324316859245300e-001 1.5699206292629242e-001 9.2631183564662933e-002 
2.6351347565650940e-001 1.5699195861816406e-001 9.2638924717903137e-002 
2.6423102617263794e-001 1.5699183940887451e-001 9.2654965817928314e-002 
2.6477080583572388e-001 1.5699164569377899e-001 9.2667043209075928e-002 
2.6728692650794983e-001 1.5699049830436707e-001 9.2731028795242310e-002 
2.6818567514419556e-001 1.5699027478694916e-001 9.2744044959545135e-002 
2.7178385853767395e-001 1.5698960423469543e-001 9.2774510383605957e-002 
2.7268230915069580e-001 1.5698936581611633e-001 9.2784009873867035e-002 
2.7322214841842651e-001 1.5698920190334320e-001 9.2792123556137085e-002 
2.9272341728210449e-001 1.4901682734489441e-001 9.3204759061336517e-002 
2.8936371207237244e-001 1.5099121630191803e-001 9.3162000179290771e-002 
2.9027056694030762e-001 1.5099011361598969e-001 9.3186765909194946e-002 
2.8077965974807739e-001 1.5456552803516388e-001 9.2976324260234833e-002 
2.8150519728660583e-001 1.5456517040729523e-001 9.2991575598716736e-002 
2.7627941966056824e-001 1.5699277818202972e-001 9.2860162258148193e-002 
2.7681991457939148e-001 1.5699271857738495e-001 9.2871926724910736e-002 
]
