circle=[...
2.4462912976741791e-001 5.8392409235239029e-002 9.0455010533332825e-002 
2.3933604359626770e-001 6.0509968549013138e-002 9.0468145906925201e-002 
2.3951910436153412e-001 6.0510080307722092e-002 9.0469181537628174e-002 
2.3677188158035278e-001 6.2315538525581360e-002 9.0486384928226471e-002 
2.3677104711532593e-001 6.3503086566925049e-002 9.0507790446281433e-002 
2.3134836554527283e-001 6.6393814980983734e-002 9.0449616312980652e-002 
2.2885875403881073e-001 6.8502791225910187e-002 9.0416133403778076e-002 
2.2885835170745850e-001 6.9341652095317841e-002 9.0433657169342041e-002 
2.2648461163043976e-001 7.1406222879886627e-002 9.0416215360164642e-002 
2.2648446261882782e-001 7.2238162159919739e-002 9.0430758893489838e-002 
2.2332862019538879e-001 7.4441328644752502e-002 9.0395100414752960e-002 
2.2180154919624329e-001 7.6504468917846680e-002 9.0385437011718750e-002 
2.1995274722576141e-001 7.8462585806846619e-002 9.0351812541484833e-002 
2.1995265781879425e-001 7.9283580183982849e-002 9.0360358357429504e-002 
2.1884585916996002e-001 8.0224730074405670e-002 9.0324535965919495e-002 
2.1695451438426971e-001 8.4134630858898163e-002 9.0281113982200623e-002 
2.1580554544925690e-001 8.6296334862709045e-002 9.0251408517360687e-002 
2.1471616625785828e-001 9.0091533958911896e-002 9.0345926582813263e-002 
2.1338367462158203e-001 9.4268411397933960e-002 9.0441361069679260e-002 
2.1303889155387878e-001 9.6259914338588715e-002 9.0424545109272003e-002 
2.1235516667366028e-001 9.8237030208110809e-002 9.0359456837177277e-002 
2.1178808808326721e-001 1.0318926721811295e-001 9.0304873883724213e-002 
2.1178768575191498e-001 1.0403311997652054e-001 9.0327396988868713e-002 
2.1179771423339844e-001 1.0495477914810181e-001 9.0358793735504150e-002 
2.1273252367973328e-001 1.0495432466268539e-001 9.0408846735954285e-002 
2.1273164451122284e-001 1.0619854182004929e-001 9.0451583266258240e-002 
2.1225853264331818e-001 1.0700982809066772e-001 9.0469352900981903e-002 
2.5182572007179260e-001 5.6569200009107590e-002 9.0542189776897430e-002 
2.5372776389122009e-001 5.6567844003438950e-002 9.0584233403205872e-002 
2.5571995973587036e-001 5.6566879153251648e-002 9.0617388486862183e-002 
2.5725793838500977e-001 5.6566141545772552e-002 9.0643778443336487e-002 
2.5771027803421021e-001 5.6565865874290466e-002 9.0653993189334869e-002 
2.6024186611175537e-001 5.6563861668109894e-002 9.0721279382705688e-002 
2.6277780532836914e-001 5.6570019572973251e-002 9.0800918638706207e-002 
2.6729547977447510e-001 5.6566718965768814e-002 9.0897209942340851e-002 
2.6973509788513184e-001 5.6566223502159119e-002 9.0910568833351135e-002 
2.7326267957687378e-001 5.6566387414932251e-002 9.0900138020515442e-002 
2.7380430698394775e-001 5.6566242128610611e-002 9.0903311967849731e-002 
2.7425798773765564e-001 5.6566007435321808e-002 9.0908743441104889e-002 
2.4919253587722778e-001 5.8394182473421097e-002 9.0633116662502289e-002 
2.4171702563762665e-001 6.0516923666000366e-002 9.0491630136966705e-002 
2.3386430740356445e-001 6.4484141767024994e-002 9.0471006929874420e-002 
2.1396496891975403e-001 1.0495693981647491e-001 9.0455040335655212e-002 
2.1426627039909363e-001 1.0495684295892715e-001 9.0465478599071503e-002 
2.1239623427391052e-001 1.1189944297075272e-001 9.0585060417652130e-002 
2.1249070763587952e-001 1.1288144439458847e-001 9.0585656464099884e-002 
2.1277417242527008e-001 1.1392446607351303e-001 9.0589895844459534e-002 
2.1277394890785217e-001 1.1489237099885941e-001 9.0599633753299713e-002 
2.1286791563034058e-001 1.1671391129493713e-001 9.0627163648605347e-002 
2.1333925426006317e-001 1.1889509856700897e-001 9.0669386088848114e-002 
2.1399803459644318e-001 1.2106382101774216e-001 9.0726152062416077e-002 
2.1488916873931885e-001 1.2266699224710464e-001 9.0790517628192902e-002 
2.1628862619400024e-001 1.2681299448013306e-001 9.0883038938045502e-002 
2.1723423898220062e-001 1.2899228930473328e-001 9.0917699038982391e-002 
2.1723444759845734e-001 1.2967133522033691e-001 9.0911231935024261e-002 
2.1839152276515961e-001 1.3177050650119781e-001 9.0996168553829193e-002 
2.7778139710426331e-001 5.8395519852638245e-002 9.1120712459087372e-002 
2.8122478723526001e-001 5.8394700288772583e-002 9.1141812503337860e-002 
2.8473901748657227e-001 6.0515563935041428e-002 9.1362223029136658e-002 
2.8667342662811279e-001 6.0509346425533295e-002 9.1351844370365143e-002 
2.8976559638977051e-001 6.2314882874488831e-002 9.1448083519935608e-002 
2.2082208096981049e-001 1.3465218245983124e-001 9.1134466230869293e-002 
2.2184434533119202e-001 1.3672189414501190e-001 9.1196164488792419e-002 
2.2336040437221527e-001 1.3954257965087891e-001 9.1313332319259644e-002 
2.2575144469738007e-001 1.3954006135463715e-001 9.1411240398883820e-002 
2.2676013410091400e-001 1.3954211771488190e-001 9.1441541910171509e-002 
2.9119500517845154e-001 6.4483664929866791e-002 9.1596320271492004e-002 
2.9266262054443359e-001 6.4483866095542908e-002 9.1579623520374298e-002 
2.9467305541038513e-001 6.6395349800586700e-002 9.1680541634559631e-002 
2.9758602380752563e-001 6.8505421280860901e-002 9.1788090765476227e-002 
3.0008834600448608e-001 7.1402154862880707e-002 9.1876760125160217e-002 
3.0126303434371948e-001 7.3202997446060181e-002 9.1945007443428040e-002 
3.0172392725944519e-001 7.3202967643737793e-002 9.1948635876178741e-002 
3.0884480476379395e-001 8.3056919276714325e-002 9.2056468129158020e-002 
2.2678494453430176e-001 1.4286133646965027e-001 9.1575235128402710e-002 
2.2724628448486328e-001 1.4286081492900848e-001 9.1593660414218903e-002 
2.2939535975456238e-001 1.4459463953971863e-001 9.1734491288661957e-002 
2.3141449689865112e-001 1.4671468734741211e-001 9.1828703880310059e-002 
2.3379401862621307e-001 1.4853437244892120e-001 9.1890878975391388e-002 
2.3423120379447937e-001 1.4853765070438385e-001 9.1890573501586914e-002 
2.3471179604530334e-001 1.4853778481483459e-001 9.1888368129730225e-002 
2.3618139326572418e-001 1.5148603916168213e-001 9.1882847249507904e-002 
2.4028342962265015e-001 1.5335382521152496e-001 9.1961219906806946e-002 
2.4218161404132843e-001 1.5335381031036377e-001 9.2024430632591248e-002 
3.0179339647293091e-001 7.4441835284233093e-002 9.1984808444976807e-002 
3.0363833904266357e-001 7.4441708624362946e-002 9.2008113861083984e-002 
3.0511730909347534e-001 7.6506145298480988e-002 9.2053852975368500e-002 
3.0613654851913452e-001 7.8463025391101837e-002 9.2064164578914642e-002 
3.0715706944465637e-001 8.0226019024848938e-002 9.2055104672908783e-002 
3.0827161669731140e-001 8.3057798445224762e-002 9.2077188193798065e-002 
3.0910930037498474e-001 8.4134623408317566e-002 9.2082262039184570e-002 
3.0910846590995789e-001 8.5302077233791351e-002 9.2124156653881073e-002 
3.1013324856758118e-001 8.6297623813152313e-002 9.2131674289703369e-002 
3.1106638908386230e-001 8.8345959782600403e-002 9.2187270522117615e-002 
3.1159543991088867e-001 9.0091489255428314e-002 9.2263579368591309e-002 
3.1215494871139526e-001 9.3221791088581085e-002 9.2363864183425903e-002 
3.1309035420417786e-001 9.4270125031471252e-002 9.2330932617187500e-002 
3.1361740827560425e-001 9.6260085701942444e-002 9.2313036322593689e-002 
3.1361740827560425e-001 9.7049079835414886e-002 9.2308446764945984e-002 
3.1310269236564636e-001 1.0008297115564346e-001 9.2272326350212097e-002 
3.1402605772018433e-001 1.0495235025882721e-001 9.2394769191741943e-002 
3.1417611241340637e-001 1.0619539767503738e-001 9.2460975050926208e-002 
2.4073782563209534e-001 1.5335422754287720e-001 9.1974176466464996e-002 
2.4111340939998627e-001 1.5335412323474884e-001 9.1988489031791687e-002 
2.4284119904041290e-001 1.5335415303707123e-001 9.2048622667789459e-002 
2.4420005083084106e-001 1.5335404872894287e-001 9.2098720371723175e-002 
2.4537679553031921e-001 1.5425096452236176e-001 9.2141695320606232e-002 
2.4619185924530029e-001 1.5425099432468414e-001 9.2160277068614960e-002 
2.4672530591487885e-001 1.5425100922584534e-001 9.2169821262359619e-002 
2.4872449040412903e-001 1.5645697712898254e-001 9.2168502509593964e-002 
2.4926686286926270e-001 1.5645700693130493e-001 9.2169262468814850e-002 
2.5026014447212219e-001 1.5645705163478851e-001 9.2181898653507233e-002 
2.5071179866790771e-001 1.5645705163478851e-001 9.2189125716686249e-002 
2.5125327706336975e-001 1.5645703673362732e-001 9.2198416590690613e-002 
2.5179472565650940e-001 1.5645700693130493e-001 9.2209331691265106e-002 
2.5223588943481445e-001 1.5645697712898254e-001 9.2218331992626190e-002 
2.5269699096679688e-001 1.5645693242549896e-001 9.2229962348937988e-002 
2.5323751568794250e-001 1.5645684301853180e-001 9.2248693108558655e-002 
2.5576639175415039e-001 1.5645669400691986e-001 9.2358328402042389e-002 
2.5829112529754639e-001 1.5645712614059448e-001 9.2459239065647125e-002 
2.6872223615646362e-001 1.5645626187324524e-001 9.2676751315593719e-002 
2.6088491082191467e-001 1.5878973901271820e-001 9.2580348253250122e-002 
2.6134970784187317e-001 1.5878967940807343e-001 9.2590957880020142e-002 
3.1556391716003418e-001 1.1002280563116074e-001 9.2555783689022064e-002 
3.1556376814842224e-001 1.1189855635166168e-001 9.2572532594203949e-002 
3.1501546502113342e-001 1.1288528144359589e-001 9.2579372227191925e-002 
3.1379088759422302e-001 1.1489103734493256e-001 9.2597477138042450e-002 
3.1277444958686829e-001 1.1590471118688583e-001 9.2609018087387085e-002 
3.1230628490447998e-001 1.1804828792810440e-001 9.2646621167659760e-002 
3.1351217627525330e-001 1.1889261752367020e-001 9.2671662569046021e-002 
3.1171354651451111e-001 1.2106767296791077e-001 9.2771187424659729e-002 
3.1206884980201721e-001 1.2266367673873901e-001 9.2843994498252869e-002 
3.1152468919754028e-001 1.2480169534683228e-001 9.2932596802711487e-002 
3.0927625298500061e-001 1.2966935336589813e-001 9.2965796589851379e-002 
3.0779448151588440e-001 1.3177020847797394e-001 9.2948794364929199e-002 
3.0722793936729431e-001 1.3275131583213806e-001 9.2946149408817291e-002 
3.0610677599906921e-001 1.3465012609958649e-001 9.2945076525211334e-002 
3.0510544776916504e-001 1.3671915233135223e-001 9.2971675097942352e-002 
3.0324497818946838e-001 1.3954035937786102e-001 9.3022160232067108e-002 
2.8528913855552673e-001 1.5335372090339661e-001 9.3053974211215973e-002 
2.8619831800460815e-001 1.5335354208946228e-001 9.3079969286918640e-002 
2.8306251764297485e-001 1.5425106883049011e-001 9.2980518937110901e-002 
2.7475300431251526e-001 1.5546199679374695e-001 9.2750921845436096e-002 
2.6926732063293457e-001 1.5645727515220642e-001 9.2687472701072693e-002 
2.6980525255203247e-001 1.5645726025104523e-001 9.2693999409675598e-002 
2.7475368976593018e-001 1.5645690262317657e-001 9.2718809843063354e-002 
2.7520149946212769e-001 1.5645694732666016e-001 9.2727273702621460e-002 
2.7574422955513000e-001 1.5645699203014374e-001 9.2738136649131775e-002 
2.7673482894897461e-001 1.5645699203014374e-001 9.2756301164627075e-002 
2.7861809730529785e-001 1.5645682811737061e-001 9.2786364257335663e-002 
2.6180505752563477e-001 1.5879034996032715e-001 9.2602297663688660e-002 
2.6225426793098450e-001 1.5879057347774506e-001 9.2614240944385529e-002 
2.6319870352745056e-001 1.5879054367542267e-001 9.2636391520500183e-002 
2.6369351148605347e-001 1.5879060328006744e-001 9.2645630240440369e-002 
2.6418066024780273e-001 1.5879055857658386e-001 9.2654846608638763e-002 
2.6477167010307312e-001 1.5879052877426147e-001 9.2662937939167023e-002 
3.1097140908241272e-001 1.2204380333423615e-001 9.2813208699226379e-002 
3.1009709835052490e-001 1.2681786715984344e-001 9.2973791062831879e-002 
3.0012485384941101e-001 1.4286540448665619e-001 9.3103885650634766e-002 
2.9854047298431396e-001 1.4459203183650970e-001 9.3172766268253326e-002 
2.9655161499977112e-001 1.4671093225479126e-001 9.3260169029235840e-002 
2.9317745566368103e-001 1.4853562414646149e-001 9.3279369175434113e-002 
2.9162165522575378e-001 1.4954061806201935e-001 9.3242056667804718e-002 
2.9162245988845825e-001 1.5073953568935394e-001 9.3249924480915070e-002 
2.8872931003570557e-001 1.5148735046386719e-001 9.3150421977043152e-002 
2.8981691598892212e-001 1.5148681402206421e-001 9.3188598752021790e-002 
2.9027029871940613e-001 1.5148654580116272e-001 9.3203529715538025e-002 
2.9072400927543640e-001 1.5148623287677765e-001 9.3219742178916931e-002 
2.9126840829849243e-001 1.5148581564426422e-001 9.3240380287170410e-002 
2.9162240028381348e-001 1.5148556232452393e-001 9.3250922858715057e-002 
2.8078907728195190e-001 1.5425142645835876e-001 9.2907011508941650e-002 
]
