circle=[...
1.3028514385223389e-001 8.2496486604213715e-002 1.4987080357968807e-002 
1.3064116239547729e-001 8.2496486604213715e-002 1.4996122568845749e-002 
1.3099664449691772e-001 8.2496486604213715e-002 1.5005123801529408e-002 
1.3135147094726563e-001 8.2496486604213715e-002 1.5014071017503738e-002 
1.3182370364665985e-001 8.2496486604213715e-002 1.5025933273136616e-002 
1.3229490816593170e-001 8.2496486604213715e-002 1.5037713572382927e-002 
1.3323426246643066e-001 8.2496486604213715e-002 1.5061032027006149e-002 
1.3370244204998016e-001 8.2496486604213715e-002 1.5072572045028210e-002 
1.3533338904380798e-001 8.2496486604213715e-002 1.5106727369129658e-002 
1.3574683666229248e-001 8.2496486604213715e-002 1.5120750293135643e-002 
1.3626009225845337e-001 8.2496486604213715e-002 1.5134669840335846e-002 
1.3672205805778503e-001 8.2496486604213715e-002 1.5145719051361084e-002 
1.3718309998512268e-001 8.2496486604213715e-002 1.5156693756580353e-002 
1.3775807619094849e-001 8.2496486604213715e-002 1.5170309692621231e-002 
1.3833177089691162e-001 8.2496486604213715e-002 1.5183820389211178e-002 
1.3878966867923737e-001 8.2496486604213715e-002 1.5194548293948174e-002 
1.3924670219421387e-001 8.2496486604213715e-002 1.5205206349492073e-002 
1.3970287144184113e-001 8.2496486604213715e-002 1.5215795487165451e-002 
1.4027182757854462e-001 8.2496486604213715e-002 1.5228934586048126e-002 
1.4083954691886902e-001 8.2496486604213715e-002 1.5241974964737892e-002 
1.4129275083541870e-001 8.2496486604213715e-002 1.5252331271767616e-002 
1.4174512028694153e-001 8.2496486604213715e-002 1.5262620523571968e-002 
1.4219665527343750e-001 8.2496486604213715e-002 1.5272846445441246e-002 
1.4275991916656494e-001 8.2496486604213715e-002 1.5285536646842957e-002 
1.4332202076911926e-001 8.2496486604213715e-002 1.5298135578632355e-002 
1.4421871304512024e-001 8.2496486604213715e-002 1.5318078920245171e-002 
1.4466588199138641e-001 8.2496486604213715e-002 1.5327958390116692e-002 
1.4578044414520264e-001 8.2496486604213715e-002 1.5352390706539154e-002 
1.4622494578361511e-001 8.2496486604213715e-002 1.5362059697508812e-002 
1.4666870236396790e-001 8.2496486604213715e-002 1.5371669083833694e-002 
1.4722232520580292e-001 8.2496486604213715e-002 1.5383593738079071e-002 
1.4777486026287079e-001 8.2496486604213715e-002 1.5395436435937881e-002 
1.4821605384349823e-001 8.2496486604213715e-002 1.5404841862618923e-002 
1.4876650273799896e-001 8.2496486604213715e-002 1.5416516922414303e-002 
1.5128464996814728e-001 8.2496486604213715e-002 1.5464616939425468e-002 
1.5248101949691772e-001 8.2496486604213715e-002 1.5618508681654930e-002 
1.5284872055053711e-001 8.2496486604213715e-002 1.5571395866572857e-002 
1.5432012081146240e-001 8.2496486604213715e-002 1.5798006206750870e-002 
1.5526421368122101e-001 8.2496486604213715e-002 1.5694197267293930e-002 
1.5676443278789520e-001 8.2496486604213715e-002 1.5860997140407562e-002 
1.5719167888164520e-001 8.2496486604213715e-002 1.5869185328483582e-002 
1.5772487223148346e-001 8.2496486604213715e-002 1.5879355370998383e-002 
1.5825718641281128e-001 8.2496486604213715e-002 1.5889454632997513e-002 
1.5868234634399414e-001 8.2496486604213715e-002 1.5897478908300400e-002 
1.5921294689178467e-001 8.2496486604213715e-002 1.5907442197203636e-002 
1.5974268317222595e-001 8.2496486604213715e-002 1.5917336568236351e-002 
1.6027146577835083e-001 8.2496486604213715e-002 1.5927156433463097e-002 
1.6079941391944885e-001 8.2496486604213715e-002 1.5936907380819321e-002 
1.6122111678123474e-001 8.2496486604213715e-002 1.5944655984640121e-002 
1.6174742579460144e-001 8.2496486604213715e-002 1.5954276546835899e-002 
1.6227291524410248e-001 8.2496486604213715e-002 1.5963831916451454e-002 
1.6321656107902527e-001 8.2496486604213715e-002 1.5980850905179977e-002 
1.6373966634273529e-001 8.2496486604213715e-002 1.5990212559700012e-002 
1.6415753960609436e-001 8.2496486604213715e-002 1.5997659415006638e-002 
1.6447059810161591e-001 8.2496486604213715e-002 1.6003210097551346e-002 
1.6478332877159119e-001 8.2496486604213715e-002 1.6006898134946823e-002 
1.6519986093044281e-001 8.2496486604213715e-002 1.6012407839298248e-002 
1.6570752859115601e-001 8.2496486604213715e-002 1.6021538525819778e-002 
1.6781537234783173e-001 8.2496486604213715e-002 1.6067972406744957e-002 
1.6830740869045258e-001 8.2496486604213715e-002 1.6136184334754944e-002 
1.6926936805248260e-001 8.2496486604213715e-002 1.6101373359560966e-002 
1.7084242403507233e-001 8.2496486604213715e-002 1.6238754615187645e-002 
1.7170497775077820e-001 8.2496486604213715e-002 1.6391640529036522e-002 
1.7278078198432922e-001 8.2496486604213715e-002 1.6298122704029083e-002 
1.7430377006530762e-001 8.2496486604213715e-002 1.6443520784378052e-002 
1.7773284018039703e-001 8.2496486604213715e-002 1.6497530043125153e-002 
1.7873552441596985e-001 8.2496486604213715e-002 1.6521289944648743e-002 
1.7925652861595154e-001 8.2496486604213715e-002 1.6528612002730370e-002 
1.8123099207878113e-001 8.2496486604213715e-002 1.6543071717023849e-002 
1.8178759515285492e-001 8.2496486604213715e-002 1.6551641747355461e-002 
1.8232405185699463e-001 8.2496486604213715e-002 1.6564356163144112e-002 
1.8324556946754456e-001 8.2496486604213715e-002 1.6710072755813599e-002 
1.8530458211898804e-001 8.2496486604213715e-002 1.6733665019273758e-002 
1.8618552386760712e-001 8.2496486604213715e-002 1.6627967357635498e-002 
1.8725623190402985e-001 8.2496486604213715e-002 1.6629271209239960e-002 
1.8774628639221191e-001 8.2496486604213715e-002 1.6635760664939880e-002 
1.8875196576118469e-001 8.2496486604213715e-002 1.6784064471721649e-002 
1.8924018740653992e-001 8.2496486604213715e-002 1.6789523884654045e-002 
1.8970999121665955e-001 8.2496486604213715e-002 1.6790781170129776e-002 
1.9125002622604370e-001 8.2496486604213715e-002 1.6685858368873596e-002 
1.9174444675445557e-001 8.2496486604213715e-002 1.6689486801624298e-002 
1.9271427392959595e-001 8.2496486604213715e-002 1.6693098470568657e-002 
1.9375352561473846e-001 8.2496486604213715e-002 1.6582375392317772e-002 
1.9424925744533539e-001 8.2496486604213715e-002 1.6588166356086731e-002 
1.9520178437232971e-001 8.2496486604213715e-002 1.6727104783058167e-002 
1.9627720117568970e-001 8.2496486604213715e-002 1.6737332567572594e-002 
1.9723001122474670e-001 8.2496486604213715e-002 1.6746286302804947e-002 
1.9772547483444214e-001 8.2496486604213715e-002 1.6750726848840714e-002 
1.9923412799835205e-001 8.2496486604213715e-002 1.6643719747662544e-002 
1.9971202313899994e-001 8.2496486604213715e-002 1.6646901145577431e-002 
2.0124569535255432e-001 8.2496486604213715e-002 1.6660153865814209e-002 
2.0181690156459808e-001 8.2496486604213715e-002 1.6673739999532700e-002 
2.0228502154350281e-001 8.2496486604213715e-002 1.6802635043859482e-002 
2.0276737213134766e-001 8.2496486604213715e-002 1.6811668872833252e-002 
2.0325635373592377e-001 8.2496486604213715e-002 1.6817646101117134e-002 
2.0524486899375916e-001 8.2496486604213715e-002 1.6838926821947098e-002 
2.0571729540824890e-001 8.2496486604213715e-002 1.6838926821947098e-002 
2.0673513412475586e-001 8.2496486604213715e-002 1.6723861917853355e-002 
2.0824867486953735e-001 8.2496486604213715e-002 1.6822557896375656e-002 
2.0974533259868622e-001 8.2496486604213715e-002 1.6747094690799713e-002 
2.1218626201152802e-001 8.2496486604213715e-002 1.6774613410234451e-002 
2.1274672448635101e-001 8.2496486604213715e-002 1.6903705894947052e-002 
2.1368567645549774e-001 8.2496486604213715e-002 1.6917131841182709e-002 
2.1424478292465210e-001 8.2496486604213715e-002 1.6918187960982323e-002 
2.1675258874893188e-001 8.2496486604213715e-002 1.6809768974781036e-002 
2.1824401617050171e-001 8.2496486604213715e-002 1.6948169097304344e-002 
2.2026374936103821e-001 8.2496486604213715e-002 1.6836578026413918e-002 
2.2074031829833984e-001 8.2496486604213715e-002 1.6972448676824570e-002 
2.2222052514553070e-001 8.2496486604213715e-002 1.6984574496746063e-002 
2.2369305789470673e-001 8.2496486604213715e-002 1.6995312646031380e-002 
2.2523751854896545e-001 8.2496486604213715e-002 1.7001308500766754e-002 
2.2571796178817749e-001 8.2496486604213715e-002 1.7008645460009575e-002 
2.2626394033432007e-001 8.2496486604213715e-002 1.7143141478300095e-002 
2.2673057019710541e-001 8.2496486604213715e-002 1.7147425562143326e-002 
2.2718851268291473e-001 8.2496486604213715e-002 1.7150163650512695e-002 
2.2874389588832855e-001 8.2496486604213715e-002 1.7160210758447647e-002 
2.2974520921707153e-001 8.2496486604213715e-002 1.7163768410682678e-002 
2.3230290412902832e-001 8.2496486604213715e-002 1.7179958522319794e-002 
2.3275831341743469e-001 8.2496486604213715e-002 1.7183508723974228e-002 
2.3322026431560516e-001 8.2496486604213715e-002 1.7184378579258919e-002 
2.3523299396038055e-001 8.2496486604213715e-002 1.7456617206335068e-002 
2.3722061514854431e-001 8.2496486604213715e-002 1.7334030941128731e-002 
2.3831668496131897e-001 8.2496486604213715e-002 1.7471740022301674e-002 
2.3876956105232239e-001 8.2496486604213715e-002 1.7473462969064713e-002 
2.3922231793403625e-001 8.2496486604213715e-002 1.7475146800279617e-002 
2.4030588567256927e-001 8.2496486604213715e-002 1.7478398978710175e-002 
2.4076062440872192e-001 8.2496486604213715e-002 1.7480587586760521e-002 
2.4121277034282684e-001 8.2496486604213715e-002 1.7482107505202293e-002 
2.4519035220146179e-001 8.2496486604213715e-002 1.7495235428214073e-002 
2.4554750323295593e-001 8.2496486604213715e-002 1.7496559768915176e-002 
2.4582076072692871e-001 8.2496486604213715e-002 1.7627185210585594e-002 
2.4627248942852020e-001 8.2496486604213715e-002 1.7629344016313553e-002 
2.5123402476310730e-001 8.2496486604213715e-002 1.7905538901686668e-002 
2.5168359279632568e-001 8.2496486604213715e-002 1.7905620858073235e-002 
2.5375211238861084e-001 8.2496486604213715e-002 1.7908433452248573e-002 
2.5455749034881592e-001 8.2496486604213715e-002 1.7909366637468338e-002 
2.5824272632598877e-001 8.2496486604213715e-002 1.7910875380039215e-002 
2.5869220495223999e-001 8.2496486604213715e-002 1.7910890281200409e-002 
2.5976964831352234e-001 8.2496486604213715e-002 1.7910923808813095e-002 
2.4781766533851624e-001 8.2496486604213715e-002 1.8031235784292221e-002 
2.4925729632377625e-001 8.2496486604213715e-002 1.8035477027297020e-002 
2.4971161782741547e-001 8.2496486604213715e-002 1.8035678192973137e-002 
2.5024849176406860e-001 8.2496486604213715e-002 1.8035780638456345e-002 
2.5060811638832092e-001 8.2496486604213715e-002 1.8035477027297020e-002 
2.5330245494842529e-001 8.2496486604213715e-002 1.8039241433143616e-002 
2.5527900457382202e-001 8.2496486604213715e-002 1.8041674047708511e-002 
2.5581908226013184e-001 8.2496486604213715e-002 1.8042234703898430e-002 
2.5671619176864624e-001 8.2496486604213715e-002 1.8042579293251038e-002 
2.5707504153251648e-001 8.2496486604213715e-002 1.8042614683508873e-002 
2.6120647788047791e-001 8.2496486604213715e-002 1.8043044954538345e-002 
2.6174536347389221e-001 8.2496486604213715e-002 1.8043018877506256e-002 
2.6273298263549805e-001 8.2496486604213715e-002 1.8042737618088722e-002 
2.6318204402923584e-001 8.2496486604213715e-002 1.8042316660284996e-002 
2.6425987482070923e-001 8.2496486604213715e-002 1.8041554838418961e-002 
2.6479882001876831e-001 8.2496486604213715e-002 1.8041074275970459e-002 
2.6524800062179565e-001 8.2496486604213715e-002 1.8040636554360390e-002 
2.6677477359771729e-001 8.2496486604213715e-002 1.8039025366306305e-002 
2.6776432991027832e-001 8.2496486604213715e-002 1.8037520349025726e-002 
2.6821479201316833e-001 8.2496486604213715e-002 1.8036562949419022e-002 
2.6875334978103638e-001 8.2496486604213715e-002 1.8035689368844032e-002 
2.6929295063018799e-001 8.2496486604213715e-002 1.8035389482975006e-002 
2.6974266767501831e-001 8.2496486604213715e-002 1.8035234883427620e-002 
2.7072983980178833e-001 8.2496486604213715e-002 1.8163971602916718e-002 
2.7126836776733398e-001 8.2496486604213715e-002 1.8163338303565979e-002 
2.7181109786033630e-001 8.2496486604213715e-002 1.8031038343906403e-002 
2.7226269245147705e-001 8.2496486604213715e-002 1.8030161038041115e-002 
2.7379080653190613e-001 8.2496486604213715e-002 1.8157768994569778e-002 
2.7469199895858765e-001 8.2496486604213715e-002 1.8024582415819168e-002 
2.7523827552795410e-001 8.2496486604213715e-002 1.8067052587866783e-002 
2.7676415443420410e-001 8.2496486604213715e-002 1.8281333148479462e-002 
2.7829438447952271e-001 8.2496486604213715e-002 1.8276315182447433e-002 
2.7973505854606628e-001 8.2496486604213715e-002 1.8274892121553421e-002 
2.8081476688385010e-001 8.2496486604213715e-002 1.8400264903903008e-002 
2.8126686811447144e-001 8.2496486604213715e-002 1.8401160836219788e-002 
2.8171911835670471e-001 8.2496486604213715e-002 1.8401604145765305e-002 
2.8370824456214905e-001 8.2496486604213715e-002 1.8392732366919518e-002 
2.8424903750419617e-001 8.2496486604213715e-002 1.8391249701380730e-002 
2.8280526399612427e-001 8.2496486604213715e-002 1.8523223698139191e-002 
2.8624159097671509e-001 8.2496486604213715e-002 1.8512485548853874e-002 
2.8823393583297729e-001 8.2496486604213715e-002 1.8506279215216637e-002 
2.8923118114471436e-001 8.2496486604213715e-002 1.8627420067787170e-002 
2.9169571399688721e-001 8.2496486604213715e-002 1.8617143854498863e-002 
2.9323244094848633e-001 8.2496486604213715e-002 1.8739549443125725e-002 
2.9368948936462402e-001 8.2496486604213715e-002 1.8739201128482819e-002 
2.9480013251304626e-001 8.2496486604213715e-002 1.8601212650537491e-002 
2.9525816440582275e-001 8.2496486604213715e-002 1.8601210787892342e-002 
2.9679954051971436e-001 8.2496486604213715e-002 1.8849443644285202e-002 
2.9825994372367859e-001 8.2496486604213715e-002 1.8846731632947922e-002 
2.9880696535110474e-001 8.2496486604213715e-002 1.8843591213226318e-002 
2.9973214864730835e-001 8.2496486604213715e-002 1.8835151568055153e-002 
3.0028498172760010e-001 8.2496486604213715e-002 1.8831446766853333e-002 
3.0120736360549927e-001 8.2496486604213715e-002 1.8829783424735069e-002 
3.0276241898536682e-001 8.2496486604213715e-002 1.8949428573250771e-002 
3.0313241481781006e-001 8.2496486604213715e-002 1.8949428573250771e-002 
3.0376434326171875e-001 8.2496486604213715e-002 1.9069466739892960e-002 
3.0422735214233398e-001 8.2496486604213715e-002 1.9069464877247810e-002 
3.0469071865081787e-001 8.2496486604213715e-002 1.9066754728555679e-002 
3.0673348903656006e-001 8.2496486604213715e-002 1.9052851945161819e-002 
3.0775731801986694e-001 8.2496486604213715e-002 1.9110199064016342e-002 
3.0924963951110840e-001 8.2496486604213715e-002 1.9031627103686333e-002 
3.0971679091453552e-001 8.2496486604213715e-002 1.9029360264539719e-002 
3.1027781963348389e-001 8.2496486604213715e-002 1.9029360264539719e-002 
3.1072705984115601e-001 8.2496486604213715e-002 1.9146116450428963e-002 
3.1175744533538818e-001 8.2496486604213715e-002 1.9144542515277863e-002 
3.1222641468048096e-001 8.2496486604213715e-002 1.9141383469104767e-002 
3.1269580125808716e-001 8.2496486604213715e-002 1.9141383469104767e-002 
3.1324642896652222e-001 8.2496486604213715e-002 1.9138729199767113e-002 
3.1369021534919739e-001 8.2496486604213715e-002 1.9254190847277641e-002 
3.1419378519058228e-001 8.2496486604213715e-002 1.9253639504313469e-002 
3.1474554538726807e-001 8.2496486604213715e-002 1.9249208271503448e-002 
3.1531125307083130e-001 8.2496486604213715e-002 1.9246976822614670e-002 
3.1578308343887329e-001 8.2496486604213715e-002 1.9243324175477028e-002 
3.1625539064407349e-001 8.2496486604213715e-002 1.9239075481891632e-002 
3.1672805547714233e-001 8.2496486604213715e-002 1.9234787672758102e-002 
3.1720122694969177e-001 8.2496486604213715e-002 1.9231040030717850e-002 
3.1776955723762512e-001 8.2496486604213715e-002 1.9230460748076439e-002 
3.1830972433090210e-001 8.2496486604213715e-002 1.9227553158998489e-002 
3.1876960396766663e-001 8.2496486604213715e-002 1.9475860521197319e-002 
3.1927353143692017e-001 8.2496486604213715e-002 1.9475264474749565e-002 
3.1971943378448486e-001 8.2496486604213715e-002 1.9402410835027695e-002 
3.2022488117218018e-001 8.2496486604213715e-002 1.9332546740770340e-002 
3.2078891992568970e-001 8.2496486604213715e-002 1.9327010959386826e-002 
3.2126572728157043e-001 8.2496486604213715e-002 1.9329778850078583e-002 
3.2172772288322449e-001 8.2496486604213715e-002 1.9448366016149521e-002 
3.2229325175285339e-001 8.2496486604213715e-002 1.9446481019258499e-002 
3.2279473543167114e-001 8.2496486604213715e-002 1.9443634897470474e-002 
3.2327347993850708e-001 8.2496486604213715e-002 1.9433109089732170e-002 
3.2374089956283569e-001 8.2496486604213715e-002 1.9428256899118423e-002 
3.2420870661735535e-001 8.2496486604213715e-002 1.9426628947257996e-002 
3.2478484511375427e-001 8.2496486604213715e-002 1.9424673169851303e-002 
3.2526552677154541e-001 8.2496486604213715e-002 1.9420407712459564e-002 
3.2574671506881714e-001 8.2496486604213715e-002 1.9415449351072311e-002 
3.2622838020324707e-001 8.2496486604213715e-002 1.9410450011491776e-002 
3.2671064138412476e-001 8.2496486604213715e-002 1.9405407831072807e-002 
3.2728993892669678e-001 8.2496486604213715e-002 1.9399302080273628e-002 
3.2777333259582520e-001 8.2496486604213715e-002 1.9394170492887497e-002 
3.2816034555435181e-001 8.2496486604213715e-002 1.9390033558011055e-002 
3.2867884635925293e-001 8.2496486604213715e-002 1.9380625337362289e-002 
3.2922661304473877e-001 8.2496486604213715e-002 1.9374277442693710e-002 
3.2971209287643433e-001 8.2496486604213715e-002 1.9372148439288139e-002 
3.3019813895225525e-001 8.2496486604213715e-002 1.9367868080735207e-002 
3.3078214526176453e-001 8.2496486604213715e-002 1.9361397251486778e-002 
3.3126938343048096e-001 8.2496486604213715e-002 1.9355960190296173e-002 
3.3175724744796753e-001 8.2496486604213715e-002 1.9350474700331688e-002 
3.3224564790725708e-001 8.2496486604213715e-002 1.9344948232173920e-002 
3.3273464441299438e-001 8.2496486604213715e-002 1.9339378923177719e-002 
3.3322414755821228e-001 8.2496486604213715e-002 1.9333764910697937e-002 
3.3371433615684509e-001 8.2496486604213715e-002 1.9328106194734573e-002 
3.3430323004722595e-001 8.2496486604213715e-002 1.9321257248520851e-002 
3.3479464054107666e-001 8.2496486604213715e-002 1.9315503537654877e-002 
3.3528670668601990e-001 8.2496486604213715e-002 1.9310478121042252e-002 
3.3580783009529114e-001 8.2496486604213715e-002 1.9309701398015022e-002 
3.3627247810363770e-001 8.2496486604213715e-002 1.9305808469653130e-002 
3.3665126562118530e-001 8.2496486604213715e-002 1.9301496446132660e-002 
3.3726084232330322e-001 8.2496486604213715e-002 1.9334523007273674e-002 
3.3881780505180359e-001 8.2496486604213715e-002 1.9320940598845482e-002 
3.4278056025505066e-001 8.2496486604213715e-002 1.9489100202918053e-002 
3.4378540515899658e-001 8.2496486604213715e-002 1.9481375813484192e-002 
3.4529793262481689e-001 8.2496486604213715e-002 1.9456453621387482e-002 
3.4620857238769531e-001 8.2496486604213715e-002 1.9449777901172638e-002 
3.4797015786170959e-001 8.2496486604213715e-002 1.9430819898843765e-002 
3.4817373752593994e-001 8.2496486604213715e-002 1.9430819898843765e-002 
3.3944410085678101e-001 8.2496486604213715e-002 1.9519314169883728e-002 
3.3980232477188110e-001 8.2496486604213715e-002 1.9519314169883728e-002 
3.4077906608581543e-001 8.2496486604213715e-002 1.9513523206114769e-002 
3.4127837419509888e-001 8.2496486604213715e-002 1.9508112221956253e-002 
3.4167835116386414e-001 8.2496486604213715e-002 1.9503083080053329e-002 
3.4769827127456665e-001 8.2496486604213715e-002 1.9559709355235100e-002 
3.4875059127807617e-001 8.2496486604213715e-002 1.9536178559064865e-002 
3.4923863410949707e-001 8.2496486604213715e-002 1.9532904028892517e-002 
3.4973856806755066e-001 8.2496486604213715e-002 1.9531967118382454e-002 
3.5126537084579468e-001 8.2496486604213715e-002 1.9636195152997971e-002 
3.5177385807037354e-001 8.2496486604213715e-002 1.9632339477539063e-002 
3.5227131843566895e-001 8.2496486604213715e-002 1.9631370902061462e-002 
3.5320031642913818e-001 8.2496486604213715e-002 1.9622147083282471e-002 
3.5423564910888672e-001 8.2496486604213715e-002 1.9607409834861755e-002 
3.5626119375228882e-001 8.2496486604213715e-002 1.9586913287639618e-002 
3.5678941011428833e-001 8.2496486604213715e-002 1.9569581374526024e-002 
3.5734343528747559e-001 8.2496486604213715e-002 1.9566498696804047e-002 
3.5828098654747009e-001 8.2496486604213715e-002 1.9606409594416618e-002 
3.5921508073806763e-001 8.2496486604213715e-002 1.9799621775746346e-002 
3.5972946882247925e-001 8.2496486604213715e-002 1.9796459004282951e-002 
3.6277872323989868e-001 8.2496486604213715e-002 1.9767599180340767e-002 
3.6483749747276306e-001 8.2496486604213715e-002 1.9999571144580841e-002 
3.6526697874069214e-001 8.2496486604213715e-002 1.9994579255580902e-002 
3.6569714546203613e-001 8.2496486604213715e-002 1.9987888634204865e-002 
3.6774963140487671e-001 8.2496486604213715e-002 1.9955558702349663e-002 
3.6829221248626709e-001 8.2496486604213715e-002 1.9948637112975121e-002 
3.6924356222152710e-001 8.2496486604213715e-002 1.9941668957471848e-002 
3.6977499723434448e-001 8.2496486604213715e-002 1.9939918071031570e-002 
3.6344608664512634e-001 8.2496486604213715e-002 2.0006189122796059e-002 
3.6378654837608337e-001 8.2496486604213715e-002 2.0006189122796059e-002 
3.6419448256492615e-001 8.2496486604213715e-002 2.0006189122796059e-002 
3.6451578140258789e-001 8.2496486604213715e-002 2.0002884790301323e-002 
3.7030729651451111e-001 8.2496486604213715e-002 2.0179046317934990e-002 
3.7118417024612427e-001 8.2496486604213715e-002 2.0171925425529480e-002 
3.7170475721359253e-001 8.2496486604213715e-002 2.0166553556919098e-002 
3.7480315566062927e-001 8.2496486604213715e-002 2.0131947472691536e-002 
3.7627598643302917e-001 8.2496486604213715e-002 2.0372085273265839e-002 
3.7672418355941772e-001 8.2496486604213715e-002 2.0366448909044266e-002 
3.7717321515083313e-001 8.2496486604213715e-002 2.0358895882964134e-002 
3.7773573398590088e-001 8.2496486604213715e-002 2.0349383354187012e-002 
3.7829947471618652e-001 8.2496486604213715e-002 2.0339798182249069e-002 
3.7875151634216309e-001 8.2496486604213715e-002 2.0332071930170059e-002 
3.7920439243316650e-001 8.2496486604213715e-002 2.0324293524026871e-002 
]
