corrPoints_Scene=[...
2.6765900850296021e-001 5.1922999322414398e-002 1.0506000369787216e-002 
2.5653401017189026e-001 1.0365500301122665e-001 -2.9753999784588814e-002 
2.0548699796199799e-001 6.3886001706123352e-002 2.0740000531077385e-002 
3.2298699021339417e-001 8.8729001581668854e-002 7.3299999348819256e-003 
3.8561901450157166e-001 1.0067900270223618e-001 -4.6930001117289066e-003 
3.8818499445915222e-001 1.0067900270223618e-001 -3.5270000807940960e-003 
3.7082898616790771e-001 8.8729001581668854e-002 3.0594998970627785e-003 
2.0548699796199799e-001 6.3886001706123352e-002 2.0740000531077385e-002 
3.8494700193405151e-001 9.0847998857498169e-002 3.6000000545755029e-004 
3.7082898616790771e-001 8.8729001581668854e-002 3.0594998970627785e-003 
3.8794600963592529e-001 7.8813001513481140e-002 4.9839997664093971e-003 
2.0548699796199799e-001 6.3886001706123352e-002 2.0740000531077385e-002 
3.0473101139068604e-001 9.7718998789787292e-002 1.3559999642893672e-003 
2.7196899056434631e-001 6.6206000745296478e-002 1.5150000341236591e-002 
2.7196899056434631e-001 6.6206000745296478e-002 1.5150000341236591e-002 
2.7729567885398865e-001 1.2156400084495544e-001 2.4870000779628754e-003 
2.3835550248622894e-001 7.7864997088909149e-002 2.3230500519275665e-002 
3.0473101139068604e-001 9.7718998789787292e-002 1.3559999642893672e-003 
3.0823749303817749e-001 7.9796999692916870e-002 8.4030004218220711e-003 
2.6519101858139038e-001 1.2056999653577805e-001 3.3050000201910734e-003 
3.8818499445915222e-001 1.0067900270223618e-001 -3.5270000807940960e-003 
3.9118391578085721e-004 3.4914762363769114e-004 3.7277871160767972e-004 
2.6174314552918077e-004 2.7142785256728530e-004 2.8089649276807904e-004 
3.3870598673820496e-001 8.2787998020648956e-002 5.9569999575614929e-003 
2.8319233655929565e-001 1.2156400084495544e-001 1.9369999645277858e-003 
2.3455500602722168e-001 1.3053299486637115e-001 7.6060001738369465e-003 
2.3835550248622894e-001 7.7864997088909149e-002 2.3230500519275665e-002 
2.7224850654602051e-001 1.0964400321245193e-001 -2.6500000967644155e-004 
2.9830300807952881e-001 1.1561600118875504e-001 -1.4999999621068127e-005 
2.9926750063896179e-001 1.1759399622678757e-001 8.1450003199279308e-004 
2.3455500602722168e-001 1.3053299486637115e-001 7.6060001738369465e-003 
3.7565851211547852e-001 8.6742997169494629e-002 3.3204997889697552e-003 
3.0598300695419312e-001 1.0964400321245193e-001 -3.4000000596279278e-005 
3.1224900484085083e-001 8.7736003100872040e-002 7.1994997560977936e-003 
2.3469500243663788e-001 7.8813001513481140e-002 2.3007666692137718e-002 
2.0227234065532684e-001 1.1759399622678757e-001 2.2711999714374542e-002 
1.9220200181007385e-001 1.6634899377822876e-001 2.1768499165773392e-002 
5.3409089669276078e-041 5.2447798922749253e-041 5.2391746984176261e-041 
3.3870598673820496e-001 8.2787998020648956e-002 5.9569999575614929e-003 
3.5268950462341309e-001 7.1015000343322754e-002 9.2265000566840172e-003 
3.0239400267601013e-001 1.1261399835348129e-001 2.5300000561401248e-004 
3.0473101139068604e-001 9.7718998789787292e-002 1.3559999642893672e-003 
3.1003400683403015e-001 9.1876000165939331e-002 9.7300000488758087e-003 
2.4482199549674988e-001 5.3906001150608063e-002 1.4156999997794628e-002 
3.0030032992362976e-001 1.1463200300931931e-001 7.2000006912276149e-004 
2.6042199134826660e-001 1.1957699805498123e-001 -2.5059999898076057e-003 
2.5138500332832336e-001 9.2991001904010773e-002 -2.8400000883266330e-004 
3.0239400267601013e-001 1.1261399835348129e-001 2.5300000561401248e-004 
3.0598300695419312e-001 1.0964400321245193e-001 -3.4000000596279278e-005 
3.0054500699043274e-001 1.1261399835348129e-001 -1.9999999494757503e-005 
3.0054500699043274e-001 1.1261399835348129e-001 -1.9999999494757503e-005 
2.7068299055099487e-001 9.8702996969223022e-002 1.6659999964758754e-003 
2.6042199134826660e-001 1.1957699805498123e-001 -2.5059999898076057e-003 
2.3778167366981506e-001 -1.2675318121910095e-001 8.3587668836116791e-002 
2.5138500332832336e-001 9.2991001904010773e-002 -2.8400000883266330e-004 
3.2279801368713379e-001 6.4869999885559082e-002 1.0006000287830830e-002 
2.7068299055099487e-001 9.8702996969223022e-002 1.6659999964758754e-003 
2.7068299055099487e-001 9.8702996969223022e-002 1.6659999964758754e-003 
1.9006299972534180e-001 -1.8146000802516937e-002 7.9186998307704926e-002 
2.8319233655929565e-001 1.2156400084495544e-001 1.9369999645277858e-003 
3.2279801368713379e-001 6.4869999885559082e-002 1.0006000287830830e-002 
3.9332249760627747e-001 9.4750002026557922e-002 -7.5500004459172487e-004 
2.0665949583053589e-001 1.6136400401592255e-001 2.1488999947905540e-002 
2.7224850654602051e-001 1.0964400321245193e-001 -2.6500000967644155e-004 
3.9348599314689636e-001 8.7736003100872040e-002 3.2180000562220812e-003 
2.9926750063896179e-001 1.1759399622678757e-001 8.1450003199279308e-004 
2.6825550198554993e-001 -1.1742299795150757e-001 8.2915000617504120e-002 
2.9926750063896179e-001 1.1759399622678757e-001 8.1450003199279308e-004 
2.9926750063896179e-001 1.1759399622678757e-001 8.1450003199279308e-004 
2.2760500013828278e-001 1.3449999690055847e-001 1.3941500335931778e-002 
2.9747799038887024e-001 1.2056999653577805e-001 1.0939999483525753e-003 
3.8525301218032837e-001 7.7864997088909149e-002 6.1380001716315746e-003 
2.3778167366981506e-001 -1.2675318121910095e-001 8.3587668836116791e-002 
3.7675350904464722e-001 7.1015000343322754e-002 4.7424999065697193e-003 
3.5929298400878906e-001 9.3956001102924347e-002 4.2415000498294830e-003 
3.5664051771163940e-001 8.7736003100872040e-002 4.2510000057518482e-003 
2.3703899979591370e-001 1.2368399649858475e-001 8.4070004522800446e-003 
3.0473101139068604e-001 9.7718998789787292e-002 1.3559999642893672e-003 
3.7118950486183167e-001 7.1015000343322754e-002 5.6099998764693737e-003 
3.7118950486183167e-001 7.1015000343322754e-002 5.6099998764693737e-003 
2.2289100289344788e-001 -1.8105000257492065e-002 8.3153001964092255e-002 
2.7224850654602051e-001 1.0964400321245193e-001 -2.6500000967644155e-004 
2.2888800501823425e-001 1.3750499486923218e-001 1.1587999761104584e-002 
2.2326600551605225e-001 1.4644500613212585e-001 1.3954667374491692e-002 
2.6450100541114807e-001 -6.5084002912044525e-002 8.4184996783733368e-002 
2.3703899979591370e-001 1.2368399649858475e-001 8.4070004522800446e-003 
2.9050898551940918e-001 8.1805996596813202e-002 1.0246000252664089e-002 
3.7118950486183167e-001 7.1015000343322754e-002 5.6099998764693737e-003 
2.9325950145721436e-001 6.4869999885559082e-002 1.4140999875962734e-002 
2.5281167030334473e-001 4.8073999583721161e-002 8.3439007401466370e-002 
2.7920365333557129e-001 -1.3241499662399292e-001 7.8654333949089050e-002 
2.2242400050163269e-001 1.6634899377822876e-001 1.1864000000059605e-002 
2.4980799853801727e-001 9.4750002026557922e-002 8.9339995756745338e-003 
2.1730700135231018e-001 -1.9641999155282974e-002 8.3167001605033875e-002 
1.9220200181007385e-001 1.6634899377822876e-001 2.1768499165773392e-002 
1.9853299856185913e-001 1.4545400440692902e-001 2.2079000249505043e-002 
2.2242400050163269e-001 1.6634899377822876e-001 1.1864000000059605e-002 
1.9853299856185913e-001 1.4545400440692902e-001 2.2079000249505043e-002 
2.2760500013828278e-001 1.3449999690055847e-001 1.3941500335931778e-002 
2.7068299055099487e-001 9.8702996969223022e-002 1.6659999964758754e-003 
2.9926750063896179e-001 1.1759399622678757e-001 8.1450003199279308e-004 
2.2760500013828278e-001 1.3449999690055847e-001 1.3941500335931778e-002 
2.6825550198554993e-001 -1.1742299795150757e-001 8.2915000617504120e-002 
2.6450100541114807e-001 -6.5084002912044525e-002 8.4184996783733368e-002 
2.2760500013828278e-001 1.3449999690055847e-001 1.3941500335931778e-002 
2.8185099363327026e-001 8.2787998020648956e-002 1.0506000369787216e-002 
2.6450100541114807e-001 -6.5084002912044525e-002 8.4184996783733368e-002 
1.9945669919252396e-004 1.7405753897037357e-004 1.7839012434706092e-004 
2.8185099363327026e-001 8.2787998020648956e-002 1.0506000369787216e-002 
2.6450100541114807e-001 -6.5084002912044525e-002 8.4184996783733368e-002 
2.7480366826057434e-001 7.3844000697135925e-002 1.5405001118779182e-002 
3.7565851211547852e-001 8.6742997169494629e-002 3.3204997889697552e-003 
3.7565851211547852e-001 8.6742997169494629e-002 3.3204997889697552e-003 
3.5664051771163940e-001 8.7736003100872040e-002 4.2510000057518482e-003 
3.4373450279235840e-001 9.3956001102924347e-002 3.7360000424087048e-003 
2.0665949583053589e-001 1.6136400401592255e-001 2.1488999947905540e-002 
2.3703899979591370e-001 1.2368399649858475e-001 8.4070004522800446e-003 
2.3703899979591370e-001 1.2368399649858475e-001 8.4070004522800446e-003 
2.1884700655937195e-001 1.0067900270223618e-001 2.3625999689102173e-002 
2.6450100541114807e-001 -6.5084002912044525e-002 8.4184996783733368e-002 
2.5281167030334473e-001 4.8073999583721161e-002 8.3439007401466370e-002 
2.6600301265716553e-001 -8.5051000118255615e-002 8.4200002253055573e-002 
2.5261199474334717e-001 5.0934001803398132e-002 1.2076999992132187e-002 
2.4980799853801727e-001 9.4750002026557922e-002 8.9339995756745338e-003 
2.2760500013828278e-001 1.3449999690055847e-001 1.3941500335931778e-002 
2.6678299903869629e-001 8.4761008620262146e-002 1.2067999690771103e-002 
3.0136448144912720e-001 1.1660400032997131e-001 2.5549999554641545e-004 
2.9465384432114661e-004 3.0176708241924644e-004 3.4008757211267948e-004 
2.6450100541114807e-001 -6.5084002912044525e-002 8.4184996783733368e-002 
2.9465384432114661e-004 3.0176708241924644e-004 3.4008757211267948e-004 
2.8185099363327026e-001 8.2787998020648956e-002 1.0506000369787216e-002 
2.8185099363327026e-001 8.2787998020648956e-002 1.0506000369787216e-002 
2.7107000350952148e-001 5.0934001803398132e-002 9.7190001979470253e-003 
1.9174499809741974e-001 1.6338500380516052e-001 2.1901000291109085e-002 
2.3703899979591370e-001 1.2368399649858475e-001 8.4070004522800446e-003 
2.1677298354916275e-004 2.2889944375492632e-004 2.3837365733925253e-004 
2.3703899979591370e-001 1.2368399649858475e-001 8.4070004522800446e-003 
3.0473101139068604e-001 9.7718998789787292e-002 1.3559999642893672e-003 
2.9048800468444824e-001 6.3886001706123352e-002 1.4138000085949898e-002 
2.9325950145721436e-001 6.4869999885559082e-002 1.4140999875962734e-002 
2.9048800468444824e-001 6.3886001706123352e-002 1.4138000085949898e-002 
2.1884700655937195e-001 1.0067900270223618e-001 2.3625999689102173e-002 
2.3842300474643707e-001 -1.2875750660896301e-001 8.3803996443748474e-002 
3.3160409657284617e-004 3.4115483867935836e-004 3.4513435093685985e-004 
2.8220999240875244e-001 8.6742997169494629e-002 1.0506000369787216e-002 
4.0023886738045425e-041 4.4282432771128544e-041 4.6684258338981281e-041 
2.4980799853801727e-001 9.4750002026557922e-002 8.9339995756745338e-003 
3.8676598668098450e-001 8.4761001169681549e-002 4.8449998721480370e-003 
2.8185099363327026e-001 8.2787998020648956e-002 1.0506000369787216e-002 
2.6825550198554993e-001 -1.1742299795150757e-001 8.2915000617504120e-002 
2.6358601450920105e-001 1.2056999653577805e-001 -2.7830000035464764e-003 
2.6358601450920105e-001 1.2056999653577805e-001 -2.7830000035464764e-003 
2.2493499517440796e-001 1.6338500380516052e-001 6.7960000596940517e-003 
3.8404199481010437e-001 8.1805996596813202e-002 6.1409999616444111e-003 
2.3703899979591370e-001 1.2368399649858475e-001 8.4070004522800446e-003 
2.1677298354916275e-004 2.2889944375492632e-004 2.3837365733925253e-004 
2.7735102176666260e-001 -1.3241750001907349e-001 7.8843504190444946e-002 
2.1506899595260620e-001 1.6437000036239624e-001 1.7606999725103378e-002 
5.1176821215606644e-041 5.1175419917142319e-041 6.1902359661548794e-041 
2.7028000354766846e-001 -1.1742000281810760e-001 8.0953001976013184e-002 
2.4980799853801727e-001 9.4750002026557922e-002 8.9339995756745338e-003 
2.4980799853801727e-001 9.4750002026557922e-002 8.9339995756745338e-003 
1.9220200181007385e-001 1.6634899377822876e-001 2.1768499165773392e-002 
2.6678299903869629e-001 8.4761008620262146e-002 1.2067999690771103e-002 
3.1925147771835327e-001 8.4761001169681549e-002 7.8689996153116226e-003 
2.9465384432114661e-004 3.0176708241924644e-004 3.4008757211267948e-004 
2.4450099468231201e-001 9.9689997732639313e-002 1.4671999961137772e-002 
3.0529001355171204e-001 6.9205999374389648e-002 1.3387333601713181e-002 
3.7778300046920776e-001 7.5806997716426849e-002 7.8469999134540558e-003 
3.6032348871231079e-001 7.5806997716426849e-002 8.4079997614026070e-003 
3.5953301191329956e-001 8.8729001581668854e-002 4.5219999738037586e-003 
3.8404199481010437e-001 8.1805996596813202e-002 6.1409999616444111e-003 
2.3703899979591370e-001 1.2368399649858475e-001 8.4070004522800446e-003 
2.7735102176666260e-001 -1.3241750001907349e-001 7.8843504190444946e-002 
1.9949999451637268e-001 1.2856000661849976e-001 2.3080000653862953e-002 
2.8220999240875244e-001 8.6742997169494629e-002 1.0506000369787216e-002 
2.3455500602722168e-001 1.3053299486637115e-001 7.6060001738369465e-003 
1.9220200181007385e-001 1.6634899377822876e-001 2.1768499165773392e-002 
2.4980799853801727e-001 9.4750002026557922e-002 8.9339995756745338e-003 
2.3337799310684204e-001 1.1957699805498123e-001 1.3925000093877316e-002 
3.1224900484085083e-001 8.7736003100872040e-002 7.1994997560977936e-003 
2.2211349010467529e-001 9.9689997732639313e-002 2.3596499115228653e-002 
2.8185099363327026e-001 8.2787998020648956e-002 1.0506000369787216e-002 
2.8185099363327026e-001 8.2787998020648956e-002 1.0506000369787216e-002 
2.1460999548435211e-001 -4.9596000462770462e-002 8.2312002778053284e-002 
2.6825550198554993e-001 -1.1742299795150757e-001 8.2915000617504120e-002 
2.7373149991035461e-001 1.1162199825048447e-001 -8.2100002327933908e-004 
3.5953301191329956e-001 8.8729001581668854e-002 4.5219999738037586e-003 
3.8525301218032837e-001 7.7864997088909149e-002 6.1380001716315746e-003 
2.6026898622512817e-001 8.7736003100872040e-002 9.9839996546506882e-003 
2.7735102176666260e-001 -1.3241750001907349e-001 7.8843504190444946e-002 
2.8385499119758606e-001 9.0074002742767334e-002 9.7200004383921623e-003 
2.8220999240875244e-001 8.6742997169494629e-002 1.0506000369787216e-002 
1.9220200181007385e-001 1.6634899377822876e-001 2.1768499165773392e-002 
2.6572751998901367e-001 -1.0734599828720093e-001 8.4414497017860413e-002 
2.2760500013828278e-001 1.3449999690055847e-001 1.3941500335931778e-002 
2.2760500013828278e-001 1.3449999690055847e-001 1.3941500335931778e-002 
3.0529001355171204e-001 6.9205999374389648e-002 1.3387333601713181e-002 
2.5138500332832336e-001 9.2991001904010773e-002 -2.8400000883266330e-004 
2.8654000163078308e-001 7.9796999692916870e-002 1.0245000012218952e-002 
2.2432850301265717e-001 1.6136400401592255e-001 7.2004999965429306e-003 
3.4138399362564087e-001 8.6742997169494629e-002 6.2270001508295536e-003 
2.6026898622512817e-001 8.7736003100872040e-002 9.9839996546506882e-003 
2.7735102176666260e-001 -1.3241750001907349e-001 7.8843504190444946e-002 
1.9395099580287933e-001 -3.8309000432491302e-002 8.3535999059677124e-002 
1.9949999451637268e-001 1.2856000661849976e-001 2.3080000653862953e-002 
2.3840600252151489e-001 -1.2557099759578705e-001 8.4233999252319336e-002 
2.9403400421142578e-001 6.2917001545429230e-002 1.4654999598860741e-002 
3.0827599763870239e-001 8.7736003100872040e-002 8.9350007474422455e-003 
2.4440799653530121e-001 1.0964400321245193e-001 8.6710005998611450e-003 
2.8185099363327026e-001 8.2787998020648956e-002 1.0506000369787216e-002 
3.5880199074745178e-001 7.8813001513481140e-002 8.4079997614026070e-003 
3.7120300531387329e-001 8.6742997169494629e-002 3.6279999185353518e-003 
2.2432850301265717e-001 1.6136400401592255e-001 7.2004999965429306e-003 
2.2651399194728583e-004 2.2395933046936989e-004 1.9634241471067071e-004 
1.4764899015426636e-001 6.7524999380111694e-002 8.3597004413604736e-002 
3.1003400683403015e-001 9.1876000165939331e-002 9.7300000488758087e-003 
1.8291500210762024e-001 7.4818998575210571e-002 9.7929993644356728e-003 
2.9403400421142578e-001 6.2917001545429230e-002 1.4654999598860741e-002 
3.4498599171638489e-001 7.3048003017902374e-002 9.7620002925395966e-003 
2.4796600639820099e-001 9.6739999949932098e-002 9.9900001659989357e-003 
2.3716300725936890e-001 1.2056999653577805e-001 1.0656500235199928e-002 
2.8185099363327026e-001 8.2787998020648956e-002 1.0506000369787216e-002 
2.7373149991035461e-001 1.1162199825048447e-001 -8.2100002327933908e-004 
3.0473101139068604e-001 9.7718998789787292e-002 1.3559999642893672e-003 
2.9325950145721436e-001 6.4869999885559082e-002 1.4140999875962734e-002 
3.6319351196289063e-001 7.0000000298023224e-002 5.9104999527335167e-003 
5.2253018436208104e-041 5.1224465363393688e-041 5.1223064064929363e-041 
5.2253018436208104e-041 5.1224465363393688e-041 5.1223064064929363e-041 
1.9378699362277985e-001 5.0819002091884613e-002 8.3538003265857697e-002 
2.8385499119758606e-001 9.0074002742767334e-002 9.7200004383921623e-003 
3.1003400683403015e-001 9.1876000165939331e-002 9.7300000488758087e-003 
2.8385499119758606e-001 9.0074002742767334e-002 9.7200004383921623e-003 
2.7537900209426880e-001 -1.3242100179195404e-001 8.2333996891975403e-002 
2.9403400421142578e-001 6.2917001545429230e-002 1.4654999598860741e-002 
5.1545362711724071e-041 5.2955068966834837e-041 6.4368644958760472e-041 
2.4796600639820099e-001 9.6739999949932098e-002 9.9900001659989357e-003 
3.1003400683403015e-001 9.1876000165939331e-002 9.7300000488758087e-003 
2.1824049949645996e-001 5.0934001803398132e-002 1.7076499760150909e-002 
2.5715899467468262e-001 7.2034999728202820e-002 1.7695000395178795e-002 
2.5715899467468262e-001 7.2034999728202820e-002 1.7695000395178795e-002 
5.1545362711724071e-041 5.2955068966834837e-041 6.4368644958760472e-041 
2.6678299903869629e-001 8.4761008620262146e-002 1.2067999690771103e-002 
2.4041399359703064e-001 -1.3246700167655945e-001 8.4669001400470734e-002 
2.2490699589252472e-001 1.5343999862670898e-001 9.4779999926686287e-003 
3.1039798259735107e-001 7.4818998575210571e-002 1.2357000261545181e-002 
2.9162099957466125e-001 8.6742997169494629e-002 9.7219999879598618e-003 
2.4440799653530121e-001 1.0964400321245193e-001 8.6710005998611450e-003 
3.1128999590873718e-001 6.2917008996009827e-002 1.3399334624409676e-002 
2.8185099363327026e-001 8.2787998020648956e-002 1.0506000369787216e-002 
2.7880001068115234e-001 5.5892001837491989e-002 1.0243000462651253e-002 
1.9155099987983704e-001 7.2034999728202820e-002 1.2214000336825848e-002 
2.8654000163078308e-001 7.9796999692916870e-002 1.0245000012218952e-002 
2.2211349010467529e-001 9.9689997732639313e-002 2.3596499115228653e-002 
2.9325950145721436e-001 6.4869999885559082e-002 1.4140999875962734e-002 
3.8525301218032837e-001 7.7864997088909149e-002 6.1380001716315746e-003 
3.8525301218032837e-001 7.7864997088909149e-002 6.1380001716315746e-003 
2.9528000950813293e-001 7.3048003017902374e-002 1.3371500186622143e-002 
2.5236898660659790e-001 -1.5010899305343628e-001 8.2785002887248993e-002 
2.9528000950813293e-001 7.3048003017902374e-002 1.3371500186622143e-002 
5.2253018436208104e-041 5.1224465363393688e-041 5.1223064064929363e-041 
5.2253018436208104e-041 5.1224465363393688e-041 5.1223064064929363e-041 
1.4226450026035309e-001 6.7014500498771667e-002 8.3939000964164734e-002 
1.4226450026035309e-001 6.7014500498771667e-002 8.3939000964164734e-002 
2.9869699478149414e-001 7.0000000298023224e-002 1.3376000337302685e-002 
2.9869699478149414e-001 7.0000000298023224e-002 1.3376000337302685e-002 
2.2242400050163269e-001 1.6634899377822876e-001 1.1864000000059605e-002 
2.5314098596572876e-001 -1.4303000271320343e-001 8.3440996706485748e-002 
3.1003400683403015e-001 9.1876000165939331e-002 9.7300000488758087e-003 
2.8385499119758606e-001 9.0074002742767334e-002 9.7200004383921623e-003 
2.4115300178527832e-001 -1.3094399869441986e-001 8.4457002580165863e-002 
2.4115300178527832e-001 -1.3094399869441986e-001 8.4457002580165863e-002 
5.8067005764691770e-041 5.8081018749335018e-041 5.8079617450870693e-041 
2.3337799310684204e-001 1.1957699805498123e-001 1.3925000093877316e-002 
2.6678299903869629e-001 8.4761008620262146e-002 1.2067999690771103e-002 
2.6678299903869629e-001 8.4761008620262146e-002 1.2067999690771103e-002 
2.9522800445556641e-001 7.7864997088909149e-002 9.9860001355409622e-003 
2.2490699589252472e-001 1.5343999862670898e-001 9.4779999926686287e-003 
3.0529001355171204e-001 6.9205999374389648e-002 1.3387333601713181e-002 
3.0384200811386108e-001 6.3886001706123352e-002 1.3384999707341194e-002 
2.9925352334976196e-001 8.2787998020648956e-002 1.0775499977171421e-002 
2.7107000350952148e-001 5.0934001803398132e-002 9.7190001979470253e-003 
3.1128999590873718e-001 6.2917008996009827e-002 1.3399334624409676e-002 
3.0364000797271729e-001 8.0861002206802368e-002 1.0517000220716000e-002 
2.0730966329574585e-001 1.2653902173042297e-001 2.2490998730063438e-002 
2.8654000163078308e-001 7.9796999692916870e-002 1.0245000012218952e-002 
3.5237232805229723e-004 3.6315046600066125e-004 3.7826830521225929e-004 
2.0468799769878387e-001 1.3557000458240509e-001 2.3020999506115913e-002 
2.1677298354916275e-004 2.2889944375492632e-004 2.3837365733925253e-004 
2.1677298354916275e-004 2.2889944375492632e-004 2.3837365733925253e-004 
2.9325950145721436e-001 6.4869999885559082e-002 1.4140999875962734e-002 
3.6319351196289063e-001 7.0000000298023224e-002 5.9104999527335167e-003 
2.5400609592907131e-004 2.1950602240394801e-004 2.4626086815260351e-004 
2.2432850301265717e-001 1.6136400401592255e-001 7.2004999965429306e-003 
2.9528000950813293e-001 7.3048003017902374e-002 1.3371500186622143e-002 
5.2253018436208104e-041 5.1224465363393688e-041 5.1223064064929363e-041 
5.2253018436208104e-041 5.1224465363393688e-041 5.1223064064929363e-041 
2.9869699478149414e-001 7.0000000298023224e-002 1.3376000337302685e-002 
2.9869699478149414e-001 7.0000000298023224e-002 1.3376000337302685e-002 
2.9869699478149414e-001 7.0000000298023224e-002 1.3376000337302685e-002 
3.5208830377086997e-004 3.7983758375048637e-004 3.9660616312175989e-004 
2.3337799310684204e-001 1.1957699805498123e-001 1.3925000093877316e-002 
2.3337799310684204e-001 1.1957699805498123e-001 1.3925000093877316e-002 
2.3337799310684204e-001 1.1957699805498123e-001 1.3925000093877316e-002 
2.9522800445556641e-001 7.7864997088909149e-002 9.9860001355409622e-003 
2.5715899467468262e-001 7.2034999728202820e-002 1.7695000395178795e-002 
2.6678299903869629e-001 8.4761008620262146e-002 1.2067999690771103e-002 
2.2490699589252472e-001 1.5343999862670898e-001 9.4779999926686287e-003 
3.0529001355171204e-001 6.9205999374389648e-002 1.3387333601713181e-002 
2.4270699918270111e-001 1.0964400321245193e-001 1.3645499944686890e-002 
2.2023899853229523e-001 1.5541100502014160e-001 1.4224999584257603e-002 
2.0968699455261230e-001 1.4545401930809021e-001 2.2215999662876129e-002 
2.4270699918270111e-001 1.0964400321245193e-001 1.3645499944686890e-002 
3.1128999590873718e-001 6.2917008996009827e-002 1.3399334624409676e-002 
2.8654000163078308e-001 7.9796999692916870e-002 1.0245000012218952e-002 
3.5237232805229723e-004 3.6315046600066125e-004 3.7826830521225929e-004 
3.4416252374649048e-001 7.5806997716426849e-002 9.4910003244876862e-003 
3.6319351196289063e-001 7.0000000298023224e-002 5.9104999527335167e-003 
3.5422301292419434e-001 7.7864997088909149e-002 9.4999996945261955e-003 
2.7463099360466003e-001 1.2056999653577805e-001 2.7610000688582659e-003 
2.9747200012207031e-001 6.6206000745296478e-002 1.4147000387310982e-002 
3.7317299842834473e-001 7.1015000343322754e-002 5.3220000118017197e-003 
2.5400609592907131e-004 2.1950602240394801e-004 2.4626086815260351e-004 
5.2253018436208104e-041 5.1224465363393688e-041 5.1223064064929363e-041 
5.2253018436208104e-041 5.1224465363393688e-041 5.1223064064929363e-041 
5.2253018436208104e-041 5.1224465363393688e-041 5.1223064064929363e-041 
2.9869699478149414e-001 7.0000000298023224e-002 1.3376000337302685e-002 
2.9869699478149414e-001 7.0000000298023224e-002 1.3376000337302685e-002 
2.5314098596572876e-001 -1.4303000271320343e-001 8.3440996706485748e-002 
2.3337799310684204e-001 1.1957699805498123e-001 1.3925000093877316e-002 
1.3420066237449646e-001 6.5868005156517029e-002 8.3295337855815887e-002 
3.5208830377086997e-004 3.7983758375048637e-004 3.9660616312175989e-004 
2.3337799310684204e-001 1.1957699805498123e-001 1.3925000093877316e-002 
2.9320499300956726e-001 1.0365500301122665e-001 1.0510000400245190e-002 
3.1378600001335144e-001 7.0000000298023224e-002 1.2363499961793423e-002 
3.2229134440422058e-001 6.8200007081031799e-002 1.2293334119021893e-002 
2.9629300115630031e-004 3.0160459573380649e-004 2.9953700141049922e-004 
2.0074950158596039e-001 8.2787998020648956e-002 1.8348000943660736e-002 
2.6170700788497925e-001 6.2125004827976227e-002 1.6173001378774643e-002 
2.8125199675559998e-001 1.2156400084495544e-001 2.2120000794529915e-003 
2.7373149991035461e-001 1.1162199825048447e-001 -8.2100002327933908e-004 
2.8654000163078308e-001 7.9796999692916870e-002 1.0245000012218952e-002 
2.9325950145721436e-001 6.4869999885559082e-002 1.4140999875962734e-002 
3.6319351196289063e-001 7.0000000298023224e-002 5.9104999527335167e-003 
3.6835449934005737e-001 8.0861002206802368e-002 7.5750001706182957e-003 
2.2432850301265717e-001 1.6136400401592255e-001 7.2004999965429306e-003 
2.2432850301265717e-001 1.6136400401592255e-001 7.2004999965429306e-003 
3.8404199481010437e-001 8.1805996596813202e-002 6.1409999616444111e-003 
5.2253018436208104e-041 5.1224465363393688e-041 5.1223064064929363e-041 
5.2253018436208104e-041 5.1224465363393688e-041 5.1223064064929363e-041 
5.2253018436208104e-041 5.1224465363393688e-041 5.1223064064929363e-041 
5.2253018436208104e-041 5.1224465363393688e-041 5.1223064064929363e-041 
5.2253018436208104e-041 5.1224465363393688e-041 5.1223064064929363e-041 
5.2253018436208104e-041 5.1224465363393688e-041 5.1223064064929363e-041 
1.4226450026035309e-001 6.7014500498771667e-002 8.3939000964164734e-002 
2.5261199474334717e-001 5.0934001803398132e-002 1.2076999992132187e-002 
1.3420066237449646e-001 6.5868005156517029e-002 8.3295337855815887e-002 
2.4612799286842346e-001 1.0964400321245193e-001 9.7279995679855347e-003 
3.0529001355171204e-001 6.9205999374389648e-002 1.3387333601713181e-002 
3.2229134440422058e-001 6.8200007081031799e-002 1.2293334119021893e-002 
2.2576199471950531e-001 1.3948300480842590e-001 1.3946999795734882e-002 
2.4270699918270111e-001 1.0964400321245193e-001 1.3645499944686890e-002 
2.4326400458812714e-001 6.7190006375312805e-002 1.7224334180355072e-002 
2.8654000163078308e-001 7.9796999692916870e-002 1.0245000012218952e-002 
3.5860401391983032e-001 7.3844000697135925e-002 9.2310002073645592e-003 
2.8654000163078308e-001 7.9796999692916870e-002 1.0245000012218952e-002 
3.2242247834801674e-004 3.7703014095313847e-004 3.6507536424323916e-004 
2.9048800468444824e-001 6.3886001706123352e-002 1.4138000085949898e-002 
2.2793200612068176e-001 4.0998999029397964e-002 1.1327000334858894e-002 
2.9747200012207031e-001 6.6206000745296478e-002 1.4147000387310982e-002 
3.9468100666999817e-001 8.1805996596813202e-002 4.0849996730685234e-003 
3.7317299842834473e-001 7.1015000343322754e-002 5.3220000118017197e-003 
3.6675667762756348e-001 7.0000007748603821e-002 5.3413338027894497e-003 
2.9528000950813293e-001 7.3048003017902374e-002 1.3371500186622143e-002 
2.9568525496870279e-004 3.0911347130313516e-004 2.7862386195920408e-004 
2.9568525496870279e-004 3.0911347130313516e-004 2.7862386195920408e-004 
2.1429699659347534e-001 5.4898999631404877e-002 2.0917333662509918e-002 
5.2253018436208104e-041 5.1224465363393688e-041 5.1223064064929363e-041 
2.9568525496870279e-004 3.0911347130313516e-004 2.7862386195920408e-004 
2.1514447871595621e-004 2.9477919451892376e-004 2.8804031899198890e-004 
2.5261199474334717e-001 5.0934001803398132e-002 1.2076999992132187e-002 
2.2458599507808685e-001 -3.5181000828742981e-002 7.8676499426364899e-002 
2.4612799286842346e-001 1.0964400321245193e-001 9.7279995679855347e-003 
2.2760500013828278e-001 1.3449999690055847e-001 1.3941500335931778e-002 
3.1090700626373291e-001 8.4761001169681549e-002 7.6020001433789730e-003 
2.3045100271701813e-001 1.2653900682926178e-001 1.3933000154793262e-002 
1.9430150091648102e-001 1.2479600310325623e-001 2.1616999059915543e-002 
2.9629300115630031e-004 3.0160459573380649e-004 2.9953700141049922e-004 
3.3469831943511963e-001 6.6206000745296478e-002 8.9453328400850296e-003 
3.8556969957426190e-004 3.6911520874127746e-004 3.9119282155297697e-004 
2.3172399401664734e-001 1.1162199825048447e-001 1.9542500376701355e-002 
2.1330234408378601e-001 1.6037002205848694e-001 1.8215334042906761e-002 
2.4114049971103668e-001 7.6797001063823700e-002 2.2723499685525894e-002 
2.8654000163078308e-001 7.9796999692916870e-002 1.0245000012218952e-002 
2.2793200612068176e-001 4.0998999029397964e-002 1.1327000334858894e-002 
3.4138399362564087e-001 8.6742997169494629e-002 6.2270001508295536e-003 
3.8525301218032837e-001 7.7864997088909149e-002 6.1380001716315746e-003 
2.1677298354916275e-004 2.2889944375492632e-004 2.3837365733925253e-004 
2.9568525496870279e-004 3.0911347130313516e-004 2.7862386195920408e-004 
2.9568525496870279e-004 3.0911347130313516e-004 2.7862386195920408e-004 
2.9568525496870279e-004 3.0911347130313516e-004 2.7862386195920408e-004 
2.3843899369239807e-001 -1.3427700102329254e-001 8.3374001085758209e-002 
2.6720699667930603e-001 -9.9870502948760986e-002 8.3232499659061432e-002 
2.1729767322540283e-001 9.0074002742767334e-002 2.3640332743525505e-002 
2.5261199474334717e-001 5.0934001803398132e-002 1.2076999992132187e-002 
1.9220200181007385e-001 1.6634899377822876e-001 2.1768499165773392e-002 
2.4612799286842346e-001 1.0964400321245193e-001 9.7279995679855347e-003 
2.1289099752902985e-001 1.6935800015926361e-001 1.6847999766469002e-002 
2.1289099752902985e-001 1.6935800015926361e-001 1.6847999766469002e-002 
3.2900300621986389e-001 6.6206000745296478e-002 1.0011999867856503e-002 
3.0529001355171204e-001 6.9205999374389648e-002 1.3387333601713181e-002 
3.1128999590873718e-001 6.2917008996009827e-002 1.3399334624409676e-002 
2.2023899853229523e-001 1.5541100502014160e-001 1.4224999584257603e-002 
3.7688689189963043e-004 3.9607100188732147e-004 3.8032123120501637e-004 
2.7920365333557129e-001 -1.3241499662399292e-001 7.8654333949089050e-002 
3.9283499121665955e-001 8.2787998020648956e-002 3.8040000945329666e-003 
3.9283499121665955e-001 8.2787998020648956e-002 3.8040000945329666e-003 
2.4326400458812714e-001 6.7190006375312805e-002 1.7224334180355072e-002 
2.7480366826057434e-001 7.3844000697135925e-002 1.5405001118779182e-002 
3.7679201364517212e-001 9.0847998857498169e-002 2.7409999165683985e-003 
3.9604601263999939e-001 8.3773002028465271e-002 3.7859999574720860e-003 
2.3928700387477875e-001 4.8964004963636398e-002 1.2875000946223736e-002 
3.9386248588562012e-001 7.9796999692916870e-002 3.7985001690685749e-003 
3.9468100666999817e-001 8.1805996596813202e-002 4.0849996730685234e-003 
3.4138399362564087e-001 8.6742997169494629e-002 6.2270001508295536e-003 
2.5570100545883179e-001 1.1463200300931931e-001 4.6560000628232956e-003 
6.2077521969589396e-041 5.9828437934348065e-041 -8.5901475840000000e+009 
5.2470219698178450e-041 5.2471620996642775e-041 5.2418371654998432e-041 
5.2470219698178450e-041 5.2471620996642775e-041 5.2418371654998432e-041 
2.8220999240875244e-001 8.6742997169494629e-002 1.0506000369787216e-002 
2.3843899369239807e-001 -1.3427700102329254e-001 8.3374001085758209e-002 
2.4263000488281250e-001 6.2917001545429230e-002 1.8237000331282616e-002 
1.3420066237449646e-001 6.5868005156517029e-002 8.3295337855815887e-002 
1.9220200181007385e-001 1.6634899377822876e-001 2.1768499165773392e-002 
1.9463101029396057e-001 1.3750499486923218e-001 2.3137999698519707e-002 
2.3843899369239807e-001 -1.3427700102329254e-001 8.3374001085758209e-002 
2.6678299903869629e-001 8.4761008620262146e-002 1.2067999690771103e-002 
2.6678299903869629e-001 8.4761008620262146e-002 1.2067999690771103e-002 
1.7213200032711029e-001 1.5937599539756775e-001 1.4460000209510326e-002 
3.0354975024238229e-004 2.9272184474393725e-004 2.8478790773078799e-004 
3.0354975024238229e-004 2.9272184474393725e-004 2.8478790773078799e-004 
2.4154600501060486e-001 1.0365500301122665e-001 1.5959000214934349e-002 
2.7575799822807312e-001 5.0934001803398132e-002 8.9299995452165604e-003 
2.1924999356269836e-001 -5.0120998173952103e-002 8.3160996437072754e-002 
2.1198500692844391e-001 4.8016998916864395e-002 1.4778999611735344e-002 
2.9629300115630031e-004 3.0160459573380649e-004 2.9953700141049922e-004 
3.8168200850486755e-001 8.3773002028465271e-002 6.7150006070733070e-003 
3.9330798387527466e-001 7.6797001063823700e-002 4.0925000794231892e-003 
3.2242247834801674e-004 3.7703014095313847e-004 3.6507536424323916e-004 
2.7480366826057434e-001 7.3844000697135925e-002 1.5405001118779182e-002 
3.7731748819351196e-001 9.8702996969223022e-002 1.2949999654665589e-003 
3.8114199042320251e-001 9.0847998857498169e-002 2.7149999514222145e-003 
2.2793200612068176e-001 4.0998999029397964e-002 1.1327000334858894e-002 
2.3928700387477875e-001 4.8964004963636398e-002 1.2875000946223736e-002 
2.1677298354916275e-004 2.2889944375492632e-004 2.3837365733925253e-004 
6.2077521969589396e-041 5.9828437934348065e-041 -8.5901475840000000e+009 
3.6526162875816226e-004 3.5733525874093175e-004 3.1838667928241193e-004 
5.2470219698178450e-041 5.2471620996642775e-041 5.2418371654998432e-041 
1.4922299981117249e-001 6.6399000585079193e-002 8.3788000047206879e-002 
1.4922299981117249e-001 6.6399000585079193e-002 8.3788000047206879e-002 
2.8220999240875244e-001 8.6742997169494629e-002 1.0506000369787216e-002 
2.5292500853538513e-001 -1.4443799853324890e-001 8.4087997674942017e-002 
2.5292500853538513e-001 -1.4443799853324890e-001 8.4087997674942017e-002 
2.1988549828529358e-001 1.5838299691677094e-001 1.4356499537825584e-002 
1.9155099987983704e-001 7.2034999728202820e-002 1.2214000336825848e-002 
3.1128999590873718e-001 6.2917008996009827e-002 1.3399334624409676e-002 
2.0074950158596039e-001 8.2787998020648956e-002 1.8348000943660736e-002 
2.0628449320793152e-001 7.3048003017902374e-002 2.1492999047040939e-002 
2.9201200604438782e-001 9.0847998857498169e-002 9.1949999332427979e-003 
2.8654000163078308e-001 7.9796999692916870e-002 1.0245000012218952e-002 
2.1723750233650208e-001 1.2368399649858475e-001 2.2646501660346985e-002 
2.4514049291610718e-001 9.6739999949932098e-002 1.4798499643802643e-002 
3.9082801342010498e-001 7.7864997088909149e-002 4.3950001709163189e-003 
2.2470599412918091e-001 9.2991001904010773e-002 2.4067498743534088e-002 
2.6809599995613098e-001 2.3599000647664070e-002 7.9377003014087677e-002 
2.3703899979591370e-001 1.2368399649858475e-001 8.4070004522800446e-003 
3.7731748819351196e-001 9.8702996969223022e-002 1.2949999654665589e-003 
2.3928700387477875e-001 4.8964004963636398e-002 1.2875000946223736e-002 
2.6126801967620850e-001 7.4818998575210571e-002 1.3277000747621059e-002 
3.9673966169357300e-001 7.1015000343322754e-002 3.7823333404958248e-003 
2.0940299332141876e-001 9.6739999949932098e-002 2.2721000015735626e-002 
2.8300992562435567e-004 2.7871906058862805e-004 2.8063685749657452e-004 
5.2470219698178450e-041 5.2471620996642775e-041 5.2418371654998432e-041 
6.2077521969589396e-041 5.9828437934348065e-041 -8.5901475840000000e+009 
5.2470219698178450e-041 5.2471620996642775e-041 5.2418371654998432e-041 
3.6526162875816226e-004 3.5733525874093175e-004 3.1838667928241193e-004 
2.3843899369239807e-001 -1.3427700102329254e-001 8.3374001085758209e-002 
2.3843899369239807e-001 -1.3427700102329254e-001 8.3374001085758209e-002 
2.5292500853538513e-001 -1.4443799853324890e-001 8.4087997674942017e-002 
1.7761099338531494e-001 1.4944800734519958e-001 1.7893999814987183e-002 
2.3172399401664734e-001 1.1162199825048447e-001 1.9542500376701355e-002 
3.7679201364517212e-001 9.0847998857498169e-002 2.7409999165683985e-003 
2.6719999313354492e-001 9.0074002742767334e-002 2.7600000612437725e-003 
3.2242247834801674e-004 3.7703014095313847e-004 3.6507536424323916e-004 
3.2242247834801674e-004 3.7703014095313847e-004 3.6507536424323916e-004 
2.1419149637222290e-001 4.6950001269578934e-002 1.5029500238597393e-002 
2.6809599995613098e-001 2.3599000647664070e-002 7.9377003014087677e-002 
2.6809599995613098e-001 2.3599000647664070e-002 7.9377003014087677e-002 
3.7731748819351196e-001 9.8702996969223022e-002 1.2949999654665589e-003 
2.0204299688339233e-001 1.6535900533199310e-001 2.1534999832510948e-002 
2.3928700387477875e-001 4.8964004963636398e-002 1.2875000946223736e-002 
2.6126801967620850e-001 7.4818998575210571e-002 1.3277000747621059e-002 
2.2755199670791626e-001 1.3557000458240509e-001 1.5749000012874603e-002 
2.0940299332141876e-001 9.6739999949932098e-002 2.2721000015735626e-002 
2.4050800502300262e-001 6.2917001545429230e-002 1.8495999276638031e-002 
5.2415569058069783e-041 5.2416970356534107e-041 5.2443595027356279e-041 
5.2470219698178450e-041 5.2471620996642775e-041 5.2418371654998432e-041 
5.2253018436208104e-041 5.1224465363393688e-041 5.1223064064929363e-041 
2.3843899369239807e-001 -1.3427700102329254e-001 8.3374001085758209e-002 
2.7733001112937927e-001 5.9039998799562454e-002 1.2326000258326530e-002 
2.3843899369239807e-001 -1.3427700102329254e-001 8.3374001085758209e-002 
2.2359949350357056e-001 5.8012001216411591e-002 1.9841499626636505e-002 
2.5292500853538513e-001 -1.4443799853324890e-001 8.4087997674942017e-002 
2.1975900232791901e-001 5.9039998799562454e-002 1.9866999238729477e-002 
2.0216050744056702e-001 -5.1334999501705170e-002 8.2599498331546783e-002 
2.6984000205993652e-001 7.1015000343322754e-002 1.4895999804139137e-002 
5.8209938208052901e-041 6.2081725864982371e-041 6.2083127163446696e-041 
3.5010749706998467e-004 3.4405864425934851e-004 3.2709917286410928e-004 
2.3172399401664734e-001 1.1162199825048447e-001 1.9542500376701355e-002 
2.0162749290466309e-001 1.2653900682926178e-001 2.2803001105785370e-002 
1.8754300475120544e-001 7.4818998575210571e-002 1.3034000061452389e-002 
1.8754300475120544e-001 7.4818998575210571e-002 1.3034000061452389e-002 
2.2710299491882324e-001 1.4347699284553528e-001 1.2117000296711922e-002 
2.7480366826057434e-001 7.3844000697135925e-002 1.5405001118779182e-002 
2.0204299688339233e-001 1.6535900533199310e-001 2.1534999832510948e-002 
2.0204299688339233e-001 1.6535900533199310e-001 2.1534999832510948e-002 
2.5570100545883179e-001 1.1463200300931931e-001 4.6560000628232956e-003 
3.1047201156616211e-001 9.1876000165939331e-002 7.3339999653398991e-003 
2.3017999529838562e-001 1.3557000458240509e-001 1.2372000142931938e-002 
3.8404199481010437e-001 8.1805996596813202e-002 6.1409999616444111e-003 
3.8404199481010437e-001 8.1805996596813202e-002 6.1409999616444111e-003 
6.2077521969589396e-041 5.9828437934348065e-041 -8.5901475840000000e+009 
2.0468799769878387e-001 1.3557000458240509e-001 2.3020999506115913e-002 
3.6526162875816226e-004 3.5733525874093175e-004 3.1838667928241193e-004 
5.2253018436208104e-041 5.1224465363393688e-041 5.1223064064929363e-041 
2.5314098596572876e-001 -1.4303000271320343e-001 8.3440996706485748e-002 
2.5314098596572876e-001 -1.4303000271320343e-001 8.3440996706485748e-002 
2.3843899369239807e-001 -1.3427700102329254e-001 8.3374001085758209e-002 
1.9949999451637268e-001 1.2856000661849976e-001 2.3080000653862953e-002 
2.1975900232791901e-001 5.9039998799562454e-002 1.9866999238729477e-002 
2.1075049042701721e-001 1.6535900533199310e-001 1.9170001149177551e-002 
2.6622849702835083e-001 -1.0992000252008438e-001 8.4419995546340942e-002 
2.1975900232791901e-001 5.9039998799562454e-002 1.9866999238729477e-002 
2.2359949350357056e-001 5.8012001216411591e-002 1.9841499626636505e-002 
3.5010749706998467e-004 3.4405864425934851e-004 3.2709917286410928e-004 
1.9669601321220398e-001 1.3750499486923218e-001 2.3365667089819908e-002 
1.9669601321220398e-001 1.3750499486923218e-001 2.3365667089819908e-002 
2.1073000133037567e-001 1.1759399622678757e-001 2.2874332964420319e-002 
2.1176999807357788e-001 1.2856000661849976e-001 2.2447001188993454e-002 
1.8754300475120544e-001 7.4818998575210571e-002 1.3034000061452389e-002 
1.8754300475120544e-001 7.4818998575210571e-002 1.3034000061452389e-002 
2.4450099468231201e-001 9.9689997732639313e-002 1.4671999961137772e-002 
2.3621200025081635e-001 1.0865800082683563e-001 1.5846500173211098e-002 
2.2422799468040466e-001 6.4869999885559082e-002 1.9080501049757004e-002 
2.2432850301265717e-001 1.6136400401592255e-001 7.2004999965429306e-003 
2.2493499517440796e-001 1.6338500380516052e-001 6.7960000596940517e-003 
3.8404199481010437e-001 8.1805996596813202e-002 6.1409999616444111e-003 
2.0468799769878387e-001 1.3557000458240509e-001 2.3020999506115913e-002 
5.2253018436208104e-041 5.1224465363393688e-041 5.1223064064929363e-041 
5.2253018436208104e-041 5.1224465363393688e-041 5.1223064064929363e-041 
5.2253018436208104e-041 5.1224465363393688e-041 5.1223064064929363e-041 
5.2253018436208104e-041 5.1224465363393688e-041 5.1223064064929363e-041 
2.4612799286842346e-001 1.0964400321245193e-001 9.7279995679855347e-003 
2.3274999856948853e-001 6.2917001545429230e-002 1.9033499062061310e-002 
2.1075049042701721e-001 1.6535900533199310e-001 1.9170001149177551e-002 
2.4263000488281250e-001 6.2917001545429230e-002 1.8237000331282616e-002 
2.0526665449142456e-001 1.1368300765752792e-001 2.1586999297142029e-002 
2.1981966495513916e-001 -1.9638668745756149e-002 8.3374671638011932e-002 
1.7631499469280243e-001 1.4751400053501129e-001 1.7641000449657440e-002 
2.2119399905204773e-001 4.9665000289678574e-002 8.3371497690677643e-002 
2.0985590526834130e-004 2.2460274340119213e-004 1.9685184815898538e-004 
1.8744899332523346e-001 1.2653900682926178e-001 1.8590999767184258e-002 
1.9395099580287933e-001 -3.8309000432491302e-002 8.3535999059677124e-002 
2.9629300115630031e-004 3.0160459573380649e-004 2.9953700141049922e-004 
2.1073000133037567e-001 1.1759399622678757e-001 2.2874332964420319e-002 
3.9272099733352661e-001 6.9205999374389648e-002 3.8050001021474600e-003 
2.6612100005149841e-001 6.6206000745296478e-002 1.5406999737024307e-002 
2.4397900700569153e-001 6.4869999885559082e-002 1.7222000285983086e-002 
3.8404199481010437e-001 8.1805996596813202e-002 6.1409999616444111e-003 
2.9528000950813293e-001 7.3048003017902374e-002 1.3371500186622143e-002 
5.2253018436208104e-041 5.1224465363393688e-041 5.1223064064929363e-041 
5.2253018436208104e-041 5.1224465363393688e-041 5.1223064064929363e-041 
5.2253018436208104e-041 5.1224465363393688e-041 5.1223064064929363e-041 
5.2253018436208104e-041 5.1224465363393688e-041 5.1223064064929363e-041 
2.5314098596572876e-001 -1.4303000271320343e-001 8.3440996706485748e-002 
1.9949999451637268e-001 1.2856000661849976e-001 2.3080000653862953e-002 
2.1981966495513916e-001 -1.9638668745756149e-002 8.3374671638011932e-002 
1.9220200181007385e-001 1.6634899377822876e-001 2.1768499165773392e-002 
1.7631499469280243e-001 1.4751400053501129e-001 1.7641000449657440e-002 
1.7631499469280243e-001 1.4751400053501129e-001 1.7641000449657440e-002 
2.8654000163078308e-001 7.9796999692916870e-002 1.0245000012218952e-002 
2.3713299632072449e-001 9.1876000165939331e-002 2.2500000894069672e-002 
2.8654000163078308e-001 7.9796999692916870e-002 1.0245000012218952e-002 
3.1919699907302856e-001 7.3048003017902374e-002 1.1850000359117985e-002 
3.9673966169357300e-001 7.1015000343322754e-002 3.7823333404958248e-003 
3.9386248588562012e-001 7.9796999692916870e-002 3.7985001690685749e-003 
3.9386248588562012e-001 7.9796999692916870e-002 3.7985001690685749e-003 
3.9283499121665955e-001 8.2787998020648956e-002 3.8040000945329666e-003 
3.9283499121665955e-001 8.2787998020648956e-002 3.8040000945329666e-003 
3.9283499121665955e-001 8.2787998020648956e-002 3.8040000945329666e-003 
3.9283499121665955e-001 8.2787998020648956e-002 3.8040000945329666e-003 
3.9283499121665955e-001 8.2787998020648956e-002 3.8040000945329666e-003 
2.1330234408378601e-001 1.6037002205848694e-001 1.8215334042906761e-002 
2.6809599995613098e-001 2.3599000647664070e-002 7.9377003014087677e-002 
2.1330234408378601e-001 1.6037002205848694e-001 1.8215334042906761e-002 
2.1330234408378601e-001 1.6037002205848694e-001 1.8215334042906761e-002 
2.6809599995613098e-001 2.3599000647664070e-002 7.9377003014087677e-002 
2.3287099599838257e-001 1.2056999653577805e-001 1.5985999256372452e-002 
2.3287099599838257e-001 1.2056999653577805e-001 1.5985999256372452e-002 
2.3242927272804081e-004 1.9752119260374457e-004 2.0251763635315001e-004 
2.5793498754501343e-001 8.5750997066497803e-002 1.4905000105500221e-002 
2.7732027228921652e-004 3.0071035143919289e-004 2.6871153386309743e-004 
5.1204847184893141e-041 5.1152999141713122e-041 5.1151597843248798e-041 
6.2077521969589396e-041 5.9828437934348065e-041 -8.5901475840000000e+009 
5.2253018436208104e-041 5.1224465363393688e-041 5.1223064064929363e-041 
5.2253018436208104e-041 5.1224465363393688e-041 5.1223064064929363e-041 
5.2253018436208104e-041 5.1224465363393688e-041 5.1223064064929363e-041 
5.2253018436208104e-041 5.1224465363393688e-041 5.1223064064929363e-041 
5.2253018436208104e-041 5.1224465363393688e-041 5.1223064064929363e-041 
2.5314098596572876e-001 -1.4303000271320343e-001 8.3440996706485748e-002 
2.5314098596572876e-001 -1.4303000271320343e-001 8.3440996706485748e-002 
2.3469500243663788e-001 7.8813001513481140e-002 2.3007666692137718e-002 
1.8443000316619873e-001 1.6136400401592255e-001 2.1733000874519348e-002 
2.0329134166240692e-001 1.2156400084495544e-001 2.2112000733613968e-002 
2.5314098596572876e-001 -1.4303000271320343e-001 8.3440996706485748e-002 
1.8095503037329763e-004 1.8146616639569402e-004 1.8897709378506988e-004 
2.4115300178527832e-001 -1.3094399869441986e-001 8.4457002580165863e-002 
1.8095503037329763e-004 1.8146616639569402e-004 1.8897709378506988e-004 
3.5087947617284954e-004 3.6137987626716495e-004 3.6775082116946578e-004 
1.8418300151824951e-001 1.3750499486923218e-001 2.0314499735832214e-002 
2.1360850334167480e-001 1.5343999862670898e-001 2.0670499652624130e-002 
3.8718599081039429e-001 9.4750002026557922e-002 3.3999999868683517e-004 
5.2330089851745969e-041 5.2331491150210294e-041 5.2332892448674618e-041 
2.0596699416637421e-001 -2.1389000117778778e-002 8.2030996680259705e-002 
2.1073000133037567e-001 1.1759399622678757e-001 2.2874332964420319e-002 
3.4416252374649048e-001 7.5806997716426849e-002 9.4910003244876862e-003 
1.8772849440574646e-001 1.5142500400543213e-001 2.2716999053955078e-002 
2.0730966329574585e-001 1.2653902173042297e-001 2.2490998730063438e-002 
3.9673966169357300e-001 7.1015000343322754e-002 3.7823333404958248e-003 
3.9386248588562012e-001 7.9796999692916870e-002 3.7985001690685749e-003 
3.9283499121665955e-001 8.2787998020648956e-002 3.8040000945329666e-003 
3.9330798387527466e-001 7.6797001063823700e-002 4.0925000794231892e-003 
3.9330798387527466e-001 7.6797001063823700e-002 4.0925000794231892e-003 
2.7729567885398865e-001 1.2156400084495544e-001 2.4870000779628754e-003 
3.9283499121665955e-001 8.2787998020648956e-002 3.8040000945329666e-003 
2.7624565362930298e-001 7.4818998575210571e-002 1.3357999734580517e-002 
1.9968301057815552e-001 1.2653900682926178e-001 2.2572999820113182e-002 
2.7729567885398865e-001 1.2156400084495544e-001 2.4870000779628754e-003 
2.2470599412918091e-001 9.2991001904010773e-002 2.4067498743534088e-002 
2.6612100005149841e-001 6.6206000745296478e-002 1.5406999737024307e-002 
1.9669601321220398e-001 1.3750499486923218e-001 2.3365667089819908e-002 
2.6825550198554993e-001 -1.1742299795150757e-001 8.2915000617504120e-002 
3.2474899291992188e-001 6.4869999885559082e-002 9.4750002026557922e-003 
1.4226450026035309e-001 6.7014500498771667e-002 8.3939000964164734e-002 
5.2253018436208104e-041 5.1224465363393688e-041 5.1223064064929363e-041 
2.5314098596572876e-001 -1.4303000271320343e-001 8.3440996706485748e-002 
2.1877801418304443e-001 1.7242100834846497e-001 1.3795666396617889e-002 
5.2253018436208104e-041 5.1224465363393688e-041 5.1223064064929363e-041 
2.0985590526834130e-004 2.2460274340119213e-004 1.9685184815898538e-004 
2.1981966495513916e-001 -1.9638668745756149e-002 8.3374671638011932e-002 
2.6775532960891724e-001 -1.0991799831390381e-001 8.3565667271614075e-002 
1.7631499469280243e-001 1.4751400053501129e-001 1.7641000449657440e-002 
5.8024966810762025e-041 5.4468471308305640e-041 5.4462866114448340e-041 
3.5087947617284954e-004 3.6137987626716495e-004 3.6775082116946578e-004 
5.2330089851745969e-041 5.2331491150210294e-041 5.2332892448674618e-041 
2.1073000133037567e-001 1.1759399622678757e-001 2.2874332964420319e-002 
2.1176999807357788e-001 1.2856000661849976e-001 2.2447001188993454e-002 
2.7729567885398865e-001 1.2156400084495544e-001 2.4870000779628754e-003 
2.5400609592907131e-004 2.1950602240394801e-004 2.4626086815260351e-004 
2.6612100005149841e-001 6.6206000745296478e-002 1.5406999737024307e-002 
2.8432399034500122e-001 7.0000000298023224e-002 1.4387999661266804e-002 
2.7428200840950012e-001 7.3048003017902374e-002 1.3872000388801098e-002 
1.8443000316619873e-001 1.6136400401592255e-001 2.1733000874519348e-002 
1.8443000316619873e-001 1.6136400401592255e-001 2.1733000874519348e-002 
2.2575099766254425e-001 5.9039998799562454e-002 1.9576501101255417e-002 
1.8058699369430542e-001 1.6634899377822876e-001 1.9179999828338623e-002 
2.1877801418304443e-001 1.7242100834846497e-001 1.3795666396617889e-002 
1.4226450026035309e-001 6.7014500498771667e-002 8.3939000964164734e-002 
1.4226450026035309e-001 6.7014500498771667e-002 8.3939000964164734e-002 
2.1981966495513916e-001 -1.9638668745756149e-002 8.3374671638011932e-002 
2.1981966495513916e-001 -1.9638668745756149e-002 8.3374671638011932e-002 
2.6775532960891724e-001 -1.0991799831390381e-001 8.3565667271614075e-002 
3.5087947617284954e-004 3.6137987626716495e-004 3.6775082116946578e-004 
2.7729567885398865e-001 1.2156400084495544e-001 2.4870000779628754e-003 
1.8979899585247040e-001 1.5739099681377411e-001 2.1924331784248352e-002 
1.4226450026035309e-001 6.7014500498771667e-002 8.3939000964164734e-002 
3.9453391218557954e-004 3.9423085399903357e-004 3.8424594094976783e-004 
2.2575099766254425e-001 5.9039998799562454e-002 1.9576501101255417e-002 
3.9453391218557954e-004 3.9423085399903357e-004 3.8424594094976783e-004 
1.9826768338680267e-001 -4.1767001152038574e-002 7.7638998627662659e-002 
3.8818499445915222e-001 1.0067900270223618e-001 -3.5270000807940960e-003 
1.9826768338680267e-001 -4.1767001152038574e-002 7.7638998627662659e-002 
3.6914911470375955e-004 3.7341928691603243e-004 3.5914371255785227e-004 
2.6775532960891724e-001 -1.0991799831390381e-001 8.3565667271614075e-002 
2.0791399478912354e-001 1.0865800082683563e-001 2.2735999897122383e-002 
2.2563199698925018e-001 9.5798999071121216e-002 2.3567000404000282e-002 
1.8418300151824951e-001 1.3750499486923218e-001 2.0314499735832214e-002 
2.2563199698925018e-001 9.5798999071121216e-002 2.3567000404000282e-002 
2.1073000133037567e-001 1.1759399622678757e-001 2.2874332964420319e-002 
3.3294200897216797e-001 7.6797001063823700e-002 1.0284000076353550e-002 
3.3294200897216797e-001 7.6797001063823700e-002 1.0284000076353550e-002 
2.1073000133037567e-001 1.1759399622678757e-001 2.2874332964420319e-002 
3.3925598836503923e-004 3.4467549994587898e-004 3.2820744672790170e-004 
2.2470599412918091e-001 9.2991001904010773e-002 2.4067498743534088e-002 
2.6126801967620850e-001 7.4818998575210571e-002 1.3277000747621059e-002 
2.8202007524669170e-004 3.3264921512454748e-004 3.5063675022684038e-004 
3.2524251937866211e-001 7.3048003017902374e-002 1.1861000210046768e-002 
2.1723750233650208e-001 1.2368399649858475e-001 2.2646501660346985e-002 
1.9325450062751770e-001 1.3053299486637115e-001 2.2138999775052071e-002 
2.1176999807357788e-001 1.2856000661849976e-001 2.2447001188993454e-002 
3.0458900332450867e-001 7.3844000697135925e-002 1.3127000071108341e-002 
2.2432850301265717e-001 1.6136400401592255e-001 7.2004999965429306e-003 
2.7729567885398865e-001 1.2156400084495544e-001 2.4870000779628754e-003 
2.7729567885398865e-001 1.2156400084495544e-001 2.4870000779628754e-003 
2.7729567885398865e-001 1.2156400084495544e-001 2.4870000779628754e-003 
2.4880599975585938e-001 4.6142000705003738e-002 8.3198502659797668e-002 
2.4880599975585938e-001 4.6142000705003738e-002 8.3198502659797668e-002 
2.2970734536647797e-001 1.0464899986982346e-001 2.0055999979376793e-002 
3.6914911470375955e-004 3.7341928691603243e-004 3.5914371255785227e-004 
2.3243699967861176e-001 1.0266199707984924e-001 2.0291000604629517e-002 
2.0985590526834130e-004 2.2460274340119213e-004 1.9685184815898538e-004 
1.9387200474739075e-001 1.1759399622678757e-001 2.0083999261260033e-002 
2.1437899768352509e-001 -5.3288001567125320e-002 8.2745999097824097e-002 
2.7633500099182129e-001 6.0155000537633896e-002 1.3357999734580517e-002 
3.6826166510581970e-001 7.8813001513481140e-002 8.3156665787100792e-003 
2.1819299459457397e-001 8.0861002206802368e-002 2.4126999080181122e-002 
2.1323800086975098e-001 1.3449999690055847e-001 2.2932998836040497e-002 
1.9682350754737854e-001 1.2856000661849976e-001 2.2605501115322113e-002 
3.0458900332450867e-001 7.3844000697135925e-002 1.3127000071108341e-002 
2.0162749290466309e-001 1.2653900682926178e-001 2.2803001105785370e-002 
2.1824334561824799e-001 1.2954500317573547e-001 2.2637665271759033e-002 
2.6758798956871033e-001 -1.0734300315380096e-001 8.3563998341560364e-002 
2.3274999856948853e-001 6.2917001545429230e-002 1.9033499062061310e-002 
2.2970734536647797e-001 1.0464899986982346e-001 2.0055999979376793e-002 
2.8432399034500122e-001 7.0000000298023224e-002 1.4387999661266804e-002 
5.1056309547674710e-041 5.1120769277033652e-041 5.1122170575497976e-041 
2.6612100005149841e-001 6.6206000745296478e-002 1.5406999737024307e-002 
3.6650601029396057e-001 7.3844000697135925e-002 8.6849993094801903e-003 
3.6650601029396057e-001 7.3844000697135925e-002 8.6849993094801903e-003 
1.9029250741004944e-001 -1.5915000811219215e-002 7.8962996602058411e-002 
1.9022849202156067e-001 1.6634899377822876e-001 2.1663499996066093e-002 
2.2081500291824341e-001 5.3906001150608063e-002 2.2117499262094498e-002 
2.2081500291824341e-001 5.3906001150608063e-002 2.2117499262094498e-002 
2.1134200692176819e-001 8.2787998020648956e-002 2.3200999945402145e-002 
3.8818499445915222e-001 1.0067900270223618e-001 -3.5270000807940960e-003 
3.6947437911294401e-004 3.5869903513230383e-004 3.5042612580582500e-004 
2.7582800388336182e-001 5.5891998112201691e-002 1.0765999555587769e-002 
2.3787599802017212e-001 1.1957699805498123e-001 9.4689996913075447e-003 
2.1323800086975098e-001 1.3449999690055847e-001 2.2932998836040497e-002 
2.2432850301265717e-001 1.6136400401592255e-001 7.2004999965429306e-003 
3.0458900332450867e-001 7.3844000697135925e-002 1.3127000071108341e-002 
2.3842300474643707e-001 -1.2875750660896301e-001 8.3803996443748474e-002 
2.0626150071620941e-001 6.7189998924732208e-002 2.1366998553276062e-002 
1.8418300151824951e-001 1.3750499486923218e-001 2.0314499735832214e-002 
2.7633500099182129e-001 6.0155000537633896e-002 1.3357999734580517e-002 
5.6103786616172701e-041 5.4457260920591041e-041 5.3287176702879819e-041 
1.7934100329875946e-001 1.5142500400543213e-001 2.0238999277353287e-002 
1.9024901092052460e-001 1.2056999653577805e-001 1.8738334998488426e-002 
2.2418700158596039e-001 -2.1366000175476074e-002 8.4011003375053406e-002 
3.0684098601341248e-001 7.5806997716426849e-002 1.2350999750196934e-002 
1.9463101029396057e-001 1.3750499486923218e-001 2.3137999698519707e-002 
3.6650601029396057e-001 7.3844000697135925e-002 8.6849993094801903e-003 
3.6650601029396057e-001 7.3844000697135925e-002 8.6849993094801903e-003 
1.9220200181007385e-001 1.6634899377822876e-001 2.1768499165773392e-002 
1.9220200181007385e-001 1.6634899377822876e-001 2.1768499165773392e-002 
1.9022849202156067e-001 1.6634899377822876e-001 2.1663499996066093e-002 
2.1134200692176819e-001 8.2787998020648956e-002 2.3200999945402145e-002 
2.6765900850296021e-001 5.1922999322414398e-002 1.0506000369787216e-002 
2.6765900850296021e-001 5.1922999322414398e-002 1.0506000369787216e-002 
2.2470599412918091e-001 9.2991001904010773e-002 2.4067498743534088e-002 
2.2470599412918091e-001 9.2991001904010773e-002 2.4067498743534088e-002 
2.1078699827194214e-001 8.8729009032249451e-002 2.3206999525427818e-002 
2.1323800086975098e-001 1.3449999690055847e-001 2.2932998836040497e-002 
1.9682350754737854e-001 1.2856000661849976e-001 2.2605501115322113e-002 
3.3516600728034973e-001 9.2991001904010773e-002 4.5900000259280205e-003 
3.3516600728034973e-001 9.2991001904010773e-002 4.5900000259280205e-003 
3.3516600728034973e-001 9.2991001904010773e-002 4.5900000259280205e-003 
3.5066398978233337e-001 7.8813001513481140e-002 8.9529994875192642e-003 
3.3516600728034973e-001 9.2991001904010773e-002 4.5900000259280205e-003 
1.8754300475120544e-001 7.4818998575210571e-002 1.3034000061452389e-002 
3.1039798259735107e-001 7.4818998575210571e-002 1.2357000261545181e-002 
1.8754300475120544e-001 7.4818998575210571e-002 1.3034000061452389e-002 
2.1078699827194214e-001 8.8729009032249451e-002 2.3206999525427818e-002 
2.7729567885398865e-001 1.2156400084495544e-001 2.4870000779628754e-003 
3.4759798645973206e-001 8.4761001169681549e-002 5.6659998372197151e-003 
3.0684098601341248e-001 7.5806997716426849e-002 1.2350999750196934e-002 
3.0684098601341248e-001 7.5806997716426849e-002 1.2350999750196934e-002 
5.6103786616172701e-041 5.4457260920591041e-041 5.3287176702879819e-041 
2.3274999856948853e-001 6.2917001545429230e-002 1.9033499062061310e-002 
1.9220200181007385e-001 1.6634899377822876e-001 2.1768499165773392e-002 
2.1866050362586975e-001 1.4047500491142273e-001 2.1134000271558762e-002 
3.9453391218557954e-004 3.9423085399903357e-004 3.8424594094976783e-004 
2.5684677530080080e-004 2.5858214939944446e-004 2.5049960822798312e-004 
2.3787599802017212e-001 1.1957699805498123e-001 9.4689996913075447e-003 
2.1323800086975098e-001 1.3449999690055847e-001 2.2932998836040497e-002 
1.9813400506973267e-001 1.1463200300931931e-001 2.1066000685095787e-002 
1.9682350754737854e-001 1.2856000661849976e-001 2.2605501115322113e-002 
2.5686949491500854e-001 5.4898999631404877e-002 1.2849999591708183e-002 
3.1039798259735107e-001 7.4818998575210571e-002 1.2357000261545181e-002 
3.5066398978233337e-001 7.8813001513481140e-002 8.9529994875192642e-003 
3.1039798259735107e-001 7.4818998575210571e-002 1.2357000261545181e-002 
3.1039798259735107e-001 7.4818998575210571e-002 1.2357000261545181e-002 
2.7729567885398865e-001 1.2156400084495544e-001 2.4870000779628754e-003 
3.4175341716036201e-004 3.1217132345773280e-004 3.0172307742759585e-004 
2.1217250823974609e-001 1.0964400321245193e-001 2.3192999884486198e-002 
1.4470900595188141e-001 6.7018002271652222e-002 8.3434998989105225e-002 
1.8418300151824951e-001 1.3750499486923218e-001 2.0314499735832214e-002 
3.3042499423027039e-001 9.0074002742767334e-002 7.0560001768171787e-003 
3.0529001355171204e-001 6.9205999374389648e-002 1.3387333601713181e-002 
3.0529001355171204e-001 6.9205999374389648e-002 1.3387333601713181e-002 
1.9220200181007385e-001 1.6634899377822876e-001 2.1768499165773392e-002 
3.6826166510581970e-001 7.8813001513481140e-002 8.3156665787100792e-003 
2.1323800086975098e-001 1.3449999690055847e-001 2.2932998836040497e-002 
3.1919699907302856e-001 7.3048003017902374e-002 1.1850000359117985e-002 
2.5684677530080080e-004 2.5858214939944446e-004 2.5049960822798312e-004 
2.5684677530080080e-004 2.5858214939944446e-004 2.5049960822798312e-004 
2.0376649498939514e-001 6.2125001102685928e-002 2.1136999130249023e-002 
2.7358999848365784e-001 5.1922999322414398e-002 9.7190001979470253e-003 
3.5552299022674561e-001 7.5806997716426849e-002 9.5009999349713326e-003 
2.3009200394153595e-001 1.4047500491142273e-001 9.2080002650618553e-003 
3.1039798259735107e-001 7.4818998575210571e-002 1.2357000261545181e-002 
1.9419167935848236e-001 -3.0834000557661057e-002 7.8708007931709290e-002 
2.1884700655937195e-001 1.0067900270223618e-001 2.3625999689102173e-002 
3.0684098601341248e-001 7.5806997716426849e-002 1.2350999750196934e-002 
3.0441999435424805e-001 7.8813001513481140e-002 8.9339995756745338e-003 
2.3337799310684204e-001 1.1957699805498123e-001 1.3925000093877316e-002 
3.2022398710250854e-001 9.0074002742767334e-002 7.6000001281499863e-003 
2.9869699478149414e-001 7.0000000298023224e-002 1.3376000337302685e-002 
2.4612799286842346e-001 1.0964400321245193e-001 9.7279995679855347e-003 
3.2279801368713379e-001 6.4869999885559082e-002 1.0006000287830830e-002 
2.5684677530080080e-004 2.5858214939944446e-004 2.5049960822798312e-004 
3.3995960257016122e-004 3.8669275818392634e-004 3.7866819184273481e-004 
2.0303200185298920e-001 1.5937599539756775e-001 2.0763000473380089e-002 
3.5087947617284954e-004 3.6137987626716495e-004 3.6775082116946578e-004 
3.0966600775718689e-001 8.8729001581668854e-002 9.7300000488758087e-003 
3.5552299022674561e-001 7.5806997716426849e-002 9.5009999349713326e-003 
3.5552299022674561e-001 7.5806997716426849e-002 9.5009999349713326e-003 
3.5552299022674561e-001 7.5806997716426849e-002 9.5009999349713326e-003 
3.4252399206161499e-001 6.7189998924732208e-002 8.4070004522800446e-003 
3.5552299022674561e-001 7.5806997716426849e-002 9.5009999349713326e-003 
3.4252399206161499e-001 6.7189998924732208e-002 8.4070004522800446e-003 
4.2218320133178089e-041 4.0000064664151903e-041 3.9998663365687578e-041 
2.3009200394153595e-001 1.4047500491142273e-001 9.2080002650618553e-003 
3.9379828376695514e-004 3.9399703382514417e-004 3.9825713611207902e-004 
2.2760500013828278e-001 1.3449999690055847e-001 1.3941500335931778e-002 
4.4260011995699347e-041 4.6709481711339127e-041 4.2216918834713764e-041 
2.2490699589252472e-001 1.5343999862670898e-001 9.4779999926686287e-003 
4.4260011995699347e-041 4.6709481711339127e-041 4.2216918834713764e-041 
2.5103399157524109e-001 1.1162199825048447e-001 6.5379999577999115e-003 
2.3778167366981506e-001 -1.2675318121910095e-001 8.3587668836116791e-002 
2.0318499207496643e-001 1.4047500491142273e-001 2.3037999868392944e-002 
2.0318499207496643e-001 1.4047500491142273e-001 2.3037999868392944e-002 
2.2760500013828278e-001 1.3449999690055847e-001 1.3941500335931778e-002 
2.2760500013828278e-001 1.3449999690055847e-001 1.3941500335931778e-002 
3.4235799312591553e-001 7.4818998575210571e-002 9.7590005025267601e-003 
2.6821398735046387e-001 8.3773002028465271e-002 1.2067000381648540e-002 
1.9853299856185913e-001 1.4545400440692902e-001 2.2079000249505043e-002 
2.9350648401305079e-004 2.7861306443810463e-004 2.9324414208531380e-004 
3.1975403544493020e-004 3.2726634526625276e-004 3.2902252860367298e-004 
2.2458599507808685e-001 -3.5181000828742981e-002 7.8676499426364899e-002 
2.3787599802017212e-001 1.1957699805498123e-001 9.4689996913075447e-003 
2.0303200185298920e-001 1.5937599539756775e-001 2.0763000473380089e-002 
2.0303200185298920e-001 1.5937599539756775e-001 2.0763000473380089e-002 
1.8085099756717682e-001 1.6437000036239624e-001 2.0222000777721405e-002 
2.0303200185298920e-001 1.5937599539756775e-001 2.0763000473380089e-002 
2.0303200185298920e-001 1.5937599539756775e-001 2.0763000473380089e-002 
3.5552299022674561e-001 7.5806997716426849e-002 9.5009999349713326e-003 
3.8634933298453689e-004 3.6216870648786426e-004 3.7779455306008458e-004 
3.9379828376695514e-004 3.9399703382514417e-004 3.9825713611207902e-004 
4.4260011995699347e-041 4.6709481711339127e-041 4.2216918834713764e-041 
2.2760500013828278e-001 1.3449999690055847e-001 1.3941500335931778e-002 
4.4260011995699347e-041 4.6709481711339127e-041 4.2216918834713764e-041 
2.4074879077824497e-035 6.3873678315191660e-039 4.7851028694978481e-012 
2.9756169533357024e-004 2.6786196394823492e-004 3.1508458778262138e-004 
1.9228400290012360e-001 -2.5128999724984169e-002 8.4201499819755554e-002 
1.9022849202156067e-001 1.6634899377822876e-001 2.1663499996066093e-002 
2.2081500291824341e-001 5.3906001150608063e-002 2.2117499262094498e-002 
2.0282751321792603e-001 1.1463200300931931e-001 2.2158998996019363e-002 
3.0529001355171204e-001 6.9205999374389648e-002 1.3387333601713181e-002 
2.9528000950813293e-001 7.3048003017902374e-002 1.3371500186622143e-002 
3.3916598558425903e-001 7.6797001063823700e-002 9.7550004720687866e-003 
3.2022398710250854e-001 9.0074002742767334e-002 7.6000001281499863e-003 
3.5087947617284954e-004 3.6137987626716495e-004 3.6775082116946578e-004 
3.5194010706618428e-004 3.9592673419974744e-004 3.7656974745914340e-004 
3.5087947617284954e-004 3.6137987626716495e-004 3.6775082116946578e-004 
3.5087947617284954e-004 3.6137987626716495e-004 3.6775082116946578e-004 
3.4175341716036201e-004 3.1217132345773280e-004 3.0172307742759585e-004 
4.4260011995699347e-041 4.6709481711339127e-041 4.2216918834713764e-041 
4.4260011995699347e-041 4.6709481711339127e-041 4.2216918834713764e-041 
1.8291500210762024e-001 7.4818998575210571e-002 9.7929993644356728e-003 
3.4498599171638489e-001 7.3048003017902374e-002 9.7620002925395966e-003 
4.4265617189556646e-041 4.4264215891092322e-041 4.4241795115663125e-041 
1.9419167935848236e-001 -3.0834000557661057e-002 7.8708007931709290e-002 
2.2471599280834198e-001 1.2056999653577805e-001 2.2087335586547852e-002 
1.9813400506973267e-001 1.1463200300931931e-001 2.1066000685095787e-002 
2.9528000950813293e-001 7.3048003017902374e-002 1.3371500186622143e-002 
2.9528000950813293e-001 7.3048003017902374e-002 1.3371500186622143e-002 
2.0329134166240692e-001 1.2156400084495544e-001 2.2112000733613968e-002 
3.4865400195121765e-001 7.3844000697135925e-002 1.0036000050604343e-002 
2.3017799854278564e-001 1.0067900270223618e-001 2.2544000297784805e-002 
6.2789381589466403e-041 3.7564607933155371e-041 3.7563206634691046e-041 
3.2157200574874878e-001 7.3048003017902374e-002 1.2117000296711922e-002 
2.2829599678516388e-001 1.4249299466609955e-001 9.7409998998045921e-003 
2.7125599980354309e-001 5.7238001376390457e-002 1.3100000098347664e-002 
2.7125599980354309e-001 5.7238001376390457e-002 1.3100000098347664e-002 
2.1975900232791901e-001 5.9039998799562454e-002 1.9866999238729477e-002 
3.9453391218557954e-004 3.9423085399903357e-004 3.8424594094976783e-004 
3.5194010706618428e-004 3.9592673419974744e-004 3.7656974745914340e-004 
2.2949700057506561e-001 1.1063200235366821e-001 1.9805999472737312e-002 
3.8634933298453689e-004 3.6216870648786426e-004 3.7779455306008458e-004 
3.4252399206161499e-001 6.7189998924732208e-002 8.4070004522800446e-003 
5.8048788884655547e-041 5.8057196675441496e-041 5.8058597973905821e-041 
1.9882899522781372e-001 4.4975999742746353e-002 9.2310002073645592e-003 
4.2218320133178089e-041 4.0000064664151903e-041 3.9998663365687578e-041 
2.2760500013828278e-001 1.3449999690055847e-001 1.3941500335931778e-002 
4.2218320133178089e-041 4.0000064664151903e-041 3.9998663365687578e-041 
2.2760500013828278e-001 1.3449999690055847e-001 1.3941500335931778e-002 
4.4260011995699347e-041 4.6709481711339127e-041 4.2216918834713764e-041 
3.4416252374649048e-001 7.5806997716426849e-002 9.4910003244876862e-003 
3.4498599171638489e-001 7.3048003017902374e-002 9.7620002925395966e-003 
3.1113600730895996e-001 6.9205999374389648e-002 1.3139000162482262e-002 
2.1019500494003296e-001 1.6840900480747223e-001 1.8663000315427780e-002 
2.5109899044036865e-001 4.6813998371362686e-002 8.3265498280525208e-002 
2.2289100289344788e-001 -1.8105000257492065e-002 8.3153001964092255e-002 
2.5281167030334473e-001 4.8073999583721161e-002 8.3439007401466370e-002 
2.3159000277519226e-001 1.3750499486923218e-001 5.9899999760091305e-003 
1.9677050411701202e-001 1.5043500065803528e-001 2.2352499887347221e-002 
2.1877801418304443e-001 1.7242100834846497e-001 1.3795666396617889e-002 
2.7633500099182129e-001 6.0155000537633896e-002 1.3357999734580517e-002 
2.9568525496870279e-004 3.0911347130313516e-004 2.7862386195920408e-004 
2.8943800926208496e-001 7.9796999692916870e-002 9.9839996546506882e-003 
2.4502900242805481e-001 4.8964001238346100e-002 1.2086000293493271e-002 
2.4502900242805481e-001 4.8964001238346100e-002 1.2086000293493271e-002 
2.4502900242805481e-001 4.8964001238346100e-002 1.2086000293493271e-002 
2.2829599678516388e-001 1.4249299466609955e-001 9.7409998998045921e-003 
2.7572500705718994e-001 5.7238005101680756e-002 1.2067000381648540e-002 
2.7125599980354309e-001 5.7238001376390457e-002 1.3100000098347664e-002 
2.9085901379585266e-001 7.1015000343322754e-002 1.3880999758839607e-002 
2.9085901379585266e-001 7.1015000343322754e-002 1.3880999758839607e-002 
2.1975900232791901e-001 5.9039998799562454e-002 1.9866999238729477e-002 
3.2157200574874878e-001 7.3048003017902374e-002 1.2117000296711922e-002 
2.5153800845146179e-001 1.1368300020694733e-001 5.7330001145601273e-003 
2.1031048893928528e-001 -2.0189000293612480e-002 8.2548499107360840e-002 
2.6658099889755249e-001 -7.8135997056961060e-002 8.3553999662399292e-002 
1.7234849929809570e-001 1.5343999862670898e-001 1.4863999560475349e-002 
4.6710883009803452e-041 4.2187491566962943e-041 4.2221122730106738e-041 
4.4260011995699347e-041 4.6709481711339127e-041 4.2216918834713764e-041 
2.3455500602722168e-001 1.3053299486637115e-001 7.6060001738369465e-003 
4.4260011995699347e-041 4.6709481711339127e-041 4.2216918834713764e-041 
2.2458599507808685e-001 -3.5181000828742981e-002 7.8676499426364899e-002 
5.9651874327843138e-041 5.9653275626307463e-041 5.9657479521700437e-041 
1.9172200560569763e-001 -2.2210335358977318e-002 8.4351330995559692e-002 
1.8770667910575867e-001 1.5343999862670898e-001 2.2205999121069908e-002 
2.7920365333557129e-001 -1.3241499662399292e-001 7.8654333949089050e-002 
2.2676900029182434e-001 7.4818998575210571e-002 2.3310501128435135e-002 
2.2676900029182434e-001 7.4818998575210571e-002 2.3310501128435135e-002 
2.2640900313854218e-001 8.1805996596813202e-002 2.3313499987125397e-002 
1.9155099987983704e-001 7.2034999728202820e-002 1.2214000336825848e-002 
2.7633500099182129e-001 6.0155000537633896e-002 1.3357999734580517e-002 
2.9568525496870279e-004 3.0911347130313516e-004 2.7862386195920408e-004 
3.2474899291992188e-001 6.4869999885559082e-002 9.4750002026557922e-003 
2.2738049924373627e-001 3.9055000990629196e-002 1.2116000056266785e-002 
2.4502900242805481e-001 4.8964001238346100e-002 1.2086000293493271e-002 
2.7125599980354309e-001 5.7238001376390457e-002 1.3100000098347664e-002 
2.1134200692176819e-001 8.2787998020648956e-002 2.3200999945402145e-002 
2.7028000354766846e-001 -1.1742000281810760e-001 8.0953001976013184e-002 
2.9085901379585266e-001 7.1015000343322754e-002 1.3880999758839607e-002 
1.9387200474739075e-001 1.1759399622678757e-001 2.0083999261260033e-002 
2.6369133591651917e-001 -9.8108671605587006e-002 8.3959996700286865e-002 
2.6445201039314270e-001 -3.8217999041080475e-002 8.4618002176284790e-002 
4.2218320133178089e-041 4.0000064664151903e-041 3.9998663365687578e-041 
2.3656900227069855e-001 -1.2810699641704559e-001 8.0982998013496399e-002 
3.9043312426656485e-004 3.7185981636866927e-004 3.6591337993741035e-004 
3.8634933298453689e-004 3.6216870648786426e-004 3.7779455306008458e-004 
3.8034838507883251e-004 3.8055810728110373e-004 3.7661587703041732e-004 
2.2321699559688568e-001 5.3008999675512314e-002 8.3582997322082520e-002 
4.6710883009803452e-041 4.2187491566962943e-041 4.2221122730106738e-041 
5.8076814853942044e-041 5.8068407063156095e-041 5.8072610958549069e-041 
5.8076814853942044e-041 5.8068407063156095e-041 5.8072610958549069e-041 
2.3668000102043152e-001 -1.3094851374626160e-001 8.0107502639293671e-002 
2.3853099346160889e-001 1.0365500301122665e-001 1.6478000208735466e-002 
2.9350648401305079e-004 2.7861306443810463e-004 2.9324414208531380e-004 
2.5292500853538513e-001 -1.4443799853324890e-001 8.4087997674942017e-002 
2.3159000277519226e-001 1.3750499486923218e-001 5.9899999760091305e-003 
2.2676900029182434e-001 7.4818998575210571e-002 2.3310501128435135e-002 
2.2676900029182434e-001 7.4818998575210571e-002 2.3310501128435135e-002 
2.2471599280834198e-001 1.2056999653577805e-001 2.2087335586547852e-002 
2.3729351162910461e-001 1.1261399835348129e-001 1.3915499672293663e-002 
1.9463101029396057e-001 1.3750499486923218e-001 2.3137999698519707e-002 
2.7028000354766846e-001 -1.1742000281810760e-001 8.0953001976013184e-002 
2.7028000354766846e-001 -1.1742000281810760e-001 8.0953001976013184e-002 
2.0725399255752563e-001 -1.9275000318884850e-002 7.5044997036457062e-002 
1.9387200474739075e-001 1.1759399622678757e-001 2.0083999261260033e-002 
1.9387200474739075e-001 1.1759399622678757e-001 2.0083999261260033e-002 
2.3668000102043152e-001 -1.3094851374626160e-001 8.0107502639293671e-002 
2.6445201039314270e-001 -3.8217999041080475e-002 8.4618002176284790e-002 
2.6445201039314270e-001 -3.8217999041080475e-002 8.4618002176284790e-002 
2.6609998941421509e-001 8.4761001169681549e-002 1.4130000025033951e-002 
2.1434199810028076e-001 1.0564199835062027e-001 2.2922500967979431e-002 
2.5244900584220886e-001 -1.4156499505043030e-001 8.3869002759456635e-002 
3.9043312426656485e-004 3.7185981636866927e-004 3.6591337993741035e-004 
2.0468799769878387e-001 1.3557000458240509e-001 2.3020999506115913e-002 
2.2377249598503113e-001 9.5798999071121216e-002 2.3829000070691109e-002 
2.4193599820137024e-001 1.0365500301122665e-001 1.4162999577820301e-002 
3.8525301218032837e-001 7.7864997088909149e-002 6.1380001716315746e-003 
2.4193599820137024e-001 1.0365500301122665e-001 1.4162999577820301e-002 
2.2036048769950867e-001 -5.3279999643564224e-002 8.1425502896308899e-002 
1.7428350448608398e-001 1.4545400440692902e-001 1.4312000013887882e-002 
1.7428350448608398e-001 1.4545400440692902e-001 1.4312000013887882e-002 
2.0112699270248413e-001 8.8729001581668854e-002 1.5877999365329742e-002 
2.3668000102043152e-001 -1.3094851374626160e-001 8.0107502639293671e-002 
2.6658099889755249e-001 -7.4909999966621399e-002 8.3553999662399292e-002 
2.0112699270248413e-001 8.8729001581668854e-002 1.5877999365329742e-002 
2.7860850095748901e-001 6.2917001545429230e-002 1.5659999102354050e-002 
2.7178999781608582e-001 5.2914004772901535e-002 9.9810007959604263e-003 
2.6308101415634155e-001 8.5750997066497803e-002 1.4387999661266804e-002 
2.3853099346160889e-001 1.0365500301122665e-001 1.6478000208735466e-002 
2.0205800235271454e-001 1.3557000458240509e-001 2.3553000763058662e-002 
3.9725450915284455e-004 3.8491535815410316e-004 3.7496021832339466e-004 
2.1730700135231018e-001 -1.9641999155282974e-002 8.3167001605033875e-002 
2.2289100289344788e-001 -1.8105000257492065e-002 8.3153001964092255e-002 
2.3159000277519226e-001 1.3750499486923218e-001 5.9899999760091305e-003 
2.3159000277519226e-001 1.3750499486923218e-001 5.9899999760091305e-003 
2.1419149637222290e-001 4.6950001269578934e-002 1.5029500238597393e-002 
3.2474899291992188e-001 6.4869999885559082e-002 9.4750002026557922e-003 
2.8013199567794800e-001 7.4818998575210571e-002 1.4897000044584274e-002 
3.3524728496558964e-004 3.6729915882460773e-004 3.7549194530583918e-004 
2.1103000640869141e-001 -4.9600999802350998e-002 8.2220003008842468e-002 
2.4589100480079651e-001 4.5703999698162079e-002 8.4046997129917145e-002 
2.1134200692176819e-001 8.2787998020648956e-002 2.3200999945402145e-002 
2.9350648401305079e-004 2.7861306443810463e-004 2.9324414208531380e-004 
2.6658099889755249e-001 -7.8135997056961060e-002 8.3553999662399292e-002 
-1.5407691184357360e-033 6.4783036940630607e-039 1.1821018818041893e-022 
-1.5407691184357360e-033 6.4783036940630607e-039 1.1821018818041893e-022 
2.7178999781608582e-001 5.2914004772901535e-002 9.9810007959604263e-003 
2.4069833755493164e-001 4.8057999461889267e-002 8.3739340305328369e-002 
2.8830051422119141e-001 9.0847998857498169e-002 9.1939996927976608e-003 
2.6758798956871033e-001 -1.0734300315380096e-001 8.3563998341560364e-002 
2.9568525496870279e-004 3.0911347130313516e-004 2.7862386195920408e-004 
2.4886900186538696e-001 6.8199999630451202e-002 1.6955498605966568e-002 
2.3853099346160889e-001 1.0365500301122665e-001 1.6478000208735466e-002 
-1.5407691184357360e-033 6.4783036940630607e-039 1.1821018818041893e-022 
2.0120500028133392e-001 1.3350699841976166e-001 2.3059999570250511e-002 
2.3700010206084698e-004 2.7765508275479078e-004 2.7102662716060877e-004 
-1.5407691184357360e-033 6.4783036940630607e-039 1.1821018818041893e-022 
2.2278867661952972e-001 1.4047500491142273e-001 1.8582001328468323e-002 
2.3700010206084698e-004 2.7765508275479078e-004 2.7102662716060877e-004 
2.3853099346160889e-001 1.0365500301122665e-001 1.6478000208735466e-002 
2.3853099346160889e-001 1.0365500301122665e-001 1.6478000208735466e-002 
2.7860850095748901e-001 6.2917001545429230e-002 1.5659999102354050e-002 
2.6026898622512817e-001 8.7736003100872040e-002 9.9839996546506882e-003 
2.7860850095748901e-001 6.2917001545429230e-002 1.5659999102354050e-002 
2.7860850095748901e-001 6.2917001545429230e-002 1.5659999102354050e-002 
2.0112699270248413e-001 8.8729001581668854e-002 1.5877999365329742e-002 
2.4683600664138794e-001 6.2917001545429230e-002 1.7214000225067139e-002 
2.7860850095748901e-001 6.2917001545429230e-002 1.5659999102354050e-002 
2.8815099596977234e-001 8.0861002206802368e-002 1.0506999678909779e-002 
2.6026898622512817e-001 8.7736003100872040e-002 9.9839996546506882e-003 
2.1885851025581360e-001 1.6437000036239624e-001 1.3708500191569328e-002 
2.6308101415634155e-001 8.5750997066497803e-002 1.4387999661266804e-002 
2.3853099346160889e-001 1.0365500301122665e-001 1.6478000208735466e-002 
2.1885851025581360e-001 1.6437000036239624e-001 1.3708500191569328e-002 
1.8770667910575867e-001 1.5343999862670898e-001 2.2205999121069908e-002 
6.4391065734189669e-041 6.6145491411524340e-041 6.6146892709988665e-041 
2.7735102176666260e-001 -1.3241750001907349e-001 7.8843504190444946e-002 
2.3853099346160889e-001 1.0365500301122665e-001 1.6478000208735466e-002 
3.9725450915284455e-004 3.8491535815410316e-004 3.7496021832339466e-004 
2.0464800298213959e-001 -2.0193999633193016e-002 7.4604496359825134e-002 
2.4115300178527832e-001 -1.3094399869441986e-001 8.4457002580165863e-002 
2.1730700135231018e-001 -1.9641999155282974e-002 8.3167001605033875e-002 
2.2289100289344788e-001 -1.8105000257492065e-002 8.3153001964092255e-002 
2.6174314552918077e-004 2.7142785256728530e-004 2.8089649276807904e-004 
1.9228400290012360e-001 -2.5128999724984169e-002 8.4201499819755554e-002 
2.6775532960891724e-001 -1.0991799831390381e-001 8.3565667271614075e-002 
5.2454805415070877e-041 5.2456206713535202e-041 5.2457608011999527e-041 
2.4069833755493164e-001 4.8057999461889267e-002 8.3739340305328369e-002 
2.4589100480079651e-001 4.5703999698162079e-002 8.4046997129917145e-002 
2.6445201039314270e-001 -3.8217999041080475e-002 8.4618002176284790e-002 
2.9350648401305079e-004 2.7861306443810463e-004 2.9324414208531380e-004 
3.9725450915284455e-004 3.8491535815410316e-004 3.7496021832339466e-004 
2.3668000102043152e-001 -1.3094851374626160e-001 8.0107502639293671e-002 
2.7575799822807312e-001 5.0934001803398132e-002 8.9299995452165604e-003 
2.5400609592907131e-004 2.1950602240394801e-004 2.4626086815260351e-004 
1.9690899550914764e-001 7.4818998575210571e-002 1.9797999411821365e-002 
2.2418700158596039e-001 -2.1366000175476074e-002 8.4011003375053406e-002 
1.9690899550914764e-001 7.4818998575210571e-002 1.9797999411821365e-002 
2.4589100480079651e-001 4.5703999698162079e-002 8.4046997129917145e-002 
2.3125967383384705e-001 5.5892001837491989e-002 2.4178002029657364e-002 
4.6678653145123981e-041 4.6703876517481828e-041 4.6705277815946153e-041 
2.7756598591804504e-001 5.0934001803398132e-002 8.6660003289580345e-003 
2.1471600234508514e-001 4.5664500445127487e-002 8.3176501095294952e-002 
2.5715899467468262e-001 7.2034999728202820e-002 1.7695000395178795e-002 
5.1176821215606644e-041 5.1175419917142319e-041 6.1902359661548794e-041 
2.5715899467468262e-001 7.2034999728202820e-002 1.7695000395178795e-002 
2.7756598591804504e-001 5.0934001803398132e-002 8.6660003289580345e-003 
2.7756598591804504e-001 5.0934001803398132e-002 8.6660003289580345e-003 
2.3716300725936890e-001 1.2056999653577805e-001 1.0656500235199928e-002 
2.5623100996017456e-001 8.7736003100872040e-002 1.2592333368957043e-002 
5.3280170210558195e-041 5.2062441845059929e-041 5.2038619771166407e-041 
2.5715899467468262e-001 7.2034999728202820e-002 1.7695000395178795e-002 
2.7756598591804504e-001 5.0934001803398132e-002 8.6660003289580345e-003 
2.3716300725936890e-001 1.2056999653577805e-001 1.0656500235199928e-002 
2.3423950374126434e-001 1.1759399622678757e-001 1.4310499653220177e-002 
6.4391065734189669e-041 6.6145491411524340e-041 6.6146892709988665e-041 
2.5191199779510498e-001 8.2787998020648956e-002 1.5678999945521355e-002 
2.6770168542861938e-001 8.3773002028465271e-002 1.4129000715911388e-002 
5.8067005764691770e-041 5.8081018749335018e-041 5.8079617450870693e-041 
2.7575799822807312e-001 5.0934001803398132e-002 8.9299995452165604e-003 
2.6026898622512817e-001 8.7736003100872040e-002 9.9839996546506882e-003 
3.0326323092087553e-019 6.4780710785179828e-039 5.5890825528490621e-031 
6.4391065734189669e-041 6.6145491411524340e-041 6.6146892709988665e-041 
2.5715899467468262e-001 7.2034999728202820e-002 1.7695000395178795e-002 
2.5715899467468262e-001 7.2034999728202820e-002 1.7695000395178795e-002 
2.5176900625228882e-001 8.6742997169494629e-002 1.6315499320626259e-002 
3.4527969546616077e-004 3.3277855254709721e-004 3.2051361631602049e-004 
2.6026898622512817e-001 8.7736003100872040e-002 9.9839996546506882e-003 
2.6718801259994507e-001 6.3886001706123352e-002 1.5660999342799187e-002 
2.0112699270248413e-001 8.8729001581668854e-002 1.5877999365329742e-002 
2.6718801259994507e-001 6.3886001706123352e-002 1.5660999342799187e-002 
2.7860850095748901e-001 6.2917001545429230e-002 1.5659999102354050e-002 
2.6026898622512817e-001 8.7736003100872040e-002 9.9839996546506882e-003 
2.6026898622512817e-001 8.7736003100872040e-002 9.9839996546506882e-003 
2.6718801259994507e-001 6.3886001706123352e-002 1.5660999342799187e-002 
2.7756598591804504e-001 5.0934001803398132e-002 8.6660003289580345e-003 
2.5176900625228882e-001 8.6742997169494629e-002 1.6315499320626259e-002 
2.6520749926567078e-001 -8.0563999712467194e-002 8.4571495652198792e-002 
2.0464800298213959e-001 -2.0193999633193016e-002 7.4604496359825134e-002 
2.6520749926567078e-001 -8.0563999712467194e-002 8.4571495652198792e-002 
2.0464800298213959e-001 -2.0193999633193016e-002 7.4604496359825134e-002 
2.1730700135231018e-001 -1.9641999155282974e-002 8.3167001605033875e-002 
2.1730700135231018e-001 -1.9641999155282974e-002 8.3167001605033875e-002 
2.0464800298213959e-001 -2.0193999633193016e-002 7.4604496359825134e-002 
3.2874610042199492e-004 3.2396079041063786e-004 3.3392012119293213e-004 
2.6775532960891724e-001 -1.0991799831390381e-001 8.3565667271614075e-002 
2.2359949350357056e-001 5.8012001216411591e-002 1.9841499626636505e-002 
2.6775532960891724e-001 -1.0991799831390381e-001 8.3565667271614075e-002 
5.1056309547674710e-041 5.1120769277033652e-041 5.1122170575497976e-041 
2.9350648401305079e-004 2.7861306443810463e-004 2.9324414208531380e-004 
2.9350648401305079e-004 2.7861306443810463e-004 2.9324414208531380e-004 
2.7756598591804504e-001 5.0934001803398132e-002 8.6660003289580345e-003 
2.6203485322184861e-004 2.9523789999075234e-004 2.5047711096704006e-004 
5.2178749617598888e-041 5.2143717155990768e-041 5.2478627488964399e-041 
5.9777991189632371e-041 5.9789201577346970e-041 5.9765379503453448e-041 
2.6445201039314270e-001 -3.8217999041080475e-002 8.4618002176284790e-002 
3.6772707244381309e-004 3.7765825982205570e-004 3.9728911360725760e-004 
6.2085929760375345e-041 5.8198727820338303e-041 5.9775188592703722e-041 
2.7575799822807312e-001 5.0934001803398132e-002 8.9299995452165604e-003 
1.9661900401115417e-001 -4.8829000443220139e-002 8.1991001963615417e-002 
2.1776267886161804e-001 8.6742997169494629e-002 2.4295665323734283e-002 
2.0023399591445923e-001 -5.1771000027656555e-002 8.1960998475551605e-002 
1.9965499639511108e-001 -4.7630000859498978e-002 8.3052001893520355e-002 
2.1776267886161804e-001 8.6742997169494629e-002 2.4295665323734283e-002 
2.1776267886161804e-001 8.6742997169494629e-002 2.4295665323734283e-002 
2.0232200622558594e-001 -2.3352667689323425e-002 8.1292003393173218e-002 
1.9123551249504089e-001 -2.8813999146223068e-002 8.3563998341560364e-002 
5.8024966810762025e-041 5.4468471308305640e-041 5.4462866114448340e-041 
1.9123551249504089e-001 -2.8813999146223068e-002 8.3563998341560364e-002 
2.6770168542861938e-001 8.3773002028465271e-002 1.4129000715911388e-002 
1.9395099580287933e-001 -3.8309000432491302e-002 8.3535999059677124e-002 
1.9164800643920898e-001 5.1548000425100327e-002 8.3558999001979828e-002 
2.2648200392723083e-001 1.0770799964666367e-001 2.0325999706983566e-002 
3.0326323092087553e-019 6.4780710785179828e-039 5.5890825528490621e-031 
2.4708800017833710e-001 9.1876000165939331e-002 1.5689000487327576e-002 
4.6731902486768324e-041 4.4281031472664219e-041 4.8735759290752813e-041 
2.4708800017833710e-001 9.1876000165939331e-002 1.5689000487327576e-002 
3.0326323092087553e-019 6.4780710785179828e-039 5.5890825528490621e-031 
2.7480033040046692e-001 6.2917008996009827e-002 1.5828333795070648e-002 
5.9639262641664215e-041 5.9640663940128539e-041 5.9630854850878266e-041 
3.4527969546616077e-004 3.3277855254709721e-004 3.2051361631602049e-004 
2.4708800017833710e-001 9.1876000165939331e-002 1.5689000487327576e-002 
2.2648200392723083e-001 1.0770799964666367e-001 2.0325999706983566e-002 
2.7480033040046692e-001 6.2917008996009827e-002 1.5828333795070648e-002 
5.9646269133985839e-041 5.9647670432450163e-041 5.9644867835521514e-041 
2.2648200392723083e-001 1.0770799964666367e-001 2.0325999706983566e-002 
2.4708800017833710e-001 9.1876000165939331e-002 1.5689000487327576e-002 
6.4391065734189669e-041 6.6145491411524340e-041 6.6146892709988665e-041 
5.9639262641664215e-041 5.9640663940128539e-041 5.9630854850878266e-041 
2.7480033040046692e-001 6.2917008996009827e-002 1.5828333795070648e-002 
2.7480033040046692e-001 6.2917008996009827e-002 1.5828333795070648e-002 
2.6520150899887085e-001 -1.0551600158214569e-001 8.4625497460365295e-002 
6.4391065734189669e-041 6.6145491411524340e-041 6.6146892709988665e-041 
1.9395099580287933e-001 -3.8309000432491302e-002 8.3535999059677124e-002 
2.6520150899887085e-001 -1.0551600158214569e-001 8.4625497460365295e-002 
2.2613277542404830e-004 2.2096651082392782e-004 2.3035463527776301e-004 
2.6520150899887085e-001 -1.0551600158214569e-001 8.4625497460365295e-002 
2.8023898601531982e-001 8.8729009032249451e-002 1.0243999771773815e-002 
2.8023898601531982e-001 8.8729009032249451e-002 1.0243999771773815e-002 
2.8023898601531982e-001 8.8729009032249451e-002 1.0243999771773815e-002 
2.4340400099754333e-001 -1.3058300316333771e-001 8.4894001483917236e-002 
5.9807418457383193e-041 5.8208536909588576e-041 5.9806017158918868e-041 
5.2454805415070877e-041 5.2456206713535202e-041 5.2457608011999527e-041 
3.7688689189963043e-004 3.9607100188732147e-004 3.8032123120501637e-004 
2.2361800074577332e-001 -4.9584999680519104e-002 8.2719996571540833e-002 
2.6823434233665466e-001 -1.0314366221427917e-001 8.2403674721717834e-002 
2.6500099897384644e-001 -9.9254503846168518e-002 8.4190003573894501e-002 
2.6500099897384644e-001 -9.9254503846168518e-002 8.4190003573894501e-002 
3.7688689189963043e-004 3.9607100188732147e-004 3.8032123120501637e-004 
2.4154600501060486e-001 1.0365500301122665e-001 1.5959000214934349e-002 
1.9232399761676788e-001 -1.9674498587846756e-002 8.4632501006126404e-002 
2.3261199891567230e-001 7.6797001063823700e-002 2.3514000698924065e-002 
5.1239879646501261e-041 5.1251090034215860e-041 5.2177348319134564e-041 
3.6772707244381309e-004 3.7765825982205570e-004 3.9728911360725760e-004 
3.4306058660149574e-004 3.9337726775556803e-004 3.8277980638667941e-004 
3.6772707244381309e-004 3.7765825982205570e-004 3.9728911360725760e-004 
2.6520150899887085e-001 -1.0551600158214569e-001 8.4625497460365295e-002 
2.6520150899887085e-001 -1.0551600158214569e-001 8.4625497460365295e-002 
2.0911749743390828e-004 2.5902470224536955e-004 2.3206997138913721e-004 
2.1776267886161804e-001 8.6742997169494629e-002 2.4295665323734283e-002 
2.0232200622558594e-001 -2.3352667689323425e-002 8.1292003393173218e-002 
2.0232200622558594e-001 -2.3352667689323425e-002 8.1292003393173218e-002 
3.0326323092087553e-019 6.4780710785179828e-039 5.5890825528490621e-031 
3.0326323092087553e-019 6.4780710785179828e-039 5.5890825528490621e-031 
3.0326323092087553e-019 6.4780710785179828e-039 5.5890825528490621e-031 
5.9639262641664215e-041 5.9640663940128539e-041 5.9630854850878266e-041 
2.7480033040046692e-001 6.2917008996009827e-002 1.5828333795070648e-002 
5.8024966810762025e-041 5.4468471308305640e-041 5.4462866114448340e-041 
3.0397539376281202e-004 2.7299666544422507e-004 2.6331268600188196e-004 
2.8023898601531982e-001 8.8729009032249451e-002 1.0243999771773815e-002 
2.1198500692844391e-001 4.8016998916864395e-002 1.4778999611735344e-002 
2.6500099897384644e-001 -9.9254503846168518e-002 8.4190003573894501e-002 
3.6772707244381309e-004 3.7765825982205570e-004 3.9728911360725760e-004 
2.6500099897384644e-001 -9.9254503846168518e-002 8.4190003573894501e-002 
3.6772707244381309e-004 3.7765825982205570e-004 3.9728911360725760e-004 
2.3178923584055156e-004 2.5119518977589905e-004 2.4007270985748619e-004 
3.7688689189963043e-004 3.9607100188732147e-004 3.8032123120501637e-004 
3.4306058660149574e-004 3.9337726775556803e-004 3.8277980638667941e-004 
]
