corrPoints_Model=[...
2.5908100605010986e-001 -1.5092000365257263e-001 8.8624000549316406e-002 
2.0310351252555847e-001 -2.0871000364422798e-002 7.3931001126766205e-002 
1.9962599873542786e-001 4.0429998189210892e-003 9.3881003558635712e-002 
2.6019102334976196e-001 -4.4562000781297684e-002 8.6510501801967621e-002 
2.2434000670909882e-001 -3.0795000493526459e-002 7.8787997364997864e-002 
2.3668000102043152e-001 -1.3094851374626160e-001 8.0107502639293671e-002 
2.4330300092697144e-001 4.6803999692201614e-002 8.3713002502918243e-002 
1.9962599873542786e-001 4.0429998189210892e-003 9.3881003558635712e-002 
2.3813000321388245e-001 -1.3246899843215942e-001 8.2941003143787384e-002 
2.4330300092697144e-001 4.6803999692201614e-002 8.3713002502918243e-002 
1.6481301188468933e-001 6.2022998929023743e-002 8.4811501204967499e-002 
1.9962599873542786e-001 4.0429998189210892e-003 9.3881003558635712e-002 
2.3843899369239807e-001 -1.3427700102329254e-001 8.3374001085758209e-002 
2.1540650725364685e-001 4.3563000857830048e-002 9.0672001242637634e-002 
2.1540650725364685e-001 4.3563000857830048e-002 9.0672001242637634e-002 
2.3842300474643707e-001 -1.2875750660896301e-001 8.3803996443748474e-002 
1.3352100551128387e-001 2.6048000901937485e-002 9.7984001040458679e-002 
2.3843899369239807e-001 -1.3427700102329254e-001 8.3374001085758209e-002 
2.6450699567794800e-001 -1.2675999663770199e-002 8.7090998888015747e-002 
2.4115300178527832e-001 -1.3094399869441986e-001 8.4457002580165863e-002 
2.3668000102043152e-001 -1.3094851374626160e-001 8.0107502639293671e-002 
1.3211700320243835e-001 3.4536998718976974e-002 1.0037200152873993e-001 
1.3175234198570251e-001 3.0241167172789574e-002 9.9684670567512512e-002 
2.4856500327587128e-001 -1.3245700299739838e-001 8.5562996566295624e-002 
2.1981966495513916e-001 -1.9638668745756149e-002 8.3374671638011932e-002 
2.4280533194541931e-001 -9.8674997687339783e-002 8.7090671062469482e-002 
1.3352100551128387e-001 2.6048000901937485e-002 9.7984001040458679e-002 
2.2207500040531158e-001 -2.2702999413013458e-002 8.2290001213550568e-002 
2.0581001043319702e-001 4.5653000473976135e-002 8.2139998674392700e-002 
2.1867999434471130e-001 -2.1372999995946884e-002 8.2946673035621643e-002 
2.4280533194541931e-001 -9.8674997687339783e-002 8.7090671062469482e-002 
1.9123551249504089e-001 -2.8813999146223068e-002 8.3563998341560364e-002 
2.0596699416637421e-001 -2.1389000117778778e-002 8.2030996680259705e-002 
2.3300300538539886e-001 -7.4955001473426819e-002 8.6989998817443848e-002 
2.3089699447154999e-001 2.6581000536680222e-002 9.7649998962879181e-002 
2.3183399438858032e-001 2.9710000380873680e-002 9.7451999783515930e-002 
2.4071550369262695e-001 1.4080000109970570e-002 9.5886498689651489e-002 
1.6932800412178040e-001 2.0236000418663025e-002 1.0105299949645996e-001 
2.4856500327587128e-001 -1.3245700299739838e-001 8.5562996566295624e-002 
2.6359900832176208e-001 -1.4073999598622322e-002 8.7826997041702271e-002 
2.1437899768352509e-001 -5.3288001567125320e-002 8.2745999097824097e-002 
2.3843899369239807e-001 -1.3427700102329254e-001 8.3374001085758209e-002 
2.4000699818134308e-001 -6.6088996827602386e-002 8.8481999933719635e-002 
2.3117999732494354e-001 -2.6265999302268028e-002 9.0333998203277588e-002 
2.2313299775123596e-001 -4.6151999384164810e-002 8.2936495542526245e-002 
2.2036048769950867e-001 -5.3279999643564224e-002 8.1425502896308899e-002 
2.1558399498462677e-001 -5.0799999386072159e-002 8.2309000194072723e-002 
2.1437899768352509e-001 -5.3288001567125320e-002 8.2745999097824097e-002 
2.0596699416637421e-001 -2.1389000117778778e-002 8.2030996680259705e-002 
2.0866450667381287e-001 -2.1385999396443367e-002 8.2123503088951111e-002 
2.0866450667381287e-001 -2.1385999396443367e-002 8.2123503088951111e-002 
2.2086799144744873e-001 -2.1369999274611473e-002 8.3157002925872803e-002 
2.2036048769950867e-001 -5.3279999643564224e-002 8.1425502896308899e-002 
1.3376334309577942e-001 4.4094003736972809e-002 1.0176467150449753e-001 
2.1558399498462677e-001 -5.0799999386072159e-002 8.2309000194072723e-002 
2.2547200322151184e-001 -5.4039999842643738e-002 8.8458999991416931e-002 
2.2086799144744873e-001 -2.1369999274611473e-002 8.3157002925872803e-002 
2.2086799144744873e-001 -2.1369999274611473e-002 8.3157002925872803e-002 
1.3428899645805359e-001 4.5771501958370209e-002 1.0132300853729248e-001 
2.1981966495513916e-001 -1.9638668745756149e-002 8.3374671638011932e-002 
2.2547200322151184e-001 -5.4039999842643738e-002 8.8458999991416931e-002 
2.0006999373435974e-001 -4.5177999883890152e-002 8.1963002681732178e-002 
1.3168150186538696e-001 2.1483000367879868e-002 9.4841495156288147e-002 
2.2207500040531158e-001 -2.2702999413013458e-002 8.2290001213550568e-002 
2.2240899503231049e-001 -1.9634999334812164e-002 8.3584003150463104e-002 
2.1867999434471130e-001 -2.1372999995946884e-002 8.2946673035621643e-002 
1.5489800274372101e-001 2.5175999850034714e-002 1.0152000188827515e-001 
2.1867999434471130e-001 -2.1372999995946884e-002 8.2946673035621643e-002 
2.1867999434471130e-001 -2.1372999995946884e-002 8.2946673035621643e-002 
2.3189850151538849e-001 -3.6332998424768448e-002 9.0127997100353241e-002 
2.1924999356269836e-001 -5.0120998173952103e-002 8.3160996437072754e-002 
2.2973150014877319e-001 -9.8153002560138702e-002 8.5928000509738922e-002 
1.3376334309577942e-001 4.4094003736972809e-002 1.0176467150449753e-001 
2.5434899330139160e-001 4.8075001686811447e-002 8.4743998944759369e-002 
1.9232399761676788e-001 -1.9674498587846756e-002 8.4632501006126404e-002 
2.6377034187316895e-001 -4.6591665595769882e-002 8.4755003452301025e-002 
2.5632047653198242e-001 -1.4226099848747253e-001 8.7538003921508789e-002 
2.3843899369239807e-001 -1.3427700102329254e-001 8.3374001085758209e-002 
2.5458699464797974e-001 -1.3803599774837494e-001 8.5818998515605927e-002 
2.5458699464797974e-001 -1.3803599774837494e-001 8.5818998515605927e-002 
1.3436800241470337e-001 3.7044998258352280e-002 1.0163299739360809e-001 
2.2207500040531158e-001 -2.2702999413013458e-002 8.2290001213550568e-002 
2.4045999348163605e-001 -7.0064000785350800e-002 8.9111998677253723e-002 
2.3189449310302734e-001 -3.4626498818397522e-002 9.0335503220558167e-002 
1.3539749383926392e-001 4.1242249310016632e-002 1.0210649669170380e-001 
2.5632047653198242e-001 -1.4226099848747253e-001 8.7538003921508789e-002 
2.6415249705314636e-001 9.2040002346038818e-003 8.8045999407768250e-002 
2.5458699464797974e-001 -1.3803599774837494e-001 8.5818998515605927e-002 
2.5794300436973572e-001 -1.7800000205170363e-004 9.0292997658252716e-002 
1.3471698760986328e-001 3.8949005305767059e-002 1.0192966461181641e-001 
1.3172549009323120e-001 3.7753500044345856e-002 1.0133549571037292e-001 
2.4238200485706329e-001 -6.5113998949527740e-002 8.9121997356414795e-002 
2.4317950010299683e-001 -9.4552502036094666e-002 8.7655499577522278e-002 
1.3681533932685852e-001 3.5228334367275238e-002 1.0162700712680817e-001 
2.4071550369262695e-001 1.4080000109970570e-002 9.5886498689651489e-002 
2.3880100250244141e-001 1.4732999727129936e-002 9.6679501235485077e-002 
2.4238200485706329e-001 -6.5113998949527740e-002 8.9121997356414795e-002 
2.3880100250244141e-001 1.4732999727129936e-002 9.6679501235485077e-002 
2.3189850151538849e-001 -3.6332998424768448e-002 9.0127997100353241e-002 
2.2086799144744873e-001 -2.1369999274611473e-002 8.3157002925872803e-002 
2.1867999434471130e-001 -2.1372999995946884e-002 8.2946673035621643e-002 
2.3189850151538849e-001 -3.6332998424768448e-002 9.0127997100353241e-002 
1.5489800274372101e-001 2.5175999850034714e-002 1.0152000188827515e-001 
1.3539749383926392e-001 4.1242249310016632e-002 1.0210649669170380e-001 
2.3189850151538849e-001 -3.6332998424768448e-002 9.0127997100353241e-002 
2.2937300801277161e-001 -7.6241999864578247e-002 8.8876001536846161e-002 
1.3539749383926392e-001 4.1242249310016632e-002 1.0210649669170380e-001 
1.7862999439239502e-001 1.6070000827312469e-002 9.9605999886989594e-002 
2.2937300801277161e-001 -7.6241999864578247e-002 8.8876001536846161e-002 
1.3539749383926392e-001 4.1242249310016632e-002 1.0210649669170380e-001 
2.2626000642776489e-001 4.8037000000476837e-002 9.0952999889850616e-002 
1.9123551249504089e-001 -2.8813999146223068e-002 8.3563998341560364e-002 
1.9123551249504089e-001 -2.8813999146223068e-002 8.3563998341560364e-002 
2.6377034187316895e-001 -4.6591665595769882e-002 8.4755003452301025e-002 
1.9172200560569763e-001 -2.2210335358977318e-002 8.4351330995559692e-002 
1.3168150186538696e-001 2.1483000367879868e-002 9.4841495156288147e-002 
2.5632047653198242e-001 -1.4226099848747253e-001 8.7538003921508789e-002 
2.5632047653198242e-001 -1.4226099848747253e-001 8.7538003921508789e-002 
1.3949200510978699e-001 2.3427000269293785e-002 9.8589003086090088e-002 
1.3539749383926392e-001 4.1242249310016632e-002 1.0210649669170380e-001 
1.3471698760986328e-001 3.8949005305767059e-002 1.0192966461181641e-001 
1.3776899874210358e-001 4.0179498493671417e-002 1.0220699757337570e-001 
2.4166099727153778e-001 -6.1701998114585876e-002 8.9117996394634247e-002 
2.4317950010299683e-001 -9.4552502036094666e-002 8.7655499577522278e-002 
2.3189850151538849e-001 -3.6332998424768448e-002 9.0127997100353241e-002 
2.3231300711631775e-001 -3.8768999278545380e-002 8.9296996593475342e-002 
2.2369834780693054e-001 -5.1741331815719604e-002 8.2575336098670959e-002 
1.6422067582607269e-001 2.2162999957799911e-002 1.0060100257396698e-001 
1.3539749383926392e-001 4.1242249310016632e-002 1.0210649669170380e-001 
1.6422067582607269e-001 2.2162999957799911e-002 1.0060100257396698e-001 
2.2937300801277161e-001 -7.6241999864578247e-002 8.8876001536846161e-002 
2.2937300801277161e-001 -7.6241999864578247e-002 8.8876001536846161e-002 
2.2994099557399750e-001 -8.7020002305507660e-002 8.8143996894359589e-002 
2.4275849759578705e-001 6.6265002824366093e-003 9.5900498330593109e-002 
2.5632047653198242e-001 -1.4226099848747253e-001 8.7538003921508789e-002 
1.5823134779930115e-001 2.2155668586492538e-002 9.9912002682685852e-002 
2.5632047653198242e-001 -1.4226099848747253e-001 8.7538003921508789e-002 
2.3843899369239807e-001 -1.3427700102329254e-001 8.3374001085758209e-002 
2.5778099894523621e-001 -2.6993332430720329e-003 9.0290993452072144e-002 
2.5794300436973572e-001 -1.7800000205170363e-004 9.0292997658252716e-002 
2.5778099894523621e-001 -2.6993332430720329e-003 9.0290993452072144e-002 
1.3949200510978699e-001 2.3427000269293785e-002 9.8589003086090088e-002 
1.3217049837112427e-001 4.4091999530792236e-002 1.0162950307130814e-001 
1.4037400484085083e-001 2.6464000344276428e-002 1.0001900047063828e-001 
2.4279350042343140e-001 -5.8237999677658081e-002 8.8914498686790466e-002 
1.4179599285125732e-001 4.9557499587535858e-002 1.0037700086832047e-001 
2.4317950010299683e-001 -9.4552502036094666e-002 8.7655499577522278e-002 
2.4550299346446991e-001 -1.2300100177526474e-001 8.5118003189563751e-002 
2.2937300801277161e-001 -7.6241999864578247e-002 8.8876001536846161e-002 
1.5489800274372101e-001 2.5175999850034714e-002 1.0152000188827515e-001 
2.1897800266742706e-001 -5.0795000046491623e-002 8.1428997218608856e-002 
2.1897800266742706e-001 -5.0795000046491623e-002 8.1428997218608856e-002 
2.3157200217247009e-001 -7.9147003591060638e-002 8.6352996528148651e-002 
2.3238399624824524e-001 -9.1632999479770660e-002 8.5929997265338898e-002 
2.5632047653198242e-001 -1.4226099848747253e-001 8.7538003921508789e-002 
1.5823134779930115e-001 2.2155668586492538e-002 9.9912002682685852e-002 
1.4168550074100494e-001 3.6215249449014664e-002 1.0141749680042267e-001 
2.5468900799751282e-001 -2.1329667419195175e-002 9.2335663735866547e-002 
1.8070635199546814e-001 3.6265999078750610e-002 1.0075600445270538e-001 
1.4996899664402008e-001 4.8718500882387161e-002 1.0129400342702866e-001 
2.4317950010299683e-001 -9.4552502036094666e-002 8.7655499577522278e-002 
2.4317950010299683e-001 -9.4552502036094666e-002 8.7655499577522278e-002 
2.4071550369262695e-001 1.4080000109970570e-002 9.5886498689651489e-002 
2.3231300711631775e-001 -3.8768999278545380e-002 8.9296996593475342e-002 
2.4571067094802856e-001 -1.1354933679103851e-001 8.7105676531791687e-002 
1.6422067582607269e-001 2.2162999957799911e-002 1.0060100257396698e-001 
2.2436000406742096e-001 -1.6380999237298965e-002 9.0747997164726257e-002 
2.3071067035198212e-001 -3.8263667374849319e-002 8.9919000864028931e-002 
2.5981998443603516e-001 4.4261001050472260e-002 8.6934000253677368e-002 
2.5905999541282654e-001 -3.4591000527143478e-002 8.7139002978801727e-002 
2.3336100578308105e-001 -1.0812299698591232e-001 8.5399001836776733e-002 
2.3238399624824524e-001 -9.1632999479770660e-002 8.5929997265338898e-002 
2.5632047653198242e-001 -1.4226099848747253e-001 8.7538003921508789e-002 
1.4168550074100494e-001 3.6215249449014664e-002 1.0141749680042267e-001 
2.3190049827098846e-001 -3.3599999733269215e-003 9.8049998283386230e-002 
2.4279350042343140e-001 -5.8237999677658081e-002 8.8914498686790466e-002 
2.4280533194541931e-001 -9.8674997687339783e-002 8.7090671062469482e-002 
2.4071550369262695e-001 1.4080000109970570e-002 9.5886498689651489e-002 
2.4317950010299683e-001 -9.4552502036094666e-002 8.7655499577522278e-002 
2.3690800368785858e-001 -3.8256000727415085e-002 9.0139999985694885e-002 
2.3300300538539886e-001 -7.4955001473426819e-002 8.6989998817443848e-002 
1.4606000483036041e-001 2.2810999304056168e-002 9.8548002541065216e-002 
2.2937300801277161e-001 -7.6241999864578247e-002 8.8876001536846161e-002 
2.2937300801277161e-001 -7.6241999864578247e-002 8.8876001536846161e-002 
1.6538000106811523e-001 2.3459000512957573e-002 1.0157299786806107e-001 
1.5489800274372101e-001 2.5175999850034714e-002 1.0152000188827515e-001 
2.6774635910987854e-001 -9.5664337277412415e-002 8.2251995801925659e-002 
2.3336100578308105e-001 -1.0812299698591232e-001 8.5399001836776733e-002 
2.2973150014877319e-001 -9.8153002560138702e-002 8.5928000509738922e-002 
2.2929868102073669e-001 -6.8595007061958313e-002 8.8458001613616943e-002 
1.4168550074100494e-001 3.6215249449014664e-002 1.0141749680042267e-001 
2.4169099330902100e-001 -6.8579003214836121e-002 8.8489502668380737e-002 
2.4279350042343140e-001 -5.8237999677658081e-002 8.8914498686790466e-002 
2.4071550369262695e-001 1.4080000109970570e-002 9.5886498689651489e-002 
1.7567150294780731e-001 3.5278249531984329e-002 1.0217399895191193e-001 
2.3189850151538849e-001 -3.6332998424768448e-002 9.0127997100353241e-002 
2.3189850151538849e-001 -3.6332998424768448e-002 9.0127997100353241e-002 
2.3071067035198212e-001 -3.8263667374849319e-002 8.9919000864028931e-002 
2.1558399498462677e-001 -5.0799999386072159e-002 8.2309000194072723e-002 
2.6182597875595093e-001 -1.5159999951720238e-002 8.8230997323989868e-002 
2.6514700055122375e-001 -1.4072000049054623e-002 8.6564004421234131e-002 
2.6201200485229492e-001 -7.1653001010417938e-002 8.5671998560428619e-002 
2.2929868102073669e-001 -6.8595007061958313e-002 8.8458001613616943e-002 
1.4168550074100494e-001 3.6215249449014664e-002 1.0141749680042267e-001 
1.9358500838279724e-001 2.0267000421881676e-002 1.0207249969244003e-001 
2.3190049827098846e-001 -3.3599999733269215e-003 9.8049998283386230e-002 
1.7366465926170349e-001 3.1094333156943321e-002 1.0226133465766907e-001 
2.3760999739170074e-001 -3.4618999809026718e-002 9.0557500720024109e-002 
2.3972201347351074e-001 -9.5054000616073608e-002 8.7640337646007538e-002 
2.3474399745464325e-001 -9.2061996459960938e-002 8.7835669517517090e-002 
2.2937300801277161e-001 -7.6241999864578247e-002 8.8876001536846161e-002 
2.6021000742912292e-001 -3.3259000629186630e-002 8.7150998413562775e-002 
2.6322799921035767e-001 -6.6057503223419189e-002 8.4389001131057739e-002 
2.6514700055122375e-001 -1.4072000049054623e-002 8.6564004421234131e-002 
1.8921600282192230e-001 1.4011999592185020e-002 9.9979996681213379e-002 
1.6822950541973114e-001 2.9626751318573952e-002 1.0238599777221680e-001 
2.4000699818134308e-001 -6.6088996827602386e-002 8.8481999933719635e-002 
2.4018567800521851e-001 -8.1760503351688385e-002 8.8063001632690430e-002 
2.3760999739170074e-001 -3.4618999809026718e-002 9.0557500720024109e-002 
2.4025425314903259e-001 -8.3590000867843628e-002 8.8325746357440948e-002 
2.3648500442504883e-001 -6.5769001841545105e-002 8.8469997048377991e-002 
2.2929334640502930e-001 -4.5142333954572678e-002 8.8876001536846161e-002 
2.2937300801277161e-001 -7.6241999864578247e-002 8.8876001536846161e-002 
2.6774635910987854e-001 -9.5664337277412415e-002 8.2251995801925659e-002 
2.3843899369239807e-001 -1.3427700102329254e-001 8.3374001085758209e-002 
2.5794300436973572e-001 -1.7800000205170363e-004 9.0292997658252716e-002 
2.5427800416946411e-001 -1.4496900141239166e-001 8.5602000355720520e-002 
1.5624600648880005e-001 2.7114000171422958e-002 1.0147200524806976e-001 
1.5624600648880005e-001 2.7114000171422958e-002 1.0147200524806976e-001 
1.6090799868106842e-001 2.6489999145269394e-002 1.0211950540542603e-001 
2.4169099330902100e-001 -6.8579003214836121e-002 8.8489502668380737e-002 
2.4000699818134308e-001 -6.6088996827602386e-002 8.8481999933719635e-002 
2.4169099330902100e-001 -6.8579003214836121e-002 8.8489502668380737e-002 
2.0118150115013123e-001 2.0276499912142754e-002 1.0156299918889999e-001 
2.3760999739170074e-001 -3.4618999809026718e-002 9.0557500720024109e-002 
2.2961500287055969e-001 8.7519995868206024e-003 1.0061199963092804e-001 
2.3648500442504883e-001 -6.5769001841545105e-002 8.8469997048377991e-002 
2.4000699818134308e-001 -6.6088996827602386e-002 8.8481999933719635e-002 
2.4535450339317322e-001 -7.1676500141620636e-002 9.1839499771595001e-002 
2.4668467044830322e-001 -7.6220333576202393e-002 9.2261672019958496e-002 
2.4668467044830322e-001 -7.6220333576202393e-002 9.2261672019958496e-002 
2.2961500287055969e-001 8.7519995868206024e-003 1.0061199963092804e-001 
2.3231300711631775e-001 -3.8768999278545380e-002 8.9296996593475342e-002 
1.6390599310398102e-001 3.2953999936580658e-002 1.0262200236320496e-001 
2.3865801095962524e-001 -8.9043997228145599e-002 8.8161997497081757e-002 
2.3391200602054596e-001 -4.5136999338865280e-002 8.9091002941131592e-002 
2.3536600172519684e-001 -7.1254998445510864e-002 8.8467001914978027e-002 
2.3474399745464325e-001 -9.2061996459960938e-002 8.7835669517517090e-002 
2.2570849955081940e-001 -4.3283000588417053e-002 8.9501999318599701e-002 
2.2937300801277161e-001 -7.6241999864578247e-002 8.8876001536846161e-002 
2.2595100104808807e-001 -5.6754000484943390e-002 8.8248997926712036e-002 
2.2706200182437897e-001 -4.8246998339891434e-002 8.9084997773170471e-002 
2.6182597875595093e-001 -1.5159999951720238e-002 8.8230997323989868e-002 
1.4606000483036041e-001 2.2810999304056168e-002 9.8548002541065216e-002 
2.5794300436973572e-001 -1.7800000205170363e-004 9.0292997658252716e-002 
2.2973150014877319e-001 -9.8153002560138702e-002 8.5928000509738922e-002 
2.2973150014877319e-001 -9.8153002560138702e-002 8.5928000509738922e-002 
2.3023399710655212e-001 -3.1785000115633011e-002 8.9918002486228943e-002 
1.6276535391807556e-001 2.4621000513434410e-002 1.0178999602794647e-001 
2.3023399710655212e-001 -3.1785000115633011e-002 8.9918002486228943e-002 
1.5624600648880005e-001 2.7114000171422958e-002 1.0147200524806976e-001 
1.5624600648880005e-001 2.7114000171422958e-002 1.0147200524806976e-001 
1.5332850813865662e-001 2.9608000069856644e-002 1.0218599438667297e-001 
1.5332850813865662e-001 2.9608000069856644e-002 1.0218599438667297e-001 
2.3922699689865112e-001 -3.5820499062538147e-002 8.9941501617431641e-002 
2.3922699689865112e-001 -3.5820499062538147e-002 8.9941501617431641e-002 
2.4238200485706329e-001 -6.5113998949527740e-002 8.9121997356414795e-002 
1.5520399808883667e-001 2.9610000550746918e-002 1.0177933424711227e-001 
2.4000699818134308e-001 -6.6088996827602386e-002 8.8481999933719635e-002 
2.4169099330902100e-001 -6.8579003214836121e-002 8.8489502668380737e-002 
1.5677699446678162e-001 3.1073000282049179e-002 1.0246500372886658e-001 
1.5677699446678162e-001 3.1073000282049179e-002 1.0246500372886658e-001 
1.6621033847332001e-001 4.5595999807119370e-002 1.0060800611972809e-001 
2.3690800368785858e-001 -3.8256000727415085e-002 9.0139999985694885e-002 
2.3231300711631775e-001 -3.8768999278545380e-002 8.9296996593475342e-002 
2.3231300711631775e-001 -3.8768999278545380e-002 8.9296996593475342e-002 
2.3921500146389008e-001 -7.6741002500057220e-002 8.8269002735614777e-002 
2.3865801095962524e-001 -8.9043997228145599e-002 8.8161997497081757e-002 
2.3071067035198212e-001 -3.8263667374849319e-002 8.9919000864028931e-002 
2.3079499602317810e-001 -4.3276000767946243e-002 8.9607000350952148e-002 
2.3344300687313080e-001 -7.4078001081943512e-002 8.8671997189521790e-002 
2.2994099557399750e-001 -8.7020002305507660e-002 8.8143996894359589e-002 
2.2570849955081940e-001 -4.3283000588417053e-002 8.9501999318599701e-002 
2.3073101043701172e-001 -7.7537000179290771e-002 8.8668003678321838e-002 
2.1657599508762360e-001 3.7640001624822617e-002 9.6470996737480164e-002 
2.6182597875595093e-001 -1.5159999951720238e-002 8.8230997323989868e-002 
1.9967868924140930e-001 1.4682000502943993e-002 9.9018000066280365e-002 
2.0135900378227234e-001 1.1636000126600266e-002 9.8398998379707336e-002 
1.5823134779930115e-001 2.2155668586492538e-002 9.9912002682685852e-002 
1.5823134779930115e-001 2.2155668586492538e-002 9.9912002682685852e-002 
2.5794300436973572e-001 -1.7800000205170363e-004 9.0292997658252716e-002 
2.5427800416946411e-001 -1.4496900141239166e-001 8.5602000355720520e-002 
1.4204199612140656e-001 2.7095999568700790e-002 9.9535003304481506e-002 
2.6514700055122375e-001 -1.4072000049054623e-002 8.6564004421234131e-002 
2.3023399710655212e-001 -3.1785000115633011e-002 8.9918002486228943e-002 
1.5624600648880005e-001 2.7114000171422958e-002 1.0147200524806976e-001 
1.5624600648880005e-001 2.7114000171422958e-002 1.0147200524806976e-001 
2.3922699689865112e-001 -3.5820499062538147e-002 8.9941501617431641e-002 
2.3922699689865112e-001 -3.5820499062538147e-002 8.9941501617431641e-002 
2.3922699689865112e-001 -3.5820499062538147e-002 8.9941501617431641e-002 
1.7976349592208862e-001 4.2158000171184540e-002 1.0027950257062912e-001 
2.3690800368785858e-001 -3.8256000727415085e-002 9.0139999985694885e-002 
2.3690800368785858e-001 -3.8256000727415085e-002 9.0139999985694885e-002 
2.3690800368785858e-001 -3.8256000727415085e-002 9.0139999985694885e-002 
2.3921500146389008e-001 -7.6741002500057220e-002 8.8269002735614777e-002 
2.4668467044830322e-001 -7.6220333576202393e-002 9.2261672019958496e-002 
2.3231300711631775e-001 -3.8768999278545380e-002 8.9296996593475342e-002 
2.3865801095962524e-001 -8.9043997228145599e-002 8.8161997497081757e-002 
2.3071067035198212e-001 -3.8263667374849319e-002 8.9919000864028931e-002 
2.2753199934959412e-001 -5.5144999176263809e-002 9.0125001966953278e-002 
2.2681450843811035e-001 -5.2673500031232834e-002 9.0694501996040344e-002 
2.4775674939155579e-001 2.0338000729680061e-002 9.6647001802921295e-002 
2.2753199934959412e-001 -5.5144999176263809e-002 9.0125001966953278e-002 
2.2570849955081940e-001 -4.3283000588417053e-002 8.9501999318599701e-002 
2.6182597875595093e-001 -1.5159999951720238e-002 8.8230997323989868e-002 
1.9967868924140930e-001 1.4682000502943993e-002 9.9018000066280365e-002 
2.6296299695968628e-001 -8.1769991666078568e-003 8.7605997920036316e-002 
2.5427800416946411e-001 -1.4496900141239166e-001 8.5602000355720520e-002 
2.5765100121498108e-001 -1.4551700651645660e-001 8.8186003267765045e-002 
2.6605299115180969e-001 -7.0028997957706451e-002 8.3765998482704163e-002 
2.6007801294326782e-001 -1.7600000137463212e-004 9.0107999742031097e-002 
2.6354900002479553e-001 -7.0032998919487000e-002 8.5257001221179962e-002 
1.4204199612140656e-001 2.7095999568700790e-002 9.9535003304481506e-002 
1.5624600648880005e-001 2.7114000171422958e-002 1.0147200524806976e-001 
1.5624600648880005e-001 2.7114000171422958e-002 1.0147200524806976e-001 
1.5624600648880005e-001 2.7114000171422958e-002 1.0147200524806976e-001 
2.3922699689865112e-001 -3.5820499062538147e-002 8.9941501617431641e-002 
2.3922699689865112e-001 -3.5820499062538147e-002 8.9941501617431641e-002 
1.5520399808883667e-001 2.9610000550746918e-002 1.0177933424711227e-001 
2.3690800368785858e-001 -3.8256000727415085e-002 9.0139999985694885e-002 
1.7113000154495239e-001 4.1288498789072037e-002 1.0160200297832489e-001 
1.7976349592208862e-001 4.2158000171184540e-002 1.0027950257062912e-001 
2.3690800368785858e-001 -3.8256000727415085e-002 9.0139999985694885e-002 
2.3359499871730804e-001 -4.8783000558614731e-002 8.8986001908779144e-002 
2.3152099549770355e-001 -4.9577001482248306e-002 8.9087001979351044e-002 
2.3183900117874146e-001 -5.2083000540733337e-002 8.9087001979351044e-002 
2.3366299271583557e-001 2.8780000284314156e-003 9.9046997725963593e-002 
2.1221201121807098e-001 4.1169669479131699e-002 9.2303335666656494e-002 
2.0328466594219208e-001 4.2693667113780975e-002 9.1480672359466553e-002 
2.3778167366981506e-001 -1.2675318121910095e-001 8.3587668836116791e-002 
2.6774635910987854e-001 -9.5664337277412415e-002 8.2251995801925659e-002 
2.6182597875595093e-001 -1.5159999951720238e-002 8.8230997323989868e-002 
2.5794300436973572e-001 -1.7800000205170363e-004 9.0292997658252716e-002 
2.5427800416946411e-001 -1.4496900141239166e-001 8.5602000355720520e-002 
2.5682950019836426e-001 -1.5092200040817261e-001 8.7330497801303864e-002 
2.6514700055122375e-001 -1.4072000049054623e-002 8.6564004421234131e-002 
2.6514700055122375e-001 -1.4072000049054623e-002 8.6564004421234131e-002 
2.3238399624824524e-001 -9.1632999479770660e-002 8.5929997265338898e-002 
1.5624600648880005e-001 2.7114000171422958e-002 1.0147200524806976e-001 
1.5624600648880005e-001 2.7114000171422958e-002 1.0147200524806976e-001 
1.5624600648880005e-001 2.7114000171422958e-002 1.0147200524806976e-001 
1.5624600648880005e-001 2.7114000171422958e-002 1.0147200524806976e-001 
1.5624600648880005e-001 2.7114000171422958e-002 1.0147200524806976e-001 
1.5624600648880005e-001 2.7114000171422958e-002 1.0147200524806976e-001 
1.5332850813865662e-001 2.9608000069856644e-002 1.0218599438667297e-001 
2.4166099727153778e-001 -6.1701998114585876e-002 8.9117996394634247e-002 
1.7113000154495239e-001 4.1288498789072037e-002 1.0160200297832489e-001 
2.3873233795166016e-001 -6.0091998428106308e-002 8.8302336633205414e-002 
2.3071067035198212e-001 -3.8263667374849319e-002 8.9919000864028931e-002 
2.3183900117874146e-001 -5.2083000540733337e-002 8.9087001979351044e-002 
2.2610400617122650e-001 -3.5183001309633255e-002 9.0126000344753265e-002 
2.2753199934959412e-001 -5.5144999176263809e-002 9.0125001966953278e-002 
2.5661399960517883e-001 5.2419998683035374e-003 9.1527998447418213e-002 
2.6182597875595093e-001 -1.5159999951720238e-002 8.8230997323989868e-002 
2.6386949419975281e-001 -1.1242999695241451e-002 8.7616994976997375e-002 
2.6182597875595093e-001 -1.5159999951720238e-002 8.8230997323989868e-002 
2.0220500230789185e-001 1.4029334299266338e-002 9.9382005631923676e-002 
2.5778099894523621e-001 -2.6993332430720329e-003 9.0290993452072144e-002 
2.6260197162628174e-001 -6.3310000114142895e-003 8.8662996888160706e-002 
2.6007801294326782e-001 -1.7600000137463212e-004 9.0107999742031097e-002 
2.6511800289154053e-001 -7.1823999285697937e-002 8.4624998271465302e-002 
2.6354900002479553e-001 -7.0032998919487000e-002 8.5257001221179962e-002 
2.6373898983001709e-001 -7.1650668978691101e-002 8.5042998194694519e-002 
2.3023399710655212e-001 -3.1785000115633011e-002 8.9918002486228943e-002 
2.1570901572704315e-001 3.3060002606362104e-003 9.9064998328685760e-002 
2.1570901572704315e-001 3.3060002606362104e-003 9.9064998328685760e-002 
2.0073400437831879e-001 1.2550000101327896e-003 9.3834996223449707e-002 
1.5624600648880005e-001 2.7114000171422958e-002 1.0147200524806976e-001 
2.1570901572704315e-001 3.3060002606362104e-003 9.9064998328685760e-002 
1.7559300363063812e-001 4.2824499309062958e-002 9.9880002439022064e-002 
2.4166099727153778e-001 -6.1701998114585876e-002 8.9117996394634247e-002 
1.7318700253963470e-001 4.0225334465503693e-002 1.0121166706085205e-001 
2.3873233795166016e-001 -6.0091998428106308e-002 8.8302336633205414e-002 
2.3189850151538849e-001 -3.6332998424768448e-002 9.0127997100353241e-002 
2.4232167005538940e-001 -1.1355400085449219e-001 8.7088331580162048e-002 
2.2935749590396881e-001 -3.6336001008749008e-002 9.0125001966953278e-002 
2.1521699428558350e-001 3.9055000990629196e-002 9.5271497964859009e-002 
2.3366299271583557e-001 2.8780000284314156e-003 9.9046997725963593e-002 
2.4020366370677948e-001 -1.1055000871419907e-001 8.7642334401607513e-002 
2.3327550292015076e-001 -1.4009999576956034e-003 9.9045500159263611e-002 
2.0387299358844757e-001 4.1159000247716904e-002 9.3324996531009674e-002 
1.4070299267768860e-001 6.3851997256278992e-002 9.2363998293876648e-002 
2.1829900145530701e-001 3.7642501294612885e-002 9.6864499151706696e-002 
2.6182597875595093e-001 -1.5159999951720238e-002 8.8230997323989868e-002 
2.6260197162628174e-001 -6.3310000114142895e-003 8.8662996888160706e-002 
2.6201200485229492e-001 -7.1653001010417938e-002 8.5671998560428619e-002 
2.2973150014877319e-001 -9.8153002560138702e-002 8.5928000509738922e-002 
1.5823134779930115e-001 2.2155668586492538e-002 9.9912002682685852e-002 
2.1570901572704315e-001 3.3060002606362104e-003 9.9064998328685760e-002 
2.1570901572704315e-001 3.3060002606362104e-003 9.9064998328685760e-002 
2.1570901572704315e-001 3.3060002606362104e-003 9.9064998328685760e-002 
1.5691199898719788e-001 2.9611999168992043e-002 1.0185399651527405e-001 
1.5841899812221527e-001 2.9613999649882317e-002 1.0180100053548813e-001 
2.2925199568271637e-001 -1.4062500558793545e-003 9.8739251494407654e-002 
2.4166099727153778e-001 -6.1701998114585876e-002 8.9117996394634247e-002 
2.4071550369262695e-001 1.4080000109970570e-002 9.5886498689651489e-002 
2.3873233795166016e-001 -6.0091998428106308e-002 8.8302336633205414e-002 
2.4576500058174133e-001 -7.3678001761436462e-002 9.1636002063751221e-002 
2.4576500058174133e-001 -7.3678001761436462e-002 9.1636002063751221e-002 
2.3816499114036560e-001 -5.3619001060724258e-002 8.8474996387958527e-002 
2.3071067035198212e-001 -3.8263667374849319e-002 8.9919000864028931e-002 
2.2570849955081940e-001 -4.3283000588417053e-002 8.9501999318599701e-002 
2.2681450843811035e-001 -5.2673500031232834e-002 9.0694501996040344e-002 
2.3117299377918243e-001 3.0099999275989830e-004 9.9632002413272858e-002 
1.3172549009323120e-001 3.7753500044345856e-002 1.0133549571037292e-001 
2.6466700434684753e-001 -9.6170000731945038e-002 8.4187000989913940e-002 
2.6466700434684753e-001 -9.6170000731945038e-002 8.4187000989913940e-002 
2.5661399960517883e-001 5.2419998683035374e-003 9.1527998447418213e-002 
2.2626000642776489e-001 4.8037000000476837e-002 9.0952999889850616e-002 
2.6572737097740173e-001 -9.5019005239009857e-002 8.3690337836742401e-002 
2.6600301265716553e-001 -8.5051000118255615e-002 8.4200002253055573e-002 
2.6165598630905151e-001 -7.7200001105666161e-003 8.9074999094009399e-002 
2.6500099897384644e-001 -9.9254503846168518e-002 8.4190003573894501e-002 
2.6511800289154053e-001 -7.1823999285697937e-002 8.4624998271465302e-002 
2.6201200485229492e-001 -7.1653001010417938e-002 8.5671998560428619e-002 
2.6415398716926575e-001 -7.4914000928401947e-002 8.5046999156475067e-002 
1.8166434764862061e-001 1.9115667790174484e-002 1.0073399543762207e-001 
1.7971800267696381e-001 1.8517000600695610e-002 1.0117749869823456e-001 
1.7971800267696381e-001 1.8517000600695610e-002 1.0117749869823456e-001 
2.4279350042343140e-001 -5.8237999677658081e-002 8.8914498686790466e-002 
1.5691199898719788e-001 2.9611999168992043e-002 1.0185399651527405e-001 
1.3225899636745453e-001 1.7128000035881996e-002 9.2428997159004211e-002 
1.7113000154495239e-001 4.1288498789072037e-002 1.0160200297832489e-001 
2.4071550369262695e-001 1.4080000109970570e-002 9.5886498689651489e-002 
2.3445400595664978e-001 1.1677999980747700e-002 9.8454996943473816e-002 
1.5691199898719788e-001 2.9611999168992043e-002 1.0185399651527405e-001 
2.3231300711631775e-001 -3.8768999278545380e-002 8.9296996593475342e-002 
2.3231300711631775e-001 -3.8768999278545380e-002 8.9296996593475342e-002 
2.3570150136947632e-001 -4.9571998417377472e-002 9.0551495552062988e-002 
1.9590599834918976e-001 2.1177999675273895e-002 1.0085400193929672e-001 
1.9590599834918976e-001 2.1177999675273895e-002 1.0085400193929672e-001 
2.3544499278068542e-001 -4.8236999660730362e-002 9.1170996427536011e-002 
2.4317950010299683e-001 -1.1628174781799316e-001 8.7655499577522278e-002 
1.4592500030994415e-001 3.0258499085903168e-002 1.0186100006103516e-001 
2.3116934299468994e-001 -4.9216337502002716e-002 9.0955339372158051e-002 
2.3366299271583557e-001 2.8780000284314156e-003 9.9046997725963593e-002 
2.5589799880981445e-001 4.5122001320123672e-002 8.5830003023147583e-002 
2.6520150899887085e-001 -1.0551600158214569e-001 8.4625497460365295e-002 
2.0220500230789185e-001 1.4029334299266338e-002 9.9382005631923676e-002 
2.2626000642776489e-001 4.8037000000476837e-002 9.0952999889850616e-002 
2.6720699667930603e-001 -9.9870502948760986e-002 8.3232499659061432e-002 
2.6658099889755249e-001 -7.8135997056961060e-002 8.3553999662399292e-002 
2.6260197162628174e-001 -6.3310000114142895e-003 8.8662996888160706e-002 
2.6165598630905151e-001 -7.7200001105666161e-003 8.9074999094009399e-002 
1.5823134779930115e-001 2.2155668586492538e-002 9.9912002682685852e-002 
1.8166434764862061e-001 1.9115667790174484e-002 1.0073399543762207e-001 
1.5367700159549713e-001 2.6072999462485313e-002 1.0095299780368805e-001 
1.7971800267696381e-001 1.8517000600695610e-002 1.0117749869823456e-001 
1.5828999876976013e-001 2.7667000889778137e-002 1.0200800001621246e-001 
1.5828999876976013e-001 2.7667000889778137e-002 1.0200800001621246e-001 
2.4279350042343140e-001 -5.8237999677658081e-002 8.8914498686790466e-002 
1.6221000254154205e-001 3.0279500409960747e-002 1.0241066664457321e-001 
1.6221000254154205e-001 3.0279500409960747e-002 1.0241066664457321e-001 
2.3164799809455872e-001 -5.2083998918533325e-002 9.0749002993106842e-002 
2.2706200182437897e-001 -4.8246998339891434e-002 8.9084997773170471e-002 
2.2570849955081940e-001 -4.3283000588417053e-002 8.9501999318599701e-002 
2.1221201121807098e-001 4.1169669479131699e-002 9.2303335666656494e-002 
1.9597600400447845e-001 4.3023001402616501e-002 9.4029001891613007e-002 
2.6629999279975891e-001 -1.2175650149583817e-001 8.8072001934051514e-002 
2.6182597875595093e-001 -1.5159999951720238e-002 8.8230997323989868e-002 
1.9387100636959076e-001 4.0252998471260071e-002 9.7301997244358063e-002 
2.5808599591255188e-001 -1.6799999400973320e-002 9.0502999722957611e-002 
2.6461899280548096e-001 -9.0767502784729004e-002 8.4619998931884766e-002 
1.9194300472736359e-001 3.9023999124765396e-002 9.8736003041267395e-002 
1.3063900172710419e-001 4.7021999955177307e-002 1.0107100009918213e-001 
2.5632047653198242e-001 -1.4226099848747253e-001 8.7538003921508789e-002 
2.6720699667930603e-001 -9.9870502948760986e-002 8.3232499659061432e-002 
2.6165598630905151e-001 -7.7200001105666161e-003 8.9074999094009399e-002 
2.5782001018524170e-001 -1.1251999996602535e-002 8.9872673153877258e-002 
2.6347699761390686e-001 -1.0250300168991089e-001 8.4391996264457703e-002 
2.0840200781822205e-001 4.0529998950660229e-003 9.7077496349811554e-002 
1.7822501063346863e-001 2.1155498921871185e-002 1.0081550478935242e-001 
1.7971800267696381e-001 1.8517000600695610e-002 1.0117749869823456e-001 
1.8166434764862061e-001 1.9115667790174484e-002 1.0073399543762207e-001 
1.7971800267696381e-001 1.8517000600695610e-002 1.0117749869823456e-001 
1.5367700159549713e-001 2.6072999462485313e-002 1.0095299780368805e-001 
1.5691199898719788e-001 2.9611999168992043e-002 1.0185399651527405e-001 
1.5691199898719788e-001 2.9611999168992043e-002 1.0185399651527405e-001 
1.6221000254154205e-001 3.0279500409960747e-002 1.0241066664457321e-001 
2.5050300359725952e-001 -5.2643999457359314e-002 9.2500001192092896e-002 
2.0387299358844757e-001 4.1159000247716904e-002 9.3324996531009674e-002 
2.6572737097740173e-001 -9.5019005239009857e-002 8.3690337836742401e-002 
2.6555201411247253e-001 -9.7367003560066223e-002 8.3760999143123627e-002 
2.0220500230789185e-001 1.4029334299266338e-002 9.9382005631923676e-002 
2.0220500230789185e-001 1.4029334299266338e-002 9.9382005631923676e-002 
2.5922301411628723e-001 1.3310000067576766e-003 9.0516000986099243e-002 
1.3063900172710419e-001 4.7021999955177307e-002 1.0107100009918213e-001 
1.3063900172710419e-001 4.7021999955177307e-002 1.0107100009918213e-001 
2.6720699667930603e-001 -9.9870502948760986e-002 8.3232499659061432e-002 
1.9802600145339966e-001 8.1160003319382668e-003 9.5831997692584991e-002 
2.6165598630905151e-001 -7.7200001105666161e-003 8.9074999094009399e-002 
2.5782001018524170e-001 -1.1251999996602535e-002 8.9872673153877258e-002 
2.5657099485397339e-001 -1.2687999755144119e-002 9.1112002730369568e-002 
2.0840200781822205e-001 4.0529998950660229e-003 9.7077496349811554e-002 
2.5526949763298035e-001 1.6759999562054873e-003 9.2134997248649597e-002 
1.7825099825859070e-001 1.8515000119805336e-002 1.0101400315761566e-001 
1.7971800267696381e-001 1.8517000600695610e-002 1.0117749869823456e-001 
1.5624600648880005e-001 2.7114000171422958e-002 1.0147200524806976e-001 
1.5691199898719788e-001 2.9611999168992043e-002 1.0185399651527405e-001 
2.4270433187484741e-001 -5.3253334015607834e-002 8.9088007807731628e-002 
1.5691199898719788e-001 2.9611999168992043e-002 1.0185399651527405e-001 
2.4375668168067932e-001 -4.0037669241428375e-002 9.3403004109859467e-002 
1.6221000254154205e-001 3.0279500409960747e-002 1.0241066664457321e-001 
2.4328467249870300e-001 -3.8248669356107712e-002 9.3332007527351379e-002 
1.7747600376605988e-001 2.6511000469326973e-002 1.0182899981737137e-001 
2.3069700598716736e-001 -2.4238333106040955e-002 9.0747997164726257e-002 
2.0771035552024841e-001 1.6577001661062241e-002 1.0050567239522934e-001 
2.0925800502300262e-001 1.5246000140905380e-002 1.0049100220203400e-001 
2.0387299358844757e-001 4.1159000247716904e-002 9.3324996531009674e-002 
1.9308899343013763e-001 4.2176000773906708e-002 9.7415000200271606e-002 
2.5979399681091309e-001 -1.1672999709844589e-002 8.9685000479221344e-002 
2.5979399681091309e-001 -1.1672999709844589e-002 8.9685000479221344e-002 
2.6100099086761475e-001 -1.3705999590456486e-002 8.9066997170448303e-002 
2.2626000642776489e-001 4.8037000000476837e-002 9.0952999889850616e-002 
1.9802600145339966e-001 8.1160003319382668e-003 9.5831997692584991e-002 
1.9802600145339966e-001 8.1160003319382668e-003 9.5831997692584991e-002 
2.6415398716926575e-001 -7.4914000928401947e-002 8.5046999156475067e-002 
2.6068550348281860e-001 -4.2605999857187271e-002 8.6515501141548157e-002 
2.5875449180603027e-001 -2.0803999155759811e-002 8.9462995529174805e-002 
2.3238399624824524e-001 -9.1632999479770660e-002 8.5929997265338898e-002 
2.3238399624824524e-001 -9.1632999479770660e-002 8.5929997265338898e-002 
1.8166434764862061e-001 1.9115667790174484e-002 1.0073399543762207e-001 
2.0135900378227234e-001 1.1636000126600266e-002 9.8398998379707336e-002 
1.5367700159549713e-001 2.6072999462485313e-002 1.0095299780368805e-001 
1.5624600648880005e-001 2.7114000171422958e-002 1.0147200524806976e-001 
1.5520399808883667e-001 2.9610000550746918e-002 1.0177933424711227e-001 
1.5520399808883667e-001 2.9610000550746918e-002 1.0177933424711227e-001 
1.5691199898719788e-001 2.9611999168992043e-002 1.0185399651527405e-001 
2.3190049827098846e-001 -3.3599999733269215e-003 9.8049998283386230e-002 
2.4328467249870300e-001 -3.8248669356107712e-002 9.3332007527351379e-002 
2.4518434703350067e-001 -4.3594330549240112e-002 9.3412995338439941e-002 
1.4878568053245544e-001 3.2934665679931641e-002 1.0222433507442474e-001 
2.4328467249870300e-001 -3.8248669356107712e-002 9.3332007527351379e-002 
2.4375668168067932e-001 -4.0037669241428375e-002 9.3403004109859467e-002 
2.0925800502300262e-001 1.5246000140905380e-002 1.0049100220203400e-001 
1.9539499282836914e-001 1.3057000003755093e-002 9.8480999469757080e-002 
1.9539499282836914e-001 1.3057000003755093e-002 9.8480999469757080e-002 
2.0590800046920776e-001 3.6299750208854675e-002 9.7250491380691528e-002 
1.9180649518966675e-001 4.2677000164985657e-002 9.6427500247955322e-002 
2.5979399681091309e-001 -1.1672999709844589e-002 8.9685000479221344e-002 
2.5979399681091309e-001 -1.1672999709844589e-002 8.9685000479221344e-002 
2.2436000406742096e-001 -1.6380999237298965e-002 9.0747997164726257e-002 
2.3782600462436676e-001 -4.5797999948263168e-002 9.1178998351097107e-002 
2.5399500131607056e-001 -8.5599999874830246e-004 9.2946998775005341e-002 
2.6514700055122375e-001 -1.4072000049054623e-002 8.6564004421234131e-002 
2.3157200217247009e-001 -7.9147003591060638e-002 8.6352996528148651e-002 
2.3238399624824524e-001 -9.1632999479770660e-002 8.5929997265338898e-002 
2.0135900378227234e-001 1.1636000126600266e-002 9.8398998379707336e-002 
1.5624600648880005e-001 2.7114000171422958e-002 1.0147200524806976e-001 
1.5624600648880005e-001 2.7114000171422958e-002 1.0147200524806976e-001 
1.5624600648880005e-001 2.7114000171422958e-002 1.0147200524806976e-001 
1.5624600648880005e-001 2.7114000171422958e-002 1.0147200524806976e-001 
2.3873233795166016e-001 -6.0091998428106308e-002 8.8302336633205414e-002 
2.5335401296615601e-001 -1.0185999795794487e-002 9.2940002679824829e-002 
2.4518434703350067e-001 -4.3594330549240112e-002 9.3412995338439941e-002 
1.3225899636745453e-001 1.7128000035881996e-002 9.2428997159004211e-002 
2.2499300539493561e-001 1.4059999957680702e-002 9.5241002738475800e-002 
1.5176168084144592e-001 3.6228336393833160e-002 1.0163466632366180e-001 
2.4445499479770660e-001 -5.2650999277830124e-002 9.2246003448963165e-002 
1.7174275219440460e-001 3.9654999971389771e-002 1.0188374668359756e-001 
2.2437499463558197e-001 1.9170999526977539e-002 9.9825002253055573e-002 
2.4793399870395660e-001 -4.8765998333692551e-002 9.2683002352714539e-002 
1.9358500838279724e-001 2.0267000421881676e-002 1.0207249969244003e-001 
2.3366299271583557e-001 2.8780000284314156e-003 9.9046997725963593e-002 
2.0590800046920776e-001 3.6299750208854675e-002 9.7250491380691528e-002 
2.6572751998901367e-001 -1.0734599828720093e-001 8.4414497017860413e-002 
2.5255399942398071e-001 4.0720000863075256e-002 9.0862996876239777e-002 
2.5488498806953430e-001 -6.6809994168579578e-003 9.1923996806144714e-002 
2.3238399624824524e-001 -9.1632999479770660e-002 8.5929997265338898e-002 
2.3023399710655212e-001 -3.1785000115633011e-002 8.9918002486228943e-002 
1.5624600648880005e-001 2.7114000171422958e-002 1.0147200524806976e-001 
1.5624600648880005e-001 2.7114000171422958e-002 1.0147200524806976e-001 
1.5624600648880005e-001 2.7114000171422958e-002 1.0147200524806976e-001 
1.5624600648880005e-001 2.7114000171422958e-002 1.0147200524806976e-001 
1.5520399808883667e-001 2.9610000550746918e-002 1.0177933424711227e-001 
2.3190049827098846e-001 -3.3599999733269215e-003 9.8049998283386230e-002 
1.5176168084144592e-001 3.6228336393833160e-002 1.0163466632366180e-001 
2.4071550369262695e-001 1.4080000109970570e-002 9.5886498689651489e-002 
2.4445499479770660e-001 -5.2650999277830124e-002 9.2246003448963165e-002 
2.4445499479770660e-001 -5.2650999277830124e-002 9.2246003448963165e-002 
2.6182597875595093e-001 -1.5159999951720238e-002 8.8230997323989868e-002 
1.4919100701808929e-001 5.8929003775119781e-002 9.6837006509304047e-002 
2.6182597875595093e-001 -1.5159999951720238e-002 8.8230997323989868e-002 
2.6263898611068726e-001 -1.0992600023746490e-001 8.9086003601551056e-002 
2.6347699761390686e-001 -1.0250300168991089e-001 8.4391996264457703e-002 
2.6500099897384644e-001 -9.9254503846168518e-002 8.4190003573894501e-002 
2.6500099897384644e-001 -9.9254503846168518e-002 8.4190003573894501e-002 
2.6466700434684753e-001 -9.6170000731945038e-002 8.4187000989913940e-002 
2.6466700434684753e-001 -9.6170000731945038e-002 8.4187000989913940e-002 
2.6466700434684753e-001 -9.6170000731945038e-002 8.4187000989913940e-002 
2.6466700434684753e-001 -9.6170000731945038e-002 8.4187000989913940e-002 
2.6466700434684753e-001 -9.6170000731945038e-002 8.4187000989913940e-002 
1.4070299267768860e-001 6.3851997256278992e-002 9.2363998293876648e-002 
1.3063900172710419e-001 4.7021999955177307e-002 1.0107100009918213e-001 
1.4070299267768860e-001 6.3851997256278992e-002 9.2363998293876648e-002 
1.4070299267768860e-001 6.3851997256278992e-002 9.2363998293876648e-002 
1.3063900172710419e-001 4.7021999955177307e-002 1.0107100009918213e-001 
2.2523000836372375e-001 -1.4124999754130840e-002 9.1366998851299286e-002 
2.2523000836372375e-001 -1.4124999754130840e-002 9.1366998851299286e-002 
1.9126099348068237e-001 1.2223000638186932e-002 9.9876999855041504e-002 
2.5642699003219604e-001 -2.0808000117540359e-002 9.0902000665664673e-002 
1.5448300540447235e-001 2.3445000872015953e-002 1.0072000324726105e-001 
1.5206000208854675e-001 2.8021000325679779e-002 1.0142000019550323e-001 
1.8166434764862061e-001 1.9115667790174484e-002 1.0073399543762207e-001 
1.5624600648880005e-001 2.7114000171422958e-002 1.0147200524806976e-001 
1.5624600648880005e-001 2.7114000171422958e-002 1.0147200524806976e-001 
1.5624600648880005e-001 2.7114000171422958e-002 1.0147200524806976e-001 
1.5624600648880005e-001 2.7114000171422958e-002 1.0147200524806976e-001 
1.5624600648880005e-001 2.7114000171422958e-002 1.0147200524806976e-001 
1.5520399808883667e-001 2.9610000550746918e-002 1.0177933424711227e-001 
1.5520399808883667e-001 2.9610000550746918e-002 1.0177933424711227e-001 
2.3089699447154999e-001 2.6581000536680222e-002 9.7649998962879181e-002 
2.4978832900524139e-001 6.3073332421481609e-003 9.5826670527458191e-002 
2.4361300468444824e-001 1.6154000535607338e-002 9.6107997000217438e-002 
1.5520399808883667e-001 2.9610000550746918e-002 1.0177933424711227e-001 
2.2452999651432037e-001 1.1664999648928642e-002 9.9825002253055573e-002 
1.5677699446678162e-001 3.1073000282049179e-002 1.0246500372886658e-001 
2.2452999651432037e-001 1.1664999648928642e-002 9.9825002253055573e-002 
1.9018399715423584e-001 3.7604998797178268e-002 9.9365502595901489e-002 
2.5367099046707153e-001 -2.2134000435471535e-002 9.3969002366065979e-002 
2.5317102670669556e-001 -2.3662999272346497e-002 9.4218999147415161e-002 
2.6825550198554993e-001 -1.1742299795150757e-001 8.2915000617504120e-002 
1.8420049548149109e-001 2.4648498743772507e-002 1.0127300024032593e-001 
1.7939500510692596e-001 2.3476999253034592e-002 1.0178100317716599e-001 
2.0590800046920776e-001 3.6299750208854675e-002 9.7250491380691528e-002 
2.6296299695968628e-001 -8.1769991666078568e-003 8.7605997920036316e-002 
1.4426650106906891e-001 5.8922000229358673e-002 9.7253002226352692e-002 
2.1657599508762360e-001 3.7640001624822617e-002 9.6470996737480164e-002 
2.6347699761390686e-001 -1.0250300168991089e-001 8.4391996264457703e-002 
2.6500099897384644e-001 -9.9254503846168518e-002 8.4190003573894501e-002 
2.6466700434684753e-001 -9.6170000731945038e-002 8.4187000989913940e-002 
2.6520150899887085e-001 -1.0551600158214569e-001 8.4625497460365295e-002 
2.6520150899887085e-001 -1.0551600158214569e-001 8.4625497460365295e-002 
2.3842300474643707e-001 -1.2875750660896301e-001 8.3803996443748474e-002 
2.6466700434684753e-001 -9.6170000731945038e-002 8.4187000989913940e-002 
2.5798299908638000e-001 -8.1849992275238037e-003 8.9873999357223511e-002 
1.8972733616828918e-001 4.2171999812126160e-002 9.7168669104576111e-002 
2.3842300474643707e-001 -1.2875750660896301e-001 8.3803996443748474e-002 
1.9194300472736359e-001 3.9023999124765396e-002 9.8736003041267395e-002 
2.5255399942398071e-001 4.0720000863075256e-002 9.0862996876239777e-002 
1.9539499282836914e-001 1.3057000003755093e-002 9.8480999469757080e-002 
1.5489800274372101e-001 2.5175999850034714e-002 1.0152000188827515e-001 
2.2659100592136383e-001 -5.9579998254776001e-002 8.7829001247882843e-002 
1.5332850813865662e-001 2.9608000069856644e-002 1.0218599438667297e-001 
1.5624600648880005e-001 2.7114000171422958e-002 1.0147200524806976e-001 
1.5520399808883667e-001 2.9610000550746918e-002 1.0177933424711227e-001 
2.2880133986473083e-001 -2.7604669332504272e-002 9.0194001793861389e-002 
1.5624600648880005e-001 2.7114000171422958e-002 1.0147200524806976e-001 
2.2437499463558197e-001 1.9170999526977539e-002 9.9825002253055573e-002 
1.5176168084144592e-001 3.6228336393833160e-002 1.0163466632366180e-001 
1.6385048627853394e-001 4.4133000075817108e-002 1.0182200372219086e-001 
2.4445499479770660e-001 -5.2650999277830124e-002 9.2246003448963165e-002 
2.1499599516391754e-001 1.0280000045895576e-002 1.0123199969530106e-001 
1.9018399715423584e-001 3.7604998797178268e-002 9.9365502595901489e-002 
1.8420049548149109e-001 2.4648498743772507e-002 1.0127300024032593e-001 
2.0590800046920776e-001 3.6299750208854675e-002 9.7250491380691528e-002 
1.9180649518966675e-001 4.2677000164985657e-002 9.6427500247955322e-002 
2.3842300474643707e-001 -1.2875750660896301e-001 8.3803996443748474e-002 
1.4204199612140656e-001 2.7095999568700790e-002 9.9535003304481506e-002 
2.5255399942398071e-001 4.0720000863075256e-002 9.0862996876239777e-002 
2.5518751144409180e-001 3.7691999226808548e-002 9.0263001620769501e-002 
2.5933551788330078e-001 -8.2519002258777618e-002 9.0203493833541870e-002 
2.4978832900524139e-001 6.3073332421481609e-003 9.5826670527458191e-002 
2.4978832900524139e-001 6.3073332421481609e-003 9.5826670527458191e-002 
2.5060400366783142e-001 -3.7590999156236649e-002 9.3322999775409698e-002 
2.4774834513664246e-001 -4.0724001824855804e-002 9.3092009425163269e-002 
2.2880133986473083e-001 -2.7604669332504272e-002 9.0194001793861389e-002 
1.5332850813865662e-001 2.9608000069856644e-002 1.0218599438667297e-001 
1.5332850813865662e-001 2.9608000069856644e-002 1.0218599438667297e-001 
1.5176168084144592e-001 3.6228336393833160e-002 1.0163466632366180e-001 
1.5176168084144592e-001 3.6228336393833160e-002 1.0163466632366180e-001 
1.6385048627853394e-001 4.4133000075817108e-002 1.0182200372219086e-001 
1.9018399715423584e-001 3.7604998797178268e-002 9.9365502595901489e-002 
2.3842300474643707e-001 -1.2875750660896301e-001 8.3803996443748474e-002 
2.5187000632286072e-001 -1.8800000543706119e-004 9.5578998327255249e-002 
1.5332850813865662e-001 2.9608000069856644e-002 1.0218599438667297e-001 
1.8065699934959412e-001 3.9009001106023788e-002 1.0035900026559830e-001 
2.5060400366783142e-001 -3.7590999156236649e-002 9.3322999775409698e-002 
1.8065699934959412e-001 3.9009001106023788e-002 1.0035900026559830e-001 
1.5561699867248535e-001 3.4566998481750488e-002 1.0129100084304810e-001 
2.3668000102043152e-001 -1.3094851374626160e-001 8.0107502639293671e-002 
1.5561699867248535e-001 3.4566998481750488e-002 1.0129100084304810e-001 
2.0723600685596466e-001 1.8193999305367470e-002 1.0031399875879288e-001 
1.6385048627853394e-001 4.4133000075817108e-002 1.0182200372219086e-001 
2.3588299751281738e-001 2.4056000635027885e-002 9.7465999424457550e-002 
1.9676350057125092e-001 1.4677999541163445e-002 9.8859503865242004e-002 
2.5367099046707153e-001 -2.2134000435471535e-002 9.3969002366065979e-002 
1.9676350057125092e-001 1.4677999541163445e-002 9.8859503865242004e-002 
2.0590800046920776e-001 3.6299750208854675e-002 9.7250491380691528e-002 
2.6357600092887878e-001 -2.5038000196218491e-002 8.8039003312587738e-002 
2.6357600092887878e-001 -2.5038000196218491e-002 8.8039003312587738e-002 
2.0590800046920776e-001 3.6299750208854675e-002 9.7250491380691528e-002 
1.7642499506473541e-001 4.5609999448060989e-002 9.8853997886180878e-002 
1.9194300472736359e-001 3.9023999124765396e-002 9.8736003041267395e-002 
2.5782001018524170e-001 -1.1251999996602535e-002 8.9872673153877258e-002 
2.1450799703598022e-001 1.7231000587344170e-002 1.0035300254821777e-001 
2.6214700937271118e-001 -1.0163500159978867e-001 8.9079998433589935e-002 
1.9387100636959076e-001 4.0252998471260071e-002 9.7301997244358063e-002 
1.7024150490760803e-001 5.1516000181436539e-002 9.6359997987747192e-002 
1.9180649518966675e-001 4.2677000164985657e-002 9.6427500247955322e-002 
2.5960999727249146e-001 -1.8704000860452652e-002 8.9891999959945679e-002 
2.6514700055122375e-001 -1.4072000049054623e-002 8.6564004421234131e-002 
2.3842300474643707e-001 -1.2875750660896301e-001 8.3803996443748474e-002 
2.3842300474643707e-001 -1.2875750660896301e-001 8.3803996443748474e-002 
2.3842300474643707e-001 -1.2875750660896301e-001 8.3803996443748474e-002 
1.6986000537872314e-001 3.7578001618385315e-002 1.0183800011873245e-001 
1.6986000537872314e-001 3.7578001618385315e-002 1.0183800011873245e-001 
2.5424802303314209e-001 -4.2617004364728928e-002 9.3771003186702728e-002 
2.0723600685596466e-001 1.8193999305367470e-002 1.0031399875879288e-001 
2.5042900443077087e-001 -4.4576998800039291e-002 9.3525998294353485e-002 
2.2437499463558197e-001 1.9170999526977539e-002 9.9825002253055573e-002 
2.4374234676361084e-001 -3.6318667232990265e-002 9.3675002455711365e-002 
1.8592900037765503e-001 2.6114000007510185e-002 1.0182800143957138e-001 
2.2920499742031097e-001 -4.3614000082015991e-002 8.9606001973152161e-002 
2.6481032371520996e-001 -2.2649332880973816e-002 8.7344005703926086e-002 
2.0419600605964661e-001 3.5107001662254333e-002 9.8764002323150635e-002 
1.7278233170509338e-001 4.8748832195997238e-002 9.7353994846343994e-002 
1.8623000383377075e-001 4.2670004069805145e-002 9.7332328557968140e-002 
2.5960999727249146e-001 -1.8704000860452652e-002 8.9891999959945679e-002 
1.9308899343013763e-001 4.2176000773906708e-002 9.7415000200271606e-002 
1.8781968951225281e-001 4.2672000825405121e-002 9.7235672175884247e-002 
1.6538000106811523e-001 4.4135000556707382e-002 1.0157299786806107e-001 
2.5335401296615601e-001 -1.0185999795794487e-002 9.2940002679824829e-002 
2.5424802303314209e-001 -4.2617004364728928e-002 9.3771003186702728e-002 
2.5518751144409180e-001 3.7691999226808548e-002 9.0263001620769501e-002 
2.2807000577449799e-001 1.8219999969005585e-002 1.0100200027227402e-001 
2.5255399942398071e-001 4.0720000863075256e-002 9.0862996876239777e-002 
2.4479049444198608e-001 -1.1054400354623795e-001 8.7664000689983368e-002 
2.4479049444198608e-001 -1.1054400354623795e-001 8.7664000689983368e-002 
1.6435900330543518e-001 4.2809501290321350e-002 1.0140399634838104e-001 
2.4379199743270874e-001 1.1691000312566757e-002 9.5706008374691010e-002 
2.4456900358200073e-001 1.4740999788045883e-002 9.5913998782634735e-002 
2.4456900358200073e-001 1.4740999788045883e-002 9.5913998782634735e-002 
2.2724349796772003e-001 3.0170500278472900e-002 9.7845003008842468e-002 
2.3668000102043152e-001 -1.3094851374626160e-001 8.0107502639293671e-002 
1.8379050493240356e-001 3.6270000040531158e-002 1.0048799961805344e-001 
2.5629568099975586e-001 -1.3495001196861267e-001 8.8735669851303101e-002 
2.6287099719047546e-001 -1.1242999881505966e-001 8.8454999029636383e-002 
1.7278233170509338e-001 4.8748832195997238e-002 9.7353994846343994e-002 
2.6514700055122375e-001 -1.4072000049054623e-002 8.6564004421234131e-002 
2.5960999727249146e-001 -1.8704000860452652e-002 8.9891999959945679e-002 
1.3217049837112427e-001 4.4091999530792236e-002 1.0162950307130814e-001 
2.0273599028587341e-001 1.2575000291690230e-003 9.4153001904487610e-002 
2.5367099046707153e-001 -2.2134000435471535e-002 9.3969002366065979e-002 
2.2920499742031097e-001 -4.3614000082015991e-002 8.9606001973152161e-002 
2.1776734292507172e-001 1.3546000234782696e-002 1.0128200054168701e-001 
2.5055900216102600e-001 -2.0816000178456306e-002 9.3937002122402191e-002 
2.5433266162872314e-001 -5.3599335253238678e-002 9.2744335532188416e-002 
1.6032700240612030e-001 4.4128000736236572e-002 1.0213900357484818e-001 
2.2825500369071960e-001 -4.0748000144958496e-002 8.9189000427722931e-002 
2.3445400595664978e-001 1.1677999980747700e-002 9.8454996943473816e-002 
2.4479049444198608e-001 -1.1054400354623795e-001 8.7664000689983368e-002 
2.4479049444198608e-001 -1.1054400354623795e-001 8.7664000689983368e-002 
2.4071550369262695e-001 1.4080000109970570e-002 9.5886498689651489e-002 
2.4071550369262695e-001 1.4080000109970570e-002 9.5886498689651489e-002 
2.4379199743270874e-001 1.1691000312566757e-002 9.5706008374691010e-002 
2.2724349796772003e-001 3.0170500278472900e-002 9.7845003008842468e-002 
2.5908100605010986e-001 -1.5092000365257263e-001 8.8624000549316406e-002 
2.5908100605010986e-001 -1.5092000365257263e-001 8.8624000549316406e-002 
1.9194300472736359e-001 3.9023999124765396e-002 9.8736003041267395e-002 
1.9194300472736359e-001 3.9023999124765396e-002 9.8736003041267395e-002 
2.1303500235080719e-001 3.5117998719215393e-002 9.7889997065067291e-002 
1.7278233170509338e-001 4.8748832195997238e-002 9.7353994846343994e-002 
1.8623000383377075e-001 4.2670004069805145e-002 9.7332328557968140e-002 
2.6390498876571655e-001 -8.8119998574256897e-002 8.5045002400875092e-002 
2.6390498876571655e-001 -8.8119998574256897e-002 8.5045002400875092e-002 
2.6390498876571655e-001 -8.8119998574256897e-002 8.5045002400875092e-002 
2.4067932367324829e-001 -1.0554867237806320e-001 8.7784335017204285e-002 
2.6390498876571655e-001 -8.8119998574256897e-002 8.5045002400875092e-002 
2.5979399681091309e-001 -1.1672999709844589e-002 8.9685000479221344e-002 
2.3391200602054596e-001 -4.5136999338865280e-002 8.9091002941131592e-002 
2.5979399681091309e-001 -1.1672999709844589e-002 8.9685000479221344e-002 
2.1303500235080719e-001 3.5117998719215393e-002 9.7889997065067291e-002 
2.3842300474643707e-001 -1.2875750660896301e-001 8.3803996443748474e-002 
2.4612699449062347e-001 -1.2874850630760193e-001 8.5548996925354004e-002 
2.2825500369071960e-001 -4.0748000144958496e-002 8.9189000427722931e-002 
2.2825500369071960e-001 -4.0748000144958496e-002 8.9189000427722931e-002 
2.1776734292507172e-001 1.3546000234782696e-002 1.0128200054168701e-001 
2.5335401296615601e-001 -1.0185999795794487e-002 9.2940002679824829e-002 
2.4071550369262695e-001 1.4080000109970570e-002 9.5886498689651489e-002 
2.4779498577117920e-001 -4.7106668353080750e-003 9.4828002154827118e-002 
1.8065699934959412e-001 3.9009001106023788e-002 1.0035900026559830e-001 
2.0348800718784332e-001 3.3006001263856888e-002 9.9959999322891235e-002 
2.6287099719047546e-001 -1.1242999881505966e-001 8.8454999029636383e-002 
1.7278233170509338e-001 4.8748832195997238e-002 9.7353994846343994e-002 
2.3581400513648987e-001 -1.6366999596357346e-002 9.4650000333786011e-002 
1.8623000383377075e-001 4.2670004069805145e-002 9.7332328557968140e-002 
2.6981601119041443e-001 2.0369000732898712e-002 8.9182004332542419e-002 
2.3391200602054596e-001 -4.5136999338865280e-002 8.9091002941131592e-002 
2.4067932367324829e-001 -1.0554867237806320e-001 8.7784335017204285e-002 
2.3391200602054596e-001 -4.5136999338865280e-002 8.9091002941131592e-002 
2.3391200602054596e-001 -4.5136999338865280e-002 8.9091002941131592e-002 
2.3842300474643707e-001 -1.2875750660896301e-001 8.3803996443748474e-002 
1.8365100026130676e-001 4.1305251419544220e-002 9.9293500185012817e-002 
1.3916200399398804e-001 5.6387998163700104e-002 9.7970001399517059e-002 
1.3713400065898895e-001 4.2102999985218048e-002 1.0182099789381027e-001 
2.5367099046707153e-001 -2.2134000435471535e-002 9.3969002366065979e-002 
2.2403199970722198e-001 -4.3618999421596527e-002 8.6566999554634094e-002 
2.3071067035198212e-001 -3.8263667374849319e-002 8.9919000864028931e-002 
2.3071067035198212e-001 -3.8263667374849319e-002 8.9919000864028931e-002 
2.4071550369262695e-001 1.4080000109970570e-002 9.5886498689651489e-002 
2.6481032371520996e-001 -2.2649332880973816e-002 8.7344005703926086e-002 
1.7278233170509338e-001 4.8748832195997238e-002 9.7353994846343994e-002 
2.6263898611068726e-001 -1.0992600023746490e-001 8.9086003601551056e-002 
2.0348800718784332e-001 3.3006001263856888e-002 9.9959999322891235e-002 
2.0348800718784332e-001 3.3006001263856888e-002 9.9959999322891235e-002 
2.4125200510025024e-001 -4.7189998440444469e-003 9.4473496079444885e-002 
2.3122066259384155e-001 -8.5097000002861023e-002 8.8040009140968323e-002 
2.3384800553321838e-001 -7.9144999384880066e-002 8.8463500142097473e-002 
2.3761999607086182e-001 -9.2058002948760986e-002 8.8054001331329346e-002 
2.3391200602054596e-001 -4.5136999338865280e-002 8.9091002941131592e-002 
1.4159800112247467e-001 4.0573999285697937e-002 1.0142099857330322e-001 
1.3949200510978699e-001 2.3427000269293785e-002 9.8589003086090088e-002 
2.2825500369071960e-001 -4.0748000144958496e-002 8.9189000427722931e-002 
2.4277500808238983e-001 -1.0737666487693787e-001 8.7689004838466644e-002 
2.3690800368785858e-001 -3.8256000727415085e-002 9.0139999985694885e-002 
2.4426099658012390e-001 -1.1197434365749359e-001 8.7026998400688171e-002 
2.3922699689865112e-001 -3.5820499062538147e-002 8.9941501617431641e-002 
2.3873233795166016e-001 -6.0091998428106308e-002 8.8302336633205414e-002 
2.2547200322151184e-001 -5.4039999842643738e-002 8.8458999991416931e-002 
2.0348800718784332e-001 3.3006001263856888e-002 9.9959999322891235e-002 
1.7223100364208221e-001 4.6707000583410263e-002 9.9160999059677124e-002 
2.3723767697811127e-001 -1.7152000218629837e-002 9.4384998083114624e-002 
1.9018399715423584e-001 3.7604998797178268e-002 9.9365502595901489e-002 
2.3177200555801392e-001 -6.8591497838497162e-002 8.8459998369216919e-002 
2.3384800553321838e-001 -7.9144999384880066e-002 8.8463500142097473e-002 
2.3384800553321838e-001 -7.9144999384880066e-002 8.8463500142097473e-002 
2.3384800553321838e-001 -7.9144999384880066e-002 8.8463500142097473e-002 
2.3123334348201752e-001 -7.3694996535778046e-002 8.7339006364345551e-002 
2.3384800553321838e-001 -7.9144999384880066e-002 8.8463500142097473e-002 
2.3123334348201752e-001 -7.3694996535778046e-002 8.7339006364345551e-002 
1.6379100084304810e-001 4.8736505210399628e-002 1.0004067420959473e-001 
2.3761999607086182e-001 -9.2058002948760986e-002 8.8054001331329346e-002 
2.0770999789237976e-001 3.2662998884916306e-002 1.0050600022077560e-001 
2.3189850151538849e-001 -3.6332998424768448e-002 9.0127997100353241e-002 
1.6331133246421814e-001 5.0112001597881317e-002 1.0015700757503510e-001 
2.3865801095962524e-001 -8.9043997228145599e-002 8.8161997497081757e-002 
1.6331133246421814e-001 5.0112001597881317e-002 1.0015700757503510e-001 
2.3221632838249207e-001 -8.3600006997585297e-002 8.6248002946376801e-002 
1.3376334309577942e-001 4.4094003736972809e-002 1.0176467150449753e-001 
1.3722667098045349e-001 2.3423999547958374e-002 9.8187327384948730e-002 
1.3722667098045349e-001 2.3423999547958374e-002 9.8187327384948730e-002 
2.3189850151538849e-001 -3.6332998424768448e-002 9.0127997100353241e-002 
2.3189850151538849e-001 -3.6332998424768448e-002 9.0127997100353241e-002 
2.4178799986839294e-001 -8.0032996833324432e-002 8.8140003383159637e-002 
2.3757499456405640e-001 -4.0736000984907150e-002 8.9309997856616974e-002 
2.3880100250244141e-001 1.4732999727129936e-002 9.6679501235485077e-002 
2.2437599301338196e-001 2.1214999258518219e-002 1.0021799802780151e-001 
2.3116700351238251e-001 2.1223999559879303e-002 1.0002599656581879e-001 
1.7318700253963470e-001 4.0225334465503693e-002 1.0121166706085205e-001 
2.6287099719047546e-001 -1.1242999881505966e-001 8.8454999029636383e-002 
2.3723767697811127e-001 -1.7152000218629837e-002 9.4384998083114624e-002 
2.3723767697811127e-001 -1.7152000218629837e-002 9.4384998083114624e-002 
2.3583833873271942e-001 -1.7650000751018524e-002 9.3837335705757141e-002 
2.3723767697811127e-001 -1.7152000218629837e-002 9.4384998083114624e-002 
2.3723767697811127e-001 -1.7152000218629837e-002 9.4384998083114624e-002 
2.3384800553321838e-001 -7.9144999384880066e-002 8.8463500142097473e-002 
1.8945400416851044e-001 2.9655000194907188e-002 1.0076899826526642e-001 
2.0770999789237976e-001 3.2662998884916306e-002 1.0050600022077560e-001 
1.6331133246421814e-001 5.0112001597881317e-002 1.0015700757503510e-001 
2.3189850151538849e-001 -3.6332998424768448e-002 9.0127997100353241e-002 
1.6331133246421814e-001 5.0112001597881317e-002 1.0015700757503510e-001 
1.7828050255775452e-001 4.3512500822544098e-002 1.0001499950885773e-001 
1.3881500065326691e-001 5.3865000605583191e-002 9.9873498082160950e-002 
1.3638199865818024e-001 4.3457999825477600e-002 1.0206200182437897e-001 
2.4379199743270874e-001 1.1691000312566757e-002 9.5706008374691010e-002 
2.4456900358200073e-001 1.4740999788045883e-002 9.5913998782634735e-002 
2.4290800094604492e-001 8.7700001895427704e-003 9.6052497625350952e-002 
2.3071067035198212e-001 -3.8263667374849319e-002 8.9919000864028931e-002 
2.3023399710655212e-001 -3.1785000115633011e-002 8.9918002486228943e-002 
2.3970136046409607e-001 -7.8679338097572327e-002 8.8131003081798553e-002 
2.4426099658012390e-001 -1.1197434365749359e-001 8.7026998400688171e-002 
1.9018399715423584e-001 3.7604998797178268e-002 9.9365502595901489e-002 
1.8423399329185486e-001 3.0114000663161278e-002 1.0087600350379944e-001 
1.9018399715423584e-001 3.7604998797178268e-002 9.9365502595901489e-002 
1.9018399715423584e-001 3.7604998797178268e-002 9.9365502595901489e-002 
1.8365100026130676e-001 4.1305251419544220e-002 9.9293500185012817e-002 
1.6331133246421814e-001 5.0112001597881317e-002 1.0015700757503510e-001 
1.6331133246421814e-001 5.0112001597881317e-002 1.0015700757503510e-001 
2.4018567800521851e-001 -8.1760503351688385e-002 8.8063001632690430e-002 
2.4025425314903259e-001 -8.3590000867843628e-002 8.8325746357440948e-002 
1.7274068295955658e-001 4.5010000467300415e-002 1.0038933157920837e-001 
1.4159800112247467e-001 4.0573999285697937e-002 1.0142099857330322e-001 
2.4817100167274475e-001 1.4089999720454216e-002 9.6349000930786133e-002 
2.3581400513648987e-001 -1.6366999596357346e-002 9.4650000333786011e-002 
2.3023399710655212e-001 -3.1785000115633011e-002 8.9918002486228943e-002 
2.3023399710655212e-001 -3.1785000115633011e-002 8.9918002486228943e-002 
2.4361300468444824e-001 1.6154000535607338e-002 9.6107997000217438e-002 
2.4291600286960602e-001 -4.3260000646114349e-002 8.8074997067451477e-002 
2.3690050840377808e-001 9.8519995808601379e-003 9.7370505332946777e-002 
2.1575500071048737e-001 1.3082000426948071e-002 1.0083600133657455e-001 
2.4253199994564056e-001 -4.6128999441862106e-002 8.9331001043319702e-002 
2.3473601043224335e-001 -5.9569001197814941e-002 8.8115677237510681e-002 
2.4267832934856415e-001 -4.4040001928806305e-002 8.9610680937767029e-002 
2.4267832934856415e-001 -4.4040001928806305e-002 8.9610680937767029e-002 
2.4328467249870300e-001 -3.8248669356107712e-002 9.3332007527351379e-002 
1.8065699934959412e-001 3.9009001106023788e-002 1.0035900026559830e-001 
1.8423399329185486e-001 3.0114000663161278e-002 1.0087600350379944e-001 
2.2923800349235535e-001 -8.2229999825358391e-003 9.3415997922420502e-002 
1.8945400416851044e-001 2.9655000194907188e-002 1.0076899826526642e-001 
2.3123334348201752e-001 -7.3694996535778046e-002 8.7339006364345551e-002 
1.5001100301742554e-001 5.2730999886989594e-002 1.0067699849605560e-001 
2.3690599203109741e-001 -8.5088998079299927e-002 8.7840996682643890e-002 
1.6379100084304810e-001 4.8736505210399628e-002 1.0004067420959473e-001 
2.3189850151538849e-001 -3.6332998424768448e-002 9.0127997100353241e-002 
1.6379100084304810e-001 4.8736505210399628e-002 1.0004067420959473e-001 
2.3189850151538849e-001 -3.6332998424768448e-002 9.0127997100353241e-002 
1.6331133246421814e-001 5.0112001597881317e-002 1.0015700757503510e-001 
2.6296299695968628e-001 -8.1769991666078568e-003 8.7605997920036316e-002 
2.4025425314903259e-001 -8.3590000867843628e-002 8.8325746357440948e-002 
2.3596300184726715e-001 -3.5824999213218689e-002 8.9826002717018127e-002 
2.3958300054073334e-001 -2.4227999150753021e-002 9.2884004116058350e-002 
1.3618949055671692e-001 3.8490999490022659e-002 1.0165499895811081e-001 
1.3436800241470337e-001 3.7044998258352280e-002 1.0163299739360809e-001 
1.3471698760986328e-001 3.8949005305767059e-002 1.0192966461181641e-001 
2.3335899412631989e-001 -1.1150600016117096e-001 8.5505999624729156e-002 
2.5176733732223511e-001 2.5302333757281303e-002 9.6924006938934326e-002 
2.2880133986473083e-001 -2.7604669332504272e-002 9.0194001793861389e-002 
2.2920499742031097e-001 -4.3614000082015991e-002 8.9606001973152161e-002 
2.1570901572704315e-001 3.3060002606362104e-003 9.9064998328685760e-002 
2.3648500442504883e-001 -7.3688998818397522e-002 8.8469997048377991e-002 
2.3758199810981750e-001 -6.1707001179456711e-002 8.9101001620292664e-002 
2.3758199810981750e-001 -6.1707001179456711e-002 8.9101001620292664e-002 
2.3758199810981750e-001 -6.1707001179456711e-002 8.9101001620292664e-002 
2.3473601043224335e-001 -5.9569001197814941e-002 8.8115677237510681e-002 
2.3934100568294525e-001 -5.5130001157522202e-002 8.9107997715473175e-002 
2.4267832934856415e-001 -4.4040001928806305e-002 8.9610680937767029e-002 
2.5428098440170288e-001 -1.1923050135374069e-001 9.0462997555732727e-002 
2.5428098440170288e-001 -1.1923050135374069e-001 9.0462997555732727e-002 
2.4328467249870300e-001 -3.8248669356107712e-002 9.3332007527351379e-002 
2.4253199994564056e-001 -4.6128999441862106e-002 8.9331001043319702e-002 
2.4830724298954010e-001 -1.2177900224924088e-001 8.5774503648281097e-002 
2.0420299470424652e-001 2.9012335464358330e-002 1.0152433812618256e-001 
1.5930050611495972e-001 4.7058999538421631e-002 1.0156899690628052e-001 
2.4101500213146210e-001 -1.6358999535441399e-002 9.0986996889114380e-002 
1.6831168532371521e-001 4.7071002423763275e-002 1.0034500062465668e-001 
1.6331133246421814e-001 5.0112001597881317e-002 1.0015700757503510e-001 
2.4280533194541931e-001 -9.8674997687339783e-002 8.7090671062469482e-002 
1.6331133246421814e-001 5.0112001597881317e-002 1.0015700757503510e-001 
1.7318700253963470e-001 4.0225334465503693e-002 1.0121166706085205e-001 
1.7422300577163696e-001 4.4146001338958740e-002 1.0051699727773666e-001 
1.4580149948596954e-001 4.4109001755714417e-002 1.0248050093650818e-001 
2.3980967700481415e-001 2.9720999300479889e-002 9.6886001527309418e-002 
1.3172549009323120e-001 3.7753500044345856e-002 1.0133549571037292e-001 
2.5518101453781128e-001 2.1640999242663383e-002 9.7837999463081360e-002 
2.5518101453781128e-001 2.1640999242663383e-002 9.7837999463081360e-002 
2.5312298536300659e-001 2.7240000665187836e-002 9.7810998558998108e-002 
2.2706200182437897e-001 -4.8246998339891434e-002 8.9084997773170471e-002 
2.2920499742031097e-001 -4.3614000082015991e-002 8.9606001973152161e-002 
2.1570901572704315e-001 3.3060002606362104e-003 9.9064998328685760e-002 
2.2659100592136383e-001 -5.9579998254776001e-002 8.7829001247882843e-002 
2.3462949693202972e-001 -6.3114002346992493e-002 8.9092500507831573e-002 
2.3758199810981750e-001 -6.1707001179456711e-002 8.9101001620292664e-002 
2.4267832934856415e-001 -4.4040001928806305e-002 8.9610680937767029e-002 
2.2724349796772003e-001 3.0170500278472900e-002 9.7845003008842468e-002 
1.4996899664402008e-001 4.8718500882387161e-002 1.0129400342702866e-001 
2.5428098440170288e-001 -1.1923050135374069e-001 9.0462997555732727e-002 
2.4374234676361084e-001 -3.6318667232990265e-002 9.3675002455711365e-002 
1.5171799063682556e-001 4.5577000826597214e-002 1.0184000432491302e-001 
1.4808601140975952e-001 4.3473001569509506e-002 1.0259249806404114e-001 
1.6379100084304810e-001 4.8736505210399628e-002 1.0004067420959473e-001 
1.6075348854064941e-001 4.7745622694492340e-002 1.0126775503158569e-001 
1.8434700369834900e-001 3.4145001322031021e-002 1.0047599673271179e-001 
1.8945400416851044e-001 2.9655000194907188e-002 1.0076899826526642e-001 
2.0888900756835938e-001 3.1614001840353012e-002 1.0088700056076050e-001 
2.0253700017929077e-001 2.6135999709367752e-002 1.0213200002908707e-001 
1.6831168532371521e-001 4.7071002423763275e-002 1.0034500062465668e-001 
1.6623267531394958e-001 4.7068335115909576e-002 1.0074199736118317e-001 
1.6623267531394958e-001 4.7068335115909576e-002 1.0074199736118317e-001 
1.6282500326633453e-001 4.7063998878002167e-002 1.0118333995342255e-001 
2.5176599621772766e-001 -1.0994099825620651e-001 9.1685503721237183e-002 
2.2437599301338196e-001 2.1214999258518219e-002 1.0021799802780151e-001 
1.6221000254154205e-001 3.0279500409960747e-002 1.0241066664457321e-001 
2.3335899412631989e-001 -1.1150600016117096e-001 8.5505999624729156e-002 
2.5518101453781128e-001 2.1640999242663383e-002 9.7837999463081360e-002 
2.5518101453781128e-001 2.1640999242663383e-002 9.7837999463081360e-002 
2.4817100167274475e-001 1.4089999720454216e-002 9.6349000930786133e-002 
2.3133900761604309e-001 -5.3628005087375641e-002 9.0334668755531311e-002 
2.3445400595664978e-001 1.1677999980747700e-002 9.8454996943473816e-002 
1.4996899664402008e-001 4.8718500882387161e-002 1.0129400342702866e-001 
1.4996899664402008e-001 4.8718500882387161e-002 1.0129400342702866e-001 
1.7485000193119049e-001 3.2620001584291458e-002 1.0149999707937241e-001 
2.4374234676361084e-001 -3.6318667232990265e-002 9.3675002455711365e-002 
2.4374234676361084e-001 -3.6318667232990265e-002 9.3675002455711365e-002 
1.6282500326633453e-001 4.7063998878002167e-002 1.0118333995342255e-001 
1.4808601140975952e-001 4.3473001569509506e-002 1.0259249806404114e-001 
1.4808601140975952e-001 4.3473001569509506e-002 1.0259249806404114e-001 
2.5579866766929626e-001 -1.2046267092227936e-001 9.0687334537506104e-002 
2.3744300007820129e-001 1.4731000177562237e-002 9.7473002970218658e-002 
1.6828051209449768e-001 4.2142998427152634e-002 1.0168500244617462e-001 
1.8434700369834900e-001 3.4145001322031021e-002 1.0047599673271179e-001 
2.0135900378227234e-001 1.1636000126600266e-002 9.8398998379707336e-002 
1.9832500815391541e-001 1.2232500128448009e-002 9.8737493157386780e-002 
2.5030198693275452e-001 -1.0612100362777710e-001 9.0842999517917633e-002 
2.2973150014877319e-001 -9.8153002560138702e-002 8.5928000509738922e-002 
2.5030198693275452e-001 -1.0612100362777710e-001 9.0842999517917633e-002 
1.5709300339221954e-001 5.0103999674320221e-002 1.0103599727153778e-001 
2.4885700643062592e-001 -9.3515999615192413e-002 9.0830996632575989e-002 
2.4885700643062592e-001 -9.3515999615192413e-002 9.0830996632575989e-002 
2.4738800525665283e-001 -8.0026999115943909e-002 9.1233998537063599e-002 
1.6282500326633453e-001 4.7063998878002167e-002 1.0118333995342255e-001 
1.5662100911140442e-001 4.7740496695041656e-002 1.0166099667549133e-001 
2.4738800525665283e-001 -8.0026999115943909e-002 9.1233998537063599e-002 
2.5300401449203491e-001 -1.1862199753522873e-001 9.1283001005649567e-002 
2.4475476145744324e-001 -8.4610998630523682e-002 8.8295504450798035e-002 
2.5110501050949097e-001 -1.0865599662065506e-001 9.0850003063678741e-002 
2.5176599621772766e-001 -1.0994099825620651e-001 9.1685503721237183e-002 
1.3725799322128296e-001 2.6053000241518021e-002 9.8678000271320343e-002 
1.4211601018905640e-001 3.3463999629020691e-002 1.0098600387573242e-001 
1.3681533932685852e-001 3.5228334367275238e-002 1.0162700712680817e-001 
1.3436800241470337e-001 3.7044998258352280e-002 1.0163299739360809e-001 
2.3335899412631989e-001 -1.1150600016117096e-001 8.5505999624729156e-002 
2.3335899412631989e-001 -1.1150600016117096e-001 8.5505999624729156e-002 
2.5922301411628723e-001 1.3310000067576766e-003 9.0516000986099243e-002 
2.2659100592136383e-001 -5.9579998254776001e-002 8.7829001247882843e-002 
2.2530999779701233e-001 -2.3326000198721886e-002 9.0540997684001923e-002 
2.3319201171398163e-001 1.4724999666213989e-002 9.9308669567108154e-002 
2.1577899158000946e-001 2.2738000378012657e-002 1.0174801200628281e-001 
1.5307499468326569e-001 4.6011999249458313e-002 1.0219600051641464e-001 
2.2724349796772003e-001 3.0170500278472900e-002 9.7845003008842468e-002 
2.2437599301338196e-001 2.1214999258518219e-002 1.0021799802780151e-001 
1.5930050611495972e-001 4.7058999538421631e-002 1.0156899690628052e-001 
1.8127749860286713e-001 3.4140497446060181e-002 1.0084199905395508e-001 
1.8127749860286713e-001 3.4140497446060181e-002 1.0084199905395508e-001 
2.4475476145744324e-001 -8.4610998630523682e-002 8.8295504450798035e-002 
2.0470634102821350e-001 2.4674667045474052e-002 1.0220234096050262e-001 
2.5082200765609741e-001 -1.2996500730514526e-001 8.8125996291637421e-002 
1.6538000106811523e-001 4.4135000556707382e-002 1.0157299786806107e-001 
2.1570901572704315e-001 3.3060002606362104e-003 9.9064998328685760e-002 
2.4848100543022156e-001 -9.2045001685619354e-002 9.1656997799873352e-002 
2.5176599621772766e-001 -1.0994099825620651e-001 9.1685503721237183e-002 
1.8127749860286713e-001 3.4140497446060181e-002 1.0084199905395508e-001 
1.9379000365734100e-001 1.1626000516116619e-002 9.8173007369041443e-002 
2.1081468462944031e-001 1.9734000787138939e-002 1.0073967278003693e-001 
1.8127749860286713e-001 3.4140497446060181e-002 1.0084199905395508e-001 
2.3975250124931335e-001 -2.7023000642657280e-002 9.2628493905067444e-002 
2.1081468462944031e-001 1.9734000787138939e-002 1.0073967278003693e-001 
2.5176599621772766e-001 -1.0994099825620651e-001 9.1685503721237183e-002 
2.5176599621772766e-001 -1.0994099825620651e-001 9.1685503721237183e-002 
2.5300401449203491e-001 -1.1862199753522873e-001 9.1283001005649567e-002 
2.2929868102073669e-001 -6.8595007061958313e-002 8.8458001613616943e-002 
2.5300401449203491e-001 -1.1862199753522873e-001 9.1283001005649567e-002 
2.5300401449203491e-001 -1.1862199753522873e-001 9.1283001005649567e-002 
2.4738800525665283e-001 -8.0026999115943909e-002 9.1233998537063599e-002 
2.5492000579833984e-001 -1.0184000246226788e-002 9.1509997844696045e-002 
2.5300401449203491e-001 -1.1862199753522873e-001 9.1283001005649567e-002 
2.4410000443458557e-001 -8.1193000078201294e-002 8.8502496480941772e-002 
2.2929868102073669e-001 -6.8595007061958313e-002 8.8458001613616943e-002 
2.3380050063133240e-001 -3.1780499964952469e-002 9.0338997542858124e-002 
2.5110501050949097e-001 -1.0865599662065506e-001 9.0850003063678741e-002 
2.5176599621772766e-001 -1.0994099825620651e-001 9.1685503721237183e-002 
2.3380050063133240e-001 -3.1780499964952469e-002 9.0338997542858124e-002 
2.3980967700481415e-001 2.9720999300479889e-002 9.6886001527309418e-002 
2.0530849695205688e-001 1.0266999714076519e-002 1.0053049772977829e-001 
1.4168550074100494e-001 3.6215249449014664e-002 1.0141749680042267e-001 
2.5176599621772766e-001 -1.0994099825620651e-001 9.1685503721237183e-002 
1.4211601018905640e-001 3.3463999629020691e-002 1.0098600387573242e-001 
1.3796100020408630e-001 3.2124999910593033e-002 1.0116100311279297e-001 
1.5677699446678162e-001 3.1073000282049179e-002 1.0246500372886658e-001 
1.3681533932685852e-001 3.5228334367275238e-002 1.0162700712680817e-001 
1.3436800241470337e-001 3.7044998258352280e-002 1.0163299739360809e-001 
1.3175234198570251e-001 3.0241167172789574e-002 9.9684670567512512e-002 
1.3638199865818024e-001 4.3457999825477600e-002 1.0206200182437897e-001 
1.6385048627853394e-001 4.4133000075817108e-002 1.0182200372219086e-001 
2.1376399695873260e-001 2.9024999588727951e-002 1.0124000161886215e-001 
2.0470634102821350e-001 2.4674667045474052e-002 1.0220234096050262e-001 
1.5307499468326569e-001 4.6011999249458313e-002 1.0219600051641464e-001 
1.4808601140975952e-001 4.3473001569509506e-002 1.0259249806404114e-001 
2.2437599301338196e-001 2.1214999258518219e-002 1.0021799802780151e-001 
1.4211601018905640e-001 3.3463999629020691e-002 1.0098600387573242e-001 
1.6282500326633453e-001 4.7063998878002167e-002 1.0118333995342255e-001 
2.4317950010299683e-001 -1.1628174781799316e-001 8.7655499577522278e-002 
1.4204199612140656e-001 2.7095999568700790e-002 9.9535003304481506e-002 
2.3965600132942200e-001 -2.2151000797748566e-002 9.3038000166416168e-002 
1.6032700240612030e-001 4.4128000736236572e-002 1.0213900357484818e-001 
2.3965600132942200e-001 -2.2151000797748566e-002 9.3038000166416168e-002 
1.5307499468326569e-001 4.6011999249458313e-002 1.0219600051641464e-001 
2.2762599587440491e-001 3.3036999404430389e-002 9.8638996481895447e-002 
2.1929667890071869e-001 8.7379999458789825e-003 1.0075400769710541e-001 
2.4181100726127625e-001 -1.1552699655294418e-001 8.7649002671241760e-002 
1.7921000719070435e-001 3.7103001028299332e-002 1.0158699750900269e-001 
2.4668467044830322e-001 -7.6220333576202393e-002 9.2261672019958496e-002 
1.8070635199546814e-001 3.6265999078750610e-002 1.0075600445270538e-001 
2.4668467044830322e-001 -7.6220333576202393e-002 9.2261672019958496e-002 
2.4181100726127625e-001 -1.1552699655294418e-001 8.7649002671241760e-002 
2.4181100726127625e-001 -1.1552699655294418e-001 8.7649002671241760e-002 
2.2929334640502930e-001 -4.5142333954572678e-002 8.8876001536846161e-002 
2.5184398889541626e-001 -1.2423399835824966e-001 8.9605003595352173e-002 
2.1623200178146362e-001 1.6117332503199577e-002 1.0142000764608383e-001 
2.4668467044830322e-001 -7.6220333576202393e-002 9.2261672019958496e-002 
2.4181100726127625e-001 -1.1552699655294418e-001 8.7649002671241760e-002 
2.2929334640502930e-001 -4.5142333954572678e-002 8.8876001536846161e-002 
2.4717399477958679e-001 -1.0048899799585342e-001 9.0818502008914948e-002 
2.0530849695205688e-001 1.0266999714076519e-002 1.0053049772977829e-001 
2.4722366034984589e-001 -8.6836837232112885e-002 9.1301999986171722e-002 
2.5071850419044495e-001 -1.2046899646520615e-001 9.0638503432273865e-002 
1.6621033847332001e-001 4.5595999807119370e-002 1.0060800611972809e-001 
2.4317950010299683e-001 -1.1628174781799316e-001 8.7655499577522278e-002 
2.2929868102073669e-001 -6.8595007061958313e-002 8.8458001613616943e-002 
2.0573900640010834e-001 1.3530334457755089e-002 1.0131099820137024e-001 
2.0530849695205688e-001 1.0266999714076519e-002 1.0053049772977829e-001 
2.4668467044830322e-001 -7.6220333576202393e-002 9.2261672019958496e-002 
2.4668467044830322e-001 -7.6220333576202393e-002 9.2261672019958496e-002 
2.4960899353027344e-001 -1.0994400084018707e-001 9.1563001275062561e-002 
2.2452899813652039e-001 4.7189998440444469e-003 9.9036000669002533e-002 
2.2929868102073669e-001 -6.8595007061958313e-002 8.8458001613616943e-002 
2.5074866414070129e-001 -1.1627300828695297e-001 9.1331332921981812e-002 
2.4738800525665283e-001 -8.0026999115943909e-002 9.1233998537063599e-002 
2.5074866414070129e-001 -1.1627300828695297e-001 9.1331332921981812e-002 
2.5300401449203491e-001 -1.1862199753522873e-001 9.1283001005649567e-002 
2.2929868102073669e-001 -6.8595007061958313e-002 8.8458001613616943e-002 
2.2929868102073669e-001 -6.8595007061958313e-002 8.8458001613616943e-002 
2.5074866414070129e-001 -1.1627300828695297e-001 9.1331332921981812e-002 
2.4181100726127625e-001 -1.1552699655294418e-001 8.7649002671241760e-002 
2.4960899353027344e-001 -1.0994400084018707e-001 9.1563001275062561e-002 
1.4524100720882416e-001 3.8962669670581818e-002 1.0270833969116211e-001 
1.3796100020408630e-001 3.2124999910593033e-002 1.0116100311279297e-001 
1.4524100720882416e-001 3.8962669670581818e-002 1.0270833969116211e-001 
1.3796100020408630e-001 3.2124999910593033e-002 1.0116100311279297e-001 
1.3681533932685852e-001 3.5228334367275238e-002 1.0162700712680817e-001 
1.3681533932685852e-001 3.5228334367275238e-002 1.0162700712680817e-001 
1.3796100020408630e-001 3.2124999910593033e-002 1.0116100311279297e-001 
2.2976899147033691e-001 2.1222000941634178e-002 1.0061233490705490e-001 
1.6385048627853394e-001 4.4133000075817108e-002 1.0182200372219086e-001 
2.4375668168067932e-001 -4.0037669241428375e-002 9.3403004109859467e-002 
1.6385048627853394e-001 4.4133000075817108e-002 1.0182200372219086e-001 
2.2807000577449799e-001 1.8219999969005585e-002 1.0100200027227402e-001 
2.2437599301338196e-001 2.1214999258518219e-002 1.0021799802780151e-001 
2.2437599301338196e-001 2.1214999258518219e-002 1.0021799802780151e-001 
2.4181100726127625e-001 -1.1552699655294418e-001 8.7649002671241760e-002 
2.2091299295425415e-001 1.9166000187397003e-002 1.0071599483489990e-001 
2.1029999852180481e-001 2.9020499438047409e-002 1.0136449337005615e-001 
2.2237500548362732e-001 1.4711000025272369e-002 1.0061399638652802e-001 
1.4808601140975952e-001 4.3473001569509506e-002 1.0259249806404114e-001 
2.2839100658893585e-001 2.9799999902024865e-004 9.9628001451492310e-002 
2.3161900043487549e-001 1.3563999906182289e-002 1.0061600059270859e-001 
2.4317950010299683e-001 -1.1628174781799316e-001 8.7655499577522278e-002 
2.0281700789928436e-001 1.9723333418369293e-002 1.0167166590690613e-001 
2.2925350069999695e-001 3.7656001746654510e-002 9.8640002310276031e-002 
2.0374634861946106e-001 1.8547333776950836e-002 1.0166066884994507e-001 
1.4717599749565125e-001 3.1534001231193542e-002 1.0160650312900543e-001 
2.2925350069999695e-001 3.7656001746654510e-002 9.8640002310276031e-002 
2.2925350069999695e-001 3.7656001746654510e-002 9.8640002310276031e-002 
2.1023499965667725e-001 1.5599999576807022e-002 1.0165800154209137e-001 
1.9623650610446930e-001 2.2712999954819679e-002 1.0202750563621521e-001 
2.1499599516391754e-001 1.0280000045895576e-002 1.0123199969530106e-001 
1.9623650610446930e-001 2.2712999954819679e-002 1.0202750563621521e-001 
2.5071850419044495e-001 -1.2046899646520615e-001 9.0638503432273865e-002 
1.9358500838279724e-001 2.0267000421881676e-002 1.0207249969244003e-001 
1.9717049598693848e-001 2.6128999888896942e-002 1.0201299935579300e-001 
2.5528001785278320e-001 -4.0715001523494720e-002 9.3885496258735657e-002 
2.0573900640010834e-001 1.3530334457755089e-002 1.0131099820137024e-001 
2.2934199869632721e-001 -5.0110999494791031e-002 9.1366000473499298e-002 
2.2376100718975067e-001 6.2719997949898243e-003 1.0061199963092804e-001 
2.2934199869632721e-001 -5.0110999494791031e-002 9.1366000473499298e-002 
2.0573900640010834e-001 1.3530334457755089e-002 1.0131099820137024e-001 
2.4908348917961121e-001 -1.1862699687480927e-001 9.1040499508380890e-002 
2.1229299902915955e-001 1.0276000015437603e-002 1.0105449706315994e-001 
2.2452899813652039e-001 4.7189998440444469e-003 9.9036000669002533e-002 
2.2934199869632721e-001 -5.0110999494791031e-002 9.1366000473499298e-002 
2.5528001785278320e-001 -4.0715001523494720e-002 9.3885496258735657e-002 
2.4908348917961121e-001 -1.1862699687480927e-001 9.1040499508380890e-002 
1.7179065942764282e-001 4.2819499969482422e-002 1.0058234632015228e-001 
2.5528001785278320e-001 -4.0715001523494720e-002 9.3885496258735657e-002 
2.2934199869632721e-001 -5.0110999494791031e-002 9.1366000473499298e-002 
2.0530849695205688e-001 1.0266999714076519e-002 1.0053049772977829e-001 
2.1229299902915955e-001 1.0276000015437603e-002 1.0105449706315994e-001 
2.4908348917961121e-001 -1.1862699687480927e-001 9.1040499508380890e-002 
2.4908348917961121e-001 -1.1862699687480927e-001 9.1040499508380890e-002 
1.4397999644279480e-001 3.6217998713254929e-002 1.0255599766969681e-001 
2.0530849695205688e-001 1.0266999714076519e-002 1.0053049772977829e-001 
1.9358500838279724e-001 2.0267000421881676e-002 1.0207249969244003e-001 
1.4397999644279480e-001 3.6217998713254929e-002 1.0255599766969681e-001 
1.3849799335002899e-001 2.6461999863386154e-002 9.9678002297878265e-002 
1.4397999644279480e-001 3.6217998713254929e-002 1.0255599766969681e-001 
2.6616799831390381e-001 1.9809000194072723e-002 8.8495001196861267e-002 
2.6616799831390381e-001 1.9809000194072723e-002 8.8495001196861267e-002 
2.6616799831390381e-001 1.9809000194072723e-002 8.8495001196861267e-002 
1.5993900597095490e-001 3.5257499665021896e-002 1.0275600105524063e-001 
2.3169600963592529e-001 1.8224999308586121e-002 1.0061649978160858e-001 
2.1376399695873260e-001 2.9024999588727951e-002 1.0124000161886215e-001 
2.3117299377918243e-001 3.0099999275989830e-004 9.9632002413272858e-002 
2.1523699164390564e-001 2.7189999818801880e-002 1.0162100195884705e-001 
2.2023199498653412e-001 2.0300999283790588e-002 1.0159800201654434e-001 
1.7154400050640106e-001 3.7092998623847961e-002 1.0218799859285355e-001 
1.7154400050640106e-001 3.7092998623847961e-002 1.0218799859285355e-001 
2.3117299377918243e-001 3.0099999275989830e-004 9.9632002413272858e-002 
2.3544499278068542e-001 -4.8236999660730362e-002 9.1170996427536011e-002 
1.5112000703811646e-001 4.4116001576185226e-002 1.0267599672079086e-001 
2.3274734616279602e-001 3.7172999233007431e-002 9.8383001983165741e-002 
2.2406999766826630e-001 2.7201000601053238e-002 1.0100299865007401e-001 
2.2839100658893585e-001 2.9799999902024865e-004 9.9628001451492310e-002 
2.2051900625228882e-001 3.2678999006748199e-002 1.0002999752759933e-001 
2.2839100658893585e-001 2.9799999902024865e-004 9.9628001451492310e-002 
1.4397999644279480e-001 3.6217998713254929e-002 1.0255599766969681e-001 
1.4397999644279480e-001 3.6217998713254929e-002 1.0255599766969681e-001 
2.1835200488567352e-001 3.4648999571800232e-002 9.9643997848033905e-002 
2.2925350069999695e-001 3.7656001746654510e-002 9.8640002310276031e-002 
2.1023499965667725e-001 1.5599999576807022e-002 1.0165800154209137e-001 
2.1023499965667725e-001 1.5599999576807022e-002 1.0165800154209137e-001 
2.0573900640010834e-001 1.3530334457755089e-002 1.0131099820137024e-001 
2.0573900640010834e-001 1.3530334457755089e-002 1.0131099820137024e-001 
2.0573900640010834e-001 1.3530334457755089e-002 1.0131099820137024e-001 
2.1229299902915955e-001 1.0276000015437603e-002 1.0105449706315994e-001 
2.4908348917961121e-001 -1.1862699687480927e-001 9.1040499508380890e-002 
2.1499599516391754e-001 1.0280000045895576e-002 1.0123199969530106e-001 
2.2869268059730530e-001 5.2030002698302269e-003 1.0034932941198349e-001 
2.6616799831390381e-001 1.9809000194072723e-002 8.8495001196861267e-002 
2.3116934299468994e-001 -4.9216337502002716e-002 9.0955339372158051e-002 
1.7154400050640106e-001 3.7092998623847961e-002 1.0218799859285355e-001 
2.2839100658893585e-001 2.9799999902024865e-004 9.9628001451492310e-002 
1.7154400050640106e-001 3.7092998623847961e-002 1.0218799859285355e-001 
2.2839100658893585e-001 2.9799999902024865e-004 9.9628001451492310e-002 
2.3054599761962891e-001 4.7260001301765442e-003 1.0022100061178207e-001 
2.3117299377918243e-001 3.0099999275989830e-004 9.9632002413272858e-002 
2.2051900625228882e-001 3.2678999006748199e-002 1.0002999752759933e-001 
]
