edgePlot=[...
3.0724382400512695e-001 -2.2364201024174690e-002 -3.2669373322278261e-003 
3.0741342902183533e-001 -2.1460156887769699e-002 -3.7172634620219469e-003 
3.0739867687225342e-001 -2.2347515448927879e-002 -3.0274845194071531e-003 
3.0754870176315308e-001 -2.1431311964988708e-002 -3.4718492534011602e-003 
1.7074762284755707e-001 -8.7845372036099434e-003 -3.0961916781961918e-003 
1.8671767413616180e-001 -4.7127660363912582e-003 -2.9561177361756563e-003 
1.8323281407356262e-001 -1.7485687276348472e-003 -2.9556811787188053e-003 
1.7442166805267334e-001 -9.7932042554020882e-003 -2.9328577220439911e-003 
1.7172649502754211e-001 -7.5730574317276478e-003 -3.0295904725790024e-003 
1.8527291715145111e-001 -2.6872383896261454e-003 -2.9648081399500370e-003 
1.9275674223899841e-001 3.4970836713910103e-003 -2.8148598503321409e-003 
1.9369849562644958e-001 4.6031763777136803e-003 -2.7642794884741306e-003 
1.9418744742870331e-001 4.6031344681978226e-003 -2.7520286384969950e-003 
1.8030621111392975e-001 1.9987117499113083e-002 -2.2447810042649508e-003 
1.8224023282527924e-001 2.2231860086321831e-002 -2.1791975013911724e-003 
1.7821495234966278e-001 2.4214917793869972e-002 -2.1288504358381033e-003 
1.3664649426937103e-001 7.2826251387596130e-002 -2.1517211571335793e-003 
1.4130078256130219e-001 7.2823278605937958e-002 -2.0836335606873035e-003 
1.3922314345836639e-001 7.6766118407249451e-002 -2.0314983557909727e-003 
3.4179103374481201e-001 -2.0428564399480820e-002 2.5991391157731414e-004 
3.4231474995613098e-001 -2.0428089424967766e-002 2.6843263185583055e-004 
3.4273409843444824e-001 -2.0427556708455086e-002 2.7592998230829835e-004 
3.4325897693634033e-001 -2.0426880568265915e-002 2.8533188742585480e-004 
2.5324168801307678e-001 8.2175545394420624e-002 5.8079208247363567e-004 
3.6322742700576782e-001 4.6039968729019165e-003 5.6710105855017900e-004 
3.6478823423385620e-001 7.2761848568916321e-003 5.8992073172703385e-004 
3.6568406224250793e-001 7.2760623879730701e-003 5.9711548965424299e-004 
3.6123192310333252e-001 9.3444809317588806e-003 5.7713949354365468e-004 
2.5626051425933838e-001 8.0381393432617188e-002 6.6608289489522576e-004 
2.5211194157600403e-001 8.2173496484756470e-002 5.9796706773340702e-004 
3.0083242058753967e-001 -3.2378189265727997e-002 1.5083492035046220e-003 
3.0103033781051636e-001 -3.2373938709497452e-002 1.4595084358006716e-003 
3.0084568262100220e-001 -3.1391177326440811e-002 1.6863963101059198e-003 
3.0104428529739380e-001 -3.1385801732540131e-002 1.6469517722725868e-003 
3.6970067024230957e-001 -2.7407515794038773e-002 1.3037015451118350e-003 
3.6879473924636841e-001 -2.4534014984965324e-002 1.2644141679629683e-003 
3.6924740672111511e-001 -2.4533536285161972e-002 1.2693479657173157e-003 
3.4221675992012024e-001 2.8125936165452003e-002 1.0962071828544140e-003 
3.3873805403709412e-001 2.9090948402881622e-002 1.0681414278224111e-003 
3.4065103530883789e-001 2.9094535857439041e-002 1.0990343289449811e-003 
3.2625371217727661e-001 7.5568959116935730e-002 2.1501258015632629e-003 
3.7379500269889832e-001 7.4623785912990570e-002 2.8228007722645998e-003 
2.6140359044075012e-001 1.5082273632287979e-002 1.6584599390625954e-002 
2.6290407776832581e-001 1.5046868473291397e-002 1.6227196902036667e-002 
2.6332420110702515e-001 1.5097890049219131e-002 1.6447497531771660e-002 
2.6039102673530579e-001 1.5043527819216251e-002 1.7221536487340927e-002 
2.6018628478050232e-001 1.5037176199257374e-002 1.7360698431730270e-002 
1.3028514385223389e-001 8.2496486604213715e-002 1.4987080357968807e-002 
1.3064116239547729e-001 8.2496486604213715e-002 1.4996122568845749e-002 
1.3099664449691772e-001 8.2496486604213715e-002 1.5005123801529408e-002 
1.3135147094726563e-001 8.2496486604213715e-002 1.5014071017503738e-002 
1.3182370364665985e-001 8.2496486604213715e-002 1.5025933273136616e-002 
1.3229490816593170e-001 8.2496486604213715e-002 1.5037713572382927e-002 
1.3323426246643066e-001 8.2496486604213715e-002 1.5061032027006149e-002 
1.3370244204998016e-001 8.2496486604213715e-002 1.5072572045028210e-002 
1.3533338904380798e-001 8.2496486604213715e-002 1.5106727369129658e-002 
1.3574683666229248e-001 8.2496486604213715e-002 1.5120750293135643e-002 
1.3626009225845337e-001 8.2496486604213715e-002 1.5134669840335846e-002 
1.3672205805778503e-001 8.2496486604213715e-002 1.5145719051361084e-002 
1.3718309998512268e-001 8.2496486604213715e-002 1.5156693756580353e-002 
1.3775807619094849e-001 8.2496486604213715e-002 1.5170309692621231e-002 
1.3833177089691162e-001 8.2496486604213715e-002 1.5183820389211178e-002 
1.3878966867923737e-001 8.2496486604213715e-002 1.5194548293948174e-002 
1.3924670219421387e-001 8.2496486604213715e-002 1.5205206349492073e-002 
1.3970287144184113e-001 8.2496486604213715e-002 1.5215795487165451e-002 
1.4027182757854462e-001 8.2496486604213715e-002 1.5228934586048126e-002 
1.4083954691886902e-001 8.2496486604213715e-002 1.5241974964737892e-002 
1.4129275083541870e-001 8.2496486604213715e-002 1.5252331271767616e-002 
1.4174512028694153e-001 8.2496486604213715e-002 1.5262620523571968e-002 
1.4219665527343750e-001 8.2496486604213715e-002 1.5272846445441246e-002 
1.4275991916656494e-001 8.2496486604213715e-002 1.5285536646842957e-002 
1.4332202076911926e-001 8.2496486604213715e-002 1.5298135578632355e-002 
1.4421871304512024e-001 8.2496486604213715e-002 1.5318078920245171e-002 
1.4466588199138641e-001 8.2496486604213715e-002 1.5327958390116692e-002 
1.4578044414520264e-001 8.2496486604213715e-002 1.5352390706539154e-002 
1.4622494578361511e-001 8.2496486604213715e-002 1.5362059697508812e-002 
1.4666870236396790e-001 8.2496486604213715e-002 1.5371669083833694e-002 
1.4722232520580292e-001 8.2496486604213715e-002 1.5383593738079071e-002 
1.4777486026287079e-001 8.2496486604213715e-002 1.5395436435937881e-002 
1.4821605384349823e-001 8.2496486604213715e-002 1.5404841862618923e-002 
1.4876650273799896e-001 8.2496486604213715e-002 1.5416516922414303e-002 
1.5128464996814728e-001 8.2496486604213715e-002 1.5464616939425468e-002 
1.5248101949691772e-001 8.2496486604213715e-002 1.5618508681654930e-002 
1.5284872055053711e-001 8.2496486604213715e-002 1.5571395866572857e-002 
1.5432012081146240e-001 8.2496486604213715e-002 1.5798006206750870e-002 
1.5526421368122101e-001 8.2496486604213715e-002 1.5694197267293930e-002 
1.5676443278789520e-001 8.2496486604213715e-002 1.5860997140407562e-002 
1.5719167888164520e-001 8.2496486604213715e-002 1.5869185328483582e-002 
1.5772487223148346e-001 8.2496486604213715e-002 1.5879355370998383e-002 
1.5825718641281128e-001 8.2496486604213715e-002 1.5889454632997513e-002 
1.5868234634399414e-001 8.2496486604213715e-002 1.5897478908300400e-002 
1.5921294689178467e-001 8.2496486604213715e-002 1.5907442197203636e-002 
1.5974268317222595e-001 8.2496486604213715e-002 1.5917336568236351e-002 
1.6027146577835083e-001 8.2496486604213715e-002 1.5927156433463097e-002 
1.6079941391944885e-001 8.2496486604213715e-002 1.5936907380819321e-002 
1.6122111678123474e-001 8.2496486604213715e-002 1.5944655984640121e-002 
1.6174742579460144e-001 8.2496486604213715e-002 1.5954276546835899e-002 
1.6227291524410248e-001 8.2496486604213715e-002 1.5963831916451454e-002 
1.6321656107902527e-001 8.2496486604213715e-002 1.5980850905179977e-002 
1.6373966634273529e-001 8.2496486604213715e-002 1.5990212559700012e-002 
1.6415753960609436e-001 8.2496486604213715e-002 1.5997659415006638e-002 
1.6447059810161591e-001 8.2496486604213715e-002 1.6003210097551346e-002 
1.6478332877159119e-001 8.2496486604213715e-002 1.6006898134946823e-002 
1.6519986093044281e-001 8.2496486604213715e-002 1.6012407839298248e-002 
1.6570752859115601e-001 8.2496486604213715e-002 1.6021538525819778e-002 
1.6781537234783173e-001 8.2496486604213715e-002 1.6067972406744957e-002 
1.6830740869045258e-001 8.2496486604213715e-002 1.6136184334754944e-002 
1.6926936805248260e-001 8.2496486604213715e-002 1.6101373359560966e-002 
1.7084242403507233e-001 8.2496486604213715e-002 1.6238754615187645e-002 
1.7170497775077820e-001 8.2496486604213715e-002 1.6391640529036522e-002 
1.7278078198432922e-001 8.2496486604213715e-002 1.6298122704029083e-002 
1.7430377006530762e-001 8.2496486604213715e-002 1.6443520784378052e-002 
1.7773284018039703e-001 8.2496486604213715e-002 1.6497530043125153e-002 
1.7873552441596985e-001 8.2496486604213715e-002 1.6521289944648743e-002 
1.7925652861595154e-001 8.2496486604213715e-002 1.6528612002730370e-002 
1.8123099207878113e-001 8.2496486604213715e-002 1.6543071717023849e-002 
1.8178759515285492e-001 8.2496486604213715e-002 1.6551641747355461e-002 
1.8232405185699463e-001 8.2496486604213715e-002 1.6564356163144112e-002 
1.8324556946754456e-001 8.2496486604213715e-002 1.6710072755813599e-002 
1.8530458211898804e-001 8.2496486604213715e-002 1.6733665019273758e-002 
1.8618552386760712e-001 8.2496486604213715e-002 1.6627967357635498e-002 
1.8725623190402985e-001 8.2496486604213715e-002 1.6629271209239960e-002 
1.8774628639221191e-001 8.2496486604213715e-002 1.6635760664939880e-002 
1.8875196576118469e-001 8.2496486604213715e-002 1.6784064471721649e-002 
1.8924018740653992e-001 8.2496486604213715e-002 1.6789523884654045e-002 
1.8970999121665955e-001 8.2496486604213715e-002 1.6790781170129776e-002 
1.9125002622604370e-001 8.2496486604213715e-002 1.6685858368873596e-002 
1.9174444675445557e-001 8.2496486604213715e-002 1.6689486801624298e-002 
1.9271427392959595e-001 8.2496486604213715e-002 1.6693098470568657e-002 
1.9375352561473846e-001 8.2496486604213715e-002 1.6582375392317772e-002 
1.9424925744533539e-001 8.2496486604213715e-002 1.6588166356086731e-002 
1.9520178437232971e-001 8.2496486604213715e-002 1.6727104783058167e-002 
1.9627720117568970e-001 8.2496486604213715e-002 1.6737332567572594e-002 
1.9723001122474670e-001 8.2496486604213715e-002 1.6746286302804947e-002 
1.9772547483444214e-001 8.2496486604213715e-002 1.6750726848840714e-002 
1.9923412799835205e-001 8.2496486604213715e-002 1.6643719747662544e-002 
1.9971202313899994e-001 8.2496486604213715e-002 1.6646901145577431e-002 
2.0124569535255432e-001 8.2496486604213715e-002 1.6660153865814209e-002 
2.0181690156459808e-001 8.2496486604213715e-002 1.6673739999532700e-002 
2.0228502154350281e-001 8.2496486604213715e-002 1.6802635043859482e-002 
2.0276737213134766e-001 8.2496486604213715e-002 1.6811668872833252e-002 
2.0325635373592377e-001 8.2496486604213715e-002 1.6817646101117134e-002 
2.0524486899375916e-001 8.2496486604213715e-002 1.6838926821947098e-002 
2.0571729540824890e-001 8.2496486604213715e-002 1.6838926821947098e-002 
2.0673513412475586e-001 8.2496486604213715e-002 1.6723861917853355e-002 
2.0824867486953735e-001 8.2496486604213715e-002 1.6822557896375656e-002 
2.0974533259868622e-001 8.2496486604213715e-002 1.6747094690799713e-002 
2.1218626201152802e-001 8.2496486604213715e-002 1.6774613410234451e-002 
2.1274672448635101e-001 8.2496486604213715e-002 1.6903705894947052e-002 
2.1368567645549774e-001 8.2496486604213715e-002 1.6917131841182709e-002 
2.1424478292465210e-001 8.2496486604213715e-002 1.6918187960982323e-002 
2.1675258874893188e-001 8.2496486604213715e-002 1.6809768974781036e-002 
2.1824401617050171e-001 8.2496486604213715e-002 1.6948169097304344e-002 
2.2026374936103821e-001 8.2496486604213715e-002 1.6836578026413918e-002 
2.2074031829833984e-001 8.2496486604213715e-002 1.6972448676824570e-002 
2.2222052514553070e-001 8.2496486604213715e-002 1.6984574496746063e-002 
2.2369305789470673e-001 8.2496486604213715e-002 1.6995312646031380e-002 
2.2523751854896545e-001 8.2496486604213715e-002 1.7001308500766754e-002 
2.2571796178817749e-001 8.2496486604213715e-002 1.7008645460009575e-002 
2.2626394033432007e-001 8.2496486604213715e-002 1.7143141478300095e-002 
2.2673057019710541e-001 8.2496486604213715e-002 1.7147425562143326e-002 
2.2718851268291473e-001 8.2496486604213715e-002 1.7150163650512695e-002 
2.2874389588832855e-001 8.2496486604213715e-002 1.7160210758447647e-002 
2.2974520921707153e-001 8.2496486604213715e-002 1.7163768410682678e-002 
2.3230290412902832e-001 8.2496486604213715e-002 1.7179958522319794e-002 
2.3275831341743469e-001 8.2496486604213715e-002 1.7183508723974228e-002 
2.3322026431560516e-001 8.2496486604213715e-002 1.7184378579258919e-002 
2.3523299396038055e-001 8.2496486604213715e-002 1.7456617206335068e-002 
2.3722061514854431e-001 8.2496486604213715e-002 1.7334030941128731e-002 
2.3831668496131897e-001 8.2496486604213715e-002 1.7471740022301674e-002 
2.3876956105232239e-001 8.2496486604213715e-002 1.7473462969064713e-002 
2.3922231793403625e-001 8.2496486604213715e-002 1.7475146800279617e-002 
2.4030588567256927e-001 8.2496486604213715e-002 1.7478398978710175e-002 
2.4076062440872192e-001 8.2496486604213715e-002 1.7480587586760521e-002 
2.4121277034282684e-001 8.2496486604213715e-002 1.7482107505202293e-002 
2.4519035220146179e-001 8.2496486604213715e-002 1.7495235428214073e-002 
2.4554750323295593e-001 8.2496486604213715e-002 1.7496559768915176e-002 
2.4582076072692871e-001 8.2496486604213715e-002 1.7627185210585594e-002 
2.4627248942852020e-001 8.2496486604213715e-002 1.7629344016313553e-002 
2.5123402476310730e-001 8.2496486604213715e-002 1.7905538901686668e-002 
2.5168359279632568e-001 8.2496486604213715e-002 1.7905620858073235e-002 
2.5375211238861084e-001 8.2496486604213715e-002 1.7908433452248573e-002 
2.5455749034881592e-001 8.2496486604213715e-002 1.7909366637468338e-002 
2.5824272632598877e-001 8.2496486604213715e-002 1.7910875380039215e-002 
2.5869220495223999e-001 8.2496486604213715e-002 1.7910890281200409e-002 
2.5976964831352234e-001 8.2496486604213715e-002 1.7910923808813095e-002 
2.2975617647171021e-001 -2.2414408624172211e-002 1.8498031422495842e-002 
2.2784382104873657e-001 -2.0425980910658836e-002 1.8455641344189644e-002 
2.2585165500640869e-001 -1.8664432689547539e-002 1.8403042107820511e-002 
2.2382380068302155e-001 -1.7426623031497002e-002 1.8344637006521225e-002 
2.2473891079425812e-001 -1.7426487058401108e-002 1.8376410007476807e-002 
2.2382357716560364e-001 -1.5666544437408447e-002 1.8358731642365456e-002 
2.2197347879409790e-001 -1.4626067131757736e-002 1.8289305269718170e-002 
2.1938124299049377e-001 -1.1654921807348728e-002 1.8205359578132629e-002 
2.1938112378120422e-001 -1.0832912288606167e-002 1.8220771104097366e-002 
2.1938101947307587e-001 -9.7929174080491066e-003 1.8241034820675850e-002 
2.1679505705833435e-001 -7.5735663995146751e-003 1.8200235441327095e-002 
2.1775461733341217e-001 -7.5731514953076839e-003 1.8230153247714043e-002 
2.1978306770324707e-001 -7.5732036493718624e-003 1.8272619694471359e-002 
2.2125492990016937e-001 -7.5732078403234482e-003 1.8293244764208794e-002 
2.2180615365505219e-001 -7.5732013210654259e-003 1.8299456685781479e-002 
2.2180610895156860e-001 -6.7309862934052944e-003 1.8301948904991150e-002 
2.2226519882678986e-001 -6.7309839650988579e-003 1.8307309597730637e-002 
2.1572041511535645e-001 -5.4720467887818813e-003 1.8212726339697838e-002 
2.1876926720142365e-001 -5.4722554050385952e-003 1.8276825547218323e-002 
2.1478080749511719e-001 -2.6873059105128050e-003 1.8219655379652977e-002 
2.1349392831325531e-001 1.1803605593740940e-003 1.8209636211395264e-002 
2.1349383890628815e-001 2.4014546070247889e-003 1.8222542479634285e-002 
2.1228429675102234e-001 6.1185420490801334e-003 1.8239349126815796e-002 
2.1172441542148590e-001 8.3149028941988945e-003 1.8282968550920486e-002 
2.1117953956127167e-001 1.6077380627393723e-002 1.8517326563596725e-002 
2.1117821335792542e-001 1.7327504232525826e-002 1.8579300493001938e-002 
2.5764170289039612e-001 1.7317676916718483e-002 1.8701229244470596e-002 
2.6625579595565796e-001 1.7342364415526390e-002 1.8396636471152306e-002 
2.4781766533851624e-001 8.2496486604213715e-002 1.8031235784292221e-002 
2.4925729632377625e-001 8.2496486604213715e-002 1.8035477027297020e-002 
2.4971161782741547e-001 8.2496486604213715e-002 1.8035678192973137e-002 
2.5024849176406860e-001 8.2496486604213715e-002 1.8035780638456345e-002 
2.5060811638832092e-001 8.2496486604213715e-002 1.8035477027297020e-002 
2.5330245494842529e-001 8.2496486604213715e-002 1.8039241433143616e-002 
2.5527900457382202e-001 8.2496486604213715e-002 1.8041674047708511e-002 
2.5581908226013184e-001 8.2496486604213715e-002 1.8042234703898430e-002 
2.5671619176864624e-001 8.2496486604213715e-002 1.8042579293251038e-002 
2.5707504153251648e-001 8.2496486604213715e-002 1.8042614683508873e-002 
2.6120647788047791e-001 8.2496486604213715e-002 1.8043044954538345e-002 
2.6174536347389221e-001 8.2496486604213715e-002 1.8043018877506256e-002 
2.6273298263549805e-001 8.2496486604213715e-002 1.8042737618088722e-002 
2.6318204402923584e-001 8.2496486604213715e-002 1.8042316660284996e-002 
2.6425987482070923e-001 8.2496486604213715e-002 1.8041554838418961e-002 
2.6479882001876831e-001 8.2496486604213715e-002 1.8041074275970459e-002 
2.6524800062179565e-001 8.2496486604213715e-002 1.8040636554360390e-002 
2.6677477359771729e-001 8.2496486604213715e-002 1.8039025366306305e-002 
2.6776432991027832e-001 8.2496486604213715e-002 1.8037520349025726e-002 
2.6821479201316833e-001 8.2496486604213715e-002 1.8036562949419022e-002 
2.6875334978103638e-001 8.2496486604213715e-002 1.8035689368844032e-002 
2.6929295063018799e-001 8.2496486604213715e-002 1.8035389482975006e-002 
2.6974266767501831e-001 8.2496486604213715e-002 1.8035234883427620e-002 
2.7072983980178833e-001 8.2496486604213715e-002 1.8163971602916718e-002 
2.7126836776733398e-001 8.2496486604213715e-002 1.8163338303565979e-002 
2.7181109786033630e-001 8.2496486604213715e-002 1.8031038343906403e-002 
2.7226269245147705e-001 8.2496486604213715e-002 1.8030161038041115e-002 
2.7379080653190613e-001 8.2496486604213715e-002 1.8157768994569778e-002 
2.7469199895858765e-001 8.2496486604213715e-002 1.8024582415819168e-002 
2.7523827552795410e-001 8.2496486604213715e-002 1.8067052587866783e-002 
2.7676415443420410e-001 8.2496486604213715e-002 1.8281333148479462e-002 
2.7829438447952271e-001 8.2496486604213715e-002 1.8276315182447433e-002 
2.7973505854606628e-001 8.2496486604213715e-002 1.8274892121553421e-002 
2.8081476688385010e-001 8.2496486604213715e-002 1.8400264903903008e-002 
2.8126686811447144e-001 8.2496486604213715e-002 1.8401160836219788e-002 
2.8171911835670471e-001 8.2496486604213715e-002 1.8401604145765305e-002 
2.8370824456214905e-001 8.2496486604213715e-002 1.8392732366919518e-002 
2.8424903750419617e-001 8.2496486604213715e-002 1.8391249701380730e-002 
2.5474891066551208e-001 -3.5441428422927856e-002 1.9199233502149582e-002 
2.4678267538547516e-001 -3.2368648797273636e-002 1.9047791138291359e-002 
2.4281023442745209e-001 -3.0263686552643776e-002 1.8961993977427483e-002 
2.3820826411247253e-001 -2.8623444959521294e-002 1.8823850899934769e-002 
2.3876889050006866e-001 -2.8625382110476494e-002 1.8848530948162079e-002 
2.3975960910320282e-001 -2.8625011444091797e-002 1.8891641870141029e-002 
2.4074976146221161e-001 -2.8624607250094414e-002 1.8931074067950249e-002 
2.4128977954387665e-001 -2.8624460101127625e-002 1.8947122618556023e-002 
2.3495267331600189e-001 -2.6338785886764526e-002 1.8696345388889313e-002 
2.3287086188793182e-001 -2.5302259251475334e-002 1.8616028130054474e-002 
2.5125527381896973e-001 -3.7321567069739103e-003 1.8906753510236740e-002 
2.5224357843399048e-001 -2.6871603913605213e-003 1.8920484930276871e-002 
2.5323310494422913e-001 -1.7486737342551351e-003 1.8933918327093124e-002 
2.5421851873397827e-001 -1.7486950382590294e-003 1.8946189433336258e-002 
2.3974362015724182e-001 -7.0597627200186253e-004 1.8645798787474632e-002 
2.4019455909729004e-001 -7.0598896127194166e-004 1.8649915233254433e-002 
2.3622140288352966e-001 1.1802477529272437e-003 1.8614411354064941e-002 
2.2238709032535553e-001 6.1211367137730122e-003 1.8451981246471405e-002 
2.1139171719551086e-001 1.2323077768087387e-002 1.8359877169132233e-002 
2.1139089763164520e-001 1.3342249207198620e-002 1.8401660025119781e-002 
2.1139003336429596e-001 1.4366392046213150e-002 1.8446983769536018e-002 
2.1129317581653595e-001 1.9020933657884598e-002 1.8647491931915283e-002 
2.1189162135124207e-001 2.1043673157691956e-002 1.8703239038586617e-002 
2.1222989261150360e-001 2.3174954578280449e-002 1.8756201490759850e-002 
2.1226231753826141e-001 2.4935949593782425e-002 1.8784798681735992e-002 
2.1235510706901550e-001 2.5893030688166618e-002 1.8801309168338776e-002 
2.1235494315624237e-001 2.6876784861087799e-002 1.8818316981196404e-002 
2.1452042460441589e-001 3.4872565418481827e-002 1.9043970853090286e-002 
2.8280526399612427e-001 8.2496486604213715e-002 1.8523223698139191e-002 
2.8624159097671509e-001 8.2496486604213715e-002 1.8512485548853874e-002 
2.8823393583297729e-001 8.2496486604213715e-002 1.8506279215216637e-002 
2.8923118114471436e-001 8.2496486604213715e-002 1.8627420067787170e-002 
2.9169571399688721e-001 8.2496486604213715e-002 1.8617143854498863e-002 
2.9323244094848633e-001 8.2496486604213715e-002 1.8739549443125725e-002 
2.9368948936462402e-001 8.2496486604213715e-002 1.8739201128482819e-002 
2.9480013251304626e-001 8.2496486604213715e-002 1.8601212650537491e-002 
2.9525816440582275e-001 8.2496486604213715e-002 1.8601210787892342e-002 
2.9679954051971436e-001 8.2496486604213715e-002 1.8849443644285202e-002 
2.9825994372367859e-001 8.2496486604213715e-002 1.8846731632947922e-002 
2.9880696535110474e-001 8.2496486604213715e-002 1.8843591213226318e-002 
2.9973214864730835e-001 8.2496486604213715e-002 1.8835151568055153e-002 
3.0028498172760010e-001 8.2496486604213715e-002 1.8831446766853333e-002 
3.0120736360549927e-001 8.2496486604213715e-002 1.8829783424735069e-002 
3.0276241898536682e-001 8.2496486604213715e-002 1.8949428573250771e-002 
3.0313241481781006e-001 8.2496486604213715e-002 1.8949428573250771e-002 
2.5493949651718140e-001 -3.5441651940345764e-002 1.9205298274755478e-002 
2.5547605752944946e-001 -3.5441648215055466e-002 1.9223410636186600e-002 
2.5574433803558350e-001 -3.5441637039184570e-002 1.9232165068387985e-002 
2.5825187563896179e-001 -3.5441629588603973e-002 1.9323337823152542e-002 
2.6031130552291870e-001 -3.5441782325506210e-002 1.9395466893911362e-002 
2.6120477914810181e-001 -3.5441804677248001e-002 1.9427036866545677e-002 
2.6576399803161621e-001 -3.5441454499959946e-002 1.9540287554264069e-002 
2.7229961752891541e-001 -3.5439874976873398e-002 1.9691305235028267e-002 
2.4723033607006073e-001 -3.2369412481784821e-002 1.9063401967287064e-002 
2.5171682238578796e-001 -3.2369315624237061e-002 1.9164720550179482e-002 
2.8508004546165466e-001 -3.0260054394602776e-002 1.9833872094750404e-002 
2.8019851446151733e-001 -9.7928727045655251e-003 1.9508277997374535e-002 
2.7931281924247742e-001 -8.7840091437101364e-003 1.9484870135784149e-002 
2.7976286411285400e-001 -8.7839290499687195e-003 1.9494818523526192e-002 
2.7276051044464111e-001 -2.6868351269513369e-003 1.9294032827019691e-002 
2.7329894900321960e-001 -2.6868144050240517e-003 1.9306529313325882e-002 
2.7428638935089111e-001 -2.6866712141782045e-003 1.9333155825734138e-002 
2.7230915427207947e-001 -1.7485644202679396e-003 1.9275035709142685e-002 
2.7276077866554260e-001 -1.7485570861026645e-003 1.9282447174191475e-002 
2.8798392415046692e-001 1.9666444859467447e-004 1.9599316641688347e-002 
2.8816521167755127e-001 1.9669601169880480e-004 1.9602609798312187e-002 
2.7553829550743103e-001 1.1808464769273996e-003 1.9342184066772461e-002 
2.7374488115310669e-001 2.4002173449844122e-003 1.9305996596813202e-002 
2.7320215106010437e-001 8.3162086084485054e-003 1.9454995170235634e-002 
2.7427816390991211e-001 9.3428883701562881e-003 1.9493887200951576e-002 
2.7526587247848511e-001 9.3426937237381935e-003 1.9497245550155640e-002 
2.7526408433914185e-001 1.1083998717367649e-002 1.9568681716918945e-002 
2.5686535239219666e-001 1.2303090654313564e-002 1.8788510933518410e-002 
2.5704094767570496e-001 1.2301271781325340e-002 1.8752269446849823e-002 
2.5685501098632813e-001 1.3330388814210892e-002 1.8707178533077240e-002 
2.5673162937164307e-001 2.2231031209230423e-002 1.9535347819328308e-002 
2.5780522823333740e-001 2.2230833768844604e-002 1.9532149657607079e-002 
2.5825199484825134e-001 2.2231213748455048e-002 1.9525401294231415e-002 
2.1341302990913391e-001 3.0887614935636520e-002 1.8961226567625999e-002 
2.1527472138404846e-001 3.7093468010425568e-002 1.9089637324213982e-002 
2.1629565954208374e-001 3.8131412118673325e-002 1.9158467650413513e-002 
2.1778790652751923e-001 4.0872186422348022e-002 1.9310658797621727e-002 
2.1898281574249268e-001 4.3040230870246887e-002 1.9425019621849060e-002 
2.1990060806274414e-001 4.4103834778070450e-002 1.9476786255836487e-002 
3.0376434326171875e-001 8.2496486604213715e-002 1.9069466739892960e-002 
3.0422735214233398e-001 8.2496486604213715e-002 1.9069464877247810e-002 
3.0469071865081787e-001 8.2496486604213715e-002 1.9066754728555679e-002 
3.0673348903656006e-001 8.2496486604213715e-002 1.9052851945161819e-002 
3.0775731801986694e-001 8.2496486604213715e-002 1.9110199064016342e-002 
3.0924963951110840e-001 8.2496486604213715e-002 1.9031627103686333e-002 
3.0971679091453552e-001 8.2496486604213715e-002 1.9029360264539719e-002 
3.1027781963348389e-001 8.2496486604213715e-002 1.9029360264539719e-002 
3.1072705984115601e-001 8.2496486604213715e-002 1.9146116450428963e-002 
3.1175744533538818e-001 8.2496486604213715e-002 1.9144542515277863e-002 
3.1222641468048096e-001 8.2496486604213715e-002 1.9141383469104767e-002 
3.1269580125808716e-001 8.2496486604213715e-002 1.9141383469104767e-002 
3.1324642896652222e-001 8.2496486604213715e-002 1.9138729199767113e-002 
3.1369021534919739e-001 8.2496486604213715e-002 1.9254190847277641e-002 
3.1419378519058228e-001 8.2496486604213715e-002 1.9253639504313469e-002 
3.1474554538726807e-001 8.2496486604213715e-002 1.9249208271503448e-002 
3.1531125307083130e-001 8.2496486604213715e-002 1.9246976822614670e-002 
3.1578308343887329e-001 8.2496486604213715e-002 1.9243324175477028e-002 
3.1625539064407349e-001 8.2496486604213715e-002 1.9239075481891632e-002 
3.1672805547714233e-001 8.2496486604213715e-002 1.9234787672758102e-002 
3.1720122694969177e-001 8.2496486604213715e-002 1.9231040030717850e-002 
3.1776955723762512e-001 8.2496486604213715e-002 1.9230460748076439e-002 
3.1830972433090210e-001 8.2496486604213715e-002 1.9227553158998489e-002 
3.1876960396766663e-001 8.2496486604213715e-002 1.9475860521197319e-002 
3.1927353143692017e-001 8.2496486604213715e-002 1.9475264474749565e-002 
3.1971943378448486e-001 8.2496486604213715e-002 1.9402410835027695e-002 
3.2022488117218018e-001 8.2496486604213715e-002 1.9332546740770340e-002 
3.2078891992568970e-001 8.2496486604213715e-002 1.9327010959386826e-002 
3.2126572728157043e-001 8.2496486604213715e-002 1.9329778850078583e-002 
3.2172772288322449e-001 8.2496486604213715e-002 1.9448366016149521e-002 
3.2229325175285339e-001 8.2496486604213715e-002 1.9446481019258499e-002 
3.2279473543167114e-001 8.2496486604213715e-002 1.9443634897470474e-002 
3.2327347993850708e-001 8.2496486604213715e-002 1.9433109089732170e-002 
3.2374089956283569e-001 8.2496486604213715e-002 1.9428256899118423e-002 
3.2420870661735535e-001 8.2496486604213715e-002 1.9426628947257996e-002 
3.2478484511375427e-001 8.2496486604213715e-002 1.9424673169851303e-002 
3.2526552677154541e-001 8.2496486604213715e-002 1.9420407712459564e-002 
3.2574671506881714e-001 8.2496486604213715e-002 1.9415449351072311e-002 
3.2622838020324707e-001 8.2496486604213715e-002 1.9410450011491776e-002 
3.2671064138412476e-001 8.2496486604213715e-002 1.9405407831072807e-002 
3.2728993892669678e-001 8.2496486604213715e-002 1.9399302080273628e-002 
3.2777333259582520e-001 8.2496486604213715e-002 1.9394170492887497e-002 
3.2816034555435181e-001 8.2496486604213715e-002 1.9390033558011055e-002 
3.2867884635925293e-001 8.2496486604213715e-002 1.9380625337362289e-002 
3.2922661304473877e-001 8.2496486604213715e-002 1.9374277442693710e-002 
3.2971209287643433e-001 8.2496486604213715e-002 1.9372148439288139e-002 
3.3019813895225525e-001 8.2496486604213715e-002 1.9367868080735207e-002 
3.3078214526176453e-001 8.2496486604213715e-002 1.9361397251486778e-002 
3.3126938343048096e-001 8.2496486604213715e-002 1.9355960190296173e-002 
3.3175724744796753e-001 8.2496486604213715e-002 1.9350474700331688e-002 
3.3224564790725708e-001 8.2496486604213715e-002 1.9344948232173920e-002 
3.3273464441299438e-001 8.2496486604213715e-002 1.9339378923177719e-002 
3.3322414755821228e-001 8.2496486604213715e-002 1.9333764910697937e-002 
3.3371433615684509e-001 8.2496486604213715e-002 1.9328106194734573e-002 
3.3430323004722595e-001 8.2496486604213715e-002 1.9321257248520851e-002 
3.3479464054107666e-001 8.2496486604213715e-002 1.9315503537654877e-002 
3.3528670668601990e-001 8.2496486604213715e-002 1.9310478121042252e-002 
3.3580783009529114e-001 8.2496486604213715e-002 1.9309701398015022e-002 
3.3627247810363770e-001 8.2496486604213715e-002 1.9305808469653130e-002 
3.3665126562118530e-001 8.2496486604213715e-002 1.9301496446132660e-002 
3.3726084232330322e-001 8.2496486604213715e-002 1.9334523007273674e-002 
3.3881780505180359e-001 8.2496486604213715e-002 1.9320940598845482e-002 
3.4278056025505066e-001 8.2496486604213715e-002 1.9489100202918053e-002 
3.4378540515899658e-001 8.2496486604213715e-002 1.9481375813484192e-002 
3.4529793262481689e-001 8.2496486604213715e-002 1.9456453621387482e-002 
3.4620857238769531e-001 8.2496486604213715e-002 1.9449777901172638e-002 
3.4797015786170959e-001 8.2496486604213715e-002 1.9430819898843765e-002 
3.4817373752593994e-001 8.2496486604213715e-002 1.9430819898843765e-002 
2.6925456523895264e-001 -3.5442814230918884e-002 1.9610675051808357e-002 
2.6979041099548340e-001 -3.5442832857370377e-002 1.9624518230557442e-002 
2.7023962140083313e-001 -3.5442739725112915e-002 1.9636902958154678e-002 
2.7166998386383057e-001 -3.5442277789115906e-002 1.9674234092235565e-002 
2.7678033709526062e-001 -3.2369792461395264e-002 1.9801462069153786e-002 
2.7777430415153503e-001 -3.2370246946811676e-002 1.9811041653156281e-002 
2.7821931242942810e-001 -3.2370191067457199e-002 1.9809789955615997e-002 
2.8073328733444214e-001 -3.2368730753660202e-002 1.9805686548352242e-002 
2.8270906209945679e-001 -3.0266491696238518e-002 1.9865006208419800e-002 
2.8325390815734863e-001 -3.0265370383858681e-002 1.9862147048115730e-002 
2.8470641374588013e-001 -3.0263319611549377e-002 1.9842969253659248e-002 
2.8874301910400391e-001 -2.8625246137380600e-002 1.9902622327208519e-002 
2.8913441300392151e-001 -2.8623595833778381e-002 1.9900945946574211e-002 
2.9174202680587769e-001 -2.6337958872318268e-002 2.0023696124553680e-002 
2.9221186041831970e-001 -2.6337888091802597e-002 2.0030820742249489e-002 
2.9485353827476501e-001 -2.5298444554209709e-002 2.0098026841878891e-002 
2.9668152332305908e-001 -2.2412208840250969e-002 2.0059147849678993e-002 
2.9704755544662476e-001 -2.2412134334445000e-002 2.0061150193214417e-002 
2.9915598034858704e-001 -2.0424464717507362e-002 2.0007826387882233e-002 
3.0209925770759583e-001 -1.7425935715436935e-002 1.9963294267654419e-002 
3.0403715372085571e-001 -1.4626019634306431e-002 1.9932003691792488e-002 
3.0514669418334961e-001 -1.2493566609919071e-002 1.9946202635765076e-002 
3.0662980675697327e-001 -1.1654915288090706e-002 1.9917162135243416e-002 
3.0960503220558167e-001 -5.4721273481845856e-003 1.9995199516415596e-002 
3.0960482358932495e-001 -3.7322337739169598e-003 2.0018028095364571e-002 
3.0997774004936218e-001 -2.6876516640186310e-003 2.0024208351969719e-002 
3.1016454100608826e-001 -2.6877166237682104e-003 2.0021928474307060e-002 
3.1016448140144348e-001 -1.7493664054200053e-003 2.0027013495564461e-002 
2.8733557462692261e-001 1.9721216813195497e-004 1.9585654139518738e-002 
2.8869467973709106e-001 1.9718437397386879e-004 1.9612638279795647e-002 
3.1203338503837585e-001 3.4952231217175722e-003 2.0023480057716370e-002 
3.1296941637992859e-001 6.1119785532355309e-003 2.0085252821445465e-002 
2.6010376214981079e-001 2.0088732242584229e-002 1.8975244835019112e-002 
2.6527747511863708e-001 2.0076394081115723e-002 1.9061051309108734e-002 
2.6227867603302002e-001 2.2267313674092293e-002 1.9525093957781792e-002 
2.5977420806884766e-001 2.4215748533606529e-002 1.9664002582430840e-002 
2.6039960980415344e-001 2.4215163663029671e-002 1.9680680707097054e-002 
2.6120376586914063e-001 2.4214548990130424e-002 1.9701376557350159e-002 
2.2185698151588440e-001 4.6943198889493942e-002 1.9591478630900383e-002 
2.2523842751979828e-001 4.9734171479940414e-002 1.9727498292922974e-002 
2.2523738443851471e-001 5.0733167678117752e-002 1.9782846793532372e-002 
2.2689604759216309e-001 5.2030872553586960e-002 1.9837673753499985e-002 
2.2872234880924225e-001 5.4796990007162094e-002 1.9979104399681091e-002 
2.2925883531570435e-001 5.4797165095806122e-002 1.9977565854787827e-002 
2.3199391365051270e-001 5.6983787566423416e-002 2.0102761685848236e-002 
2.3731097579002380e-001 5.9816777706146240e-002 2.0235432311892509e-002 
3.3944410085678101e-001 8.2496486604213715e-002 1.9519314169883728e-002 
3.3980232477188110e-001 8.2496486604213715e-002 1.9519314169883728e-002 
3.4077906608581543e-001 8.2496486604213715e-002 1.9513523206114769e-002 
3.4127837419509888e-001 8.2496486604213715e-002 1.9508112221956253e-002 
3.4167835116386414e-001 8.2496486604213715e-002 1.9503083080053329e-002 
3.4769827127456665e-001 8.2496486604213715e-002 1.9559709355235100e-002 
3.4875059127807617e-001 8.2496486604213715e-002 1.9536178559064865e-002 
3.4923863410949707e-001 8.2496486604213715e-002 1.9532904028892517e-002 
3.4973856806755066e-001 8.2496486604213715e-002 1.9531967118382454e-002 
3.5126537084579468e-001 8.2496486604213715e-002 1.9636195152997971e-002 
3.5177385807037354e-001 8.2496486604213715e-002 1.9632339477539063e-002 
3.5227131843566895e-001 8.2496486604213715e-002 1.9631370902061462e-002 
3.5320031642913818e-001 8.2496486604213715e-002 1.9622147083282471e-002 
3.5423564910888672e-001 8.2496486604213715e-002 1.9607409834861755e-002 
3.5626119375228882e-001 8.2496486604213715e-002 1.9586913287639618e-002 
3.5678941011428833e-001 8.2496486604213715e-002 1.9569581374526024e-002 
3.5734343528747559e-001 8.2496486604213715e-002 1.9566498696804047e-002 
3.5828098654747009e-001 8.2496486604213715e-002 1.9606409594416618e-002 
3.5921508073806763e-001 8.2496486604213715e-002 1.9799621775746346e-002 
3.5972946882247925e-001 8.2496486604213715e-002 1.9796459004282951e-002 
3.6277872323989868e-001 8.2496486604213715e-002 1.9767599180340767e-002 
3.6483749747276306e-001 8.2496486604213715e-002 1.9999571144580841e-002 
3.6526697874069214e-001 8.2496486604213715e-002 1.9994579255580902e-002 
3.6569714546203613e-001 8.2496486604213715e-002 1.9987888634204865e-002 
3.6774963140487671e-001 8.2496486604213715e-002 1.9955558702349663e-002 
3.6829221248626709e-001 8.2496486604213715e-002 1.9948637112975121e-002 
3.6924356222152710e-001 8.2496486604213715e-002 1.9941668957471848e-002 
3.6977499723434448e-001 8.2496486604213715e-002 1.9939918071031570e-002 
2.7526086568832397e-001 -3.2371014356613159e-002 1.9776992499828339e-002 
2.9428559541702271e-001 -2.5303984060883522e-002 2.0082432776689529e-002 
2.9464989900588989e-001 -2.5303658097982407e-002 2.0092334598302841e-002 
2.9574525356292725e-001 -2.2418120875954628e-002 2.0053869113326073e-002 
2.9611042141914368e-001 -2.2418014705181122e-002 2.0055156201124191e-002 
3.0023199319839478e-001 -1.8666613847017288e-002 1.9976949319243431e-002 
3.0050745606422424e-001 -1.8666530027985573e-002 1.9975045695900917e-002 
3.0567243695259094e-001 -1.1655707843601704e-002 1.9951172173023224e-002 
3.0826961994171143e-001 -7.5734239071607590e-003 1.9975438714027405e-002 
3.0919918417930603e-001 -2.6869981084018946e-003 2.0025325939059258e-002 
3.1059753894805908e-001 -7.0587516529485583e-004 2.0021891221404076e-002 
3.1171873211860657e-001 1.1805152753368020e-003 2.0008139312267303e-002 
3.1317910552024841e-001 8.3198668435215950e-003 2.0166099071502686e-002 
3.1364592909812927e-001 1.2319015339016914e-002 2.0305123180150986e-002 
3.1364569067955017e-001 1.3338126242160797e-002 2.0342841744422913e-002 
3.1136259436607361e-001 1.5119996853172779e-002 2.0413100719451904e-002 
3.1364500522613525e-001 1.7333790659904480e-002 2.0485820248723030e-002 
2.9326140880584717e-001 1.9988341256976128e-002 2.0277444273233414e-002 
3.0176237225532532e-001 1.9982241094112396e-002 2.0431393757462502e-002 
3.0213028192520142e-001 1.9982140511274338e-002 2.0438302308320999e-002 
2.9227358102798462e-001 2.1041832864284515e-002 2.0275218412280083e-002 
3.1362530589103699e-001 2.2229459136724472e-002 2.0593628287315369e-002 
2.9074636101722717e-001 2.3178676143288612e-002 2.0279800519347191e-002 
2.9326024651527405e-001 2.3183908313512802e-002 2.0341670140624046e-002 
3.1362530589103699e-001 2.3175837472081184e-002 2.0620917901396751e-002 
2.9118794202804565e-001 2.4933077394962311e-002 2.0328231155872345e-002 
2.9426816105842590e-001 2.4937210604548454e-002 2.0401621237397194e-002 
2.8711435198783875e-001 3.3181358128786087e-002 2.0413381978869438e-002 
2.8773391246795654e-001 3.3180870115756989e-002 2.0427899435162544e-002 
2.8808838129043579e-001 3.3917635679244995e-002 2.0451916381716728e-002 
2.5083616375923157e-001 3.8139138370752335e-002 1.9847426563501358e-002 
2.4976977705955505e-001 3.9103470742702484e-002 1.9867924973368645e-002 
2.5075304508209229e-001 3.9102848619222641e-002 1.9885217770934105e-002 
2.3469933867454529e-001 5.8744400739669800e-002 2.0191304385662079e-002 
2.3830018937587738e-001 5.9824448078870773e-002 2.0260909572243690e-002 
2.3873983323574066e-001 5.9820331633090973e-002 2.0271612331271172e-002 
2.4028097093105316e-001 5.9823133051395416e-002 2.0315906032919884e-002 
2.4244585633277893e-001 6.2862038612365723e-002 2.0391000434756279e-002 
3.6344608664512634e-001 8.2496486604213715e-002 2.0006189122796059e-002 
3.6378654837608337e-001 8.2496486604213715e-002 2.0006189122796059e-002 
3.6419448256492615e-001 8.2496486604213715e-002 2.0006189122796059e-002 
3.6451578140258789e-001 8.2496486604213715e-002 2.0002884790301323e-002 
3.7030729651451111e-001 8.2496486604213715e-002 2.0179046317934990e-002 
3.7118417024612427e-001 8.2496486604213715e-002 2.0171925425529480e-002 
3.7170475721359253e-001 8.2496486604213715e-002 2.0166553556919098e-002 
3.7480315566062927e-001 8.2496486604213715e-002 2.0131947472691536e-002 
3.7627598643302917e-001 8.2496486604213715e-002 2.0372085273265839e-002 
3.7672418355941772e-001 8.2496486604213715e-002 2.0366448909044266e-002 
3.7717321515083313e-001 8.2496486604213715e-002 2.0358895882964134e-002 
3.7773573398590088e-001 8.2496486604213715e-002 2.0349383354187012e-002 
3.7829947471618652e-001 8.2496486604213715e-002 2.0339798182249069e-002 
3.7875151634216309e-001 8.2496486604213715e-002 2.0332071930170059e-002 
3.7920439243316650e-001 8.2496486604213715e-002 2.0324293524026871e-002 
3.1084159016609192e-001 1.5124222263693810e-002 2.0413305610418320e-002 
3.1110271811485291e-001 1.5124221332371235e-002 2.0413419231772423e-002 
3.0275321006774902e-001 1.9985344260931015e-002 2.0449500530958176e-002 
3.1263250112533569e-001 2.6880323886871338e-002 2.0753283053636551e-002 
3.1151062250137329e-001 3.0884651467204094e-002 2.0899239927530289e-002 
3.0927589535713196e-001 3.4878045320510864e-002 2.0908057689666748e-002 
3.0974033474922180e-001 3.4877654165029526e-002 2.0918535068631172e-002 
3.1011223793029785e-001 3.4877352416515350e-002 2.0926024764776230e-002 
2.9130259156227112e-001 5.0733469426631927e-002 2.1092809736728668e-002 
2.7780884504318237e-001 5.2035868167877197e-002 2.0802693441510201e-002 
2.7825027704238892e-001 5.2035488188266754e-002 2.0813198760151863e-002 
2.7869376540184021e-001 5.2035033702850342e-002 2.0825261250138283e-002 
2.6824045181274414e-001 5.5757015943527222e-002 2.0782597362995148e-002 
2.6930966973304749e-001 5.5760245770215988e-002 2.0806148648262024e-002 
2.4325121939182281e-001 6.2866315245628357e-002 2.0411821082234383e-002 
2.4728029966354370e-001 6.4710855484008789e-002 2.0558772608637810e-002 
2.4781642854213715e-001 6.4710743725299835e-002 2.0565882325172424e-002 
2.5683319568634033e-001 6.6947028040885925e-002 2.0775059238076210e-002 
2.6119956374168396e-001 6.6947460174560547e-002 2.0818611606955528e-002 
2.8875988721847534e-001 5.2042815834283829e-002 2.1091153845191002e-002 
2.8768399357795715e-001 5.3100463002920151e-002 2.1104386076331139e-002 
2.8822481632232666e-001 5.3905855864286423e-002 2.1151131018996239e-002 
2.8974431753158569e-001 5.4799344390630722e-002 2.1224647760391235e-002 
2.7030229568481445e-001 5.5763598531484604e-002 2.0826049149036407e-002 
2.8075352311134338e-001 5.8001007884740829e-002 2.1110318601131439e-002 
2.8281077742576599e-001 5.8743163943290710e-002 2.1190138533711433e-002 
2.7824369072914124e-001 5.9823662042617798e-002 2.1083246916532516e-002 
2.7976638078689575e-001 5.9822153300046921e-002 2.1128524094820023e-002 
3.1171011924743652e-001 3.7236902862787247e-002 2.0748661831021309e-002 
3.1374934315681458e-001 3.7257589399814606e-002 2.0759755745530128e-002 
3.0568218231201172e-001 3.8263943046331406e-002 2.0691869780421257e-002 
3.0620387196540833e-001 3.8269951939582825e-002 2.0701467990875244e-002 
3.0671808123588562e-001 3.8277503103017807e-002 2.0710928365588188e-002 
3.1169980764389038e-001 4.0857709944248199e-002 2.0830793306231499e-002 
3.0963578820228577e-001 4.4938754290342331e-002 2.0918766036629677e-002 
3.0706894397735596e-001 4.8904825001955032e-002 2.0881464704871178e-002 
3.0550169944763184e-001 5.1020719110965729e-002 2.0873351022601128e-002 
3.0354526638984680e-001 5.2042510360479355e-002 2.0850678905844688e-002 
3.0214068293571472e-001 5.3804725408554077e-002 2.0871449261903763e-002 
3.0213963985443115e-001 5.4944869130849838e-002 2.0916832610964775e-002 
2.9961949586868286e-001 5.6870546191930771e-002 2.0917171612381935e-002 
2.9760250449180603e-001 5.8622591197490692e-002 2.0954797044396400e-002 
2.5184464454650879e-001 6.6483646631240845e-002 2.0635822787880898e-002 
2.5219520926475525e-001 6.6497147083282471e-002 2.0642653107643127e-002 
2.7264794707298279e-001 6.7699790000915527e-002 2.1092412993311882e-002 
2.5969529151916504e-001 6.8240836262702942e-002 2.0870696753263474e-002 
2.6225572824478149e-001 6.8271376192569733e-002 2.0907167345285416e-002 
2.6429954171180725e-001 6.8289227783679962e-002 2.0934998989105225e-002 
2.6719444990158081e-001 6.8311713635921478e-002 2.0972173660993576e-002 
2.7264729142189026e-001 6.8348847329616547e-002 2.1118771284818649e-002 
3.1112125515937805e-001 4.2125556617975235e-002 2.0860005170106888e-002 
3.0370068550109863e-001 5.2046358585357666e-002 2.0855385810136795e-002 
3.0370023846626282e-001 5.2806336432695389e-002 2.0878927782177925e-002 
2.9463589191436768e-001 6.0558661818504333e-002 2.1071093156933784e-002 
2.9176199436187744e-001 6.1798408627510071e-002 2.1146269515156746e-002 
2.8710526227951050e-001 6.3516899943351746e-002 2.1185485646128654e-002 
2.8479236364364624e-001 6.4502790570259094e-002 2.1206639707088470e-002 
2.8590911626815796e-001 6.4509622752666473e-002 2.1236991509795189e-002 
2.8667697310447693e-001 6.4526058733463287e-002 2.1262297406792641e-002 
2.8710398077964783e-001 6.4534701406955719e-002 2.1275827661156654e-002 
2.7828377485275269e-001 6.6713415086269379e-002 2.1171635016798973e-002 
2.7879399061203003e-001 6.6733613610267639e-002 2.1178593859076500e-002 
2.8024780750274658e-001 6.6743865609169006e-002 2.1204717457294464e-002 
2.8118604421615601e-001 6.6761836409568787e-002 2.1224422380328178e-002 
2.8161737322807312e-001 6.6752821207046509e-002 2.1236564964056015e-002 
2.7324566245079041e-001 6.7718334496021271e-002 2.1108075976371765e-002 
2.5919315218925476e-001 6.8250477313995361e-002 2.0860368385910988e-002 
2.6063972711563110e-001 6.8261079490184784e-002 2.0886527374386787e-002 
2.6132059097290039e-001 6.8266205489635468e-002 2.0898003131151199e-002 
2.6626217365264893e-001 6.8317189812660217e-002 2.0958069711923599e-002 
2.6830404996871948e-001 6.8329282104969025e-002 2.0996006205677986e-002 
2.6975199580192566e-001 6.8342633545398712e-002 2.1034717559814453e-002 
2.7409774065017700e-001 6.8378686904907227e-002 2.1164400503039360e-002 
2.7282053232192993e-001 6.8389691412448883e-002 2.1128727123141289e-002 
0.0000000000000000e+000 0.0000000000000000e+000 0.0000000000000000e+000 
0.0000000000000000e+000 0.0000000000000000e+000 0.0000000000000000e+000 
3.5722246766090393e-001 7.9986482858657837e-002 3.7076463922858238e-003 
3.5777959227561951e-001 7.9983562231063843e-002 3.7217598874121904e-003 
3.5823598504066467e-001 7.9988233745098114e-002 3.7359374109655619e-003 
3.5876050591468811e-001 7.9987749457359314e-002 3.7574430461972952e-003 
3.5928606986999512e-001 7.9987272620201111e-002 3.7771495990455151e-003 
3.6028593778610229e-001 7.9982258379459381e-002 3.8126138970255852e-003 
3.6129140853881836e-001 7.9985380172729492e-002 3.8468854036182165e-003 
3.6171522736549377e-001 7.9984977841377258e-002 3.8613982032984495e-003 
3.6361190676689148e-001 7.9984396696090698e-002 3.9363647811114788e-003 
2.9039105772972107e-001 -4.6899374574422836e-002 -5.0472485600039363e-004 
2.9193934798240662e-001 -4.7123275697231293e-002 -2.9855192406103015e-004 
2.9221102595329285e-001 -4.7136124223470688e-002 -2.7719809440895915e-004 
3.6645889282226563e-001 7.1365781128406525e-002 3.8000007625669241e-003 
3.7102395296096802e-001 7.1358136832714081e-002 3.9168372750282288e-003 
3.7496092915534973e-001 7.1359664201736450e-002 3.9634909480810165e-003 
3.7534043192863464e-001 7.1359515190124512e-002 3.9672614075243473e-003 
3.7569749355316162e-001 7.1362122893333435e-002 3.9713294245302677e-003 
3.7625712156295776e-001 7.1364611387252808e-002 3.9792940951883793e-003 
3.7686321139335632e-001 7.1363829076290131e-002 3.9927987381815910e-003 
3.7726676464080811e-001 7.1362987160682678e-002 4.0018940344452858e-003 
3.7771674990653992e-001 7.1362003684043884e-002 4.0131434798240662e-003 
3.7929886579513550e-001 7.1358047425746918e-002 4.0640123188495636e-003 
3.6645767092704773e-001 7.2376593947410583e-002 3.8503920659422874e-003 
3.6680182814598083e-001 7.2376154363155365e-002 3.8619735278189182e-003 
3.7496009469032288e-001 7.2369880974292755e-002 4.0251719765365124e-003 
3.7533962726593018e-001 7.2369635105133057e-002 4.0301759727299213e-003 
3.7569674849510193e-001 7.2372093796730042e-002 4.0348712354898453e-003 
3.7625658512115479e-001 7.2374396026134491e-002 4.0440573357045650e-003 
3.7625584006309509e-001 7.3393657803535461e-002 4.1025509126484394e-003 
3.7681627273559570e-001 7.3393113911151886e-002 4.1135977953672409e-003 
3.7929740548133850e-001 7.3387920856475830e-002 4.1808634996414185e-003 
3.7681579589843750e-001 7.4361741542816162e-002 4.1590314358472824e-003 
3.7726509571075439e-001 7.4361234903335571e-002 4.1681472212076187e-003 
3.7929698824882507e-001 7.4356757104396820e-002 4.2251106351613998e-003 
3.7225848436355591e-001 7.5301028788089752e-002 4.1041863150894642e-003 
3.7280973792076111e-001 7.5300633907318115e-002 4.1138441301882267e-003 
3.7325161695480347e-001 7.5300112366676331e-002 4.1212877258658409e-003 
3.7524998188018799e-001 7.5297862291336060e-002 4.1575911454856396e-003 
3.7574774026870728e-001 7.5297154486179352e-002 4.1678864508867264e-003 
3.7627643346786499e-001 7.5296305119991302e-002 4.1792476549744606e-003 
3.7681534886360168e-001 7.5294807553291321e-002 4.1921259835362434e-003 
3.6537897586822510e-001 7.6279141008853912e-002 3.9374493062496185e-003 
3.6572152376174927e-001 7.6278731226921082e-002 3.9518196135759354e-003 
3.7175145745277405e-001 7.6279729604721069e-002 4.1144513525068760e-003 
3.7681484222412109e-001 7.6273120939731598e-002 4.2202044278383255e-003 
3.7726393342018127e-001 7.6272405683994293e-002 4.2316755279898643e-003 
3.7771403789520264e-001 7.6271899044513702e-002 4.2435782961547375e-003 
3.7824836373329163e-001 7.6274648308753967e-002 4.2577069252729416e-003 
3.7875384092330933e-001 7.6280772686004639e-002 4.2729475535452366e-003 
3.7920635938644409e-001 7.6280266046524048e-002 4.2871478945016861e-003 
3.6729183793067932e-001 7.7279664576053619e-002 4.0153800509870052e-003 
3.6764171719551086e-001 7.7279336750507355e-002 4.0255179628729820e-003 
3.6848428845405579e-001 7.7278092503547668e-002 4.0471451357007027e-003 
3.6881062388420105e-001 7.7277839183807373e-002 4.0543726645410061e-003 
3.6929866671562195e-001 7.7277258038520813e-002 4.0656649507582188e-003 
3.6981573700904846e-001 7.7276781201362610e-002 4.0784827433526516e-003 
3.7025281786918640e-001 7.7276416122913361e-002 4.0898271836340427e-003 
3.7069058418273926e-001 7.7275864779949188e-002 4.1008405387401581e-003 
3.7101933360099792e-001 7.7275417745113373e-002 4.1088894940912724e-003 
3.7433671951293945e-001 7.7279746532440186e-002 4.1784513741731644e-003 
3.7472194433212280e-001 7.7279321849346161e-002 4.1872728615999222e-003 
3.7524887919425964e-001 7.7278688549995422e-002 4.2011882178485394e-003 
3.7569519877433777e-001 7.7278219163417816e-002 4.2140530422329903e-003 
3.7625420093536377e-001 7.7277466654777527e-002 4.2263846844434738e-003 
3.7726348638534546e-001 7.7275887131690979e-002 4.2508728802204132e-003 
3.7816429138183594e-001 7.7274441719055176e-002 4.2728092521429062e-003 
3.7872919440269470e-001 7.7273406088352203e-002 4.2896275408565998e-003 
3.7929522991180420e-001 7.7272474765777588e-002 4.3072416447103024e-003 
3.6881044507026672e-001 7.8282132744789124e-002 4.0653720498085022e-003 
3.6929851770401001e-001 7.8281648457050323e-002 4.0764315053820610e-003 
3.6981555819511414e-001 7.8281223773956299e-002 4.0891403332352638e-003 
3.7433671951293945e-001 7.8283831477165222e-002 4.1865264065563679e-003 
3.7472194433212280e-001 7.8283436596393585e-002 4.1961153037846088e-003 
3.7524881958961487e-001 7.8282885253429413e-002 4.2097982950508595e-003 
3.7569510936737061e-001 7.8282497823238373e-002 4.2221648618578911e-003 
3.7625414133071899e-001 7.8281834721565247e-002 4.2349053546786308e-003 
3.7816408276557922e-001 7.8279241919517517e-002 4.2839283123612404e-003 
3.6420044302940369e-001 7.9241335391998291e-002 3.9252364076673985e-003 
3.6474895477294922e-001 7.9240806400775909e-002 3.9459127001464367e-003 
3.6527124047279358e-001 7.9240262508392334e-002 3.9657820016145706e-003 
3.6623832583427429e-001 7.9239353537559509e-002 4.0011839009821415e-003 
3.6677703261375427e-001 7.9238861799240112e-002 4.0203556418418884e-003 
3.6720886826515198e-001 7.9238466918468475e-002 4.0352381765842438e-003 
3.6774978041648865e-001 7.9237990081310272e-002 4.0513579733669758e-003 
3.6829173564910889e-001 7.9237513244152069e-002 4.0656542405486107e-003 
3.6872619390487671e-001 7.9237110912799835e-002 4.0766792371869087e-003 
3.6927026510238647e-001 7.9236641526222229e-002 4.0892935357987881e-003 
3.6981552839279175e-001 7.9236231744289398e-002 4.1027739644050598e-003 
3.7074723839759827e-001 7.9239539802074432e-002 4.1227731853723526e-003 
3.7236803770065308e-001 7.9240486025810242e-002 4.1517913341522217e-003 
3.7280908226966858e-001 7.9240158200263977e-002 4.1605974547564983e-003 
3.7325090169906616e-001 7.9239770770072937e-002 4.1698799468576908e-003 
3.7524890899658203e-001 7.9237885773181915e-002 4.2195473797619343e-003 
3.7574654817581177e-001 7.9237312078475952e-002 4.2323535308241844e-003 
3.7636569142341614e-001 7.9236440360546112e-002 4.2483671568334103e-003 
3.7681400775909424e-001 7.9235978424549103e-002 4.2597064748406410e-003 
3.7830191850662231e-001 7.9241499304771423e-002 4.3010357767343521e-003 
3.7875363230705261e-001 7.9241104423999786e-002 4.3157460168004036e-003 
3.7920621037483215e-001 7.9240582883358002e-002 4.3319840915501118e-003 
3.6387956142425537e-001 7.9987332224845886e-002 3.9460980333387852e-003 
3.6527040600776672e-001 7.9986140131950378e-002 3.9958269335329533e-003 
3.6569976806640625e-001 7.9985812306404114e-002 4.0113888680934906e-003 
3.6623743176460266e-001 7.9985432326793671e-002 4.0316930972039700e-003 
3.6677613854408264e-001 7.9985074698925018e-002 4.0499065071344376e-003 
3.6720803380012512e-001 7.9984791576862335e-002 4.0630246512591839e-003 
3.6774900555610657e-001 7.9984433948993683e-002 4.0777218528091908e-003 
3.6829107999801636e-001 7.9984046518802643e-002 4.0895454585552216e-003 
3.6872550845146179e-001 7.9983696341514587e-002 4.1013900190591812e-003 
3.6926963925361633e-001 7.9983294010162354e-002 4.1145565919578075e-003 
3.7280872464179993e-001 7.9986266791820526e-002 4.1782190091907978e-003 
3.7325054407119751e-001 7.9985924065113068e-002 4.1882810182869434e-003 
3.7369316816329956e-001 7.9985596239566803e-002 4.1981809772551060e-003 
3.7575027346611023e-001 7.9987697303295135e-002 4.2486842721700668e-003 
3.7636530399322510e-001 7.9983294010162354e-002 4.2619900777935982e-003 
3.7681350111961365e-001 7.9982802271842957e-002 4.2735398747026920e-003 
3.7726238369941711e-001 7.9982288181781769e-002 4.2860275134444237e-003 
3.7779626250267029e-001 7.9983860254287720e-002 4.2993398383259773e-003 
3.7830212712287903e-001 7.9987958073616028e-002 4.3142638169229031e-003 
3.7875363230705261e-001 7.9987347126007080e-002 4.3303682468831539e-003 
3.7920612096786499e-001 7.9986765980720520e-002 4.3450505472719669e-003 
3.7675014138221741e-001 7.5567685067653656e-002 2.8930993285030127e-003 
3.7774655222892761e-001 7.5567483901977539e-002 2.9052151367068291e-003 
3.7978631258010864e-001 7.5567841529846191e-002 2.9295769054442644e-003 
3.6618468165397644e-001 7.6768822968006134e-002 2.6189857162535191e-003 
3.6969554424285889e-001 7.6768264174461365e-002 2.7200507465749979e-003 
3.7080714106559753e-001 7.6768741011619568e-002 2.7452572248876095e-003 
3.7119948863983154e-001 7.6768927276134491e-002 2.7544351760298014e-003 
3.7219297885894775e-001 7.6769180595874786e-002 2.7782474644482136e-003 
3.7333613634109497e-001 7.6769344508647919e-002 2.8068884275853634e-003 
3.7531358003616333e-001 7.6768562197685242e-002 2.8539043851196766e-003 
3.7577521800994873e-001 7.6768659055233002e-002 2.8635943308472633e-003 
3.7675023078918457e-001 7.6768882572650909e-002 2.8818077407777309e-003 
3.7721437215805054e-001 7.6769031584262848e-002 2.8896043077111244e-003 
3.7821272015571594e-001 7.6769106090068817e-002 2.9016900807619095e-003 
3.7926536798477173e-001 7.6768964529037476e-002 2.9151195194572210e-003 
3.2625091075897217e-001 7.7789343893527985e-002 2.0986180752515793e-003 
3.5778036713600159e-001 7.7792443335056305e-002 2.3068718146532774e-003 
3.6677643656730652e-001 7.7791623771190643e-002 2.6056633796542883e-003 
3.6829957365989685e-001 7.7793680131435394e-002 2.6537724770605564e-003 
3.7124043703079224e-001 7.7794224023818970e-002 2.7242715004831553e-003 
3.7416425347328186e-001 7.7794879674911499e-002 2.7990534435957670e-003 
3.7632191181182861e-001 7.7796190977096558e-002 2.8483525384217501e-003 
3.6828592419624329e-001 7.8740775585174561e-002 2.6173824444413185e-003 
3.7462449073791504e-001 7.8735969960689545e-002 2.7727512642741203e-003 
3.7526440620422363e-001 7.8737072646617889e-002 2.7840188704431057e-003 
3.7577646970748901e-001 7.8737758100032806e-002 2.7992189861834049e-003 
3.7774786353111267e-001 7.8739427030086517e-002 2.8398463036864996e-003 
3.7879806756973267e-001 7.8739836812019348e-002 2.8577330522239208e-003 
3.6475488543510437e-001 7.9406887292861938e-002 2.4598233867436647e-003 
3.7026399374008179e-001 7.9408481717109680e-002 2.6227862108498812e-003 
3.7083101272583008e-001 7.9408928751945496e-002 2.6373737491667271e-003 
3.7276691198348999e-001 7.9411044716835022e-002 2.6835210155695677e-003 
3.7324902415275574e-001 7.9405970871448517e-002 2.6955548673868179e-003 
3.7462550401687622e-001 7.9407274723052979e-002 2.7276840992271900e-003 
3.7577739357948303e-001 7.9409301280975342e-002 2.7530309744179249e-003 
3.7716725468635559e-001 7.9410776495933533e-002 2.7848971076309681e-003 
3.6423113942146301e-001 8.0372482538223267e-002 2.3521357215940952e-003 
3.6529874801635742e-001 8.0374479293823242e-002 2.3922293912619352e-003 
3.7026628851890564e-001 8.0374941229820251e-002 2.5326283648610115e-003 
3.7083327770233154e-001 8.0375492572784424e-002 2.5471777189522982e-003 
3.7128737568855286e-001 8.0376289784908295e-002 2.5583782698959112e-003 
3.7174206972122192e-001 8.0377228558063507e-002 2.5680940598249435e-003 
3.7462744116783142e-001 8.0373436212539673e-002 2.6346379891037941e-003 
3.7526720762252808e-001 8.0375142395496368e-002 2.6458674110472202e-003 
3.7624150514602661e-001 8.0376811325550079e-002 2.6711553800851107e-003 
3.7975448369979858e-001 7.7795535326004028e-002 2.9015850741416216e-003 
3.7928578257560730e-001 7.8736603260040283e-002 2.8648648876696825e-003 
3.8069474697113037e-001 7.8737221658229828e-002 2.8852298855781555e-003 
3.7928649783134460e-001 7.9408258199691772e-002 2.8242496773600578e-003 
3.8034257292747498e-001 7.9408749938011169e-002 2.8417492285370827e-003 
3.7721434235572815e-001 7.5567580759525299e-002 2.8992372099310160e-003 
3.7774655222892761e-001 7.5567483901977539e-002 2.9052151367068291e-003 
3.7821280956268311e-001 7.5567372143268585e-002 2.9091467149555683e-003 
3.7871366739273071e-001 7.5567319989204407e-002 2.9137518722563982e-003 
3.7926557660102844e-001 7.5567126274108887e-002 2.9218671843409538e-003 
3.7978631258010864e-001 7.5567841529846191e-002 2.9295769054442644e-003 
3.6730316281318665e-001 7.6769642531871796e-002 2.6539582759141922e-003 
3.6876469850540161e-001 7.6770417392253876e-002 2.6965963188558817e-003 
3.7333613634109497e-001 7.6769344508647919e-002 2.8068884275853634e-003 
3.7379461526870728e-001 7.6769463717937469e-002 2.8190875891596079e-003 
3.7415820360183716e-001 7.6769500970840454e-002 2.8279488906264305e-003 
3.7531358003616333e-001 7.6768562197685242e-002 2.8539043851196766e-003 
3.7821272015571594e-001 7.6769106090068817e-002 2.9016900807619095e-003 
3.8034075498580933e-001 7.6768606901168823e-002 2.9310276731848717e-003 
3.2625091075897217e-001 7.7789343893527985e-002 2.0986180752515793e-003 
3.5778036713600159e-001 7.7792443335056305e-002 2.3068718146532774e-003 
3.6829957365989685e-001 7.7793680131435394e-002 2.6537724770605564e-003 
3.7324771285057068e-001 7.7794045209884644e-002 2.7760942466557026e-003 
3.7370562553405762e-001 7.7794447541236877e-002 2.7874025981873274e-003 
3.7632191181182861e-001 7.7796190977096558e-002 2.8483525384217501e-003 
3.6828592419624329e-001 7.8740775585174561e-002 2.6173824444413185e-003 
3.7276589870452881e-001 7.8739278018474579e-002 2.7274473104625940e-003 
3.7416499853134155e-001 7.8735426068305969e-002 2.7616310399025679e-003 
3.7462449073791504e-001 7.8735969960689545e-002 2.7727512642741203e-003 
3.7526440620422363e-001 7.8737072646617889e-002 2.7840188704431057e-003 
3.7623885273933411e-001 7.8738227486610413e-002 2.8102009091526270e-003 
3.7670230865478516e-001 7.8738510608673096e-002 2.8198119252920151e-003 
3.7879806756973267e-001 7.8739836812019348e-002 2.8577330522239208e-003 
3.7915110588073730e-001 7.8737795352935791e-002 2.8623288962990046e-003 
3.6574178934097290e-001 7.9408481717109680e-002 2.4940795265138149e-003 
3.6974403262138367e-001 7.9407952725887299e-002 2.6106943842023611e-003 
3.7083101272583008e-001 7.9408928751945496e-002 2.6373737491667271e-003 
3.7324902415275574e-001 7.9405970871448517e-002 2.6955548673868179e-003 
3.7670317292213440e-001 7.9410217702388763e-002 2.7744711842387915e-003 
3.6374199390411377e-001 8.0374121665954590e-002 2.3352729622274637e-003 
3.7026628851890564e-001 8.0374941229820251e-002 2.5326283648610115e-003 
3.7174206972122192e-001 8.0377228558063507e-002 2.5680940598249435e-003 
3.7219789624214172e-001 8.0377772450447083e-002 2.5777434930205345e-003 
3.7370911240577698e-001 8.0372162163257599e-002 2.6122799608856440e-003 
3.7416791915893555e-001 8.0372683703899384e-002 2.6232493110001087e-003 
3.7526720762252808e-001 8.0375142395496368e-002 2.6458674110472202e-003 
3.7577921152114868e-001 8.0376051366329193e-002 2.6591778732836246e-003 
3.8245123624801636e-001 8.1422030925750732e-002 2.6319194585084915e-003 
3.8280767202377319e-001 8.1422261893749237e-002 2.6391674764454365e-003 
3.8328352570533752e-001 8.1422626972198486e-002 2.6512257754802704e-003 
3.8245308399200439e-001 8.2170106470584869e-002 2.4719370994716883e-003 
3.7725365161895752e-001 7.7794253826141357e-002 2.8658059891313314e-003 
3.7776896357536316e-001 7.7794462442398071e-002 2.8733662329614162e-003 
3.7870144844055176e-001 7.7794894576072693e-002 2.8873155824840069e-003 
3.7916883826255798e-001 7.7795200049877167e-002 2.8934185393154621e-003 
3.7975448369979858e-001 7.7795535326004028e-002 2.9015850741416216e-003 
3.8069427013397217e-001 7.7795900404453278e-002 2.9141365084797144e-003 
3.7928578257560730e-001 7.8736603260040283e-002 2.8648648876696825e-003 
3.7975475192070007e-001 7.8736796975135803e-002 2.8718011453747749e-003 
3.7928649783134460e-001 7.9408258199691772e-002 2.8242496773600578e-003 
]
