edgePlot=[...
1.3729800283908844e-001 -2.8157170861959457e-002 3.5985800623893738e-001 
1.3781750202178955e-001 -2.8156321495771408e-002 3.5988700389862061e-001 
1.3975399732589722e-001 -2.8153127059340477e-002 3.5999199748039246e-001 
1.4483800530433655e-001 -2.8145432472229004e-002 3.5992598533630371e-001 
1.4065100252628326e-001 -2.8151636943221092e-002 3.6003950238227844e-001 
1.4116249978542328e-001 -2.8150785714387894e-002 3.6006650328636169e-001 
1.4167249202728271e-001 -2.8149927034974098e-002 3.6009350419044495e-001 
1.4268949627876282e-001 -2.8148222714662552e-002 3.6014649271965027e-001 
1.4370149374008179e-001 -2.8146512806415558e-002 3.6019849777221680e-001 
1.4458400011062622e-001 -2.8145020827651024e-002 3.6024400591850281e-001 
1.4684049785137177e-001 -2.8142150491476059e-002 3.6002749204635620e-001 
1.4733800292015076e-001 -2.8141336515545845e-002 3.6005249619483948e-001 
1.4882549643516541e-001 -2.8138885274529457e-002 3.6012601852416992e-001 
1.5030398964881897e-001 -2.8136434033513069e-002 3.6019802093505859e-001 
1.5079550445079803e-001 -2.8135629370808601e-002 3.6022198200225830e-001 
1.5128499269485474e-001 -2.8134819120168686e-002 3.6024498939514160e-001 
1.5177398920059204e-001 -2.8134010732173920e-002 3.6026847362518311e-001 
1.5323549509048462e-001 -2.8131591156125069e-002 3.6033749580383301e-001 
1.5372049808502197e-001 -2.8130784630775452e-002 3.6036050319671631e-001 
1.5468850731849670e-001 -2.8129177168011665e-002 3.6040550470352173e-001 
1.5673300623893738e-001 -2.8125757351517677e-002 3.6049899458885193e-001 
1.5996199846267700e-001 -2.8121236711740494e-002 3.6032599210739136e-001 
1.6019900143146515e-001 -2.8120860457420349e-002 3.6032599210739136e-001 
1.5780949592590332e-001 -2.8123969212174416e-002 3.6054700613021851e-001 
1.5828700363636017e-001 -2.8123172000050545e-002 3.6056852340698242e-001 
1.5923799574375153e-001 -2.8121590614318848e-002 3.6061048507690430e-001 
1.6065900027751923e-001 -2.8119215741753578e-002 3.6067247390747070e-001 
1.6124901175498962e-001 -2.8118226677179337e-002 3.6069798469543457e-001 
1.6359700262546539e-001 -2.8114318847656250e-002 3.6079800128936768e-001 
1.6534599661827087e-001 -2.8111441060900688e-002 3.6087051033973694e-001 
1.6617399454116821e-001 -2.8111077845096588e-002 3.6058500409126282e-001 
1.6673749685287476e-001 -2.8109164908528328e-002 3.6092749238014221e-001 
1.6779349744319916e-001 -2.8108417987823486e-002 3.6064648628234863e-001 
1.6917499899864197e-001 -2.8106154873967171e-002 3.6070150136947632e-001 
1.7226032912731171e-001 -2.8101038187742233e-002 3.6082267761230469e-001 
1.7328199744224548e-001 -2.8099332004785538e-002 3.6086151003837585e-001 
1.7418798804283142e-001 -2.8097813948988914e-002 3.6089599132537842e-001 
1.7452700436115265e-001 -2.8097243979573250e-002 3.6090898513793945e-001 
1.6869799792766571e-001 -2.8105970472097397e-002 3.6100599169731140e-001 
1.7484399676322937e-001 -2.8095964342355728e-002 3.6124199628829956e-001 
1.7518199980258942e-001 -2.8095411136746407e-002 3.6125451326370239e-001 
1.7630650103092194e-001 -2.8093576431274414e-002 3.6129599809646606e-001 
1.7776235938072205e-001 -2.8091194108128548e-002 3.6134800314903259e-001 
1.7832049727439880e-001 -2.8090275824069977e-002 3.6136800050735474e-001 
1.7921251058578491e-001 -2.8088824823498726e-002 3.6140000820159912e-001 
1.8076699972152710e-001 -2.8086271136999130e-002 3.6145401000976563e-001 
1.8374566733837128e-001 -2.8081266209483147e-002 3.6155503988265991e-001 
1.8477401137351990e-001 -2.8079267591238022e-002 3.6174800992012024e-001 
1.8634399771690369e-001 -2.8076231479644775e-002 3.6195749044418335e-001 
1.8678000569343567e-001 -2.8075538575649261e-002 3.6197149753570557e-001 
1.8721550703048706e-001 -2.8074851259589195e-002 3.6198550462722778e-001 
1.8761101365089417e-001 -2.8074607253074646e-002 3.6183899641036987e-001 
1.8830150365829468e-001 -2.8073111549019814e-002 3.6201947927474976e-001 
1.8873500823974609e-001 -2.8072411194443703e-002 3.6203300952911377e-001 
1.8927633762359619e-001 -2.8071533888578415e-002 3.6204966902732849e-001 
1.9024899601936340e-001 -2.8069952502846718e-002 3.6207950115203857e-001 
1.9067999720573425e-001 -2.8069244697690010e-002 3.6209249496459961e-001 
1.9175650179386139e-001 -2.8067491948604584e-002 3.6212450265884399e-001 
1.9218599796295166e-001 -2.8066797181963921e-002 3.6213701963424683e-001 
1.9272267818450928e-001 -2.8065925464034081e-002 3.6215302348136902e-001 
1.9325798749923706e-001 -2.8065055608749390e-002 3.6216849088668823e-001 
1.9368650019168854e-001 -2.8064362704753876e-002 3.6218100786209106e-001 
1.9475498795509338e-001 -2.8062634170055389e-002 3.6221200227737427e-001 
1.9571399688720703e-001 -2.8061097487807274e-002 3.6223900318145752e-001 
1.9677701592445374e-001 -2.8059395030140877e-002 3.6226797103881836e-001 
1.9730749726295471e-001 -2.8058471158146858e-002 3.6228299140930176e-001 
1.9773149490356445e-001 -2.8057912364602089e-002 3.6229401826858521e-001 
1.9878950715065002e-001 -2.8056127950549126e-002 3.6232298612594604e-001 
2.0320549607276917e-001 -2.8049133718013763e-002 3.6243700981140137e-001 
2.0372800529003143e-001 -2.8048308566212654e-002 3.6245000362396240e-001 
2.0529299974441528e-001 -2.8045816347002983e-002 3.6248850822448730e-001 
2.1236899495124817e-001 -2.8035206720232964e-002 3.6234000325202942e-001 
2.1257400512695313e-001 -2.8034875169396400e-002 3.6234000325202942e-001 
2.1676799654960632e-001 -2.8028389438986778e-002 3.6242499947547913e-001 
2.1951200067996979e-001 -2.8024096041917801e-002 3.6247700452804565e-001 
2.0581300556659698e-001 -2.8044983744621277e-002 3.6250099539756775e-001 
2.0622901618480682e-001 -2.8044313192367554e-002 3.6251002550125122e-001 
2.0726732909679413e-001 -2.8042642399668694e-002 3.6253499984741211e-001 
2.0819950103759766e-001 -2.8041161596775055e-002 3.6255651712417603e-001 
2.0923349261283875e-001 -2.8039509430527687e-002 3.6257949471473694e-001 
2.0974999666213989e-001 -2.8038680553436279e-002 3.6259135603904724e-001 
2.1170648932456970e-001 -2.8035547584295273e-002 3.6263400316238403e-001 
2.1283599734306335e-001 -2.8033761307597160e-002 3.6265799403190613e-001 
2.1375799179077148e-001 -2.8032299131155014e-002 3.6267700791358948e-001 
2.1478100121021271e-001 -2.8030676767230034e-002 3.6269798874855042e-001 
2.1529135107994080e-001 -2.8029868379235268e-002 3.6270803213119507e-001 
2.1722748875617981e-001 -2.8026802465319633e-002 3.6274600028991699e-001 
2.1824350953102112e-001 -2.8025202453136444e-002 3.6276501417160034e-001 
2.2027049958705902e-001 -2.8022002428770065e-002 3.6280199885368347e-001 
2.2178600728511810e-001 -2.8019597753882408e-002 3.6282834410667419e-001 
2.2375433146953583e-001 -2.8017440810799599e-002 3.6255067586898804e-001 
2.2430351376533508e-001 -2.8015635907649994e-002 3.6287051439285278e-001 
2.2520732879638672e-001 -2.8014224022626877e-002 3.6288470029830933e-001 
2.2580167651176453e-001 -2.8013387694954872e-002 3.6284232139587402e-001 
2.2626599669456482e-001 -2.8013518080115318e-002 3.6259049177169800e-001 
2.3020601272583008e-001 -2.8006380423903465e-002 3.6295804381370544e-001 
2.3126050829887390e-001 -2.8005711734294891e-002 3.6266249418258667e-001 
2.3324799537658691e-001 -2.8002610430121422e-002 3.6268800497055054e-001 
2.3710900545120239e-001 -2.7996592223644257e-002 3.6273300647735596e-001 
2.3878650367259979e-001 -2.7993975207209587e-002 3.6275199055671692e-001 
2.4136149883270264e-001 -2.7989448979496956e-002 3.6292898654937744e-001 
2.3427799344062805e-001 -2.7999984100461006e-002 3.6300998926162720e-001 
2.3665100336074829e-001 -2.7996275573968887e-002 3.6303699016571045e-001 
2.3773667216300964e-001 -2.7994586154818535e-002 3.6304831504821777e-001 
2.4228167533874512e-001 -2.7987020090222359e-002 3.6329600214958191e-001 
2.4627500772476196e-001 -2.7981400489807129e-002 3.6312150955200195e-001 
2.4725149571895599e-001 -2.7979895472526550e-002 3.6312800645828247e-001 
2.4773967266082764e-001 -2.7979137375950813e-002 3.6313101649284363e-001 
2.4871501326560974e-001 -2.7977636083960533e-002 3.6313700675964355e-001 
2.4930000305175781e-001 -2.7976740151643753e-002 3.6314004659652710e-001 
2.5027367472648621e-001 -2.7975244447588921e-002 3.6314499378204346e-001 
2.5175601243972778e-001 -2.7972018346190453e-002 3.6345851421356201e-001 
2.5425952672958374e-001 -2.7969093993306160e-002 3.6316150426864624e-001 
2.5523000955581665e-001 -2.7967594563961029e-002 3.6316400766372681e-001 
2.5571501255035400e-001 -2.7966842055320740e-002 3.6316567659378052e-001 
2.5630334019660950e-001 -2.7965608984231949e-002 3.6326932907104492e-001 
2.5728401541709900e-001 -2.7963453903794289e-002 3.6347568035125732e-001 
2.5787401199340820e-001 -2.7962088584899902e-002 3.6362999677658081e-001 
2.5807601213455200e-001 -2.7961326763033867e-002 3.6378300189971924e-001 
2.5984799861907959e-001 -2.7956908568739891e-002 3.6439499258995056e-001 
2.6004099845886230e-001 -2.7956614270806313e-002 3.6439499258995056e-001 
2.9032349586486816e-001 -2.7910936623811722e-002 3.6421400308609009e-001 
2.9138401150703430e-001 -2.7909319847822189e-002 3.6420100927352905e-001 
2.9224050045013428e-001 -2.7907317504286766e-002 3.6449402570724487e-001 
2.9523000121116638e-001 -2.7902837842702866e-002 3.6445200443267822e-001 
2.9619500041007996e-001 -2.7901384979486465e-002 3.6443799734115601e-001 
2.9986900091171265e-001 -2.7895931154489517e-002 3.6438000202178955e-001 
2.5966298580169678e-001 -2.7956789359450340e-002 3.6454701423645020e-001 
2.6034548878669739e-001 -2.7955345809459686e-002 3.6469998955726624e-001 
2.8838300704956055e-001 -2.7912126854062080e-002 3.6484551429748535e-001 
2.9473450779914856e-001 -2.7902798727154732e-002 3.6476349830627441e-001 
2.9666399955749512e-001 -2.7899904176592827e-002 3.6473548412322998e-001 
2.9830569028854370e-001 -2.7897424995899200e-002 3.6471003293991089e-001 
2.9878899455070496e-001 -2.7896696701645851e-002 3.6470252275466919e-001 
3.0322399735450745e-001 -2.7889177203178406e-002 3.6493152379989624e-001 
3.0371469259262085e-001 -2.7888758108019829e-002 3.6482101678848267e-001 
3.0827552080154419e-001 -2.7881843969225883e-002 3.6483600735664368e-001 
3.1138449907302856e-001 -2.7876883745193481e-002 3.6492499709129333e-001 
3.1587451696395874e-001 -2.7869889512658119e-002 3.6497801542282104e-001 
2.8789600729942322e-001 -2.7911905199289322e-002 3.6515399813652039e-001 
3.0737701058387756e-001 -2.7882112190127373e-002 3.6515799164772034e-001 
3.0757099390029907e-001 -2.7881823480129242e-002 3.6515399813652039e-001 
3.0873867869377136e-001 -2.7880163863301277e-002 3.6513099074363708e-001 
3.0922549962997437e-001 -2.7879474684596062e-002 3.6512100696563721e-001 
3.1049299240112305e-001 -2.7877662330865860e-002 3.6509498953819275e-001 
3.1225034594535828e-001 -2.7875116094946861e-002 3.6505836248397827e-001 
3.1271201372146606e-001 -2.7873463928699493e-002 3.6535251140594482e-001 
3.1525599956512451e-001 -2.7869772166013718e-002 3.6529648303985596e-001 
3.1554999947547913e-001 -2.7869343757629395e-002 3.6528998613357544e-001 
3.1672799587249756e-001 -2.7867611497640610e-002 3.6526268720626831e-001 
3.2076498866081238e-001 -2.7861738577485085e-002 3.6516648530960083e-001 
3.2171800732612610e-001 -2.7859382331371307e-002 3.6544650793075562e-001 
3.2270699739456177e-001 -2.7857940644025803e-002 3.6542248725891113e-001 
3.2432848215103149e-001 -2.7856703847646713e-002 3.6507549881935120e-001 
3.2578098773956299e-001 -2.7853514999151230e-002 3.6534202098846436e-001 
3.2627850770950317e-001 -2.7852818369865417e-002 3.6532849073410034e-001 
3.2677602767944336e-001 -2.7852114289999008e-002 3.6531537771224976e-001 
3.2727348804473877e-001 -2.7851412072777748e-002 3.6530199646949768e-001 
3.3057099580764771e-001 -2.7846802026033401e-002 3.6520999670028687e-001 
3.3127248287200928e-001 -2.7845831587910652e-002 3.6518999934196472e-001 
3.3174535632133484e-001 -2.7844410389661789e-002 3.6537966132164001e-001 
3.3273500204086304e-001 -2.7842691168189049e-002 3.6545300483703613e-001 
3.3323749899864197e-001 -2.7841962873935699e-002 3.6543798446655273e-001 
3.3474835753440857e-001 -2.7839764952659607e-002 3.6539301276206970e-001 
3.3676934242248535e-001 -2.7836883440613747e-002 3.6533164978027344e-001 
3.3910298347473145e-001 -2.7833569794893265e-002 3.6525851488113403e-001 
3.4032499790191650e-001 -2.7831826359033585e-002 3.6521947383880615e-001 
3.4129399061203003e-001 -2.7829488739371300e-002 3.6549499630928040e-001 
3.4529036283493042e-001 -2.7823785319924355e-002 3.6536201834678650e-001 
3.4787049889564514e-001 -2.7820007875561714e-002 3.6527347564697266e-001 
3.3935800194740295e-001 -2.7832232415676117e-002 3.6555698513984680e-001 
3.3976536989212036e-001 -2.7831653133034706e-002 3.6554431915283203e-001 
3.4379801154136658e-001 -2.7825020253658295e-002 3.6571899056434631e-001 
3.4400299191474915e-001 -2.7824729681015015e-002 3.6571300029754639e-001 
3.4879049658775330e-001 -2.7817020192742348e-002 3.6585649847984314e-001 
3.5024300217628479e-001 -2.7814958244562149e-002 3.6580500006675720e-001 
3.5076233744621277e-001 -2.7814224362373352e-002 3.6578667163848877e-001 
3.5128301382064819e-001 -2.7813483029603958e-002 3.6576801538467407e-001 
3.5222101211547852e-001 -2.7812143787741661e-002 3.6573433876037598e-001 
3.5326600074768066e-001 -2.7810644358396530e-002 3.6569637060165405e-001 
3.5378950834274292e-001 -2.7809895575046539e-002 3.6567699909210205e-001 
3.5522699356079102e-001 -2.7807397767901421e-002 3.6577799916267395e-001 
3.5825300216674805e-001 -2.7802664786577225e-002 3.6581802368164063e-001 
3.6037498712539673e-001 -2.7799617499113083e-002 3.6573600769042969e-001 
3.6058801412582397e-001 -2.7799306437373161e-002 3.6572799086570740e-001 
3.6169201135635376e-001 -2.7796864509582520e-002 3.6599349975585938e-001 
3.6361750960350037e-001 -2.7794208377599716e-002 3.6591699719429016e-001 
3.6663299798965454e-001 -2.7789978310465813e-002 3.6579450964927673e-001 
3.7112599611282349e-001 -2.7782827615737915e-002 3.6591699719429016e-001 
3.5871601104736328e-001 -2.7800831943750381e-002 3.6610901355743408e-001 
3.6009499430656433e-001 -2.7799017727375031e-002 3.6605599522590637e-001 
3.6083948612213135e-001 -2.7798023074865341e-002 3.6602699756622314e-001 
3.6126548051834106e-001 -2.7797443792223930e-002 3.6601001024246216e-001 
3.6612701416015625e-001 -2.7789706364274025e-002 3.6612549424171448e-001 
3.6774933338165283e-001 -2.7787471190094948e-002 3.6605900526046753e-001 
3.6829149723052979e-001 -2.7786722406744957e-002 3.6603650450706482e-001 
3.7061101198196411e-001 -2.7782559394836426e-002 3.6624950170516968e-001 
3.7170499563217163e-001 -2.7781007811427116e-002 3.6620301008224487e-001 
3.7368300557136536e-001 -2.7778260409832001e-002 3.6611801385879517e-001 
3.7470549345016479e-001 -2.7775904163718224e-002 3.6638450622558594e-001 
3.7525868415832520e-001 -2.7775114402174950e-002 3.6636066436767578e-001 
3.7814798951148987e-001 -2.7771105989813805e-002 3.6623299121856689e-001 
3.8221901655197144e-001 -2.7764499187469482e-002 3.6636048555374146e-001 
3.8656899333000183e-001 -2.7757648378610611e-002 3.6647000908851624e-001 
3.8783299922943115e-001 -2.7755975723266602e-002 3.6641049385070801e-001 
3.7828698754310608e-001 -2.7769977226853371e-002 3.6653798818588257e-001 
3.7873435020446777e-001 -2.7769329026341438e-002 3.6651802062988281e-001 
3.8122898340225220e-001 -2.7765026316046715e-002 3.6671799421310425e-001 
3.8326251506805420e-001 -2.7762096375226974e-002 3.6662501096725464e-001 
3.8417100906372070e-001 -2.7760835364460945e-002 3.6658298969268799e-001 
3.9134851098060608e-001 -2.7749126777052879e-002 3.6686849594116211e-001 
3.9223036170005798e-001 -2.7748532593250275e-002 3.6661565303802490e-001 
3.9368849992752075e-001 -2.7745841071009636e-002 3.6675351858139038e-001 
3.9664199948310852e-001 -2.7741782367229462e-002 3.6660501360893250e-001 
3.9784899353981018e-001 -2.7739150449633598e-002 3.6685949563980103e-001 
4.0024650096893311e-001 -2.7735872194170952e-002 3.6673599481582642e-001 
4.0181800723075867e-001 -2.7733778581023216e-002 3.6665400862693787e-001 
4.0329098701477051e-001 -2.7730923146009445e-002 3.6689350008964539e-001 
4.0414598584175110e-001 -2.7729744091629982e-002 3.6684799194335938e-001 
3.2430550456047058e-001 6.6347502171993256e-002 3.6689850687980652e-001 
3.2430550456047058e-001 6.8118996918201447e-002 3.6689850687980652e-001 
3.8718700408935547e-001 -2.7755070477724075e-002 3.6706751585006714e-001 
3.8799101114273071e-001 -2.7753906324505806e-002 3.6702901124954224e-001 
3.9667600393295288e-001 -2.7740089222788811e-002 3.6723399162292480e-001 
4.0122699737548828e-001 -2.7733707800507545e-002 3.6700201034545898e-001 
3.2426899671554565e-001 6.4383998513221741e-002 3.6720049381256104e-001 
3.2426899671554565e-001 6.5012998878955841e-002 3.6720049381256104e-001 
2.1171894669532776e-001 1.8160551553592086e-003 3.9850822091102600e-001 
2.0116510987281799e-001 2.8133366722613573e-003 3.9855107665061951e-001 
2.1462270617485046e-001 2.8330665081739426e-003 3.9851486682891846e-001 
1.9826497137546539e-001 5.5962218903005123e-003 3.9852565526962280e-001 
2.0461602509021759e-001 5.6061744689941406e-003 3.9852383732795715e-001 
1.9829505681991577e-001 1.7955903895199299e-003 3.9856544137001038e-001 
2.1070903539657593e-001 4.5744776725769043e-003 3.9850530028343201e-001 
2.1127371490001678e-001 4.5754895545542240e-003 3.9850452542304993e-001 
2.0100094377994537e-001 5.6006312370300293e-003 3.9852401614189148e-001 
1.5873977541923523e-001 7.9950474202632904e-002 3.9919421076774597e-001 
1.5928032994270325e-001 8.2840040326118469e-002 3.9925533533096313e-001 
1.5983028709888458e-001 8.2840718328952789e-002 3.9927461743354797e-001 
3.8384896516799927e-001 -1.9640342798084021e-003 4.0200504660606384e-001 
3.8568648695945740e-001 -1.2002364965155721e-003 4.0200737118721008e-001 
3.8621789216995239e-001 -1.1992723448202014e-003 4.0200710296630859e-001 
3.7820640206336975e-001 5.3367987275123596e-002 4.0264043211936951e-001 
3.7872225046157837e-001 5.3368389606475830e-002 4.0265393257141113e-001 
3.7913554906845093e-001 5.3368709981441498e-002 4.0266421437263489e-001 
3.2057461142539978e-001 5.7621423155069351e-002 4.0272685885429382e-001 
3.2057419419288635e-001 5.8299094438552856e-002 4.0265983343124390e-001 
3.2020658254623413e-001 5.7653084397315979e-002 4.0286302566528320e-001 
3.2020729780197144e-001 5.8331619948148727e-002 4.0279158949851990e-001 
3.7121680378913879e-001 9.3994453549385071e-002 4.0391415357589722e-001 
3.7021419405937195e-001 9.7285531461238861e-002 4.0390509366989136e-001 
3.7018582224845886e-001 9.7286567091941833e-002 4.0390413999557495e-001 
3.1380715966224670e-001 -7.7377469278872013e-003 4.0309518575668335e-001 
3.1392547488212585e-001 -6.7754499614238739e-003 4.0382644534111023e-001 
3.1326237320899963e-001 -6.4769722521305084e-003 4.0560862421989441e-001 
3.1354403495788574e-001 -6.2989280559122562e-003 4.0518298745155334e-001 
3.1405165791511536e-001 -6.1453953385353088e-003 4.0441772341728210e-001 
3.1070086359977722e-001 -9.8864743486046791e-003 4.0441736578941345e-001 
3.1093367934226990e-001 -9.1960793361067772e-003 4.0529486536979675e-001 
2.7079224586486816e-001 4.2732879519462585e-002 4.1900074481964111e-001 
2.7216842770576477e-001 4.2679667472839355e-002 4.1899120807647705e-001 
2.7372434735298157e-001 4.5257370918989182e-002 4.1893467307090759e-001 
2.7438390254974365e-001 4.5295231044292450e-002 4.1926640272140503e-001 
2.6775312423706055e-001 4.4643539935350418e-002 4.1975396871566772e-001 
2.6775062084197998e-001 4.5285012573003769e-002 4.1978344321250916e-001 
2.7530327439308167e-001 4.5338749885559082e-002 4.1954860091209412e-001 
2.4975684285163879e-001 -2.1177660673856735e-003 4.1956052184104919e-001 
2.5017365813255310e-001 -2.1174328867346048e-003 4.1957765817642212e-001 
2.4624340236186981e-001 -2.9089051531627774e-004 4.1948926448822021e-001 
2.4682964384555817e-001 -2.9086470021866262e-004 4.1951280832290649e-001 
2.4293892085552216e-001 1.9231177866458893e-003 4.1945424675941467e-001 
2.4007023870944977e-001 4.6797203831374645e-003 4.1943356394767761e-001 
2.4066105484962463e-001 4.6804700978100300e-003 4.1945332288742065e-001 
2.3820844292640686e-001 5.7181944139301777e-003 4.1939246654510498e-001 
2.3924027383327484e-001 5.7211699895560741e-003 4.1942846775054932e-001 
2.4422600865364075e-001 6.8837259896099567e-003 4.1957366466522217e-001 
2.3579975962638855e-001 7.8309159725904465e-003 4.1935929656028748e-001 
2.3659659922122955e-001 7.8375497832894325e-003 4.1938179731369019e-001 
2.4346944689750671e-001 7.8478530049324036e-003 4.1956242918968201e-001 
2.4380584061145782e-001 7.8479852527379990e-003 4.1957065463066101e-001 
2.3427662253379822e-001 9.6298120915889740e-003 4.1936963796615601e-001 
2.3241955041885376e-001 1.1782420799136162e-002 4.1943725943565369e-001 
2.2743892669677734e-001 1.9536489620804787e-002 4.1953817009925842e-001 
2.7557313442230225e-001 4.5346688479185104e-002 4.1962650418281555e-001 
2.6291069388389587e-001 -5.2663399837911129e-003 4.1992619633674622e-001 
2.6332402229309082e-001 -5.2658584900200367e-003 4.1993686556816101e-001 
2.6680046319961548e-001 -5.2596479654312134e-003 4.2000779509544373e-001 
2.6869803667068481e-001 -5.2563110366463661e-003 4.2003408074378967e-001 
2.7067390084266663e-001 -5.2533168345689774e-003 4.2006629705429077e-001 
2.7190846204757690e-001 -5.2516073919832706e-003 4.2009314894676208e-001 
2.7207338809967041e-001 -5.2516586147248745e-003 4.2009514570236206e-001 
2.5570979714393616e-001 -4.0290933102369308e-003 4.1973850131034851e-001 
2.5769975781440735e-001 -4.0271352045238018e-003 4.1979965567588806e-001 
2.5819623470306396e-001 -4.0263920091092587e-003 4.1981461644172668e-001 
2.5861036777496338e-001 -4.0260562673211098e-003 4.1982531547546387e-001 
2.5219786167144775e-001 -2.1123709157109261e-003 4.1965302824974060e-001 
2.4035373330116272e-001 4.6835346147418022e-003 4.1944244503974915e-001 
2.4281610548496246e-001 7.8507708385586739e-003 4.1954490542411804e-001 
2.2952440381050110e-001 1.5576961450278759e-002 4.1948741674423218e-001 
2.2816790640354156e-001 1.7740281298756599e-002 4.1951853036880493e-001 
2.2816753387451172e-001 1.8484005704522133e-002 4.1952899098396301e-001 
2.2631590068340302e-001 2.1694667637348175e-002 4.1957846283912659e-001 
2.3479053378105164e-001 2.4451272562146187e-002 4.1987025737762451e-001 
2.2436325252056122e-001 2.5502562522888184e-002 4.1972175240516663e-001 
2.2436225414276123e-001 2.6679283007979393e-002 4.1975817084312439e-001 
2.3401397466659546e-001 2.6691360399127007e-002 4.1994935274124146e-001 
2.2340831160545349e-001 2.7653284370899200e-002 4.1977173089981079e-001 
2.2340779006481171e-001 2.8409305959939957e-002 4.1978886723518372e-001 
2.2262641787528992e-001 2.9500281438231468e-002 4.1978001594543457e-001 
2.2279982268810272e-001 3.0438916757702827e-002 4.1979739069938660e-001 
2.2184425592422485e-001 3.1626246869564056e-002 4.1976922750473022e-001 
2.2140941023826599e-001 3.4396816045045853e-002 4.1974422335624695e-001 
2.2140972316265106e-001 3.5297535359859467e-002 4.1973498463630676e-001 
2.2939758002758026e-001 3.7611413747072220e-002 4.1997572779655457e-001 
2.2974033653736115e-001 3.7612516433000565e-002 4.1998317837715149e-001 
2.2084480524063110e-001 3.9553370326757431e-002 4.1963064670562744e-001 
2.2041077911853790e-001 4.2396459728479385e-002 4.1956028342247009e-001 
2.2032347321510315e-001 4.3494202196598053e-002 4.1955426335334778e-001 
2.2032324969768524e-001 4.4598326086997986e-002 4.1955998539924622e-001 
2.2032292187213898e-001 4.5275337994098663e-002 4.1956990957260132e-001 
2.2049549221992493e-001 4.8214878886938095e-002 4.1965612769126892e-001 
2.2088368237018585e-001 5.3184658288955688e-002 4.1983324289321899e-001 
2.7520719170570374e-001 -5.2458723075687885e-003 4.2018705606460571e-001 
2.7619588375091553e-001 -5.2441358566284180e-003 4.2021954059600830e-001 
2.7668634057044983e-001 -5.2438136190176010e-003 4.2023888230323792e-001 
2.7824762463569641e-001 -5.2412529475986958e-003 4.2028835415840149e-001 
2.8038594126701355e-001 -5.2390783093869686e-003 4.2035171389579773e-001 
2.8121054172515869e-001 -5.2373311482369900e-003 4.2037510871887207e-001 
2.8376427292823792e-001 -3.9845523424446583e-003 4.2040497064590454e-001 
2.8721949458122253e-001 -3.9797988720238209e-003 4.2044484615325928e-001 
2.8919750452041626e-001 -3.9791520684957504e-003 4.2046409845352173e-001 
2.8969258069992065e-001 -3.9784885011613369e-003 4.2046549916267395e-001 
2.9191645979881287e-001 -2.0494647324085236e-003 4.2051270604133606e-001 
2.9448267817497253e-001 -2.0492163021117449e-003 4.2054122686386108e-001 
2.9464235901832581e-001 -2.0459729712456465e-003 4.2054259777069092e-001 
2.9836547374725342e-001 -2.1060634753666818e-004 4.2062956094741821e-001 
3.0085366964340210e-001 2.0149294286966324e-003 4.2070123553276062e-001 
2.9084196686744690e-001 1.0675990022718906e-002 4.2059546709060669e-001 
2.9100686311721802e-001 1.0675900615751743e-002 4.2059972882270813e-001 
2.8804057836532593e-001 1.1868804693222046e-002 4.2056912183761597e-001 
2.9100593924522400e-001 1.1870972812175751e-002 4.2063951492309570e-001 
2.8803977370262146e-001 1.2929691001772881e-002 4.2060184478759766e-001 
2.3430444300174713e-001 2.5521721690893173e-002 4.1990622878074646e-001 
2.3532463610172272e-001 2.5522572919726372e-002 4.1993063688278198e-001 
2.3678478598594666e-001 2.9524961486458778e-002 4.2008543014526367e-001 
2.3730355501174927e-001 2.9527107253670692e-002 4.2009314894676208e-001 
2.4270057678222656e-001 4.0674779564142227e-002 4.2015329003334045e-001 
2.4320496618747711e-001 4.0675554424524307e-002 4.2016154527664185e-001 
2.4370871484279633e-001 4.0676321834325790e-002 4.2016869783401489e-001 
2.6565402746200562e-001 4.5350600033998489e-002 4.2018640041351318e-001 
2.3576577007770538e-001 5.3209390491247177e-002 4.2017817497253418e-001 
2.3625336587429047e-001 5.3204286843538284e-002 4.2018893361091614e-001 
2.2179518640041351e-001 5.6459899991750717e-002 4.1995802521705627e-001 
2.2231510281562805e-001 5.8208111673593521e-002 4.2002293467521667e-001 
2.2318089008331299e-001 6.1388678848743439e-002 4.2014414072036743e-001 
2.2495113313198090e-001 6.5017431974411011e-002 4.2029464244842529e-001 
2.9976087808609009e-001 2.0174609962850809e-003 4.2069566249847412e-001 
3.0167564749717712e-001 2.0186293404549360e-003 4.2070046067237854e-001 
3.0324345827102661e-001 4.7832070849835873e-003 4.2078629136085510e-001 
3.0458647012710571e-001 4.7825360670685768e-003 4.2078712582588196e-001 
3.0616760253906250e-001 5.8251530863344669e-003 4.2081215977668762e-001 
3.0774417519569397e-001 7.9511562362313271e-003 4.2086967825889587e-001 
3.0858021974563599e-001 7.9522477462887764e-003 4.2086708545684814e-001 
2.9026377201080322e-001 1.0680199600756168e-002 4.2058196663856506e-001 
2.8762924671173096e-001 1.1873938143253326e-002 4.2055878043174744e-001 
2.9182839393615723e-001 1.1877750977873802e-002 4.2065811157226563e-001 
3.1125792860984802e-001 1.1899735778570175e-002 4.2107397317886353e-001 
3.1159353256225586e-001 1.1899774894118309e-002 4.2107927799224854e-001 
2.8861534595489502e-001 1.2934366241097450e-002 4.2061764001846313e-001 
3.0016475915908813e-001 1.6891749575734138e-002 4.2104533314704895e-001 
2.8228077292442322e-001 2.4527873843908310e-002 4.2087534070014954e-001 
2.8310185670852661e-001 2.4528170004487038e-002 4.2089360952377319e-001 
2.8827583789825439e-001 2.5598544627428055e-002 4.2104241251945496e-001 
2.8506919741630554e-001 2.7746859937906265e-002 4.2105796933174133e-001 
2.8572684526443481e-001 2.7747455984354019e-002 4.2107084393501282e-001 
2.6279407739639282e-001 2.8473502025008202e-002 4.2056173086166382e-001 
2.6320630311965942e-001 2.8473936021327972e-002 4.2056956887245178e-001 
2.6369997859001160e-001 2.8474258258938789e-002 4.2058181762695313e-001 
2.6971423625946045e-001 3.1702101230621338e-002 4.2081168293952942e-001 
2.6475954055786133e-001 4.5351609587669373e-002 4.2028656601905823e-001 
2.6532399654388428e-001 4.5355658978223801e-002 4.2023327946662903e-001 
2.6548650860786438e-001 4.5355886220932007e-002 4.2021298408508301e-001 
2.8737074136734009e-001 4.5381095260381699e-002 4.2104735970497131e-001 
2.8630310297012329e-001 4.6465773135423660e-002 4.2101460695266724e-001 
2.6978752017021179e-001 4.9641039222478867e-002 4.2038613557815552e-001 
2.7077770233154297e-001 4.9645572900772095e-002 4.2035150527954102e-001 
2.7417635917663574e-001 4.9666501581668854e-002 4.2041933536529541e-001 
2.8244099020957947e-001 5.1389977335929871e-002 4.2105507850646973e-001 
2.7775958180427551e-001 5.2517957985401154e-002 4.2110145092010498e-001 
2.8720328211784363e-001 5.3280502557754517e-002 4.2119714617729187e-001 
2.2587125003337860e-001 6.8133607506752014e-002 4.2043033242225647e-001 
2.3821951448917389e-001 6.9198198616504669e-002 4.2080569267272949e-001 
2.3873452842235565e-001 6.9198563694953918e-002 4.2081490159034729e-001 
2.3921996355056763e-001 6.9190919399261475e-002 4.2082449793815613e-001 
2.2795000672340393e-001 7.1417793631553650e-002 4.2066326737403870e-001 
2.3560442030429840e-001 7.3120810091495514e-002 4.2095801234245300e-001 
2.3123492300510406e-001 7.4164874851703644e-002 4.2090442776679993e-001 
2.3123392462730408e-001 7.5122736394405365e-002 4.2095029354095459e-001 
2.3297020792961121e-001 7.8091479837894440e-002 4.2108449339866638e-001 
2.3483742773532867e-001 7.9082921147346497e-002 4.2114704847335815e-001 
3.0973654985427856e-001 9.7616538405418396e-003 4.2093363404273987e-001 
3.0973583459854126e-001 1.0713762603700161e-002 4.2097565531730652e-001 
3.0923238396644592e-001 1.1907203122973442e-002 4.2103984951972961e-001 
3.1073936820030212e-001 1.1908726766705513e-002 4.2106485366821289e-001 
3.1466731429100037e-001 1.5710260719060898e-002 4.2130127549171448e-001 
2.9091283679008484e-001 1.7842987552285194e-002 4.2085570096969604e-001 
3.1643724441528320e-001 1.7870282754302025e-002 4.2139747738838196e-001 
2.9091215133666992e-001 1.8586074933409691e-002 4.2088624835014343e-001 
3.1764134764671326e-001 1.9667446613311768e-002 4.2146131396293640e-001 
3.1764021515846252e-001 2.0876707509160042e-002 4.2151746153831482e-001 
3.1340122222900391e-001 2.1828247234225273e-002 4.2154571413993835e-001 
3.1863489747047424e-001 2.1836403757333755e-002 4.2155358195304871e-001 
3.1340050697326660e-001 2.2829981520771980e-002 4.2157357931137085e-001 
3.1356859207153320e-001 2.2829901427030563e-002 4.2157539725303650e-001 
2.8269398212432861e-001 2.4535005912184715e-002 4.2088526487350464e-001 
2.8786611557006836e-001 2.4542275816202164e-002 4.2099130153656006e-001 
2.8622028231620789e-001 2.7754070237278938e-002 4.2108234763145447e-001 
2.7046439051628113e-001 3.0516861006617546e-002 4.2080542445182800e-001 
2.7071002125740051e-001 3.1702566891908646e-002 4.2083790898323059e-001 
3.0138337612152100e-001 3.6687616258859634e-002 4.2148923873901367e-001 
3.0154830217361450e-001 3.6687619984149933e-002 4.2149129509925842e-001 
2.8761780261993408e-001 4.4705290347337723e-002 4.2106154561042786e-001 
2.8211846947669983e-001 5.0427604466676712e-002 4.2102649807929993e-001 
2.8293853998184204e-001 5.0427779555320740e-002 4.2102104425430298e-001 
2.8310245275497437e-001 5.0427626818418503e-002 4.2102530598640442e-001 
2.7973717451095581e-001 5.2535165101289749e-002 4.2110079526901245e-001 
2.8638216853141785e-001 5.3286839276552200e-002 4.2117902636528015e-001 
2.8662896156311035e-001 5.3287629038095474e-002 4.2118424177169800e-001 
2.2990718483924866e-001 7.3123663663864136e-002 4.2081263661384583e-001 
2.3504427075386047e-001 7.3132157325744629e-002 4.2094403505325317e-001 
2.3589016497135162e-001 7.3131620883941650e-002 4.2096507549285889e-001 
2.3606002330780029e-001 7.3131352663040161e-002 4.2096808552742004e-001 
2.3169657588005066e-001 7.4175298213958740e-002 4.2091786861419678e-001 
2.3325933516025543e-001 7.8100882470607758e-002 4.2109575867652893e-001 
2.3634099960327148e-001 8.1318609416484833e-002 4.2120987176895142e-001 
2.3844961822032928e-001 8.3026051521301270e-002 4.2128565907478333e-001 
2.3878598213195801e-001 8.3026714622974396e-002 4.2129370570182800e-001 
2.3929090797901154e-001 8.3026900887489319e-002 4.2130482196807861e-001 
2.4130696058273315e-001 8.5261285305023193e-002 4.2136844992637634e-001 
3.1271073222160339e-001 1.8617087975144386e-002 4.2141926288604736e-001 
3.1321793794631958e-001 1.8617860972881317e-002 4.2142623662948608e-001 
3.1422606110572815e-001 1.8618967384099960e-002 4.2143389582633972e-001 
3.1717494130134583e-001 2.0892122760415077e-002 4.2152273654937744e-001 
3.1313157081604004e-001 2.2836340591311455e-002 4.2157131433486938e-001 
3.1422019004821777e-001 2.2837815806269646e-002 4.2158004641532898e-001 
3.1918174028396606e-001 2.4588130414485931e-002 4.2167425155639648e-001 
3.1978219747543335e-001 2.5652026757597923e-002 4.2172488570213318e-001 
3.2062193751335144e-001 2.7806896716356277e-002 4.2179462313652039e-001 
3.2113128900527954e-001 2.9656302183866501e-002 4.2183104157447815e-001 
3.2087495923042297e-001 3.2839074730873108e-002 4.2190518975257874e-001 
3.2028010487556458e-001 3.5453628748655319e-002 4.2195078730583191e-001 
3.0220288038253784e-001 3.6688849329948425e-002 4.2150408029556274e-001 
3.2129877805709839e-001 4.3654814362525940e-002 4.2190393805503845e-001 
3.2180920243263245e-001 4.3655462563037872e-002 4.2190930247306824e-001 
3.2027980685234070e-001 4.4757116585969925e-002 4.2188149690628052e-001 
3.2266014814376831e-001 4.6523880213499069e-002 4.2190220952033997e-001 
3.2121381163597107e-001 4.8374526202678680e-002 4.2189976572990417e-001 
2.4334461987018585e-001 8.5267938673496246e-002 4.2143875360488892e-001 
2.4351245164871216e-001 8.5267700254917145e-002 4.2144539952278137e-001 
2.4418090283870697e-001 8.8004462420940399e-002 4.2146581411361694e-001 
2.4788631498813629e-001 8.9059211313724518e-002 4.2159780859947205e-001 
2.5185573101043701e-001 9.1254666447639465e-002 4.2173370718955994e-001 
2.5269812345504761e-001 9.1257914900779724e-002 4.2175295948982239e-001 
2.5369766354560852e-001 9.1260090470314026e-002 4.2177569866180420e-001 
2.5518426299095154e-001 9.1261826455593109e-002 4.2180800437927246e-001 
2.5732859969139099e-001 9.1263726353645325e-002 4.2186114192008972e-001 
2.6178827881813049e-001 9.2992961406707764e-002 4.2197546362876892e-001 
3.2119297981262207e-001 3.1786009669303894e-002 4.2188119888305664e-001 
3.2229626178741455e-001 3.6720979958772659e-002 4.2198020219802856e-001 
3.2272148132324219e-001 3.7759918719530106e-002 4.2199009656906128e-001 
3.2272166013717651e-001 3.8737855851650238e-002 4.2198443412780762e-001 
3.2263743877410889e-001 4.1475802659988403e-002 4.2195370793342590e-001 
3.2229733467102051e-001 4.2558852583169937e-002 4.2192947864532471e-001 
3.2263907790184021e-001 4.7602508217096329e-002 4.2191115021705627e-001 
3.2263863086700439e-001 4.8378791660070419e-002 4.2192441225051880e-001 
3.2263758778572083e-001 4.9695950001478195e-002 4.2196044325828552e-001 
3.2263699173927307e-001 5.0487708300352097e-002 4.2198237776756287e-001 
3.2177737355232239e-001 5.3346607834100723e-002 4.2204552888870239e-001 
3.2161396741867065e-001 5.4340723901987076e-002 4.2206168174743652e-001 
3.2110422849655151e-001 5.6612748652696609e-002 4.2209520936012268e-001 
3.2004371285438538e-001 5.9209913015365601e-002 4.2216324806213379e-001 
3.1957471370697021e-001 6.0319770127534866e-002 4.2220291495323181e-001 
3.1957429647445679e-001 6.1536122113466263e-002 4.2224580049514771e-001 
3.1861704587936401e-001 6.3567742705345154e-002 4.2230647802352905e-001 
3.1682762503623962e-001 6.7527458071708679e-002 4.2247396707534790e-001 
3.1682634353637695e-001 6.8269819021224976e-002 4.2252433300018311e-001 
2.8096571564674377e-001 7.3202356696128845e-002 4.2186507582664490e-001 
2.8129366040229797e-001 7.3202036321163177e-002 4.2187032103538513e-001 
2.8178662061691284e-001 7.3209233582019806e-002 4.2187985777854919e-001 
2.9275271296501160e-001 8.0225579440593719e-002 4.2245575785636902e-001 
2.9324537515640259e-001 8.0225840210914612e-002 4.2246702313423157e-001 
2.5784188508987427e-001 9.1268017888069153e-002 4.2187258601188660e-001 
2.5800573825836182e-001 9.1267950832843781e-002 4.2187666893005371e-001 
2.5866979360580444e-001 9.2990837991237640e-002 4.2192628979682922e-001 
2.6492094993591309e-001 9.2999987304210663e-002 4.2203059792518616e-001 
2.6524877548217773e-001 9.3000531196594238e-002 4.2203733325004578e-001 
2.6672387123107910e-001 9.3002416193485260e-002 4.2206826806068420e-001 
2.7082315087318420e-001 9.3008734285831451e-002 4.2217215895652771e-001 
2.7130627632141113e-001 9.3006901443004608e-002 4.2218512296676636e-001 
2.7180406451225281e-001 9.3009918928146362e-002 4.2219653725624084e-001 
2.7229395508766174e-001 9.3010306358337402e-002 4.2221048474311829e-001 
2.7327829599380493e-001 9.3012630939483643e-002 4.2223662137985229e-001 
2.7376824617385864e-001 9.3013174831867218e-002 4.2224907875061035e-001 
2.7474847435951233e-001 9.3014247715473175e-002 4.2227426171302795e-001 
2.7523875236511230e-001 9.3014612793922424e-002 4.2228761315345764e-001 
2.8030964732170105e-001 9.3024410307407379e-002 4.2239657044410706e-001 
2.8178024291992188e-001 9.3026094138622284e-002 4.2242389917373657e-001 
2.8227064013481140e-001 9.3026570975780487e-002 4.2243197560310364e-001 
2.8316912055015564e-001 9.3027420341968536e-002 4.2245295643806458e-001 
3.1428539752960205e-001 7.1559332311153412e-002 4.2261898517608643e-001 
3.1259423494338989e-001 7.3255099356174469e-002 4.2264798283576965e-001 
3.1076872348785400e-001 7.5254783034324646e-002 4.2270109057426453e-001 
3.0966833233833313e-001 7.8220307826995850e-002 4.2282134294509888e-001 
2.9389858245849609e-001 8.0234050750732422e-002 4.2248275876045227e-001 
2.9406344890594482e-001 8.0234870314598083e-002 4.2248716950416565e-001 
3.0418628454208374e-001 8.3129465579986572e-002 4.2285743355751038e-001 
3.0030333995819092e-001 8.5358493030071259e-002 4.2282176017761230e-001 
3.0129325389862061e-001 8.5358612239360809e-002 4.2286106944084167e-001 
3.0171298980712891e-001 8.5350893437862396e-002 4.2287829518318176e-001 
2.9832583665847778e-001 8.8091045618057251e-002 4.2282965779304504e-001 
2.9873713850975037e-001 8.8091574609279633e-002 4.2284899950027466e-001 
2.9503881931304932e-001 8.9133933186531067e-002 4.2272540926933289e-001 
2.8783056139945984e-001 9.1315887868404388e-002 4.2257493734359741e-001 
2.8815734386444092e-001 9.1315731406211853e-002 4.2258259654045105e-001 
2.9110372066497803e-001 9.1320998966693878e-002 4.2267191410064697e-001 
2.7638980746269226e-001 9.3020319938659668e-002 4.2231559753417969e-001 
2.7655375003814697e-001 9.3020290136337280e-002 4.2232024669647217e-001 
2.7834972739219666e-001 9.3022577464580536e-002 4.2235708236694336e-001 
2.7867648005485535e-001 9.3022510409355164e-002 4.2236280441284180e-001 
3.0674561858177185e-001 8.1434100866317749e-002 4.2287588119506836e-001 
3.0194523930549622e-001 8.5366293787956238e-002 4.2288833856582642e-001 
0.0000000000000000e+000 0.0000000000000000e+000 0.0000000000000000e+000 
0.0000000000000000e+000 0.0000000000000000e+000 0.0000000000000000e+000 
]
