edgePlot=[...
3.5257977247238159e-001 5.1697358489036560e-002 0.0000000000000000e+000 
3.5233932733535767e-001 5.2732691168785095e-002 0.0000000000000000e+000 
3.5257974267005920e-001 5.2732691168785095e-002 0.0000000000000000e+000 
3.5118144750595093e-001 5.5974509567022324e-002 0.0000000000000000e+000 
3.5118144750595093e-001 5.6799389421939850e-002 0.0000000000000000e+000 
3.5179510712623596e-001 5.7782258838415146e-002 0.0000000000000000e+000 
3.5203501582145691e-001 5.8946479111909866e-002 0.0000000000000000e+000 
3.5631182789802551e-001 8.1612162292003632e-002 0.0000000000000000e+000 
3.5606670379638672e-001 8.2407794892787933e-002 0.0000000000000000e+000 
3.5693746805191040e-001 8.4567822515964508e-002 0.0000000000000000e+000 
3.5710909962654114e-001 8.5582062602043152e-002 0.0000000000000000e+000 
3.5710909962654114e-001 8.6516156792640686e-002 0.0000000000000000e+000 
3.5671472549438477e-001 1.0146170854568481e-001 0.0000000000000000e+000 
3.5323175787925720e-001 1.0360345989465714e-001 0.0000000000000000e+000 
3.5335254669189453e-001 1.0443100333213806e-001 0.0000000000000000e+000 
3.5720607638359070e-001 1.0542152822017670e-001 0.0000000000000000e+000 
3.5488271713256836e-001 1.0856737941503525e-001 0.0000000000000000e+000 
3.5244527459144592e-001 1.0929162055253983e-001 0.0000000000000000e+000 
3.5244527459144592e-001 1.1018604040145874e-001 0.0000000000000000e+000 
3.5633531212806702e-001 1.1730917543172836e-001 0.0000000000000000e+000 
3.5633531212806702e-001 1.1828370392322540e-001 0.0000000000000000e+000 
3.5658040642738342e-001 1.1917816847562790e-001 0.0000000000000000e+000 
3.5193553566932678e-001 1.2347842752933502e-001 0.0000000000000000e+000 
3.5258683562278748e-001 1.2347913533449173e-001 0.0000000000000000e+000 
3.5535770654678345e-001 1.2531913816928864e-001 0.0000000000000000e+000 
3.5074248909950256e-001 1.2624432146549225e-001 0.0000000000000000e+000 
3.5074245929718018e-001 1.2712745368480682e-001 0.0000000000000000e+000 
3.5535764694213867e-001 1.2713567912578583e-001 0.0000000000000000e+000 
3.5886138677597046e-001 1.2838865816593170e-001 0.0000000000000000e+000 
3.5200604796409607e-001 1.2921425700187683e-001 0.0000000000000000e+000 
3.5911002755165100e-001 1.2922616302967072e-001 0.0000000000000000e+000 
3.5780099034309387e-001 1.3219659030437469e-001 0.0000000000000000e+000 
3.5781162977218628e-001 1.3517428934574127e-001 0.0000000000000000e+000 
3.5805892944335938e-001 1.3616393506526947e-001 0.0000000000000000e+000 
3.5451576113700867e-001 1.4115108549594879e-001 0.0000000000000000e+000 
3.5451573133468628e-001 1.4210857450962067e-001 0.0000000000000000e+000 
3.5451570153236389e-001 1.4294245839118958e-001 0.0000000000000000e+000 
3.4870654344558716e-001 1.4400237798690796e-001 0.0000000000000000e+000 
3.5974261164665222e-001 1.4509351551532745e-001 0.0000000000000000e+000 
3.5949322581291199e-001 1.4604650437831879e-001 0.0000000000000000e+000 
3.4648287296295166e-001 1.4705894887447357e-001 0.0000000000000000e+000 
3.4648293256759644e-001 1.4826460182666779e-001 0.0000000000000000e+000 
3.4789612889289856e-001 1.4826706051826477e-001 0.0000000000000000e+000 
3.5482099652290344e-001 1.4940130710601807e-001 0.0000000000000000e+000 
3.5506469011306763e-001 1.4940130710601807e-001 0.0000000000000000e+000 
3.5731807351112366e-001 1.4940564334392548e-001 0.0000000000000000e+000 
3.5029956698417664e-001 1.5001827478408813e-001 0.0000000000000000e+000 
3.5482090711593628e-001 1.5002612769603729e-001 0.0000000000000000e+000 
3.5756456851959229e-001 1.5003047883510590e-001 0.0000000000000000e+000 
2.9361566901206970e-001 1.1330393701791763e-001 1.2497412972152233e-002 
2.9361566901206970e-001 1.1409056931734085e-001 1.2497405521571636e-002 
2.9341349005699158e-001 9.7197905182838440e-002 1.2502899393439293e-002 
2.9341346025466919e-001 9.8371863365173340e-002 1.2502893805503845e-002 
2.9341349005699158e-001 9.9110081791877747e-002 1.2502896599471569e-002 
2.9341343045234680e-001 1.0014738142490387e-001 1.2502888217568398e-002 
2.9338049888610840e-001 1.1704356223344803e-001 1.2826065532863140e-002 
2.9338046908378601e-001 1.1891254782676697e-001 1.2826053425669670e-002 
2.9338046908378601e-001 1.3013072311878204e-001 1.2826046906411648e-002 
2.9359903931617737e-001 1.3013055920600891e-001 1.2659066356718540e-002 
2.9338046908378601e-001 1.3094632327556610e-001 1.2826046906411648e-002 
2.9359903931617737e-001 1.3094615936279297e-001 1.2659066356718540e-002 
3.0000603199005127e-001 1.1709413677453995e-001 2.4816244840621948e-002 
3.0000600218772888e-001 1.1896311491727829e-001 2.4816231802105904e-002 
3.0018505454063416e-001 1.2000168114900589e-001 2.4962821975350380e-002 
3.4678605198860168e-001 1.3217821717262268e-001 5.9667330235242844e-002 
3.5074630379676819e-001 1.3218483328819275e-001 5.9600260108709335e-002 
3.5077548027038574e-001 1.3516263663768768e-001 5.9666551649570465e-002 
3.5169902443885803e-001 1.4706663787364960e-001 5.9793662279844284e-002 
3.2184061408042908e-001 4.9003008753061295e-002 6.0685552656650543e-002 
3.5578328371047974e-001 6.0540039092302322e-002 6.0152079910039902e-002 
3.5224428772926331e-001 6.3919782638549805e-002 6.0063242912292480e-002 
3.5275781154632568e-001 6.3920341432094574e-002 6.0047913342714310e-002 
3.4928029775619507e-001 1.4939464628696442e-001 5.9929635375738144e-002 
3.5070690512657166e-001 1.5091404318809509e-001 5.9966530650854111e-002 
3.1823763251304626e-001 4.8984888941049576e-002 6.0744501650333405e-002 
3.1870338320732117e-001 4.8985529690980911e-002 6.0738556087017059e-002 
3.0568918585777283e-001 5.9837680310010910e-002 6.0617756098508835e-002 
3.0878347158432007e-001 5.9841100126504898e-002 6.0553126037120819e-002 
3.0924022197723389e-001 5.9841722249984741e-002 6.0546685010194778e-002 
3.3075255155563354e-001 1.1726355552673340e-001 6.0897104442119598e-002 
3.2874295115470886e-001 1.1823470890522003e-001 6.0914143919944763e-002 
3.0183863639831543e-001 1.3111720979213715e-001 6.0923080891370773e-002 
3.0183935165405273e-001 1.3606962561607361e-001 6.0965623706579208e-002 
2.9880315065383911e-001 1.3824023306369781e-001 6.1045426875352859e-002 
3.2926216721534729e-001 1.1352309584617615e-001 6.1115007847547531e-002 
2.9885807633399963e-001 1.3334599137306213e-001 6.1000872403383255e-002 
2.9580369591712952e-001 1.1117798835039139e-001 6.2241762876510620e-002 
2.9579037427902222e-001 1.1220347881317139e-001 6.2169384211301804e-002 
1.7941564321517944e-001 9.1169551014900208e-002 6.2627911567687988e-002 
2.9682484269142151e-001 1.0724990069866180e-001 6.2204588204622269e-002 
2.9702219367027283e-001 1.0724920034408569e-001 6.2147308140993118e-002 
2.9682451486587524e-001 1.0847242176532745e-001 6.2169913202524185e-002 
2.9702118039131165e-001 1.0847191512584686e-001 6.2115192413330078e-002 
1.7924626171588898e-001 8.7200924754142761e-002 6.2417812645435333e-002 
1.7811544239521027e-001 8.8418096303939819e-002 6.2507040798664093e-002 
1.7674703896045685e-001 9.0134575963020325e-002 6.2633618712425232e-002 
1.7915707826614380e-001 9.1174811124801636e-002 6.2633857131004333e-002 
1.7972233891487122e-001 9.1176144778728485e-002 6.2621809542179108e-002 
1.8019282817840576e-001 9.1177150607109070e-002 6.2613889575004578e-002 
2.9361179471015930e-001 1.1521001905202866e-001 6.2594555318355560e-002 
2.9360505938529968e-001 1.1619846522808075e-001 6.2512241303920746e-002 
1.3339737057685852e-001 1.3082472980022430e-001 6.3587948679924011e-002 
1.7074829339981079e-001 1.5784995257854462e-001 6.3211083412170410e-002 
1.6756391525268555e-001 1.5866383910179138e-001 6.3344977796077728e-002 
1.6673327982425690e-001 1.5964224934577942e-001 6.3336662948131561e-002 
1.3523502647876740e-001 1.3001665472984314e-001 6.3564263284206390e-002 
1.3729344308376312e-001 1.3002015650272369e-001 6.3557446002960205e-002 
1.6778333485126495e-001 1.5866616368293762e-001 6.3335999846458435e-002 
2.4523444473743439e-001 1.0168925672769547e-001 8.0318890511989594e-002 
2.4519832432270050e-001 1.0243453085422516e-001 8.0098614096641541e-002 
2.4547897279262543e-001 1.0162308812141418e-001 8.0327548086643219e-002 
2.4641282856464386e-001 1.0163328051567078e-001 8.0258019268512726e-002 
2.4830549955368042e-001 1.0230225324630737e-001 8.0490022897720337e-002 
2.4486646056175232e-001 1.0039197653532028e-001 8.0999702215194702e-002 
2.4284711480140686e-001 1.0230480134487152e-001 8.1079542636871338e-002 
2.4191509187221527e-001 1.0427101701498032e-001 8.1368066370487213e-002 
2.4966447055339813e-001 1.0347902774810791e-001 8.0771803855895996e-002 
2.7919620275497437e-001 6.3858076930046082e-002 8.1241562962532043e-002 
2.8134658932685852e-001 6.5668523311614990e-002 8.1186100840568542e-002 
2.8134715557098389e-001 6.6607624292373657e-002 8.1212803721427917e-002 
2.8317114710807800e-001 6.7616142332553864e-002 8.1180132925510406e-002 
2.9238191246986389e-001 8.2353793084621429e-002 8.1072479486465454e-002 
2.6553562283515930e-001 5.5895078927278519e-002 8.1605575978755951e-002 
2.7422058582305908e-001 5.9849619865417480e-002 8.1472605466842651e-002 
2.7619346976280212e-001 6.1599757522344589e-002 8.1379830837249756e-002 
2.7669602632522583e-001 6.1601232737302780e-002 8.1367015838623047e-002 
2.7127307653427124e-001 6.2570773065090179e-002 8.1453382968902588e-002 
2.8116255998611450e-001 6.6607028245925903e-002 8.1219159066677094e-002 
2.8522869944572449e-001 7.0586793124675751e-002 8.1195317208766937e-002 
2.8714361786842346e-001 7.1617610752582550e-002 8.1141516566276550e-002 
2.9000696539878845e-001 7.5606606900691986e-002 8.1031769514083862e-002 
2.8531840443611145e-001 7.7607400715351105e-002 8.1154510378837585e-002 
2.9067736864089966e-001 7.7616438269615173e-002 8.1017218530178070e-002 
2.8783339262008667e-001 7.8556865453720093e-002 8.1110723316669464e-002 
2.8874656558036804e-001 7.8559398651123047e-002 8.1091500818729401e-002 
2.8531834483146667e-001 7.9367026686668396e-002 8.1150189042091370e-002 
2.8783333301544189e-001 7.9369470477104187e-002 8.1117801368236542e-002 
2.8232213854789734e-001 8.0662436783313751e-002 8.1191614270210266e-002 
2.8633192181587219e-001 8.0665297806262970e-002 8.1156961619853973e-002 
2.8330445289611816e-001 8.1557206809520721e-002 8.1199899315834045e-002 
2.9252451658248901e-001 8.1567987799644470e-002 8.1035263836383820e-002 
2.8232252597808838e-001 8.2346394658088684e-002 8.1226289272308350e-002 
2.8722757101058960e-001 8.2356594502925873e-002 8.1185184419155121e-002 
2.9167670011520386e-001 8.2362510263919830e-002 8.1100225448608398e-002 
2.9252481460571289e-001 8.2362480461597443e-002 8.1067450344562531e-002 
2.8330495953559875e-001 8.3674237132072449e-002 8.1260092556476593e-002 
2.9311385750770569e-001 8.3683744072914124e-002 8.1103570759296417e-002 
2.8074058890342712e-001 8.4503293037414551e-002 8.1320941448211670e-002 
2.9426181316375732e-001 8.7458275258541107e-002 8.1297911703586578e-002 
2.9550924897193909e-001 9.0392298996448517e-002 8.1544965505599976e-002 
2.9071646928787231e-001 1.2425436824560165e-001 8.1392765045166016e-002 
2.8912612795829773e-001 1.2708184123039246e-001 8.1280313432216644e-002 
2.8623461723327637e-001 1.3115724921226501e-001 8.1320025026798248e-002 
2.5778636336326599e-001 1.3209235668182373e-001 8.1696718931198120e-002 
2.8329959511756897e-001 1.3416138291358948e-001 8.1355154514312744e-002 
2.7875104546546936e-001 1.3900694251060486e-001 8.1524297595024109e-002 
2.4018739163875580e-001 5.3845893591642380e-002 8.1921830773353577e-002 
2.4418890476226807e-001 5.3850561380386353e-002 8.1916444003582001e-002 
2.4524709582328796e-001 5.3852856159210205e-002 8.1913441419601440e-002 
2.4874688684940338e-001 5.3859531879425049e-002 8.1886291503906250e-002 
2.4923560023307800e-001 5.3859278559684753e-002 8.1881411373615265e-002 
2.5070011615753174e-001 5.3861599415540695e-002 8.1866346299648285e-002 
2.5167623162269592e-001 5.3863085806369781e-002 8.1854268908500671e-002 
2.5281509757041931e-001 5.3864818066358566e-002 8.1834517419338226e-002 
2.5379124283790588e-001 5.3866237401962280e-002 8.1819929182529449e-002 
2.5427931547164917e-001 5.3867008537054062e-002 8.1811740994453430e-002 
2.5623244047164917e-001 5.3871218115091324e-002 8.1769816577434540e-002 
2.5721159577369690e-001 5.3874827921390533e-002 8.1748299300670624e-002 
2.5802579522132874e-001 5.3875904530286789e-002 8.1725068390369415e-002 
2.3274441063404083e-001 5.5836226791143417e-002 8.1974320113658905e-002 
2.6127889752388000e-001 5.5880080908536911e-002 8.1690616905689240e-002 
2.6274791359901428e-001 5.5883657187223434e-002 8.1660248339176178e-002 
2.6503726840019226e-001 5.5890023708343506e-002 8.1615999341011047e-002 
2.2732135653495789e-001 5.7633426040410995e-002 8.2041576504707336e-002 
2.2781546413898468e-001 5.7634342461824417e-002 8.2040533423423767e-002 
2.2830928862094879e-001 5.7635225355625153e-002 8.2034423947334290e-002 
2.6878947019577026e-001 5.7700127363204956e-002 8.1571564078330994e-002 
2.6961499452590942e-001 5.7704120874404907e-002 8.1564657390117645e-002 
2.2732120752334595e-001 5.8797467499971390e-002 8.2028776407241821e-002 
2.6945105195045471e-001 5.8867823332548141e-002 8.1549473106861115e-002 
2.6961472630500793e-001 5.8868121355772018e-002 8.1547893583774567e-002 
2.2236761450767517e-001 5.9760220348834991e-002 8.2066051661968231e-002 
2.7380234003067017e-001 5.9847801923751831e-002 8.1477418541908264e-002 
2.7043256163597107e-001 6.2566615641117096e-002 8.1464879214763641e-002 
2.7059632539749146e-001 6.2566913664340973e-002 8.1462979316711426e-002 
2.3421806097030640e-001 7.0498973131179810e-002 8.1843286752700806e-002 
2.3487313091754913e-001 7.0500105619430542e-002 8.1837087869644165e-002 
2.9624292254447937e-001 9.3704149127006531e-002 8.1738874316215515e-002 
2.9663559794425964e-001 9.5444150269031525e-002 8.1809550523757935e-002 
2.9700404405593872e-001 1.0037855803966522e-001 8.1804580986499786e-002 
2.9700285196304321e-001 1.0236449539661407e-001 8.1754647195339203e-002 
2.9666456580162048e-001 1.0538394749164581e-001 8.1742264330387115e-002 
2.9666456580162048e-001 1.0632626712322235e-001 8.1741310656070709e-002 
2.9624280333518982e-001 1.0853217542171478e-001 8.1783540546894073e-002 
2.9615861177444458e-001 1.1015506088733673e-001 8.1829190254211426e-002 
2.9528957605361938e-001 1.1431881785392761e-001 8.1934183835983276e-002 
2.9370439052581787e-001 1.1627213656902313e-001 8.1920154392719269e-002 
2.8376325964927673e-001 1.1725125461816788e-001 8.1897407770156860e-002 
2.8426072001457214e-001 1.1725199967622757e-001 8.1894189119338989e-002 
2.8475847840309143e-001 1.1725272238254547e-001 8.1890828907489777e-002 
2.9276612401008606e-001 1.1913006007671356e-001 8.1776507198810577e-002 
2.9211932420730591e-001 1.2017136067152023e-001 8.1681564450263977e-002 
2.3635394871234894e-001 1.2908302247524261e-001 8.2050792872905731e-002 
2.3798477649688721e-001 1.2908619642257690e-001 8.2024998962879181e-002 
2.5778111815452576e-001 1.3110694289207458e-001 8.1698484718799591e-002 
2.5835114717483521e-001 1.3209360837936401e-001 8.1689283251762390e-002 
2.5851404666900635e-001 1.3209389150142670e-001 8.1686675548553467e-002 
2.8162392973899841e-001 1.3610175251960754e-001 8.1425800919532776e-002 
2.7997136116027832e-001 1.3827656209468842e-001 8.1506773829460144e-002 
2.7939367294311523e-001 1.3901071250438690e-001 8.1523470580577850e-002 
2.7997168898582458e-001 1.3901175558567047e-001 8.1526286900043488e-002 
2.7766236662864685e-001 1.4004251360893250e-001 8.1539258360862732e-002 
2.6781558990478516e-001 1.4202748239040375e-001 8.1614956259727478e-002 
2.6863348484039307e-001 1.4202895760536194e-001 8.1605806946754456e-002 
2.7552255988121033e-001 1.4287492632865906e-001 8.1563539803028107e-002 
2.6879715919494629e-001 1.4393223822116852e-001 8.1614561378955841e-002 
2.7264767885208130e-001 1.4393904805183411e-001 8.1582285463809967e-002 
2.7076259255409241e-001 1.4596140384674072e-001 8.1638306379318237e-002 
2.6732632517814636e-001 1.4819495379924774e-001 8.1720151007175446e-002 
2.6764306426048279e-001 1.4819832146167755e-001 8.1716194748878479e-002 
2.6274618506431580e-001 1.4993676543235779e-001 8.1774033606052399e-002 
2.5167858600616455e-001 1.5386480093002319e-001 8.2049630582332611e-002 
2.4068422615528107e-001 5.3844172507524490e-002 8.1918679177761078e-002 
2.4133664369583130e-001 5.3845401853322983e-002 8.1917315721511841e-002 
2.4174429476261139e-001 5.3846165537834167e-002 8.1917650997638702e-002 
2.4264091253280640e-001 5.3847700357437134e-002 8.1918001174926758e-002 
2.3341119289398193e-001 5.5835269391536713e-002 8.1965304911136627e-002 
2.3414821922779083e-001 5.5836491286754608e-002 8.1956490874290466e-002 
2.3635679483413696e-001 5.5840115994215012e-002 8.1945851445198059e-002 
2.2263392806053162e-001 5.9759054332971573e-002 8.2063153386116028e-002 
2.1929915249347687e-001 6.1502162367105484e-002 8.2072332501411438e-002 
2.1621870994567871e-001 6.3750050961971283e-002 8.2063071429729462e-002 
2.1370847523212433e-001 6.5551757812500000e-002 8.2087822258472443e-002 
2.1471607685089111e-001 6.5553672611713409e-002 8.2086749374866486e-002 
2.1118417382240295e-001 6.7491829395294189e-002 8.2106940448284149e-002 
2.0934657752513885e-001 7.0456221699714661e-002 8.2161098718643188e-002 
2.3455572128295898e-001 7.0498928427696228e-002 8.1840865314006805e-002 
2.0749005675315857e-001 7.1480572223663330e-002 8.2155831158161163e-002 
2.0494924485683441e-001 7.5461015105247498e-002 8.2182928919792175e-002 
2.0330624282360077e-001 7.7464058995246887e-002 8.2198217511177063e-002 
2.1336574852466583e-001 7.8429013490676880e-002 8.2078173756599426e-002 
2.0034977793693542e-001 8.1410370767116547e-002 8.2335218787193298e-002 
1.9932299852371216e-001 8.3522625267505646e-002 8.2432605326175690e-002 
2.5850936770439148e-001 1.0135804116725922e-001 8.2242317497730255e-002 
2.5834694504737854e-001 1.0229676961898804e-001 8.2216523587703705e-002 
2.5850957632064819e-001 1.0229707509279251e-001 8.2215875387191772e-002 
2.5785821676254272e-001 1.0350586473941803e-001 8.2199245691299438e-002 
2.3424997925758362e-001 1.0527521371841431e-001 8.2456618547439575e-002 
2.3424969613552094e-001 1.0621695965528488e-001 8.2461856305599213e-002 
2.4253523349761963e-001 1.0724695771932602e-001 8.1828452646732330e-002 
2.4860626459121704e-001 1.0728368908166885e-001 8.1493161618709564e-002 
2.5850629806518555e-001 1.0724574327468872e-001 8.2148768007755280e-002 
2.4418555200099945e-001 1.0920397192239761e-001 8.2150988280773163e-002 
2.3611274361610413e-001 1.2908229231834412e-001 8.2055777311325073e-002 
2.3726405203342438e-001 1.2908358871936798e-001 8.2037568092346191e-002 
2.0396585762500763e-001 1.3200025260448456e-001 8.2641243934631348e-002 
2.2075203061103821e-001 1.3701629638671875e-001 8.2414284348487854e-002 
2.1784853935241699e-001 1.4811113476753235e-001 8.2483530044555664e-002 
2.1826407313346863e-001 1.4811185002326965e-001 8.2478955388069153e-002 
2.2232498228549957e-001 1.4986541867256165e-001 8.2429885864257813e-002 
2.2471961379051208e-001 1.4986951649188995e-001 8.2402117550373077e-002 
2.5809910893440247e-001 1.5177777409553528e-001 8.1893414258956909e-002 
2.3178826272487640e-001 1.5383315086364746e-001 8.2316331565380096e-002 
2.3276105523109436e-001 1.5383101999759674e-001 8.2292042672634125e-002 
2.3669527471065521e-001 1.5384253859519958e-001 8.2206852734088898e-002 
2.3832799494266510e-001 1.5384551882743835e-001 8.2173965871334076e-002 
2.4175238609313965e-001 1.5385170280933380e-001 8.2125402987003326e-002 
2.4370680749416351e-001 1.5385520458221436e-001 8.2102864980697632e-002 
2.4476499855518341e-001 1.5385708212852478e-001 8.2094423472881317e-002 
2.4582202732563019e-001 1.5385809540748596e-001 8.2085117697715759e-002 
2.4614837765693665e-001 1.5385967493057251e-001 8.2083202898502350e-002 
2.5021532177925110e-001 1.5386973321437836e-001 8.2063697278499603e-002 
2.5249072909355164e-001 1.5387108922004700e-001 8.2032956182956696e-002 
2.5265330076217651e-001 1.5387143194675446e-001 8.2030706107616425e-002 
2.5566157698631287e-001 1.5387617051601410e-001 8.1978209316730499e-002 
1.9815561175346375e-001 8.5379123687744141e-002 8.2528010010719299e-002 
1.9740021228790283e-001 8.7296724319458008e-002 8.2636862993240356e-002 
1.9740121066570282e-001 8.8515177369117737e-002 8.2718685269355774e-002 
1.9678151607513428e-001 9.0216763317584991e-002 8.2830280065536499e-002 
1.9647319614887238e-001 9.1273047029972076e-002 8.2887195050716400e-002 
1.9580246508121490e-001 9.3532539904117584e-002 8.2990646362304688e-002 
1.9440239667892456e-001 1.0339629650115967e-001 8.2961015403270721e-002 
1.9595685601234436e-001 1.0339900851249695e-001 8.2970894873142242e-002 
1.9716241955757141e-001 1.0340120643377304e-001 8.2973405718803406e-002 
1.9440253078937531e-001 1.0422367602586746e-001 8.2962274551391602e-002 
2.3441927134990692e-001 1.0621987283229828e-001 8.2456573843955994e-002 
2.3458261787891388e-001 1.0622023046016693e-001 8.2452423870563507e-002 
1.9466209411621094e-001 1.0713394731283188e-001 8.2983292639255524e-002 
1.9466234743595123e-001 1.0835698246955872e-001 8.3002969622612000e-002 
1.9509299099445343e-001 1.1510726064443588e-001 8.3099946379661560e-002 
1.9509300589561462e-001 1.1610224843025208e-001 8.3086788654327393e-002 
1.9578385353088379e-001 1.1897047609090805e-001 8.2979030907154083e-002 
1.9636896252632141e-001 1.2202285975217819e-001 8.2820124924182892e-002 
1.9729793071746826e-001 1.2409961968660355e-001 8.2741498947143555e-002 
1.9776223599910736e-001 1.2511268258094788e-001 8.2711242139339447e-002 
1.9776211678981781e-001 1.2692917883396149e-001 8.2690298557281494e-002 
1.9981922209262848e-001 1.3100801408290863e-001 8.2669667899608612e-002 
2.0089857280254364e-001 1.3199517130851746e-001 8.2663789391517639e-002 
2.0124021172523499e-001 1.3199575245380402e-001 8.2662560045719147e-002 
2.0362590253353119e-001 1.3199968636035919e-001 8.2644820213317871e-002 
2.0433428883552551e-001 1.3200178742408752e-001 8.2637451589107513e-002 
2.0450392365455627e-001 1.3200205564498901e-001 8.2634985446929932e-002 
2.0244930684566498e-001 1.3402295112609863e-001 8.2639090716838837e-002 
2.0279483497142792e-001 1.3402371108531952e-001 8.2640036940574646e-002 
2.0390264689922333e-001 1.3497747480869293e-001 8.2641631364822388e-002 
2.0390279591083527e-001 1.3596709072589874e-001 8.2652054727077484e-002 
2.0424962043762207e-001 1.3596798479557037e-001 8.2652822136878967e-002 
2.0467376708984375e-001 1.3596872985363007e-001 8.2649499177932739e-002 
2.0619821548461914e-001 1.3597133755683899e-001 8.2637488842010498e-002 
2.0519195497035980e-001 1.3699026405811310e-001 8.2660697400569916e-002 
2.2134865820407867e-001 1.3701932132244110e-001 8.2402922213077545e-002 
2.0519217848777771e-001 1.3814778625965118e-001 8.2671947777271271e-002 
2.2134867310523987e-001 1.3817672431468964e-001 8.2408688962459564e-002 
2.0519255101680756e-001 1.3888300955295563e-001 8.2684926688671112e-002 
2.0636805891990662e-001 1.3888426125049591e-001 8.2669951021671295e-002 
2.0739488303661346e-001 1.3992202281951904e-001 8.2662381231784821e-002 
2.0932000875473022e-001 1.4276118576526642e-001 8.2619823515415192e-002 
2.0957224071025848e-001 1.4276163280010223e-001 8.2606784999370575e-002 
2.1024462580680847e-001 1.4276278018951416e-001 8.2589261233806610e-002 
2.1185046434402466e-001 1.4383496344089508e-001 8.2547239959239960e-002 
2.1376404166221619e-001 1.4586374163627625e-001 8.2519404590129852e-002 
2.1734952926635742e-001 1.4811028540134430e-001 8.2483977079391479e-002 
2.2638167440891266e-001 1.5172225236892700e-001 8.2404918968677521e-002 
2.2810895740985870e-001 1.5382975339889526e-001 8.2412622869014740e-002 
1.9513142108917236e-001 9.7253978252410889e-002 8.3051644265651703e-002 
1.9513127207756042e-001 9.8427712917327881e-002 8.3042733371257782e-002 
1.9513125717639923e-001 9.9165789783000946e-002 8.3032831549644470e-002 
1.9736906886100769e-001 1.0422911494970322e-001 8.2964077591896057e-002 
1.9495850801467896e-001 1.1209106445312500e-001 8.3082936704158783e-002 
1.9530384242534637e-001 1.1335962265729904e-001 8.3092577755451202e-002 
0.0000000000000000e+000 0.0000000000000000e+000 0.0000000000000000e+000 
0.0000000000000000e+000 0.0000000000000000e+000 0.0000000000000000e+000 
]
