edgePlot=[...
1.7678850889205933e-001 -3.3619999885559082e-003 0.0000000000000000e+000 
2.1575734019279480e-001 -2.2300002165138721e-003 0.0000000000000000e+000 
1.7771850526332855e-001 -1.5274999896064401e-003 0.0000000000000000e+000 
1.8018400669097900e-001 -1.5239999629557133e-003 0.0000000000000000e+000 
2.1221250295639038e-001 -4.0449999505653977e-004 0.0000000000000000e+000 
2.1520549058914185e-001 1.8215000163763762e-003 0.0000000000000000e+000 
1.7314399778842926e-001 1.2690000236034393e-002 0.0000000000000000e+000 
1.7523199319839478e-001 1.2693500146269798e-002 0.0000000000000000e+000 
1.7564800381660461e-001 1.2694000266492367e-002 0.0000000000000000e+000 
3.2724499702453613e-001 3.3504001796245575e-002 0.0000000000000000e+000 
3.2881298661231995e-001 3.4506000578403473e-002 0.0000000000000000e+000 
3.2926750183105469e-001 3.4506998956203461e-002 0.0000000000000000e+000 
1.8088699877262115e-001 3.9430998265743256e-002 0.0000000000000000e+000 
3.1311100721359253e-001 4.0787000209093094e-002 0.0000000000000000e+000 
1.7935499548912048e-001 4.1189000010490417e-002 0.0000000000000000e+000 
1.7966200411319733e-001 4.1189000010490417e-002 0.0000000000000000e+000 
3.1270149350166321e-001 4.2543500661849976e-002 0.0000000000000000e+000 
3.1302699446678162e-001 4.2543999850749969e-002 0.0000000000000000e+000 
2.2857299447059631e-001 5.6467998772859573e-002 0.0000000000000000e+000 
2.3775050044059753e-001 5.7558000087738037e-002 0.0000000000000000e+000 
2.2659298777580261e-001 5.8214999735355377e-002 0.0000000000000000e+000 
2.4112600088119507e-001 5.8237999677658081e-002 0.0000000000000000e+000 
1.5489499270915985e-001 5.8876000344753265e-002 0.0000000000000000e+000 
2.4165499210357666e-001 5.9075001627206802e-002 0.0000000000000000e+000 
2.4226699769496918e-001 5.9076499193906784e-002 0.0000000000000000e+000 
2.2822900116443634e-001 6.0182500630617142e-002 0.0000000000000000e+000 
1.5467000007629395e-001 6.2263000756502151e-002 0.0000000000000000e+000 
1.5668800473213196e-001 6.3249997794628143e-002 0.0000000000000000e+000 
1.6482949256896973e-001 7.2237998247146606e-002 0.0000000000000000e+000 
1.6867749392986298e-001 7.4970997869968414e-002 0.0000000000000000e+000 
1.6676050424575806e-001 7.6217003166675568e-002 0.0000000000000000e+000 
1.6676050424575806e-001 7.7215000987052917e-002 0.0000000000000000e+000 
1.7063799500465393e-001 9.4930998980998993e-002 0.0000000000000000e+000 
1.7231699824333191e-001 9.4934001564979553e-002 0.0000000000000000e+000 
1.6831299662590027e-001 9.6965998411178589e-002 0.0000000000000000e+000 
1.3768799602985382e-001 -2.8156889602541924e-002 3.5988000035285950e-001 
1.3949699699878693e-001 -2.8153881430625916e-002 3.5997799038887024e-001 
1.4052300155162811e-001 -2.8152162209153175e-002 3.6003300547599792e-001 
1.4128999412059784e-001 -2.8150871396064758e-002 3.6007300019264221e-001 
1.4180000126361847e-001 -2.8150003403425217e-002 3.6010000109672546e-001 
1.4230899512767792e-001 -2.8149139136075974e-002 3.6012700200080872e-001 
1.4407999813556671e-001 -2.8146071359515190e-002 3.6021798849105835e-001 
1.4458400011062622e-001 -2.8145190328359604e-002 3.6024400591850281e-001 
1.4533700048923492e-001 -2.8143869712948799e-002 3.6028200387954712e-001 
1.4583800733089447e-001 -2.8142984956502914e-002 3.6030700802803040e-001 
1.4721399545669556e-001 -2.8141813352704048e-002 3.6004599928855896e-001 
1.5067300200462341e-001 -2.8136119246482849e-002 3.6021599173545837e-001 
1.5140700340270996e-001 -2.8134914115071297e-002 3.6025100946426392e-001 
1.5189599990844727e-001 -2.8134109452366829e-002 3.6027398705482483e-001 
1.5262800455093384e-001 -2.8132896870374680e-002 3.6030900478363037e-001 
1.5311400592327118e-001 -2.8132101520895958e-002 3.6033201217651367e-001 
1.5384200215339661e-001 -2.8130907565355301e-002 3.6036598682403564e-001 
1.5505099296569824e-001 -2.8128886595368385e-002 3.6042198538780212e-001 
1.6019900143146515e-001 -2.8120961040258408e-002 3.6032599210739136e-001 
1.6396200656890869e-001 -2.8114870190620422e-002 3.6048799753189087e-001 
1.5864400565624237e-001 -2.8122873976826668e-002 3.6058399081230164e-001 
1.5911899507045746e-001 -2.8122074902057648e-002 3.6060500144958496e-001 
1.6124901175498962e-001 -2.8118476271629333e-002 3.6069798469543457e-001 
1.6359700262546539e-001 -2.8114518150687218e-002 3.6079800128936768e-001 
1.6453099250793457e-001 -2.8112959116697311e-002 3.6083701252937317e-001 
1.6523000597953796e-001 -2.8111806139349937e-002 3.6086601018905640e-001 
1.6719949245452881e-001 -2.8108561411499977e-002 3.6094650626182556e-001 
1.6827899217605591e-001 -2.8107641264796257e-002 3.6074650287628174e-001 
1.7066399753093719e-001 -2.8103917837142944e-002 3.6076098680496216e-001 
1.7134900391101837e-001 -2.8102798387408257e-002 3.6078700423240662e-001 
1.7180499434471130e-001 -2.8102044016122818e-002 3.6080500483512878e-001 
1.7430099844932556e-001 -2.8097871690988541e-002 3.6090001463890076e-001 
1.7452700436115265e-001 -2.8097489848732948e-002 3.6090898513793945e-001 
1.6869799792766571e-001 -2.8106164187192917e-002 3.6100599169731140e-001 
1.7506900429725647e-001 -2.8095869347453117e-002 3.6125001311302185e-001 
1.7552000284194946e-001 -2.8095142915844917e-002 3.6126700043678284e-001 
1.7619399726390839e-001 -2.8094053268432617e-002 3.6129200458526611e-001 
1.7686699330806732e-001 -2.8092967346310616e-002 3.6131599545478821e-001 
1.7932400107383728e-001 -2.8088949620723724e-002 3.6140400171279907e-001 
1.7998999357223511e-001 -2.8087846934795380e-002 3.6142700910568237e-001 
1.8176299333572388e-001 -2.8084876015782356e-002 3.6148801445960999e-001 
1.8286600708961487e-001 -2.8083024546504021e-002 3.6152499914169312e-001 
1.8418499827384949e-001 -2.8080852702260017e-002 3.6156898736953735e-001 
1.8477401137351990e-001 -2.8079232200980186e-002 3.6174800992012024e-001 
1.8667100369930267e-001 -2.8076056391000748e-002 3.6196801066398621e-001 
1.8732400238513947e-001 -2.8075011447072029e-002 3.6198899149894714e-001 
1.8761101365089417e-001 -2.8074616566300392e-002 3.6183899641036987e-001 
1.8862700462341309e-001 -2.8072906658053398e-002 3.6202999949455261e-001 
1.8927599489688873e-001 -2.8071852400898933e-002 3.6204999685287476e-001 
1.9035699963569641e-001 -2.8070095926523209e-002 3.6208298802375793e-001 
1.9100299477577209e-001 -2.8069043532013893e-002 3.6210200190544128e-001 
1.9164900481700897e-001 -2.8067989274859428e-002 3.6212098598480225e-001 
1.9358000159263611e-001 -2.8064860031008720e-002 3.6217799782752991e-001 
1.9464799761772156e-001 -2.8063148260116577e-002 3.6220899224281311e-001 
1.9592699408531189e-001 -2.8061019256711006e-002 3.6224499344825745e-001 
1.9656500220298767e-001 -2.8060076758265495e-002 3.6226201057434082e-001 
1.9720099866390228e-001 -2.8059000149369240e-002 3.6228001117706299e-001 
1.9847199320793152e-001 -2.8057020157575607e-002 3.6231398582458496e-001 
1.9973899424076080e-001 -2.8054976835846901e-002 3.6234799027442932e-001 
2.0037199556827545e-001 -2.8053952381014824e-002 3.6236500740051270e-001 
2.0226299762725830e-001 -2.8051005676388741e-002 3.6241298913955688e-001 
2.0351900160312653e-001 -2.8048986569046974e-002 3.6244499683380127e-001 
2.0539699494838715e-001 -2.8046002611517906e-002 3.6249101161956787e-001 
2.1257400512695313e-001 -2.8035011142492294e-002 3.6234000325202942e-001 
2.1676799654960632e-001 -2.8028521686792374e-002 3.6242499947547913e-001 
2.1788699924945831e-001 -2.8026778250932693e-002 3.6244699358940125e-001 
2.0602099597454071e-001 -2.8044980019330978e-002 3.6250498890876770e-001 
2.0664499700069427e-001 -2.8043989092111588e-002 3.6252000927925110e-001 
2.0726700127124786e-001 -2.8042979538440704e-002 3.6253499984741211e-001 
2.0788900554180145e-001 -2.8042003512382507e-002 3.6254900693893433e-001 
2.1036900579929352e-001 -2.8038013726472855e-002 3.6260500550270081e-001 
2.1098700165748596e-001 -2.8037015348672867e-002 3.6261799931526184e-001 
2.1160399913787842e-001 -2.8035996481776237e-002 3.6263200640678406e-001 
2.1345099806785583e-001 -2.8033055365085602e-002 3.6267098784446716e-001 
2.1488299965858459e-001 -2.8030756860971451e-002 3.6269998550415039e-001 
2.1732899546623230e-001 -2.8026839718222618e-002 3.6274799704551697e-001 
2.1753199398517609e-001 -2.8026519343256950e-002 3.6275100708007813e-001 
2.1976399421691895e-001 -2.8022963553667068e-002 3.6279299855232239e-001 
2.2118000686168671e-001 -2.8020726516842842e-002 3.6281800270080566e-001 
2.2188699245452881e-001 -2.8019618242979050e-002 3.6282998323440552e-001 
2.2234299778938293e-001 -2.8019852936267853e-002 3.6252701282501221e-001 
2.2420300543308258e-001 -2.8015980497002602e-002 3.6286899447441101e-001 
2.2500699758529663e-001 -2.8014721348881721e-002 3.6288100481033325e-001 
2.2579801082611084e-001 -2.8013629838824272e-002 3.6281651258468628e-001 
2.2616599500179291e-001 -2.8013912960886955e-002 3.6258900165557861e-001 
2.2816799581050873e-001 -2.8010765090584755e-002 3.6261901259422302e-001 
2.3000699281692505e-001 -2.8006860986351967e-002 3.6295500397682190e-001 
2.3070350289344788e-001 -2.8005773201584816e-002 3.6296451091766357e-001 
2.3235400021076202e-001 -2.8004137799143791e-002 3.6267700791358948e-001 
2.3269149661064148e-001 -2.8002679347991943e-002 3.6299049854278564e-001 
2.3453700542449951e-001 -2.8000608086585999e-002 3.6270400881767273e-001 
2.3552800714969635e-001 -2.7999006211757660e-002 3.6271500587463379e-001 
2.3878650367259979e-001 -2.7993662282824516e-002 3.6274999380111694e-001 
2.4126300215721130e-001 -2.7989970520138741e-002 3.6292800307273865e-001 
2.3437699675559998e-001 -2.8000008314847946e-002 3.6301100254058838e-001 
2.3675000667572021e-001 -2.7996281161904335e-002 3.6303800344467163e-001 
2.3970699310302734e-001 -2.7991671115159988e-002 3.6306801438331604e-001 
2.4088600277900696e-001 -2.7989849448204041e-002 3.6307901144027710e-001 
2.4178549647331238e-001 -2.7988463640213013e-002 3.6308950185775757e-001 
2.4422100186347961e-001 -2.7984777465462685e-002 3.6310699582099915e-001 
2.4539500474929810e-001 -2.7983002364635468e-002 3.6311501264572144e-001 
2.4617700278759003e-001 -2.7981810271739960e-002 3.6312100291252136e-001 
2.4676300585269928e-001 -2.7980918064713478e-002 3.6312499642372131e-001 
2.4734899401664734e-001 -2.7980031445622444e-002 3.6312898993492126e-001 
2.4871499836444855e-001 -2.7977956458926201e-002 3.6313700675964355e-001 
2.5007900595664978e-001 -2.7975907549262047e-002 3.6314401030540466e-001 
2.5134450197219849e-001 -2.7973968535661697e-002 3.6315000057220459e-001 
2.5185298919677734e-001 -2.7972016483545303e-002 3.6345899105072021e-001 
2.5260800123214722e-001 -2.7971969917416573e-002 3.6315500736236572e-001 
2.5455099344253540e-001 -2.7968963608145714e-002 3.6316201090812683e-001 
2.5590899586677551e-001 -2.7966879308223724e-002 3.6316600441932678e-001 
2.5738099217414856e-001 -2.7963373810052872e-002 3.6347600817680359e-001 
2.5787401199340820e-001 -2.7962056919932365e-002 3.6362999677658081e-001 
2.5807601213455200e-001 -2.7961244806647301e-002 3.6378300189971924e-001 
2.6004099845886230e-001 -2.7956586331129074e-002 3.6439499258995056e-001 
2.8944900631904602e-001 -2.7911469340324402e-002 3.6421298980712891e-001 
2.9022434353828430e-001 -2.7910541743040085e-002 3.6421298980712891e-001 
2.9176649451255798e-001 -2.7908340096473694e-002 3.6427152156829834e-001 
2.9426500201225281e-001 -2.7904542163014412e-002 3.6446601152420044e-001 
2.9542300105094910e-001 -2.7902772650122643e-002 3.6444899439811707e-001 
2.9986900091171265e-001 -2.7895919978618622e-002 3.6438000202178955e-001 
2.6082700490951538e-001 -2.7954813092947006e-002 3.6469998955726624e-001 
2.6102000474929810e-001 -2.7954393997788429e-002 3.6469998955726624e-001 
2.8867098689079285e-001 -2.7912024408578873e-002 3.6484199762344360e-001 
2.9069951176643372e-001 -2.7909690514206886e-002 3.6451399326324463e-001 
2.9811200499534607e-001 -2.7898160740733147e-002 3.6471301317214966e-001 
3.0274850130081177e-001 -2.7890693396329880e-002 3.6478751897811890e-001 
3.0391201376914978e-001 -2.7888966724276543e-002 3.6476698517799377e-001 
3.0428999662399292e-001 -2.7887973934412003e-002 3.6491200327873230e-001 
3.0710750818252563e-001 -2.7883738279342651e-002 3.6485898494720459e-001 
3.0837300419807434e-001 -2.7881845831871033e-002 3.6483401060104370e-001 
3.1032299995422363e-001 -2.7879081666469574e-002 3.6479499936103821e-001 
3.1597301363945007e-001 -2.7869693934917450e-002 3.6497598886489868e-001 
3.0757099390029907e-001 -2.7882020920515060e-002 3.6515399813652039e-001 
3.0912798643112183e-001 -2.7879733592271805e-002 3.6512300372123718e-001 
3.1371802091598511e-001 -2.7873009443283081e-002 3.6502400040626526e-001 
3.1535398960113525e-001 -2.7869805693626404e-002 3.6529400944709778e-001 
3.1554999947547913e-001 -2.7869515120983124e-002 3.6528998613357544e-001 
3.1672799587249756e-001 -2.7867747470736504e-002 3.6526298522949219e-001 
3.1810399889945984e-001 -2.7865694835782051e-002 3.6523100733757019e-001 
3.2026034593582153e-001 -2.7862505987286568e-002 3.6516401171684265e-001 
3.2161900401115417e-001 -2.7859952300786972e-002 3.6544901132583618e-001 
3.2300400733947754e-001 -2.7857871726155281e-002 3.6541399359703064e-001 
3.2432848215103149e-001 -2.7856672182679176e-002 3.6507549881935120e-001 
3.2578098773956299e-001 -2.7853734791278839e-002 3.6534199118614197e-001 
3.2717400789260864e-001 -2.7851827442646027e-002 3.6530500650405884e-001 
3.2916998863220215e-001 -2.7849020436406136e-002 3.6524900794029236e-001 
3.2997000217437744e-001 -2.7847874909639359e-002 3.6522701382637024e-001 
3.3137300610542297e-001 -2.7845818549394608e-002 3.6518698930740356e-001 
3.3273500204086304e-001 -2.7842974290251732e-002 3.6545300483703613e-001 
3.3414399623870850e-001 -2.7840992435812950e-002 3.6541101336479187e-001 
3.3474799990653992e-001 -2.7840115129947662e-002 3.6539301276206970e-001 
3.3555600047111511e-001 -2.7838932350277901e-002 3.6536899209022522e-001 
3.3697199821472168e-001 -2.7836903929710388e-002 3.6532500386238098e-001 
3.4042701125144958e-001 -2.7831893414258957e-002 3.6521598696708679e-001 
3.4262201189994812e-001 -2.7827866375446320e-002 3.6545199155807495e-001 
3.4364700317382813e-001 -2.7826407924294472e-002 3.6541798710823059e-001 
3.4467300772666931e-001 -2.7824930846691132e-002 3.6538299918174744e-001 
3.4797400236129761e-001 -2.7820035815238953e-002 3.6526998877525330e-001 
3.3082902431488037e-001 -2.7845723554491997e-002 3.6550801992416382e-001 
3.3986699581146240e-001 -2.7831796556711197e-002 3.6554098129272461e-001 
3.4057998657226563e-001 -2.7830787003040314e-002 3.6551800370216370e-001 
3.4819850325584412e-001 -2.7818612754344940e-002 3.6572301387786865e-001 
3.4910100698471069e-001 -2.7816869318485260e-002 3.6584499478340149e-001 
3.5034701228141785e-001 -2.7815137058496475e-002 3.6580100655555725e-001 
3.5117900371551514e-001 -2.7813944965600967e-002 3.6577200889587402e-001 
3.5326600074768066e-001 -2.7810884639620781e-002 3.6569601297378540e-001 
3.5389399528503418e-001 -2.7809927240014076e-002 3.6567300558090210e-001 
3.5522699356079102e-001 -2.7807572856545448e-002 3.6577799916267395e-001 
3.5599499940872192e-001 -2.7806648984551430e-002 3.6559501290321350e-001 
3.6058801412582397e-001 -2.7799325063824654e-002 3.6572799086570740e-001 
3.6179900169372559e-001 -2.7796894311904907e-002 3.6598899960517883e-001 
3.6329600214958191e-001 -2.7794832363724709e-002 3.6592999100685120e-001 
3.6479899287223816e-001 -2.7792735025286674e-002 3.6586898565292358e-001 
3.6587700247764587e-001 -2.7791187167167664e-002 3.6582601070404053e-001 
3.6674100160598755e-001 -2.7789907529950142e-002 3.6579000949859619e-001 
3.7123501300811768e-001 -2.7782779186964035e-002 3.6591199040412903e-001 
3.6009499430656433e-001 -2.7799244970083237e-002 3.6605599522590637e-001 
3.6688300967216492e-001 -2.7788998559117317e-002 3.6609399318695068e-001 
3.7061101198196411e-001 -2.7782822027802467e-002 3.6624950170516968e-001 
3.7335199117660522e-001 -2.7779046446084976e-002 3.6613199114799500e-001 
3.7481600046157837e-001 -2.7776036411523819e-002 3.6638000607490540e-001 
3.7814798951148987e-001 -2.7771327644586563e-002 3.6623299121856689e-001 
3.8221901655197144e-001 -2.7764687314629555e-002 3.6636048555374146e-001 
3.8656899333000183e-001 -2.7757875621318817e-002 3.6647000908851624e-001 
3.8794800639152527e-001 -2.7755968272686005e-002 3.6640501022338867e-001 
3.7851101160049438e-001 -2.7769947424530983e-002 3.6652800440788269e-001 
3.8292300701141357e-001 -2.7762882411479950e-002 3.6664000153541565e-001 
3.8428500294685364e-001 -2.7760967612266541e-002 3.6657801270484924e-001 
3.8496801257133484e-001 -2.7760025113821030e-002 3.6654600501060486e-001 
3.8947001099586487e-001 -2.7752954512834549e-002 3.6664500832557678e-001 
3.9093101024627686e-001 -2.7750458568334579e-002 3.6673152446746826e-001 
3.9233100414276123e-001 -2.7748512104153633e-002 3.6666297912597656e-001 
3.9310100674629211e-001 -2.7747001498937607e-002 3.6678200960159302e-001 
3.9451199769973755e-001 -2.7745014056563377e-002 3.6671200394630432e-001 
3.9664199948310852e-001 -2.7741966769099236e-002 3.6660501360893250e-001 
3.9820700883865356e-001 -2.7738999575376511e-002 3.6684098839759827e-001 
3.9892500638961792e-001 -2.7737995609641075e-002 3.6680400371551514e-001 
3.9964500069618225e-001 -2.7736963704228401e-002 3.6676698923110962e-001 
4.0206098556518555e-001 -2.7733318507671356e-002 3.6664098501205444e-001 
4.0341299772262573e-001 -2.7730980888009071e-002 3.6688700318336487e-001 
4.0414598584175110e-001 -2.7729922905564308e-002 3.6684799194335938e-001 
3.2431697845458984e-001 6.6346868872642517e-002 3.6689311265945435e-001 
3.2441422343254089e-001 6.8118430674076080e-002 3.6689117550849915e-001 
3.8730201125144958e-001 -2.7754938229918480e-002 3.6706200242042542e-001 
4.0122699737548828e-001 -2.7733983471989632e-002 3.6700201034545898e-001 
3.2435464859008789e-001 6.4384736120700836e-002 3.6720427870750427e-001 
3.2438310980796814e-001 6.5012164413928986e-002 3.6719086766242981e-001 
1.5089741349220276e-001 -2.7598107233643532e-002 3.9666435122489929e-001 
1.5363562107086182e-001 -2.7594385668635368e-002 3.9674118161201477e-001 
1.5723493695259094e-001 -2.7588797733187675e-002 3.9686822891235352e-001 
1.5822596848011017e-001 -2.7585823088884354e-002 3.9689305424690247e-001 
1.5889181196689606e-001 -2.7584880590438843e-002 3.9690375328063965e-001 
1.6021730005741119e-001 -2.7582952752709389e-002 3.9693152904510498e-001 
1.6087818145751953e-001 -2.7581973001360893e-002 3.9694011211395264e-001 
1.6153615713119507e-001 -2.7580985799431801e-002 3.9694386720657349e-001 
1.6350218653678894e-001 -2.7578018605709076e-002 3.9695057272911072e-001 
1.6415409743785858e-001 -2.7577022090554237e-002 3.9695802330970764e-001 
1.5089885890483856e-001 -2.6148010045289993e-002 3.9662826061248779e-001 
1.5441982448101044e-001 -2.6141552254557610e-002 3.9675861597061157e-001 
1.6284920275211334e-001 -2.6129009202122688e-002 3.9694643020629883e-001 
1.5408906340599060e-001 -2.5241471827030182e-002 3.9673873782157898e-001 
1.5533058345317841e-001 -2.5240167975425720e-002 3.9679411053657532e-001 
1.6175626218318939e-001 -2.5228984653949738e-002 3.9693897962570190e-001 
1.6241224110126495e-001 -2.5227999314665794e-002 3.9694419503211975e-001 
1.5112842619419098e-001 -2.1368859335780144e-002 3.9661344885826111e-001 
1.5112785995006561e-001 -2.0322052761912346e-002 3.9663040637969971e-001 
1.5112727880477905e-001 -1.9353285431861877e-002 3.9664971828460693e-001 
1.5100136399269104e-001 -1.5410936437547207e-002 3.9675518870353699e-001 
1.5099957585334778e-001 -1.3375416398048401e-002 3.9680555462837219e-001 
1.5099838376045227e-001 -1.0411335155367851e-002 3.9686888456344604e-001 
1.6759425401687622e-001 -8.2386825233697891e-003 3.9720237255096436e-001 
1.5099744498729706e-001 -6.4801103435456753e-003 3.9695471525192261e-001 
1.5144446492195129e-001 3.9385754615068436e-002 3.9757236838340759e-001 
2.2725962102413177e-001 7.3929592967033386e-002 3.9955145120620728e-001 
2.6985818147659302e-001 9.3141749501228333e-002 3.9940622448921204e-001 
1.6854761540889740e-001 -2.7570854872465134e-002 3.9706522226333618e-001 
1.7130233347415924e-001 -2.7565501630306244e-002 3.9720746874809265e-001 
1.7329175770282745e-001 -8.2274125888943672e-003 3.9742013812065125e-001 
1.6613972187042236e-001 -7.1735298261046410e-003 3.9717963337898254e-001 
1.6725936532020569e-001 -6.4527732320129871e-003 3.9723396301269531e-001 
1.6575466096401215e-001 -5.4805311374366283e-003 3.9721608161926270e-001 
1.6704368591308594e-001 -5.4791909642517567e-003 3.9725348353385925e-001 
1.6875262558460236e-001 -5.4772919975221157e-003 3.9731395244598389e-001 
1.5109990537166595e-001 -4.2538088746368885e-003 3.9702889323234558e-001 
1.5132795274257660e-001 -5.0111155724152923e-004 3.9712068438529968e-001 
1.5109866857528687e-001 1.7192728118970990e-003 3.9713987708091736e-001 
1.5109860897064209e-001 2.7322196401655674e-003 3.9713910222053528e-001 
1.6467270255088806e-001 2.7522963937371969e-003 3.9732566475868225e-001 
1.5109862387180328e-001 3.4541736822575331e-003 3.9713433384895325e-001 
1.5109843015670776e-001 8.3934199064970016e-003 3.9711919426918030e-001 
1.5109853446483612e-001 9.4416588544845581e-003 3.9711326360702515e-001 
1.5132710337638855e-001 1.3371096923947334e-002 3.9717155694961548e-001 
1.5109714865684509e-001 1.6599213704466820e-002 3.9721482992172241e-001 
1.5126299858093262e-001 2.1517787128686905e-002 3.9727231860160828e-001 
1.5171983838081360e-001 2.2518269717693329e-002 3.9732465147972107e-001 
1.5774270892143250e-001 2.2526141256093979e-002 3.9753285050392151e-001 
1.5126207470893860e-001 2.3192597553133965e-002 3.9731258153915405e-001 
1.5729729831218719e-001 2.3199571296572685e-002 3.9754608273506165e-001 
1.5796498954296112e-001 2.3200068622827530e-002 3.9756268262863159e-001 
1.5119627118110657e-001 2.6500217616558075e-002 3.9747551083564758e-001 
1.5177440643310547e-001 2.6489613577723503e-002 3.9751088619232178e-001 
1.7411872744560242e-001 -2.7561422437429428e-002 3.9738887548446655e-001 
1.7743381857872009e-001 -2.7554670348763466e-002 3.9758345484733582e-001 
1.8018855154514313e-001 -2.7550719678401947e-002 3.9771759510040283e-001 
1.8141189217567444e-001 -2.7548300102353096e-002 3.9777240157127380e-001 
1.8263055384159088e-001 -2.7545936405658722e-002 3.9782401919364929e-001 
1.8344020843505859e-001 -2.7544723823666573e-002 3.9785546064376831e-001 
1.7494854331016541e-001 -9.4161145389080048e-003 3.9748302102088928e-001 
1.7619255185127258e-001 -9.4151543453335762e-003 3.9754578471183777e-001 
1.7743188142776489e-001 -9.4143152236938477e-003 3.9761742949485779e-001 
1.8333098292350769e-001 -8.2108648493885994e-003 3.9799231290817261e-001 
1.8383590877056122e-001 -8.2110026851296425e-003 3.9802542328834534e-001 
1.8383459746837616e-001 -7.1474970318377018e-003 3.9805123209953308e-001 
1.6433367133140564e-001 2.7544177137315273e-003 3.9731588959693909e-001 
1.6455087065696716e-001 3.4769757185131311e-003 3.9731854200363159e-001 
1.7230005562305450e-001 2.2546717897057533e-002 3.9790639281272888e-001 
1.5153113007545471e-001 2.7482828125357628e-002 3.9755478501319885e-001 
1.5129849314689636e-001 3.0265139415860176e-002 3.9766782522201538e-001 
1.5129736065864563e-001 3.4223958849906921e-002 3.9768585562705994e-001 
1.5129901468753815e-001 3.8402661681175232e-002 3.9758148789405823e-001 
1.5129892528057098e-001 3.9380673319101334e-002 3.9756360650062561e-001 
1.5129871666431427e-001 4.0468033403158188e-002 3.9755326509475708e-001 
1.5129855275154114e-001 4.1141353547573090e-002 3.9755117893218994e-001 
1.5187092125415802e-001 4.5107513666152954e-002 3.9758810400962830e-001 
1.5129855275154114e-001 4.7270368784666061e-002 3.9760327339172363e-001 
1.5129710733890533e-001 5.0154581665992737e-002 3.9768147468566895e-001 
1.5129138529300690e-001 5.4004676640033722e-002 3.9786195755004883e-001 
3.0342087149620056e-001 8.3752185106277466e-002 4.0114629268646240e-001 
1.8753902614116669e-001 -2.7538219466805458e-002 3.9803311228752136e-001 
1.9217485189437866e-001 -2.7530567720532417e-002 3.9823791384696960e-001 
1.9355081021785736e-001 -2.7528321370482445e-002 3.9829137921333313e-001 
1.9787824153900146e-001 -2.7521669864654541e-002 3.9841869473457336e-001 
2.0575976371765137e-001 -2.7508266270160675e-002 3.9851391315460205e-001 
2.1030689775943756e-001 -2.7500806376338005e-002 3.9851617813110352e-001 
1.8270981311798096e-001 -8.2056280225515366e-003 3.9795380830764771e-001 
2.0785014331340790e-001 -4.1209525079466403e-004 3.9852830767631531e-001 
2.0822910964488983e-001 1.8101155292242765e-003 3.9851582050323486e-001 
2.0879706740379333e-001 1.8111035460606217e-003 3.9851030707359314e-001 
2.0423406362533569e-001 3.5393305588513613e-003 3.9852797985076904e-001 
1.7281542718410492e-001 1.9397687166929245e-002 3.9784023165702820e-001 
1.7281422019004822e-001 2.0607626065611839e-002 3.9786699414253235e-001 
1.6320338845252991e-001 3.1472180038690567e-002 3.9802962541580200e-001 
1.6471908986568451e-001 3.1473580747842789e-002 3.9807331562042236e-001 
1.6653479635715485e-001 3.1480446457862854e-002 3.9812979102134705e-001 
1.6717617213726044e-001 3.1481221318244934e-002 3.9815226197242737e-001 
1.6781677305698395e-001 3.1481944024562836e-002 3.9817285537719727e-001 
1.5417177975177765e-001 5.7364713400602341e-002 3.9813080430030823e-001 
1.5139269828796387e-001 5.8031961321830750e-002 3.9806115627288818e-001 
1.5138983726501465e-001 6.1212457716464996e-002 3.9813914895057678e-001 
1.5149657428264618e-001 6.4845643937587738e-002 3.9819031953811646e-001 
1.5148806571960449e-001 6.8985655903816223e-002 3.9841559529304504e-001 
2.0157936215400696e-001 -2.7516990900039673e-002 3.9847353100776672e-001 
2.0349678397178650e-001 -2.7513548731803894e-002 3.9849627017974854e-001 
2.0445264875888824e-001 -2.7511417865753174e-002 3.9850416779518127e-001 
2.0882312953472137e-001 -2.7505429461598396e-002 3.9851877093315125e-001 
2.1333721280097961e-001 -2.7498725801706314e-002 3.9851716160774231e-001 
2.1669524908065796e-001 -2.7493048459291458e-002 3.9854073524475098e-001 
2.1873606741428375e-001 -2.7489252388477325e-002 3.9856612682342529e-001 
2.2334544360637665e-001 -2.7480358257889748e-002 3.9861640334129333e-001 
2.2556442022323608e-001 -2.7479311451315880e-002 3.9864104986190796e-001 
2.2902695834636688e-001 -2.7472833171486855e-002 3.9868015050888062e-001 
2.3266978561878204e-001 -2.7469122782349586e-002 3.9871972799301147e-001 
2.3735108971595764e-001 -2.7460115030407906e-002 3.9876797795295715e-001 
2.3969544470310211e-001 -2.7457514777779579e-002 3.9879849553108215e-001 
2.4362033605575562e-001 -2.7450436726212502e-002 3.9884886145591736e-001 
2.4699680507183075e-001 -2.7444770559668541e-002 3.9887887239456177e-001 
2.4823765456676483e-001 -2.7442621067166328e-002 3.9888948202133179e-001 
2.4894566833972931e-001 -2.7441596612334251e-002 3.9887320995330811e-001 
2.5370946526527405e-001 -2.7451401576399803e-002 3.9901182055473328e-001 
2.5612851977348328e-001 -2.7537239715456963e-002 3.9933690428733826e-001 
2.5822523236274719e-001 -2.7592297643423080e-002 3.9957660436630249e-001 
2.5613912940025330e-001 -2.4300536140799522e-002 3.9941135048866272e-001 
2.5016278028488159e-001 -2.2980846464633942e-002 3.9894166588783264e-001 
2.5069522857666016e-001 -2.2984920069575310e-002 3.9899018406867981e-001 
2.5229051709175110e-001 -2.3000190034508705e-002 3.9922264218330383e-001 
2.4683281779289246e-001 -2.1214768290519714e-002 3.9885318279266357e-001 
2.3896279931068420e-001 -1.8113158643245697e-002 3.9881801605224609e-001 
2.3914138972759247e-001 -1.8112409859895706e-002 3.9883241057395935e-001 
2.2719669342041016e-001 -6.3671423122286797e-003 3.9899405837059021e-001 
1.9184318184852600e-001 -2.2657981608062983e-003 3.9850801229476929e-001 
1.9204004108905792e-001 -2.2648279555141926e-003 3.9851027727127075e-001 
1.9322027266025543e-001 -2.2630782332271338e-003 3.9852282404899597e-001 
2.2161673009395599e-001 -1.4601777074858546e-003 3.9880779385566711e-001 
2.0464290678501129e-001 3.5395999439060688e-003 3.9852640032768250e-001 
2.1952027082443237e-001 3.5640266723930836e-003 3.9882037043571472e-001 
2.1718369424343109e-001 6.7818011157214642e-003 3.9863428473472595e-001 
2.1576528251171112e-001 1.0499240830540657e-002 3.9856126904487610e-001 
2.1501883864402771e-001 1.3471738435328007e-002 3.9859789609909058e-001 
2.1422769129276276e-001 1.6704740002751350e-002 3.9868906140327454e-001 
2.1413373947143555e-001 1.8396589905023575e-002 3.9873674511909485e-001 
2.1385303139686584e-001 2.1617751568555832e-002 3.9879888296127319e-001 
2.1338552236557007e-001 2.2618075832724571e-002 3.9880773425102234e-001 
2.1226102113723755e-001 2.4353023618459702e-002 3.9884424209594727e-001 
1.7149764299392700e-001 4.9395248293876648e-002 3.9856481552124023e-001 
1.7212581634521484e-001 4.9394860863685608e-002 3.9860150218009949e-001 
1.7275305092334747e-001 4.9394477158784866e-002 3.9863824844360352e-001 
1.5388156473636627e-001 5.7381298393011093e-002 3.9812156558036804e-001 
1.5388065576553345e-001 5.8054674416780472e-002 3.9814868569374084e-001 
1.5169981122016907e-001 7.2224631905555725e-002 3.9864259958267212e-001 
1.5169253945350647e-001 7.4944950640201569e-002 3.9877301454544067e-001 
1.5168951451778412e-001 7.7189691364765167e-002 3.9883446693420410e-001 
1.5168841183185577e-001 7.8895211219787598e-002 3.9886042475700378e-001 
1.5168502926826477e-001 8.2823038101196289e-002 3.9893415570259094e-001 
2.4327847361564636e-001 -1.9203791394829750e-002 3.9893001317977905e-001 
2.3935525119304657e-001 -1.8106281757354736e-002 3.9884716272354126e-001 
2.2944854199886322e-001 -9.3250367790460587e-003 3.9894482493400574e-001 
2.1362262964248657e-001 2.5427618995308876e-002 3.9895457029342651e-001 
2.1367073059082031e-001 2.9431344941258430e-002 3.9915978908538818e-001 
2.1367041766643524e-001 3.0368180945515633e-002 3.9918693900108337e-001 
2.1376356482505798e-001 3.1555183231830597e-002 3.9921450614929199e-001 
2.1417602896690369e-001 3.4322749823331833e-002 3.9924526214599609e-001 
2.1492058038711548e-001 3.6488786339759827e-002 3.9927500486373901e-001 
2.1571709215641022e-001 3.7528980523347855e-002 3.9931607246398926e-001 
2.1571736037731171e-001 3.8506954908370972e-002 3.9930918812751770e-001 
2.1553215384483337e-001 4.1245277971029282e-002 3.9929533004760742e-001 
2.1478942036628723e-001 4.4530186802148819e-002 3.9926055073738098e-001 
2.1534457802772522e-001 4.7371298074722290e-002 3.9933657646179199e-001 
2.2530242800712585e-001 7.2308771312236786e-002 3.9976447820663452e-001 
2.3523800075054169e-001 8.2903608679771423e-002 4.0039789676666260e-001 
1.5202072262763977e-001 8.6091592907905579e-002 3.9899659156799316e-001 
1.5179291367530823e-001 8.8842153549194336e-002 3.9901638031005859e-001 
1.5179207921028137e-001 8.9881949126720428e-002 3.9903160929679871e-001 
1.5179122984409332e-001 9.2035643756389618e-002 3.9904940128326416e-001 
2.7692526578903198e-001 9.3513511121273041e-002 4.0077078342437744e-001 
1.5178972482681274e-001 9.5984190702438354e-002 3.9908227324485779e-001 
1.5594942867755890e-001 9.5991834998130798e-002 3.9932212233543396e-001 
1.5178893506526947e-001 9.6937984228134155e-002 3.9909815788269043e-001 
1.5639410912990570e-001 9.7692027688026428e-002 3.9937669038772583e-001 
1.5683802962303162e-001 9.7692675888538361e-002 3.9940184354782104e-001 
1.5212026238441467e-001 9.9788114428520203e-002 3.9924454689025879e-001 
1.5279963612556458e-001 9.9788576364517212e-002 3.9927804470062256e-001 
2.6083236932754517e-001 -2.7374530211091042e-002 3.9977565407752991e-001 
2.6407882571220398e-001 -2.7557361871004105e-002 4.0016150474548340e-001 
2.6548880338668823e-001 -2.7543159201741219e-002 4.0021008253097534e-001 
2.8087785840034485e-001 -2.7442250400781631e-002 3.9989623427391052e-001 
2.8401353955268860e-001 -2.7425775304436684e-002 3.9977246522903442e-001 
2.8871172666549683e-001 -2.7375370264053345e-002 3.9979448914527893e-001 
2.9046103358268738e-001 -2.7401205152273178e-002 3.9990359544754028e-001 
2.9133737087249756e-001 -2.7416698634624481e-002 3.9992937445640564e-001 
2.9264566302299500e-001 -2.7402088046073914e-002 3.9997082948684692e-001 
2.8508883714675903e-001 -2.4346766993403435e-002 4.0028697252273560e-001 
2.3763124644756317e-001 -1.5256884507834911e-002 3.9918792247772217e-001 
2.3175163567066193e-001 -1.1368080973625183e-002 3.9900788664817810e-001 
2.2077330946922302e-001 6.2171887839213014e-004 3.9884257316589355e-001 
2.1558366715908051e-001 4.9471076577901840e-002 3.9940670132637024e-001 
2.1558216214179993e-001 5.0262827426195145e-002 3.9942628145217896e-001 
2.1650497615337372e-001 5.5169958621263504e-002 3.9960440993309021e-001 
2.1668995916843414e-001 5.7462442666292191e-002 3.9964222908020020e-001 
2.1729347109794617e-001 5.8980230242013931e-002 3.9967155456542969e-001 
2.1779990196228027e-001 6.0102585703134537e-002 3.9968848228454590e-001 
2.1873977780342102e-001 6.2363572418689728e-002 3.9973670244216919e-001 
2.2079500555992126e-001 6.6288039088249207e-002 3.9984411001205444e-001 
2.2332783043384552e-001 7.0348910987377167e-002 3.9987012743949890e-001 
2.2873562574386597e-001 7.6312132179737091e-002 3.9982473850250244e-001 
2.3096774518489838e-001 7.8990019857883453e-002 4.0010291337966919e-001 
2.7315944433212280e-001 9.3707412481307983e-002 4.0027332305908203e-001 
2.7384743094444275e-001 9.3690522015094757e-002 4.0039277076721191e-001 
2.7488711476325989e-001 9.3657441437244415e-002 4.0047755837440491e-001 
1.5760496258735657e-001 9.9796652793884277e-002 3.9951190352439880e-001 
1.5804697573184967e-001 9.9797502160072327e-002 3.9953014254570007e-001 
1.5870907902717590e-001 9.9798284471035004e-002 3.9955350756645203e-001 
1.5936918556690216e-001 9.9799089133739471e-002 3.9957541227340698e-001 
1.6112160682678223e-001 9.9801257252693176e-002 3.9963915944099426e-001 
1.6264492273330688e-001 9.9802471697330475e-002 3.9968430995941162e-001 
1.6379144787788391e-001 9.9807664752006531e-002 3.9971643686294556e-001 
1.6618521511554718e-001 9.9810980260372162e-002 3.9981472492218018e-001 
2.6848280429840088e-001 -2.7499437332153320e-002 4.0032789111137390e-001 
2.7530774474143982e-001 -2.7579134330153465e-002 4.0057149529457092e-001 
2.7834725379943848e-001 -2.7431832626461983e-002 4.0025454759597778e-001 
2.7878814935684204e-001 -2.7449777349829674e-002 4.0016254782676697e-001 
2.9622203111648560e-001 -2.7365308254957199e-002 4.0005671977996826e-001 
2.9867014288902283e-001 -2.7361722663044930e-002 4.0016371011734009e-001 
3.0217343568801880e-001 -2.7357086539268494e-002 4.0036326646804810e-001 
3.0304870009422302e-001 -2.7355186641216278e-002 4.0040582418441772e-001 
3.0393400788307190e-001 -2.7353819459676743e-002 4.0042248368263245e-001 
3.0569136142730713e-001 -2.7349540963768959e-002 4.0043088793754578e-001 
3.0868870019912720e-001 -2.7345685288310051e-002 4.0048679709434509e-001 
3.0974993109703064e-001 -2.7342818677425385e-002 4.0051263570785522e-001 
3.1116801500320435e-001 -2.7339417487382889e-002 4.0055227279663086e-001 
2.7759087085723877e-001 -2.6162980124354362e-002 4.0067854523658752e-001 
2.7837973833084106e-001 -2.6145806536078453e-002 4.0056091547012329e-001 
2.6479899883270264e-001 -2.4352004751563072e-002 4.0083143115043640e-001 
3.1581136584281921e-001 -1.9095670431852341e-002 4.0043702721595764e-001 
3.2123118638992310e-001 -1.6966467723250389e-002 4.0061119198799133e-001 
2.4002468585968018e-001 -1.6290061175823212e-002 3.9926102757453918e-001 
2.2102232277393341e-001 6.6299036145210266e-002 3.9984157681465149e-001 
2.2101986408233643e-001 6.7325726151466370e-002 3.9986348152160645e-001 
2.0016074180603027e-001 7.8970976173877716e-002 4.0016028285026550e-001 
2.0057398080825806e-001 7.8973881900310516e-002 4.0016272664070129e-001 
2.3224592208862305e-001 8.0071866512298584e-002 4.0017223358154297e-001 
2.3484359681606293e-001 8.2951016724109650e-002 4.0042957663536072e-001 
2.3788352310657501e-001 8.5184827446937561e-002 4.0053212642669678e-001 
2.4134705960750580e-001 8.6215190589427948e-002 4.0055462718009949e-001 
3.0032879114151001e-001 8.6230158805847168e-002 4.0155419707298279e-001 
2.2473815083503723e-001 8.7909698486328125e-002 4.0057060122489929e-001 
2.2528395056724548e-001 8.7910458445549011e-002 4.0057998895645142e-001 
2.8396382927894592e-001 9.2163622379302979e-002 4.0106880664825439e-001 
2.8430664539337158e-001 9.2159628868103027e-002 4.0108111500740051e-001 
2.6728835701942444e-001 9.3771301209926605e-002 4.0039244294166565e-001 
1.6925308108329773e-001 9.9820338189601898e-002 3.9993181824684143e-001 
1.7344233393669128e-001 9.9822126328945160e-002 4.0013635158538818e-001 
1.7765705287456512e-001 9.9831260740756989e-002 4.0029051899909973e-001 
1.7949479818344116e-001 9.9832415580749512e-002 4.0037107467651367e-001 
1.8424719572067261e-001 9.9837698042392731e-002 4.0050953626632690e-001 
1.9774127006530762e-001 9.9857054650783539e-002 4.0052098035812378e-001 
2.0024716854095459e-001 9.9860519170761108e-002 4.0050312876701355e-001 
2.6976388692855835e-001 -2.7273433282971382e-002 4.0039959549903870e-001 
3.1329119205474854e-001 -2.7337295934557915e-002 4.0061053633689880e-001 
3.1774017214775085e-001 -2.7330400422215462e-002 4.0069049596786499e-001 
3.1933954358100891e-001 -2.7331091463565826e-002 4.0070024132728577e-001 
3.2005748152732849e-001 -2.7330104261636734e-002 4.0069982409477234e-001 
3.2131531834602356e-001 -2.7327487245202065e-002 4.0070849657058716e-001 
3.2167425751686096e-001 -2.7326272800564766e-002 4.0071165561676025e-001 
3.2401797175407410e-001 -2.7321765199303627e-002 4.0073394775390625e-001 
3.2800570130348206e-001 -2.7313090860843658e-002 4.0076994895935059e-001 
3.2981115579605103e-001 -2.7314065024256706e-002 4.0077939629554749e-001 
3.3182099461555481e-001 -2.7310017496347427e-002 4.0078857541084290e-001 
3.3641925454139709e-001 -2.7299923822283745e-002 4.0082266926765442e-001 
3.3825120329856873e-001 -2.7300737798213959e-002 4.0084293484687805e-001 
3.4010866284370422e-001 -2.7296008542180061e-002 4.0086629986763000e-001 
3.4123623371124268e-001 -2.7290228754281998e-002 4.0088903903961182e-001 
3.4664750099182129e-001 -2.7282826602458954e-002 4.0099918842315674e-001 
3.4930020570755005e-001 -2.7276284992694855e-002 4.0102928876876831e-001 
3.5232850909233093e-001 -2.7272708714008331e-002 4.0109747648239136e-001 
3.4178704023361206e-001 -2.6446055620908737e-002 4.0082830190658569e-001 
3.4516477584838867e-001 -2.4938788264989853e-002 4.0075135231018066e-001 
2.6502850651741028e-001 -2.4234354496002197e-002 4.0101873874664307e-001 
2.9530939459800720e-001 -2.1152818575501442e-002 4.0099826455116272e-001 
3.2349154353141785e-001 -1.6198802739381790e-002 4.0068900585174561e-001 
3.2256066799163818e-001 -1.5136072412133217e-002 4.0075278282165527e-001 
3.2310163974761963e-001 -1.5135358087718487e-002 4.0075740218162537e-001 
3.2362705469131470e-001 -1.4051328413188457e-002 4.0082758665084839e-001 
2.3529098927974701e-001 -1.3172836042940617e-002 3.9930528402328491e-001 
3.2183977961540222e-001 -1.2044819071888924e-002 4.0083846449851990e-001 
3.2183954119682312e-001 -1.1253884062170982e-002 4.0083825588226318e-001 
3.2472616434097290e-001 -6.2028244137763977e-003 4.0089038014411926e-001 
3.2022005319595337e-001 -5.2411481738090515e-003 4.0105235576629639e-001 
3.2906392216682434e-001 -5.2208495326340199e-003 4.0090483427047729e-001 
3.2218310236930847e-001 -3.9837048389017582e-003 4.0094760060310364e-001 
2.2430112957954407e-001 -3.2397659961134195e-003 3.9900940656661987e-001 
3.2981178164482117e-001 -2.0503760315477848e-003 4.0089166164398193e-001 
3.2221499085426331e-001 -1.3109339633956552e-003 4.0120089054107666e-001 
3.2274195551872253e-001 -2.4062755983322859e-004 4.0125173330307007e-001 
3.2599666714668274e-001 7.7470939140766859e-004 4.0098205208778381e-001 
3.3954900503158569e-001 1.0692610405385494e-002 4.0091913938522339e-001 
3.3917763829231262e-001 1.1887652799487114e-002 4.0094852447509766e-001 
3.3973434567451477e-001 1.1888372711837292e-002 4.0095409750938416e-001 
3.2725471258163452e-001 1.3645195402204990e-002 4.0119239687919617e-001 
3.0858072638511658e-001 8.0114208161830902e-002 4.0181663632392883e-001 
2.3327691853046417e-001 8.2225397229194641e-002 4.0043893456459045e-001 
2.3425577580928802e-001 8.2959339022636414e-002 4.0045896172523499e-001 
2.2585093975067139e-001 8.7912954390048981e-002 4.0059041976928711e-001 
2.4566006660461426e-001 8.8982552289962769e-002 4.0093630552291870e-001 
2.5000187754631042e-001 9.0029045939445496e-002 4.0114650130271912e-001 
1.8502308428287506e-001 9.9842004477977753e-002 4.0052700042724609e-001 
1.8701882660388947e-001 9.9844552576541901e-002 4.0055140852928162e-001 
1.8860690295696259e-001 9.9847272038459778e-002 4.0055629611015320e-001 
1.8985952436923981e-001 9.9847555160522461e-002 4.0055793523788452e-001 
1.9156585633754730e-001 9.9851429462432861e-002 4.0055626630783081e-001 
1.9215478003025055e-001 9.9852479994297028e-002 4.0055674314498901e-001 
1.9450154900550842e-001 9.9856890738010406e-002 4.0054979920387268e-001 
1.9760654866695404e-001 9.9863000214099884e-002 4.0052223205566406e-001 
1.9912092387676239e-001 9.9861733615398407e-002 4.0050837397575378e-001 
2.0065893232822418e-001 9.9864877760410309e-002 4.0050107240676880e-001 
2.0279195904731750e-001 9.9870733916759491e-002 4.0049347281455994e-001 
2.0561708509922028e-001 9.9871441721916199e-002 4.0050271153450012e-001 
2.0677968859672546e-001 9.9875435233116150e-002 4.0049952268600464e-001 
2.0753462612628937e-001 9.9877297878265381e-002 4.0049791336059570e-001 
2.0809964835643768e-001 9.9877104163169861e-002 4.0049871802330017e-001 
2.1203903853893280e-001 9.9882878363132477e-002 4.0051153302192688e-001 
2.1334505081176758e-001 9.9884808063507080e-002 4.0051746368408203e-001 
2.1723972260951996e-001 9.9889799952507019e-002 4.0056496858596802e-001 
2.1949796378612518e-001 9.9896520376205444e-002 4.0061879158020020e-001 
2.2004891932010651e-001 9.9897213280200958e-002 4.0063312649726868e-001 
2.2078281641006470e-001 9.9897950887680054e-002 4.0064820647239685e-001 
2.2240684926509857e-001 9.9897600710391998e-002 4.0068280696868896e-001 
2.2334295511245728e-001 9.9901221692562103e-002 4.0070179104804993e-001 
2.2716134786605835e-001 9.9906064569950104e-002 4.0077438950538635e-001 
2.3115375638008118e-001 9.9912330508232117e-002 4.0087831020355225e-001 
2.3169326782226563e-001 9.9912963807582855e-002 4.0089675784111023e-001 
2.7219945192337036e-001 -2.7135830372571945e-002 4.0071815252304077e-001 
3.4757146239280701e-001 -2.7286212891340256e-002 4.0100827813148499e-001 
3.4832924604415894e-001 -2.7284551411867142e-002 4.0101459622383118e-001 
3.4965759515762329e-001 -2.7280954644083977e-002 4.0103542804718018e-001 
3.5154002904891968e-001 -2.7280325070023537e-002 4.0107887983322144e-001 
3.5268819332122803e-001 -2.7277387678623199e-002 4.0110740065574646e-001 
3.5480034351348877e-001 -2.7270136401057243e-002 4.0116932988166809e-001 
3.5959470272064209e-001 -2.7267871424555779e-002 4.0127491950988770e-001 
3.6096197366714478e-001 -2.7263952419161797e-002 4.0129789710044861e-001 
3.6526787281036377e-001 -2.7256689965724945e-002 4.0139287710189819e-001 
3.6824062466621399e-001 -2.7251610532402992e-002 4.0144172310829163e-001 
3.6902669072151184e-001 -2.7252554893493652e-002 4.0145155787467957e-001 
3.6983025074005127e-001 -2.7250530198216438e-002 4.0146425366401672e-001 
3.7225043773651123e-001 -2.7243409305810928e-002 4.0151152014732361e-001 
3.7632691860198975e-001 -2.7231607586145401e-002 4.0162420272827148e-001 
3.4870937466621399e-001 -2.6437522843480110e-002 4.0095421671867371e-001 
3.4531083703041077e-001 -2.4941764771938324e-002 4.0075340867042542e-001 
2.6543772220611572e-001 -2.4107642471790314e-002 4.0121152997016907e-001 
2.6866573095321655e-001 -2.4393437430262566e-002 4.0166309475898743e-001 
2.6984891295433044e-001 -2.4626819416880608e-002 4.0187138319015503e-001 
2.8744572401046753e-001 -2.2841658443212509e-002 4.0120056271553040e-001 
2.8987315297126770e-001 -2.2778762504458427e-002 4.0078037977218628e-001 
3.9280796051025391e-001 -1.9942482933402061e-002 4.0160819888114929e-001 
3.9280712604522705e-001 -1.8974887207150459e-002 4.0164592862129211e-001 
3.4738126397132874e-001 -1.2008900754153728e-002 4.0109980106353760e-001 
3.4830436110496521e-001 -1.1213333345949650e-002 4.0112161636352539e-001 
3.5304579138755798e-001 -1.1204944923520088e-002 4.0118882060050964e-001 
3.5268685221672058e-001 -1.0092908516526222e-002 4.0118926763534546e-001 
3.4908664226531982e-001 -9.1417944058775902e-003 4.0113550424575806e-001 
3.5689938068389893e-001 -7.9330643638968468e-003 4.0123856067657471e-001 
3.6076670885086060e-001 -7.9270396381616592e-003 4.0131160616874695e-001 
3.5518521070480347e-001 -6.8717030808329582e-003 4.0119934082031250e-001 
3.6194169521331787e-001 -6.8610832095146179e-003 4.0133413672447205e-001 
3.5439082980155945e-001 -6.1562731862068176e-003 4.0117570757865906e-001 
3.5881599783897400e-001 -3.9280219934880733e-003 4.0123444795608521e-001 
3.2850137352943420e-001 1.6880329698324203e-002 4.0112558007240295e-001 
3.5471895337104797e-001 1.6919502988457680e-002 4.0155270695686340e-001 
3.5529622435569763e-001 1.6919355839490891e-002 4.0157103538513184e-001 
3.3158317208290100e-001 1.7837451770901680e-002 4.0112337470054626e-001 
3.2884705066680908e-001 1.8576802685856819e-002 4.0116459131240845e-001 
3.2920974493026733e-001 2.3473007604479790e-002 4.0126243233680725e-001 
3.3356091380119324e-001 2.5612885132431984e-002 4.0140816569328308e-001 
3.2848080992698669e-001 2.6779050007462502e-002 4.0134966373443604e-001 
3.3191204071044922e-001 2.6788040995597839e-002 4.0141484141349792e-001 
3.3466079831123352e-001 2.6790658012032509e-002 4.0145805478096008e-001 
3.2829827070236206e-001 2.7753630653023720e-002 4.0137290954589844e-001 
3.3044984936714172e-001 3.4507323056459427e-002 4.0148720145225525e-001 
3.2681521773338318e-001 3.5403341054916382e-002 4.0154254436492920e-001 
3.2738944888114929e-001 4.3599195778369904e-002 4.0147125720977783e-001 
3.2773768901824951e-001 4.3601490557193756e-002 4.0146625041961670e-001 
3.2720836997032166e-001 4.4702749699354172e-002 4.0145924687385559e-001 
3.2663497328758240e-001 4.6468947082757950e-002 4.0146225690841675e-001 
3.2627162337303162e-001 5.1391053944826126e-002 4.0168946981430054e-001 
3.0620729923248291e-001 8.2293920218944550e-002 4.0170145034790039e-001 
3.0593261122703552e-001 8.3031490445137024e-002 4.0187346935272217e-001 
2.4242228269577026e-001 8.8990099728107452e-002 4.0088117122650146e-001 
2.9631263017654419e-001 8.9044749736785889e-002 4.0184581279754639e-001 
2.9196760058403015e-001 9.0082287788391113e-002 4.0148204565048218e-001 
2.5668495893478394e-001 9.2189803719520569e-002 4.0144193172454834e-001 
2.5703608989715576e-001 9.2190451920032501e-002 4.0142479538917542e-001 
2.8632050752639771e-001 9.2227645218372345e-002 4.0137994289398193e-001 
2.6452258229255676e-001 9.3899212777614594e-002 4.0096005797386169e-001 
2.3350781202316284e-001 9.9917232990264893e-002 4.0096658468246460e-001 
2.3585216701030731e-001 9.9922046065330505e-002 4.0104910731315613e-001 
2.4069094657897949e-001 9.9931538105010986e-002 4.0123027563095093e-001 
2.4316810071468353e-001 9.9933259189128876e-002 4.0130978822708130e-001 
2.4583044648170471e-001 9.9937453866004944e-002 4.0141224861145020e-001 
3.7282842397689819e-001 -2.7247255668044090e-002 4.0152499079704285e-001 
3.7547668814659119e-001 -2.7239175513386726e-002 4.0159717202186584e-001 
3.7667497992515564e-001 -2.7240378782153130e-002 4.0163773298263550e-001 
3.7814876437187195e-001 -2.7231032028794289e-002 4.0168175101280212e-001 
3.7852898240089417e-001 -2.7234505861997604e-002 4.0169355273246765e-001 
3.8039639592170715e-001 -2.7228936553001404e-002 4.0174591541290283e-001 
3.8123068213462830e-001 -2.7226921170949936e-002 4.0176820755004883e-001 
3.8161447644233704e-001 -2.7230158448219299e-002 4.0177914500236511e-001 
3.8441565632820129e-001 -2.7226770296692848e-002 4.0185621380805969e-001 
3.8600510358810425e-001 -2.7221787720918655e-002 4.0189632773399353e-001 
3.8689318299293518e-001 -2.7213007211685181e-002 4.0191861987113953e-001 
3.8732069730758667e-001 -2.7210986241698265e-002 4.0193170309066772e-001 
3.8788732886314392e-001 -2.7221865952014923e-002 4.0194597840309143e-001 
3.9220568537712097e-001 -2.7204347774386406e-002 4.0208679437637329e-001 
3.8668173551559448e-001 -2.6370316743850708e-002 4.0184065699577332e-001 
3.8982266187667847e-001 -2.6370329782366753e-002 4.0191233158111572e-001 
3.9264795184135437e-001 -2.4864070117473602e-002 4.0184241533279419e-001 
3.9265039563179016e-001 -2.3989599198102951e-002 4.0174245834350586e-001 
2.5782686471939087e-001 -2.2835955023765564e-002 4.0137276053428650e-001 
2.8881928324699402e-001 -2.2762712091207504e-002 4.0098971128463745e-001 
3.9273008704185486e-001 -2.2747011855244637e-002 4.0165093541145325e-001 
2.9282298684120178e-001 -2.1069368347525597e-002 4.0172326564788818e-001 
2.9386213421821594e-001 -2.0978625863790512e-002 4.0148836374282837e-001 
2.9860830307006836e-001 -1.9198274239897728e-002 4.0193405747413635e-001 
3.9268755912780762e-001 -1.6088131815195084e-002 4.0182772278785706e-001 
3.9262139797210693e-001 -1.3960795477032661e-002 4.0197589993476868e-001 
3.0899381637573242e-001 -1.3225477188825607e-002 4.0231648087501526e-001 
3.0921110510826111e-001 -1.3254813849925995e-002 4.0219426155090332e-001 
3.9262241125106812e-001 -1.3005701825022697e-002 4.0201380848884583e-001 
3.9155662059783936e-001 -1.1939520947635174e-002 4.0201938152313232e-001 
3.9264693856239319e-001 -1.0029612109065056e-002 4.0203654766082764e-001 
3.9264595508575439e-001 -6.0949069447815418e-003 4.0198728442192078e-001 
3.1748142838478088e-001 -5.2538532763719559e-003 4.0187695622444153e-001 
3.2039484381675720e-001 -1.3003643834963441e-003 4.0178635716438293e-001 
3.9264571666717529e-001 -1.1885025305673480e-003 4.0198042988777161e-001 
3.9264556765556335e-001 2.1005205344408751e-003 4.0202170610427856e-001 
3.9264541864395142e-001 3.1131545547395945e-003 4.0204021334648132e-001 
3.9264518022537231e-001 3.8348427042365074e-003 4.0205523371696472e-001 
3.5565847158432007e-001 1.6925795003771782e-002 4.0158259868621826e-001 
3.5989093780517578e-001 1.9678099080920219e-002 4.0187928080558777e-001 
3.6123171448707581e-001 1.9682886078953743e-002 4.0193653106689453e-001 
3.6218568682670593e-001 1.9688392058014870e-002 4.0198197960853577e-001 
3.3299383521080017e-001 2.6792004704475403e-002 4.0143284201622009e-001 
3.3372658491134644e-001 2.6792706921696663e-002 4.0144288539886475e-001 
3.2734671235084534e-001 3.1734675168991089e-002 4.0140113234519958e-001 
3.2585179805755615e-001 4.1422575712203979e-002 4.0162619948387146e-001 
3.3098042011260986e-001 4.8329174518585205e-002 4.0158075094223022e-001 
3.2678624987602234e-001 4.9645718187093735e-002 4.0155306458473206e-001 
3.3294171094894409e-001 4.9658749252557755e-002 4.0167936682701111e-001 
3.3387210965156555e-001 4.9654044210910797e-002 4.0169930458068848e-001 
3.3442261815071106e-001 4.9654290080070496e-002 4.0171432495117188e-001 
3.3497312664985657e-001 4.9654580652713776e-002 4.0172865986824036e-001 
3.3497214317321777e-001 5.0445221364498138e-002 4.0176376700401306e-001 
3.2533493638038635e-001 5.5333249270915985e-002 4.0191474556922913e-001 
3.2477778196334839e-001 5.7627499103546143e-002 4.0200680494308472e-001 
3.2352763414382935e-001 6.0253761708736420e-002 4.0212944149971008e-001 
3.2277995347976685e-001 6.2521256506443024e-002 4.0218162536621094e-001 
3.2135590910911560e-001 6.4467370510101318e-002 4.0220424532890320e-001 
3.1797331571578979e-001 7.0470966398715973e-002 4.0223196148872375e-001 
3.0909690260887146e-001 8.0161496996879578e-002 4.0198752284049988e-001 
2.5321823358535767e-001 9.2201597988605499e-002 4.0145096182823181e-001 
2.5531578063964844e-001 9.2204913496971130e-002 4.0146642923355103e-001 
2.6071846485137939e-001 9.3828894197940826e-002 4.0141782164573669e-001 
2.8069472312927246e-001 9.3874305486679077e-002 4.0157034993171692e-001 
2.8190305829048157e-001 9.3864835798740387e-002 4.0162980556488037e-001 
2.4830630421638489e-001 9.9942147731781006e-002 4.0152090787887573e-001 
2.4973803758621216e-001 9.9949352443218231e-002 4.0158113837242126e-001 
2.5358569622039795e-001 9.9950961768627167e-002 4.0170460939407349e-001 
2.5514757633209229e-001 9.9949546158313751e-002 4.0171709656715393e-001 
2.5629213452339172e-001 9.9954470992088318e-002 4.0171664953231812e-001 
2.5960510969161987e-001 9.9963597953319550e-002 4.0173763036727905e-001 
2.6030156016349792e-001 9.9964909255504608e-002 4.0174332261085510e-001 
2.6160445809364319e-001 9.9962443113327026e-002 4.0175253152847290e-001 
2.6577496528625488e-001 9.9986016750335693e-002 4.0171724557876587e-001 
2.6872971653938293e-001 1.0004230588674545e-001 4.0153461694717407e-001 
2.6994934678077698e-001 1.0005443543195724e-001 4.0148636698722839e-001 
2.7134183049201965e-001 1.0004291683435440e-001 4.0150246024131775e-001 
2.7567011117935181e-001 1.0000501573085785e-001 4.0180638432502747e-001 
3.9256554841995239e-001 -2.6371587067842484e-002 4.0202340483665466e-001 
2.9299107193946838e-001 -2.1029440686106682e-002 4.0171411633491516e-001 
3.8974028825759888e-001 -1.1933148838579655e-002 4.0200766921043396e-001 
3.9256289601325989e-001 5.9048770926892757e-003 4.0209618210792542e-001 
3.9256268739700317e-001 8.7775532156229019e-003 4.0213894844055176e-001 
3.9256235957145691e-001 9.8248710855841637e-003 4.0216210484504700e-001 
3.2591405510902405e-001 1.0695278644561768e-002 4.0146189928054810e-001 
3.9256185293197632e-001 1.0778597556054592e-002 4.0219476819038391e-001 
3.9256116747856140e-001 1.1972987093031406e-002 4.0225416421890259e-001 
3.8314181566238403e-001 1.3023208826780319e-002 4.0228319168090820e-001 
3.8230144977569580e-001 1.3735947199165821e-002 4.0231662988662720e-001 
3.9255973696708679e-001 1.3745539821684361e-002 4.0235543251037598e-001 
3.8083785772323608e-001 1.4706312678754330e-002 4.0235963463783264e-001 
3.9247679710388184e-001 1.6976339742541313e-002 4.0258297324180603e-001 
3.2547670602798462e-001 3.9661068469285965e-002 4.0171131491661072e-001 
3.5858723521232605e-001 5.1451772451400757e-002 4.0242952108383179e-001 
3.5672083497047424e-001 5.2594449371099472e-002 4.0244862437248230e-001 
3.5530197620391846e-001 5.3334344178438187e-002 4.0245345234870911e-001 
3.7462046742439270e-001 5.3365129977464676e-002 4.0255522727966309e-001 
3.7666422128677368e-001 5.3366869688034058e-002 4.0258979797363281e-001 
3.2080510258674622e-001 6.6435858607292175e-002 4.0224084258079529e-001 
3.1933972239494324e-001 7.0518426597118378e-002 4.0234190225601196e-001 
3.1438434123992920e-001 7.4231818318367004e-002 4.0219378471374512e-001 
3.1278377771377563e-001 7.6445803046226501e-002 4.0221160650253296e-001 
3.1268873810768127e-001 7.7437259256839752e-002 4.0232181549072266e-001 
3.1048840284347534e-001 7.9157955944538116e-002 4.0216431021690369e-001 
2.9023060202598572e-001 9.2269599437713623e-002 4.0181326866149902e-001 
2.7757418155670166e-001 9.9999770522117615e-002 4.0192276239395142e-001 
2.7947559952735901e-001 1.0000019520521164e-001 4.0193530917167664e-001 
2.8319972753524780e-001 1.0001384466886520e-001 4.0196004509925842e-001 
2.8449654579162598e-001 1.0000485181808472e-001 4.0200498700141907e-001 
2.8622958064079285e-001 1.0001127421855927e-001 4.0206703543663025e-001 
2.8830772638320923e-001 1.0000901669263840e-001 4.0212133526802063e-001 
2.9246935248374939e-001 1.0001662373542786e-001 4.0224254131317139e-001 
2.9437729716300964e-001 1.0001455992460251e-001 4.0231639146804810e-001 
2.9646143317222595e-001 1.0001521557569504e-001 4.0240973234176636e-001 
3.1142973899841309e-001 -1.1185421608388424e-002 4.0245059132575989e-001 
3.9238899946212769e-001 -1.1127738282084465e-002 4.0203770995140076e-001 
3.8243794441223145e-001 1.4720795676112175e-002 4.0237942337989807e-001 
3.9239490032196045e-001 1.9734481349587440e-002 4.0280252695083618e-001 
3.9231207966804504e-001 2.3577556014060974e-002 4.0296071767807007e-001 
3.9231169223785400e-001 2.5706032291054726e-002 4.0301936864852905e-001 
3.9231139421463013e-001 2.6883745566010475e-002 4.0304201841354370e-001 
3.9231112599372864e-001 2.7858724817633629e-002 4.0305387973785400e-001 
3.9231097698211670e-001 2.8615726158022881e-002 4.0305221080780029e-001 
3.9231052994728088e-001 3.0646119266748428e-002 4.0304636955261230e-001 
3.9230850338935852e-001 3.4606184810400009e-002 4.0314498543739319e-001 
3.9230853319168091e-001 3.5507906228303909e-002 4.0317633748054504e-001 
3.9231041073799133e-001 4.2610030621290207e-002 4.0302920341491699e-001 
3.9234882593154907e-001 4.3708685785531998e-002 4.0297472476959229e-001 
3.9235049486160278e-001 4.5488391071557999e-002 4.0291452407836914e-001 
3.9231503009796143e-001 4.8427760601043701e-002 4.0290144085884094e-001 
3.7803938984870911e-001 5.0516355782747269e-002 4.0253940224647522e-001 
3.9231178164482117e-001 5.2648827433586121e-002 4.0298444032669067e-001 
3.9231035113334656e-001 5.4391652345657349e-002 4.0303015708923340e-001 
3.9230921864509583e-001 5.5445618927478790e-002 4.0306243300437927e-001 
3.9230737090110779e-001 5.6663010269403458e-002 4.0310925245285034e-001 
3.2057639956474304e-001 5.7621266692876816e-002 4.0276041626930237e-001 
3.9035654067993164e-001 5.7734783738851547e-002 4.0309140086174011e-001 
3.2057493925094604e-001 5.8298252522945404e-002 4.0269470214843750e-001 
3.4530720114707947e-001 6.2563948333263397e-002 4.0262928605079651e-001 
3.4521296620368958e-001 6.3545949757099152e-002 4.0266448259353638e-001 
3.4554606676101685e-001 6.3557282090187073e-002 4.0267294645309448e-001 
3.5023429989814758e-001 6.4534135162830353e-002 4.0281090140342712e-001 
3.3412277698516846e-001 6.5134882926940918e-002 4.0249103307723999e-001 
3.5120722651481628e-001 6.5157108008861542e-002 4.0284860134124756e-001 
3.5177820920944214e-001 6.5157771110534668e-002 4.0285292267799377e-001 
3.3373901247978210e-001 6.6473037004470825e-002 4.0255722403526306e-001 
3.3557105064392090e-001 6.6473655402660370e-002 4.0258821845054626e-001 
3.3501914143562317e-001 6.7497417330741882e-002 4.0263691544532776e-001 
3.5555300116539001e-001 6.8273998796939850e-002 4.0299797058105469e-001 
3.5690000653266907e-001 6.8275555968284607e-002 4.0299969911575317e-001 
3.5902899503707886e-001 6.8278998136520386e-002 4.0299758315086365e-001 
3.1648492813110352e-001 7.2492308914661407e-002 4.0229114890098572e-001 
2.9924148321151733e-001 1.0002122819423676e-001 4.0253499150276184e-001 
3.0411806702613831e-001 1.0002951323986053e-001 4.0273898839950562e-001 
3.0534061789512634e-001 1.0003083199262619e-001 4.0278854966163635e-001 
2.7428123354911804e-001 -2.5092981755733490e-002 4.0216228365898132e-001 
2.7482497692108154e-001 -2.4445844814181328e-002 4.0341794490814209e-001 
2.7638417482376099e-001 -2.4295333772897720e-002 4.0360215306282043e-001 
3.2089272141456604e-001 -1.5059576253406703e-004 4.0183493494987488e-001 
3.2131883502006531e-001 8.3465559873729944e-004 4.0181782841682434e-001 
3.2149711251258850e-001 8.3605566760525107e-004 4.0174984931945801e-001 
3.9227002859115601e-001 3.3607006072998047e-002 4.0310800075531006e-001 
3.9222905039787292e-001 3.8787219673395157e-002 4.0319472551345825e-001 
3.9223176240921021e-001 4.0849618613719940e-002 4.0311515331268311e-001 
3.2020372152328491e-001 5.7649377733469009e-002 4.0289592742919922e-001 
3.2020440697669983e-001 5.8327965438365936e-002 4.0282005071640015e-001 
3.9226582646369934e-001 6.0376591980457306e-002 4.0324297547340393e-001 
3.9226487278938293e-001 6.1592973768711090e-002 4.0328523516654968e-001 
3.5919499397277832e-001 7.1566946804523468e-002 4.0311345458030701e-001 
3.5974901914596558e-001 7.2549484670162201e-002 4.0314158797264099e-001 
3.5781103372573853e-001 7.4311338365077972e-002 4.0319827198982239e-001 
3.5977694392204285e-001 7.4309229850769043e-002 4.0319654345512390e-001 
3.6033198237419128e-001 7.5273513793945313e-002 4.0323022007942200e-001 
3.6091697216033936e-001 7.5274355709552765e-002 4.0323042869567871e-001 
3.6231353878974915e-001 7.5271226465702057e-002 4.0322983264923096e-001 
3.6147311329841614e-001 7.6526924967765808e-002 4.0328478813171387e-001 
3.6183449625968933e-001 7.6532594859600067e-002 4.0328562259674072e-001 
3.6619111895561218e-001 7.6532483100891113e-002 4.0329062938690186e-001 
3.6267545819282532e-001 7.7520102262496948e-002 4.0332829952239990e-001 
3.6402064561843872e-001 7.8240215778350830e-002 4.0336298942565918e-001 
3.6461052298545837e-001 7.8240953385829926e-002 4.0336495637893677e-001 
3.7475308775901794e-001 7.8257001936435699e-002 4.0354004502296448e-001 
3.7454909086227417e-001 7.9245030879974365e-002 4.0358600020408630e-001 
3.3036816120147705e-001 8.1405326724052429e-002 4.0322771668434143e-001 
3.3089697360992432e-001 8.1409826874732971e-002 4.0323531627655029e-001 
3.2315912842750549e-001 8.9116558432579041e-002 4.0325531363487244e-001 
3.2496511936187744e-001 9.1310806572437286e-002 4.0332648158073425e-001 
3.4334960579872131e-001 9.1342143714427948e-002 4.0345963835716248e-001 
3.4372213482856750e-001 9.1342136263847351e-002 4.0346458554267883e-001 
3.2210910320281982e-001 9.2304997146129608e-002 4.0328276157379150e-001 
3.0953773856163025e-001 1.0003855824470520e-001 4.0294671058654785e-001 
3.1340378522872925e-001 1.0004393756389618e-001 4.0308675169944763e-001 
3.1464013457298279e-001 1.0004539042711258e-001 4.0312606096267700e-001 
3.1562131643295288e-001 1.0004518181085587e-001 4.0315952897071838e-001 
3.1658688187599182e-001 1.0004761815071106e-001 4.0318518877029419e-001 
3.1887555122375488e-001 1.0005307942628860e-001 4.0324041247367859e-001 
3.1940907239913940e-001 1.0005390644073486e-001 4.0325313806533813e-001 
3.2323420047760010e-001 1.0005982220172882e-001 4.0331652760505676e-001 
3.2791510224342346e-001 1.0006652027368546e-001 4.0336349606513977e-001 
3.3179631829261780e-001 1.0007261484861374e-001 4.0336340665817261e-001 
3.3581906557083130e-001 1.0007809102535248e-001 4.0335628390312195e-001 
3.3710405230522156e-001 1.0008005797863007e-001 4.0335723757743835e-001 
3.3784008026123047e-001 1.0008104890584946e-001 4.0335527062416077e-001 
3.3913004398345947e-001 1.0008301585912704e-001 4.0336078405380249e-001 
3.4097981452941895e-001 1.0008593648672104e-001 4.0337327122688293e-001 
3.4563699364662170e-001 1.0009305924177170e-001 4.0341424942016602e-001 
3.4619888663291931e-001 1.0009420663118362e-001 4.0342149138450623e-001 
3.5203129053115845e-001 1.0010344535112381e-001 4.0348514914512634e-001 
3.5279321670532227e-001 1.0010451823472977e-001 4.0349477529525757e-001 
2.8105846047401428e-001 -2.3645356297492981e-002 4.0260246396064758e-001 
3.2334792613983154e-001 4.8097893595695496e-003 4.0193694829940796e-001 
3.2370910048484802e-001 6.9884457625448704e-003 4.0221890807151794e-001 
3.9214619994163513e-001 6.6560260951519012e-002 4.0349778532981873e-001 
3.8656407594680786e-001 6.8328432738780975e-002 4.0341657400131226e-001 
3.8720124959945679e-001 6.8328447639942169e-002 4.0343463420867920e-001 
3.8783952593803406e-001 6.8328395485877991e-002 4.0345481038093567e-001 
3.9214372634887695e-001 6.8329088389873505e-002 4.0357616543769836e-001 
3.9206284284591675e-001 7.3307827115058899e-002 4.0377134084701538e-001 
3.9119407534599304e-001 7.5320646166801453e-002 4.0383136272430420e-001 
3.9202246069908142e-001 7.5326822698116302e-002 4.0385264158248901e-001 
3.8946965336799622e-001 7.6567128300666809e-002 4.0383049845695496e-001 
3.9184144139289856e-001 7.6567344367504120e-002 4.0390825271606445e-001 
3.7027832865715027e-001 8.3170808851718903e-002 4.0369072556495667e-001 
3.7205591797828674e-001 8.3176538348197937e-002 4.0373113751411438e-001 
3.7266054749488831e-001 8.3176881074905396e-002 4.0374529361724854e-001 
3.4838628768920898e-001 8.6404167115688324e-002 4.0353944897651672e-001 
3.4868010878562927e-001 8.6404107511043549e-002 4.0354350209236145e-001 
3.4935292601585388e-001 8.6403936147689819e-002 4.0355324745178223e-001 
3.7870901823043823e-001 8.6450047791004181e-002 4.0398323535919189e-001 
3.7912088632583618e-001 8.6450837552547455e-002 4.0398967266082764e-001 
3.7444740533828735e-001 8.7400414049625397e-002 4.0391147136688232e-001 
3.7424433231353760e-001 8.8148437440395355e-002 4.0391570329666138e-001 
3.7485399842262268e-001 8.8149115443229675e-002 4.0392953157424927e-001 
3.4316647052764893e-001 9.1340899467468262e-002 4.0345832705497742e-001 
3.4728127717971802e-001 1.0009591281414032e-001 4.0343180298805237e-001 
3.5695683956146240e-001 1.0011100769042969e-001 4.0353384613990784e-001 
3.5966360569000244e-001 1.0011515021324158e-001 4.0355995297431946e-001 
3.6161017417907715e-001 1.0011804103851318e-001 4.0357962250709534e-001 
3.6528137326240540e-001 1.0012476146221161e-001 4.0369075536727905e-001 
3.6587274074554443e-001 1.0012569278478622e-001 4.0371310710906982e-001 
3.7850201129913330e-001 1.0014473646879196e-001 4.0403893589973450e-001 
2.6080295443534851e-001 -2.2626917809247971e-002 4.0321552753448486e-001 
3.9198365807533264e-001 7.6578699052333832e-002 4.0391305088996887e-001 
3.9198112487792969e-001 7.8288480639457703e-002 4.0399160981178284e-001 
3.9197993278503418e-001 7.9277925193309784e-002 4.0403100848197937e-001 
3.9189940690994263e-001 8.4244668483734131e-002 4.0422749519348145e-001 
3.9189872145652771e-001 8.5441768169403076e-002 4.0425765514373779e-001 
3.9189830422401428e-001 8.6471289396286011e-002 4.0427750349044800e-001 
3.7543249130249023e-001 8.7404601275920868e-002 4.0393480658531189e-001 
3.9189809560775757e-001 8.7429083883762360e-002 4.0428701043128967e-001 
3.7604391574859619e-001 8.8152907788753510e-002 4.0395551919937134e-001 
3.9189779758453369e-001 9.0262889862060547e-002 4.0430030226707458e-001 
3.9189764857292175e-001 9.2416852712631226e-002 4.0430754423141479e-001 
3.9189758896827698e-001 9.4026848673820496e-002 4.0430939197540283e-001 
3.9189809560775757e-001 9.8066017031669617e-002 4.0428745746612549e-001 
3.9189839363098145e-001 9.9086076021194458e-002 4.0427371859550476e-001 
3.6998641490936279e-001 1.0013293474912643e-001 4.0386354923248291e-001 
3.7400898337364197e-001 1.0013826936483383e-001 4.0396937727928162e-001 
3.7764683365821838e-001 1.0014458745718002e-001 4.0402743220329285e-001 
3.7908634543418884e-001 1.0014633089303970e-001 4.0404349565505981e-001 
3.7970611453056335e-001 1.0014725476503372e-001 4.0405160188674927e-001 
3.8094851374626160e-001 1.0014914721250534e-001 4.0407302975654602e-001 
3.8527131080627441e-001 1.0015735030174255e-001 4.0415507555007935e-001 
3.8974046707153320e-001 1.0016351193189621e-001 4.0423327684402466e-001 
3.9124906063079834e-001 1.0016595572233200e-001 4.0424260497093201e-001 
3.9179047942161560e-001 1.0016620904207230e-001 4.0424326062202454e-001 
3.0534678697586060e-001 -1.3898113742470741e-002 4.0587586164474487e-001 
3.0546218156814575e-001 -1.3807783834636211e-002 4.0576192736625671e-001 
3.1280472874641418e-001 -7.8868400305509567e-003 4.0402954816818237e-001 
3.1303909420967102e-001 -7.0198685862123966e-003 4.0495580434799194e-001 
3.1324920058250427e-001 -6.4696734771132469e-003 4.0558722615242004e-001 
3.1405800580978394e-001 -6.1493371613323689e-003 4.0444889664649963e-001 
2.9993501305580139e-001 -1.7033545300364494e-002 4.0623661875724792e-001 
3.0035987496376038e-001 -1.6800997778773308e-002 4.0618219971656799e-001 
3.0124223232269287e-001 -1.6386186704039574e-002 4.0560272336006165e-001 
3.0796536803245544e-001 -1.2468823231756687e-002 4.0393021702766418e-001 
2.7081406116485596e-001 4.2780727148056030e-002 4.1878372430801392e-001 
2.7223908901214600e-001 4.2711395770311356e-002 4.1876667737960815e-001 
2.7105069160461426e-001 4.2657878249883652e-002 4.1884395480155945e-001 
2.7372077107429504e-001 4.5249525457620621e-002 4.1869097948074341e-001 
2.7438846230506897e-001 4.5293543487787247e-002 4.1904887557029724e-001 
2.6778459548950195e-001 4.4641289860010147e-002 4.1961750388145447e-001 
2.7465307712554932e-001 4.5308347791433334e-002 4.1912600398063660e-001 
2.7531766891479492e-001 4.5343384146690369e-002 4.1933771967887878e-001 
2.5017350912094116e-001 -2.1175858564674854e-003 4.1958436369895935e-001 
2.4624320864677429e-001 -2.9096298385411501e-004 4.1949793696403503e-001 
2.4293914437294006e-001 1.9233964849263430e-003 4.1945150494575500e-001 
2.4007077515125275e-001 4.6801050193607807e-003 4.1941058635711670e-001 
2.3837819695472717e-001 5.7185241021215916e-003 4.1937199234962463e-001 
2.3580080270767212e-001 7.8318202868103981e-003 4.1932201385498047e-001 
2.3443676531314850e-001 9.6287969499826431e-003 4.1933050751686096e-001 
2.3259143531322479e-001 1.1783557012677193e-002 4.1939908266067505e-001 
2.2984892129898071e-001 1.5573903918266296e-002 4.1945895552635193e-001 
2.2847348451614380e-001 1.7732309177517891e-002 4.1949900984764099e-001 
2.6282906532287598e-001 -5.2666240371763706e-003 4.1988658905029297e-001 
2.6415035128593445e-001 -5.2642822265625000e-003 4.1992136836051941e-001 
2.6564863324165344e-001 -5.2610039710998535e-003 4.1995874047279358e-001 
2.6679992675781250e-001 -5.2595646120607853e-003 4.1998261213302612e-001 
2.6762756705284119e-001 -5.2580242045223713e-003 4.1999819874763489e-001 
2.6828616857528687e-001 -5.2571762353181839e-003 4.2000934481620789e-001 
2.7207431197166443e-001 -5.2511561661958694e-003 4.2006927728652954e-001 
2.5587591528892517e-001 -4.0290569886565208e-003 4.1972187161445618e-001 
2.5786638259887695e-001 -4.0268069133162498e-003 4.1977071762084961e-001 
2.5960755348205566e-001 -4.0244190022349358e-003 4.1981238126754761e-001 
2.5369507074356079e-001 -2.1108703222125769e-003 4.1968792676925659e-001 
2.4668826162815094e-001 -2.8670794563367963e-004 4.1951227188110352e-001 
2.4970972537994385e-001 -2.8240101528353989e-004 4.1959440708160400e-001 
2.5521031022071838e-001 5.7461136020720005e-003 4.1980043053627014e-001 
2.5587382912635803e-001 5.7469317689538002e-003 4.1981709003448486e-001 
2.5653827190399170e-001 5.7477634400129318e-003 4.1983425617218018e-001 
2.2816789150238037e-001 1.7740556970238686e-002 4.1949790716171265e-001 
2.2666220366954803e-001 2.1695440635085106e-002 4.1956645250320435e-001 
2.3707719147205353e-001 2.1714275702834129e-002 4.1979840397834778e-001 
2.3809279501438141e-001 2.2715266793966293e-002 4.1984891891479492e-001 
2.3809237778186798e-001 2.3389661684632301e-002 4.1986939311027527e-001 
2.2436352074146271e-001 2.5502964854240417e-002 4.1970950365066528e-001 
2.3220576345920563e-001 2.8417557477951050e-002 4.1995242238044739e-001 
2.3299099504947662e-001 2.8421260416507721e-002 4.1996777057647705e-001 
2.2262687981128693e-001 2.9500599950551987e-002 4.1976559162139893e-001 
2.2414322197437286e-001 3.3401709049940109e-002 4.1983887553215027e-001 
2.2314792871475220e-001 3.5300012677907944e-002 4.1978824138641357e-001 
2.2174447774887085e-001 3.6560691893100739e-002 4.1969785094261169e-001 
2.2373288869857788e-001 3.6564435809850693e-002 4.1979220509529114e-001 
2.2119297087192535e-001 3.7598628550767899e-002 4.1964843869209290e-001 
2.2084616124629974e-001 3.9552953094244003e-002 4.1959044337272644e-001 
2.2084674239158630e-001 4.0639821439981461e-002 4.1957047581672668e-001 
2.2032409906387329e-001 4.2396038770675659e-002 4.1953510046005249e-001 
2.3248012363910675e-001 4.5293852686882019e-002 4.1991624236106873e-001 
2.3265098035335541e-001 4.5294813811779022e-002 4.1992065310478210e-001 
2.2049747407436371e-001 4.6361275017261505e-002 4.1958093643188477e-001 
2.2088608145713806e-001 5.0327487289905548e-002 4.1973417997360229e-001 
2.2105942666530609e-001 5.2438519895076752e-002 4.1980290412902832e-001 
2.7389276027679443e-001 -5.2480227313935757e-003 4.2011189460754395e-001 
2.7520799636840820e-001 -5.2460995502769947e-003 4.2013898491859436e-001 
2.7668797969818115e-001 -5.2436538971960545e-003 4.2018252611160278e-001 
2.7849537134170532e-001 -5.2413111552596092e-003 4.2024117708206177e-001 
2.8046905994415283e-001 -5.2389623597264290e-003 4.2030507326126099e-001 
2.8112649917602539e-001 -5.2379826083779335e-003 4.2032828927040100e-001 
2.7973490953445435e-001 -3.9919260889291763e-003 4.2026823759078979e-001 
2.8047379851341248e-001 -3.9910445921123028e-003 4.2029067873954773e-001 
2.8121373057365417e-001 -3.9896541275084019e-003 4.2030969262123108e-001 
2.8392931818962097e-001 -3.9844182319939137e-003 4.2037257552146912e-001 
2.8664359450340271e-001 -3.9807124994695187e-003 4.2041832208633423e-001 
2.8738492727279663e-001 -3.9797234348952770e-003 4.2042553424835205e-001 
2.8804373741149902e-001 -3.9787841960787773e-003 4.2043203115463257e-001 
2.8903269767761230e-001 -3.9790901355445385e-003 4.2043793201446533e-001 
2.8977510333061218e-001 -3.9778891950845718e-003 4.2044454813003540e-001 
2.7948883175849915e-001 -3.1388411298394203e-003 4.2025217413902283e-001 
2.9199931025505066e-001 -2.0493138581514359e-003 4.2049205303192139e-001 
2.9448300600051880e-001 -2.0491979084908962e-003 4.2052891850471497e-001 
2.9464262723922729e-001 -2.0458260551095009e-003 4.2052784562110901e-001 
2.7932140231132507e-001 -1.3068666448816657e-003 4.2024293541908264e-001 
2.9844906926155090e-001 -2.1048162307124585e-004 4.2060291767120361e-001 
2.8071627020835876e-001 7.6441763667389750e-004 4.2029613256454468e-001 
3.0076724290847778e-001 2.0150511991232634e-003 4.2066600918769836e-001 
2.7710476517677307e-001 2.9939576052129269e-003 4.2022070288658142e-001 
2.8327178955078125e-001 3.0035465024411678e-003 4.2035844922065735e-001 
2.8458711504936218e-001 3.0054240487515926e-003 4.2038616538047791e-001 
2.7759492397308350e-001 3.7152215372771025e-003 4.2023679614067078e-001 
2.7981677651405334e-001 5.7849260047078133e-003 4.2029544711112976e-001 
2.8507912158966064e-001 5.7921307161450386e-003 4.2039585113525391e-001 
2.8508079051971436e-001 7.9161133617162704e-003 4.2039519548416138e-001 
2.8096702694892883e-001 9.7071174532175064e-003 4.2032548785209656e-001 
2.8376308083534241e-001 9.7113139927387238e-003 4.2037844657897949e-001 
2.8195318579673767e-001 1.0662209242582321e-002 4.2036145925521851e-001 
2.8310582041740417e-001 1.2926079332828522e-002 4.2044755816459656e-001 
2.8178691864013672e-001 1.3634081929922104e-002 4.2045035958290100e-001 
2.3191666603088379e-001 2.8427643701434135e-002 4.1994747519493103e-001 
2.3259915411472321e-001 2.8428124263882637e-002 4.1996026039123535e-001 
2.3319578170776367e-001 2.9519092291593552e-002 4.1999584436416626e-001 
2.3455680906772614e-001 2.9519995674490929e-002 4.2002344131469727e-001 
2.3302610218524933e-001 4.5296549797058105e-002 4.1992825269699097e-001 
2.2162146866321564e-001 5.6459974497556686e-002 4.1993647813796997e-001 
2.2248904407024384e-001 5.8208059519529343e-002 4.2002189159393311e-001 
2.4389740824699402e-001 5.9073980897665024e-002 4.2049071192741394e-001 
2.2318136692047119e-001 6.1388552188873291e-002 4.2013013362884521e-001 
2.2529736161231995e-001 6.5017655491828918e-002 4.2028173804283142e-001 
2.2636906802654266e-001 6.8129159510135651e-002 4.2041322588920593e-001 
3.0175980925559998e-001 2.0189147908240557e-003 4.2066574096679688e-001 
3.0458682775497437e-001 4.7830366529524326e-003 4.2076212167739868e-001 
3.0624836683273315e-001 5.8264839462935925e-003 4.2079588770866394e-001 
3.0858036875724792e-001 7.9524302855134010e-003 4.2086040973663330e-001 
3.0958414077758789e-001 9.7526591271162033e-003 4.2091181874275208e-001 
3.1007730960845947e-001 1.1904918588697910e-002 4.2101743817329407e-001 
3.1159397959709167e-001 1.1901299469172955e-002 4.2104408144950867e-001 
2.9397201538085938e-001 1.4630308374762535e-002 4.2076045274734497e-001 
2.9446664452552795e-001 1.4629958197474480e-002 4.2076930403709412e-001 
2.9611840844154358e-001 1.4631469734013081e-002 4.2081123590469360e-001 
2.9528072476387024e-001 2.2801175713539124e-002 4.2110285162925720e-001 
2.6897552609443665e-001 3.5368867218494415e-002 4.2074108123779297e-001 
2.6633831858634949e-001 3.7654135376214981e-002 4.2055070400238037e-001 
2.6872122287750244e-001 3.7656139582395554e-002 4.2051365971565247e-001 
2.6946175098419189e-001 3.7654958665370941e-002 4.2051020264625549e-001 
2.7227455377578735e-001 3.8593333214521408e-002 4.2027246952056885e-001 
2.6451912522315979e-001 3.9617240428924561e-002 4.2049095034599304e-001 
2.6909717917442322e-001 4.1335266083478928e-002 4.1963645815849304e-001 
2.8885185718536377e-001 4.5383069664239883e-002 4.2104202508926392e-001 
2.6737293601036072e-001 4.7553520649671555e-002 4.2004612088203430e-001 
2.7093952894210815e-001 4.9648322165012360e-002 4.2026090621948242e-001 
2.7276736497879028e-001 4.9680333584547043e-002 4.2023476958274841e-001 
2.7343168854713440e-001 4.9677263945341110e-002 4.2027643322944641e-001 
2.4428547918796539e-001 5.9089425951242447e-002 4.2049661278724670e-001 
2.4878887832164764e-001 6.8159900605678558e-002 4.2088988423347473e-001 
2.2718138992786407e-001 6.9182083010673523e-002 4.2048922181129456e-001 
2.4997630715370178e-001 6.9211781024932861e-002 4.2097318172454834e-001 
2.5031161308288574e-001 6.9210268557071686e-002 4.2098009586334229e-001 
2.5081369280815125e-001 6.9212205708026886e-002 4.2098999023437500e-001 
2.5130614638328552e-001 6.9212004542350769e-002 4.2100006341934204e-001 
2.5395840406417847e-001 7.0463195443153381e-002 4.2112758755683899e-001 
2.2812265157699585e-001 7.1419276297092438e-002 4.2063105106353760e-001 
2.3140524327754974e-001 7.5124286115169525e-002 4.2091870307922363e-001 
2.3297266662120819e-001 7.5134359300136566e-002 4.2096221446990967e-001 
2.3297090828418732e-001 7.7377937734127045e-002 4.2104396224021912e-001 
2.3297062516212463e-001 7.8092359006404877e-002 4.2106100916862488e-001 
3.0973735451698303e-001 9.7619686275720596e-003 4.2091491818428040e-001 
3.0973657965660095e-001 1.0714598000049591e-002 4.2095133662223816e-001 
3.1206235289573669e-001 1.5708282589912415e-002 4.2124852538108826e-001 
3.1475189328193665e-001 1.5712343156337738e-002 4.2125740647315979e-001 
3.1466713547706604e-001 1.6921926289796829e-002 4.2131885886192322e-001 
3.1764310598373413e-001 1.9668813794851303e-002 4.2139756679534912e-001 
2.9544189572334290e-001 2.1808272227644920e-002 4.2107442021369934e-001 
3.1863579154014587e-001 2.1838424727320671e-002 4.2148855328559875e-001 
2.9576176404953003e-001 2.2809682413935661e-002 4.2111885547637939e-001 
2.9757860302925110e-001 2.8526687994599342e-002 4.2134541273117065e-001 
2.9980728030204773e-001 2.8527181595563889e-002 4.2140263319015503e-001 
2.9082480072975159e-001 4.6473123133182526e-002 4.2109200358390808e-001 
2.9576900601387024e-001 4.6480495482683182e-002 4.2123243212699890e-001 
2.9709061980247498e-001 4.6482350677251816e-002 4.2126435041427612e-001 
2.9675337672233582e-001 4.7560472041368484e-002 4.2126911878585815e-001 
2.9790970683097839e-001 4.7562293708324432e-002 4.2129459977149963e-001 
2.8178453445434570e-001 6.1483785510063171e-002 4.2132115364074707e-001 
2.8219595551490784e-001 6.1488278210163116e-002 4.2133155465126038e-001 
2.8268605470657349e-001 6.1483908444643021e-002 4.2134055495262146e-001 
2.8268724679946899e-001 6.2527403235435486e-002 4.2136785387992859e-001 
2.8342422842979431e-001 6.3510522246360779e-002 4.2141228914260864e-001 
2.4681311845779419e-001 6.8169772624969482e-002 4.2085662484169006e-001 
2.4797937273979187e-001 6.9211609661579132e-002 4.2093884944915771e-001 
2.4872855842113495e-001 6.9212175905704498e-002 4.2094972729682922e-001 
2.5869062542915344e-001 6.9223009049892426e-002 4.2115661501884460e-001 
2.5431054830551147e-001 7.0474311709403992e-002 4.2113575339317322e-001 
2.5497218966484070e-001 7.0474416017532349e-002 4.2114725708961487e-001 
2.5563380122184753e-001 7.0474460721015930e-002 4.2115905880928040e-001 
2.3169632256031036e-001 7.5135223567485809e-002 4.2092850804328918e-001 
2.3317500948905945e-001 7.8101567924022675e-002 4.2106851935386658e-001 
2.3385441303253174e-001 7.8101426362991333e-002 4.2108669877052307e-001 
2.3402431607246399e-001 7.8102275729179382e-002 4.2108952999114990e-001 
2.3461739718914032e-001 7.8101858496665955e-002 4.2110130190849304e-001 
2.3633693158626556e-001 8.1313125789165497e-002 4.2118871212005615e-001 
2.3844987154006958e-001 8.3027079701423645e-002 4.2125809192657471e-001 
2.4130763113498688e-001 8.5261583328247070e-002 4.2133939266204834e-001 
3.1675446033477783e-001 1.9685057923197746e-002 4.2142307758331299e-001 
3.1978282332420349e-001 2.5653604418039322e-002 4.2166268825531006e-001 
3.2062256336212158e-001 2.7808075770735741e-002 4.2174199223518372e-001 
2.9955473542213440e-001 2.8533669188618660e-002 4.2139536142349243e-001 
3.2113224267959595e-001 2.9657294973731041e-002 4.2177635431289673e-001 
3.2147130370140076e-001 3.1783401966094971e-002 4.2183294892311096e-001 
3.1774184107780457e-001 3.3548470586538315e-002 4.2183980345726013e-001 
3.2078179717063904e-001 3.3553007990121841e-002 4.2187988758087158e-001 
3.2147040963172913e-001 3.3554028719663620e-002 4.2188176512718201e-001 
3.0867233872413635e-001 3.4535747021436691e-002 4.2164468765258789e-001 
3.2062003016471863e-001 3.4553151577711105e-002 4.2190828919410706e-001 
3.2129999995231628e-001 3.4554123878479004e-002 4.2191141843795776e-001 
3.2181006669998169e-001 3.4555174410343170e-002 4.2190694808959961e-001 
3.0952444672584534e-001 3.5436995327472687e-002 4.2167931795120239e-001 
3.1051453948020935e-001 3.5439010709524155e-002 4.2170903086662292e-001 
3.2028061151504517e-001 3.6717232316732407e-002 4.2193371057510376e-001 
3.0137506127357483e-001 3.7725459784269333e-002 4.2145624756813049e-001 
3.0236962437629700e-001 3.7726588547229767e-002 4.2147439718246460e-001 
3.0974370241165161e-001 3.7739414721727371e-002 4.2168655991554260e-001 
3.1857591867446899e-001 3.7753023207187653e-002 4.2189946770668030e-001 
3.0137535929679871e-001 3.8703221827745438e-002 4.2144683003425598e-001 
3.2266035676002502e-001 4.6523820608854294e-002 4.2188370227813721e-001 
3.0319350957870483e-001 4.9668986350297928e-002 4.2144507169723511e-001 
3.0735790729522705e-001 4.9669928848743439e-002 4.2154631018638611e-001 
3.0784618854522705e-001 4.9675371497869492e-002 4.2155843973159790e-001 
3.0984801054000854e-001 4.9677420407533646e-002 4.2161113023757935e-001 
3.1034970283508301e-001 4.9678128212690353e-002 4.2162376642227173e-001 
3.1085067987442017e-001 5.0470523536205292e-002 4.2166554927825928e-001 
3.0411148071289063e-001 5.1429096609354019e-002 4.2152243852615356e-001 
2.8359007835388184e-001 6.4490169286727905e-002 4.2145198583602905e-001 
2.4720865488052368e-001 8.5275955498218536e-002 4.2151886224746704e-001 
2.4401430785655975e-001 8.8004194200038910e-002 4.2144879698753357e-001 
2.4853895604610443e-001 8.9057438075542450e-002 4.2158809304237366e-001 
2.5218722224235535e-001 9.1255091130733490e-002 4.2170494794845581e-001 
2.5251871347427368e-001 9.1256059706211090e-002 4.2171880602836609e-001 
2.5369828939437866e-001 9.1260157525539398e-002 4.2174082994461060e-001 
2.5502005219459534e-001 9.1261573135852814e-002 4.2177620530128479e-001 
2.5568041205406189e-001 9.1262236237525940e-002 4.2179507017135620e-001 
2.6113197207450867e-001 9.2270605266094208e-002 4.2193296551704407e-001 
2.6195350289344788e-001 9.2271327972412109e-002 4.2194741964340210e-001 
2.5980764627456665e-001 9.2988908290863037e-002 4.2192253470420837e-001 
2.6014521718025208e-001 9.2990860342979431e-002 4.2192828655242920e-001 
2.6146054267883301e-001 9.2992357909679413e-002 4.2194947600364685e-001 
2.6211720705032349e-001 9.2993147671222687e-002 4.2195895314216614e-001 
3.1753394007682800e-001 3.1784679740667343e-002 4.2181080579757690e-001 
3.1713056564331055e-001 3.4550447016954422e-002 4.2185002565383911e-001 
3.1772151589393616e-001 3.7751354277133942e-002 4.2188173532485962e-001 
3.1803983449935913e-001 3.7751283496618271e-002 4.2188861966133118e-001 
3.2280683517456055e-001 3.7759818136692047e-002 4.2197036743164063e-001 
3.2272210717201233e-001 3.8737732917070389e-002 4.2196017503738403e-001 
3.2263723015785217e-001 3.9715640246868134e-002 4.2195764183998108e-001 
3.2263818383216858e-001 4.1475664824247360e-002 4.2192953824996948e-001 
3.2246869802474976e-001 4.2558778077363968e-002 4.2190539836883545e-001 
3.2263687252998352e-001 5.0487618893384933e-002 4.2198923230171204e-001 
3.2185915112495422e-001 5.3348001092672348e-002 4.2204037308692932e-001 
3.2161402702331543e-001 5.4340932518243790e-002 4.2205548286437988e-001 
3.2110476493835449e-001 5.5395718663930893e-002 4.2206272482872009e-001 
3.2110428810119629e-001 5.6613150984048843e-002 4.2208036780357361e-001 
3.2004535198211670e-001 5.9210866689682007e-002 4.2214164137840271e-001 
3.1957495212554932e-001 6.0320809483528137e-002 4.2217862606048584e-001 
3.1957402825355530e-001 6.1537075787782669e-002 4.2221948504447937e-001 
3.1719896197319031e-001 6.3557222485542297e-002 4.2224529385566711e-001 
3.1861776113510132e-001 6.3568890094757080e-002 4.2227423191070557e-001 
3.1718674302101135e-001 6.5162092447280884e-002 4.2232292890548706e-001 
3.1759864091873169e-001 6.5167710185050964e-002 4.2233237624168396e-001 
3.1691095232963562e-001 6.8270720541477203e-002 4.2250517010688782e-001 
2.9959526658058167e-001 7.4273616075515747e-002 4.2230635881423950e-001 
3.0099010467529297e-001 7.5243063271045685e-002 4.2238530516624451e-001 
3.0139583349227905e-001 7.5244084000587463e-002 4.2239540815353394e-001 
3.0181124806404114e-001 7.5244039297103882e-002 4.2240679264068604e-001 
3.0231180787086487e-001 7.5243622064590454e-002 4.2242288589477539e-001 
3.0281665921211243e-001 7.5232259929180145e-002 4.2243897914886475e-001 
2.8030833601951599e-001 8.4127366542816162e-002 4.2221900820732117e-001 
2.8096282482147217e-001 8.4127858281135559e-002 4.2223623394966125e-001 
2.8774508833885193e-001 9.1312371194362640e-002 4.2254149913787842e-001 
2.8831973671913147e-001 9.1312400996685028e-002 4.2255645990371704e-001 
2.8978911042213440e-001 9.1314405202865601e-002 4.2259788513183594e-001 
2.5867339968681335e-001 9.2991366982460022e-002 4.2190280556678772e-001 
2.6524928212165833e-001 9.3000888824462891e-002 4.2200517654418945e-001 
2.6705208420753479e-001 9.3002550303936005e-002 4.2204523086547852e-001 
2.7082398533821106e-001 9.3008935451507568e-002 4.2213112115859985e-001 
2.7327889204025269e-001 9.3012511730194092e-002 4.2219585180282593e-001 
2.7630290389060974e-001 9.3016996979713440e-002 4.2225748300552368e-001 
2.7826374769210815e-001 9.3019358813762665e-002 4.2229300737380981e-001 
2.7875399589538574e-001 9.3019679188728333e-002 4.2230165004730225e-001 
2.8227242827415466e-001 9.3027144670486450e-002 4.2237371206283569e-001 
2.8325212001800537e-001 9.3028195202350616e-002 4.2239722609519958e-001 
3.1436902284622192e-001 7.1559362113475800e-002 4.2262437939643860e-001 
3.1259486079216003e-001 7.3255486786365509e-002 4.2264533042907715e-001 
3.1093558669090271e-001 7.5254693627357483e-002 4.2270255088806152e-001 
3.0975085496902466e-001 7.8219369053840637e-002 4.2284411191940308e-001 
3.0426961183547974e-001 8.3129882812500000e-002 4.2284846305847168e-001 
2.9849061369895935e-001 8.8091693818569183e-002 4.2281046509742737e-001 
2.9882022738456726e-001 8.8092312216758728e-002 4.2282450199127197e-001 
2.9503920674324036e-001 8.9134298264980316e-002 4.2270392179489136e-001 
2.9110479354858398e-001 9.1321557760238647e-002 4.2263424396514893e-001 
3.0674645304679871e-001 8.1435009837150574e-002 4.2288243770599365e-001 
3.0194625258445740e-001 8.5367970168590546e-002 4.2286705970764160e-001 
0.0000000000000000e+000 0.0000000000000000e+000 0.0000000000000000e+000 
0.0000000000000000e+000 0.0000000000000000e+000 0.0000000000000000e+000 
]
