edgePlot=[...
3.5090094804763794e-001 3.3864978700876236e-002 0.0000000000000000e+000 
3.5113883018493652e-001 3.3864978700876236e-002 0.0000000000000000e+000 
3.5113871097564697e-001 3.4852169454097748e-002 0.0000000000000000e+000 
3.5420021414756775e-001 9.7378522157669067e-002 0.0000000000000000e+000 
3.5473567247390747e-001 9.7379244863986969e-002 0.0000000000000000e+000 
3.5693752765655518e-001 9.7382858395576477e-002 0.0000000000000000e+000 
3.5693746805191040e-001 9.8372161388397217e-002 0.0000000000000000e+000 
3.5402959585189819e-001 9.9418446421623230e-002 0.0000000000000000e+000 
3.5489371418952942e-001 1.0236566513776779e-001 0.0000000000000000e+000 
3.5430872440338135e-001 1.0524640977382660e-001 0.0000000000000000e+000 
3.5576111078262329e-001 1.0524892807006836e-001 0.0000000000000000e+000 
3.5430872440338135e-001 1.0604757070541382e-001 0.0000000000000000e+000 
3.5576111078262329e-001 1.0605008900165558e-001 0.0000000000000000e+000 
3.5228210687637329e-001 1.1227977275848389e-001 0.0000000000000000e+000 
3.5455206036567688e-001 1.1324179917573929e-001 0.0000000000000000e+000 
3.5455197095870972e-001 1.1424934118986130e-001 0.0000000000000000e+000 
3.5224670171737671e-001 1.1625166237354279e-001 0.0000000000000000e+000 
3.5466125607490540e-001 1.2026918679475784e-001 0.0000000000000000e+000 
3.5466125607490540e-001 1.2099438905715942e-001 0.0000000000000000e+000 
3.5466119647026062e-001 1.2221223860979080e-001 0.0000000000000000e+000 
3.5704946517944336e-001 1.3305091857910156e-001 0.0000000000000000e+000 
3.5897576808929443e-001 1.3305383920669556e-001 0.0000000000000000e+000 
3.5704937577247620e-001 1.3402853906154633e-001 0.0000000000000000e+000 
3.5467392206192017e-001 1.3703212141990662e-001 0.0000000000000000e+000 
3.5467392206192017e-001 1.3784795999526978e-001 0.0000000000000000e+000 
3.5234603285789490e-001 1.4896488189697266e-001 0.0000000000000000e+000 
3.5473567247390747e-001 1.4896883070468903e-001 0.0000000000000000e+000 
3.5473555326461792e-001 1.4997647702693939e-001 0.0000000000000000e+000 
3.5033413767814636e-001 1.5098069608211517e-001 0.0000000000000000e+000 
3.4931585192680359e-001 1.5393054485321045e-001 0.0000000000000000e+000 
3.5320425033569336e-001 1.5393730998039246e-001 0.0000000000000000e+000 
3.5589540004730225e-001 1.5394197404384613e-001 0.0000000000000000e+000 
3.5690027475357056e-001 1.5491963922977448e-001 0.0000000000000000e+000 
3.5714638233184814e-001 1.5572369098663330e-001 0.0000000000000000e+000 
2.9361566901206970e-001 4.0554892271757126e-002 1.2497411109507084e-002 
2.9361563920974731e-001 4.1348874568939209e-002 1.2497397139668465e-002 
2.9361557960510254e-001 4.2568676173686981e-002 1.2497412972152233e-002 
2.9361957311630249e-001 1.0700600594282150e-001 1.2499388307332993e-002 
2.9359295964241028e-001 1.0795302689075470e-001 1.2485994957387447e-002 
2.9362344741821289e-001 1.1298195272684097e-001 1.2503447011113167e-002 
2.9362255334854126e-001 1.1398949474096298e-001 1.2502797879278660e-002 
2.9361563920974731e-001 1.2688888609409332e-001 1.2497399002313614e-002 
2.9361566901206970e-001 1.2783317267894745e-001 1.2497411109507084e-002 
2.9338049888610840e-001 4.0555544197559357e-002 1.2826061807572842e-002 
2.9338040947914124e-001 4.2569328099489212e-002 1.2826062738895416e-002 
2.9338046908378601e-001 5.0588980317115784e-002 1.2826057150959969e-002 
2.9338043928146362e-001 5.1361460238695145e-002 1.2826066464185715e-002 
2.9338046908378601e-001 5.2471384406089783e-002 1.2826057150959969e-002 
2.9340511560440063e-001 1.0700558871030807e-001 1.2498673051595688e-002 
2.9339483380317688e-001 1.0795269906520844e-001 1.2493506073951721e-002 
2.9337996244430542e-001 1.1103189736604691e-001 1.2825684621930122e-002 
2.9339104890823364e-001 1.1202450841665268e-001 1.2834264896810055e-002 
2.9338124394416809e-001 1.1398980021476746e-001 1.2652376666665077e-002 
2.9338046908378601e-001 1.2688954174518585e-001 1.2826048769056797e-002 
2.9338049888610840e-001 1.2783381342887878e-001 1.2826060876250267e-002 
3.0018514394760132e-001 1.1701483279466629e-001 2.4962851777672768e-002 
3.0018508434295654e-001 1.1800653487443924e-001 2.4962821975350380e-002 
2.9996928572654724e-001 1.1701495945453644e-001 2.5119056925177574e-002 
2.9996919631958008e-001 1.1800666153430939e-001 2.5119042024016380e-002 
3.1129696965217590e-001 8.1229843199253082e-002 6.0532934963703156e-002 
2.3839817941188812e-001 1.4702486991882324e-001 5.9067275375127792e-002 
2.4253937602043152e-001 1.4728234708309174e-001 5.8749973773956299e-002 
3.3564090728759766e-001 8.1277385354042053e-002 6.0492623597383499e-002 
3.3886730670928955e-001 8.1282287836074829e-002 6.0495585203170776e-002 
3.4063979983329773e-001 8.1284992396831512e-002 6.0503296554088593e-002 
3.1427267193794250e-001 8.4447167813777924e-002 6.0573436319828033e-002 
3.1125614047050476e-001 8.5377112030982971e-002 6.0603093355894089e-002 
3.1429415941238403e-001 8.6208112537860870e-002 6.0606639832258224e-002 
2.9668131470680237e-001 1.3392706215381622e-001 6.0612164437770844e-002 
2.9468861222267151e-001 1.3497936725616455e-001 6.0642201453447342e-002 
2.9578837752342224e-001 1.3693249225616455e-001 6.0661762952804565e-002 
2.9470896720886230e-001 1.4193975925445557e-001 6.0786023736000061e-002 
2.9576042294502258e-001 1.4487960934638977e-001 6.0922812670469284e-002 
2.9772657155990601e-001 1.4570164680480957e-001 6.0947000980377197e-002 
2.6813334226608276e-001 1.5556894242763519e-001 6.0967456549406052e-002 
2.6927042007446289e-001 1.5766036510467529e-001 6.1043493449687958e-002 
2.1722042560577393e-001 1.4283421635627747e-001 6.1345808207988739e-002 
2.1829044818878174e-001 1.4556425809860229e-001 6.1502646654844284e-002 
2.1978488564491272e-001 1.4556719362735748e-001 6.1482008546590805e-002 
2.4071931838989258e-001 1.4891323447227478e-001 6.0554649680852890e-002 
2.7090144157409668e-001 1.5379732847213745e-001 6.0963895171880722e-002 
3.4981921315193176e-001 4.5737903565168381e-002 6.1966300010681152e-002 
3.4726095199584961e-001 4.9781199544668198e-002 6.1601534485816956e-002 
3.4766349196434021e-001 4.9782458692789078e-002 6.1606656759977341e-002 
1.3524875044822693e-001 6.1043608933687210e-002 6.2029082328081131e-002 
1.3568475842475891e-001 6.1044346541166306e-002 6.2024760991334915e-002 
1.3622859120368958e-001 6.1045277863740921e-002 6.2020782381296158e-002 
1.5078420937061310e-001 7.2242602705955505e-002 6.2257722020149231e-002 
1.4571028947830200e-001 7.5180433690547943e-002 6.2137793749570847e-002 
2.9432985186576843e-001 1.1318954825401306e-001 6.2364090234041214e-002 
2.9429239034652710e-001 1.1417566239833832e-001 6.2056664377450943e-002 
1.4829072356224060e-001 7.1244686841964722e-002 6.2180958688259125e-002 
1.4725336432456970e-001 7.5185470283031464e-002 6.2162753194570541e-002 
1.4777247607707977e-001 7.5186304748058319e-002 6.2173351645469666e-002 
1.3877856731414795e-001 3.5443138331174850e-002 6.2563508749008179e-002 
1.3575237989425659e-001 3.8410060107707977e-002 6.2574014067649841e-002 
1.3629569113254547e-001 3.8411047309637070e-002 6.2574967741966248e-002 
2.9379388689994812e-001 1.1114618927240372e-001 6.3586756587028503e-002 
2.9374623298645020e-001 1.1210339516401291e-001 6.3224866986274719e-002 
2.4668441712856293e-001 9.5464125275611877e-002 8.0020613968372345e-002 
2.4667827785015106e-001 9.6212089061737061e-002 7.9859614372253418e-002 
2.4737773835659027e-001 9.6213936805725098e-002 7.9800002276897430e-002 
2.4692068994045258e-001 9.5422044396400452e-002 8.0055698752403259e-002 
2.4816705286502838e-001 9.6195563673973083e-002 7.9881243407726288e-002 
2.4987518787384033e-001 9.8247677087783813e-002 8.0001041293144226e-002 
2.4377864599227905e-001 9.8255790770053864e-002 8.0371320247650146e-002 
2.5038039684295654e-001 9.8251737654209137e-002 8.0171383917331696e-002 
2.4466200172901154e-001 9.6127204596996307e-002 8.0346904695034027e-002 
2.5076237320899963e-001 9.8254591226577759e-002 8.0283507704734802e-002 
2.5107148289680481e-001 9.8256997764110565e-002 8.0388158559799194e-002 
2.5128284096717834e-001 9.7280614078044891e-002 8.0443799495697021e-002 
2.5128233432769775e-001 9.8254710435867310e-002 8.0444552004337311e-002 
2.9727643728256226e-001 1.0430120676755905e-001 8.0878093838691711e-002 
2.8441539406776428e-001 1.0519224405288696e-001 8.0981940031051636e-002 
2.9710683226585388e-001 1.0521525144577026e-001 8.0861650407314301e-002 
2.9710665345191956e-001 1.0601604729890823e-001 8.0847494304180145e-002 
2.9668301343917847e-001 1.0818029195070267e-001 8.0834850668907166e-002 
2.9575240612030029e-001 1.1020296066999435e-001 8.0835200846195221e-002 
2.6620560884475708e-001 1.1120744049549103e-001 8.1067927181720734e-002 
2.6849493384361267e-001 1.1220262199640274e-001 8.1048451364040375e-002 
2.9305207729339600e-001 1.1621508002281189e-001 8.0761492252349854e-002 
2.9221865534782410e-001 1.1817296594381332e-001 8.0706290900707245e-002 
2.8954726457595825e-001 1.2216773629188538e-001 8.0604374408721924e-002 
2.8852027654647827e-001 1.2413545697927475e-001 8.0607049167156219e-002 
2.8601565957069397e-001 1.2804196774959564e-001 8.0735996365547180e-002 
2.8250390291213989e-001 1.3087479770183563e-001 8.0858334898948669e-002 
2.8250429034233093e-001 1.3207478821277618e-001 8.0901339650154114e-002 
2.8018483519554138e-001 1.3396276533603668e-001 8.0998383462429047e-002 
2.7514973282814026e-001 1.3777616620063782e-001 8.1082895398139954e-002 
2.7243444323539734e-001 1.3903477787971497e-001 8.1090986728668213e-002 
2.6816797256469727e-001 1.4195868372917175e-001 8.1127978861331940e-002 
2.8379911184310913e-001 6.0589708387851715e-002 8.1652246415615082e-002 
2.8812634944915771e-001 6.5533645451068878e-002 8.1570304930210114e-002 
2.9063346982002258e-001 6.9512724876403809e-002 8.1471338868141174e-002 
2.9222559928894043e-001 7.1559816598892212e-002 8.1387884914875031e-002 
2.8131201863288879e-001 7.5483918190002441e-002 8.1439457833766937e-002 
2.8180873394012451e-001 7.5484775006771088e-002 8.1438116729259491e-002 
2.8230565786361694e-001 7.5485631823539734e-002 8.1435628235340118e-002 
2.9359510540962219e-001 7.5505264103412628e-002 8.1331513822078705e-002 
2.9511180520057678e-001 7.7483206987380981e-002 8.1322863698005676e-002 
2.6635178923606873e-001 7.9451441764831543e-002 8.1508345901966095e-002 
2.6685062050819397e-001 7.9451620578765869e-002 8.1506922841072083e-002 
2.6684242486953735e-001 8.0403462052345276e-002 8.1510439515113831e-002 
2.9654750227928162e-001 8.0454930663108826e-002 8.1319354474544525e-002 
2.6243141293525696e-001 8.1213928759098053e-002 8.1544451415538788e-002 
2.6308432221412659e-001 8.1215068697929382e-002 8.1539936363697052e-002 
2.8820869326591492e-001 8.1259705126285553e-002 8.1403851509094238e-002 
2.6308435201644897e-001 8.2436285912990570e-002 8.1547431647777557e-002 
2.6488074660301208e-001 8.2439444959163666e-002 8.1537231802940369e-002 
2.8798028826713562e-001 8.2478754222393036e-002 8.1421501934528351e-002 
2.8820872306823730e-001 8.2481108605861664e-002 8.1419855356216431e-002 
2.9713952541351318e-001 8.3500824868679047e-002 8.1317760050296783e-002 
2.9756319522857666e-001 8.5420459508895874e-002 8.1324487924575806e-002 
2.9814139008522034e-001 8.9430563151836395e-002 8.1345111131668091e-002 
2.9868012666702271e-001 9.3388564884662628e-002 8.1270188093185425e-002 
2.5998324155807495e-001 9.4315938651561737e-002 8.1562153995037079e-002 
2.6014664769172668e-001 9.4315916299819946e-002 8.1553116440773010e-002 
2.9867944121360779e-001 9.4383001327514648e-002 8.1242114305496216e-002 
2.9826933145523071e-001 9.6183896064758301e-002 8.1181414425373077e-002 
2.8764533996582031e-001 9.7330912947654724e-002 8.1250734627246857e-002 
2.8848019242286682e-001 9.7332112491130829e-002 8.1245429813861847e-002 
2.8864729404449463e-001 9.7332343459129333e-002 8.1244081258773804e-002 
2.5237849354743958e-001 9.8249986767768860e-002 8.0738633871078491e-002 
2.8764480352401733e-001 9.8318353295326233e-002 8.1199750304222107e-002 
2.8847959637641907e-001 9.8319470882415771e-002 8.1191919744014740e-002 
2.9818183183670044e-001 9.9387533962726593e-002 8.1015519797801971e-002 
2.9758781194686890e-001 1.0111362487077713e-001 8.0957792699337006e-002 
2.9758745431900024e-001 1.0233001410961151e-001 8.0926492810249329e-002 
2.4571029841899872e-001 1.0324538499116898e-001 8.1039361655712128e-002 
2.4718090891838074e-001 1.0325565934181213e-001 8.0985695123672485e-002 
2.8398016095161438e-001 1.0518772900104523e-001 8.0983929336071014e-002 
2.8414630889892578e-001 1.0518799722194672e-001 8.0982767045497894e-002 
2.8466489911079407e-001 1.0519263893365860e-001 8.0980382859706879e-002 
2.4547442793846130e-001 1.0592570155858994e-001 8.1338182091712952e-002 
2.4694348871707916e-001 1.0809359699487686e-001 8.1300400197505951e-002 
2.4139328300952911e-001 1.0911908745765686e-001 8.1379190087318420e-002 
2.4155664443969727e-001 1.0911936312913895e-001 8.1377141177654266e-002 
2.4286311864852905e-001 1.0912159830331802e-001 8.1363439559936523e-002 
2.1414253115653992e-001 1.1006364971399307e-001 8.1751927733421326e-002 
2.6832166314125061e-001 1.1219956725835800e-001 8.1049293279647827e-002 
2.9530209302902222e-001 1.1224644631147385e-001 8.0823734402656555e-002 
2.6652064919471741e-001 1.1315406858921051e-001 8.1035390496253967e-002 
2.2014890611171722e-001 1.1804962903261185e-001 8.1541821360588074e-002 
2.1598148345947266e-001 1.1909368634223938e-001 8.1606037914752960e-002 
2.1338611841201782e-001 1.2081823498010635e-001 8.1636749207973480e-002 
2.2728660702705383e-001 1.3077457249164581e-001 8.1570096313953400e-002 
2.7802783250808716e-001 1.3581869006156921e-001 8.1050664186477661e-002 
2.7217635512351990e-001 1.3903838396072388e-001 8.1092618405818939e-002 
2.6521277427673340e-001 1.4195546507835388e-001 8.1192970275878906e-002 
2.6619401574134827e-001 1.4195734262466431e-001 8.1175088882446289e-002 
2.6668494939804077e-001 1.4195817708969116e-001 8.1165671348571777e-002 
2.6774865388870239e-001 1.4196018874645233e-001 8.1138886511325836e-002 
2.6226785778999329e-001 1.4395728707313538e-001 8.1297867000102997e-002 
2.6366081833839417e-001 1.4395676553249359e-001 8.1276811659336090e-002 
2.5623455643653870e-001 1.4569574594497681e-001 8.1500411033630371e-002 
2.5851577520370483e-001 1.4570088684558868e-001 8.1453554332256317e-002 
2.5974014401435852e-001 1.6156229376792908e-001 8.1352904438972473e-002 
2.6292046904563904e-001 1.6156820952892303e-001 8.1451043486595154e-002 
2.6308372616767883e-001 1.6156849265098572e-001 8.1450536847114563e-002 
2.6390022039413452e-001 1.6156992316246033e-001 8.1448100507259369e-002 
2.6422688364982605e-001 1.6157050430774689e-001 8.1447176635265350e-002 
2.6463529467582703e-001 1.6157121956348419e-001 8.1446051597595215e-002 
2.6668089628219604e-001 1.6157457232475281e-001 8.1368088722229004e-002 
2.6929944753646851e-001 1.6157923638820648e-001 8.1381365656852722e-002 
2.7216660976409912e-001 1.6158445179462433e-001 8.1432573497295380e-002 
2.7471721172332764e-001 1.6158871352672577e-001 8.1358045339584351e-002 
2.7521076798439026e-001 1.6158957779407501e-001 8.1357941031455994e-002 
2.7718287706375122e-001 1.6159328818321228e-001 8.1431210041046143e-002 
2.7818176150321960e-001 1.6159458458423615e-001 8.1285342574119568e-002 
2.8083139657974243e-001 1.6159902513027191e-001 8.1214323639869690e-002 
2.8180873394012451e-001 1.6160145401954651e-001 8.1435292959213257e-002 
2.8232240676879883e-001 1.6160166263580322e-001 8.1216260790824890e-002 
2.8281998634338379e-001 1.6160254180431366e-001 8.1217020750045776e-002 
2.8381597995758057e-001 1.6160430014133453e-001 8.1218719482421875e-002 
2.8431439399719238e-001 1.6160517930984497e-001 8.1219658255577087e-002 
2.8581151366233826e-001 1.6160783171653748e-001 8.1222817301750183e-002 
2.8680139780044556e-001 1.6160993278026581e-001 8.1335298717021942e-002 
2.8722798824310303e-001 1.6161033511161804e-001 8.1226289272308350e-002 
2.8795868158340454e-001 1.6161234676837921e-001 8.1448599696159363e-002 
2.8991234302520752e-001 1.6161473095417023e-001 8.1123739480972290e-002 
2.9073911905288696e-001 1.6161656379699707e-001 8.1236898899078369e-002 
2.7313145995140076e-001 5.3616143763065338e-002 8.2032628357410431e-002 
2.7370482683181763e-001 5.5597312748432159e-002 8.1946201622486115e-002 
2.7674490213394165e-001 5.5601466447114944e-002 8.1921681761741638e-002 
2.7880281209945679e-001 5.7604346424341202e-002 8.1782288849353790e-002 
2.7980926632881165e-001 5.7611733675003052e-002 8.1769309937953949e-002 
2.1734224259853363e-001 5.9519197791814804e-002 8.2115367054939270e-002 
2.8419545292854309e-001 6.0586918145418167e-002 8.1643044948577881e-002 
2.2468191385269165e-001 6.2443535774946213e-002 8.2018733024597168e-002 
2.2501218318939209e-001 6.2444154173135757e-002 8.2017607986927032e-002 
2.8610607981681824e-001 6.2549389898777008e-002 8.1602372229099274e-002 
2.2649684548377991e-001 6.3296668231487274e-002 8.1996083259582520e-002 
2.1083459258079529e-001 6.5397843718528748e-002 8.2092523574829102e-002 
2.3225174844264984e-001 6.6249333322048187e-002 8.1929802894592285e-002 
2.0974011719226837e-001 6.7469030618667603e-002 8.2096137106418610e-002 
2.3225161433219910e-001 6.7507989704608917e-002 8.1921935081481934e-002 
2.3274362087249756e-001 6.7508846521377563e-002 8.1917323172092438e-002 
2.3389101028442383e-001 6.7510880529880524e-002 8.1907123327255249e-002 
2.8436106443405151e-001 6.7597366869449615e-002 8.1570677459239960e-002 
2.8494217991828918e-001 6.7598335444927216e-002 8.1569015979766846e-002 
2.8527456521987915e-001 6.7598901689052582e-002 8.1568852066993713e-002 
2.8910535573959351e-001 6.7604862153530121e-002 8.1537127494812012e-002 
2.0746110379695892e-001 6.9367922842502594e-002 8.2078553736209869e-002 
2.3569150269031525e-001 7.3427915573120117e-002 8.1819064915180206e-002 
2.6716125011444092e-001 7.9453550279140472e-002 8.1506334245204926e-002 
2.6030570268630981e-001 8.0392941832542419e-002 8.1561259925365448e-002 
2.6471051573753357e-001 8.0400630831718445e-002 8.1518344581127167e-002 
2.6324135065078735e-001 8.1216536462306976e-002 8.1537880003452301e-002 
2.6471051573753357e-001 8.1219144165515900e-002 8.1524625420570374e-002 
2.6471057534217834e-001 8.2440674304962158e-002 8.1538036465644836e-002 
1.9839107990264893e-001 8.5246689617633820e-002 8.2127712666988373e-002 
1.9839073717594147e-001 8.6072966456413269e-002 8.2141928374767303e-002 
2.6030644774436951e-001 9.4311460852622986e-002 8.1553317606449127e-002 
2.3576971888542175e-001 9.6072994172573090e-002 8.1794284284114838e-002 
2.3617875576019287e-001 9.6071936190128326e-002 8.1771366298198700e-002 
2.3175312578678131e-001 9.8219566047191620e-002 8.1698179244995117e-002 
2.3469817638397217e-001 9.9279858171939850e-002 8.1683725118637085e-002 
2.5090852379798889e-001 1.0033585876226425e-001 8.0589964985847473e-002 
2.5090119242668152e-001 1.0106847435235977e-001 8.0708675086498260e-002 
2.4258899688720703e-001 1.0225796699523926e-001 8.1115879118442535e-002 
1.9597887992858887e-001 1.0503976792097092e-001 8.1967160105705261e-002 
1.9718711078166962e-001 1.0504192113876343e-001 8.1953622400760651e-002 
2.4645565450191498e-001 1.0593518614768982e-001 8.1333108246326447e-002 
1.9641043245792389e-001 1.0705975443124771e-001 8.1942118704319000e-002 
1.9718679785728455e-001 1.0706111788749695e-001 8.1933610141277313e-002 
1.9641044735908508e-001 1.0800689458847046e-001 8.1939227879047394e-002 
2.0522791147232056e-001 1.1004687845706940e-001 8.1890426576137543e-002 
2.0573724806308746e-001 1.1004778742790222e-001 8.1885978579521179e-002 
2.0726263523101807e-001 1.1005046963691711e-001 8.1867523491382599e-002 
2.1433196961879730e-001 1.1006265878677368e-001 8.1747837364673615e-002 
2.0566678047180176e-001 1.1110117286443710e-001 8.1886649131774902e-002 
1.9675587117671967e-001 1.1207842826843262e-001 8.1949315965175629e-002 
1.9710083305835724e-001 1.1207903176546097e-001 8.1945814192295074e-002 
1.9822031259536743e-001 1.1208099126815796e-001 8.1936009228229523e-002 
1.9779005646705627e-001 1.1303832381963730e-001 8.1940621137619019e-002 
2.1181572973728180e-001 1.1306300759315491e-001 8.1771388649940491e-002 
1.9778996706008911e-001 1.1404581367969513e-001 8.1936873495578766e-002 
2.0879234373569489e-001 1.1406473815441132e-001 8.1813834607601166e-002 
2.1031783521175385e-001 1.1406674981117249e-001 8.1784203648567200e-002 
2.1968168020248413e-001 1.1608818173408508e-001 8.1577055156230927e-002 
1.9975511729717255e-001 1.1702270060777664e-001 8.1889055669307709e-002 
2.2315354645252228e-001 1.1706223338842392e-001 8.1507034599781036e-002 
1.9882147014141083e-001 1.1801216006278992e-001 8.1873081624507904e-002 
1.9921770691871643e-001 1.1801407486200333e-001 8.1872910261154175e-002 
2.0028014481067657e-001 1.1801483482122421e-001 8.1868015229701996e-002 
2.1850405633449554e-001 1.1804602295160294e-001 8.1572614610195160e-002 
2.1433000266551971e-001 1.1909036338329315e-001 8.1633545458316803e-002 
2.1533393859863281e-001 1.1909208446741104e-001 8.1617690622806549e-002 
2.1975162625312805e-001 1.1909954994916916e-001 8.1535510718822479e-002 
2.1474829316139221e-001 1.2009564042091370e-001 8.1615045666694641e-002 
2.1575160324573517e-001 1.2082268297672272e-001 8.1597797572612762e-002 
2.0147767663002014e-001 1.2301553785800934e-001 8.1818521022796631e-002 
2.0147754251956940e-001 1.2398698925971985e-001 8.1809416413307190e-002 
2.0238727331161499e-001 1.2571112811565399e-001 8.1805497407913208e-002 
2.0369628071784973e-001 1.2789990007877350e-001 8.1806883215904236e-002 
2.0539712905883789e-001 1.2893159687519073e-001 8.1821016967296600e-002 
2.2845360636711121e-001 1.3078074157238007e-001 8.1547856330871582e-002 
2.2919420897960663e-001 1.3078202307224274e-001 8.1536225974559784e-002 
2.0683903992176056e-001 1.3194060325622559e-001 8.1852339208126068e-002 
2.0931699872016907e-001 1.3384243845939636e-001 8.1886574625968933e-002 
2.1125331521034241e-001 1.3570295274257660e-001 8.1892013549804688e-002 
2.1217702329158783e-001 1.3570450246334076e-001 8.1877447664737701e-002 
2.1268039941787720e-001 1.3570530712604523e-001 8.1870257854461670e-002 
2.1368624269962311e-001 1.3767264783382416e-001 8.1863954663276672e-002 
2.2033689916133881e-001 1.4187586307525635e-001 8.1778414547443390e-002 
2.2076152265071869e-001 1.4187765121459961e-001 8.1778489053249359e-002 
2.2168299555778503e-001 1.4188030362129211e-001 8.1764288246631622e-002 
2.2368744015693665e-001 1.4389273524284363e-001 8.1813722848892212e-002 
2.2631460428237915e-001 1.4389224350452423e-001 8.1789083778858185e-002 
2.3232012987136841e-001 1.4483328163623810e-001 8.1748664379119873e-002 
2.3126605153083801e-001 1.4565528929233551e-001 8.1837773323059082e-002 
2.3322342336177826e-001 1.4565214514732361e-001 8.1805825233459473e-002 
2.3371873795986176e-001 1.4565534889698029e-001 8.1795692443847656e-002 
2.3519656062126160e-001 1.4566044509410858e-001 8.1775009632110596e-002 
2.3674967885017395e-001 1.4566209912300110e-001 8.1753730773925781e-002 
2.3781687021255493e-001 1.4566807448863983e-001 8.1737071275711060e-002 
2.3830711841583252e-001 1.4566901326179504e-001 8.1730149686336517e-002 
2.5118497014045715e-001 1.4568741619586945e-001 8.1591695547103882e-002 
2.5224262475967407e-001 1.4569535851478577e-001 8.1575758755207062e-002 
2.5289377570152283e-001 1.4569684863090515e-001 8.1564627587795258e-002 
2.5712615251541138e-001 1.4570529758930206e-001 8.1482067704200745e-002 
2.4214686453342438e-001 1.4782148599624634e-001 8.1879489123821259e-002 
2.4361297488212585e-001 1.4782181382179260e-001 8.1855505704879761e-002 
2.4532440304756165e-001 1.4782497286796570e-001 8.1837557256221771e-002 
2.4744206666946411e-001 1.4782908558845520e-001 8.1811979413032532e-002 
2.2921305894851685e-001 1.6151028871536255e-001 8.1913769245147705e-002 
2.3126672208309174e-001 1.6151383519172668e-001 8.1890925765037537e-002 
2.3159499466419220e-001 1.6151440143585205e-001 8.1887356936931610e-002 
2.3577359318733215e-001 1.6152162849903107e-001 8.1844359636306763e-002 
2.3634622991085052e-001 1.6152261197566986e-001 8.1838794052600861e-002 
2.3781782388687134e-001 1.6152516007423401e-001 8.1824868917465210e-002 
2.3814468085765839e-001 1.6152572631835938e-001 8.1821843981742859e-002 
2.3871654272079468e-001 1.6152672469615936e-001 8.1816628575325012e-002 
2.4043115973472595e-001 1.6152970492839813e-001 8.1801444292068481e-002 
2.4321079254150391e-001 1.6153511404991150e-001 8.1960141658782959e-002 
2.4483683705329895e-001 1.6153758764266968e-001 8.1838451325893402e-002 
2.4712067842483521e-001 1.6154202818870544e-001 8.1967160105705261e-002 
2.4882453680038452e-001 1.6154411435127258e-001 8.1683024764060974e-002 
2.4963612854480743e-001 1.6154500842094421e-001 8.1514060497283936e-002 
2.5037238001823425e-001 1.6154699027538300e-001 8.1727690994739532e-002 
2.5069802999496460e-001 1.6154755651950836e-001 8.1725686788558960e-002 
2.5118643045425415e-001 1.6154840588569641e-001 8.1722736358642578e-002 
2.5346568226814270e-001 1.6155238449573517e-001 8.1709720194339752e-002 
2.5387269258499146e-001 1.6155308485031128e-001 8.1707529723644257e-002 
2.5427973270416260e-001 1.6155380010604858e-001 8.1705383956432343e-002 
2.5574505329132080e-001 1.6155683994293213e-001 8.1843331456184387e-002 
2.5922015309333801e-001 1.6156242787837982e-001 8.1682592630386353e-002 
2.6365014910697937e-001 1.6157019138336182e-001 8.1667259335517883e-002 
2.6830679178237915e-001 1.6157837212085724e-001 8.1656374037265778e-002 
2.7239185571670532e-001 1.6158626973628998e-001 8.1869773566722870e-002 
2.7255579829216003e-001 1.6158655285835266e-001 8.1869661808013916e-002 
2.3979820311069489e-001 4.9663621932268143e-002 8.2368567585945129e-002 
2.4127282202243805e-001 4.9657206982374191e-002 8.2356818020343781e-002 
2.4273720383644104e-001 4.9661319702863693e-002 8.2347206771373749e-002 
2.4322655797004700e-001 4.9660634249448776e-002 8.2343116402626038e-002 
2.4371477961540222e-001 4.9661424010992050e-002 8.2338377833366394e-002 
2.4574843049049377e-001 4.9665316939353943e-002 8.2325913012027740e-002 
2.4778106808662415e-001 4.9669791013002396e-002 8.2331418991088867e-002 
2.4973161518573761e-001 4.9674343317747116e-002 8.2346051931381226e-002 
2.5021916627883911e-001 4.9675412476062775e-002 8.2348413765430450e-002 
2.5070670247077942e-001 4.9676373600959778e-002 8.2348369061946869e-002 
2.5769516825675964e-001 4.9688171595335007e-002 8.2299545407295227e-002 
2.5818294286727905e-001 4.9688909202814102e-002 8.2294479012489319e-002 
2.6078695058822632e-001 4.9695536494255066e-002 8.2267783582210541e-002 
2.6127839088439941e-001 4.9701850861310959e-002 8.2261733710765839e-002 
2.6168552041053772e-001 4.9702528864145279e-002 8.2260109484195709e-002 
2.3226638138294220e-001 5.0714395940303802e-002 8.2310356199741364e-002 
2.3719710111618042e-001 5.0710242241621017e-002 8.2351848483085632e-002 
2.6322713494300842e-001 5.0756372511386871e-002 8.2213245332241058e-002 
2.6371678709983826e-001 5.0758484750986099e-002 8.2206845283508301e-002 
2.6828512549400330e-001 5.0765436142683029e-002 8.2133285701274872e-002 
2.6878127455711365e-001 5.0771512091159821e-002 8.2120932638645172e-002 
2.2799640893936157e-001 5.3532641381025314e-002 8.2208000123500824e-002 
2.2881869971752167e-001 5.3534485399723053e-002 8.2210503518581390e-002 
2.7115273475646973e-001 5.3604606539011002e-002 8.2048803567886353e-002 
2.7221712470054626e-001 5.3606070578098297e-002 8.2037478685379028e-002 
2.7254471182823181e-001 5.3606521338224411e-002 8.2034118473529816e-002 
2.2387509047985077e-001 5.5507257580757141e-002 8.2191839814186096e-002 
2.7410173416137695e-001 5.5589832365512848e-002 8.1944361329078674e-002 
2.7475821971893311e-001 5.5590916424989700e-002 8.1940345466136932e-002 
2.7533271908760071e-001 5.5591814219951630e-002 8.1933327019214630e-002 
2.7582538127899170e-001 5.5592589080333710e-002 8.1928521394729614e-002 
2.2073076665401459e-001 5.7504534721374512e-002 8.2151621580123901e-002 
2.2205592691898346e-001 5.7506907731294632e-002 8.2139417529106140e-002 
2.1572621166706085e-001 6.0467511415481567e-002 8.2106299698352814e-002 
2.1321013569831848e-001 6.2422968447208405e-002 8.2100957632064819e-002 
2.2527685761451721e-001 6.2442377209663391e-002 8.2016348838806152e-002 
2.3831738531589508e-001 6.2464118003845215e-002 8.1889770925045013e-002 
2.3897056281566620e-001 6.2465228140354156e-002 8.1882812082767487e-002 
2.3913379013538361e-001 6.2465503811836243e-002 8.1880792975425720e-002 
2.2626602649688721e-001 6.3294127583503723e-002 8.1997402012348175e-002 
2.0585992932319641e-001 7.1410559117794037e-002 8.2043126225471497e-002 
2.0483416318893433e-001 7.3374435305595398e-002 8.2029789686203003e-002 
2.0372907817363739e-001 7.5349271297454834e-002 8.2031928002834320e-002 
2.0372910797595978e-001 7.6161712408065796e-002 8.2045301795005798e-002 
2.0236611366271973e-001 7.7322848141193390e-002 8.2041524350643158e-002 
2.0134161412715912e-001 7.9339362680912018e-002 8.2065701484680176e-002 
1.9997276365756989e-001 8.0288887023925781e-002 8.2051172852516174e-002 
1.9997264444828033e-001 8.1106930971145630e-002 8.2067996263504028e-002 
1.9791248440742493e-001 8.7280035018920898e-002 8.2147642970085144e-002 
1.9730998575687408e-001 9.1251440346240997e-002 8.2156486809253693e-002 
1.9774025678634644e-001 9.5190234482288361e-002 8.2140356302261353e-002 
1.9627498090267181e-001 9.7170807421207428e-002 8.2124918699264526e-002 
1.9566977024078369e-001 1.0021376609802246e-001 8.2086555659770966e-002 
1.9566957652568817e-001 1.0093825310468674e-001 8.2070611417293549e-002 
1.9566893577575684e-001 1.0215493291616440e-001 8.2040920853614807e-002 
2.0517210662364960e-001 1.1109995841979980e-001 8.1892609596252441e-002 
2.1654894948005676e-001 1.3894234597682953e-001 8.1824973225593567e-002 
2.3193323612213135e-001 1.4484429359436035e-001 8.1755854189395905e-002 
2.3209725320339203e-001 1.4484463632106781e-001 8.1752695143222809e-002 
2.2897945344448090e-001 1.4565806090831757e-001 8.1871084868907928e-002 
2.3193424940109253e-001 1.4566326141357422e-001 8.1827327609062195e-002 
2.3209810256958008e-001 1.4566364884376526e-001 8.1824190914630890e-002 
2.3888671398162842e-001 1.4567789435386658e-001 8.1724479794502258e-002 
2.0396384596824646e-001 1.6146767139434814e-001 8.2497946918010712e-002 
2.0438842475414276e-001 1.6146838665008545e-001 8.2490563392639160e-002 
2.0481269061565399e-001 1.6146911680698395e-001 8.2483232021331787e-002 
2.0515190064907074e-001 1.6146969795227051e-001 8.2477390766143799e-002 
2.0574501156806946e-001 1.6147071123123169e-001 8.2467243075370789e-002 
2.0633752644062042e-001 1.6147172451019287e-001 8.2457192242145538e-002 
2.0650671422481537e-001 1.6147200763225555e-001 8.2454338669776917e-002 
2.0978213846683502e-001 1.6147723793983459e-001 8.2290075719356537e-002 
2.1373872458934784e-001 1.6148439049720764e-001 8.2338556647300720e-002 
2.1581427752971649e-001 1.6148757934570313e-001 8.2197628915309906e-002 
2.1826426684856415e-001 1.6149286925792694e-001 8.2491770386695862e-002 
2.2073131799697876e-001 1.6149638593196869e-001 8.2238331437110901e-002 
2.2173231840133667e-001 1.6149835288524628e-001 8.2297980785369873e-002 
2.2222189605236053e-001 1.6149894893169403e-001 8.2218483090400696e-002 
2.2263549268245697e-001 1.6149966418743134e-001 8.2213066518306732e-002 
2.2288356721401215e-001 1.6150009632110596e-001 8.2209840416908264e-002 
2.2321420907974243e-001 1.6150066256523132e-001 8.2205563783645630e-002 
2.2370998561382294e-001 1.6150151193141937e-001 8.2199200987815857e-002 
2.2420547902584076e-001 1.6150236129760742e-001 8.2192897796630859e-002 
2.2470073401927948e-001 1.6150322556495667e-001 8.2186654210090637e-002 
2.2503075003623962e-001 1.6150379180908203e-001 8.2182526588439941e-002 
2.2569045424461365e-001 1.6150492429733276e-001 8.2174360752105713e-002 
2.2618496417999268e-001 1.6150577366352081e-001 8.2168310880661011e-002 
2.2667920589447021e-001 1.6150662302970886e-001 8.2162313163280487e-002 
2.2717325389385223e-001 1.6150747239589691e-001 8.2156389951705933e-002 
2.3078940808773041e-001 1.6151371598243713e-001 8.2114808261394501e-002 
2.3267540335655212e-001 1.6151697933673859e-001 8.2094386219978333e-002 
2.3341266810894012e-001 1.6151824593544006e-001 8.2086645066738129e-002 
2.3374021053314209e-001 1.6151881217956543e-001 8.2083247601985931e-002 
2.3472242057323456e-001 1.6152051091194153e-001 8.2073226571083069e-002 
2.3840031027793884e-001 1.6152688860893250e-001 8.2037776708602905e-002 
2.4264167249202728e-001 1.6153424978256226e-001 8.2001067698001862e-002 
2.5517511367797852e-001 4.9675632268190384e-002 8.2324415445327759e-002 
2.5687879323959351e-001 4.9670338630676270e-002 8.2306727766990662e-002 
2.3384790122509003e-001 5.0702501088380814e-002 8.2332514226436615e-002 
1.9595617055892944e-001 1.6145475208759308e-001 8.2867249846458435e-002 
1.9617748260498047e-001 1.6145440936088562e-001 8.2640707492828369e-002 
1.9721096754074097e-001 1.6145616769790649e-001 8.2620963454246521e-002 
1.9767723977565765e-001 1.6145768761634827e-001 8.2834154367446899e-002 
1.9826927781105042e-001 1.6145850718021393e-001 8.2767456769943237e-002 
1.9875724613666534e-001 1.6145879030227661e-001 8.2591876387596130e-002 
1.9918593764305115e-001 1.6145952045917511e-001 8.2583911716938019e-002 
1.9973483681678772e-001 1.6146117448806763e-001 8.2795470952987671e-002 
2.0331643521785736e-001 1.6146728396415710e-001 8.2730486989021301e-002 
2.0814108848571777e-001 1.6147550940513611e-001 8.2647651433944702e-002 
2.0957258343696594e-001 1.6147796809673309e-001 8.2624129951000214e-002 
2.1158806979656219e-001 1.6148141026496887e-001 8.2591831684112549e-002 
2.1643435955047607e-001 1.6148972511291504e-001 8.2518130540847778e-002 
1.9582113623619080e-001 1.1659694463014603e-001 8.3083532750606537e-002 
1.9582110643386841e-001 1.1738049983978271e-001 8.3066977560520172e-002 
1.9668212532997131e-001 1.1738202720880508e-001 8.3053603768348694e-002 
1.9719801843166351e-001 1.1738294363021851e-001 8.3046950399875641e-002 
1.9633767008781433e-001 1.1845258623361588e-001 8.3033174276351929e-002 
1.9668191671371460e-001 1.1845321953296661e-001 8.3028465509414673e-002 
1.9668136537075043e-001 1.2133138626813889e-001 8.2941852509975433e-002 
1.9779832661151886e-001 1.2133350223302841e-001 8.2925744354724884e-002 
2.2012227773666382e-001 -2.1571617573499680e-002 6.5594680607318878e-002 
2.2012235224246979e-001 -2.0506450906395912e-002 6.5594688057899475e-002 
2.2012236714363098e-001 -1.8694208934903145e-002 6.5594695508480072e-002 
2.1525295078754425e-001 2.6819020509719849e-002 2.0832736045122147e-002 
2.1684953570365906e-001 2.6821713894605637e-002 2.0807404071092606e-002 
2.1701735258102417e-001 2.6822036132216454e-002 2.0804742351174355e-002 
1.9582042098045349e-001 1.1845099180936813e-001 8.2990348339080811e-002 
1.9719716906547546e-001 1.1845336854457855e-001 8.2960873842239380e-002 
1.9754083454608917e-001 1.1845394223928452e-001 8.2954131066799164e-002 
0.0000000000000000e+000 0.0000000000000000e+000 0.0000000000000000e+000 
0.0000000000000000e+000 0.0000000000000000e+000 0.0000000000000000e+000 
]
