edgePlot=[...
3.5981833934783936e-001 7.1269989013671875e-002 -3.0660508200526237e-003 
3.6027044057846069e-001 7.1269817650318146e-002 -3.0701328068971634e-003 
3.6072263121604919e-001 7.1269571781158447e-002 -3.0747086275368929e-003 
3.4720295667648315e-001 -3.8918834179639816e-002 -2.7429854962974787e-003 
3.4767571091651917e-001 -3.8918245583772659e-002 -2.7413058560341597e-003 
3.4767597913742065e-001 -3.6848027259111404e-002 -2.7812030166387558e-003 
3.3326306939125061e-001 4.2465966194868088e-002 -2.7846654411405325e-003 
3.3177727460861206e-001 4.3501298874616623e-002 -2.7656308375298977e-003 
3.2976812124252319e-001 4.4492345303297043e-002 -2.7311139274388552e-003 
3.3230349421501160e-001 4.7419968992471695e-002 -2.8773900121450424e-003 
3.4377163648605347e-001 -5.3212586790323257e-002 -2.4529986549168825e-003 
3.4735015034675598e-001 -5.3210780024528503e-002 -2.5014467537403107e-003 
3.4477072954177856e-001 -5.1629334688186646e-002 -2.4296590127050877e-003 
2.1526110172271729e-001 -5.3207103163003922e-002 -1.7890835879370570e-003 
2.1577589213848114e-001 -5.3206503391265869e-002 -1.7943836282938719e-003 
2.1629059314727783e-001 -5.3205940872430801e-002 -1.8010503845289350e-003 
2.9178631305694580e-001 -5.3202856332063675e-002 -2.0138914696872234e-003 
2.9229074716567993e-001 -5.3203333169221878e-002 -2.0085291471332312e-003 
2.9278081655502319e-001 -5.3203981369733810e-002 -2.0041842944920063e-003 
2.9176133871078491e-001 -4.9738578498363495e-002 -1.7175537068396807e-003 
2.9577356576919556e-001 -4.9736704677343369e-002 -1.7501040128991008e-003 
2.9577368497848511e-001 -4.7793582081794739e-002 -1.7200175207108259e-003 
1.9528025388717651e-001 -1.2094535864889622e-002 -1.5551090473309159e-003 
1.9572240114212036e-001 -1.2094804085791111e-002 -1.5608282992616296e-003 
1.9626457989215851e-001 -1.2095197103917599e-002 -1.5660633798688650e-003 
1.5168873965740204e-001 8.7770335376262665e-003 -1.1708320816978812e-003 
1.7784675955772400e-001 3.3563535660505295e-002 -8.7413488654419780e-004 
1.8425287306308746e-001 3.6553919315338135e-002 -1.0621723486110568e-003 
1.8468864262104034e-001 3.6553949117660522e-002 -1.0718150297179818e-003 
1.8425372242927551e-001 3.8500458002090454e-002 -1.0622234549373388e-003 
1.8377962708473206e-001 -5.3208801895380020e-002 -8.6245551938191056e-004 
1.8279743194580078e-001 -5.0692897289991379e-002 -7.7698659151792526e-004 
1.8071149289608002e-001 -4.9739040434360504e-002 -7.4856117134913802e-004 
1.8067815899848938e-001 -4.7795418649911880e-002 -7.4594287434592843e-004 
1.5459252893924713e-001 9.7731528803706169e-003 -1.1180576402693987e-003 
1.5508541464805603e-001 9.7730215638875961e-003 -1.1053207563236356e-003 
1.7725533246994019e-001 2.9593063518404961e-002 -8.3219684893265367e-004 
1.7869201302528381e-001 3.0608881264925003e-002 -8.8620098540559411e-004 
1.8027213215827942e-001 3.5562999546527863e-002 -9.5628248527646065e-004 
1.6026763617992401e-001 2.7421649545431137e-002 -4.1066005360335112e-004 
1.6237130761146545e-001 2.8517020866274834e-002 -4.3252366594970226e-004 
1.6375268995761871e-001 2.8517000377178192e-002 -4.5431149192154408e-004 
1.6317729651927948e-001 7.0205122232437134e-002 -4.0067176450975239e-004 
1.6524344682693481e-001 7.2245784103870392e-002 -3.2157957321032882e-004 
1.6276328265666962e-001 7.3301345109939575e-002 -3.1453024712391198e-004 
2.5663158297538757e-001 1.6638290137052536e-002 1.7600709572434425e-002 
2.5768575072288513e-001 1.6633149236440659e-002 1.7665548250079155e-002 
2.5816723704338074e-001 1.6630601137876511e-002 1.7716042697429657e-002 
2.7860397100448608e-001 -2.7946218848228455e-002 1.8457688391208649e-002 
2.9928758740425110e-001 -8.1642633303999901e-003 1.7986891791224480e-002 
3.0071377754211426e-001 -6.1727426946163177e-003 1.7878236249089241e-002 
3.0216747522354126e-001 -2.2017043083906174e-003 1.7866080626845360e-002 
2.8936752676963806e-001 -1.2429596390575171e-003 1.8075980246067047e-002 
2.8955647349357605e-001 -1.2429642956703901e-003 1.8074441701173782e-002 
3.0360919237136841e-001 1.7975973896682262e-003 1.7879016697406769e-002 
3.0416619777679443e-001 3.7523650098592043e-003 1.7947951331734657e-002 
3.0416709184646606e-001 4.6888240613043308e-003 1.7989471554756165e-002 
2.9907798767089844e-001 4.2466245591640472e-002 1.8121948465704918e-002 
2.9773855209350586e-001 4.4494248926639557e-002 1.8094930797815323e-002 
2.7295437455177307e-001 -2.9944857582449913e-002 1.8495727330446243e-002 
2.7671402692794800e-001 -2.7950420975685120e-002 1.8498394638299942e-002 
2.7822670340538025e-001 -2.7949137613177299e-002 1.8467428162693977e-002 
2.8237077593803406e-001 -2.5960700586438179e-002 1.8441412597894669e-002 
2.8624248504638672e-001 -2.1978102624416351e-002 1.8405709415674210e-002 
2.8709408640861511e-001 -2.1977983415126801e-002 1.8404556438326836e-002 
2.8520059585571289e-001 -2.0932991057634354e-002 1.8416419625282288e-002 
2.8624272346496582e-001 -2.0074859261512756e-002 1.8424404785037041e-002 
2.8991654515266418e-001 -1.9212555140256882e-002 1.8434012308716774e-002 
2.9029524326324463e-001 -1.9212568178772926e-002 1.8431300297379494e-002 
2.9107472300529480e-001 -1.9214635714888573e-002 1.8425516784191132e-002 
2.9411798715591431e-001 -1.6093220561742783e-002 1.8436517566442490e-002 
2.9580387473106384e-001 -1.4077104628086090e-002 1.8353275954723358e-002 
2.9618427157402039e-001 -1.4077142812311649e-002 1.8346108496189117e-002 
2.9751721024513245e-001 -1.2103137560188770e-002 1.8237264826893806e-002 
2.3780408501625061e-001 -6.1728102155029774e-003 1.8547659739851952e-002 
2.3979929089546204e-001 -5.2926805801689625e-003 1.8498374149203300e-002 
2.7370971441268921e-001 -1.2425244785845280e-003 1.8235186114907265e-002 
2.9023569822311401e-001 -1.2411429779604077e-003 1.8066283315420151e-002 
2.7539730072021484e-001 -2.2835789422970265e-004 1.8221788108348846e-002 
2.7558532357215881e-001 -2.2834408446215093e-004 1.8220771104097366e-002 
2.7624431252479553e-001 -2.2836384596303105e-004 1.8215931951999664e-002 
2.7116745710372925e-001 3.7579715717583895e-003 1.8345683813095093e-002 
2.7182540297508240e-001 3.7580870557576418e-003 1.8338128924369812e-002 
2.7182558178901672e-001 4.6953242272138596e-003 1.8364669755101204e-002 
3.0510899424552917e-001 5.7345503009855747e-003 1.8001932650804520e-002 
2.9219135642051697e-001 7.7933720313012600e-003 1.8360104411840439e-002 
3.0566641688346863e-001 7.7879857271909714e-003 1.8097644671797752e-002 
2.9125645756721497e-001 1.0719495825469494e-002 1.8461538478732109e-002 
2.9277512431144714e-001 1.0719479061663151e-002 1.8447123467922211e-002 
2.9171797633171082e-001 1.1762071400880814e-002 1.8475871533155441e-002 
3.0649995803833008e-001 1.1763215065002441e-002 1.8273292109370232e-002 
3.0662846565246582e-001 1.3742012903094292e-002 1.8313994631171227e-002 
3.0662873387336731e-001 1.4725863002240658e-002 1.8330415710806847e-002 
3.0650135874748230e-001 1.7653966322541237e-002 1.8351450562477112e-002 
3.0650132894515991e-001 1.8626032397150993e-002 1.8351797014474869e-002 
3.0566492676734924e-001 2.2608848288655281e-002 1.8310176208615303e-002 
3.0470806360244751e-001 2.6614826172590256e-002 1.8257746472954750e-002 
3.0470800399780273e-001 2.7421604841947556e-002 1.8248325213789940e-002 
2.9772487282752991e-001 2.9591478407382965e-002 1.8256919458508492e-002 
2.9875916242599487e-001 2.9591456055641174e-002 1.8247881904244423e-002 
2.9923677444458008e-001 2.9591454192996025e-002 1.8245365470647812e-002 
2.9971489310264587e-001 2.9591467231512070e-002 1.8242478370666504e-002 
3.0364578962326050e-001 3.0607605352997780e-002 1.8192153424024582e-002 
3.0305334925651550e-001 3.4527383744716644e-002 1.8132809549570084e-002 
3.0153337121009827e-001 3.8499515503644943e-002 1.8141450360417366e-002 
2.6910126209259033e-001 4.1506960988044739e-002 1.8482707440853119e-002 
2.6994702219963074e-001 4.1506987065076828e-002 1.8466178327798843e-002 
2.7013495564460754e-001 4.1506998240947723e-002 1.8461389467120171e-002 
2.9221284389495850e-001 4.1507463902235031e-002 1.8242053687572479e-002 
2.9278254508972168e-001 4.2464319616556168e-002 1.8218211829662323e-002 
2.9356446862220764e-001 4.2464297264814377e-002 1.8207687884569168e-002 
2.8927159309387207e-001 4.3500434607267380e-002 1.8257731571793556e-002 
2.7173095941543579e-001 4.4492114335298538e-002 1.8431238830089569e-002 
2.8880909085273743e-001 4.4492293149232864e-002 1.8245881423354149e-002 
2.8974542021751404e-001 4.4492263346910477e-002 1.8236987292766571e-002 
2.9754358530044556e-001 4.4491734355688095e-002 1.8102673813700676e-002 
2.8671526908874512e-001 4.5531053096055984e-002 1.8260233104228973e-002 
2.8727495670318604e-001 4.5531067997217178e-002 1.8256274983286858e-002 
2.8974539041519165e-001 4.6464011073112488e-002 1.8242126330733299e-002 
2.9069375991821289e-001 4.6464018523693085e-002 1.8237315118312836e-002 
2.9611343145370483e-001 4.6463984996080399e-002 1.8144695088267326e-002 
2.8274297714233398e-001 4.7419600188732147e-002 1.8293399363756180e-002 
2.8377223014831543e-001 4.7419633716344833e-002 1.8285954371094704e-002 
2.8813502192497253e-001 4.8438068479299545e-002 1.8280535936355591e-002 
2.9466006159782410e-001 4.8440661281347275e-002 1.8209716305136681e-002 
2.9268807172775269e-001 5.0399579107761383e-002 1.8298570066690445e-002 
2.9116868972778320e-001 5.2418168634176254e-002 1.8320221453905106e-002 
2.8916835784912109e-001 5.4375760257244110e-002 1.8419822677969933e-002 
2.5180897116661072e-001 -3.1962972134351730e-002 1.8668718636035919e-002 
2.5529068708419800e-001 -3.1961347907781601e-002 1.8597958609461784e-002 
2.5876885652542114e-001 -3.1960789114236832e-002 1.8570316955447197e-002 
2.6280805468559265e-001 -3.1961135566234589e-002 1.8602985888719559e-002 
2.6412206888198853e-001 -3.1961169093847275e-002 1.8605874851346016e-002 
2.6487305760383606e-001 -3.1961161643266678e-002 1.8607277423143387e-002 
2.4378187954425812e-001 -2.9946286231279373e-002 1.8727149814367294e-002 
2.4625778198242188e-001 -2.9945835471153259e-002 1.8764728680253029e-002 
2.5078257918357849e-001 -2.9945829883217812e-002 1.8726272508502007e-002 
2.6722043752670288e-001 -2.9945947229862213e-002 1.8581237643957138e-002 
2.7219653129577637e-001 -2.9946282505989075e-002 1.8519120290875435e-002 
2.7266642451286316e-001 -2.9946424067020416e-002 1.8502980470657349e-002 
2.3725600540637970e-001 -2.7950989082455635e-002 1.8743157386779785e-002 
2.4020096659660339e-001 -2.7951039373874664e-002 1.8758378922939301e-002 
2.3392219841480255e-001 -2.5960335507988930e-002 1.8760725855827332e-002 
2.3620951175689697e-001 -2.5960177183151245e-002 1.8784470856189728e-002 
2.3048031330108643e-001 -2.4021320044994354e-002 1.8738305196166039e-002 
2.7520310878753662e-001 -2.4020859971642494e-002 1.8498208373785019e-002 
2.7623692154884338e-001 -2.4020787328481674e-002 1.8484191969037056e-002 
2.8518739342689514e-001 -2.4019779637455940e-002 1.8409369513392448e-002 
2.7520307898521423e-001 -2.3011757060885429e-002 1.8493158742785454e-002 
2.7576699852943420e-001 -2.3011706769466400e-002 1.8485158681869507e-002 
2.7623692154884338e-001 -2.3011654615402222e-002 1.8479181453585625e-002 
2.7670684456825256e-001 -2.3011596873402596e-002 1.8473513424396515e-002 
2.2779299318790436e-001 -2.1977143362164497e-002 1.8759164959192276e-002 
2.2393946349620819e-001 -1.9214315339922905e-002 1.8801178783178329e-002 
2.2233091294765472e-001 -1.8075041472911835e-002 1.8814932554960251e-002 
2.2039407491683960e-001 -1.6099581494927406e-002 1.8862223252654076e-002 
2.1876889467239380e-001 -1.4073438011109829e-002 1.8848888576030731e-002 
2.1690264344215393e-001 -1.2095716781914234e-002 1.8859496340155602e-002 
2.1523319184780121e-001 -1.0089206509292126e-002 1.8844237551093102e-002 
2.1327449381351471e-001 -8.1686517223715782e-003 1.8814070150256157e-002 
2.1874290704727173e-001 -7.1668741293251514e-003 1.8808646127581596e-002 
2.1184411644935608e-001 -6.1733275651931763e-003 1.8826600164175034e-002 
2.1776990592479706e-001 -5.2929758094251156e-003 1.8801946192979813e-002 
2.3724344372749329e-001 -5.2934703417122364e-003 1.8549820408225060e-002 
2.1036869287490845e-001 -4.2759962379932404e-003 1.8850635737180710e-002 
2.0898802578449249e-001 -2.2041182965040207e-003 1.8868818879127502e-002 
2.0799899101257324e-001 -2.2857170552015305e-004 1.8863691017031670e-002 
2.0730650424957275e-001 1.8009603954851627e-003 1.8878864124417305e-002 
2.0730645954608917e-001 2.7625875081866980e-003 1.8894203007221222e-002 
2.0661288499832153e-001 3.7583541125059128e-003 1.8891746178269386e-002 
2.6055070757865906e-001 6.7106457427144051e-003 1.8544984981417656e-002 
2.5962045788764954e-001 9.7740134224295616e-003 1.8674939870834351e-002 
2.6243090629577637e-001 9.7721274942159653e-003 1.8672550097107887e-002 
2.5962114334106445e-001 1.0718501172959805e-002 1.8580386415123940e-002 
2.6224231719970703e-001 1.1764517053961754e-002 1.8670056015253067e-002 
2.5868499279022217e-001 1.2742316350340843e-002 1.8246995285153389e-002 
2.5868800282478333e-001 1.3725114986300468e-002 1.8123511224985123e-002 
2.5929728150367737e-001 1.7660016193985939e-002 1.7858661711215973e-002 
2.4973069131374359e-001 1.8628982827067375e-002 1.8530165776610374e-002 
2.5265613198280334e-001 1.8634187057614326e-002 1.8028154969215393e-002 
2.3394793272018433e-001 2.1647008135914803e-002 1.8987543880939484e-002 
2.4795623123645782e-001 2.1647391840815544e-002 1.8802750855684280e-002 
2.5887733697891235e-001 2.1672032773494720e-002 1.8308980390429497e-002 
2.3413886129856110e-001 2.2608976811170578e-002 1.8985154107213020e-002 
2.3451980948448181e-001 2.2608969360589981e-002 1.8984310328960419e-002 
2.4908781051635742e-001 2.3603139445185661e-002 1.8818287178874016e-002 
2.5191041827201843e-001 2.3607568815350533e-002 1.8751744180917740e-002 
2.5209805369377136e-001 2.3608088493347168e-002 1.8746046349406242e-002 
2.5425779819488525e-001 2.3598818108439445e-002 1.8650976940989494e-002 
2.5586503744125366e-001 2.3600125685334206e-002 1.8624996766448021e-002 
2.4908798933029175e-001 2.4615995585918427e-002 1.8829675391316414e-002 
2.3375776410102844e-001 2.5661878287792206e-002 1.8974792212247849e-002 
2.3585326969623566e-001 2.7420559898018837e-002 1.8934315070509911e-002 
2.6956692337989807e-001 3.9488613605499268e-002 1.8494542688131332e-002 
2.7106893062591553e-001 3.9488445967435837e-002 1.8476158380508423e-002 
2.7088361978530884e-001 4.0498688817024231e-002 1.8460661172866821e-002 
2.7106869220733643e-001 4.0498666465282440e-002 1.8457038328051567e-002 
2.7210566401481628e-001 4.0498491376638412e-002 1.8446868285536766e-002 
2.6017168164253235e-001 4.3500117957592010e-002 1.8544880673289299e-002 
2.0899118483066559e-001 4.4491134583950043e-002 1.9142797216773033e-002 
2.5980246067047119e-001 4.5531269162893295e-002 1.8559806048870087e-002 
2.6027172803878784e-001 4.5531295239925385e-002 1.8558055162429810e-002 
2.8726246953010559e-001 5.7237230241298676e-002 1.8582295626401901e-002 
2.8461027145385742e-001 5.8340400457382202e-002 1.8718170002102852e-002 
2.8121528029441833e-001 5.9382174164056778e-002 1.8793312832713127e-002 
2.8253301978111267e-001 6.0351803898811340e-002 1.8735127523541451e-002 
2.7876961231231689e-001 6.2339734286069870e-002 1.8684256821870804e-002 
2.2889789938926697e-001 6.4254365861415863e-002 1.9106728956103325e-002 
2.3138609528541565e-001 6.4253740012645721e-002 1.9088080152869225e-002 
2.7511006593704224e-001 6.4251251518726349e-002 1.8591335043311119e-002 
2.3242203891277313e-001 6.6293850541114807e-002 1.8927069380879402e-002 
2.3423358798027039e-001 6.6286265850067139e-002 1.8911104649305344e-002 
2.3509094119071960e-001 6.6285952925682068e-002 1.8905488774180412e-002 
2.3832623660564423e-001 6.6294424235820770e-002 1.8875131383538246e-002 
2.3869094252586365e-001 6.6294305026531219e-002 1.8873296678066254e-002 
2.3972760140895844e-001 6.6294051706790924e-002 1.8870335072278976e-002 
2.6769006252288818e-001 6.6290244460105896e-002 1.8600881099700928e-002 
2.7182012796401978e-001 6.6286325454711914e-002 1.8488725647330284e-002 
2.4031682312488556e-001 6.8273708224296570e-002 1.8747419118881226e-002 
2.4228577315807343e-001 6.8273589015007019e-002 1.8752710893750191e-002 
2.4323242902755737e-001 6.8273536860942841e-002 1.8757155165076256e-002 
2.4370527267456055e-001 6.8273670971393585e-002 1.8761472776532173e-002 
2.4776789546012878e-001 6.8274065852165222e-002 1.8801840022206306e-002 
2.5172543525695801e-001 6.8273998796939850e-002 1.8820254132151604e-002 
2.5228208303451538e-001 6.8274028599262238e-002 1.8822647631168365e-002 
2.5275465846061707e-001 6.8273901939392090e-002 1.8823035061359406e-002 
2.5379553437232971e-001 6.8273462355136871e-002 1.8818456679582596e-002 
2.5426545739173889e-001 6.8273231387138367e-002 1.8814101815223694e-002 
2.5473544001579285e-001 6.8273089826107025e-002 1.8811583518981934e-002 
2.5529935956001282e-001 6.8272896111011505e-002 1.8808228895068169e-002 
2.5623923540115356e-001 6.8272627890110016e-002 1.8803667277097702e-002 
2.5680285692214966e-001 6.8272449076175690e-002 1.8799908459186554e-002 
2.5830256938934326e-001 6.8278700113296509e-002 1.8774535506963730e-002 
2.6074567437171936e-001 6.8280369043350220e-002 1.8736250698566437e-002 
2.6224589347839355e-001 6.8279229104518890e-002 1.8708046525716782e-002 
2.6430964469909668e-001 6.8266749382019043e-002 1.8664747476577759e-002 
2.1624755859375000e-001 -5.2929581142961979e-003 1.8817279487848282e-002 
2.1702736616134644e-001 -5.2930647507309914e-003 1.8810000270605087e-002 
2.0626500248908997e-001 7.7924658544361591e-003 1.9030697643756866e-002 
2.0626483857631683e-001 8.7775569409132004e-003 1.9068960100412369e-002 
2.0527225732803345e-001 9.7719626501202583e-003 1.9079133868217468e-002 
2.0477449893951416e-001 1.3741937465965748e-002 1.9124653190374374e-002 
2.0447602868080139e-001 1.5703903511166573e-002 1.9125243648886681e-002 
2.0440228283405304e-001 1.7653625458478928e-002 1.9166329875588417e-002 
2.0377948880195618e-001 1.9603103399276733e-002 1.9228296354413033e-002 
2.0377962291240692e-001 2.0632717758417130e-002 1.9253106787800789e-002 
2.0323240756988525e-001 2.3603182286024094e-002 1.9355554133653641e-002 
2.0432771742343903e-001 2.3603621870279312e-002 1.9309246912598610e-002 
2.0323246717453003e-001 2.4616045877337456e-002 1.9372833892703056e-002 
2.0373091101646423e-001 2.5662092491984367e-002 1.9360464066267014e-002 
2.0373089611530304e-001 2.6614036411046982e-002 1.9361525774002075e-002 
2.0373085141181946e-001 2.7420982718467712e-002 1.9360555335879326e-002 
2.0373423397541046e-001 3.0608035624027252e-002 1.9291888922452927e-002 
2.0477534830570221e-001 3.2568786293268204e-002 1.9226815551519394e-002 
2.0527271926403046e-001 3.2568737864494324e-002 1.9225526601076126e-002 
2.0537197589874268e-001 3.4527808427810669e-002 1.9205488264560699e-002 
2.0666103065013885e-001 3.7550032138824463e-002 1.9161537289619446e-002 
2.0666083693504333e-001 3.8500867784023285e-002 1.9144788384437561e-002 
2.0784845948219299e-001 4.2464137077331543e-002 1.9140187650918961e-002 
2.1031592786312103e-001 4.6464283019304276e-002 1.9184820353984833e-002 
2.1139776706695557e-001 4.8439279198646545e-002 1.9228592514991760e-002 
2.1198688447475433e-001 4.9438174813985825e-002 1.9248519092798233e-002 
2.1198825538158417e-001 5.0401553511619568e-002 1.9278878346085548e-002 
2.1277184784412384e-001 5.0402313470840454e-002 1.9257621839642525e-002 
2.1420115232467651e-001 5.2415791898965836e-002 1.9254827871918678e-002 
2.1627983450889587e-001 5.4371807724237442e-002 1.9272705540060997e-002 
2.1673873066902161e-001 5.4375860840082169e-002 1.9269626587629318e-002 
2.1725092828273773e-001 5.4380167275667191e-002 1.9264454022049904e-002 
2.1872285008430481e-001 5.7240530848503113e-002 1.9353810697793961e-002 
2.2919875383377075e-001 5.7239491492509842e-002 1.9254563376307487e-002 
2.2977285087108612e-001 5.7239789515733719e-002 1.9246980547904968e-002 
2.3025144636631012e-001 5.7240046560764313e-002 1.9239444285631180e-002 
2.2027495503425598e-001 5.8349147439002991e-002 1.9391488283872604e-002 
2.2280617058277130e-001 6.0349240899085999e-002 1.9380912184715271e-002 
2.2526256740093231e-001 6.2339648604393005e-002 1.9270373508334160e-002 
2.2574371099472046e-001 6.2339756637811661e-002 1.9264275208115578e-002 
2.2622410953044891e-001 6.2339853495359421e-002 1.9258385524153709e-002 
2.2670486569404602e-001 6.2339961528778076e-002 1.9252752885222435e-002 
2.3070481419563293e-001 6.4250692725181580e-002 1.9094673916697502e-002 
2.3623266816139221e-001 6.6285096108913422e-002 1.8895639106631279e-002 
1.4534200727939606e-001 -5.3530998528003693e-002 5.4063998162746429e-002 
1.4576199650764465e-001 -5.3530998528003693e-002 5.4066002368927002e-002 
1.4611299335956573e-001 -5.3530998528003693e-002 5.4317999631166458e-002 
1.4914700388908386e-001 -5.3530998528003693e-002 5.4313998669385910e-002 
1.4944900572299957e-001 -5.3530998528003693e-002 5.4559998214244843e-002 
1.5179300308227539e-001 -5.3530998528003693e-002 5.4806999862194061e-002 
1.5222099423408508e-001 -5.3530998528003693e-002 5.4806999862194061e-002 
1.5424166619777679e-001 -5.3530998528003693e-002 5.4800000041723251e-002 
1.5477049350738525e-001 -5.3530998528003693e-002 5.4800000041723251e-002 
1.5569449961185455e-001 -5.3530998528003693e-002 5.5044502019882202e-002 
1.5680399537086487e-001 -5.3530998528003693e-002 5.5227998644113541e-002 
1.5724250674247742e-001 -5.3530998528003693e-002 5.5287998169660568e-002 
1.5776434540748596e-001 -5.3530998528003693e-002 5.5287998169660568e-002 
1.5922033786773682e-001 -5.3530998528003693e-002 5.5284004658460617e-002 
1.5977649390697479e-001 -5.3530998528003693e-002 5.5282998830080032e-002 
1.6046200692653656e-001 -5.3530998528003693e-002 5.5521000176668167e-002 
1.6323032975196838e-001 -5.3530998528003693e-002 5.5758334696292877e-002 
1.6427333652973175e-001 -5.3530998528003693e-002 5.5595666170120239e-002 
1.6622200608253479e-001 -5.3530998528003693e-002 5.5750500410795212e-002 
1.6679766774177551e-001 -5.3530998528003693e-002 5.5990003049373627e-002 
1.6860400140285492e-001 -5.3530998528003693e-002 5.5989999324083328e-002 
1.6927266120910645e-001 -5.3530998528003693e-002 5.6226000189781189e-002 
1.7116250097751617e-001 -5.3530998528003693e-002 5.6221999228000641e-002 
1.7385999858379364e-001 -5.3530998528003693e-002 5.6692998856306076e-002 
1.7425200343132019e-001 -5.3530998528003693e-002 5.6692998856306076e-002 
1.7474198341369629e-001 -5.3530998528003693e-002 5.6692332029342651e-002 
1.7523150146007538e-001 -5.3531002253293991e-002 5.6689500808715820e-002 
1.7571966350078583e-001 -5.3531002253293991e-002 5.6686669588088989e-002 
1.7630466818809509e-001 -5.3531002253293991e-002 5.6685000658035278e-002 
1.7679150402545929e-001 -5.3530998528003693e-002 5.6685000658035278e-002 
1.7724299430847168e-001 -5.3531002253293991e-002 5.6917998939752579e-002 
1.7981749773025513e-001 -5.3530998528003693e-002 5.6914001703262329e-002 
1.8025800585746765e-001 -5.3531002253293991e-002 5.7145666331052780e-002 
1.8376100063323975e-001 -5.3531002253293991e-002 5.7489998638629913e-002 
1.8422633409500122e-001 -5.3531002253293991e-002 5.7608000934123993e-002 
1.8669533729553223e-001 -5.3530998528003693e-002 5.7601001113653183e-002 
1.8769165873527527e-001 -5.3530998528003693e-002 5.7833667844533920e-002 
1.8827268481254578e-001 -5.3530998528003693e-002 5.7871997356414795e-002 
1.8912500143051147e-001 -5.3530998528003693e-002 5.7950500398874283e-002 
1.8943199515342712e-001 -5.3531002253293991e-002 5.8060001581907272e-002 
1.9029849767684937e-001 -5.3530998528003693e-002 5.8062501251697540e-002 
1.9269834458827972e-001 -5.3531002253293991e-002 5.8520000427961349e-002 
1.9428150355815887e-001 -5.3530998528003693e-002 5.8518998324871063e-002 
1.9673049449920654e-001 -5.3531002253293991e-002 5.8970998972654343e-002 
1.9766899943351746e-001 -5.3531002253293991e-002 5.8974500745534897e-002 
1.9799000024795532e-001 -5.3530998528003693e-002 5.9200998395681381e-002 
1.9871899485588074e-001 -5.3531002253293991e-002 5.9204336255788803e-002 
2.0175699889659882e-001 -5.3530998528003693e-002 5.9425000101327896e-002 
2.0225232839584351e-001 -5.3531002253293991e-002 5.9649333357810974e-002 
2.0372132956981659e-001 -5.3531002253293991e-002 5.9764005243778229e-002 
2.0552900433540344e-001 -5.3531002253293991e-002 5.9873998165130615e-002 
2.0583900809288025e-001 -5.3530998528003693e-002 6.0095999389886856e-002 
2.0771268010139465e-001 -5.3531002253293991e-002 6.0093000531196594e-002 
2.1035400032997131e-001 -5.3530998528003693e-002 6.0534998774528503e-002 
2.1079966425895691e-001 -5.3530998528003693e-002 6.0534000396728516e-002 
2.1222434937953949e-001 -5.3531002253293991e-002 6.0533002018928528e-002 
2.1418866515159607e-001 -5.3531002253293991e-002 6.0752999037504196e-002 
2.1473267674446106e-001 -5.3531002253293991e-002 6.0752000659704208e-002 
2.1575467288494110e-001 -5.3531002253293991e-002 6.0932334512472153e-002 
2.1754699945449829e-001 -5.3531002253293991e-002 6.0966998338699341e-002 
2.1879266202449799e-001 -5.3531002253293991e-002 6.1182998120784760e-002 
2.2018735110759735e-001 -5.3531002253293991e-002 6.1182003468275070e-002 
2.2125801444053650e-001 -5.3531002253293991e-002 6.1401002109050751e-002 
2.2220849990844727e-001 -5.3531002253293991e-002 6.1402998864650726e-002 
2.2455100715160370e-001 -5.3531002253293991e-002 6.1500001698732376e-002 
2.2282767295837402e-001 -5.3531002253293991e-002 6.1510004103183746e-002 
2.2481000423431396e-001 -5.3531002253293991e-002 6.1501000076532364e-002 
2.2525298595428467e-001 -5.3531002253293991e-002 6.1608001589775085e-002 
2.2679834067821503e-001 -5.3531002253293991e-002 6.1606001108884811e-002 
2.2731301188468933e-001 -5.3531002253293991e-002 6.1643332242965698e-002 
2.2776749730110168e-001 -5.3531002253293991e-002 6.1824999749660492e-002 
2.2819501161575317e-001 -5.3531002253293991e-002 6.1825662851333618e-002 
2.2922466695308685e-001 -5.3531002253293991e-002 6.1821334064006805e-002 
2.3024067282676697e-001 -5.3531002253293991e-002 6.1818331480026245e-002 
2.3077234625816345e-001 -5.3531002253293991e-002 6.1854001134634018e-002 
2.3128300905227661e-001 -5.3531002253293991e-002 6.2037002295255661e-002 
2.3316934704780579e-001 -5.3531002253293991e-002 6.2035005539655685e-002 
2.3624067008495331e-001 -5.3531002253293991e-002 6.2359333038330078e-002 
2.3725800216197968e-001 -5.3531002253293991e-002 6.2359001487493515e-002 
2.3971749842166901e-001 -5.3531002253293991e-002 6.2463998794555664e-002 
2.3997500538825989e-001 -5.3531002253293991e-002 6.2569998204708099e-002 
2.4318133294582367e-001 -5.3531002253293991e-002 6.2791667878627777e-002 
2.4418966472148895e-001 -5.3531002253293991e-002 6.2786996364593506e-002 
2.4469733238220215e-001 -5.3531002253293991e-002 6.2823668122291565e-002 
2.4537700414657593e-001 -5.3531002253293991e-002 6.3006997108459473e-002 
2.4671900272369385e-001 -5.3531002253293991e-002 6.3117675483226776e-002 
2.4873100221157074e-001 -5.3531002253293991e-002 6.3226670026779175e-002 
2.4923333525657654e-001 -5.3531002253293991e-002 6.3263669610023499e-002 
2.5073701143264771e-001 -5.3531002253293991e-002 6.3449010252952576e-002 
2.5124698877334595e-001 -5.3531002253293991e-002 6.3559010624885559e-002 
2.5167301297187805e-001 -5.3530998528003693e-002 6.3784003257751465e-002 
3.2177001237869263e-001 -5.3530998528003693e-002 7.0355996489524841e-002 
3.2366168498992920e-001 -5.3531002253293991e-002 7.0160999894142151e-002 
3.2420432567596436e-001 -5.3531002253293991e-002 7.0235334336757660e-002 
3.2569265365600586e-001 -5.3531002253293991e-002 7.0628002285957336e-002 
3.2620769739151001e-001 -5.3531002253293991e-002 7.0637337863445282e-002 
3.2874050736427307e-001 -5.3531002253293991e-002 7.0673495531082153e-002 
3.2923600077629089e-001 -5.3531002253293991e-002 7.0848248898983002e-002 
3.3181601762771606e-001 -5.3531002253293991e-002 7.0958003401756287e-002 
3.3124166727066040e-001 -5.3531002253293991e-002 7.1147009730339050e-002 
3.3279800415039063e-001 -5.3531002253293991e-002 7.1182005107402802e-002 
3.3331334590911865e-001 -5.3531002253293991e-002 7.1193002164363861e-002 
3.3579131960868835e-001 -5.3531002253293991e-002 7.1238003671169281e-002 
3.3673599362373352e-001 -5.3531002253293991e-002 7.1474500000476837e-002 
3.3820998668670654e-001 -5.3531002253293991e-002 7.1508675813674927e-002 
3.3929699659347534e-001 -5.3531002253293991e-002 7.1737334132194519e-002 
3.3980435132980347e-001 -5.3531002253293991e-002 7.1755006909370422e-002 
3.4025248885154724e-001 -5.3531002253293991e-002 7.1762003004550934e-002 
3.4223151206970215e-001 -5.3531002253293991e-002 7.1801006793975830e-002 
3.4331548213958740e-001 -5.3530998528003693e-002 7.1829006075859070e-002 
3.4413000941276550e-001 -5.3530998528003693e-002 7.1837998926639557e-002 
3.4435349702835083e-001 -5.3531002253293991e-002 7.2067499160766602e-002 
3.4526199102401733e-001 -5.3531002253293991e-002 7.2085499763488770e-002 
3.4571704268455505e-001 -5.3531002253293991e-002 7.2094671428203583e-002 
3.4681099653244019e-001 -5.3531002253293991e-002 7.2117000818252563e-002 
3.4726750850677490e-001 -5.3531002253293991e-002 7.2126500308513641e-002 
3.4822401404380798e-001 -5.3531002253293991e-002 7.2380006313323975e-002 
3.4877431392669678e-001 -5.3531002253293991e-002 7.2388008236885071e-002 
3.5172599554061890e-001 -5.3531002253293991e-002 7.2447672486305237e-002 
3.5321199893951416e-001 -5.3531002253293991e-002 7.2480671107769012e-002 
3.5431236028671265e-001 -5.3531002253293991e-002 7.2508335113525391e-002 
3.5571703314781189e-001 -5.3531002253293991e-002 7.2991661727428436e-002 
3.5628002882003784e-001 -5.3531002253293991e-002 7.3004998266696930e-002 
3.5873267054557800e-001 -5.3531002253293991e-002 7.3063664138317108e-002 
3.5930201411247253e-001 -5.3531002253293991e-002 7.3077671229839325e-002 
3.5977700352668762e-001 -5.3531002253293991e-002 7.3089495301246643e-002 
3.6019301414489746e-001 -5.3531002253293991e-002 7.3322996497154236e-002 
3.6306300759315491e-001 -5.3530998528003693e-002 7.3400996625423431e-002 
3.6329001188278198e-001 -5.3530998528003693e-002 7.3632001876831055e-002 
3.6522099375724792e-001 -5.3531002253293991e-002 7.3686003684997559e-002 
3.6726364493370056e-001 -5.3530998528003693e-002 7.3741331696510315e-002 
3.6768800020217896e-001 -5.3530998528003693e-002 7.3765501379966736e-002 
3.6814397573471069e-001 -5.3530998528003693e-002 7.3982506990432739e-002 
3.6837300658226013e-001 -5.3530998528003693e-002 7.4001997709274292e-002 
3.6925750970840454e-001 -5.3531002253293991e-002 7.4026495218276978e-002 
3.6974999308586121e-001 -5.3531002253293991e-002 7.4040338397026062e-002 
3.7024348974227905e-001 -5.3531002253293991e-002 7.4054494500160217e-002 
3.7069368362426758e-001 -5.3531002253293991e-002 7.4076339602470398e-002 
3.7126600742340088e-001 -5.3531002253293991e-002 7.4109002947807312e-002 
3.7222748994827271e-001 -5.3530998528003693e-002 7.4311003088951111e-002 
3.7268099188804626e-001 -5.3530998528003693e-002 7.4345335364341736e-002 
3.7325799465179443e-001 -5.3530998528003693e-002 7.4372999370098114e-002 
3.7466201186180115e-001 -5.3530998528003693e-002 7.4414998292922974e-002 
0.0000000000000000e+000 0.0000000000000000e+000 0.0000000000000000e+000 
0.0000000000000000e+000 0.0000000000000000e+000 0.0000000000000000e+000 
]
