edgePlot=[...
3.5147133469581604e-001 4.5436706393957138e-002 0.0000000000000000e+000 
3.5170990228652954e-001 4.5436706393957138e-002 0.0000000000000000e+000 
3.5147133469581604e-001 4.6302955597639084e-002 0.0000000000000000e+000 
3.5170990228652954e-001 4.6302955597639084e-002 0.0000000000000000e+000 
3.5480633378028870e-001 8.5307344794273376e-002 0.0000000000000000e+000 
3.5480630397796631e-001 8.6029909551143646e-002 0.0000000000000000e+000 
3.5605040192604065e-001 8.8307164609432220e-002 0.0000000000000000e+000 
3.5692006349563599e-001 9.3211449682712555e-002 0.0000000000000000e+000 
3.5692006349563599e-001 9.4028271734714508e-002 0.0000000000000000e+000 
3.5512250661849976e-001 9.5189101994037628e-002 0.0000000000000000e+000 
3.5512250661849976e-001 9.5994614064693451e-002 0.0000000000000000e+000 
3.5114619135856628e-001 1.3497099280357361e-001 0.0000000000000000e+000 
3.4873443841934204e-001 1.3590323925018311e-001 0.0000000000000000e+000 
3.4873434901237488e-001 1.3674768805503845e-001 0.0000000000000000e+000 
3.4910666942596436e-001 1.4001733064651489e-001 0.0000000000000000e+000 
3.4954774379730225e-001 1.4001767337322235e-001 0.0000000000000000e+000 
3.4910660982131958e-001 1.4078101515769958e-001 0.0000000000000000e+000 
3.4954777359962463e-001 1.4190745353698730e-001 0.0000000000000000e+000 
3.5193070769309998e-001 1.5485705435276031e-001 0.0000000000000000e+000 
3.5451197624206543e-001 1.5778817236423492e-001 0.0000000000000000e+000 
3.5451197624206543e-001 1.5857769548892975e-001 0.0000000000000000e+000 
3.4981754422187805e-001 1.6854649782180786e-001 0.0000000000000000e+000 
3.5039439797401428e-001 1.6977916657924652e-001 0.0000000000000000e+000 
3.5039442777633667e-001 1.7155455052852631e-001 0.0000000000000000e+000 
3.4762021899223328e-001 1.7289237678050995e-001 0.0000000000000000e+000 
3.5337027907371521e-001 1.7969687283039093e-001 0.0000000000000000e+000 
3.5337021946907043e-001 1.8041628599166870e-001 0.0000000000000000e+000 
3.5278809070587158e-001 1.8259455263614655e-001 0.0000000000000000e+000 
3.5087195038795471e-001 1.8440034985542297e-001 0.0000000000000000e+000 
3.5278803110122681e-001 1.8429884314537048e-001 0.0000000000000000e+000 
2.9337227344512939e-001 4.1301827877759933e-002 1.2409838847815990e-002 
2.9357415437698364e-001 4.1302487254142761e-002 1.2398783117532730e-002 
2.9337492585182190e-001 4.2132154107093811e-002 1.2457670643925667e-002 
2.9357677698135376e-001 4.2132813483476639e-002 1.2446613982319832e-002 
2.9335796833038330e-001 1.0284055024385452e-001 1.2423230335116386e-002 
2.9336652159690857e-001 1.0365826636552811e-001 1.2426488101482391e-002 
2.9357424378395081e-001 1.0993353277444839e-001 1.2422512285411358e-002 
2.9357644915580750e-001 1.1077518016099930e-001 1.2424400076270103e-002 
2.9360249638557434e-001 1.1666997522115707e-001 1.2466672807931900e-002 
2.9330298304557800e-001 1.0558762401342392e-001 1.2733327224850655e-002 
2.9350194334983826e-001 1.0558760166168213e-001 1.2556414119899273e-002 
2.9346421360969543e-001 1.0869572311639786e-001 1.2512489221990108e-002 
2.9337677359580994e-001 1.0993354767560959e-001 1.2607825919985771e-002 
2.9337528347969055e-001 1.1077521741390228e-001 1.2606539763510227e-002 
2.9337579011917114e-001 1.1488159745931625e-001 1.2608591467142105e-002 
2.9330512881278992e-001 1.1795011907815933e-001 1.2715981341898441e-002 
2.9332482814788818e-001 1.1958480626344681e-001 1.2736528180539608e-002 
2.9355660080909729e-001 1.1958448588848114e-001 1.2582897208631039e-002 
2.9992911219596863e-001 4.8414766788482666e-002 2.5045271962881088e-002 
2.9992908239364624e-001 4.9203902482986450e-002 2.5045271962881088e-002 
2.9992917180061340e-001 5.0365056842565536e-002 2.5045277550816536e-002 
3.5531222820281982e-001 1.2702140212059021e-001 5.9183150529861450e-002 
3.5929068922996521e-001 1.2702855467796326e-001 5.9141620993614197e-002 
3.5771346092224121e-001 1.2796919047832489e-001 5.9171058237552643e-002 
3.4573987126350403e-001 1.7288807034492493e-001 6.0057174414396286e-002 
3.5529956221580505e-001 1.7462840676307678e-001 5.9963472187519073e-002 
3.5312876105308533e-001 1.7569240927696228e-001 5.9949714690446854e-002 
3.1527215242385864e-001 6.9108806550502777e-002 6.0628071427345276e-002 
3.1499406695365906e-001 7.3383592069149017e-002 6.0582447797060013e-002 
2.9918524622917175e-001 1.1196298152208328e-001 6.0653042048215866e-002 
3.4473723173141479e-001 1.7154726386070251e-001 6.0047261416912079e-002 
3.4523823857307434e-001 1.7154803872108459e-001 6.0047626495361328e-002 
3.5212966799736023e-001 1.7765347659587860e-001 5.9912953525781631e-002 
3.4271720051765442e-001 7.0385485887527466e-002 6.0734089463949203e-002 
3.4321412444114685e-001 7.0386551320552826e-002 6.0742225497961044e-002 
3.4371179342269897e-001 7.0387601852416992e-002 6.0749247670173645e-002 
3.1127759814262390e-001 7.2101965546607971e-002 6.0638532042503357e-002 
3.3476614952087402e-001 9.1971322894096375e-002 6.0820695012807846e-002 
3.3128932118415833e-001 9.3982897698879242e-002 6.0801912099123001e-002 
3.3321607112884521e-001 9.3985706567764282e-002 6.0776613652706146e-002 
2.9878938198089600e-001 1.1889130622148514e-001 6.0458566993474960e-002 
2.9878935217857361e-001 1.1974865943193436e-001 6.0453165322542191e-002 
2.9887893795967102e-001 1.2069441378116608e-001 6.0447476804256439e-002 
2.5020697712898254e-001 1.5348702669143677e-001 6.1059560626745224e-002 
3.3762234449386597e-001 9.3168541789054871e-002 6.0701504349708557e-002 
3.2931694388389587e-001 9.5136590301990509e-002 6.0790494084358215e-002 
2.9480332136154175e-001 1.1195613443851471e-001 6.1215132474899292e-002 
2.9479730129241943e-001 1.1382791399955750e-001 6.0911133885383606e-002 
2.4830852448940277e-001 1.4981561899185181e-001 6.1085831373929977e-002 
2.5072261691093445e-001 1.4982077479362488e-001 6.1002623289823532e-002 
2.3102080821990967e-001 1.5464876592159271e-001 6.1531711369752884e-002 
2.2831478714942932e-001 1.5638178586959839e-001 6.1525572091341019e-002 
2.2517971694469452e-001 1.5960404276847839e-001 6.1519078910350800e-002 
2.2877094149589539e-001 1.5165700018405914e-001 6.1551604419946671e-002 
2.3128834366798401e-001 1.5263366699218750e-001 6.1544284224510193e-002 
2.3466825485229492e-001 1.5346255898475647e-001 6.1442583799362183e-002 
1.8431143462657928e-001 1.5630608797073364e-001 6.1852041631937027e-002 
1.8618646264076233e-001 1.5749903023242950e-001 6.1799015849828720e-002 
1.8377320468425751e-001 1.5828409790992737e-001 6.1873968690633774e-002 
2.2824586927890778e-001 1.5836335718631744e-001 6.1532523483037949e-002 
2.2668313980102539e-001 1.6252020001411438e-001 6.1655905097723007e-002 
2.3468723893165588e-001 1.6957865655422211e-001 6.1867844313383102e-002 
2.2530274093151093e-001 1.7547157406806946e-001 6.2017388641834259e-002 
2.3469185829162598e-001 1.7635956406593323e-001 6.1917278915643692e-002 
2.3779998719692230e-001 1.7746420204639435e-001 6.1781775206327438e-002 
2.2223959863185883e-001 1.7822268605232239e-001 6.1975028365850449e-002 
2.3400074243545532e-001 1.7824555933475494e-001 6.1960309743881226e-002 
1.9482196867465973e-001 1.0490674525499344e-001 6.3476659357547760e-002 
1.9483402371406555e-001 1.0560860484838486e-001 6.3401289284229279e-002 
1.6229166090488434e-001 1.1951401084661484e-001 6.2457110732793808e-002 
1.6395172476768494e-001 1.2046144157648087e-001 6.2418486922979355e-002 
2.3227441310882568e-001 1.7269635200500488e-001 6.2035217881202698e-002 
2.3175469040870667e-001 1.7349585890769958e-001 6.2051974236965179e-002 
2.2077034413814545e-001 1.7546620965003967e-001 6.1936039477586746e-002 
2.8319504857063293e-001 3.6399405449628830e-002 6.3337765634059906e-002 
1.6577298939228058e-001 1.2264565378427505e-001 6.2395110726356506e-002 
1.9423277676105499e-001 1.0009918361902237e-001 6.3397996127605438e-002 
1.9423013925552368e-001 1.0167455673217773e-001 6.3383542001247406e-002 
2.7955347299575806e-001 3.5655282437801361e-002 6.3837856054306030e-002 
2.7955213189125061e-001 3.6514941602945328e-002 6.4337939023971558e-002 
2.4735349416732788e-001 9.6015684306621552e-002 8.0066688358783722e-002 
2.4766926467418671e-001 9.6014395356178284e-002 8.0059379339218140e-002 
2.4657079577445984e-001 9.5977433025836945e-002 8.0202274024486542e-002 
2.4877013266086578e-001 9.5987625420093536e-002 8.0189645290374756e-002 
2.5015383958816528e-001 9.8084241151809692e-002 8.0208644270896912e-002 
2.4917683005332947e-001 9.5974899828433990e-002 8.0261431634426117e-002 
2.4370005726814270e-001 9.8092801868915558e-002 8.0690652132034302e-002 
2.8733512759208679e-001 1.2570060789585114e-001 8.0742195248603821e-002 
2.9712492227554321e-001 1.0581530630588531e-001 8.0969050526618958e-002 
2.9680010676383972e-001 1.0687469691038132e-001 8.0951370298862457e-002 
2.9562959074974060e-001 1.1100347340106964e-001 8.0924414098262787e-002 
2.9332491755485535e-001 1.1389259994029999e-001 8.0902375280857086e-002 
2.9368829727172852e-001 1.1389756947755814e-001 8.0896005034446716e-002 
2.9468199610710144e-001 1.1389579623937607e-001 8.0877587199211121e-002 
2.9374521970748901e-001 1.1582683771848679e-001 8.0825015902519226e-002 
2.9074344038963318e-001 1.1894381791353226e-001 8.0741651356220245e-002 
2.9074308276176453e-001 1.1980031430721283e-001 8.0713592469692230e-002 
2.9015529155731201e-001 1.2177278846502304e-001 8.0661348998546600e-002 
2.8873163461685181e-001 1.2373118847608566e-001 8.0674059689044952e-002 
2.8614404797554016e-001 1.2696945667266846e-001 8.0788999795913696e-002 
2.8462389111518860e-001 1.2874069809913635e-001 8.0859571695327759e-002 
2.8263169527053833e-001 1.3171175122261047e-001 8.0984823405742645e-002 
2.8925541043281555e-001 6.7101806402206421e-002 8.1593319773674011e-002 
2.9235476255416870e-001 7.0365615189075470e-002 8.1509463489055634e-002 
2.9294285178184509e-001 7.3412328958511353e-002 8.1481896340847015e-002 
2.9294270277023315e-001 7.4174597859382629e-002 8.1475712358951569e-002 
2.9361510276794434e-001 7.5196661055088043e-002 8.1455312669277191e-002 
2.8825300931930542e-001 7.7062703669071198e-002 8.1509716808795929e-002 
2.8765839338302612e-001 7.8251771628856659e-002 8.1505306065082550e-002 
2.9582306742668152e-001 7.8265525400638580e-002 8.1341058015823364e-002 
2.9625442624092102e-001 8.0285072326660156e-002 8.1326402723789215e-002 
2.8010639548301697e-001 8.0976605415344238e-002 8.1505477428436279e-002 
2.8292906284332275e-001 8.0981053411960602e-002 8.1500403583049774e-002 
2.9625454545021057e-001 8.1003561615943909e-002 8.1338658928871155e-002 
2.9766428470611572e-001 8.5274614393711090e-002 8.1366948783397675e-002 
2.9819932579994202e-001 8.8272050023078918e-002 8.1428535282611847e-002 
2.9819932579994202e-001 8.9010074734687805e-002 8.1436879932880402e-002 
2.9859632253646851e-001 9.3175783753395081e-002 8.1370346248149872e-002 
2.8425681591033936e-001 9.3971647322177887e-002 8.1510789692401886e-002 
2.8641888499259949e-001 9.3975193798542023e-002 8.1498175859451294e-002 
2.8658542037010193e-001 9.3975469470024109e-002 8.1497266888618469e-002 
2.9859599471092224e-001 9.3991778790950775e-002 8.1346482038497925e-002 
2.8616902232170105e-001 9.5139071345329285e-002 8.1462942063808441e-002 
2.8776642680168152e-001 9.5145627856254578e-002 8.1456780433654785e-002 
2.9851055145263672e-001 9.5959380269050598e-002 8.1291958689689636e-002 
2.9819980263710022e-001 9.9223703145980835e-002 8.1163451075553894e-002 
2.9769068956375122e-001 1.0191448777914047e-001 8.1072717905044556e-002 
2.4315573275089264e-001 1.0297068953514099e-001 8.1372141838073730e-002 
2.4510608613491058e-001 1.0298048704862595e-001 8.1219822168350220e-002 
2.4861986935138702e-001 1.0300084948539734e-001 8.1132024526596069e-002 
2.4315655231475830e-001 1.0799030214548111e-001 8.1470869481563568e-002 
2.4152447283267975e-001 1.0882683098316193e-001 8.1478804349899292e-002 
2.4299329519271851e-001 1.0882937908172607e-001 8.1465281546115875e-002 
2.4315644800662994e-001 1.0882966965436935e-001 8.1463783979415894e-002 
2.9313045740127563e-001 1.1388791352510452e-001 8.0905668437480927e-002 
2.2129273414611816e-001 1.1804662644863129e-001 8.1638336181640625e-002 
2.2179026901721954e-001 1.1968188732862473e-001 8.1618100404739380e-002 
2.2427456080913544e-001 1.1968618631362915e-001 8.1576004624366760e-002 
2.2732970118522644e-001 1.2362474948167801e-001 8.1532038748264313e-002 
2.3726579546928406e-001 1.2364224344491959e-001 8.1380002200603485e-002 
2.3734939098358154e-001 1.3163241744041443e-001 8.1505924463272095e-002 
2.8079068660736084e-001 1.3389112055301666e-001 8.1075854599475861e-002 
2.7872398495674133e-001 1.3491348922252655e-001 8.1106200814247131e-002 
2.7369794249534607e-001 1.3668540120124817e-001 8.1131339073181152e-002 
2.7517870068550110e-001 1.3668803870677948e-001 8.1128485500812531e-002 
2.7567276358604431e-001 1.3668888807296753e-001 8.1130728125572205e-002 
2.6877415180206299e-001 1.3871616125106812e-001 8.1147544085979462e-002 
2.7221882343292236e-001 1.3872222602367401e-001 8.1114560365676880e-002 
2.6869148015975952e-001 1.4183452725410461e-001 8.1087730824947357e-002 
2.6509180665016174e-001 1.4359602332115173e-001 8.1182107329368591e-002 
2.5570526719093323e-001 1.4553423225879669e-001 8.1407167017459869e-002 
2.5782349705696106e-001 1.4553819596767426e-001 8.1373080611228943e-002 
2.5929033756256104e-001 1.4554084837436676e-001 8.1347979605197906e-002 
2.5977939367294312e-001 1.4554175734519958e-001 8.1337422132492065e-002 
2.6067626476287842e-001 1.4554335176944733e-001 8.1323340535163879e-002 
2.4804930388927460e-001 1.4660124480724335e-001 8.1560969352722168e-002 
2.2033919394016266e-001 5.7179365307092667e-002 8.2206040620803833e-002 
2.7967077493667603e-001 5.7279303669929504e-002 8.1820212304592133e-002 
2.8191909193992615e-001 5.8583915233612061e-002 8.1738039851188660e-002 
2.8407314419746399e-001 6.1109356582164764e-002 8.1687450408935547e-002 
2.6727804541587830e-001 6.3244022428989410e-002 8.1795036792755127e-002 
2.8522232174873352e-001 6.3274092972278595e-002 8.1658653914928436e-002 
2.8572726249694824e-001 6.3275985419750214e-002 8.1647120416164398e-002 
2.8606650233268738e-001 6.3277445733547211e-002 8.1636436283588409e-002 
2.8764840960502625e-001 6.5373905003070831e-002 8.1627637147903442e-002 
2.8906655311584473e-001 6.7098595201969147e-002 8.1597276031970978e-002 
2.6532015204429626e-001 6.8257436156272888e-002 8.1731855869293213e-002 
2.6581269502639771e-001 6.8259187042713165e-002 8.1726923584938049e-002 
2.6629722118377686e-001 6.8258076906204224e-002 8.1721939146518707e-002 
2.6678720116615295e-001 6.8258889019489288e-002 8.1717386841773987e-002 
2.9057109355926514e-001 6.8300925195217133e-002 8.1560648977756500e-002 
2.9174348711967468e-001 7.0363201200962067e-002 8.1526450812816620e-002 
2.9207876324653625e-001 7.0363640785217285e-002 8.1516079604625702e-002 
2.0462594926357269e-001 7.3257416486740112e-002 8.2164436578750610e-002 
2.9266539216041565e-001 7.3410831391811371e-002 8.1486925482749939e-002 
2.8789788484573364e-001 7.8252106904983521e-002 8.1503666937351227e-002 
2.8906598687171936e-001 7.8254103660583496e-002 8.1495471298694611e-002 
2.8973436355590820e-001 7.8255243599414825e-002 8.1489644944667816e-002 
2.8075942397117615e-001 8.0978274345397949e-002 8.1504277884960175e-002 
2.8125557303428650e-001 8.0979168415069580e-002 8.1504747271537781e-002 
2.8026366233825684e-001 8.3151482045650482e-002 8.1511981785297394e-002 
2.9831239581108093e-001 9.0230688452720642e-002 8.1430554389953613e-002 
2.7548331022262573e-001 9.1934412717819214e-002 8.1584617495536804e-002 
2.7564778923988342e-001 9.1934680938720703e-002 8.1582121551036835e-002 
2.7721163630485535e-001 9.1937340795993805e-002 8.1572964787483215e-002 
2.7696433663368225e-001 9.3138575553894043e-002 8.1541828811168671e-002 
2.8473612666130066e-001 9.3967743217945099e-002 8.1507951021194458e-002 
2.8689780831336975e-001 9.5134317874908447e-002 8.1458598375320435e-002 
2.8706434369087219e-001 9.5134600996971130e-002 8.1457853317260742e-002 
2.5474253296852112e-001 9.7084417939186096e-002 8.1399075686931610e-002 
2.5522631406784058e-001 9.7087964415550232e-002 8.1472612917423248e-002 
2.5571030378341675e-001 9.7091101109981537e-002 8.1536315381526947e-002 
2.5101074576377869e-001 1.0186346620321274e-001 8.1078484654426575e-002 
1.9594140350818634e-001 1.0289805382490158e-001 8.2123249769210815e-002 
1.9594117999076843e-001 1.0371524095535278e-001 8.2103371620178223e-002 
2.4397642910480499e-001 1.0678271949291229e-001 8.1469222903251648e-002 
2.4169316887855530e-001 1.0882450640201569e-001 8.1475771963596344e-002 
1.9697554409503937e-001 1.0999003052711487e-001 8.2022838294506073e-002 
2.1832054853439331e-001 1.1569960415363312e-001 8.1714361906051636e-002 
2.0024141669273376e-001 1.1673226207494736e-001 8.1946864724159241e-002 
2.0570795238018036e-001 1.1674163490533829e-001 8.1909961998462677e-002 
2.0623537898063660e-001 1.1674182862043381e-001 8.1905610859394073e-002 
2.1228906512260437e-001 1.1675295233726501e-001 8.1798098981380463e-002 
1.9929784536361694e-001 1.1800882965326309e-001 8.1938304007053375e-002 
2.1880614757537842e-001 1.1967673152685165e-001 8.1660054624080658e-002 
2.0024114847183228e-001 1.2161938846111298e-001 8.1900000572204590e-002 
2.0092622935771942e-001 1.2162057310342789e-001 8.1895507872104645e-002 
2.2519893944263458e-001 1.2362314760684967e-001 8.1567689776420593e-002 
2.2618927061557770e-001 1.2362495064735413e-001 8.1551387906074524e-002 
2.2675947844982147e-001 1.2362486124038696e-001 8.1540584564208984e-002 
2.3792804777622223e-001 1.2364564090967178e-001 8.1369630992412567e-002 
2.3776458203792572e-001 1.2482628226280212e-001 8.1387393176555634e-002 
2.0487892627716064e-001 1.2860247492790222e-001 8.1964582204818726e-002 
2.3792991042137146e-001 1.3163642585277557e-001 8.1498056650161743e-002 
2.3809342086315155e-001 1.3163672387599945e-001 8.1495702266693115e-002 
2.1079502999782562e-001 1.3479486107826233e-001 8.1964515149593353e-002 
2.1348002552986145e-001 1.3658122718334198e-001 8.1888444721698761e-002 
2.1698859333992004e-001 1.3862690329551697e-001 8.1777662038803101e-002 
2.1981772780418396e-001 1.4175060391426086e-001 8.1727661192417145e-002 
2.2031599283218384e-001 1.4175146818161011e-001 8.1724084913730621e-002 
2.2339981794357300e-001 1.4352388679981232e-001 8.1719920039176941e-002 
2.2379627823829651e-001 1.4352509379386902e-001 8.1715710461139679e-002 
2.2429230809211731e-001 1.4352594316005707e-001 8.1708952784538269e-002 
2.2676874697208405e-001 1.4353010058403015e-001 8.1673711538314819e-002 
2.2784739732742310e-001 1.4548623561859131e-001 8.1694275140762329e-002 
2.2826124727725983e-001 1.4548708498477936e-001 8.1688828766345978e-002 
2.2924841940402985e-001 1.4548890292644501e-001 8.1679873168468475e-002 
2.3171308636665344e-001 1.4549337327480316e-001 8.1663422286510468e-002 
2.3646882176399231e-001 1.4658410847187042e-001 8.1681512296199799e-002 
2.3974233865737915e-001 1.4659218490123749e-001 8.1637755036354065e-002 
2.4071653187274933e-001 1.4659188687801361e-001 8.1621527671813965e-002 
2.4177713692188263e-001 1.4659389853477478e-001 8.1608705222606659e-002 
2.4275578558444977e-001 1.4659574627876282e-001 8.1598840653896332e-002 
2.4308188259601593e-001 1.4659631252288818e-001 8.1595592200756073e-002 
2.4577118456363678e-001 1.4660102128982544e-001 8.1574670970439911e-002 
2.4609705805778503e-001 1.4660151302814484e-001 8.1575520336627960e-002 
2.4723725020885468e-001 1.4660346508026123e-001 8.1568300724029541e-002 
2.4829570949077606e-001 1.4660529792308807e-001 8.1558585166931152e-002 
2.4870276451110840e-001 1.4660604298114777e-001 8.1552945077419281e-002 
2.5033092498779297e-001 1.4660911262035370e-001 8.1540524959564209e-002 
2.5081926584243774e-001 1.4660924673080444e-001 8.1537365913391113e-002 
2.5147038698196411e-001 1.4661100506782532e-001 8.1534102559089661e-002 
2.5171455740928650e-001 1.4661142230033875e-001 8.1532426178455353e-002 
2.5260975956916809e-001 1.4661309123039246e-001 8.1521533429622650e-002 
2.3887042701244354e-001 4.8495013266801834e-002 8.2447700202465057e-002 
2.5570422410964966e-001 4.8522517085075378e-002 8.2481749355792999e-002 
2.5781625509262085e-001 4.8526175320148468e-002 8.2471340894699097e-002 
2.5879132747650146e-001 4.8527691513299942e-002 8.2463607192039490e-002 
2.5927892327308655e-001 4.8528235405683517e-002 8.2455500960350037e-002 
2.6074206829071045e-001 4.8529960215091705e-002 8.2431875169277191e-002 
2.6171773672103882e-001 4.8530746251344681e-002 8.2409255206584930e-002 
2.6318883895874023e-001 4.8540968447923660e-002 8.2366079092025757e-002 
2.3887042701244354e-001 4.9283500760793686e-002 8.2426652312278748e-002 
2.3379580676555634e-001 5.1566489040851593e-002 8.2358218729496002e-002 
2.6775270700454712e-001 5.1618587225675583e-002 8.2166001200675964e-002 
2.2821967303752899e-001 5.2371408790349960e-002 8.2353733479976654e-002 
2.2978033125400543e-001 5.2374623715877533e-002 8.2347549498081207e-002 
2.7167898416519165e-001 5.2441824227571487e-002 8.2054965198040009e-002 
2.7332475781440735e-001 5.2447535097599030e-002 8.1999257206916809e-002 
2.2474372386932373e-001 5.5376444011926651e-002 8.2256264984607697e-002 
2.7569746971130371e-001 5.5457755923271179e-002 8.1957750022411346e-002 
2.7636179327964783e-001 5.5461473762989044e-002 8.1939697265625000e-002 
2.2069139778614044e-001 5.7176753878593445e-002 8.2206070423126221e-002 
2.7907705307006836e-001 5.7274065911769867e-002 8.1845194101333618e-002 
2.1828399598598480e-001 5.8469790965318680e-002 8.2173950970172882e-002 
2.1568746864795685e-001 6.0989357531070709e-002 8.2177303731441498e-002 
2.1317116916179657e-001 6.3150726258754730e-002 8.2174874842166901e-002 
2.1368995308876038e-001 6.3150905072689056e-002 8.2182660698890686e-002 
2.6645338535308838e-001 6.3238523900508881e-002 8.1801526248455048e-002 
2.6661658287048340e-001 6.3238829374313354e-002 8.1801190972328186e-002 
2.2779114544391632e-001 6.4029984176158905e-002 8.2032509148120880e-002 
2.2828465700149536e-001 6.4030840992927551e-002 8.2028098404407501e-002 
2.2877794504165649e-001 6.4031697809696198e-002 8.2023382186889648e-002 
2.1132586896419525e-001 6.5241247415542603e-002 8.2167908549308777e-002 
2.0947560667991638e-001 6.6960342228412628e-002 8.2159757614135742e-002 
2.0743650197982788e-001 6.8156972527503967e-002 8.2137383520603180e-002 
2.0592767000198364e-001 7.0214532315731049e-002 8.2130923867225647e-002 
2.0338107645511627e-001 7.5039856135845184e-002 8.2190982997417450e-002 
2.0133510231971741e-001 7.8102268278598785e-002 8.2205928862094879e-002 
2.0039491355419159e-001 8.0120377242565155e-002 8.2209251821041107e-002 
2.0039495825767517e-001 8.0839067697525024e-002 8.2219935953617096e-002 
1.9941897690296173e-001 8.3008624613285065e-002 8.2230672240257263e-002 
1.9825218617916107e-001 8.6837477982044220e-002 8.2303345203399658e-002 
1.9790846109390259e-001 8.8098913431167603e-002 8.2322843372821808e-002 
1.9790841639041901e-001 8.8836327195167542e-002 8.2331724464893341e-002 
1.9687587022781372e-001 9.3000233173370361e-002 8.2316853106021881e-002 
2.0270045101642609e-001 9.3010954558849335e-002 8.2287237048149109e-002 
2.0030979812145233e-001 9.3823306262493134e-002 8.2287430763244629e-002 
2.0218899846076965e-001 9.4991490244865417e-002 8.2260593771934509e-002 
1.9678959250450134e-001 9.5786496996879578e-002 8.2280553877353668e-002 
2.0372167229652405e-001 9.5799714326858521e-002 8.2234069705009460e-002 
1.9635832309722900e-001 9.6989773213863373e-002 8.2261525094509125e-002 
1.9635809957981110e-001 9.7988806664943695e-002 8.2242645323276520e-002 
1.9667343795299530e-001 9.7992345690727234e-002 8.2240015268325806e-002 
2.0184731483459473e-001 9.7999274730682373e-002 8.2201525568962097e-002 
1.9597701728343964e-001 1.0015963762998581e-001 8.2190215587615967e-002 
1.9825088977813721e-001 1.0077872872352600e-001 8.2173228263854980e-002 
1.9873176515102386e-001 1.0494314134120941e-001 8.2079298794269562e-002 
2.0027528703212738e-001 1.0494592785835266e-001 8.2062669098377228e-002 
2.0027510821819305e-001 1.0564811527729034e-001 8.2050085067749023e-002 
1.9967509806156158e-001 1.0875485837459564e-001 8.2026869058609009e-002 
2.0079907774925232e-001 1.0875641554594040e-001 8.2023441791534424e-002 
2.0078821480274200e-001 1.1373368650674820e-001 8.1990808248519897e-002 
2.0172813534736633e-001 1.1567100137472153e-001 8.1951908767223358e-002 
2.0147114992141724e-001 1.2358231842517853e-001 8.1908985972404480e-002 
2.0249558985233307e-001 1.2476462870836258e-001 8.1925481557846069e-002 
2.0249590277671814e-001 1.2555861473083496e-001 8.1948786973953247e-002 
2.0677144825458527e-001 1.2983316183090210e-001 8.1964351236820221e-002 
2.0677171647548676e-001 1.3054670393466949e-001 8.1978507339954376e-002 
2.0677225291728973e-001 1.3158492743968964e-001 8.2006528973579407e-002 
2.0880793035030365e-001 1.3376781344413757e-001 8.2006625831127167e-002 
2.1098722517490387e-001 1.3479746878147125e-001 8.1958852708339691e-002 
2.3435045778751373e-001 1.4550149440765381e-001 8.1630535423755646e-002 
2.3985761404037476e-001 4.8490490764379501e-002 8.2464620471000671e-002 
2.4181114137172699e-001 4.8494622111320496e-002 8.2478381693363190e-002 
2.4221795797348022e-001 4.8495445400476456e-002 8.2480557262897491e-002 
2.4311275780200958e-001 4.8497259616851807e-002 8.2481384277343750e-002 
2.4408857524394989e-001 4.8499200493097305e-002 8.2482434809207916e-002 
2.4498285353183746e-001 4.8501033335924149e-002 8.2483969628810883e-002 
2.4709562957286835e-001 4.8505019396543503e-002 8.2479208707809448e-002 
2.4774681031703949e-001 4.8503149300813675e-002 8.2478448748588562e-002 
2.4985732138156891e-001 4.8510611057281494e-002 8.2478955388069153e-002 
2.5091299414634705e-001 4.8512760549783707e-002 8.2479141652584076e-002 
2.5188815593719482e-001 4.8509899526834488e-002 8.2482591271400452e-002 
2.5286230444908142e-001 4.8512153327465057e-002 8.2488372921943665e-002 
2.5375512242317200e-001 4.8518866300582886e-002 8.2486622035503387e-002 
2.6683816313743591e-001 5.1600389182567596e-002 8.2181937992572784e-002 
2.2848257422447205e-001 5.2365928888320923e-002 8.2351997494697571e-002 
2.2864678502082825e-001 5.2366256713867188e-002 8.2351446151733398e-002 
1.9742916524410248e-001 9.0056866407394409e-002 8.2336269319057465e-002 
1.9742880761623383e-001 9.0766362845897675e-002 8.2332022488117218e-002 
1.9669467210769653e-001 1.1454089730978012e-001 8.3106264472007751e-002 
1.9539019465446472e-001 1.1550644785165787e-001 8.3085805177688599e-002 
2.0777797698974609e-001 1.1552731692790985e-001 8.3027675747871399e-002 
1.9539026916027069e-001 1.1652772128582001e-001 8.3061091601848602e-002 
1.9979272782802582e-001 1.1653472483158112e-001 8.3068452775478363e-002 
1.9651010632514954e-001 1.1752752214670181e-001 8.3038978278636932e-002 
1.9719798862934113e-001 1.1752896755933762e-001 8.3039112389087677e-002 
1.9651004672050476e-001 1.1847316473722458e-001 8.3009615540504456e-002 
1.9650910794734955e-001 1.2169604748487473e-001 8.2897678017616272e-002 
1.9650843739509583e-001 1.2252846360206604e-001 8.2871071994304657e-002 
2.3458357155323029e-001 5.1476038992404938e-002 8.2315176725387573e-002 
1.9595617055892944e-001 1.6145475208759308e-001 8.2867249846458435e-002 
1.9617748260498047e-001 1.6145440936088562e-001 8.2640707492828369e-002 
1.9721096754074097e-001 1.6145616769790649e-001 8.2620963454246521e-002 
1.9875724613666534e-001 1.6145879030227661e-001 8.2591876387596130e-002 
1.9918593764305115e-001 1.6145952045917511e-001 8.2583911716938019e-002 
2.0076058804988861e-001 1.6146293282508850e-001 8.2776561379432678e-002 
2.0278422534465790e-001 1.6146589815616608e-001 8.2592427730560303e-002 
2.0535273849964142e-001 1.6147075593471527e-001 8.2694858312606812e-002 
2.0611448585987091e-001 1.6147205233573914e-001 8.2681775093078613e-002 
2.0677559077739716e-001 1.6147282719612122e-001 8.2560211420059204e-002 
2.0814108848571777e-001 1.6147550940513611e-001 8.2647651433944702e-002 
2.0957258343696594e-001 1.6147796809673309e-001 8.2624129951000214e-002 
2.1485041081905365e-001 1.6148701310157776e-001 8.2541599869728088e-002 
2.1526756882667542e-001 1.6148772835731506e-001 8.2535371184349060e-002 
2.1560113131999969e-001 1.6148829460144043e-001 8.2530401647090912e-002 
2.1643435955047607e-001 1.6148972511291504e-001 8.2518130540847778e-002 
2.1676740050315857e-001 1.6149029135704041e-001 8.2513280212879181e-002 
2.0028261840343475e-001 1.1660510301589966e-001 8.3036072552204132e-002 
2.0414336025714874e-001 1.1660938709974289e-001 8.3010971546173096e-002 
2.1147271990776062e-001 1.1662176996469498e-001 8.2899227738380432e-002 
2.1147221326828003e-001 1.1740446835756302e-001 8.2869909703731537e-002 
2.1180713176727295e-001 1.1740504950284958e-001 8.2862965762615204e-002 
1.9668191671371460e-001 1.1845321953296661e-001 8.3028465509414673e-002 
1.9719780981540680e-001 1.1845416575670242e-001 8.3022110164165497e-002 
1.9668163359165192e-001 1.2049281597137451e-001 8.2971520721912384e-002 
2.2012227773666382e-001 -2.1571617573499680e-002 6.5594680607318878e-002 
2.2012235224246979e-001 -2.0506450906395912e-002 6.5594688057899475e-002 
2.2012236714363098e-001 -1.8694208934903145e-002 6.5594695508480072e-002 
2.1525295078754425e-001 2.6819020509719849e-002 2.0832736045122147e-002 
2.1684953570365906e-001 2.6821713894605637e-002 2.0807404071092606e-002 
2.1701735258102417e-001 2.6822036132216454e-002 2.0804742351174355e-002 
2.1222540736198425e-001 1.1630368232727051e-001 8.2831665873527527e-002 
1.9582042098045349e-001 1.1845099180936813e-001 8.2990348339080811e-002 
1.9719716906547546e-001 1.1845336854457855e-001 8.2960873842239380e-002 
2.0062319934368134e-001 1.1845952272415161e-001 8.2914717495441437e-002 
0.0000000000000000e+000 0.0000000000000000e+000 0.0000000000000000e+000 
0.0000000000000000e+000 0.0000000000000000e+000 0.0000000000000000e+000 
]
