edgePlot=[...
1.3033773005008698e-001 3.9965733885765076e-002 6.5832227468490601e-002 
1.3323880732059479e-001 3.9966601878404617e-002 6.5905019640922546e-002 
1.3173423707485199e-001 3.9965558797121048e-002 6.5865866839885712e-002 
1.6735136508941650e-001 1.1936536431312561e-001 6.8145573139190674e-002 
1.7022077739238739e-001 1.2035846710205078e-001 6.8264923989772797e-002 
1.7025911808013916e-001 1.2232098728418350e-001 6.8310298025608063e-002 
1.6331623494625092e-001 1.3821215927600861e-001 6.8232640624046326e-002 
1.6183891892433167e-001 1.4116720855236053e-001 6.8360157310962677e-002 
1.6274420917034149e-001 1.4116775989532471e-001 6.8395406007766724e-002 
3.4823191165924072e-001 2.8065215796232224e-002 7.0953808724880219e-002 
3.4523826837539673e-001 3.0016029253602028e-002 7.0934094488620758e-002 
3.4575441479682922e-001 3.0016744509339333e-002 7.0946112275123596e-002 
3.0980738997459412e-001 4.6867322176694870e-002 7.0998094975948334e-002 
3.1103658676147461e-001 5.0729002803564072e-002 7.1502976119518280e-002 
3.1526356935501099e-001 5.0865095108747482e-002 7.0560224354267120e-002 
3.4926599264144897e-001 3.2039012759923935e-002 7.1118339896202087e-002 
3.4527915716171265e-001 3.3035192638635635e-002 7.1065112948417664e-002 
3.1076148152351379e-001 5.0742816179990768e-002 7.1637861430644989e-002 
3.1207662820816040e-001 5.2830148488283157e-002 7.1747660636901855e-002 
3.0314120650291443e-001 1.3820375502109528e-001 7.1373969316482544e-002 
2.9928570985794067e-001 1.3921411335468292e-001 7.1292817592620850e-002 
2.9977065324783325e-001 1.3920749723911285e-001 7.1306884288787842e-002 
3.8121291995048523e-001 4.2987134307622910e-002 7.1826137602329254e-002 
3.8569626212120056e-001 4.2986471205949783e-002 7.1857199072837830e-002 
3.8429281115531921e-001 4.5927159488201141e-002 7.1787893772125244e-002 
3.1179273128509521e-001 5.2852753549814224e-002 7.1918472647666931e-002 
3.2775533199310303e-001 1.3042329251766205e-001 7.1803383529186249e-002 
3.2969927787780762e-001 1.3042338192462921e-001 7.1817114949226379e-002 
3.2775536179542542e-001 1.3226610422134399e-001 7.1809180080890656e-002 
2.3746861517429352e-001 3.5369653254747391e-002 7.1504808962345123e-002 
2.3795269429683685e-001 3.5364627838134766e-002 7.1707703173160553e-002 
2.3724138736724854e-001 3.6001894623041153e-002 7.2383448481559753e-002 
2.3771154880523682e-001 3.5954948514699936e-002 7.2534002363681793e-002 
3.0738890171051025e-001 4.9786351621150970e-002 7.3823347687721252e-002 
3.7226542830467224e-001 1.4911004900932312e-001 7.3641143739223480e-002 
3.7479153275489807e-001 1.5002876520156860e-001 7.3896862566471100e-002 
2.0831218361854553e-001 7.5670875608921051e-002 7.4103735387325287e-002 
2.0828312635421753e-001 7.5656540691852570e-002 7.4519418179988861e-002 
2.0825405418872833e-001 7.6478965580463409e-002 7.4198007583618164e-002 
2.0824709534645081e-001 7.6471954584121704e-002 7.4568480253219604e-002 
3.7274256348609924e-001 1.5197697281837463e-001 7.4407644569873810e-002 
2.4238517880439758e-001 3.4522995352745056e-002 7.3688931763172150e-002 
2.4321760237216949e-001 3.4358106553554535e-002 7.3920682072639465e-002 
2.4201771616935730e-001 3.4767489880323410e-002 7.4450917541980743e-002 
2.4290916323661804e-001 3.4617379307746887e-002 7.4703045189380646e-002 
2.4224877357482910e-001 3.4982398152351379e-002 7.5935654342174530e-002 
2.5793597102165222e-001 3.8840837776660919e-002 8.2770019769668579e-002 
2.5813320279121399e-001 3.8905400782823563e-002 8.2999095320701599e-002 
2.5789916515350342e-001 3.9085280150175095e-002 8.3496801555156708e-002 
2.5809735059738159e-001 3.9102133363485336e-002 8.3779677748680115e-002 
2.6513773202896118e-001 9.4569846987724304e-002 8.7856277823448181e-002 
2.6070654392242432e-001 9.5502503216266632e-002 8.7686367332935333e-002 
2.6514574885368347e-001 9.5508225262165070e-002 8.7832614779472351e-002 
2.5935447216033936e-001 9.6703171730041504e-002 8.8559620082378387e-002 
2.2148543596267700e-001 6.6753931343555450e-002 8.8687449693679810e-002 
2.1519526839256287e-001 7.5648330152034760e-002 8.8608540594577789e-002 
2.1519474685192108e-001 7.6468609273433685e-002 8.8628366589546204e-002 
2.1442644298076630e-001 7.7649019658565521e-002 8.8602364063262939e-002 
2.1316418051719666e-001 8.1605225801467896e-002 8.8578760623931885e-002 
2.1292550861835480e-001 8.3595737814903259e-002 8.8602840900421143e-002 
2.1211268007755280e-001 8.7691016495227814e-002 8.8621556758880615e-002 
2.1133562922477722e-001 9.4595581293106079e-002 8.8699445128440857e-002 
2.1133512258529663e-001 9.5644995570182800e-002 8.8720567524433136e-002 
2.3474241793155670e-001 5.2905820310115814e-002 8.8967405259609222e-002 
2.3222109675407410e-001 5.3898215293884277e-002 8.8914826512336731e-002 
2.3126368224620819e-001 5.5813875049352646e-002 8.8912799954414368e-002 
2.2873853147029877e-001 5.6777656078338623e-002 8.8871657848358154e-002 
2.2634364664554596e-001 5.8850780129432678e-002 8.8807702064514160e-002 
2.2420273721218109e-001 6.1931781470775604e-002 8.8762387633323669e-002 
2.2245734930038452e-001 6.3794516026973724e-002 8.8664554059505463e-002 
2.2372743487358093e-001 6.5746568143367767e-002 8.8796548545360565e-002 
2.1988695859909058e-001 6.7768871784210205e-002 8.8609822094440460e-002 
2.2324207425117493e-001 6.7769676446914673e-002 8.8805750012397766e-002 
2.2371101379394531e-001 6.7769594490528107e-002 8.8823504745960236e-002 
2.1988585591316223e-001 6.8775355815887451e-002 8.8652126491069794e-002 
2.2173358500003815e-001 6.8776749074459076e-002 8.8754646480083466e-002 
2.1826344728469849e-001 6.9709487259387970e-002 8.8583558797836304e-002 
2.1598768234252930e-001 7.2823397815227509e-002 8.8565640151500702e-002 
2.1598662436008453e-001 7.3699086904525757e-002 8.8597811758518219e-002 
2.1543224155902863e-001 7.6471433043479919e-002 8.8641159236431122e-002 
2.1196871995925903e-001 8.8743060827255249e-002 8.8622875511646271e-002 
2.1187184751033783e-001 9.0512119233608246e-002 8.8646180927753448e-002 
2.1187150478363037e-001 9.1214165091514587e-002 8.8658079504966736e-002 
2.1196706593036652e-001 9.2370793223381042e-002 8.8683642446994781e-002 
2.1142518520355225e-001 9.8357506096363068e-002 8.8780820369720459e-002 
2.1196076273918152e-001 1.0146237164735794e-001 8.8883645832538605e-002 
2.1292397379875183e-001 1.0638445615768433e-001 8.8931910693645477e-002 
2.5182190537452698e-001 4.4056300073862076e-002 8.8924698531627655e-002 
2.5275623798370361e-001 4.4099193066358566e-002 8.8773332536220551e-002 
2.4576023221015930e-001 4.6915423125028610e-002 8.9191704988479614e-002 
2.4624542891979218e-001 4.6915173530578613e-002 8.9223392307758331e-002 
2.4670891463756561e-001 4.6915121376514435e-002 8.9254088699817657e-002 
2.4726505577564240e-001 4.6915173530578613e-002 8.9289836585521698e-002 
2.4819168448448181e-001 4.6915322542190552e-002 8.9348644018173218e-002 
2.4185101687908173e-001 4.9008887261152267e-002 8.9153632521629333e-002 
2.3727987706661224e-001 5.0859704613685608e-002 8.9015789330005646e-002 
2.3635393381118774e-001 5.2906423807144165e-002 8.9033968746662140e-002 
2.3868708312511444e-001 8.1605970859527588e-002 8.9176796376705170e-002 
2.3926375806331635e-001 8.1607311964035034e-002 8.9194074273109436e-002 
2.3972991108894348e-001 8.1607207655906677e-002 8.9208871126174927e-002 
2.1277870237827301e-001 1.0347800701856613e-001 8.8938139379024506e-002 
2.1277882158756256e-001 1.0446288436651230e-001 8.8933832943439484e-002 
2.1383307874202728e-001 1.1041396111249924e-001 8.9073583483695984e-002 
2.1493004262447357e-001 1.1438685655593872e-001 8.9270576834678650e-002 
2.1569475531578064e-001 1.1539692431688309e-001 8.9339517056941986e-002 
2.1569404006004333e-001 1.1638952791690826e-001 8.9365452527999878e-002 
2.1678087115287781e-001 1.1835294216871262e-001 8.9460290968418121e-002 
2.1741263568401337e-001 1.2035528570413589e-001 8.9513041079044342e-002 
2.1875335276126862e-001 1.2231887131929398e-001 8.9590467512607574e-002 
2.5628295540809631e-001 4.4096730649471283e-002 8.8983327150344849e-002 
2.5821980834007263e-001 4.4082801789045334e-002 8.9075781404972076e-002 
2.5877398252487183e-001 4.4078581035137177e-002 8.9105203747749329e-002 
2.5978884100914001e-001 4.4071566313505173e-002 8.9159123599529266e-002 
2.6024997234344482e-001 4.4068414717912674e-002 8.9184269309043884e-002 
2.6080518960952759e-001 4.4064920395612717e-002 8.9217312633991241e-002 
2.6228278875350952e-001 4.4062890112400055e-002 8.9321330189704895e-002 
2.6320278644561768e-001 4.4043127447366714e-002 8.9546218514442444e-002 
2.6375141739845276e-001 4.4033002108335495e-002 8.9700378477573395e-002 
2.6430064439773560e-001 4.4029120355844498e-002 8.9872315526008606e-002 
2.6725563406944275e-001 4.4029418379068375e-002 8.9912064373493195e-002 
2.6781001687049866e-001 4.4029429554939270e-002 8.9911095798015594e-002 
2.6827210187911987e-001 4.4029437005519867e-002 8.9908108115196228e-002 
2.6873567700386047e-001 4.4029459357261658e-002 8.9904017746448517e-002 
2.6928728818893433e-001 4.4029481709003448e-002 8.9900277554988861e-002 
2.6975101232528687e-001 4.4029492884874344e-002 8.9897863566875458e-002 
2.7021321654319763e-001 4.4029492884874344e-002 8.9896604418754578e-002 
2.7076798677444458e-001 4.4029474258422852e-002 8.9897669851779938e-002 
2.7123028039932251e-001 4.4029459357261658e-002 8.9899979531764984e-002 
2.7224764227867126e-001 4.4029463082551956e-002 8.9906916022300720e-002 
2.7659916877746582e-001 4.4029474258422852e-002 8.9908495545387268e-002 
2.8225690126419067e-001 4.6913638710975647e-002 9.0118251740932465e-002 
2.8225544095039368e-001 4.7933153808116913e-002 9.0170018374919891e-002 
2.5794854760169983e-001 9.7724527120590210e-002 8.9193925261497498e-002 
2.3927921056747437e-001 1.0540401935577393e-001 8.9607432484626770e-002 
2.3974511027336121e-001 1.0540387034416199e-001 8.9617103338241577e-002 
2.4021087586879730e-001 1.0540375113487244e-001 8.9625656604766846e-002 
2.1996277570724487e-001 1.2339677661657333e-001 8.9647591114044189e-002 
2.2144956886768341e-001 1.2627863883972168e-001 8.9645534753799438e-002 
2.2176636755466461e-001 1.2627866864204407e-001 8.9654587209224701e-002 
2.2298252582550049e-001 1.2825402617454529e-001 8.9659556746482849e-002 
2.2325091063976288e-001 1.2825405597686768e-001 8.9667931199073792e-002 
2.2429117560386658e-001 1.2825404107570648e-001 8.9703097939491272e-002 
2.2674490511417389e-001 1.2825368344783783e-001 8.9779376983642578e-002 
2.2731012105941772e-001 1.2825357913970947e-001 8.9794911444187164e-002 
2.2778078913688660e-001 1.2825345993041992e-001 8.9808799326419830e-002 
2.2429162263870239e-001 1.2932427227497101e-001 8.9689068496227264e-002 
2.2630339860916138e-001 1.3226681947708130e-001 8.9731104671955109e-002 
2.2825099527835846e-001 1.3423141837120056e-001 8.9823476970195770e-002 
2.2975355386734009e-001 1.3423083722591400e-001 8.9910075068473816e-002 
2.8020513057708740e-001 4.6915553510189056e-002 9.0126693248748779e-002 
2.7326476573944092e-001 4.7934312373399734e-002 9.0026013553142548e-002 
2.7723884582519531e-001 4.7934722155332565e-002 9.0120077133178711e-002 
2.8168925642967224e-001 4.7934662550687790e-002 9.0171687304973602e-002 
2.8280329704284668e-001 4.9009732902050018e-002 9.0211711823940277e-002 
2.8473988175392151e-001 4.9009576439857483e-002 9.0218707919120789e-002 
2.8522175550460815e-001 4.9009520560503006e-002 9.0224489569664001e-002 
2.8578037023544312e-001 4.9009591341018677e-002 9.0231239795684814e-002 
2.7474457025527954e-001 4.9888301640748978e-002 9.0070731937885284e-002 
2.7631279826164246e-001 5.0859715789556503e-002 9.0115539729595184e-002 
2.8977268934249878e-001 5.0892654806375504e-002 8.9822135865688324e-002 
2.9006499052047729e-001 5.0887569785118103e-002 8.9761778712272644e-002 
2.9305011034011841e-001 5.2943956106901169e-002 8.9904829859733582e-002 
2.9523044824600220e-001 5.4000116884708405e-002 8.9861467480659485e-002 
2.9596713185310364e-001 5.4035313427448273e-002 8.9730381965637207e-002 
2.9830145835876465e-001 5.6779704988002777e-002 9.0268567204475403e-002 
3.0028811097145081e-001 5.8851987123489380e-002 9.0534493327140808e-002 
3.0794739723205566e-001 6.9709300994873047e-002 9.0653218328952789e-002 
3.0813813209533691e-001 6.9709211587905884e-002 9.0655595064163208e-002 
3.1058037281036377e-001 7.5673975050449371e-002 9.0011268854141235e-002 
2.8168946504592896e-001 8.0655001103878021e-002 9.0164460241794586e-002 
2.8224635124206543e-001 8.0654829740524292e-002 9.0181998908519745e-002 
2.8280350565910339e-001 8.0654695630073547e-002 9.0195991098880768e-002 
2.7077451348304749e-001 9.7662329673767090e-002 9.0091772377490997e-002 
2.7278825640678406e-001 9.7652845084667206e-002 9.0300239622592926e-002 
2.7723246812820435e-001 9.7657941281795502e-002 9.0376578271389008e-002 
2.7824673056602478e-001 9.7657456994056702e-002 9.0395867824554443e-002 
2.7926501631736755e-001 9.7656846046447754e-002 9.0422861278057098e-002 
2.6977071166038513e-001 9.8373599350452423e-002 8.9980497956275940e-002 
2.6001659035682678e-001 9.9628642201423645e-002 8.9369304478168488e-002 
2.6584005355834961e-001 9.9609710276126862e-002 8.9491687715053558e-002 
2.6023477315902710e-001 1.1438103765249252e-001 9.0359300374984741e-002 
2.6125016808509827e-001 1.1438056081533432e-001 9.0380579233169556e-002 
2.3072659969329834e-001 1.3623681664466858e-001 8.9937366545200348e-002 
2.3128865659236908e-001 1.3623693585395813e-001 8.9958287775516510e-002 
2.4425813555717468e-001 1.3719682395458221e-001 9.0368665754795074e-002 
2.4472142755985260e-001 1.3719663023948669e-001 9.0378701686859131e-002 
2.4527721107006073e-001 1.3719639182090759e-001 9.0389348566532135e-002 
2.3381420969963074e-001 1.3820281624794006e-001 9.0046390891075134e-002 
2.3428098857402802e-001 1.3820265233516693e-001 9.0069971978664398e-002 
2.3681031167507172e-001 1.4020772278308868e-001 9.0161934494972229e-002 
2.4119517207145691e-001 1.4217995107173920e-001 9.0385615825653076e-002 
2.4175173044204712e-001 1.4217923581600189e-001 9.0414665639400482e-002 
2.4471771717071533e-001 1.4217619597911835e-001 9.0529873967170715e-002 
3.0272150039672852e-001 6.1931308358907700e-002 9.0560905635356903e-002 
3.0423811078071594e-001 6.3795149326324463e-002 9.0579293668270111e-002 
3.0566272139549255e-001 6.5746113657951355e-002 9.0593568980693817e-002 
3.0972969532012939e-001 7.2822660207748413e-002 9.0712808072566986e-002 
3.1176176667213440e-001 7.9691201448440552e-002 9.0196333825588226e-002 
3.0477812886238098e-001 8.0656275153160095e-002 9.0708777308464050e-002 
3.0525249242782593e-001 8.0656155943870544e-002 9.0718634426593781e-002 
3.0572715401649475e-001 8.0655954778194427e-002 9.0729981660842896e-002 
3.1375503540039063e-001 8.5593976080417633e-002 9.0845905244350433e-002 
3.1412106752395630e-001 8.7690532207489014e-002 9.0935163199901581e-002 
3.1415814161300659e-001 9.0508677065372467e-002 9.1060660779476166e-002 
3.1438875198364258e-001 9.4597704708576202e-002 9.1153807938098907e-002 
3.1438839435577393e-001 9.5646843314170837e-002 9.1170907020568848e-002 
3.1361812353134155e-001 9.6792519092559814e-002 9.1215640306472778e-002 
3.1586542725563049e-001 9.6795350313186646e-002 9.1081261634826660e-002 
3.1400302052497864e-001 9.7651585936546326e-002 9.1219156980514526e-002 
2.9375034570693970e-001 1.0446087270975113e-001 9.0940609574317932e-002 
2.8629666566848755e-001 1.0921353846788406e-001 9.0905062854290009e-002 
2.6180985569953918e-001 1.1438751220703125e-001 9.0393356978893280e-002 
2.8479641675949097e-001 1.2131284922361374e-001 9.1149657964706421e-002 
2.4677084386348724e-001 1.4417399466037750e-001 9.0707220137119293e-002 
2.4770539999008179e-001 1.4417640864849091e-001 9.0732008218765259e-002 
2.4826461076736450e-001 1.4417752623558044e-001 9.0745717287063599e-002 
2.5075331330299377e-001 1.4417581260204315e-001 9.0812854468822479e-002 
2.5120934844017029e-001 1.4417393505573273e-001 9.0825214982032776e-002 
3.1036555767059326e-001 8.2607276737689972e-002 9.0850137174129486e-002 
3.1488874554634094e-001 1.0146503895521164e-001 9.1269351541996002e-002 
3.1488823890686035e-001 1.0246916115283966e-001 9.1301627457141876e-002 
2.9475107789039612e-001 1.0348246246576309e-001 9.0952642261981964e-002 
3.1452688574790955e-001 1.0347592085599899e-001 9.1328740119934082e-002 
3.1452676653862000e-001 1.0446009039878845e-001 9.1351568698883057e-002 
3.1363216042518616e-001 1.0638637840747833e-001 9.1383345425128937e-002 
3.1351515650749207e-001 1.0742897540330887e-001 9.1401986777782440e-002 
3.1266430020332336e-001 1.1041165143251419e-001 9.1487243771553040e-002 
3.0960938334465027e-001 1.1638383567333221e-001 9.1569885611534119e-002 
3.0212470889091492e-001 1.2825363874435425e-001 9.1559462249279022e-002 
3.0071827769279480e-001 1.2932373583316803e-001 9.1556482017040253e-002 
2.9809945821762085e-001 1.3226635754108429e-001 9.1517761349678040e-002 
2.9576134681701660e-001 1.3423141837120056e-001 9.1513767838478088e-002 
2.9370290040969849e-001 1.3623580336570740e-001 9.1516934335231781e-002 
2.8700923919677734e-001 1.4020477235317230e-001 9.1427460312843323e-002 
2.7322655916213989e-001 1.4217077195644379e-001 9.1233737766742706e-002 
2.8125876188278198e-001 1.4217706024646759e-001 9.1339945793151855e-002 
2.8274255990982056e-001 1.4217670261859894e-001 9.1346018016338348e-002 
2.8319048881530762e-001 1.4217656850814819e-001 9.1348417103290558e-002 
2.5480711460113525e-001 1.4417718350887299e-001 9.0936899185180664e-002 
2.5527390837669373e-001 1.4417685568332672e-001 9.0951874852180481e-002 
2.5573408603668213e-001 1.4417636394500732e-001 9.0967923402786255e-002 
2.5674659013748169e-001 1.4417521655559540e-001 9.1001935303211212e-002 
2.5729879736900330e-001 1.4417456090450287e-001 9.1019302606582642e-002 
2.5923120975494385e-001 1.4417192339897156e-001 9.1080680489540100e-002 
2.5969123840332031e-001 1.4417134225368500e-001 9.1093853116035461e-002 
2.6024404168128967e-001 1.4417052268981934e-001 9.1112583875656128e-002 
2.6079449057579041e-001 1.4416974782943726e-001 9.1130502521991730e-002 
2.6125517487525940e-001 1.4416918158531189e-001 9.1144345700740814e-002 
2.6272767782211304e-001 1.4416746795177460e-001 9.1181233525276184e-002 
2.6374414563179016e-001 1.4417457580566406e-001 9.1210402548313141e-002 
2.6475766301155090e-001 1.4417774975299835e-001 9.1238647699356079e-002 
2.6577004790306091e-001 1.4417642354965210e-001 9.1264903545379639e-002 
2.6669046282768250e-001 1.4417533576488495e-001 9.1285444796085358e-002 
2.6724165678024292e-001 1.4417470991611481e-001 9.1296367347240448e-002 
2.6926502585411072e-001 1.4417302608489990e-001 9.1330282390117645e-002 
2.6981389522552490e-001 1.4417262375354767e-001 9.1338612139225006e-002 
2.7175122499465942e-001 1.4417147636413574e-001 9.1361083090305328e-002 
2.7718502283096313e-001 1.4416913688182831e-001 9.1428257524967194e-002 
3.1325834989547729e-001 1.0540902614593506e-001 9.1366447508335114e-002 
3.1167647242546082e-001 1.1242067068815231e-001 9.1521821916103363e-002 
3.0875879526138306e-001 1.1835852265357971e-001 9.1604873538017273e-002 
3.0762100219726563e-001 1.2035863846540451e-001 9.1625139117240906e-002 
3.0551546812057495e-001 1.2339576333761215e-001 9.1681614518165588e-002 
3.0326202511787415e-001 1.2627854943275452e-001 9.1611348092556000e-002 
2.9071658849716187e-001 1.3820207118988037e-001 9.1513156890869141e-002 
2.7535083889961243e-001 1.4417903125286102e-001 9.1410726308822632e-002 
2.7571347355842590e-001 1.4417888224124908e-001 9.1413803398609161e-002 
2.7645814418792725e-001 1.4417813718318939e-001 9.1423876583576202e-002 
2.7664265036582947e-001 1.4417806267738342e-001 9.1424785554409027e-002 
0.0000000000000000e+000 0.0000000000000000e+000 0.0000000000000000e+000 
0.0000000000000000e+000 0.0000000000000000e+000 0.0000000000000000e+000 
]
