edgePlot=[...
-3.5019856691360474e-001 -3.9480307698249817e-001 -7.8357718884944916e-002 
-3.4880104660987854e-001 -3.9480251073837280e-001 -7.8422889113426208e-002 
-3.4520542621612549e-001 -3.8680520653724670e-001 -7.8367851674556732e-002 
-3.4520462155342102e-001 -3.8580355048179626e-001 -7.8363969922065735e-002 
-3.4520608186721802e-001 -3.7780353426933289e-001 -7.8289806842803955e-002 
-3.5907563567161560e-001 -3.9480349421501160e-001 -7.7866770327091217e-002 
-3.5864251852035522e-001 -3.9480343461036682e-001 -7.7889025211334229e-002 
-3.5815358161926270e-001 -3.9480325579643250e-001 -7.7914878726005554e-002 
-3.5717478394508362e-001 -3.9480242133140564e-001 -7.7968545258045197e-002 
-3.5671168565750122e-001 -3.9480200409889221e-001 -7.7994190156459808e-002 
-3.5581019520759583e-001 -3.9480194449424744e-001 -7.8045852482318878e-002 
-3.5532814264297485e-001 -3.9480128884315491e-001 -7.8072838485240936e-002 
-3.5432505607604980e-001 -3.9479756355285645e-001 -7.8130990266799927e-002 
-3.5208579897880554e-001 -3.9480274915695190e-001 -7.8254126012325287e-002 
-3.4535121917724609e-001 -3.9480197429656982e-001 -7.8414566814899445e-002 
-3.4535041451454163e-001 -3.9380165934562683e-001 -7.8401356935501099e-002 
-3.4534978866577148e-001 -3.9180156588554382e-001 -7.8386247158050537e-002 
-3.4549212455749512e-001 -3.8979673385620117e-001 -7.8381530940532684e-002 
-3.4534966945648193e-001 -3.8880163431167603e-001 -7.8375950455665588e-002 
-3.4534883499145508e-001 -3.8380074501037598e-001 -7.8368343412876129e-002 
-3.4534859657287598e-001 -3.8180059194564819e-001 -7.8355915844440460e-002 
-3.4534791111946106e-001 -3.7980127334594727e-001 -7.8324846923351288e-002 
-3.4534543752670288e-001 -3.7580057978630066e-001 -7.8263930976390839e-002 
-3.4534570574760437e-001 -3.7280040979385376e-001 -7.8274458646774292e-002 
-3.4548592567443848e-001 -3.7179955840110779e-001 -7.8285321593284607e-002 
-3.4548732638359070e-001 -3.6979877948760986e-001 -7.8309871256351471e-002 
-3.4534725546836853e-001 -3.6880129575729370e-001 -7.8315660357475281e-002 
-3.4534403681755066e-001 -3.6480066180229187e-001 -7.8278735280036926e-002 
-3.4534418582916260e-001 -3.6380058526992798e-001 -7.8274883329868317e-002 
-3.4534451365470886e-001 -3.6080124974250793e-001 -7.8279107809066772e-002 
-3.4534373879432678e-001 -3.5880097746849060e-001 -7.8255258500576019e-002 
-3.4534364938735962e-001 -3.5680010914802551e-001 -7.8226797282695770e-002 
-3.4548044204711914e-001 -3.5279995203018188e-001 -7.8160263597965240e-002 
-3.4547987580299377e-001 -3.5180002450942993e-001 -7.8144311904907227e-002 
-3.4625279903411865e-001 -3.4979939460754395e-001 -7.8128099441528320e-002 
-3.4580558538436890e-001 -3.4979927539825439e-001 -7.8121431171894073e-002 
-3.4534248709678650e-001 -3.4980478882789612e-001 -7.8108355402946472e-002 
-3.4547802805900574e-001 -3.4880051016807556e-001 -7.8095048666000366e-002 
-3.4547752141952515e-001 -3.4780046343803406e-001 -7.8082680702209473e-002 
-3.4547740221023560e-001 -3.4680041670799255e-001 -7.8074768185615540e-002 
-3.4547683596611023e-001 -3.4380048513412476e-001 -7.8064896166324615e-002 
-3.4547710418701172e-001 -3.3980047702789307e-001 -7.8083984553813934e-002 
-3.4547749161720276e-001 -3.3880025148391724e-001 -7.8092858195304871e-002 
-3.4547722339630127e-001 -3.3780035376548767e-001 -7.8086592257022858e-002 
-3.4533676505088806e-001 -3.3580330014228821e-001 -7.8083425760269165e-002 
-3.4533435106277466e-001 -3.3280560374259949e-001 -7.8037582337856293e-002 
-3.4547388553619385e-001 -3.2880103588104248e-001 -7.8016839921474457e-002 
-3.4547322988510132e-001 -3.2780119776725769e-001 -7.8007109463214874e-002 
-3.4547165036201477e-001 -3.2280322909355164e-001 -7.7961109578609467e-002 
-3.4533262252807617e-001 -3.2180830836296082e-001 -7.7958539128303528e-002 
-3.4547105431556702e-001 -3.2080265879631042e-001 -7.7952370047569275e-002 
-3.4546911716461182e-001 -3.1880256533622742e-001 -7.7921725809574127e-002 
-3.4546822309494019e-001 -3.1780254840850830e-001 -7.7902518212795258e-002 
-3.4546545147895813e-001 -3.1280216574668884e-001 -7.7838890254497528e-002 
-3.4546387195587158e-001 -3.1180182099342346e-001 -7.7812910079956055e-002 
-3.4546443819999695e-001 -3.0880177021026611e-001 -7.7806591987609863e-002 
-3.4546312689781189e-001 -3.0480346083641052e-001 -7.7759541571140289e-002 
-3.4546095132827759e-001 -3.0280581116676331e-001 -7.7713146805763245e-002 
-3.4545651078224182e-001 -2.9480248689651489e-001 -7.7676415443420410e-002 
-3.6572951078414917e-001 -3.9480125904083252e-001 -7.7514991164207458e-002 
-3.6426350474357605e-001 -3.9480081200599670e-001 -7.7588282525539398e-002 
-3.5997024178504944e-001 -3.9480283856391907e-001 -7.7815324068069458e-002 
-3.5938727855682373e-001 -3.9480334520339966e-001 -7.7848471701145172e-002 
-3.4562656283378601e-001 -3.7079679965972900e-001 -7.8297726809978485e-002 
-3.4560790657997131e-001 -3.1679907441139221e-001 -7.7881269156932831e-002 
-3.5225594043731689e-001 -3.1180062890052795e-001 -7.7536478638648987e-002 
-3.4577509760856628e-001 -2.9780060052871704e-001 -7.7677145600318909e-002 
-3.4559759497642517e-001 -2.9280033707618713e-001 -7.7663704752922058e-002 
-3.4621337056159973e-001 -2.8980013728141785e-001 -7.7649772167205811e-002 
-3.4573119878768921e-001 -2.8780007362365723e-001 -7.7660650014877319e-002 
-3.4572732448577881e-001 -2.8680017590522766e-001 -7.7659904956817627e-002 
-3.4627622365951538e-001 -2.8580000996589661e-001 -7.7662259340286255e-002 
-3.7535527348518372e-001 -3.9480042457580566e-001 -7.7035538852214813e-002 
-3.7368512153625488e-001 -3.9480167627334595e-001 -7.7106826007366180e-002 
-3.6971679329872131e-001 -3.9480116963386536e-001 -7.7278822660446167e-002 
-3.6224311590194702e-001 -3.7779977917671204e-001 -7.7507406473159790e-002 
-3.6190524697303772e-001 -3.7679946422576904e-001 -7.7511124312877655e-002 
-3.6172986030578613e-001 -3.7579956650733948e-001 -7.7510498464107513e-002 
-3.6215204000473022e-001 -3.6580055952072144e-001 -7.7423349022865295e-002 
-3.6215442419052124e-001 -3.6380019783973694e-001 -7.7391780912876129e-002 
-3.6172536015510559e-001 -3.6380019783973694e-001 -7.7411793172359467e-002 
-3.6166915297508240e-001 -3.6280056834220886e-001 -7.7406845986843109e-002 
-3.5169720649719238e-001 -3.1179940700531006e-001 -7.7568262815475464e-002 
-3.5138803720474243e-001 -3.1179928779602051e-001 -7.7584505081176758e-002 
-3.4586656093597412e-001 -2.9879802465438843e-001 -7.7687412500381470e-002 
-3.4599888324737549e-001 -2.8879907727241516e-001 -7.7654264867305756e-002 
-3.5775652527809143e-001 -2.8580009937286377e-001 -7.7023588120937347e-002 
-3.5232830047607422e-001 -2.8579798340797424e-001 -7.7376857399940491e-002 
-3.5144242644309998e-001 -2.8579998016357422e-001 -7.7431634068489075e-002 
-3.4880575537681580e-001 -2.8579890727996826e-001 -7.7578410506248474e-002 
-3.4753486514091492e-001 -2.8579956293106079e-001 -7.7630825340747833e-002 
-3.4727936983108521e-001 -2.8579965233802795e-001 -7.7638484537601471e-002 
-3.4586808085441589e-001 -2.8579968214035034e-001 -7.7665142714977264e-002 
-3.8377878069877625e-001 -3.9480268955230713e-001 -7.6518721878528595e-002 
-3.8328492641448975e-001 -3.9480280876159668e-001 -7.6544746756553650e-002 
-3.8067117333412170e-001 -3.9480218291282654e-001 -7.6685935258865356e-002 
-3.7627807259559631e-001 -3.9480018615722656e-001 -7.6985493302345276e-002 
-3.7272620201110840e-001 -3.6179986596107483e-001 -7.6816104352474213e-002 
-3.7221714854240417e-001 -3.6179929971694946e-001 -7.6841771602630615e-002 
-3.7319114804267883e-001 -3.6079967021942139e-001 -7.6785467565059662e-002 
-3.6726024746894836e-001 -2.8580510616302490e-001 -7.6531529426574707e-002 
-3.6116442084312439e-001 -2.8579756617546082e-001 -7.6835870742797852e-002 
-3.5506084561347961e-001 -2.8579786419868469e-001 -7.7198512852191925e-002 
-3.5426187515258789e-001 -2.8579673171043396e-001 -7.7253229916095734e-002 
-3.9275079965591431e-001 -3.9480012655258179e-001 -7.6082020998001099e-002 
-3.8980647921562195e-001 -3.9480090141296387e-001 -7.6231934130191803e-002 
-3.8872793316841125e-001 -3.9480143785476685e-001 -7.6288715004920959e-002 
-3.9027702808380127e-001 -3.9179959893226624e-001 -7.6110251247882843e-002 
-3.7820404767990112e-001 -3.3079990744590759e-001 -7.6301775872707367e-002 
-3.7774750590324402e-001 -3.3079972863197327e-001 -7.6327174901962280e-002 
-3.7783899903297424e-001 -3.2979962229728699e-001 -7.6321087777614594e-002 
-3.8091102242469788e-001 -3.2479959726333618e-001 -7.6133787631988525e-002 
-3.8074970245361328e-001 -3.2380041480064392e-001 -7.6130256056785583e-002 
-3.8025161623954773e-001 -3.2380053400993347e-001 -7.6158829033374786e-002 
-3.8078087568283081e-001 -3.2280233502388000e-001 -7.6122507452964783e-002 
-3.8023820519447327e-001 -2.8580433130264282e-001 -7.5871393084526062e-002 
-3.7183704972267151e-001 -2.8579896688461304e-001 -7.6314143836498260e-002 
-3.6973252892494202e-001 -2.8579917550086975e-001 -7.6414063572883606e-002 
-3.6796760559082031e-001 -2.8579947352409363e-001 -7.6499424874782562e-002 
-3.6524116992950439e-001 -2.8579527139663696e-001 -7.6629489660263062e-002 
-3.6500281095504761e-001 -2.8579524159431458e-001 -7.6638266444206238e-002 
-3.6224916577339172e-001 -2.8579697012901306e-001 -7.6776802539825439e-002 
-4.0119707584381104e-001 -3.9480018615722656e-001 -7.5624138116836548e-002 
-4.0029662847518921e-001 -3.9479997754096985e-001 -7.5671993196010590e-002 
-3.9618444442749023e-001 -3.9479953050613403e-001 -7.5911276042461395e-002 
-3.9527747035026550e-001 -3.5179924964904785e-001 -7.5639374554157257e-002 
-3.8238164782524109e-001 -2.9779970645904541e-001 -7.5820818543434143e-002 
-3.8373172283172607e-001 -2.9679977893829346e-001 -7.5751639902591705e-002 
-3.8469997048377991e-001 -2.9580193758010864e-001 -7.5702019035816193e-002 
-3.8525989651679993e-001 -2.9479965567588806e-001 -7.5673297047615051e-002 
-3.8976019620895386e-001 -2.8580513596534729e-001 -7.5350664556026459e-002 
-3.7971436977386475e-001 -2.8579694032669067e-001 -7.5897090137004852e-002 
-3.7880405783653259e-001 -2.8579676151275635e-001 -7.5946219265460968e-002 
-3.7834793329238892e-001 -2.8579655289649963e-001 -7.5972296297550201e-002 
-3.7703627347946167e-001 -2.8579926490783691e-001 -7.6042667031288147e-002 
-3.7264838814735413e-001 -2.8579220175743103e-001 -7.6279543340206146e-002 
-4.0817132592201233e-001 -3.9480021595954895e-001 -7.5176268815994263e-002 
-4.0520650148391724e-001 -3.9480108022689819e-001 -7.5372010469436646e-002 
-3.9582183957099915e-001 -3.5179930925369263e-001 -7.5604349374771118e-002 
-3.9549508690834045e-001 -3.5179927945137024e-001 -7.5622677803039551e-002 
-3.9636504650115967e-001 -3.5079926252365112e-001 -7.5563147664070129e-002 
-3.9600238204002380e-001 -3.5079941153526306e-001 -7.5585246086120605e-002 
-4.0363231301307678e-001 -3.0980300903320313e-001 -7.4889406561851501e-002 
-4.0314114093780518e-001 -3.0980283021926880e-001 -7.4916012585163116e-002 
-3.9522966742515564e-001 -2.8580138087272644e-001 -7.5099386274814606e-002 
-3.9072003960609436e-001 -2.8579625487327576e-001 -7.5298652052879333e-002 
-3.8939657807350159e-001 -2.8579655289649963e-001 -7.5369060039520264e-002 
-3.8779747486114502e-001 -2.8579860925674438e-001 -7.5441829860210419e-002 
-3.8506227731704712e-001 -2.8579643368721008e-001 -7.5592353940010071e-002 
-3.8383036851882935e-001 -2.8579625487327576e-001 -7.5667254626750946e-002 
-3.8349360227584839e-001 -2.8579625487327576e-001 -7.5687445700168610e-002 
-3.8135296106338501e-001 -2.8579592704772949e-001 -7.5811728835105896e-002 
-4.1624799370765686e-001 -3.9480066299438477e-001 -7.4691221117973328e-002 
-4.1579145193099976e-001 -3.9480066299438477e-001 -7.4716724455356598e-002 
-4.1470900177955627e-001 -3.9480051398277283e-001 -7.4780486524105072e-002 
-4.1132453083992004e-001 -3.9479979872703552e-001 -7.4968837201595306e-002 
-4.1029876470565796e-001 -3.7880003452301025e-001 -7.4932649731636047e-002 
-4.0984559059143066e-001 -3.7780016660690308e-001 -7.4956841766834259e-002 
-4.1625002026557922e-001 -3.7180012464523315e-001 -7.4535541236400604e-002 
-4.1576007008552551e-001 -3.7180018424987793e-001 -7.4565924704074860e-002 
-4.0611311793327332e-001 -3.4479817748069763e-001 -7.5076058506965637e-002 
-4.0566992759704590e-001 -3.4479781985282898e-001 -7.5101897120475769e-002 
-4.0547725558280945e-001 -3.4479767084121704e-001 -7.5114645063877106e-002 
-4.0369018912315369e-001 -3.1079995632171631e-001 -7.4896842241287231e-002 
-4.0072527527809143e-001 -2.8579822182655334e-001 -7.4848785996437073e-002 
-3.9694920182228088e-001 -2.8579634428024292e-001 -7.5032435357570648e-002 
-3.9586359262466431e-001 -2.8579595685005188e-001 -7.5078465044498444e-002 
-3.9470991492271423e-001 -2.8579333424568176e-001 -7.5119428336620331e-002 
-3.9427399635314941e-001 -2.8579357266426086e-001 -7.5135491788387299e-002 
-3.9302590489387512e-001 -2.8579592704772949e-001 -7.5187608599662781e-002 
-4.2872589826583862e-001 -3.9480176568031311e-001 -7.3868259787559509e-002 
-4.2827734351158142e-001 -3.9480170607566833e-001 -7.3899507522583008e-002 
-4.2527934908866882e-001 -3.9480093121528625e-001 -7.4088811874389648e-002 
-4.2371809482574463e-001 -3.9480036497116089e-001 -7.4195548892021179e-002 
-4.2021545767784119e-001 -3.9480054378509521e-001 -7.4434384703636169e-002 
-4.2509916424751282e-001 -3.5980111360549927e-001 -7.3869712650775909e-002 
-4.1871365904808044e-001 -2.8580179810523987e-001 -7.3769040405750275e-002 
-4.0814858675003052e-001 -2.8579774498939514e-001 -7.4398279190063477e-002 
-4.0472203493118286e-001 -2.8579747676849365e-001 -7.4636749923229218e-002 
-4.0241765975952148e-001 -2.8579542040824890e-001 -7.4768811464309692e-002 
-4.3105748295783997e-001 -3.9479994773864746e-001 -7.3712058365345001e-002 
-4.2517870664596558e-001 -3.6079996824264526e-001 -7.3874704539775848e-002 
-4.2529153823852539e-001 -3.5980007052421570e-001 -7.3855787515640259e-002 
-4.2622265219688416e-001 -3.4880080819129944e-001 -7.3731377720832825e-002 
-4.2813107371330261e-001 -3.4780246019363403e-001 -7.3424957692623138e-002 
-4.2525464296340942e-001 -3.3680278062820435e-001 -7.3706589639186859e-002 
-4.2070451378822327e-001 -2.8580194711685181e-001 -7.3614120483398438e-002 
-4.2023739218711853e-001 -2.8579974174499512e-001 -7.3652692139148712e-002 
-4.1781967878341675e-001 -2.8580033779144287e-001 -7.3829278349876404e-002 
-4.1580361127853394e-001 -2.8579881787300110e-001 -7.3957338929176331e-002 
-4.1234856843948364e-001 -2.8579887747764587e-001 -7.4160777032375336e-002 
-4.0980628132820129e-001 -2.8579646348953247e-001 -7.4309363961219788e-002 
-4.4020619988441467e-001 -3.9480030536651611e-001 -7.3069430887699127e-002 
-4.3868455290794373e-001 -3.9480069279670715e-001 -7.3165647685527802e-002 
-4.3818208575248718e-001 -3.9480081200599670e-001 -7.3199562728404999e-002 
-4.3527323007583618e-001 -3.9479953050613403e-001 -7.3407158255577087e-002 
-4.4358396530151367e-001 -3.7580031156539917e-001 -7.2868324816226959e-002 
-4.3919530510902405e-001 -3.7180030345916748e-001 -7.3046371340751648e-002 
-4.3866941332817078e-001 -3.7080135941505432e-001 -7.3072075843811035e-002 
-4.3427321314811707e-001 -3.6680707335472107e-001 -7.3156982660293579e-002 
-4.3372803926467896e-001 -3.6580812931060791e-001 -7.3127292096614838e-002 
-4.3376711010932922e-001 -3.6481529474258423e-001 -7.2989836335182190e-002 
-4.3325480818748474e-001 -3.6481016874313354e-001 -7.3098294436931610e-002 
-4.3309953808784485e-001 -3.6282479763031006e-001 -7.2884678840637207e-002 
-4.3261185288429260e-001 -3.6182302236557007e-001 -7.2898171842098236e-002 
-4.3118971586227417e-001 -3.5881322622299194e-001 -7.3011785745620728e-002 
-4.3067395687103271e-001 -3.5680982470512390e-001 -7.3024474084377289e-002 
-4.2978537082672119e-001 -3.5379946231842041e-001 -7.3144316673278809e-002 
-4.2930236458778381e-001 -3.5180240869522095e-001 -7.3221743106842041e-002 
-4.2876681685447693e-001 -3.5080119967460632e-001 -7.3335736989974976e-002 
-4.2836490273475647e-001 -3.4580051898956299e-001 -7.3378451168537140e-002 
-4.2816531658172607e-001 -3.4480026364326477e-001 -7.3406919836997986e-002 
-4.2779213190078735e-001 -3.4480002522468567e-001 -7.3474153876304626e-002 
-4.2801922559738159e-001 -3.4179934859275818e-001 -7.3394618928432465e-002 
-4.2807656526565552e-001 -3.4079748392105103e-001 -7.3395706713199615e-002 
-4.2783039808273315e-001 -3.3780053257942200e-001 -7.3442175984382629e-002 
-4.2759943008422852e-001 -3.3580079674720764e-001 -7.3422029614448547e-002 
-4.2679914832115173e-001 -3.3179837465286255e-001 -7.3444679379463196e-002 
-4.2669135332107544e-001 -3.2879826426506042e-001 -7.3398485779762268e-002 
-4.2664331197738647e-001 -3.2379868626594543e-001 -7.3364719748497009e-002 
-4.2677515745162964e-001 -3.2180127501487732e-001 -7.3348172008991241e-002 
-4.2704716324806213e-001 -3.2079923152923584e-001 -7.3297142982482910e-002 
-4.2724674940109253e-001 -3.1879919767379761e-001 -7.3249854147434235e-002 
-4.2764699459075928e-001 -3.1679999828338623e-001 -7.3158130049705505e-002 
-4.2824319005012512e-001 -3.1380110979080200e-001 -7.3002241551876068e-002 
-4.2516550421714783e-001 -2.9579824209213257e-001 -7.3413789272308350e-002 
-4.3841126561164856e-001 -2.8575986623764038e-001 -7.2543814778327942e-002 
-4.3108439445495605e-001 -2.8580275177955627e-001 -7.2896577417850494e-002 
-4.2723748087882996e-001 -2.8580045700073242e-001 -7.3138609528541565e-002 
-4.2193561792373657e-001 -2.8579828143119812e-001 -7.3513165116310120e-002 
-4.4790905714035034e-001 -3.9480036497116089e-001 -7.2551861405372620e-002 
-4.4625678658485413e-001 -3.9480093121528625e-001 -7.2672009468078613e-002 
-4.4470867514610291e-001 -3.9480149745941162e-001 -7.2792291641235352e-002 
-4.4871515035629272e-001 -3.8179972767829895e-001 -7.2513133287429810e-002 
-4.4768655300140381e-001 -3.7979966402053833e-001 -7.2654493153095245e-002 
-4.4387203454971313e-001 -3.7680000066757202e-001 -7.2853289544582367e-002 
-4.4055357575416565e-001 -3.7279921770095825e-001 -7.2993896901607513e-002 
-4.3572631478309631e-001 -3.6680465936660767e-001 -7.2886258363723755e-002 
-4.3248379230499268e-001 -3.6079642176628113e-001 -7.2811931371688843e-002 
-4.2866525053977966e-001 -3.4779676795005798e-001 -7.3302522301673889e-002 
-4.2845883965492249e-001 -3.4679803252220154e-001 -7.3348939418792725e-002 
-4.2808890342712402e-001 -3.3879601955413818e-001 -7.3404602706432343e-002 
-4.2671483755111694e-001 -3.2579600811004639e-001 -7.3366016149520874e-002 
-4.3134650588035583e-001 -2.8579801321029663e-001 -7.2881512343883514e-002 
-4.3064054846763611e-001 -2.8579759597778320e-001 -7.2923958301544189e-002 
-4.2983236908912659e-001 -2.8579717874526978e-001 -7.2975702583789825e-002 
-4.2782375216484070e-001 -2.8579449653625488e-001 -7.3103219270706177e-002 
-4.2577758431434631e-001 -2.8579622507095337e-001 -7.3238201439380646e-002 
-4.5671242475509644e-001 -3.9480143785476685e-001 -7.2022944688796997e-002 
-4.5278090238571167e-001 -3.9480182528495789e-001 -7.2244323790073395e-002 
-4.5378926396369934e-001 -3.8480007648468018e-001 -7.2127096354961395e-002 
-4.5304021239280701e-001 -3.8379970192909241e-001 -7.2181098163127899e-002 
-4.5006573200225830e-001 -3.8180160522460938e-001 -7.2427049279212952e-002 
-4.4858860969543457e-001 -3.8080045580863953e-001 -7.2562873363494873e-002 
-4.4566199183464050e-001 -3.7780037522315979e-001 -7.2789102792739868e-002 
-4.3278729915618896e-001 -3.0379942059516907e-001 -7.2379060089588165e-002 
-4.4313728809356689e-001 -2.8877457976341248e-001 -7.1910165250301361e-002 
-4.4021710753440857e-001 -2.8880441188812256e-001 -7.2338484227657318e-002 
-4.4791465997695923e-001 -2.8575119376182556e-001 -7.1881137788295746e-002 
-4.4665309786796570e-001 -2.8578078746795654e-001 -7.2022832930088043e-002 
-4.4587424397468567e-001 -2.8579431772232056e-001 -7.2113342583179474e-002 
-4.4499355554580688e-001 -2.8580415248870850e-001 -7.2202757000923157e-002 
-4.4424298405647278e-001 -2.8582715988159180e-001 -7.2250597178936005e-002 
-4.4381108880043030e-001 -2.8581172227859497e-001 -7.2289690375328064e-002 
-4.4315558671951294e-001 -2.8582912683486938e-001 -7.2337478399276733e-002 
-4.3402287364006042e-001 -2.8579598665237427e-001 -7.2730146348476410e-002 
-4.3181023001670837e-001 -2.8579336404800415e-001 -7.2853691875934601e-002 
-4.6418794989585876e-001 -3.9480078220367432e-001 -7.1538366377353668e-002 
-4.5928254723548889e-001 -3.9480102062225342e-001 -7.1862064301967621e-002 
-4.6223017573356628e-001 -3.8779997825622559e-001 -7.1656852960586548e-002 
-4.6115145087242126e-001 -3.8779950141906738e-001 -7.1709498763084412e-002 
-4.5870646834373474e-001 -3.8679981231689453e-001 -7.1855738759040833e-002 
-4.5483127236366272e-001 -3.8480010628700256e-001 -7.2084784507751465e-002 
-4.2960545420646667e-001 -3.1079804897308350e-001 -7.2774112224578857e-002 
-4.3093028664588928e-001 -3.0780437588691711e-001 -7.2543911635875702e-002 
-4.5117938518524170e-001 -2.8570765256881714e-001 -7.1375422179698944e-002 
-4.5067298412322998e-001 -2.8571093082427979e-001 -7.1489341557025909e-002 
-4.4725936651229858e-001 -2.8584975004196167e-001 -7.1934960782527924e-002 
-4.4698423147201538e-001 -2.8580024838447571e-001 -7.1979396045207977e-002 
-4.6927091479301453e-001 -3.9480030536651611e-001 -7.1220733225345612e-002 
-4.6878498792648315e-001 -3.9480027556419373e-001 -7.1252241730690002e-002 
-4.7325098514556885e-001 -3.9179906249046326e-001 -7.1027942001819611e-002 
-4.6706977486610413e-001 -3.8979968428611755e-001 -7.1363896131515503e-002 
-4.6616244316101074e-001 -3.8979953527450562e-001 -7.1400754153728485e-002 
-4.5252925157546997e-001 -2.8574249148368835e-001 -7.0963934063911438e-002 
-4.5217946171760559e-001 -2.8569686412811279e-001 -7.1143321692943573e-002 
-4.7726413607597351e-001 -3.9480099081993103e-001 -7.0697821676731110e-002 
-4.7425433993339539e-001 -3.9480078220367432e-001 -7.0888474583625793e-002 
-4.8105680942535400e-001 -3.9280211925506592e-001 -7.0674203336238861e-002 
-4.8075363039970398e-001 -3.9279332756996155e-001 -7.0687875151634216e-002 
-4.8026064038276672e-001 -3.9278569817543030e-001 -7.0708520710468292e-002 
-4.7977638244628906e-001 -3.9278778433799744e-001 -7.0725485682487488e-002 
-4.7726124525070190e-001 -3.9280021190643311e-001 -7.0810809731483459e-002 
-4.7580990195274353e-001 -3.9280086755752563e-001 -7.0865876972675323e-002 
-4.7522619366645813e-001 -3.9280107617378235e-001 -7.0886835455894470e-002 
-4.6878287196159363e-001 -3.9079856872558594e-001 -7.1237139403820038e-002 
-4.3484273552894592e-001 -3.0183914303779602e-001 -7.1933962404727936e-002 
-4.3683683872222900e-001 -2.9884457588195801e-001 -7.1744963526725769e-002 
-4.3868777155876160e-001 -2.9683676362037659e-001 -7.1439072489738464e-002 
-4.8474025726318359e-001 -3.9480423927307129e-001 -7.0302456617355347e-002 
-4.8173463344573975e-001 -3.9480996131896973e-001 -7.0468097925186157e-002 
-4.7988757491111755e-001 -3.9480373263359070e-001 -7.0551104843616486e-002 
-4.8521548509597778e-001 -3.9380353689193726e-001 -7.0317015051841736e-002 
-4.9161040782928467e-001 -3.9279836416244507e-001 -6.9999933242797852e-002 
-4.8941650986671448e-001 -3.9278674125671387e-001 -7.0174112915992737e-002 
-4.8838487267494202e-001 -3.9278972148895264e-001 -7.0250995457172394e-002 
-4.9597528576850891e-001 -3.9180010557174683e-001 -6.9708660244941711e-002 
-4.9521628022193909e-001 -3.9179781079292297e-001 -6.9801166653633118e-002 
-4.4116574525833130e-001 -2.9486247897148132e-001 -7.0827044546604156e-002 
-4.5397433638572693e-001 -2.8574728965759277e-001 -7.0059515535831451e-002 
-4.9278840422630310e-001 -3.9480456709861755e-001 -6.9762632250785828e-002 
-4.9124112725257874e-001 -3.9480873942375183e-001 -6.9857738912105560e-002 
-4.8929622769355774e-001 -3.9480671286582947e-001 -6.9977521896362305e-002 
-4.4534569978713989e-001 -2.9084891080856323e-001 -7.0333629846572876e-002 
-4.5133993029594421e-001 -2.8685963153839111e-001 -6.9870002567768097e-002 
-4.5366036891937256e-001 -2.8585422039031982e-001 -6.9958887994289398e-002 
-5.0179296731948853e-001 -3.9480164647102356e-001 -6.9140218198299408e-002 
-4.9927663803100586e-001 -3.9480310678482056e-001 -6.9336257874965668e-002 
-4.9770072102546692e-001 -3.9480039477348328e-001 -6.9443225860595703e-002 
-4.9727770686149597e-001 -3.9179915189743042e-001 -6.9556467235088348e-002 
-4.4325926899909973e-001 -2.9290935397148132e-001 -7.0488855242729187e-002 
-4.4717961549758911e-001 -2.8986626863479614e-001 -6.9686576724052429e-002 
-5.1054430007934570e-001 -3.9479994773864746e-001 -6.8538822233676910e-002 
-5.0723969936370850e-001 -3.9480084180831909e-001 -6.8770721554756165e-002 
-5.0567626953125000e-001 -3.9480161666870117e-001 -6.8866498768329620e-002 
-5.0105911493301392e-001 -3.9079487323760986e-001 -6.9152094423770905e-002 
-5.0191324949264526e-001 -3.8979694247245789e-001 -6.9069720804691315e-002 
-5.0601607561111450e-001 -3.8779738545417786e-001 -6.8717792630195618e-002 
-4.4868218898773193e-001 -2.8888350725173950e-001 -6.9352395832538605e-002 
-5.1825600862503052e-001 -3.9480024576187134e-001 -6.8008862435817719e-002 
-5.1374304294586182e-001 -3.9479967951774597e-001 -6.8312905728816986e-002 
-5.1229232549667358e-001 -3.9479994773864746e-001 -6.8413540720939636e-002 
-5.1025837659835815e-001 -3.8679966330528259e-001 -6.8426541984081268e-002 
-5.1234585046768188e-001 -3.8580104708671570e-001 -6.8296313285827637e-002 
-5.1522779464721680e-001 -3.8479995727539063e-001 -6.8106263875961304e-002 
-5.2425289154052734e-001 -3.9480239152908325e-001 -6.7600302398204803e-002 
-5.1971781253814697e-001 -3.9479994773864746e-001 -6.7912474274635315e-002 
-5.1415562629699707e-001 -3.8479763269424438e-001 -6.8178549408912659e-002 
-5.1837104558944702e-001 -3.8179996609687805e-001 -6.7865885794162750e-002 
-5.1992923021316528e-001 -3.8080018758773804e-001 -6.7759267985820770e-002 
-5.2089178562164307e-001 -2.8575521707534790e-001 -6.7290313541889191e-002 
-5.1713544130325317e-001 -2.8578287363052368e-001 -6.7548662424087524e-002 
-5.1322114467620850e-001 -2.8579199314117432e-001 -6.7743383347988129e-002 
-5.3625029325485229e-001 -3.9480081200599670e-001 -6.6862218081951141e-002 
-5.3270328044891357e-001 -3.9480045437812805e-001 -6.7067824304103851e-002 
-5.3220820426940918e-001 -3.9480063319206238e-001 -6.7096062004566193e-002 
-5.2877390384674072e-001 -3.9480099081993103e-001 -6.7289650440216064e-002 
-5.2316015958786011e-001 -3.7779751420021057e-001 -6.7546792328357697e-002 
-5.2925622463226318e-001 -3.7579965591430664e-001 -6.7243821918964386e-002 
-5.2719241380691528e-001 -3.7579876184463501e-001 -6.7352138459682465e-002 
-5.2566182613372803e-001 -3.7580004334449768e-001 -6.7412510514259338e-002 
-5.2826106548309326e-001 -3.7479856610298157e-001 -6.7283190786838531e-002 
-5.2618640661239624e-001 -3.7480080127716064e-001 -6.7364074289798737e-002 
-5.2727586030960083e-001 -3.7280014157295227e-001 -6.7281462252140045e-002 
-5.2785873413085938e-001 -3.7179893255233765e-001 -6.7225039005279541e-002 
-5.2398437261581421e-001 -2.8579452633857727e-001 -6.7052103579044342e-002 
-5.2328008413314819e-001 -2.8580221533775330e-001 -6.7114070057868958e-002 
-5.4117095470428467e-001 -3.9479935169219971e-001 -6.6562198102474213e-002 
-5.3821516036987305e-001 -3.9479926228523254e-001 -6.6759698092937469e-002 
-5.3770071268081665e-001 -3.9479979872703552e-001 -6.6787838935852051e-002 
-5.2472281455993652e-001 -3.7579452991485596e-001 -6.7441172897815704e-002 
-5.2857083082199097e-001 -3.7079641222953796e-001 -6.7153543233871460e-002 
-5.3049284219741821e-001 -3.6879688501358032e-001 -6.7001782357692719e-002 
-5.3133404254913330e-001 -3.6679780483245850e-001 -6.6949732601642609e-002 
-5.3332829475402832e-001 -3.6279970407485962e-001 -6.6764086484909058e-002 
-5.3028815984725952e-001 -2.8580179810523987e-001 -6.6621303558349609e-002 
-5.2641040086746216e-001 -2.8579854965209961e-001 -6.6861480474472046e-002 
-5.4876989126205444e-001 -3.9480075240135193e-001 -6.6087819635868073e-002 
-5.4822868108749390e-001 -3.9480090141296387e-001 -6.6114872694015503e-002 
-5.4525250196456909e-001 -3.9480099081993103e-001 -6.6278062760829926e-002 
-5.3176289796829224e-001 -3.6579629778862000e-001 -6.6908620297908783e-002 
-5.3394830226898193e-001 -3.6079898476600647e-001 -6.6702343523502350e-002 
-5.3550446033477783e-001 -3.5679993033409119e-001 -6.6615127027034760e-002 
-5.3541666269302368e-001 -3.5579967498779297e-001 -6.6592231392860413e-002 
-5.3625953197479248e-001 -3.5279920697212219e-001 -6.6569983959197998e-002 
-5.3633868694305420e-001 -3.5179805755615234e-001 -6.6545717418193817e-002 
-5.3682726621627808e-001 -3.4779861569404602e-001 -6.6459201276302338e-002 
-5.3674042224884033e-001 -3.4679967164993286e-001 -6.6438369452953339e-002 
-5.3676456212997437e-001 -3.4480023384094238e-001 -6.6435456275939941e-002 
-5.3675001859664917e-001 -3.4279930591583252e-001 -6.6447302699089050e-002 
-5.3675025701522827e-001 -3.4179821610450745e-001 -6.6454179584980011e-002 
-5.3647106885910034e-001 -3.4079891443252563e-001 -6.6444210708141327e-002 
-5.3685617446899414e-001 -3.3780008554458618e-001 -6.6411547362804413e-002 
-5.3725481033325195e-001 -3.3679834008216858e-001 -6.6402271389961243e-002 
-5.3739494085311890e-001 -3.3579811453819275e-001 -6.6378921270370483e-002 
-5.4132407903671265e-001 -3.3379945158958435e-001 -6.6262163221836090e-002 
-5.4111725091934204e-001 -3.3279934525489807e-001 -6.6253319382667542e-002 
-5.3742122650146484e-001 -3.3279773592948914e-001 -6.6285654902458191e-002 
-5.4018986225128174e-001 -3.3180320262908936e-001 -6.6272318363189697e-002 
-5.3921139240264893e-001 -3.3080330491065979e-001 -6.6258296370506287e-002 
-5.3747004270553589e-001 -3.2779923081398010e-001 -6.6158883273601532e-002 
-5.3719753026962280e-001 -3.2380193471908569e-001 -6.6169552505016327e-002 
-5.3684794902801514e-001 -3.2180115580558777e-001 -6.6220112144947052e-002 
-5.3438723087310791e-001 -3.1380066275596619e-001 -6.5976612269878387e-002 
-5.3432565927505493e-001 -3.1280213594436646e-001 -6.6001735627651215e-002 
-5.3378343582153320e-001 -3.1180009245872498e-001 -6.5934389829635620e-002 
-5.4029506444931030e-001 -3.0479902029037476e-001 -6.6052608191967010e-002 
-5.3822582960128784e-001 -3.0380058288574219e-001 -6.6209673881530762e-002 
-5.3673356771469116e-001 -3.0280113220214844e-001 -6.6342294216156006e-002 
-5.1931881904602051e-001 -2.9282495379447937e-001 -6.6423006355762482e-002 
-5.1678186655044556e-001 -2.9181155562400818e-001 -6.6154278814792633e-002 
-5.3774213790893555e-001 -2.8580325841903687e-001 -6.6113315522670746e-002 
-5.3734004497528076e-001 -2.8580304980278015e-001 -6.6141910851001740e-002 
-5.3370875120162964e-001 -2.8579580783843994e-001 -6.6394284367561340e-002 
-5.5781877040863037e-001 -3.9480382204055786e-001 -6.5502271056175232e-002 
-5.5720728635787964e-001 -3.9480450749397278e-001 -6.5543428063392639e-002 
-5.5525124073028564e-001 -3.9480251073837280e-001 -6.5687261521816254e-002 
-5.5268949270248413e-001 -3.9480081200599670e-001 -6.5862461924552917e-002 
-5.5425304174423218e-001 -3.6780014634132385e-001 -6.5488964319229126e-002 
-5.5428314208984375e-001 -3.6680015921592712e-001 -6.5476015210151672e-002 
-5.5563747882843018e-001 -3.5579919815063477e-001 -6.5397143363952637e-002 
-5.4164415597915649e-001 -3.3279591798782349e-001 -6.6226363182067871e-002 
-5.3738009929656982e-001 -3.2979661226272583e-001 -6.6180214285850525e-002 
-5.3697645664215088e-001 -3.2279711961746216e-001 -6.6190488636493683e-002 
-5.3601336479187012e-001 -3.1779626011848450e-001 -6.6213950514793396e-002 
-5.1382547616958618e-001 -2.8985539078712463e-001 -6.6317506134510040e-002 
-5.4018700122833252e-001 -2.8579846024513245e-001 -6.5912671387195587e-002 
-5.3819048404693604e-001 -2.8579762578010559e-001 -6.6078290343284607e-002 
-5.3699910640716553e-001 -2.8579798340797424e-001 -6.6164553165435791e-002 
-5.3538215160369873e-001 -2.8579476475715637e-001 -6.6280223429203033e-002 
-5.6729412078857422e-001 -3.9480173587799072e-001 -6.4882516860961914e-002 
-5.6684374809265137e-001 -3.9480209350585938e-001 -6.4914561808109283e-002 
-5.6631910800933838e-001 -3.9480218291282654e-001 -6.4949430525302887e-002 
-5.6267899274826050e-001 -3.9480221271514893e-001 -6.5177202224731445e-002 
-5.5526900291442871e-001 -3.6879983544349670e-001 -6.5426602959632874e-002 
-5.5623972415924072e-001 -3.6780023574829102e-001 -6.5363302826881409e-002 
-5.5641609430313110e-001 -3.6679986119270325e-001 -6.5340153872966766e-002 
-5.5428451299667358e-001 -3.6479988694190979e-001 -6.5447114408016205e-002 
-5.5522495508193970e-001 -3.5980007052421570e-001 -6.5383456647396088e-002 
-5.5870658159255981e-001 -3.5879978537559509e-001 -6.5181598067283630e-002 
-5.6215399503707886e-001 -3.5779985785484314e-001 -6.4988270401954651e-002 
-5.5876922607421875e-001 -3.5580089688301086e-001 -6.5198943018913269e-002 
-5.5821794271469116e-001 -3.5580080747604370e-001 -6.5228663384914398e-002 
-5.5119568109512329e-001 -3.3179828524589539e-001 -6.5558381378650665e-002 
-5.5064314603805542e-001 -3.3179754018783569e-001 -6.5595075488090515e-002 
-5.5386173725128174e-001 -2.8580415248870850e-001 -6.4935281872749329e-002 
-5.4823130369186401e-001 -2.8580009937286377e-001 -6.5280273556709290e-002 
-5.4769837856292725e-001 -2.8579798340797424e-001 -6.5320126712322235e-002 
-5.4327017068862915e-001 -2.8579711914062500e-001 -6.5673023462295532e-002 
-5.7171201705932617e-001 -3.9479964971542358e-001 -6.4534112811088562e-002 
-5.7070481777191162e-001 -3.9480030536651611e-001 -6.4614862203598022e-002 
-5.3462702035903931e-001 -3.1478488445281982e-001 -6.6013775765895844e-002 
-5.2978873252868652e-001 -3.0583816766738892e-001 -6.5525978803634644e-002 
-5.2328711748123169e-001 -2.9785829782485962e-001 -6.5659321844577789e-002 
-5.6350022554397583e-001 -2.9680046439170837e-001 -6.4504407346248627e-002 
-5.2088415622711182e-001 -2.9588872194290161e-001 -6.5505832433700562e-002 
-5.5224186182022095e-001 -2.8779408335685730e-001 -6.5020419657230377e-002 
-5.5576628446578979e-001 -2.8679931163787842e-001 -6.4799517393112183e-002 
-5.5337125062942505e-001 -2.8579461574554443e-001 -6.4965277910232544e-002 
-5.4940825700759888e-001 -2.8579610586166382e-001 -6.5201468765735626e-002 
-5.4697489738464355e-001 -2.8579682111740112e-001 -6.5372243523597717e-002 
-5.7671207189559937e-001 -3.9480102062225342e-001 -6.4150646328926086e-002 
-5.7527470588684082e-001 -3.9480149745941162e-001 -6.4249604940414429e-002 
-5.7228881120681763e-001 -3.9479899406433105e-001 -6.4491249620914459e-002 
-5.7635635137557983e-001 -3.6280012130737305e-001 -6.4001612365245819e-002 
-5.3275305032730103e-001 -3.1081202626228333e-001 -6.5721303224563599e-002 
-5.2607434988021851e-001 -3.0092555284500122e-001 -6.5573036670684814e-002 
-5.6371659040451050e-001 -2.9579877853393555e-001 -6.4466446638107300e-002 
-5.6323570013046265e-001 -2.9579791426658630e-001 -6.4499638974666595e-002 
-5.6294190883636475e-001 -2.9579794406890869e-001 -6.4518205821514130e-002 
-5.6376820802688599e-001 -2.9479950666427612e-001 -6.4428009092807770e-002 
-5.7234185934066772e-001 -2.8581058979034424e-001 -6.3707903027534485e-002 
-5.6363224983215332e-001 -2.8580224514007568e-001 -6.4269661903381348e-002 
-5.6194525957107544e-001 -2.8579947352409363e-001 -6.4393915235996246e-002 
-5.6038182973861694e-001 -2.8579786419868469e-001 -6.4501546323299408e-002 
-5.5713140964508057e-001 -2.8579095005989075e-001 -6.4726665616035461e-002 
-5.5592936277389526e-001 -2.8579410910606384e-001 -6.4808771014213562e-002 
-5.8503663539886475e-001 -3.9479961991310120e-001 -6.3634276390075684e-002 
-5.8223849534988403e-001 -3.9479914307594299e-001 -6.3813850283622742e-002 
-5.8173716068267822e-001 -3.9479935169219971e-001 -6.3845366239547729e-002 
-5.7881867885589600e-001 -3.9479950070381165e-001 -6.4026720821857452e-002 
-5.3136771917343140e-001 -3.0885049700737000e-001 -6.5433844923973083e-002 
-5.1923900842666626e-001 -2.9492589831352234e-001 -6.5240874886512756e-002 
-5.6871002912521362e-001 -2.8579795360565186e-001 -6.3936725258827209e-002 
-5.6681591272354126e-001 -2.8579735755920410e-001 -6.4057566225528717e-002 
-5.6573945283889771e-001 -2.8579440712928772e-001 -6.4126119017601013e-002 
-5.6479865312576294e-001 -2.8579479455947876e-001 -6.4188942313194275e-002 
-5.6440091133117676e-001 -2.8579637408256531e-001 -6.4216367900371552e-002 
-5.9581965208053589e-001 -3.9480170607566833e-001 -6.2968343496322632e-002 
-5.9376692771911621e-001 -3.9479953050613403e-001 -6.3089266419410706e-002 
-5.9073179960250854e-001 -3.9479932188987732e-001 -6.3266038894653320e-002 
-5.8866208791732788e-001 -3.9480036497116089e-001 -6.3399203121662140e-002 
-5.9470421075820923e-001 -3.8480001688003540e-001 -6.2952995300292969e-002 
-5.2736401557922363e-001 -3.0295282602310181e-001 -6.5293818712234497e-002 
-5.7735419273376465e-001 -2.8580138087272644e-001 -6.3376188278198242e-002 
-5.7514017820358276e-001 -2.8579682111740112e-001 -6.3516803085803986e-002 
-5.7481390237808228e-001 -2.8579625487327576e-001 -6.3537865877151489e-002 
-5.7319027185440063e-001 -2.8579393029212952e-001 -6.3650079071521759e-002 
-5.7260185480117798e-001 -2.8579685091972351e-001 -6.3689984381198883e-002 
-6.0619193315505981e-001 -3.9480364322662354e-001 -6.2357760965824127e-002 
-6.0128408670425415e-001 -3.9480063319206238e-001 -6.2654368579387665e-002 
-5.9917521476745605e-001 -3.9480191469192505e-001 -6.2778666615486145e-002 
-5.9425550699234009e-001 -3.8580012321472168e-001 -6.2968410551548004e-002 
-5.9579622745513916e-001 -3.8479995727539063e-001 -6.2879271805286407e-002 
-5.8037960529327393e-001 -2.8579646348953247e-001 -6.3187845051288605e-002 
-6.0935473442077637e-001 -3.9479935169219971e-001 -6.2166854739189148e-002 
-6.0313814878463745e-001 -3.5980015993118286e-001 -6.2174044549465179e-002 
-6.0714060068130493e-001 -3.3980071544647217e-001 -6.1947546899318695e-002 
-5.9382057189941406e-001 -2.8579834103584290e-001 -6.2227029353380203e-002 
-5.8613753318786621e-001 -2.8579592704772949e-001 -6.2801577150821686e-002 
-5.8524233102798462e-001 -2.8579410910606384e-001 -6.2872141599655151e-002 
-6.1384618282318115e-001 -3.9479938149452209e-001 -6.1768025159835815e-002 
-6.1294913291931152e-001 -3.9480108022689819e-001 -6.1878297477960587e-002 
-6.1221677064895630e-001 -3.9480003714561462e-001 -6.1956208199262619e-002 
-6.1408740282058716e-001 -3.9180043339729309e-001 -6.1651598662137985e-002 
-6.1408543586730957e-001 -3.8680046796798706e-001 -6.1643790453672409e-002 
-6.1408400535583496e-001 -3.8080084323883057e-001 -6.1624534428119659e-002 
-6.1383408308029175e-001 -3.7080192565917969e-001 -6.1534792184829712e-002 
-6.1383342742919922e-001 -3.6880171298980713e-001 -6.1531126499176025e-002 
-6.1374431848526001e-001 -3.6780169606208801e-001 -6.1535246670246124e-002 
-6.0328584909439087e-001 -3.5879990458488464e-001 -6.2160868197679520e-002 
-6.1374366283416748e-001 -3.5679852962493896e-001 -6.1475574970245361e-002 
-6.1370480060577393e-001 -3.5179984569549561e-001 -6.1489820480346680e-002 
-6.0776811838150024e-001 -3.3879938721656799e-001 -6.1889126896858215e-002 
-6.0836803913116455e-001 -3.3779999613761902e-001 -6.1833105981349945e-002 
-6.0575914382934570e-001 -3.0679997801780701e-001 -6.1629746109247208e-002 
-5.9814655780792236e-001 -2.8580063581466675e-001 -6.1952657997608185e-002 
-5.9779649972915649e-001 -2.8579986095428467e-001 -6.1975337564945221e-002 
-5.9686386585235596e-001 -2.8579795360565186e-001 -6.2033034861087799e-002 
-5.9084725379943848e-001 -2.8579661250114441e-001 -6.2436081469058990e-002 
-6.1386907100677490e-001 -3.9379715919494629e-001 -6.1719130724668503e-002 
-6.1386162042617798e-001 -3.8879773020744324e-001 -6.1665203422307968e-002 
-6.1398369073867798e-001 -3.8579893112182617e-001 -6.1642955988645554e-002 
-6.1410564184188843e-001 -3.8179862499237061e-001 -6.1631496995687485e-002 
-6.1411786079406738e-001 -3.7679579854011536e-001 -6.1557326465845108e-002 
-6.1385738849639893e-001 -3.7279859185218811e-001 -6.1549119651317596e-002 
-6.1385387182235718e-001 -3.7179815769195557e-001 -6.1541397124528885e-002 
-6.1385589838027954e-001 -3.6979889869689941e-001 -6.1524774879217148e-002 
-6.1385148763656616e-001 -3.6579954624176025e-001 -6.1499539762735367e-002 
-6.1384999752044678e-001 -3.6479955911636353e-001 -6.1478830873966217e-002 
-6.1378830671310425e-001 -3.5980010032653809e-001 -6.1452753841876984e-002 
-6.1375284194946289e-001 -3.5880145430564880e-001 -6.1458546668291092e-002 
-6.1379110813140869e-001 -3.5380008816719055e-001 -6.1482407152652740e-002 
-6.1385321617126465e-001 -3.5180002450942993e-001 -6.1474375426769257e-002 
-6.1397439241409302e-001 -3.5080003738403320e-001 -6.1445914208889008e-002 
-6.1397212743759155e-001 -3.4879988431930542e-001 -6.1460770666599274e-002 
-6.1375796794891357e-001 -3.4580028057098389e-001 -6.1482228338718414e-002 
-6.1379182338714600e-001 -3.4379953145980835e-001 -6.1481975018978119e-002 
-6.1378961801528931e-001 -3.4279915690422058e-001 -6.1469826847314835e-002 
-6.1378800868988037e-001 -3.4179931879043579e-001 -6.1469387263059616e-002 
-6.1384779214859009e-001 -3.3880046010017395e-001 -6.1398562043905258e-002 
-6.1379295587539673e-001 -3.3679810166358948e-001 -6.1338663101196289e-002 
-6.1374610662460327e-001 -3.3279573917388916e-001 -6.1264652758836746e-002 
-6.1374151706695557e-001 -3.2879820466041565e-001 -6.1200745403766632e-002 
-6.1373955011367798e-001 -3.2479873299598694e-001 -6.1183985322713852e-002 
-6.1373215913772583e-001 -3.2379904389381409e-001 -6.1186227947473526e-002 
-6.1373382806777954e-001 -3.1979906558990479e-001 -6.1184264719486237e-002 
-6.1377668380737305e-001 -3.1480184197425842e-001 -6.1090778559446335e-002 
-6.0620087385177612e-001 -3.0779999494552612e-001 -6.1590004712343216e-002 
-6.0643172264099121e-001 -3.0680009722709656e-001 -6.1583209782838821e-002 
-6.1372578144073486e-001 -3.0380004644393921e-001 -6.1072763055562973e-002 
-6.1377972364425659e-001 -2.9780048131942749e-001 -6.1024475842714310e-002 
-6.1371630430221558e-001 -2.8880217671394348e-001 -6.0887850821018219e-002 
-6.0815972089767456e-001 -2.8579804301261902e-001 -6.1338212341070175e-002 
-6.0728210210800171e-001 -2.8580054640769958e-001 -6.1392486095428467e-002 
-6.0583233833312988e-001 -2.8579881787300110e-001 -6.1477508395910263e-002 
-6.0379415750503540e-001 -2.8579598665237427e-001 -6.1595261096954346e-002 
-6.0295939445495605e-001 -2.8579491376876831e-001 -6.1642322689294815e-002 
-6.1376547813415527e-001 -3.3179128170013428e-001 -6.1247523874044418e-002 
-6.1375772953033447e-001 -3.1779637932777405e-001 -6.1156619340181351e-002 
-6.1375147104263306e-001 -3.1679528951644897e-001 -6.1137732118368149e-002 
-6.1374187469482422e-001 -3.1079846620559692e-001 -6.1033997684717178e-002 
-6.1374342441558838e-001 -3.0680036544799805e-001 -6.1050605028867722e-002 
-6.1386066675186157e-001 -3.0179944634437561e-001 -6.1071522533893585e-002 
-6.1386263370513916e-001 -2.9379707574844360e-001 -6.0945667326450348e-002 
-6.1361539363861084e-001 -2.8579941391944885e-001 -6.0853533446788788e-002 
-6.1176216602325439e-001 -2.8579643368721008e-001 -6.1077874153852463e-002 
]
