edgePlot=[...
3.4951749444007874e-001 6.4883731305599213e-002 0.0000000000000000e+000 
3.5254445672035217e-001 6.7632094025611877e-002 0.0000000000000000e+000 
3.5254451632499695e-001 6.8813055753707886e-002 0.0000000000000000e+000 
3.5261511802673340e-001 8.1717327237129211e-002 0.0000000000000000e+000 
3.5261511802673340e-001 8.2570448517799377e-002 0.0000000000000000e+000 
3.5574847459793091e-001 8.3933539688587189e-002 0.0000000000000000e+000 
3.5427248477935791e-001 1.1546743661165237e-001 0.0000000000000000e+000 
3.5451573133468628e-001 1.1546743661165237e-001 0.0000000000000000e+000 
3.5427251458168030e-001 1.1641436815261841e-001 0.0000000000000000e+000 
3.5451573133468628e-001 1.1641436815261841e-001 0.0000000000000000e+000 
3.6126372218132019e-001 1.3210064172744751e-001 0.0000000000000000e+000 
3.5784924030303955e-001 1.3331210613250732e-001 0.0000000000000000e+000 
3.5784927010536194e-001 1.3430888950824738e-001 0.0000000000000000e+000 
3.6101236939430237e-001 1.3924434781074524e-001 0.0000000000000000e+000 
3.5614052414894104e-001 1.4018332958221436e-001 0.0000000000000000e+000 
3.5324007272720337e-001 1.4324529469013214e-001 0.0000000000000000e+000 
3.5865110158920288e-001 1.4325468242168427e-001 0.0000000000000000e+000 
3.5910999774932861e-001 1.4325505495071411e-001 0.0000000000000000e+000 
3.5324010252952576e-001 1.4418713748455048e-001 0.0000000000000000e+000 
3.5368856787681580e-001 1.4418749511241913e-001 0.0000000000000000e+000 
3.5865113139152527e-001 1.4419652521610260e-001 0.0000000000000000e+000 
3.5911002755165100e-001 1.4419689774513245e-001 0.0000000000000000e+000 
3.5021495819091797e-001 1.4624874293804169e-001 0.0000000000000000e+000 
3.5009574890136719e-001 1.4710068702697754e-001 0.0000000000000000e+000 
3.4951922297477722e-001 1.4917917549610138e-001 0.0000000000000000e+000 
3.5440689325332642e-001 1.4918808639049530e-001 0.0000000000000000e+000 
3.5465013980865479e-001 1.4918808639049530e-001 0.0000000000000000e+000 
3.5465016961097717e-001 1.5018758177757263e-001 0.0000000000000000e+000 
3.4907853603363037e-001 1.5318602323532104e-001 0.0000000000000000e+000 
3.4907859563827515e-001 1.5421432256698608e-001 0.0000000000000000e+000 
3.5287764668464661e-001 1.5422071516513824e-001 0.0000000000000000e+000 
2.9361566901206970e-001 9.6418470144271851e-002 1.2497416697442532e-002 
2.9361566901206970e-001 9.7250036895275116e-002 1.2497417628765106e-002 
2.9361563920974731e-001 9.8334401845932007e-002 1.2497382238507271e-002 
2.9361566901206970e-001 9.9314346909523010e-002 1.2497418560087681e-002 
2.9361566901206970e-001 1.0024964809417725e-001 1.2497414834797382e-002 
2.9361566901206970e-001 1.1204171925783157e-001 1.2497417628765106e-002 
2.9360035061836243e-001 1.2321204692125320e-001 1.2497089803218842e-002 
2.9362779855728149e-001 1.2420758605003357e-001 1.2497670017182827e-002 
2.9339691996574402e-001 4.1708353906869888e-002 1.2664541602134705e-002 
2.9339689016342163e-001 4.2535908520221710e-002 1.2664553709328175e-002 
2.9339689016342163e-001 4.5728906989097595e-002 1.2664545327425003e-002 
2.9338052868843079e-001 7.6540037989616394e-002 1.2826061807572842e-002 
2.9338049888610840e-001 7.7268406748771667e-002 1.2826060876250267e-002 
2.9338046908378601e-001 7.8490406274795532e-002 1.2826059013605118e-002 
2.9341349005699158e-001 9.6418127417564392e-002 1.2502897530794144e-002 
2.9341349005699158e-001 9.7249701619148254e-002 1.2502886354923248e-002 
2.9341346025466919e-001 9.8334059119224548e-002 1.2502907775342464e-002 
2.9339697957038879e-001 9.9314503371715546e-002 1.2664562091231346e-002 
2.9339697957038879e-001 1.0024980455636978e-001 1.2664541602134705e-002 
2.9342719912528992e-001 1.1520702391862869e-001 1.2504425831139088e-002 
2.9363077878952026e-001 1.1520855128765106e-001 1.2825994752347469e-002 
2.9343423247337341e-001 1.1615400016307831e-001 1.2505217455327511e-002 
2.9359695315361023e-001 1.1615528911352158e-001 1.2822223827242851e-002 
2.9355505108833313e-001 1.1713522672653198e-001 1.2817526236176491e-002 
2.9350659251213074e-001 1.1814820021390915e-001 1.2812123633921146e-002 
2.9339388012886047e-001 1.2321276217699051e-001 1.2826338410377502e-002 
2.9337003827095032e-001 1.2420818954706192e-001 1.2825848534703255e-002 
2.9998755455017090e-001 1.1718607693910599e-001 2.4967690929770470e-002 
3.0020353198051453e-001 1.1718595027923584e-001 2.4811333045363426e-002 
2.9998761415481567e-001 1.1819932609796524e-001 2.4967705830931664e-002 
3.0020356178283691e-001 1.1819919943809509e-001 2.4811347946524620e-002 
3.4826731681823730e-001 1.2714621424674988e-001 5.9260599315166473e-002 
3.5020154714584351e-001 1.2832501530647278e-001 5.9279195964336395e-002 
3.4728753566741943e-001 1.3128602504730225e-001 5.9452861547470093e-002 
3.2183772325515747e-001 6.4837016165256500e-002 6.0593549162149429e-002 
3.2287237048149109e-001 6.4838759601116180e-002 6.0588572174310684e-002 
3.1175559759140015e-001 1.1318448185920715e-001 6.0413811355829239e-002 
3.1212338805198669e-001 1.1318515241146088e-001 6.0410805046558380e-002 
3.1175553798675537e-001 1.1440943181514740e-001 6.0400065034627914e-002 
3.1489098072052002e-001 1.1441495269536972e-001 6.0365591198205948e-002 
3.2085368037223816e-001 5.7831998914480209e-002 6.0890566557645798e-002 
3.2320085167884827e-001 5.9850040823221207e-002 6.0753453522920609e-002 
3.2247146964073181e-001 6.4835265278816223e-002 6.0591459274291992e-002 
3.1669971346855164e-001 1.1223630607128143e-001 6.0382258147001266e-002 
2.0417810976505280e-001 1.3896310329437256e-001 6.1454579234123230e-002 
2.8724780678749084e-001 1.5308023989200592e-001 6.0918789356946945e-002 
3.2272580265998840e-001 5.6819804012775421e-002 6.0930777341127396e-002 
2.0779845118522644e-001 1.3605412840843201e-001 6.1260387301445007e-002 
2.0325055718421936e-001 1.3691960275173187e-001 6.1457663774490356e-002 
2.8617984056472778e-001 1.4907142519950867e-001 6.1028379946947098e-002 
2.8327977657318115e-001 1.5006591379642487e-001 6.1025358736515045e-002 
2.2171477973461151e-001 1.5092973411083221e-001 6.1548270285129547e-002 
2.1899385750293732e-001 1.5500622987747192e-001 6.1552658677101135e-002 
2.2232809662818909e-001 1.5501104295253754e-001 6.1569880694150925e-002 
2.0341368019580841e-001 4.8686198890209198e-002 6.2296655029058456e-002 
2.0222672820091248e-001 4.9654945731163025e-002 6.2254626303911209e-002 
1.5273208916187286e-001 5.7533822953701019e-002 6.2332484871149063e-002 
1.5521903336048126e-001 5.7537600398063660e-002 6.2423169612884521e-002 
1.5572340786457062e-001 5.7538837194442749e-002 6.2442764639854431e-002 
1.5622694790363312e-001 5.7540066540241241e-002 6.2461070716381073e-002 
1.5672981739044189e-001 5.7541247457265854e-002 6.2476545572280884e-002 
2.0208290219306946e-001 4.9644954502582550e-002 6.2248073518276215e-002 
1.5820646286010742e-001 5.2372835576534271e-002 6.2644794583320618e-002 
1.5870574116706848e-001 5.2374191582202911e-002 6.2659829854965210e-002 
1.5920437872409821e-001 5.2375521510839462e-002 6.2673501670360565e-002 
2.9373711347579956e-001 1.1318834871053696e-001 6.3155494630336761e-002 
2.9367896914482117e-001 1.1437568068504333e-001 6.2644101679325104e-002 
1.4730483293533325e-001 1.5488098561763763e-001 6.2830023467540741e-002 
1.9275984168052673e-001 9.6397377550601959e-002 6.2428917735815048e-002 
1.9276100397109985e-001 9.7227402031421661e-002 6.2444530427455902e-002 
1.9277955591678619e-001 9.8318167030811310e-002 6.2622107565402985e-002 
1.4517289400100708e-001 1.5867686271667480e-001 6.3178665935993195e-002 
1.4878296852111816e-001 1.5869845449924469e-001 6.3223108649253845e-002 
2.9379433393478394e-001 1.1145510524511337e-001 6.4027994871139526e-002 
2.9373914003372192e-001 1.1217039078474045e-001 6.3689641654491425e-002 
1.9663463532924652e-001 1.0632159560918808e-001 6.5042801201343536e-002 
1.9667804241180420e-001 1.0705807805061340e-001 6.4904093742370605e-002 
1.9674432277679443e-001 1.0822859406471252e-001 6.4683862030506134e-002 
2.4736480414867401e-001 9.5837138593196869e-002 7.9950504004955292e-002 
2.4752177298069000e-001 9.5836542546749115e-002 7.9947538673877716e-002 
2.4682958424091339e-001 9.5821507275104523e-002 7.9983964562416077e-002 
2.4862810969352722e-001 9.5815591514110565e-002 8.0079041421413422e-002 
2.5008785724639893e-001 9.8458379507064819e-002 8.0152556300163269e-002 
2.4864551424980164e-001 9.5805168151855469e-002 8.0113627016544342e-002 
2.4912396073341370e-001 9.5798932015895844e-002 8.0198794603347778e-002 
2.4374541640281677e-001 9.8462142050266266e-002 8.0491572618484497e-002 
2.5053456425666809e-001 9.8469614982604980e-002 8.0304898321628571e-002 
2.5079584121704102e-001 9.8473690450191498e-002 8.0385528504848480e-002 
2.4522595107555389e-001 9.5754817128181458e-002 8.0318346619606018e-002 
2.4963630735874176e-001 9.5770612359046936e-002 8.0301240086555481e-002 
2.4323458969593048e-001 9.8467089235782623e-002 8.0639488995075226e-002 
2.4610893428325653e-001 9.4623431563377380e-002 8.0431118607521057e-002 
2.4290023744106293e-001 9.7403183579444885e-002 8.0728329718112946e-002 
2.4289594590663910e-001 9.8466448485851288e-002 8.0735124647617340e-002 
2.9761609435081482e-001 1.0226851701736450e-001 8.0932848155498505e-002 
2.9727688431739807e-001 1.0351637005805969e-001 8.0906838178634644e-002 
2.9719144105911255e-001 1.0548150539398193e-001 8.0851592123508453e-002 
2.9659831523895264e-001 1.0847160220146179e-001 8.0819085240364075e-002 
2.9524543881416321e-001 1.0948068648576736e-001 8.0840907990932465e-002 
2.9532986879348755e-001 1.1151970177888870e-001 8.0828621983528137e-002 
2.9372617602348328e-001 1.1637558788061142e-001 8.0788336694240570e-002 
2.9254734516143799e-001 1.1735369265079498e-001 8.0785520374774933e-002 
2.9254707694053650e-001 1.1836641281843185e-001 8.0761797726154327e-002 
2.9062682390213013e-001 1.2034683674573898e-001 8.0710202455520630e-002 
2.4039858579635620e-001 1.2125670164823532e-001 8.1231467425823212e-002 
2.8954812884330750e-001 1.2134248018264771e-001 8.0687269568443298e-002 
2.8954789042472839e-001 1.2218294292688370e-001 8.0664820969104767e-002 
2.8812423348426819e-001 1.2342423200607300e-001 8.0651551485061646e-002 
2.8812414407730103e-001 1.2441904097795486e-001 8.0646596848964691e-002 
2.8719800710678101e-001 1.2612858414649963e-001 8.0702207982540131e-002 
2.8551614284515381e-001 1.2828142940998077e-001 8.0788224935531616e-002 
2.8318127989768982e-001 1.3027329742908478e-001 8.0906286835670471e-002 
2.8374958038330078e-001 1.3027875125408173e-001 8.0912232398986816e-002 
2.8209033608436584e-001 1.3203100860118866e-001 8.0998227000236511e-002 
2.8010720014572144e-001 1.3423654437065125e-001 8.1085033714771271e-002 
2.7514982223510742e-001 1.3797493278980255e-001 8.1127509474754333e-002 
2.8272151947021484e-001 5.9848215430974960e-002 8.1598527729511261e-002 
2.8429725766181946e-001 6.1842702329158783e-002 8.1545889377593994e-002 
2.8629234433174133e-001 6.3632562756538391e-002 8.1493295729160309e-002 
2.8820928931236267e-001 6.5971329808235168e-002 8.1478223204612732e-002 
2.8829288482666016e-001 6.8767212331295013e-002 8.1485465168952942e-002 
2.9116007685661316e-001 6.9821290671825409e-002 8.1380240619182587e-002 
2.9115998744964600e-001 7.0742577314376831e-002 8.1378109753131866e-002 
2.9225051403045654e-001 7.1716964244842529e-002 8.1341519951820374e-002 
2.6079976558685303e-001 7.3675148189067841e-002 8.1583559513092041e-002 
2.9359567165374756e-001 7.5778856873512268e-002 8.1341579556465149e-002 
2.9511237144470215e-001 7.6764859259128571e-002 8.1334419548511505e-002 
2.9511234164237976e-001 7.7493213117122650e-002 8.1330530345439911e-002 
2.6602494716644287e-001 7.9646676778793335e-002 8.1531219184398651e-002 
2.9601141810417175e-001 7.9700492322444916e-002 8.1318020820617676e-002 
2.6602497696876526e-001 8.0585397779941559e-002 8.1536807119846344e-002 
2.9670664668083191e-001 8.1686437129974365e-002 8.1303425133228302e-002 
2.5346612930297852e-001 8.2463137805461884e-002 8.1650659441947937e-002 
2.5265169143676758e-001 8.3820015192031860e-002 8.1662222743034363e-002 
2.5419905781745911e-001 8.3822563290596008e-002 8.1636115908622742e-002 
2.6627022027969360e-001 8.3843693137168884e-002 8.1547640264034271e-002 
2.6651549339294434e-001 8.3844110369682312e-002 8.1546969711780548e-002 
2.5542092323303223e-001 8.4669969975948334e-002 8.1622466444969177e-002 
2.5558382272720337e-001 8.4670260548591614e-002 8.1619918346405029e-002 
2.9756307601928711e-001 8.4743648767471313e-002 8.1308275461196899e-002 
2.5884309411048889e-001 8.5509911179542542e-002 8.1592254340648651e-002 
2.5933218002319336e-001 8.7586715817451477e-002 8.1595048308372498e-002 
2.5933223962783813e-001 8.8576041162014008e-002 8.1600464880466461e-002 
2.9821008443832397e-001 8.9663930237293243e-002 8.1334337592124939e-002 
2.9866451025009155e-001 9.1596536338329315e-002 8.1284172832965851e-002 
2.9866427183151245e-001 9.2400357127189636e-002 8.1270739436149597e-002 
2.9860857129096985e-001 9.5809929072856903e-002 8.1173658370971680e-002 
2.5478407740592957e-001 9.8486907780170441e-002 8.1220850348472595e-002 
2.9818159341812134e-001 1.0047753155231476e-001 8.0974459648132324e-002 
2.4284008145332336e-001 1.0136736184358597e-001 8.1069573760032654e-002 
2.5111439824104309e-001 1.0219919681549072e-001 8.1009574234485626e-002 
2.5192546844482422e-001 1.0219506174325943e-001 8.1088870763778687e-002 
2.4538318812847137e-001 1.0343860089778900e-001 8.1098124384880066e-002 
2.4579177796840668e-001 1.0344026982784271e-001 8.1085227429866791e-002 
2.4759161472320557e-001 1.0344520956277847e-001 8.1066325306892395e-002 
2.4881908297538757e-001 1.0344477742910385e-001 8.1093370914459229e-002 
2.6080182194709778e-001 1.0541743040084839e-001 8.1204749643802643e-002 
2.6088631153106689e-001 1.0648324340581894e-001 8.1188529729843140e-002 
2.6227092742919922e-001 1.0841161757707596e-001 8.1164002418518066e-002 
2.6120990514755249e-001 1.1146026104688644e-001 8.1188954412937164e-002 
2.9159924387931824e-001 1.1225914955139160e-001 8.0905646085739136e-002 
2.3476645350456238e-001 1.1532761156558990e-001 8.1454969942569733e-002 
2.3632296919822693e-001 1.1533016711473465e-001 8.1428065896034241e-002 
2.3599512875080109e-001 1.1627630144357681e-001 8.1414535641670227e-002 
2.4269883334636688e-001 1.1726717650890350e-001 8.1297725439071655e-002 
2.4424959719181061e-001 1.1726976931095123e-001 8.1280522048473358e-002 
2.4375826120376587e-001 1.1931503564119339e-001 8.1232078373432159e-002 
2.4171210825443268e-001 1.2209868431091309e-001 8.1202931702136993e-002 
2.4318720400333405e-001 1.2334735691547394e-001 8.1175193190574646e-002 
2.3730391263961792e-001 1.2702347338199615e-001 8.1323266029357910e-002 
2.3730467259883881e-001 1.2819904088973999e-001 8.1368379294872284e-002 
2.3673218488693237e-001 1.2919765710830688e-001 8.1415414810180664e-002 
2.7810311317443848e-001 1.3528428971767426e-001 8.1110037863254547e-002 
2.7176561951637268e-001 1.4010484516620636e-001 8.1124275922775269e-002 
2.6774877309799194e-001 1.4195263385772705e-001 8.1170208752155304e-002 
2.6815810799598694e-001 1.4195331931114197e-001 8.1163205206394196e-002 
2.6226818561553955e-001 1.4409767091274261e-001 8.1305488944053650e-002 
2.6324769854545593e-001 1.4409939944744110e-001 8.1286512315273285e-002 
2.5753745436668396e-001 1.4514112472534180e-001 8.1435963511466980e-002 
2.6919889450073242e-001 5.1843423396348953e-002 8.2096301019191742e-002 
2.7369883656501770e-001 5.3866479545831680e-002 8.2021668553352356e-002 
2.7369868755340576e-001 5.4875899106264114e-002 8.2002714276313782e-002 
2.7723869681358337e-001 5.5872768163681030e-002 8.1912212073802948e-002 
2.6960289478302002e-001 5.6810639798641205e-002 8.1948809325695038e-002 
2.7018022537231445e-001 5.7804383337497711e-002 8.1896424293518066e-002 
2.8022211790084839e-001 5.7823110371828079e-002 8.1737637519836426e-002 
2.7017998695373535e-001 5.8834496885538101e-002 8.1841371953487396e-002 
2.8179222345352173e-001 5.9843644499778748e-002 8.1634752452373505e-002 
2.8228870034217834e-001 5.9844221919775009e-002 8.1618964672088623e-002 
2.1511061489582062e-001 6.1722654849290848e-002 8.2076452672481537e-002 
2.8411155939102173e-001 6.1840675771236420e-002 8.1549726426601410e-002 
2.1251465380191803e-001 6.3504718244075775e-002 8.2075357437133789e-002 
2.1083472669124603e-001 6.5837711095809937e-002 8.2101978361606598e-002 
2.0889714360237122e-001 6.7448481917381287e-002 8.2087576389312744e-002 
2.8935420513153076e-001 6.7585982382297516e-002 8.1440791487693787e-002 
2.0889729261398315e-001 6.8629279732704163e-002 8.2082122564315796e-002 
2.8935444355010986e-001 6.8767100572586060e-002 8.1451676785945892e-002 
2.7997279167175293e-001 7.1694836020469666e-002 8.1506967544555664e-002 
2.8013795614242554e-001 7.1695126593112946e-002 8.1507265567779541e-002 
2.8071647882461548e-001 7.1696154773235321e-002 8.1507369875907898e-002 
2.5940951704978943e-001 7.3671497404575348e-002 8.1591293215751648e-002 
2.5965395569801331e-001 7.3671914637088776e-002 8.1589393317699432e-002 
2.6618048548698425e-001 7.9647548496723175e-002 8.1529773771762848e-002 
2.5444182753562927e-001 8.3824358880519867e-002 8.1632807850837708e-002 
2.6568555831909180e-001 8.3845481276512146e-002 8.1550210714340210e-002 
2.5900211930274963e-001 8.4677360951900482e-002 8.1591084599494934e-002 
2.5900214910507202e-001 8.5511133074760437e-002 8.1591531634330750e-002 
2.5900205969810486e-001 8.6603835225105286e-002 8.1590369343757629e-002 
2.5989848375320435e-001 8.6605370044708252e-002 8.1586070358753204e-002 
2.2921337187290192e-001 8.8524013757705688e-002 8.1940993666648865e-002 
2.2269794344902039e-001 8.9533962309360504e-002 8.2004040479660034e-002 
2.5721091032028198e-001 8.9593328535556793e-002 8.1657744944095612e-002 
2.2369037568569183e-001 9.2270582914352417e-002 8.1989154219627380e-002 
2.5512009859085083e-001 9.8485335707664490e-002 8.1271290779113770e-002 
2.5560364127159119e-001 9.8486006259918213e-002 8.1339605152606964e-002 
1.9589337706565857e-001 1.0127716511487961e-001 8.2079134881496429e-002 
1.9589325785636902e-001 1.0209093987941742e-001 8.2061082124710083e-002 
2.5137215852737427e-001 1.0220938175916672e-001 8.1026054918766022e-002 
2.5153458118438721e-001 1.0220868885517120e-001 8.1049077212810516e-002 
1.9589319825172424e-001 1.0333992540836334e-001 8.2036577165126801e-002 
1.9589303433895111e-001 1.0427653044462204e-001 8.2016855478286743e-002 
1.9632455706596375e-001 1.0637144744396210e-001 8.1980429589748383e-002 
1.9632451236248016e-001 1.0711391270160675e-001 8.1977427005767822e-002 
1.9632452726364136e-001 1.0829859972000122e-001 8.1975378096103668e-002 
1.9727340340614319e-001 1.1209724843502045e-001 8.1969000399112701e-002 
2.0981717109680176e-001 1.1429722607135773e-001 8.1803500652313232e-002 
2.1030142903327942e-001 1.1429940164089203e-001 8.1794068217277527e-002 
2.3452986776828766e-001 1.1627158522605896e-001 8.1441603600978851e-002 
1.9882194697856903e-001 1.1719240248203278e-001 8.1918112933635712e-002 
2.0028042793273926e-001 1.1719490587711334e-001 8.1893563270568848e-002 
2.0412197709083557e-001 1.2019735574722290e-001 8.1813603639602661e-002 
2.0418779551982880e-001 1.2119358032941818e-001 8.1802397966384888e-002 
2.0522661507129669e-001 1.2119516730308533e-001 8.1782557070255280e-002 
2.0572669804096222e-001 1.2119609862565994e-001 8.1774197518825531e-002 
2.0224684476852417e-001 1.2203124165534973e-001 8.1832513213157654e-002 
2.0181012153625488e-001 1.2427029758691788e-001 8.1853613257408142e-002 
2.0267416536808014e-001 1.2598390877246857e-001 8.1860445439815521e-002 
2.1819277107715607e-001 1.2916924059391022e-001 8.1707626581192017e-002 
2.0539860427379608e-001 1.3013815879821777e-001 8.1927835941314697e-002 
2.1717701852321625e-001 1.3015910983085632e-001 8.1760972738265991e-002 
2.1768379211425781e-001 1.3016183674335480e-001 8.1749640405178070e-002 
2.4025705456733704e-001 1.3317795097827911e-001 8.1467404961585999e-002 
2.4091029167175293e-001 1.3317918777465820e-001 8.1457830965518951e-002 
2.4107359349727631e-001 1.3317948579788208e-001 8.1455819308757782e-002 
2.1125422418117523e-001 1.3516569137573242e-001 8.1960655748844147e-002 
2.1167428791522980e-001 1.3516646623611450e-001 8.1952176988124847e-002 
2.1385420858860016e-001 1.3787162303924561e-001 8.1902422010898590e-002 
2.1418897807598114e-001 1.3787223398685455e-001 8.1895738840103149e-002 
2.1519239246845245e-001 1.3787400722503662e-001 8.1875249743461609e-002 
2.1686154603958130e-001 1.4000970125198364e-001 8.1825926899909973e-002 
2.1719495952129364e-001 1.4001028239727020e-001 8.1819608807563782e-002 
2.1769484877586365e-001 1.4001114666461945e-001 8.1810846924781799e-002 
2.2035580873489380e-001 1.4187110960483551e-001 8.1781558692455292e-002 
2.2434948384761810e-001 1.4403380453586578e-001 8.1846132874488831e-002 
2.4678608775138855e-001 1.4407195150852203e-001 8.1548832356929779e-002 
2.3027658462524414e-001 1.4509306848049164e-001 8.1856824457645416e-002 
2.3077325522899628e-001 1.4509578049182892e-001 8.1848576664924622e-002 
2.3225006461143494e-001 1.4509887993335724e-001 8.1812046468257904e-002 
2.3274031281471252e-001 1.4509885013103485e-001 8.1803090870380402e-002 
2.3372539877891541e-001 1.4510177075862885e-001 8.1783033907413483e-002 
2.3879677057266235e-001 1.4511111378669739e-001 8.1705130636692047e-002 
2.4222467839717865e-001 1.4511726796627045e-001 8.1658177077770233e-002 
2.4320313334465027e-001 1.4511904120445251e-001 8.1650853157043457e-002 
2.4418109655380249e-001 1.4512079954147339e-001 8.1639513373374939e-002 
2.4581064283847809e-001 1.4512363076210022e-001 8.1622347235679626e-002 
2.5020730495452881e-001 1.4512978494167328e-001 8.1573516130447388e-002 
2.5199791789054871e-001 1.4513482153415680e-001 8.1540048122406006e-002 
2.5484651327133179e-001 1.4514049887657166e-001 8.1477545201778412e-002 
2.5655803084373474e-001 1.4514149725437164e-001 8.1447243690490723e-002 
2.3768000304698944e-001 4.9790006130933762e-002 8.2350462675094604e-002 
2.3931452631950378e-001 4.9791380763053894e-002 8.2363002002239227e-002 
2.4176150560379028e-001 4.9793887883424759e-002 8.2367412745952606e-002 
2.4371486902236938e-001 4.9797769635915756e-002 8.2363061606884003e-002 
2.4420024454593658e-001 4.9802716821432114e-002 8.2361303269863129e-002 
2.4469113349914551e-001 4.9799665808677673e-002 8.2361169159412384e-002 
2.4680550396442413e-001 4.9804117530584335e-002 8.2365863025188446e-002 
2.4924398958683014e-001 4.9809388816356659e-002 8.2374691963195801e-002 
2.5070670247077942e-001 4.9812469631433487e-002 8.2377396523952484e-002 
2.5103169679641724e-001 4.9813188612461090e-002 8.2379013299942017e-002 
2.5168174505233765e-001 4.9814503639936447e-002 8.2379333674907684e-002 
2.5476944446563721e-001 4.9820147454738617e-002 8.2368433475494385e-002 
2.6176193356513977e-001 4.9829740077257156e-002 8.2270644605159760e-002 
2.6371598243713379e-001 4.9832399934530258e-002 8.2240723073482513e-002 
2.6421111822128296e-001 4.9839999526739120e-002 8.2229755818843842e-002 
2.3767991364002228e-001 5.0766550004482269e-002 8.2319691777229309e-002 
2.3144601285457611e-001 5.1773417741060257e-002 8.2223117351531982e-002 
2.3276893794536591e-001 5.1771707832813263e-002 8.2247644662857056e-002 
2.3375347256660461e-001 5.1773209124803543e-002 8.2263872027397156e-002 
2.3424439132213593e-001 5.1774412393569946e-002 8.2270242273807526e-002 
2.3522575199604034e-001 5.1776867359876633e-002 8.2282580435276031e-002 
2.3571619391441345e-001 5.1778052002191544e-002 8.2287058234214783e-002 
2.3620648682117462e-001 5.1779203116893768e-002 8.2290351390838623e-002 
2.6771104335784912e-001 5.1826931536197662e-002 8.2104124128818512e-002 
2.6878121495246887e-001 5.1835916936397552e-002 8.2103192806243896e-002 
2.2733810544013977e-001 5.3785294294357300e-002 8.2213938236236572e-002 
2.7221715450286865e-001 5.3860034793615341e-002 8.2038998603820801e-002 
2.7336430549621582e-001 5.3861595690250397e-002 8.2027420401573181e-002 
2.7352824807167053e-001 5.3861737251281738e-002 8.2024395465850830e-002 
2.2337956726551056e-001 5.5777344852685928e-002 8.2213744521141052e-002 
2.7598980069160461e-001 5.5862981826066971e-002 8.1934005022048950e-002 
2.7672952413558960e-001 5.5863764137029648e-002 8.1923097372055054e-002 
2.2021967172622681e-001 5.7717308402061462e-002 8.2161657512187958e-002 
2.6984292268753052e-001 5.7796351611614227e-002 8.1900432705879211e-002 
2.2021947801113129e-001 5.8748692274093628e-002 8.2123957574367523e-002 
2.2073042392730713e-001 5.8747690171003342e-002 8.2124069333076477e-002 
2.7041476964950562e-001 5.8827716857194901e-002 8.1839591264724731e-002 
2.7057835459709167e-001 5.8827959001064301e-002 8.1838235259056091e-002 
2.7106928825378418e-001 5.8828853070735931e-002 8.1835284829139709e-002 
2.1721951663494110e-001 5.9732101857662201e-002 8.2105800509452820e-002 
2.1538436412811279e-001 6.1721984297037125e-002 8.2075797021389008e-002 
2.0713739097118378e-001 6.9674499332904816e-002 8.2072272896766663e-002 
2.0585258305072784e-001 7.1566767990589142e-002 8.2050770521163940e-002 
2.0474928617477417e-001 7.3577046394348145e-002 8.2055628299713135e-002 
2.0219558477401733e-001 7.6603755354881287e-002 8.2112289965152740e-002 
2.0091420412063599e-001 7.9533934593200684e-002 8.2117609679698944e-002 
2.0091421902179718e-001 8.0472737550735474e-002 8.2125760614871979e-002 
1.9988690316677094e-001 8.1518188118934631e-002 8.2120425999164581e-002 
1.9842822849750519e-001 8.4571927785873413e-002 8.2157157361507416e-002 
2.2947354614734650e-001 8.8523916900157928e-002 8.1938832998275757e-002 
2.2963777184486389e-001 8.8524200022220612e-002 8.1937305629253387e-002 
1.9794911146163940e-001 8.9491359889507294e-002 8.2204848527908325e-002 
2.2486343979835510e-001 8.9537367224693298e-002 8.1987597048282623e-002 
2.2502847015857697e-001 8.9537650346755981e-002 8.1986710429191589e-002 
1.9730985164642334e-001 9.1420747339725494e-002 8.2218088209629059e-002 
2.2469003498554230e-001 9.1467805206775665e-002 8.1981398165225983e-002 
2.2288098931312561e-001 9.2267699539661407e-002 8.1995204091072083e-002 
1.9687910377979279e-001 9.3468129634857178e-002 8.2214780151844025e-002 
2.1438097953796387e-001 9.5658876001834869e-002 8.2012630999088287e-002 
2.1454820036888123e-001 9.5659151673316956e-002 8.2010664045810699e-002 
2.1538373827934265e-001 9.5660738646984100e-002 8.2005538046360016e-002 
2.1555070579051971e-001 9.5661044120788574e-002 8.2004830241203308e-002 
1.9627536833286285e-001 9.6472665667533875e-002 8.2179367542266846e-002 
1.9627496600151062e-001 9.8387815058231354e-002 8.2137838006019592e-002 
1.9705003499984741e-001 1.1209654062986374e-001 8.1973642110824585e-002 
2.0389664173126221e-001 1.2814435362815857e-001 8.1890702247619629e-002 
2.0712193846702576e-001 1.3190343976020813e-001 8.1952080130577087e-002 
2.0909024775028229e-001 1.3191261887550354e-001 8.1918306648731232e-002 
2.0984916388988495e-001 1.3412590324878693e-001 8.1968449056148529e-002 
2.2897714376449585e-001 1.4404664933681488e-001 8.1804014742374420e-002 
2.3561733961105347e-001 1.4511094987392426e-001 8.1747353076934814e-002 
2.5809860229492188e-001 4.9816802144050598e-002 8.2331225275993347e-002 
2.1104481816291809e-001 6.5985031425952911e-002 1.2769134342670441e-001 
2.1104490756988525e-001 6.6601231694221497e-002 1.2769135832786560e-001 
2.0541417598724365e-001 1.1249244958162308e-001 8.3038315176963806e-002 
2.0575243234634399e-001 1.1249303817749023e-001 8.3034917712211609e-002 
2.0625941455364227e-001 1.1249389499425888e-001 8.3031214773654938e-002 
1.9539007544517517e-001 1.1349736154079437e-001 8.3107933402061462e-002 
1.9539009034633636e-001 1.1450383067131042e-001 8.3110161125659943e-002 
2.1097096800804138e-001 1.1453008651733398e-001 8.2958742976188660e-002 
2.1122236549854279e-001 1.1453053355216980e-001 8.2954578101634979e-002 
1.9625180959701538e-001 1.1738124489784241e-001 8.3059452474117279e-002 
1.9668212532997131e-001 1.1738202720880508e-001 8.3053603768348694e-002 
1.9633767008781433e-001 1.1845258623361588e-001 8.3033174276351929e-002 
1.9822804629802704e-001 1.1845602840185165e-001 8.3009906113147736e-002 
1.9874234497547150e-001 1.1845705658197403e-001 8.3006821572780609e-002 
2.0028233528137207e-001 1.1845999211072922e-001 8.2992613315582275e-002 
1.9668136537075043e-001 1.2133138626813889e-001 8.2941852509975433e-002 
1.9779832661151886e-001 1.2133350223302841e-001 8.2925744354724884e-002 
1.9814158976078033e-001 1.2133420258760452e-001 8.2922637462615967e-002 
2.2012227773666382e-001 -2.1571617573499680e-002 6.5594680607318878e-002 
2.2012235224246979e-001 -2.0506450906395912e-002 6.5594688057899475e-002 
2.2012236714363098e-001 -1.8694208934903145e-002 6.5594695508480072e-002 
2.1525295078754425e-001 2.6819020509719849e-002 2.0832736045122147e-002 
2.1684953570365906e-001 2.6821713894605637e-002 2.0807404071092606e-002 
2.1701735258102417e-001 2.6822036132216454e-002 2.0804742351174355e-002 
1.9582042098045349e-001 1.1845099180936813e-001 8.2990348339080811e-002 
2.1104487776756287e-001 6.6734671592712402e-002 1.2769134342670441e-001 
0.0000000000000000e+000 0.0000000000000000e+000 0.0000000000000000e+000 
0.0000000000000000e+000 0.0000000000000000e+000 0.0000000000000000e+000 
]
