edgePlot=[...
3.5437080264091492e-001 8.7089598178863525e-002 0.0000000000000000e+000 
3.5707181692123413e-001 8.7094292044639587e-002 0.0000000000000000e+000 
3.5437080264091492e-001 8.7862841784954071e-002 0.0000000000000000e+000 
3.5682594776153564e-001 8.7867528200149536e-002 0.0000000000000000e+000 
3.5203504562377930e-001 1.0378117114305496e-001 0.0000000000000000e+000 
3.5696020722389221e-001 1.0379015654325485e-001 0.0000000000000000e+000 
3.5159042477607727e-001 1.0475897043943405e-001 0.0000000000000000e+000 
3.5203504562377930e-001 1.0475932061672211e-001 0.0000000000000000e+000 
3.5720607638359070e-001 1.0476831346750259e-001 0.0000000000000000e+000 
3.5450518131256104e-001 1.0578989237546921e-001 0.0000000000000000e+000 
3.5450524091720581e-001 1.0700859129428864e-001 0.0000000000000000e+000 
3.5585868358612061e-001 1.2368475645780563e-001 0.0000000000000000e+000 
3.5610359907150269e-001 1.2368475645780563e-001 0.0000000000000000e+000 
3.5585868358612061e-001 1.2464124709367752e-001 0.0000000000000000e+000 
3.5907179117202759e-001 1.3355547189712524e-001 0.0000000000000000e+000 
3.5953152179718018e-001 1.3355584442615509e-001 0.0000000000000000e+000 
3.5596916079521179e-001 1.3460090756416321e-001 0.0000000000000000e+000 
3.6097335815429688e-001 1.3461001217365265e-001 0.0000000000000000e+000 
3.5584676265716553e-001 1.3562235236167908e-001 0.0000000000000000e+000 
3.6122465133666992e-001 1.3563147187232971e-001 0.0000000000000000e+000 
3.5241675376892090e-001 1.3677896559238434e-001 0.0000000000000000e+000 
3.5241678357124329e-001 1.3759419322013855e-001 0.0000000000000000e+000 
3.4931585192680359e-001 1.3859698176383972e-001 0.0000000000000000e+000 
3.4931594133377075e-001 1.3959702849388123e-001 0.0000000000000000e+000 
3.5224667191505432e-001 1.4075616002082825e-001 0.0000000000000000e+000 
3.5118624567985535e-001 1.4251200854778290e-001 0.0000000000000000e+000 
3.5224670171737671e-001 1.4251342415809631e-001 0.0000000000000000e+000 
2.9361569881439209e-001 5.5091965943574905e-002 1.2497414834797382e-002 
2.9361566901206970e-001 5.6071527302265167e-002 1.2497409246861935e-002 
2.9361560940742493e-001 1.0552722215652466e-001 1.2497405521571636e-002 
2.9361566901206970e-001 1.0674592852592468e-001 1.2497402727603912e-002 
2.9361566901206970e-001 1.0747829079627991e-001 1.2497418560087681e-002 
2.9341349005699158e-001 4.8943936824798584e-002 1.2502898462116718e-002 
2.9341346025466919e-001 4.9940753728151321e-002 1.2502896599471569e-002 
2.9359909892082214e-001 5.1173206418752670e-002 1.2659092433750629e-002 
2.9359909892082214e-001 5.2217889577150345e-002 1.2659058906137943e-002 
2.9359906911849976e-001 5.2934736013412476e-002 1.2659096159040928e-002 
2.9341346025466919e-001 9.3506515026092529e-002 1.2502892874181271e-002 
2.9341343045234680e-001 9.4559744000434875e-002 1.2502890080213547e-002 
2.9338046908378601e-001 9.7738191485404968e-002 1.2826057150959969e-002 
2.9338130354881287e-001 9.8536200821399689e-002 1.2826439924538136e-002 
2.9338571429252625e-001 1.0352338105440140e-001 1.2828558683395386e-002 
2.9337593913078308e-001 1.0450166463851929e-001 1.2823881581425667e-002 
2.9359906911849976e-001 1.0846541076898575e-001 1.2659078463912010e-002 
2.9338046908378601e-001 1.3044416904449463e-001 1.2826058082282543e-002 
2.9338049888610840e-001 1.3145217299461365e-001 1.2826050631701946e-002 
2.9338049888610840e-001 1.3222421705722809e-001 1.2826072983443737e-002 
3.0020362138748169e-001 1.1951302736997604e-001 2.4811360985040665e-002 
3.0020359158515930e-001 1.2048907577991486e-001 2.4811357259750366e-002 
3.0020359158515930e-001 1.2132866680622101e-001 2.4811347946524620e-002 
3.3639854192733765e-001 7.3010645806789398e-002 6.0041669756174088e-002 
3.3673238754272461e-001 6.8040542304515839e-002 6.0063432902097702e-002 
3.3879074454307556e-001 7.2297543287277222e-002 6.0076434165239334e-002 
3.3828973770141602e-001 8.5957467555999756e-002 6.0261309146881104e-002 
3.2419040799140930e-001 1.2795633077621460e-001 6.0416977852582932e-002 
3.2576012611389160e-001 1.2947833538055420e-001 6.0305245220661163e-002 
3.2766017317771912e-001 1.2947946786880493e-001 6.0222525149583817e-002 
3.4132900834083557e-001 8.7084330618381500e-002 6.0341335833072662e-002 
3.4152701497077942e-001 8.7084725499153137e-002 6.0338523238897324e-002 
3.2376420497894287e-001 1.2458303570747375e-001 6.0664203017950058e-002 
3.2564920186996460e-001 1.2579844892024994e-001 6.0497812926769257e-002 
3.6191627383232117e-001 3.2907877117395401e-002 6.1757300049066544e-002 
3.4662246704101563e-001 3.7538338452577591e-002 6.1453491449356079e-002 
3.5168781876564026e-001 3.7552181631326675e-002 6.1478972434997559e-002 
3.4378692507743835e-001 4.1496641933917999e-002 6.1196602880954742e-002 
3.4522113204002380e-001 4.1484531015157700e-002 6.1221498996019363e-002 
3.1269782781600952e-001 1.0196977853775024e-001 6.1214454472064972e-002 
3.5029244422912598e-001 3.2881584018468857e-002 6.1816662549972534e-002 
3.5171961784362793e-001 3.3701729029417038e-002 6.1733685433864594e-002 
3.6170005798339844e-001 3.5369344055652618e-002 6.1488673090934753e-002 
3.6169865727424622e-001 3.6582883447408676e-002 6.1400804668664932e-002 
1.9124639034271240e-001 5.7056311517953873e-002 6.2019962817430496e-002 
3.1183218955993652e-001 1.0197200626134872e-001 6.1208020895719528e-002 
3.1588172912597656e-001 1.0197772830724716e-001 6.1244692653417587e-002 
1.9380934536457062e-001 3.9047356694936752e-002 6.2623664736747742e-002 
1.9444750249385834e-001 3.9048101752996445e-002 6.2607653439044952e-002 
1.8876101076602936e-001 5.7052791118621826e-002 6.2087349593639374e-002 
1.9357264041900635e-001 3.9040539413690567e-002 6.2628880143165588e-002 
1.9421084225177765e-001 3.9041362702846527e-002 6.2613047659397125e-002 
1.8782532215118408e-001 5.5061560124158859e-002 6.2150780111551285e-002 
1.8695932626724243e-001 9.8509490489959717e-002 6.2860608100891113e-002 
2.9464998841285706e-001 1.1360627412796021e-001 6.2868483364582062e-002 
2.9464384913444519e-001 1.1460608989000320e-001 6.2702469527721405e-002 
1.6387355327606201e-001 3.1314272433519363e-002 6.3081718981266022e-002 
1.6575032472610474e-001 3.1318187713623047e-002 6.3105627894401550e-002 
1.6524539887905121e-001 3.1661905348300934e-002 6.3088536262512207e-002 
1.6339881718158722e-001 3.6247622221708298e-002 6.3114628195762634e-002 
1.6378062963485718e-001 3.6247644573450089e-002 6.3118703663349152e-002 
1.8570898473262787e-001 9.6846826374530792e-002 6.2851943075656891e-002 
1.8672816455364227e-001 9.6848607063293457e-002 6.2848709523677826e-002 
1.8663710355758667e-001 1.0175212472677231e-001 6.2829494476318359e-002 
2.9497092962265015e-001 1.1183410137891769e-001 6.2979616224765778e-002 
2.9496663808822632e-001 1.1258172988891602e-001 6.2877461314201355e-002 
1.4816048741340637e-001 1.1937178671360016e-001 6.3686117529869080e-002 
1.4785054326057434e-001 1.2225975841283798e-001 6.3648998737335205e-002 
1.5176449716091156e-001 1.1724025756120682e-001 6.3736386597156525e-002 
1.5019389986991882e-001 1.1830936372280121e-001 6.3721217215061188e-002 
2.4824292957782745e-001 1.0256831347942352e-001 8.0473929643630981e-002 
2.4485294520854950e-001 1.0102140158414841e-001 8.0929592251777649e-002 
2.4570651352405548e-001 1.0101936757564545e-001 8.0798499286174774e-002 
2.4220672249794006e-001 1.0252668708562851e-001 8.1456162035465240e-002 
2.5009855628013611e-001 1.0254320502281189e-001 8.1046946346759796e-002 
2.4121101200580597e-001 1.0460176318883896e-001 8.1810966134071350e-002 
2.6930829882621765e-001 5.7261873036623001e-002 8.1573180854320526e-002 
2.7257660031318665e-001 5.9071261435747147e-002 8.1411838531494141e-002 
2.7637276053428650e-001 6.1277691274881363e-002 8.1260651350021362e-002 
2.7860477566719055e-001 6.4093224704265594e-002 8.1277936697006226e-002 
2.7916648983955383e-001 6.5151713788509369e-002 8.1286869943141937e-002 
2.8124573826789856e-001 6.5155267715454102e-002 8.1244789063930511e-002 
2.8315231204032898e-001 6.7297987639904022e-002 8.1260018050670624e-002 
2.8623774647712708e-001 7.1228593587875366e-002 8.1211626529693604e-002 
2.6782321929931641e-001 7.3968641459941864e-002 8.1387050449848175e-002 
2.6831421256065369e-001 7.3969505727291107e-002 8.1383727490901947e-002 
2.6929661631584167e-001 7.3971211910247803e-002 8.1377796828746796e-002 
2.8073942661285400e-001 7.3990933597087860e-002 8.1230640411376953e-002 
2.8232240676879883e-001 7.3993891477584839e-002 8.1215761601924896e-002 
2.8731122612953186e-001 7.4002489447593689e-002 8.1192351877689362e-002 
2.9040330648422241e-001 7.7215403318405151e-002 8.1108182668685913e-002 
2.9118093848228455e-001 7.9042375087738037e-002 8.1093095242977142e-002 
2.9174453020095825e-001 8.1184707581996918e-002 8.1113748252391815e-002 
2.9302984476089478e-001 8.3948329091072083e-002 8.1165246665477753e-002 
2.7471593022346497e-001 8.4961257874965668e-002 8.1462219357490540e-002 
2.9360675811767578e-001 8.4993511438369751e-002 8.1199891865253448e-002 
2.7561894059181213e-001 8.5918001830577850e-002 8.1506378948688507e-002 
2.9509946703910828e-001 8.8820517063140869e-002 8.1424668431282043e-002 
2.9433631896972656e-001 1.1571808159351349e-001 8.1831209361553192e-002 
2.9433575272560120e-001 1.1677458137273788e-001 8.1786774098873138e-002 
2.9433420300483704e-001 1.1755877733230591e-001 8.1748582422733307e-002 
2.8664520382881165e-001 1.2858514487743378e-001 8.1363089382648468e-002 
2.8514665365219116e-001 1.3243222236633301e-001 8.1378780305385590e-002 
2.7521744370460510e-001 1.4244803786277771e-001 8.1536851823329926e-002 
2.7570140361785889e-001 1.4244934916496277e-001 8.1525929272174835e-002 
2.4133203923702240e-001 5.4086390882730484e-002 8.2061015069484711e-002 
2.4630698561668396e-001 5.4086849093437195e-002 8.1997163593769073e-002 
2.4866659939289093e-001 5.4092720150947571e-002 8.1976249814033508e-002 
2.4931804835796356e-001 5.4092023521661758e-002 8.1976048648357391e-002 
2.5021305680274963e-001 5.4093603044748306e-002 8.1970356404781342e-002 
2.5070077180862427e-001 5.4099928587675095e-002 8.1970132887363434e-002 
2.5118932127952576e-001 5.4095521569252014e-002 8.1970073282718658e-002 
2.5330442190170288e-001 5.4099246859550476e-002 8.1955544650554657e-002 
2.5379255414009094e-001 5.4100185632705688e-002 8.1954501569271088e-002 
2.5476971268653870e-001 5.4106451570987701e-002 8.1949226558208466e-002 
2.5582790374755859e-001 5.4108235985040665e-002 8.1942453980445862e-002 
2.5664350390434265e-001 5.4114114493131638e-002 8.1937164068222046e-002 
2.3373025655746460e-001 5.5216811597347260e-002 8.2093976438045502e-002 
2.6030322909355164e-001 5.5256932973861694e-002 8.1862613558769226e-002 
2.6079192757606506e-001 5.5257622152566910e-002 8.1857249140739441e-002 
2.6274749636650085e-001 5.5260282009840012e-002 8.1830561161041260e-002 
2.6323658227920532e-001 5.5260792374610901e-002 8.1819422543048859e-002 
2.6421776413917542e-001 5.5264476686716080e-002 8.1798374652862549e-002 
2.6463112235069275e-001 5.5269967764616013e-002 8.1788986921310425e-002 
2.2789749503135681e-001 5.7186495512723923e-002 8.2017712295055389e-002 
2.6732152700424194e-001 5.7251513004302979e-002 8.1628225743770599e-002 
2.6822414994239807e-001 5.7254362851381302e-002 8.1607528030872345e-002 
2.6887828111648560e-001 5.7255234569311142e-002 8.1589072942733765e-002 
2.2417476773262024e-001 5.8987796306610107e-002 8.1990540027618408e-002 
2.7017998695373535e-001 5.9064432978630066e-002 8.1483088433742523e-002 
2.7116915583610535e-001 5.9067439287900925e-002 8.1457562744617462e-002 
2.7182480692863464e-001 5.9068553149700165e-002 8.1437423825263977e-002 
2.1677997708320618e-001 6.3985370099544525e-002 8.2018531858921051e-002 
2.1435776352882385e-001 6.5039291977882385e-002 8.2039155066013336e-002 
2.1150763332843781e-001 6.7174203693866730e-002 8.2092665135860443e-002 
2.4940079450607300e-001 8.9752018451690674e-002 8.2075156271457672e-002 
2.4972622096538544e-001 8.9752651751041412e-002 8.2071408629417419e-002 
2.5070244073867798e-001 8.9754559099674225e-002 8.2059763371944427e-002 
2.9615709185600281e-001 9.2594146728515625e-002 8.1678323447704315e-002 
2.9624301195144653e-001 9.3734093010425568e-002 8.1746682524681091e-002 
2.9680499434471130e-001 9.7969338297843933e-002 8.1841722130775452e-002 
2.9680532217025757e-001 9.8766885697841644e-002 8.1846110522747040e-002 
2.7370646595954895e-001 9.9843196570873260e-002 8.2110606133937836e-002 
2.7485579252243042e-001 9.9845141172409058e-002 8.2094095647335052e-002 
2.9708939790725708e-001 9.9883869290351868e-002 8.1821702420711517e-002 
2.9708853363990784e-001 1.0103773325681686e-001 8.1805020570755005e-002 
2.9159402847290039e-001 1.0199849307537079e-001 8.1921078264713287e-002 
2.9243201017379761e-001 1.0199994593858719e-001 8.1912674009799957e-002 
2.9318702220916748e-001 1.0200124233961105e-001 8.1901632249355316e-002 
2.9714277386665344e-001 1.0200768709182739e-001 8.1788711249828339e-002 
2.9318684339523315e-001 1.0262043029069901e-001 8.1889748573303223e-002 
2.9714274406433105e-001 1.0262700170278549e-001 8.1783145666122437e-002 
2.9666486382484436e-001 1.0575697571039200e-001 8.1781476736068726e-002 
2.9666522145271301e-001 1.0770809650421143e-001 8.1790812313556671e-002 
2.9630422592163086e-001 1.0869470983743668e-001 8.1813111901283264e-002 
2.9579380154609680e-001 1.0969974100589752e-001 8.1843607127666473e-002 
2.9579383134841919e-001 1.1093670129776001e-001 8.1850111484527588e-002 
2.9562526941299438e-001 1.1264723539352417e-001 8.1866338849067688e-002 
2.9478275775909424e-001 1.1467418819665909e-001 8.1854984164237976e-002 
2.9262107610702515e-001 1.2149538099765778e-001 8.1595264375209808e-002 
2.8968891501426697e-001 1.2458604574203491e-001 8.1488586962223053e-002 
2.8894889354705811e-001 1.2580826878547668e-001 8.1439360976219177e-002 
2.8894889354705811e-001 1.2685082852840424e-001 8.1400863826274872e-002 
2.8377857804298401e-001 1.3349410891532898e-001 8.1396870315074921e-002 
2.8236952424049377e-001 1.3556568324565887e-001 8.1448771059513092e-002 
2.8021979331970215e-001 1.3753947615623474e-001 8.1529527902603149e-002 
2.7823948860168457e-001 1.3954329490661621e-001 8.1556648015975952e-002 
2.7635240554809570e-001 1.4172857999801636e-001 8.1534467637538910e-002 
2.7174776792526245e-001 1.4244286715984344e-001 8.1597656011581421e-002 
2.7635219693183899e-001 1.4245067536830902e-001 8.1510603427886963e-002 
2.7281177043914795e-001 1.4350056648254395e-001 8.1573285162448883e-002 
2.7362889051437378e-001 1.4350207149982452e-001 8.1553414463996887e-002 
2.7166664600372314e-001 1.4618253707885742e-001 8.1591181457042694e-002 
2.6675367355346680e-001 1.4727684855461121e-001 8.1689842045307159e-002 
2.6764273643493652e-001 1.4728116989135742e-001 8.1687279045581818e-002 
2.6332110166549683e-001 1.4935725927352905e-001 8.1765130162239075e-002 
2.6470404863357544e-001 1.4936202764511108e-001 8.1756755709648132e-002 
2.6511204242706299e-001 1.4936269819736481e-001 8.1755071878433228e-002 
2.5769880414009094e-001 1.5233594179153442e-001 8.1942513585090637e-002 
2.5932663679122925e-001 1.5233910083770752e-001 8.1913121044635773e-002 
2.4166414141654968e-001 5.4079607129096985e-002 8.2058340311050415e-002 
2.4231626093387604e-001 5.4080735892057419e-002 8.2054406404495239e-002 
2.3423153162002563e-001 5.5213402956724167e-002 8.2093916833400726e-002 
2.3472629487514496e-001 5.5212538689374924e-002 8.2091443240642548e-002 
2.3668849468231201e-001 5.5216062813997269e-002 8.2082077860832214e-002 
2.2824177145957947e-001 5.7184956967830658e-002 8.2021661102771759e-002 
2.2922845184803009e-001 5.7186640799045563e-002 8.2020625472068787e-002 
2.2988574206829071e-001 5.7187821716070175e-002 8.2020036876201630e-002 
2.3021413385868073e-001 5.7188406586647034e-002 8.2020603120326996e-002 
2.3119901120662689e-001 5.7190060615539551e-002 8.2017637789249420e-002 
2.2037763893604279e-001 6.1181768774986267e-002 8.1992439925670624e-002 
2.0985153317451477e-001 6.8863779306411743e-002 8.2119390368461609e-002 
2.0791223645210266e-001 7.1093328297138214e-002 8.2138396799564362e-002 
2.0644785463809967e-001 7.3862090706825256e-002 8.2174219191074371e-002 
2.0342026650905609e-001 7.7066041529178619e-002 8.2217410206794739e-002 
2.0221787691116333e-001 7.8890152275562286e-002 8.2253433763980865e-002 
2.0120467245578766e-001 8.1025011837482452e-002 8.2317732274532318e-002 
1.9949412345886230e-001 8.3792090415954590e-002 8.2415021955966949e-002 
1.9846475124359131e-001 8.4829010069370270e-002 8.2457259297370911e-002 
1.9743356108665466e-001 8.6875103414058685e-002 8.2566842436790466e-002 
2.1824902296066284e-001 8.6921095848083496e-002 8.2356996834278107e-002 
2.1782884001731873e-001 8.8678903877735138e-002 8.2492217421531677e-002 
2.5282195210456848e-001 9.7889848053455353e-002 8.2322210073471069e-002 
2.5187864899635315e-001 9.9776647984981537e-002 8.1862121820449829e-002 
2.5203961133956909e-001 9.9779285490512848e-002 8.1883125007152557e-002 
2.7451342344284058e-001 9.9845245480537415e-002 8.2099094986915588e-002 
2.5205293297767639e-001 1.0093217343091965e-001 8.1729613244533539e-002 
2.7221554517745972e-001 1.0196483135223389e-001 8.2090772688388824e-002 
2.5092256069183350e-001 1.0368849337100983e-001 8.1296890974044800e-002 
2.7172598242759705e-001 1.0370989143848419e-001 8.2069791853427887e-002 
2.5129234790802002e-001 1.0692321509122849e-001 8.1871911883354187e-002 
2.2720113396644592e-001 1.0758765041828156e-001 8.2580074667930603e-002 
2.4370437860488892e-001 1.0862209647893906e-001 8.2251936197280884e-002 
2.4411357939243317e-001 1.0861339420080185e-001 8.2229785621166229e-002 
2.4671736359596252e-001 1.0861842334270477e-001 8.2094490528106689e-002 
2.4469235539436340e-001 1.1180900037288666e-001 8.2490891218185425e-002 
2.4469247460365295e-001 1.1255983263254166e-001 8.2501202821731567e-002 
2.3539192974567413e-001 1.1745332181453705e-001 8.2491680979728699e-002 
2.3605485260486603e-001 1.1744967103004456e-001 8.2486391067504883e-002 
2.4989300966262817e-001 1.1747150868177414e-001 8.2308217883110046e-002 
2.5005552172660828e-001 1.1747177690267563e-001 8.2305878400802612e-002 
2.5054293870925903e-001 1.1747245490550995e-001 8.2298718392848969e-002 
2.3514634370803833e-001 1.1852461099624634e-001 8.2457862794399261e-002 
2.0129410922527313e-001 1.2844087183475494e-001 8.2642011344432831e-002 
2.0480485260486603e-001 1.3152205944061279e-001 8.2589268684387207e-002 
2.0265854895114899e-001 1.3229037821292877e-001 8.2588851451873779e-002 
2.1784809231758118e-001 1.3545340299606323e-001 8.2459032535552979e-002 
2.1826399862766266e-001 1.3743154704570770e-001 8.2478903234004974e-002 
2.1867933869361877e-001 1.3843992352485657e-001 8.2478754222393036e-002 
2.1876236796379089e-001 1.4719529449939728e-001 8.2469753921031952e-002 
2.1984143555164337e-001 1.4928251504898071e-001 8.2482196390628815e-002 
2.2025591135025024e-001 1.4928326010704041e-001 8.2476370036602020e-002 
2.2124987840652466e-001 1.4928491413593292e-001 8.2465328276157379e-002 
2.2323445975780487e-001 1.4928835630416870e-001 8.2440219819545746e-002 
2.3129595816135406e-001 1.5229175984859467e-001 8.2287453114986420e-002 
2.3170566558837891e-001 1.5229251980781555e-001 8.2277454435825348e-002 
2.3235571384429932e-001 1.5229208767414093e-001 8.2266412675380707e-002 
2.3259627819061279e-001 1.5229092538356781e-001 8.2262158393859863e-002 
2.5362655520439148e-001 1.5233594179153442e-001 8.2004643976688385e-002 
2.5688037276268005e-001 1.5233862400054932e-001 8.1956773996353149e-002 
2.5899451971054077e-001 1.5234291553497314e-001 8.1919610500335693e-002 
2.5915738940238953e-001 1.5234330296516418e-001 8.1916905939579010e-002 
2.3424366116523743e-001 1.5329389274120331e-001 8.2246325910091400e-002 
2.3472811281681061e-001 1.5329201519489288e-001 8.2241408526897430e-002 
2.3522500693798065e-001 1.5329557657241821e-001 8.2237690687179565e-002 
2.3930740356445313e-001 1.5330259501934052e-001 8.2195676863193512e-002 
2.4077281355857849e-001 1.5330401062965393e-001 8.2176364958286285e-002 
2.4224288761615753e-001 1.5330946445465088e-001 8.2135319709777832e-002 
2.4679860472679138e-001 1.5331709384918213e-001 8.2057766616344452e-002 
2.5053930282592773e-001 1.5332148969173431e-001 8.2023687660694122e-002 
1.9875620305538177e-001 8.4841191768646240e-002 8.2464903593063354e-002 
1.9952775537967682e-001 8.4841273725032806e-002 8.2473173737525940e-002 
2.1684850752353668e-001 8.6927019059658051e-002 8.2380443811416626e-002 
1.9729717075824738e-001 8.8650919497013092e-002 8.2707658410072327e-002 
2.1759925782680511e-001 8.8691681623458862e-002 8.2495823502540588e-002 
1.9638699293136597e-001 9.0862669050693512e-002 8.2884445786476135e-002 
1.9810654222965240e-001 9.1556236147880554e-002 8.2929626107215881e-002 
2.0266920328140259e-001 9.3574196100234985e-002 8.2991376519203186e-002 
2.0130667090415955e-001 9.4624869525432587e-002 8.3033487200737000e-002 
2.5186693668365479e-001 9.7868777811527252e-002 8.2217693328857422e-002 
2.5202900171279907e-001 9.7870066761970520e-002 8.2226693630218506e-002 
1.9474865496158600e-001 1.0753139108419418e-001 8.3040840923786163e-002 
2.2704355418682098e-001 1.0758838057518005e-001 8.2582786679267883e-002 
2.2786551713943481e-001 1.0758980363607407e-001 8.2570865750312805e-002 
2.4575275182723999e-001 1.1181195825338364e-001 8.2473546266555786e-002 
2.3385462164878845e-001 1.1560614407062531e-001 8.2559846341609955e-002 
2.3523840308189392e-001 1.1666500568389893e-001 8.2521557807922363e-002 
2.3523810505867004e-001 1.1744826287031174e-001 8.2494720816612244e-002 
1.9595684111118317e-001 1.1845579743385315e-001 8.3040721714496613e-002 
2.3540090024471283e-001 1.1851917952299118e-001 8.2455128431320190e-002 
2.3556426167488098e-001 1.1851946264505386e-001 8.2453876733779907e-002 
1.9699026644229889e-001 1.2049850076436996e-001 8.2966543734073639e-002 
1.9725705683231354e-001 1.2049774825572968e-001 8.2963347434997559e-002 
1.9681766629219055e-001 1.2240860611200333e-001 8.2892075181007385e-002 
1.9724731147289276e-001 1.2443485856056213e-001 8.2814425230026245e-002 
1.9784794747829437e-001 1.2669785320758820e-001 8.2720115780830383e-002 
2.0072755217552185e-001 1.2781514227390289e-001 8.2660593092441559e-002 
1.9875787198543549e-001 1.2843258678913116e-001 8.2654833793640137e-002 
1.9918660819530487e-001 1.2843345105648041e-001 8.2652822136878967e-002 
2.0175199210643768e-001 1.2843811511993408e-001 8.2639671862125397e-002 
2.0029935240745544e-001 1.3050684332847595e-001 8.2603059709072113e-002 
2.0029920339584351e-001 1.3151453435420990e-001 8.2595705986022949e-002 
2.0029918849468231e-001 1.3228648900985718e-001 8.2594051957130432e-002 
2.0374770462512970e-001 1.3543017208576202e-001 8.2631558179855347e-002 
2.1759869158267975e-001 1.3545298576354980e-001 8.2462571561336517e-002 
2.1759895980358124e-001 1.3661523163318634e-001 8.2479938864707947e-002 
2.0475926995277405e-001 1.3740855455398560e-001 8.2685589790344238e-002 
2.1894726157188416e-001 1.3743466138839722e-001 8.2469426095485687e-002 
2.1911320090293884e-001 1.3743495941162109e-001 8.2467421889305115e-002 
2.0636902749538422e-001 1.3941824436187744e-001 8.2731917500495911e-002 
2.0881536602973938e-001 1.4233519136905670e-001 8.2648202776908875e-002 
2.1125239133834839e-001 1.4339503645896912e-001 8.2587502896785736e-002 
2.1292792260646820e-001 1.4608205854892731e-001 8.2554183900356293e-002 
2.1326251327991486e-001 1.4608263969421387e-001 8.2545429468154907e-002 
2.1726642549037933e-001 1.4719271659851074e-001 8.2490086555480957e-002 
2.2539442777633667e-001 1.5228383243083954e-001 8.2456603646278381e-002 
2.2736892104148865e-001 1.5228736400604248e-001 8.2394167780876160e-002 
2.3237176239490509e-001 1.5329422056674957e-001 8.2273744046688080e-002 
2.3261728882789612e-001 1.5329472720623016e-001 8.2269571721553802e-002 
1.9839981198310852e-001 9.1566175222396851e-002 8.2928702235221863e-002 
1.9590741395950317e-001 9.3564651906490326e-002 8.3053946495056152e-002 
2.0253072679042816e-001 9.3581616878509521e-002 8.2993268966674805e-002 
1.9547630846500397e-001 9.5926880836486816e-002 8.3111517131328583e-002 
1.9547629356384277e-001 9.6925318241119385e-002 8.3113037049770355e-002 
2.0489154756069183e-001 9.8607957363128662e-002 8.3020694553852081e-002 
2.0541398227214813e-001 9.8609387874603271e-002 8.3015285432338715e-002 
2.0558315515518188e-001 9.8609693348407745e-002 8.3012342453002930e-002 
1.9495797157287598e-001 1.0183162242174149e-001 8.3030223846435547e-002 
1.9443958997726440e-001 1.0357669740915298e-001 8.3019502460956573e-002 
1.9443942606449127e-001 1.0455511510372162e-001 8.3014875650405884e-002 
1.9495837390422821e-001 1.0952615737915039e-001 8.3063900470733643e-002 
1.9495856761932373e-001 1.1076309531927109e-001 8.3083488047122955e-002 
1.9539009034633636e-001 1.1450383067131042e-001 8.3110161125659943e-002 
1.9582113623619080e-001 1.1659694463014603e-001 8.3083532750606537e-002 
1.9976979494094849e-001 1.1660415679216385e-001 8.3040826022624969e-002 
1.9582110643386841e-001 1.1738049983978271e-001 8.3066977560520172e-002 
1.9668212532997131e-001 1.1738202720880508e-001 8.3053603768348694e-002 
1.9719801843166351e-001 1.1738294363021851e-001 8.3046950399875641e-002 
1.9874256849288940e-001 1.1738580465316772e-001 8.3030879497528076e-002 
1.9633767008781433e-001 1.1845258623361588e-001 8.3033174276351929e-002 
1.9719780981540680e-001 1.1845416575670242e-001 8.3022110164165497e-002 
1.9771319627761841e-001 1.1845507472753525e-001 8.3014979958534241e-002 
1.9822804629802704e-001 1.1845602840185165e-001 8.3009906113147736e-002 
1.9874234497547150e-001 1.1845705658197403e-001 8.3006821572780609e-002 
1.9668184220790863e-001 1.1951774358749390e-001 8.3003811538219452e-002 
1.9668163359165192e-001 1.2049281597137451e-001 8.2971520721912384e-002 
1.9668136537075043e-001 1.2133138626813889e-001 8.2941852509975433e-002 
2.2012227773666382e-001 -2.1571617573499680e-002 6.5594680607318878e-002 
2.2012235224246979e-001 -2.0506450906395912e-002 6.5594688057899475e-002 
2.2012236714363098e-001 -1.8694208934903145e-002 6.5594695508480072e-002 
2.1525295078754425e-001 2.6819020509719849e-002 2.0832736045122147e-002 
2.1684953570365906e-001 2.6821713894605637e-002 2.0807404071092606e-002 
2.1701735258102417e-001 2.6822036132216454e-002 2.0804742351174355e-002 
1.9582042098045349e-001 1.1845099180936813e-001 8.2990348339080811e-002 
0.0000000000000000e+000 0.0000000000000000e+000 0.0000000000000000e+000 
0.0000000000000000e+000 0.0000000000000000e+000 0.0000000000000000e+000 
]
