edgePlot=[...
8.6630117148160934e-003 -2.4246361851692200e-001 0.0000000000000000e+000 
9.5255626365542412e-003 -2.4245792627334595e-001 0.0000000000000000e+000 
8.6630620062351227e-003 -2.3974150419235229e-001 0.0000000000000000e+000 
1.0533307678997517e-002 -2.3871195316314697e-001 0.0000000000000000e+000 
8.8067324832081795e-003 -2.3481491208076477e-001 0.0000000000000000e+000 
9.5256138592958450e-003 -2.3258911073207855e-001 0.0000000000000000e+000 
1.0966486297547817e-002 -2.2884111106395721e-001 0.0000000000000000e+000 
1.0966501198709011e-002 -2.2781294584274292e-001 0.0000000000000000e+000 
1.0393302887678146e-002 -2.1668869256973267e-001 0.0000000000000000e+000 
1.0393304750323296e-002 -2.1598398685455322e-001 0.0000000000000000e+000 
9.0974438935518265e-003 -2.1496589481830597e-001 0.0000000000000000e+000 
9.0975156053900719e-003 -2.1378520131111145e-001 0.0000000000000000e+000 
9.6739465370774269e-003 -2.1378140151500702e-001 0.0000000000000000e+000 
9.8190186545252800e-003 -1.8788816034793854e-001 0.0000000000000000e+000 
9.8189981654286385e-003 -1.8713951110839844e-001 0.0000000000000000e+000 
9.8190391436219215e-003 -1.8617555499076843e-001 0.0000000000000000e+000 
-4.4519316405057907e-002 -1.8553793430328369e-001 0.0000000000000000e+000 
-4.4519294053316116e-002 -1.8450681865215302e-001 0.0000000000000000e+000 
-4.4990155845880508e-002 -1.8221002817153931e-001 0.0000000000000000e+000 
-4.4990152120590210e-002 -1.8143025040626526e-001 0.0000000000000000e+000 
8.8098347187042236e-003 -1.7715637385845184e-001 0.0000000000000000e+000 
8.8098580017685890e-003 -1.7621050775051117e-001 0.0000000000000000e+000 
9.3872379511594772e-003 -1.7521427571773529e-001 0.0000000000000000e+000 
9.3872798606753349e-003 -1.7423512041568756e-001 0.0000000000000000e+000 
1.1408841237425804e-002 -1.6909152269363403e-001 0.0000000000000000e+000 
1.1120083741843700e-002 -1.6702139377593994e-001 0.0000000000000000e+000 
1.1264454573392868e-002 -1.6532805562019348e-001 0.0000000000000000e+000 
4.7998581081628799e-002 -2.6466485857963562e-001 6.9022697210311890e-001 
4.8180632293224335e-002 -2.6233354210853577e-001 6.9021028280258179e-001 
4.8197191208600998e-002 -2.6157993078231812e-001 6.9022071361541748e-001 
4.8217285424470901e-002 -2.6058587431907654e-001 6.9023370742797852e-001 
4.8230454325675964e-002 -2.5962224602699280e-001 6.9024240970611572e-001 
4.8052538186311722e-002 -2.5859588384628296e-001 6.9043570756912231e-001 
4.8217430710792542e-002 -2.5246438384056091e-001 6.9023460149765015e-001 
4.8213701695203781e-002 -2.5175216794013977e-001 6.9023191928863525e-001 
4.7984346747398376e-002 -2.4976783990859985e-001 6.9039082527160645e-001 
4.8197574913501740e-002 -2.4778573215007782e-001 6.9022035598754883e-001 
4.8035901039838791e-002 -2.4251852929592133e-001 6.9025421142578125e-001 
4.8199672251939774e-002 -2.4149681627750397e-001 6.9022160768508911e-001 
4.8211779445409775e-002 -2.3979508876800537e-001 6.9023054838180542e-001 
4.8213899135589600e-002 -2.1871145069599152e-001 6.9022333621978760e-001 
4.8206221312284470e-002 -2.1771642565727234e-001 6.9022649526596069e-001 
4.8188623040914536e-002 -2.1501959860324860e-001 6.9038808345794678e-001 
4.8188693821430206e-002 -2.1383890509605408e-001 6.9038808345794678e-001 
4.7985006123781204e-002 -2.0301836729049683e-001 6.9039142131805420e-001 
4.7987129539251328e-002 -2.0201070606708527e-001 6.9039273262023926e-001 
4.8206239938735962e-002 -1.9708307087421417e-001 6.9022649526596069e-001 
4.7986600548028946e-002 -1.9616688787937164e-001 6.9039237499237061e-001 
4.8206243664026260e-002 -1.9616590440273285e-001 6.9022649526596069e-001 
4.7964587807655334e-002 -2.6233443617820740e-001 6.9055092334747314e-001 
4.7986127436161041e-002 -2.6158079504966736e-001 6.9056469202041626e-001 
4.8043105751276016e-002 -2.5859370827674866e-001 6.9046545028686523e-001 
4.7988183796405792e-002 -2.5246500968933105e-001 6.9056761264801025e-001 
4.7987338155508041e-002 -2.5175279378890991e-001 6.9056701660156250e-001 
4.7971494495868683e-002 -2.4673721194267273e-001 6.9055551290512085e-001 
4.7963507473468781e-002 -2.4149747192859650e-001 6.9054955244064331e-001 
4.7972217202186584e-002 -2.3979572951793671e-001 6.9055598974227905e-001 
4.7970980405807495e-002 -2.0102474093437195e-001 6.9055491685867310e-001 
4.7967720776796341e-002 -2.0007826387882233e-001 6.9055289030075073e-001 
5.4699033498764038e-002 -2.5238698720932007e-001 7.0272743701934814e-001 
5.4509952664375305e-002 -2.5070968270301819e-001 7.0289826393127441e-001 
5.4493594914674759e-002 -2.4969033896923065e-001 7.0288890600204468e-001 
5.4639562964439392e-002 -2.4842023849487305e-001 7.0258933305740356e-001 
5.4470080882310867e-002 -2.4471026659011841e-001 7.0287543535232544e-001 
5.4683450609445572e-002 -2.4470968544483185e-001 7.0255607366561890e-001 
5.4477468132972717e-002 -2.4350030720233917e-001 7.0287966728210449e-001 
5.4732508957386017e-002 -2.4349950253963470e-001 7.0258420705795288e-001 
5.4487813264131546e-002 -2.4244073033332825e-001 7.0288556814193726e-001 
5.4486289620399475e-002 -1.7912440001964569e-001 7.0288467407226563e-001 
5.4703075438737869e-002 -1.7912340164184570e-001 7.0272976160049438e-001 
5.4486364126205444e-002 -1.7811691761016846e-001 7.0288479328155518e-001 
5.4703108966350555e-002 -1.7811591923236847e-001 7.0272976160049438e-001 
-1.9304744899272919e-002 -1.9747294485569000e-001 7.0995867252349854e-001 
-1.9304731860756874e-002 -1.9655576348304749e-001 7.0995867252349854e-001 
-1.9215684384107590e-002 -1.9557568430900574e-001 7.0988738536834717e-001 
-1.9215609878301620e-002 -1.9440741837024689e-001 7.0988738536834717e-001 
-1.9215639680624008e-002 -1.9235393404960632e-001 7.0988738536834717e-001 
-1.9215680658817291e-002 -1.9164571166038513e-001 7.0988738536834717e-001 
-1.9215639680624008e-002 -1.9063501060009003e-001 7.0988738536834717e-001 
-6.3317403197288513e-002 -2.4542370438575745e-001 7.2533857822418213e-001 
-6.3317462801933289e-002 -2.4421378970146179e-001 7.2533857822418213e-001 
-6.3343979418277740e-002 -2.4315482378005981e-001 7.2520327568054199e-001 
-6.3344024121761322e-002 -2.3843337595462799e-001 7.2520315647125244e-001 
-6.3330709934234619e-002 -2.3741218447685242e-001 7.2527086734771729e-001 
-6.3330702483654022e-002 -2.3649117350578308e-001 7.2527086734771729e-001 
-6.3343979418277740e-002 -2.3432832956314087e-001 7.2520321607589722e-001 
-6.3343971967697144e-002 -2.3328599333763123e-001 7.2520321607589722e-001 
-6.3357308506965637e-002 -2.3223668336868286e-001 7.2513556480407715e-001 
-6.3357315957546234e-002 -2.3148229718208313e-001 7.2513556480407715e-001 
-6.3357315957546234e-002 -2.3051267862319946e-001 7.2513556480407715e-001 
-6.3330665230751038e-002 -2.2954627871513367e-001 7.2527092695236206e-001 
-6.3330672681331635e-002 -2.2851809859275818e-001 7.2527092695236206e-001 
-6.3330695033073425e-002 -2.2730165719985962e-001 7.2527086734771729e-001 
-6.3330695033073425e-002 -2.2658002376556396e-001 7.2527086734771729e-001 
-6.3357338309288025e-002 -2.2430738806724548e-001 7.2513556480407715e-001 
-6.3357330858707428e-002 -2.2256827354431152e-001 7.2513556480407715e-001 
-6.3343979418277740e-002 -2.2164615988731384e-001 7.2520321607589722e-001 
-6.3357286155223846e-002 -2.1835431456565857e-001 7.2513556480407715e-001 
-6.3343949615955353e-002 -2.1738937497138977e-001 7.2520321607589722e-001 
-6.3343949615955353e-002 -2.1668466925621033e-001 7.2520321607589722e-001 
-6.3357293605804443e-002 -2.1447712182998657e-001 7.2513556480407715e-001 
-6.3370570540428162e-002 -2.1343252062797546e-001 7.2506785392761230e-001 
-6.3414342701435089e-002 -1.9362702965736389e-001 7.2533750534057617e-001 
-6.3414387404918671e-002 -1.9260215759277344e-001 7.2533750534057617e-001 
-6.3414439558982849e-002 -1.9189393520355225e-001 7.2533750534057617e-001 
-6.3414402306079865e-002 -1.9088323414325714e-001 7.2533750534057617e-001 
-6.3356280326843262e-002 -1.8358634412288666e-001 7.2513532638549805e-001 
-6.3326209783554077e-002 -1.8254633247852325e-001 7.2526997327804565e-001 
-6.3339971005916595e-002 -1.8091198801994324e-001 7.2527259588241577e-001 
-6.3320726156234741e-002 -1.7983783781528473e-001 7.2533732652664185e-001 
-6.3310220837593079e-002 -1.7883063852787018e-001 7.2534137964248657e-001 
-6.3205927610397339e-002 -1.7689903080463409e-001 7.2534525394439697e-001 
3.6442443728446960e-002 -1.6799367964267731e-001 7.8134769201278687e-001 
3.6895528435707092e-002 -1.6798897087574005e-001 7.8138160705566406e-001 
3.7132702767848969e-002 -1.6798812150955200e-001 7.8139716386795044e-001 
3.4792475402355194e-002 -1.5532056987285614e-001 7.8152316808700562e-001 
3.1922440975904465e-002 -1.5416526794433594e-001 7.8151839971542358e-001 
3.2309766858816147e-002 -1.5416273474693298e-001 7.8151679039001465e-001 
1.0072153061628342e-001 -2.4614252150058746e-001 7.8319948911666870e-001 
-4.0304828435182571e-002 -1.4204482734203339e-001 7.8285109996795654e-001 
8.5719808936119080e-002 -2.6311138272285461e-001 7.8319466114044189e-001 
8.6718440055847168e-002 -2.6182317733764648e-001 7.8312599658966064e-001 
8.6110666394233704e-002 -2.5911727547645569e-001 7.8302824497222900e-001 
1.0370780527591705e-001 -2.4514371156692505e-001 7.8329378366470337e-001 
1.0475615411996841e-001 -2.4415829777717590e-001 7.8336113691329956e-001 
-7.8276209533214569e-002 -2.0065270364284515e-001 7.8347563743591309e-001 
-8.1756331026554108e-002 -1.9870176911354065e-001 7.8359001874923706e-001 
-8.1399589776992798e-002 -1.9869963824748993e-001 7.8358262777328491e-001 
-6.4372316002845764e-002 -1.6681694984436035e-001 7.8349477052688599e-001 
-6.2171570956707001e-002 -1.6465158760547638e-001 7.8342664241790771e-001 
-4.3970115482807159e-002 -1.4206200838088989e-001 7.8288918733596802e-001 
-4.0155176073312759e-002 -1.3893139362335205e-001 7.8317683935165405e-001 
-3.8719192147254944e-002 -1.3892057538032532e-001 7.8316330909729004e-001 
-8.5629731416702271e-002 -2.6220116019248962e-001 7.8406757116317749e-001 
-8.5720598697662354e-002 -2.5921684503555298e-001 7.8404933214187622e-001 
-6.2825217843055725e-002 -1.6465637087821960e-001 7.8344607353210449e-001 
-6.2155071645975113e-002 -1.6465196013450623e-001 7.8342586755752563e-001 
-8.3700999617576599e-002 -2.6294240355491638e-001 7.8402978181838989e-001 
-9.3778967857360840e-002 -2.6126074790954590e-001 7.8428304195404053e-001 
-9.3791574239730835e-002 -2.5927075743675232e-001 7.8429573774337769e-001 
-9.2259146273136139e-002 -2.5925907492637634e-001 7.8424555063247681e-001 
-2.6232147589325905e-002 -2.6065713167190552e-001 7.9397523403167725e-001 
-2.6221243664622307e-002 -2.5982570648193359e-001 7.9409557580947876e-001 
-2.6181457564234734e-002 -2.5879365205764771e-001 7.9417210817337036e-001 
-2.6148073375225067e-002 -2.5779119133949280e-001 7.9414802789688110e-001 
-2.6079772040247917e-002 -2.5590011477470398e-001 7.9409891366958618e-001 
-5.0794996786862612e-004 -2.0403103530406952e-001 8.0049067735671997e-001 
-2.3041377426125109e-004 -2.0402532815933228e-001 8.0046916007995605e-001 
1.1447013821452856e-003 -2.0400033891201019e-001 8.0051338672637939e-001 
-1.5026015462353826e-003 -2.0404347777366638e-001 8.0063652992248535e-001 
-2.0079524256289005e-003 -2.0405207574367523e-001 8.0075693130493164e-001 
2.0647046621888876e-003 -2.0400547981262207e-001 8.0065745115280151e-001 
-3.8223511073738337e-003 -2.0206369459629059e-001 8.0113160610198975e-001 
3.0681493226438761e-003 -2.0201425254344940e-001 8.0077350139617920e-001 
-2.5177206844091415e-003 -2.0406268537044525e-001 8.0085653066635132e-001 
1.8987329676747322e-003 -2.0403660833835602e-001 8.0065762996673584e-001 
2.2480541374534369e-003 -2.0403067767620087e-001 8.0071240663528442e-001 
4.3199043720960617e-002 -2.6031324267387390e-001 8.0040574073791504e-001 
4.3291397392749786e-002 -2.5832164287567139e-001 8.0037200450897217e-001 
4.3283604085445404e-002 -2.5542464852333069e-001 8.0036801099777222e-001 
4.3209541589021683e-002 -2.5147968530654907e-001 8.0036610364913940e-001 
4.3176226317882538e-002 -2.5051391124725342e-001 8.0038446187973022e-001 
4.3167978525161743e-002 -2.4949455261230469e-001 8.0038028955459595e-001 
4.3120175600051880e-002 -2.5626486539840698e-001 8.0054235458374023e-001 
4.3140489608049393e-002 -2.5542509555816650e-001 8.0055266618728638e-001 
4.3194472789764404e-002 -2.5346234440803528e-001 8.0054455995559692e-001 
4.3126206845045090e-002 -2.4822437763214111e-001 8.0054539442062378e-001 
4.3128531426191330e-002 -2.4751321971416473e-001 8.0054652690887451e-001 
3.0212160199880600e-003 -2.0405583083629608e-001 8.0088639259338379e-001 
3.1196683645248413e-002 -1.6613157093524933e-001 8.0172079801559448e-001 
5.0512142479419708e-002 -2.0767091214656830e-001 8.0192065238952637e-001 
5.0670027732849121e-002 -2.0666313171386719e-001 8.0189180374145508e-001 
5.0670273602008820e-002 -2.0565895736217499e-001 8.0186700820922852e-001 
5.0598353147506714e-002 -2.0269183814525604e-001 8.0181491374969482e-001 
5.0598241388797760e-002 -2.0168443024158478e-001 8.0179607868194580e-001 
5.0522744655609131e-002 -2.0069940388202667e-001 8.0178594589233398e-001 
5.0522666424512863e-002 -1.9975309073925018e-001 8.0177181959152222e-001 
-6.2913061119616032e-003 -1.9913180172443390e-001 8.0194067955017090e-001 
-5.5056819692254066e-003 -1.9912041723728180e-001 8.0180692672729492e-001 
5.0156932324171066e-002 -1.9778123497962952e-001 8.0176883935928345e-001 
-4.0444605983793736e-003 -1.9711810350418091e-001 8.0195260047912598e-001 
-5.7996145915240049e-004 -1.9707418978214264e-001 8.0171966552734375e-001 
-1.4515171642415226e-004 -1.9707007706165314e-001 8.0170440673828125e-001 
1.5946241328492761e-003 -1.9706535339355469e-001 8.0177426338195801e-001 
4.9092676490545273e-002 -1.9370366632938385e-001 8.0183422565460205e-001 
3.8154575973749161e-002 -1.9172075390815735e-001 8.0199521780014038e-001 
4.8234000802040100e-002 -1.8993519246578217e-001 8.0190467834472656e-001 
4.6211820095777512e-002 -1.8593725562095642e-001 8.0191111564636230e-001 
2.7659606188535690e-002 -1.8506507575511932e-001 8.0200701951980591e-001 
4.5185144990682602e-002 -1.8391789495944977e-001 8.0186015367507935e-001 
4.3003875762224197e-002 -1.8085366487503052e-001 8.0182826519012451e-001 
4.3003879487514496e-002 -1.7999939620494843e-001 8.0181688070297241e-001 
4.1871171444654465e-002 -1.7792586982250214e-001 8.0182558298110962e-001 
4.0627751499414444e-002 -1.7600256204605103e-001 8.0183905363082886e-001 
3.8692396134138107e-002 -1.7404265701770782e-001 8.0186575651168823e-001 
3.7194576114416122e-002 -1.7211690545082092e-001 8.0185848474502563e-001 
3.5132985562086105e-002 -1.7018602788448334e-001 8.0181676149368286e-001 
3.3237174153327942e-002 -1.6795764863491058e-001 8.0176901817321777e-001 
1.4228003099560738e-002 -1.6530902683734894e-001 8.0191671848297119e-001 
1.4808863401412964e-002 -1.6530448198318481e-001 8.0190789699554443e-001 
1.5896402299404144e-002 -1.6529667377471924e-001 8.0189567804336548e-001 
1.6692200675606728e-002 -1.6529163718223572e-001 8.0188095569610596e-001 
8.9563727378845215e-003 -1.6303837299346924e-001 8.0196756124496460e-001 
9.2459265142679214e-003 -1.6303607821464539e-001 8.0196487903594971e-001 
9.6073132008314133e-003 -1.6303353011608124e-001 8.0196231603622437e-001 
-7.6633072458207607e-003 -1.6238857805728912e-001 8.0216020345687866e-001 
5.2031702362000942e-003 -1.6230489313602448e-001 8.0198854207992554e-001 
7.8742811456322670e-003 -1.6228727996349335e-001 8.0197590589523315e-001 
2.5125585496425629e-002 -1.6217355430126190e-001 8.0177116394042969e-001 
1.8208295106887817e-002 -1.6025303304195404e-001 8.0183833837509155e-001 
1.6770862042903900e-002 -1.5825180709362030e-001 8.0184340476989746e-001 
1.8209164962172508e-002 -1.5824393928050995e-001 8.0181908607482910e-001 
1.0763427242636681e-002 -1.5637996792793274e-001 8.0186712741851807e-001 
1.2208468280732632e-002 -1.5637071430683136e-001 8.0185186862945557e-001 
1.3292448595166206e-002 -1.5636374056339264e-001 8.0184346437454224e-001 
1.3581513427197933e-002 -1.5636192262172699e-001 8.0184149742126465e-001 
-1.6913298517465591e-002 -1.5442653000354767e-001 8.0209690332412720e-001 
-1.6109898686408997e-002 -1.5442118048667908e-001 8.0208331346511841e-001 
-1.5161365270614624e-002 -1.5441495180130005e-001 8.0206423997879028e-001 
-1.4286230318248272e-002 -1.5440943837165833e-001 8.0204701423645020e-001 
-1.3703334145247936e-002 -1.5440535545349121e-001 8.0204206705093384e-001 
-1.2462142854928970e-002 -1.5439933538436890e-001 8.0202341079711914e-001 
-1.0793019086122513e-002 -1.5438656508922577e-001 8.0199897289276123e-001 
-8.6851399391889572e-003 -1.5437392890453339e-001 8.0197983980178833e-001 
-8.2462457939982414e-003 -1.5437327325344086e-001 8.0197542905807495e-001 
-7.2363247163593769e-003 -1.5436340868473053e-001 8.0196350812911987e-001 
-3.1063645146787167e-003 -1.5433819591999054e-001 8.0192244052886963e-001 
-1.7336015589535236e-003 -1.5432788431644440e-001 8.0191069841384888e-001 
-1.2275018962100148e-003 -1.5432459115982056e-001 8.0190664529800415e-001 
2.8189190197736025e-003 -1.5429840981960297e-001 8.0187857151031494e-001 
3.7583278026431799e-003 -1.5429453551769257e-001 8.0186921358108521e-001 
5.2741691470146179e-003 -1.5428327023983002e-001 8.0185294151306152e-001 
6.5017854794859886e-003 -1.5427483618259430e-001 8.0184465646743774e-001 
4.7651369124650955e-002 -2.2335918247699738e-001 8.0253398418426514e-001 
4.8516415059566498e-002 -2.2068376839160919e-001 8.0247294902801514e-001 
4.8325370997190475e-002 -2.1966855227947235e-001 8.0244767665863037e-001 
4.8516232520341873e-002 -2.1965481340885162e-001 8.0244588851928711e-001 
4.9181368201971054e-002 -2.1838872134685516e-001 8.0240905284881592e-001 
5.0114899873733521e-002 -2.1468856930732727e-001 8.0225247144699097e-001 
5.0642009824514389e-002 -2.1141365170478821e-001 8.0206549167633057e-001 
5.0642233341932297e-002 -2.0966450870037079e-001 8.0198866128921509e-001 
-1.0188741609454155e-002 -2.0605526864528656e-001 8.0235916376113892e-001 
-9.9710440263152122e-003 -2.0605809986591339e-001 8.0234885215759277e-001 
-5.1426239311695099e-002 -2.0534758269786835e-001 8.0266618728637695e-001 
-9.6844676882028580e-003 -2.0413814485073090e-001 8.0228734016418457e-001 
-7.7363857999444008e-003 -2.0013412833213806e-001 8.0208659172058105e-001 
1.1553648859262466e-002 -2.0000864565372467e-001 8.0205082893371582e-001 
-6.8086795508861542e-003 -1.9912026822566986e-001 8.0201286077499390e-001 
3.8705670740455389e-003 -1.9902016222476959e-001 8.0150622129440308e-001 
1.1264726519584656e-002 -1.9901663064956665e-001 8.0205219984054565e-001 
1.1553457938134670e-002 -1.9901470839977264e-001 8.0205029249191284e-001 
3.9706032723188400e-002 -1.9376353919506073e-001 8.0196470022201538e-001 
3.8360252976417542e-002 -1.9171841442584991e-001 8.0199432373046875e-001 
-1.5644932165741920e-002 -1.8805654346942902e-001 8.0247926712036133e-001 
4.5593913644552231e-002 -1.8690541386604309e-001 8.0194139480590820e-001 
-2.9705394059419632e-002 -1.8544192612171173e-001 8.0262422561645508e-001 
2.7936575934290886e-002 -1.8506389856338501e-001 8.0200505256652832e-001 
2.8228204697370529e-002 -1.8506197631359100e-001 8.0200523138046265e-001 
-9.7508653998374939e-003 -1.8119978904724121e-001 8.0238652229309082e-001 
-1.0768036358058453e-002 -1.8035212159156799e-001 8.0240249633789063e-001 
-1.2736774049699306e-002 -1.7929127812385559e-001 8.0242985486984253e-001 
1.4224118553102016e-002 -1.6531039774417877e-001 8.0191665887832642e-001 
2.8226135298609734e-002 -1.6401244699954987e-001 8.0172353982925415e-001 
4.6977959573268890e-003 -1.6306741535663605e-001 8.0199640989303589e-001 
-3.3671788871288300e-002 -1.6256016492843628e-001 8.0258750915527344e-001 
-3.3223457634449005e-002 -1.6255722939968109e-001 8.0257773399353027e-001 
-3.2850161194801331e-002 -1.6255475580692291e-001 8.0256861448287964e-001 
-8.7232049554586411e-003 -1.6239650547504425e-001 8.0218058824539185e-001 
-8.0933421850204468e-003 -1.6239297389984131e-001 8.0216616392135620e-001 
-7.9484069719910622e-003 -1.6239203512668610e-001 8.0216366052627563e-001 
2.2189985960721970e-002 -1.6022703051567078e-001 8.0178552865982056e-001 
-2.7557495981454849e-002 -1.5854327380657196e-001 8.0245906114578247e-001 
-2.6679553091526031e-002 -1.5853694081306458e-001 8.0244201421737671e-001 
-2.3270571604371071e-002 -1.5660500526428223e-001 8.0235046148300171e-001 
-2.2763695567846298e-002 -1.5659970045089722e-001 8.0233556032180786e-001 
-2.0265694707632065e-002 -1.5658447146415710e-001 8.0226117372512817e-001 
-9.8669319413602352e-004 -2.5080311298370361e-001 8.0288237333297729e-001 
-3.3936035470105708e-004 -2.5080391764640808e-001 8.0287939310073853e-001 
3.7680950481444597e-003 -2.5077557563781738e-001 8.0287897586822510e-001 
7.8012081794440746e-003 -2.5075554847717285e-001 8.0288368463516235e-001 
-1.0745416395366192e-002 -2.4858130514621735e-001 8.0297642946243286e-001 
-9.2925280332565308e-003 -2.4856923520565033e-001 8.0299222469329834e-001 
-6.9020958617329597e-003 -2.4855202436447144e-001 8.0302345752716064e-001 
-5.3098984062671661e-003 -2.4853807687759399e-001 8.0302971601486206e-001 
-4.7324653714895248e-003 -2.4853466451168060e-001 8.0303120613098145e-001 
9.2403432354331017e-003 -2.4844375252723694e-001 8.0299723148345947e-001 
1.1616162024438381e-002 -2.4842734634876251e-001 8.0299246311187744e-001 
1.2768512591719627e-002 -2.4841918051242828e-001 8.0298662185668945e-001 
1.3633013702929020e-002 -2.4841293692588806e-001 8.0298006534576416e-001 
1.4569782651960850e-002 -2.4840594828128815e-001 8.0297005176544189e-001 
1.6232509166002274e-002 -2.4840240180492401e-001 8.0294787883758545e-001 
1.6737610101699829e-002 -2.4839814007282257e-001 8.0293476581573486e-001 
1.7670460045337677e-002 -2.4838136136531830e-001 8.0291306972503662e-001 
-1.7292182892560959e-002 -2.4686728417873383e-001 8.0314707756042480e-001 
-1.2553958222270012e-002 -2.4683283269405365e-001 8.0314034223556519e-001 
2.2230187430977821e-002 -2.4659968912601471e-001 8.0298763513565063e-001 
2.2737052291631699e-002 -2.4659554660320282e-001 8.0297601222991943e-001 
2.3248514160513878e-002 -2.4659995734691620e-001 8.0319648981094360e-001 
2.3533120751380920e-002 -2.4659039080142975e-001 8.0329895019531250e-001 
8.8089136406779289e-003 -2.4353341758251190e-001 8.0325871706008911e-001 
9.3845278024673462e-003 -2.4352945387363434e-001 8.0325669050216675e-001 
1.0392373427748680e-002 -2.4352230131626129e-001 8.0325108766555786e-001 
3.1324062496423721e-002 -2.4231989681720734e-001 8.0324554443359375e-001 
3.1542934477329254e-002 -2.4231851100921631e-001 8.0324500799179077e-001 
4.1402366012334824e-002 -2.3460191488265991e-001 8.0295395851135254e-001 
4.3644156306982040e-002 -2.3130951821804047e-001 8.0298209190368652e-001 
4.5214295387268066e-002 -2.2861678898334503e-001 8.0281740427017212e-001 
-4.3617185205221176e-002 -2.2521963715553284e-001 8.0302900075912476e-001 
4.7107882797718048e-002 -2.2462815046310425e-001 8.0258291959762573e-001 
2.5792382657527924e-002 -2.2350923717021942e-001 8.0261778831481934e-001 
-4.6163160353899002e-002 -2.2131544351577759e-001 8.0294865369796753e-001 
-4.6163089573383331e-002 -2.2028587758541107e-001 8.0294382572174072e-001 
-4.6610541641712189e-002 -2.1902410686016083e-001 8.0292791128158569e-001 
1.6165653243660927e-002 -2.1861246228218079e-001 8.0250501632690430e-001 
1.6668410971760750e-002 -2.1861194074153900e-001 8.0250370502471924e-001 
1.7823867499828339e-002 -2.1860487759113312e-001 8.0249774456024170e-001 
1.6668379306793213e-002 -2.1761709451675415e-001 8.0248290300369263e-001 
1.7245998606085777e-002 -2.1761351823806763e-001 8.0248045921325684e-001 
-4.7711610794067383e-002 -2.1706949174404144e-001 8.0290079116821289e-001 
4.9676131457090378e-002 -2.1643894910812378e-001 8.0233120918273926e-001 
-4.8186551779508591e-002 -2.1415971219539642e-001 8.0285298824310303e-001 
-4.9112223088741302e-002 -2.1312259137630463e-001 8.0282831192016602e-001 
-4.9743756651878357e-002 -2.1207226812839508e-001 8.0280065536499023e-001 
-5.0209213048219681e-002 -2.0928877592086792e-001 8.0272591114044189e-001 
-5.1541782915592194e-002 -2.0336259901523590e-001 8.0266559123992920e-001 
-5.1605522632598877e-002 -2.0136819779872894e-001 8.0266708135604858e-001 
-5.1605425775051117e-002 -2.0042100548744202e-001 8.0266439914703369e-001 
-7.3885605670511723e-003 -2.0012277364730835e-001 8.0204081535339355e-001 
-5.1774673163890839e-002 -1.9942893087863922e-001 8.0265647172927856e-001 
-5.2021700888872147e-002 -1.9743098318576813e-001 8.0266511440277100e-001 
-5.2021570503711700e-002 -1.9651401042938232e-001 8.0267846584320068e-001 
-5.1691792905330658e-002 -1.9553063809871674e-001 8.0270892381668091e-001 
-5.1691543310880661e-002 -1.9436277449131012e-001 8.0273187160491943e-001 
-5.1138166338205338e-002 -1.9058743119239807e-001 8.0281281471252441e-001 
-1.5052896924316883e-002 -1.8805129826068878e-001 8.0247133970260620e-001 
-1.4907266013324261e-002 -1.8805034458637238e-001 8.0246949195861816e-001 
-5.0207544118165970e-002 -1.8657022714614868e-001 8.0286800861358643e-001 
-2.9763597995042801e-002 -1.8643555045127869e-001 8.0263465642929077e-001 
-4.9729924649000168e-002 -1.8557284772396088e-001 8.0286973714828491e-001 
-2.8799589723348618e-002 -1.8543556332588196e-001 8.0261176824569702e-001 
-4.9730017781257629e-002 -1.8454168736934662e-001 8.0285966396331787e-001 
-3.9738811552524567e-002 -1.8139585852622986e-001 8.0274438858032227e-001 
-3.9210103452205658e-002 -1.8139247596263885e-001 8.0273914337158203e-001 
-1.1414409615099430e-002 -1.8121051788330078e-001 8.0241453647613525e-001 
-1.0326205752789974e-002 -1.8120341002941132e-001 8.0239593982696533e-001 
-4.8559032380580902e-002 -1.8059961497783661e-001 8.0285614728927612e-001 
-4.0281958878040314e-002 -1.8054552376270294e-001 8.0275303125381470e-001 
-8.2974014803767204e-003 -1.8033562600612640e-001 8.0236279964447021e-001 
-1.2140484526753426e-002 -1.7928698658943176e-001 8.0242151021957397e-001 
-1.1995214037597179e-002 -1.7928603291511536e-001 8.0241978168487549e-001 
-4.6636067330837250e-002 -1.7752067744731903e-001 8.0285137891769409e-001 
-4.6635933220386505e-002 -1.7657463252544403e-001 8.0286508798599243e-001 
-3.8763511925935745e-002 -1.7652288079261780e-001 8.0276697874069214e-001 
-4.5691724866628647e-002 -1.7459604144096375e-001 8.0287313461303711e-001 
-4.2238820344209671e-002 -1.7069169878959656e-001 8.0281621217727661e-001 
-4.0722902864217758e-002 -1.6844423115253448e-001 8.0275166034698486e-001 
-3.9060320705175400e-002 -1.6735105216503143e-001 8.0269199609756470e-001 
-3.9060395210981369e-002 -1.6659832000732422e-001 8.0269116163253784e-001 
-3.8771543651819229e-002 -1.6659528017044067e-001 8.0268323421478271e-001 
-3.6264576017856598e-002 -1.6442932188510895e-001 8.0261075496673584e-001 
-3.5765800625085831e-002 -1.6442388296127319e-001 8.0260026454925537e-001 
-3.4177310764789581e-002 -1.6256357729434967e-001 8.0259621143341064e-001 
-3.0738718807697296e-002 -1.6057313978672028e-001 8.0253815650939941e-001 
-3.0061854049563408e-002 -1.6056865453720093e-001 8.0252766609191895e-001 
-7.7614798210561275e-003 -2.4854555726051331e-001 8.0301475524902344e-001 
8.6639430373907089e-003 -2.4844156205654144e-001 8.0299711227416992e-001 
1.0750336572527885e-002 -2.4842444062232971e-001 8.0299228429794312e-001 
1.2765830382704735e-002 -2.4841047823429108e-001 8.0298721790313721e-001 
8.6640454828739166e-003 -2.4773244559764862e-001 8.0303680896759033e-001 
9.7422664985060692e-003 -2.4771766364574432e-001 8.0303066968917847e-001 
1.1900925077497959e-002 -2.4770355224609375e-001 8.0303245782852173e-001 
2.3667532950639725e-002 -2.4658674001693726e-001 8.0331033468246460e-001 
2.3670321330428123e-002 -2.4562142789363861e-001 8.0318850278854370e-001 
-2.2017057985067368e-002 -2.4493613839149475e-001 8.0333018302917480e-001 
-2.1724134683609009e-002 -2.4493440985679626e-001 8.0333006381988525e-001 
2.5256803259253502e-002 -2.4462439119815826e-001 8.0328589677810669e-001 
2.5764210149645805e-002 -2.4462103843688965e-001 8.0331444740295410e-001 
2.6274202391505241e-002 -2.4461767077445984e-001 8.0334675312042236e-001 
2.4749610573053360e-002 -2.4235825240612030e-001 8.0326390266418457e-001 
3.0279651284217834e-002 -2.4232186377048492e-001 8.0335474014282227e-001 
-2.8290780261158943e-002 -2.4167445302009583e-001 8.0363160371780396e-001 
3.4600496292114258e-002 -2.4127294123172760e-001 8.0303388833999634e-001 
-2.8292583301663399e-002 -2.4092806875705719e-001 8.0362832546234131e-001 
-3.0720988288521767e-002 -2.3895457386970520e-001 8.0375826358795166e-001 
3.6728017032146454e-002 -2.3854069411754608e-001 8.0311971902847290e-001 
-3.3536963164806366e-002 -2.3697091639041901e-001 8.0388331413269043e-001 
3.8712669163942337e-002 -2.3652730882167816e-001 8.0309998989105225e-001 
3.9023946970701218e-002 -2.3652231693267822e-001 8.0306947231292725e-001 
4.0781594812870026e-002 -2.3461247980594635e-001 8.0301797389984131e-001 
4.1162341833114624e-002 -2.3460790514945984e-001 8.0297923088073730e-001 
-3.7309233099222183e-002 -2.3288416862487793e-001 8.0363744497299194e-001 
4.2643979191780090e-002 -2.3237918317317963e-001 8.0304652452468872e-001 
-3.8684677332639694e-002 -2.3184157907962799e-001 8.0355107784271240e-001 
-4.0695335716009140e-002 -2.2917239367961884e-001 8.0323761701583862e-001 
-4.2136125266551971e-002 -2.2694635391235352e-001 8.0311095714569092e-001 
-4.3199658393859863e-002 -2.2522287070751190e-001 8.0303996801376343e-001 
-4.2743638157844543e-002 -2.2521929442882538e-001 8.0304741859436035e-001 
-4.4583331793546677e-002 -2.2397114336490631e-001 8.0299258232116699e-001 
-3.3817891031503677e-002 -2.2390007972717285e-001 8.0302751064300537e-001 
-3.2103929668664932e-002 -2.2388738393783569e-001 8.0301934480667114e-001 
-3.4201141446828842e-002 -2.2124151885509491e-001 8.0296194553375244e-001 
-4.8533003777265549e-002 -2.1534849703311920e-001 8.0288004875183105e-001 
-4.8533730208873749e-002 -2.1416859328746796e-001 8.0285143852233887e-001 
-4.9150615930557251e-002 -1.8327726423740387e-001 8.0285620689392090e-001 
-4.7610133886337280e-002 -1.7951847612857819e-001 8.0285221338272095e-001 
-4.7609858214855194e-002 -1.7851105332374573e-001 8.0285918712615967e-001 
-3.9642304182052612e-002 -1.7652812600135803e-001 8.0277717113494873e-001 
-3.9491333067417145e-002 -1.7652717232704163e-001 8.0277729034423828e-001 
-4.4064160436391830e-002 -1.7356733977794647e-001 8.0284571647644043e-001 
-4.4064067304134369e-002 -1.7264771461486816e-001 8.0285936594009399e-001 
2.8730118647217751e-002 -2.4459871649742126e-001 8.0357581377029419e-001 
-2.5157507508993149e-002 -2.4268601834774017e-001 8.0352002382278442e-001 
2.3722251877188683e-002 -2.4134120345115662e-001 8.0331146717071533e-001 
-3.5029597580432892e-002 -2.5269445776939392e-001 8.0494093894958496e-001 
-3.4903604537248611e-002 -2.5269410014152527e-001 8.0475741624832153e-001 
-3.5029534250497818e-002 -2.5198224186897278e-001 8.0494105815887451e-001 
-3.5029374063014984e-002 -2.5101628899574280e-001 8.0494141578674316e-001 
-3.5028930753469467e-002 -2.4999688565731049e-001 8.0494195222854614e-001 
-3.4904856234788895e-002 -2.4999654293060303e-001 8.0475586652755737e-001 
-3.5030327737331390e-002 -2.4872687458992004e-001 8.0493795871734619e-001 
-3.4897204488515854e-002 -2.4872589111328125e-001 8.0485689640045166e-001 
-3.5030920058488846e-002 -2.4801574647426605e-001 8.0493509769439697e-001 
-3.4895867109298706e-002 -2.4801473319530487e-001 8.0486339330673218e-001 
-3.5032484680414200e-002 -2.4172930419445038e-001 8.0491304397583008e-001 
-3.4890990704298019e-002 -2.4172608554363251e-001 8.0484956502914429e-001 
-3.5040117800235748e-002 -2.4099150300025940e-001 8.0481785535812378e-001 
-3.4899216145277023e-002 -2.4098828434944153e-001 8.0475133657455444e-001 
-3.5068813711404800e-002 -2.3707428574562073e-001 8.0410122871398926e-001 
-3.4921236336231232e-002 -2.3707388341426849e-001 8.0407834053039551e-001 
-3.5070169717073441e-002 -2.3616230487823486e-001 8.0394589900970459e-001 
3.0387515202164650e-002 -2.5223109126091003e-001 8.0706727504730225e-001 
3.0423970893025398e-002 -2.5156977772712708e-001 8.0691844224929810e-001 
3.0252493917942047e-002 -2.5450325012207031e-001 8.0715751647949219e-001 
3.0256139114499092e-002 -2.5352975726127625e-001 8.0715459585189819e-001 
-1.9226860255002975e-002 -5.3447052836418152e-002 4.0175285935401917e-001 
-1.2835742905735970e-002 -5.3403098136186600e-002 4.0158325433731079e-001 
-9.0320976451039314e-003 -5.3378779441118240e-002 4.0151807665824890e-001 
-8.3754099905490875e-003 -5.3374506533145905e-002 4.0150994062423706e-001 
-4.7309850342571735e-003 -5.3349621593952179e-002 4.0145963430404663e-001 
1.2839603004977107e-004 -5.3318053483963013e-002 4.0140411257743835e-001 
1.6502600628882647e-003 -5.3306475281715393e-002 4.0138667821884155e-001 
6.6319210454821587e-003 -5.3272873163223267e-002 4.0130761265754700e-001 
8.8663361966609955e-003 -5.3258024156093597e-002 4.0125563740730286e-001 
9.0824076905846596e-003 -5.3256567567586899e-002 4.0124976634979248e-001 
9.9472170695662498e-003 -5.3250536322593689e-002 4.0122991800308228e-001 
-1.7554074525833130e-002 -5.2510228008031845e-002 4.0175276994705200e-001 
-1.7252141609787941e-002 -5.2506543695926666e-002 4.0174147486686707e-001 
-1.4241251163184643e-002 -5.2488204091787338e-002 4.0164041519165039e-001 
-1.1736749671399593e-002 -5.2468806505203247e-002 4.0157186985015869e-001 
-1.2688747607171535e-002 -4.9325391650199890e-002 4.0161737799644470e-001 
-1.2242125347256660e-002 -4.9320321530103683e-002 4.0160113573074341e-001 
-1.0775061324238777e-002 -4.9310151487588882e-002 4.0155181288719177e-001 
-9.1781551018357277e-003 -4.9302507191896439e-002 4.0151950716972351e-001 
-8.7369205430150032e-003 -4.9298673868179321e-002 4.0151074528694153e-001 
-6.6219768486917019e-003 -4.9284726381301880e-002 4.0147832036018372e-001 
-6.3307350501418114e-003 -4.9282666295766830e-002 4.0147635340690613e-001 
-5.3891339339315891e-003 -4.9278143793344498e-002 4.0147367119789124e-001 
-4.5087258331477642e-003 -4.9269378185272217e-002 4.0146398544311523e-001 
9.9471891298890114e-003 -4.9173172563314438e-002 4.0124690532684326e-001 
-3.0298752244561911e-004 -4.8386696726083755e-002 4.0141719579696655e-001 
7.8263803152367473e-004 -4.8379600048065186e-002 4.0140014886856079e-001 
1.2167476816102862e-003 -4.8376768827438354e-002 4.0139496326446533e-001 
5.4777348414063454e-003 -4.8348978161811829e-002 4.0133437514305115e-001 
6.4874603413045406e-003 -4.8341423273086548e-002 4.0131130814552307e-001 
7.1362862363457680e-003 -4.8337038606405258e-002 4.0129879117012024e-001 
-3.7112742662429810e-002 -1.0104330629110336e-001 4.0176972746849060e-001 
-4.2066462337970734e-002 -1.0005620867013931e-001 4.0183335542678833e-001 
-4.1911706328392029e-002 -1.0005546361207962e-001 4.0183359384536743e-001 
-3.4037299454212189e-002 -9.8999299108982086e-002 4.0176928043365479e-001 
-3.3885322511196136e-002 -9.8998412489891052e-002 4.0176740288734436e-001 
-3.0078727751970291e-002 -9.6264280378818512e-002 4.0180590748786926e-001 
-2.3692457005381584e-002 -9.6222095191478729e-002 4.0172460675239563e-001 
-4.3214455246925354e-002 -9.5304720103740692e-002 4.0199992060661316e-001 
-2.5557136163115501e-002 -9.5187023282051086e-002 4.0178331732749939e-001 
-4.3213941156864166e-002 -9.4093054533004761e-002 4.0203496813774109e-001 
-2.3765923455357552e-002 -9.3965016305446625e-002 4.0180531144142151e-001 
-1.2664915993809700e-002 -9.2959657311439514e-002 4.0164092183113098e-001 
-1.2664524838328362e-002 -9.2200338840484619e-002 4.0166363120079041e-001 
-2.7501216158270836e-002 -9.1237634420394897e-002 4.0191745758056641e-001 
-2.1074041724205017e-002 -9.1194801032543182e-002 4.0183532238006592e-001 
-1.9815318286418915e-002 -9.1186851263046265e-002 4.0181303024291992e-001 
-1.8263604491949081e-002 -9.1177128255367279e-002 4.0178442001342773e-001 
-1.6481446102261543e-002 -9.1162890195846558e-002 4.0175381302833557e-001 
-3.5404313355684280e-002 -9.0076453983783722e-002 4.0202316641807556e-001 
-2.7500919997692108e-002 -9.0023189783096313e-002 4.0192890167236328e-001 
-4.3120976537466049e-002 -8.9398287236690521e-002 4.0212628245353699e-001 
-3.5404246300458908e-002 -8.9348614215850830e-002 4.0202528238296509e-001 
-2.7500931173563004e-002 -8.9295715093612671e-002 4.0192982554435730e-001 
-1.6480803489685059e-002 -8.9222438633441925e-002 4.0177795290946960e-001 
-3.5404331982135773e-002 -8.8140867650508881e-002 4.0201994776725769e-001 
-4.2853418737649918e-002 -8.7363041937351227e-002 4.0210911631584167e-001 
-3.5404421389102936e-002 -8.7314106523990631e-002 4.0201348066329956e-001 
-2.0037025213241577e-002 -8.6337544023990631e-002 4.0180721879005432e-001 
-1.8337164074182510e-002 -8.6326025426387787e-002 4.0178918838500977e-001 
-4.2529322206974030e-002 -8.4189392626285553e-002 4.0204137563705444e-001 
-2.7202513068914413e-002 -8.4090285003185272e-002 4.0185800194740295e-001 
-4.1281510144472122e-002 -8.2455821335315704e-002 4.0199279785156250e-001 
-4.0826618671417236e-002 -8.2452386617660522e-002 4.0199133753776550e-001 
-2.3766538128256798e-002 -8.2342065870761871e-002 4.0178161859512329e-001 
-2.1965181455016136e-002 -8.2331284880638123e-002 4.0175300836563110e-001 
-4.1290476918220520e-002 -8.1205219030380249e-002 4.0197205543518066e-001 
-4.1290555149316788e-002 -8.0195680260658264e-002 4.0195566415786743e-001 
-2.8423022478818893e-002 -8.0110959708690643e-002 4.0183442831039429e-001 
-2.5856923311948776e-002 -7.9118981957435608e-002 4.0178146958351135e-001 
-3.9566859602928162e-002 -7.6489336788654327e-002 4.0192866325378418e-001 
-2.2783258929848671e-002 -7.6377995312213898e-002 4.0174990892410278e-001 
-2.0853886380791664e-002 -7.6365768909454346e-002 4.0171471238136292e-001 
-1.8782120198011398e-002 -7.6352760195732117e-002 4.0167957544326782e-001 
-2.5333235040307045e-002 -7.5161956250667572e-002 4.0180057287216187e-001 
-3.8336541503667831e-002 -7.3477983474731445e-002 4.0194153785705566e-001 
-1.9372684881091118e-002 -7.2375327348709106e-002 4.0175405144691467e-001 
-2.5183148682117462e-002 -7.1371138095855713e-002 4.0185257792472839e-001 
-2.4287937209010124e-002 -7.1365304291248322e-002 4.0183949470520020e-001 
-2.0630398765206337e-002 -7.1341194212436676e-002 4.0178671479225159e-001 
-1.8338510766625404e-002 -7.1326382458209991e-002 4.0173962712287903e-001 
-1.8338363617658615e-002 -7.0135772228240967e-002 4.0173688530921936e-001 
-3.6244377493858337e-002 -6.9511860609054565e-002 4.0196350216865540e-001 
-2.0630663260817528e-002 -6.9410637021064758e-002 4.0177670121192932e-001 
-1.8560018390417099e-002 -6.9397129118442535e-002 4.0173256397247314e-001 
-1.8338492140173912e-002 -6.9395691156387329e-002 4.0172874927520752e-001 
-3.3123597502708435e-002 -6.6306605935096741e-002 4.0194100141525269e-001 
-2.8422735631465912e-002 -6.6276796162128448e-002 4.0186101198196411e-001 
-2.4363109841942787e-002 -6.6251166164875031e-002 4.0179777145385742e-001 
-2.3915946483612061e-002 -6.6248223185539246e-002 4.0178930759429932e-001 
-3.2122809439897537e-002 -6.3564471900463104e-002 4.0188363194465637e-001 
-2.9777860268950462e-002 -6.3548818230628967e-002 4.0183058381080627e-001 
-2.0630331709980965e-002 -5.4339624941349030e-002 4.0174087882041931e-001 
-1.9299007952213287e-002 -5.4331071674823761e-002 4.0170755982398987e-001 
-1.5306254848837852e-002 -5.4303564131259918e-002 4.0161752700805664e-001 
-2.0629459992051125e-002 -5.3449869155883789e-002 4.0180361270904541e-001 
-2.0185265690088272e-002 -5.3447134792804718e-002 4.0179070830345154e-001 
-1.9298337399959564e-002 -5.3441323339939117e-002 4.0175467729568481e-001 
-2.5836329907178879e-002 -1.5749077498912811e-001 4.0348467230796814e-001 
-2.5836333632469177e-002 -1.5666387975215912e-001 4.0348467230796814e-001 
-2.5836355984210968e-002 -1.5189321339130402e-001 4.0348467230796814e-001 
-2.5836331769824028e-002 -1.5060563385486603e-001 4.0348470211029053e-001 
-2.5836376473307610e-002 -1.4955863356590271e-001 4.0348464250564575e-001 
-2.5833353400230408e-002 -1.4663705229759216e-001 4.0349322557449341e-001 
-2.5825774297118187e-002 -1.4586894214153290e-001 4.0351825952529907e-001 
-2.5852913036942482e-002 -1.4082773029804230e-001 4.0334576368331909e-001 
-2.5881299749016762e-002 -1.3991059362888336e-001 4.0308073163032532e-001 
-2.5890301913022995e-002 -1.6048857569694519e-001 4.0366160869598389e-001 
-2.5890314951539040e-002 -1.5947878360748291e-001 4.0366160869598389e-001 
-2.5890309363603592e-002 -1.5873649716377258e-001 4.0366160869598389e-001 
-2.5964714586734772e-002 -1.5749111771583557e-001 4.0366443991661072e-001 
-2.5964714586734772e-002 -1.5666422247886658e-001 4.0366443991661072e-001 
-2.5964720174670219e-002 -1.5189355611801147e-001 4.0366443991661072e-001 
-2.5964787229895592e-002 -1.5060597658157349e-001 4.0366443991661072e-001 
-2.5964705273509026e-002 -1.4955897629261017e-001 4.0366443991661072e-001 
-2.5957057252526283e-002 -1.4663735032081604e-001 4.0368652343750000e-001 
-2.5957133620977402e-002 -1.4586946368217468e-001 4.0368828177452087e-001 
-2.5892142206430435e-002 -1.4481054246425629e-001 4.0365445613861084e-001 
-2.5872226804494858e-002 -1.4383898675441742e-001 4.0376198291778564e-001 
-2.5881651788949966e-002 -1.4262124896049500e-001 4.0371811389923096e-001 
-2.5991454720497131e-002 -1.4083860814571381e-001 4.0344735980033875e-001 
-2.6022136211395264e-002 -1.3992460072040558e-001 4.0315750241279602e-001 
-2.5984445586800575e-002 -1.3876926898956299e-001 4.0270906686782837e-001 
-2.5993127375841141e-002 -1.3771462440490723e-001 4.0243256092071533e-001 
-2.5993300601840019e-002 -1.3701137900352478e-001 4.0228599309921265e-001 
-2.6060102507472038e-002 -1.3601818680763245e-001 4.0213170647621155e-001 
-4.0883921086788177e-002 -1.0098630189895630e-001 4.3328687548637390e-001 
-4.0883813053369522e-002 -9.9967427551746368e-002 4.3328639864921570e-001 
-4.0739901363849640e-002 -9.8963789641857147e-002 4.3327626585960388e-001 
-4.0739711374044418e-002 -9.7964741289615631e-002 4.3327501416206360e-001 
-4.0739670395851135e-002 -9.7236685454845428e-002 4.3327215313911438e-001 
-4.0750756859779358e-002 -9.2304609715938568e-002 4.3319797515869141e-001 
]
