-0.0570742 -0.106901 0.158175
 -0.0510882 -0.0854027 0.197904
 -0.133186 -0.0200891 0.250957
 -0.186738 0.0245081 0.226168
 -0.0461617 -0.0943074 0.211141
 -0.0558124 -0.00974167 0.262637
 -0.202325 0.067985 0.273796
 -0.0117541 -0.14746 0.196939
 -0.114536 0.029798 0.247961
 -0.0423412 -0.109394 0.222938
 -0.00543797 -0.130492 0.162838
 -0.0774313 -0.0891795 0.224815
 -0.0715305 0.00341406 0.218257
 -0.147402 -0.00525211 0.199379
 -0.0610145 -0.0691821 0.19875
 -0.176728 0.0257847 0.23444
 -0.113217 -0.0854617 0.190497
 -0.0548392 -0.122678 0.218659
 -0.0903272 -0.120443 0.234428
 -0.0243737 -0.142204 0.198935
 -0.0860629 -0.0796031 0.243405
 -0.112104 -0.0178786 0.273107
 -0.0162511 -0.136139 0.201827
 -0.0536339 -0.117838 0.163223
 -0.132192 -0.0393648 0.246347
 -0.0381444 -0.0328784 0.263507
 -0.0615746 -0.0432734 0.212249
 -0.0385815 -0.09609 0.164567
 -0.0960725 -0.065752 0.223912
 -0.168826 0.0406134 0.237707
 -0.0639298 -0.086628 0.157076
 -0.0091809 -0.115337 0.181888
 -0.106845 -0.0367236 0.271279
 -0.0381334 -0.135844 0.194789
 -0.0970789 -0.0271586 0.239782
 -0.0974101 -0.00549274 0.295815
 -0.110786 -0.046804 0.185186
 -0.156429 -0.080694 0.193705
 -0.145761 0.0380979 0.257324
 -0.0815862 0.00711412 0.307644
 -0.0550331 -0.0363661 0.23026
 -0.064722 -0.0893691 0.166032
 -0.0932083 -0.0838893 0.18971
 -0.12444 -0.0460977 0.191306
 -0.0539855 -0.122784 0.21463
 -0.0207495 -0.0938124 0.205128
 -0.0415639 -0.0127534 0.248107
 -0.0794648 -0.019303 0.287731
 -0.0445361 -0.0300636 0.243457
 -0.0470888 -0.000973747 0.264578
 -0.0631146 -0.0603527 0.246318
 -0.108272 -0.083322 0.245149
 -0.105148 -0.0503234 0.212006
 -0.067302 0.0133863 0.298748
 -0.146052 -0.0091096 0.22622
 -0.11161 -0.0392214 0.289783
 -0.0875139 0.0257055 0.310978
 -0.081128 -0.0332282 0.294775
 -0.0517911 -0.0187327 0.249422
 0.00722274 -0.155489 0.193712
 -0.111023 -0.0887988 0.211566
 -0.111766 -0.099194 0.237769
 -0.123332 0.030795 0.300309
 -0.0755896 -0.0513769 0.20449
 -0.0703827 -0.0837279 0.178593
 -0.0974143 0.00550463 0.19984
 -0.0214195 -0.133008 0.164075
 -0.106096 -0.0246398 0.26452
 -0.0992058 -0.0874203 0.180057
 -0.0779809 -0.0410421 0.194319
 -0.0441245 -0.100859 0.213781
 -0.138326 0.0483542 0.23683
 -0.0871219 -0.0808344 0.192632
 -0.0445352 -0.0636727 0.24461
 -0.0853595 -0.116777 0.200244
 -0.105204 -0.0492041 0.26597
 -0.180492 0.00692138 0.223892
 -0.0246158 -0.0840813 0.221181
 -0.119996 -0.00659382 0.190385
 -0.0949217 -0.0133651 0.293276
 -0.106287 -0.122176 0.216898
 -0.142578 -0.0537306 0.211939
 -0.0272389 -0.130225 0.158411
 -0.14392 0.0171106 0.227508
 -0.151226 -0.0797514 0.217415
 -0.0856081 -0.052195 0.283118
 -0.0920592 -0.0904266 0.274068
 -0.172075 0.0166295 0.227887
 -0.102065 -0.0580603 0.279285
 -0.0828924 -0.00201911 0.255452
 -0.111486 -0.0137175 0.277976
 -0.0501557 -0.0475337 0.19504
 -0.113089 -0.0910335 0.180748
 -0.110288 -0.116692 0.222931
 -0.161529 0.0286905 0.246463
 -0.112412 -0.00462628 0.233821
 -0.020093 -0.139272 0.177544
 -0.151132 -0.106062 0.202841
 -0.100797 0.0173062 0.199046
 -0.106408 -0.053991 0.170153
 -0.0836976 -0.102347 0.193089
 -0.116449 -0.0158285 0.276704
 -0.11833 0.00714444 0.297475
 -0.174062 0.0223816 0.255981
 -0.030487 -0.0796836 0.225815
 -0.0794389 -0.101339 0.247203
 -0.157651 -0.0594024 0.204692
 -0.0724445 -0.049937 0.189409
 -0.105626 -0.0483264 0.218231
 -0.0581187 -0.055438 0.187824
 -0.0717851 -0.000467383 0.295762
 -0.10231 -0.0807273 0.192196
 -0.124985 -0.0874881 0.233725
 -0.109397 0.0183169 0.256697
 -0.0870895 -0.0917877 0.22241
 -0.148101 -0.0150557 0.245754
 -0.0343476 -0.127376 0.193126
 -0.0985044 -0.0412727 0.285507
 -0.110026 0.0213591 0.199575
 -0.088126 -0.00811897 0.228059
 -0.0449876 -0.0364221 0.254045
 -0.124189 -0.078053 0.18071
 -0.0202679 -0.133403 0.153619
 -0.0967725 0.0127324 0.274203
 -0.149167 -0.032396 0.215771
 -0.0535857 -0.0492422 0.201674
 -0.0471899 -0.114455 0.18745
 -0.131866 0.0220179 0.285212
 -0.0498259 -0.0345976 0.214772
 -0.119116 -0.0566252 0.173702
 -0.160708 0.00899338 0.234801
 -0.10668 -0.0888315 0.223376
 -0.0423114 -0.0770433 0.184516
 -0.0469446 -0.0374161 0.228668
 -0.0925881 0.0242834 0.321099
 -0.124514 0.00500701 0.187792
 -0.114223 -0.109238 0.214501
 -0.0899379 -0.0456144 0.182998
 -0.121463 -0.0527393 0.231896
 -0.143074 -0.0859553 0.18421
 -0.0806378 0.0159907 0.203965
 -0.046705 -0.131958 0.200674
 -0.0968313 -0.0909011 0.173608
 -0.146643 0.0173581 0.266073
 -0.0711289 -0.037265 0.224279
 -0.0665659 -0.0874062 0.199406
 -0.0547118 -0.0654776 0.220715
 -0.0668972 0.00309274 0.260116
 -0.120443 -0.016159 0.251489
 -0.0901533 -0.00741971 0.292221
 -0.163756 0.0506066 0.216037
 -0.0239364 -0.109921 0.144639
 -0.0971476 -0.0273918 0.28642
 -0.120958 -0.0514959 0.202665
 -0.156807 -0.0343863 0.222898
 -0.0842375 -0.0928475 0.241696
 -0.108091 -0.0940393 0.15218
 -0.0650809 -0.105915 0.159074
 -0.0957033 -0.0321942 0.242352
 -0.10473 -0.0312505 0.284491
 -0.159546 0.0105885 0.226262
 -0.15748 0.029376 0.214463
 -0.142615 -0.00187984 0.232395
 -0.048119 -0.0187172 0.21795
 -0.0582984 -0.12738 0.143969
 -0.103479 -0.0978677 0.203682
 -0.0956963 -0.061764 0.237775
 -0.0644071 -0.102779 0.137718
 -0.0832969 0.00188264 0.248058
 -0.126523 -0.0673259 0.170768
 -0.109363 -0.0669102 0.197369
 -0.0404621 -0.0691584 0.197558
 -0.136381 0.0382384 0.204264
 -0.0654907 0.00243237 0.250759
 -0.090723 0.00425083 0.270933
 -0.052438 -0.00577801 0.241777
 -0.071538 -0.0516233 0.246498
 -0.124444 -0.0359273 0.265056
 -0.0426032 -0.103681 0.168693
 -0.114551 -0.00794254 0.231036
 -0.06251 -0.0384726 0.224123
 -0.117671 -0.0820961 0.165984
 -0.0982279 -0.0467834 0.167903
 -0.125908 0.0368358 0.268797
 -0.0967731 -0.0889008 0.257865
 -0.0952387 -0.0569399 0.26422
 -0.123166 0.0342959 0.332344
 -0.0898356 0.0104822 0.312992
 -0.133382 0.00850029 0.276291
 -0.149374 -0.0514258 0.21531
 -0.195874 0.0409882 0.252876
 -0.0305929 -0.126247 0.157689
 -0.145915 -0.00843056 0.196199
 -0.0764783 -0.0223245 0.208603
 -0.0507461 -0.0924829 0.194808
 -0.0246997 -0.131566 0.134864
 -0.14924 0.0109019 0.227094
 -0.0652283 -0.0796414 0.229334
 -0.0793399 0.00179784 0.245117
 -0.0643806 -0.120352 0.127099
 -0.0654882 -0.0160189 0.257511
 -0.0607051 -0.0658567 0.153924
 -0.015448 -0.146564 0.164439
 -0.0214378 -0.131873 0.135139
 -0.105987 -0.0289415 0.235104
 -0.127055 -0.0338403 0.221616
 -0.04101 -0.0860925 0.15818
 -0.0976179 -0.0493156 0.21008
 -0.109579 -0.0342603 0.238777
 -0.0734096 -0.0544551 0.251037
 -0.0828101 -0.107576 0.226335
 -0.0549591 -0.122807 0.219619
 -0.0856745 -0.119284 0.172816
 -0.110777 -0.0653766 0.197876
 -0.0720988 0.00494639 0.240066
 -0.0745681 -0.106 0.177298
 -0.13426 0.012366 0.243116
 -0.111726 -0.0315516 0.175498
 -0.158399 0.00129614 0.219548
 -0.159938 -0.0129827 0.236858
 -0.0352449 -0.145889 0.151297
 -0.0337456 -0.0883421 0.191537
 -0.0560704 -0.050084 0.227924
 -0.0419171 -0.118316 0.197726
 -0.0445668 -0.0498599 0.217168
 -0.0652273 -0.0674877 0.248594
 -0.0919686 -0.00881443 0.194635
 -0.073704 -0.120908 0.166133
 -0.158781 -0.0461927 0.191647
 -0.0626976 -0.140853 0.221772
 -0.178581 -0.0359941 0.201749
 -0.131445 0.00623325 0.288949
 -0.0535617 -0.118341 0.158699
 -0.106048 -0.121257 0.165119
 -0.0904711 0.00920067 0.306017
 -0.0946334 -0.0278986 0.245505
 -0.0259829 -0.146969 0.189559
 -0.0462872 -0.0367538 0.250416
 -0.0327274 -0.147298 0.151305
 -0.14138 -0.0262601 0.22873
 -0.102083 -0.112479 0.230856
 -0.0776218 -0.148651 0.240638
 -0.0629585 -0.0964193 0.213059
 -0.0451963 -0.0326707 0.251902
 -0.0853973 -0.00475954 0.24539
 -0.098309 -0.0955696 0.225401
 -0.0314117 -0.0891824 0.177493
 -0.105622 -0.04958 0.240033
 -0.084408 -0.0513703 0.177064
 -0.0480385 -0.0439629 0.207372
 -0.164108 -0.0102771 0.238342
 -0.128611 0.0199109 0.242661
 -0.0465079 -0.0855001 0.183653
 -0.12117 -0.00956499 0.209803
 -0.061586 -0.0512156 0.243291
 -0.0862731 -0.0522716 0.21503
 -0.107216 -0.0523092 0.270174
 -0.155927 -0.079931 0.19324
 -0.133778 -0.0717967 0.213932
 -0.0838642 -0.087374 0.224327
 -0.0649683 -0.0222842 0.235677
 -0.0913766 -0.104465 0.234764
 -0.184937 -0.00151101 0.229156
 -0.0503239 -0.105983 0.155727
 -0.128265 -0.0192726 0.190013
 -0.131657 -0.00225504 0.270385
 -0.0986371 -0.120085 0.199104
 -0.0637605 -0.0838321 0.234492
 -0.0806693 -0.132314 0.238591
 -0.0195865 -0.122651 0.17543
 -0.080453 -0.105626 0.204611
 -0.0738239 -0.0111034 0.280028
 -0.103683 -0.0799498 0.176894
 -0.0318658 -0.097072 0.173816
 -0.0793701 -0.0893585 0.175414
 -0.0520885 -0.122624 0.165558
 -0.148234 -0.00519874 0.217355
 -0.0878829 -0.100158 0.270806
 -0.140293 -0.033937 0.264064
 -0.0878043 0.00385872 0.207671
 -0.0457859 -0.069335 0.230006
 -0.0749814 -0.0216077 0.267632
 -0.0191605 -0.125773 0.16889
 -0.0745102 -0.120482 0.19085
 -0.0661026 -0.1066 0.171078
 -0.116763 -0.0591382 0.16775
 -0.04964 -0.0768562 0.204624
 -0.171278 0.0321199 0.255148
 -0.158882 0.0367863 0.237588
 -0.100282 -0.0539006 0.296912
 -0.0641341 -0.112779 0.172807
 -0.0966124 -0.0137801 0.230097
 -0.0941845 -0.0784708 0.161421
 -0.118363 -0.102375 0.170583
 -0.0901153 -0.0771451 0.191579
 -0.154935 0.0153971 0.219901
 -0.0884721 -0.142766 0.260461
 -0.117476 -0.0970513 0.179962
 -0.155066 -0.0487308 0.226674
 -0.142822 0.0201692 0.310002
 