-0.00992862 0.00663804 0.00509297
 -0.0122901 0.00826257 0.00151754
 -0.0149958 0.00572599 -0.00201729
 -0.015549 0.00598101 -0.00458118
 -0.0135532 0.00560004 -0.00384609
 -0.0121097 0.00823386 0.00198043
 -0.0125276 0.00656526 0.00260269
 -0.0139135 0.00679945 -0.00393024
 -0.0120121 0.00492005 -0.00982951
 -0.0125456 0.00406954 0.00428066
 -0.0137424 0.0066573 -3.01791e-005
 -0.0128458 0.00652872 -0.00644948
 -0.00972129 0.00462516 0.00761915
 -0.0132899 0.00904518 -0.00282912
 -0.014445 0.00591508 -0.00433481
 -0.0151478 0.0049869 -0.00383866
 -0.0125602 0.0060233 0.00028281
 -0.0139828 0.00181631 -0.00418624
 -0.0134228 0.00684658 0.00116254
 -0.0135203 0.00499098 -0.0051991
 -0.0120871 0.005117 9.98362e-005
 -0.0142222 0.00738772 -0.00066132
 -0.0123716 0.00842369 -0.0104306
 -0.0136843 0.00759745 -0.00924938
 -0.0155344 0.0060631 -0.00688032
 -0.0149381 0.006054 -0.00336546
 -0.013186 0.00764076 -0.0090742
 -0.0147198 0.00498119 -0.00457802
 -0.0136494 0.00865223 -0.00309992
 -0.0153334 0.00348099 -0.00520536
 -0.0151127 0.00326296 -0.00516162
 -0.0152107 0.003317 -0.00511827
 -0.0196438 0.00582765 -0.00401137
 -0.00978453 0.00667952 0.00563369
 -0.0123723 0.00600711 -0.00664543
 -0.0142075 0.0037161 -0.00565816
 -0.0127984 0.00892722 -0.00700415
 -0.0127964 0.00692708 -0.00867168
 -0.0136433 0.00618775 -0.00149475
 -0.0136851 0.00596497 -0.00404217
 -0.0135893 0.00575928 -0.00232868
 -0.0108518 0.00829952 -0.00989272
 -0.0151837 0.00823598 -0.000920428
 -0.0123975 0.00675419 0.00365162
 -0.00941372 0.00589226 0.00580709
 -0.0130807 0.0093984 -0.0025419
 -0.0159826 0.00671173 -0.00334139
 -0.0125166 0.00521324 -0.00377119
 -0.00977357 0.00709283 0.00543637
 -0.0128242 0.00595713 -0.000273279
 -0.0158059 0.00501722 -0.00396653
 -0.0125947 0.00527134 -0.00550471
 -0.0117797 0.00904462 0.00168967
 -0.0130808 0.00403334 -0.0102229
 -0.0130685 0.00397231 -0.0100792
 -0.0107804 0.00740612 -0.00523862
 -0.0139462 0.00704874 -0.00680229
 -0.0101526 0.00730047 0.00573521
 -0.00952244 0.00773544 0.00487115
 -0.0108507 0.00694961 0.00679387
 -0.0109774 0.00626472 0.00556349
 -0.0144938 0.00778663 -0.00767697
 -0.012767 0.00636449 -0.00758418
 -0.00836716 0.00660756 0.0052414
 -0.0141572 0.00610871 -0.00496663
 -0.0136379 0.00726072 -0.0082429
 -0.0103548 0.00792735 0.00423428
 -0.0150927 0.00673188 -0.00284858
 -0.0135604 0.00616413 -0.00711056
 -0.0131123 0.00716014 -0.00709914
 -0.013965 0.00989854 -0.00459414
 -0.0136346 0.00612322 -0.00647964
 -0.014902 0.00283283 -0.00571853
 -0.0133936 0.00715629 0.00376058
 -0.0102683 0.00675024 0.00433126
 -0.0154184 0.00580805 -0.00316069
 -0.0117243 -0.0026605 -0.00651343
 -0.0115545 -0.00301324 -0.00447861
 -0.0153054 0.00498043 -0.00270334
 -0.0141243 0.01115 -0.00424079
 -0.0135458 0.00577066 -0.00780633
 -0.0131931 0.00767515 0.000808993
 -0.0135569 0.00564739 -0.00287293
 -0.0117185 0.00600368 0.0020083
 -0.0122325 0.00955917 0.00212771
 -0.0142694 0.0066776 0.00367017
 -0.00959448 0.00765773 0.00619667
 -0.0108424 0.00740598 0.00589912
 -0.0150662 0.0052771 -0.00508648
 -0.0140351 0.00735487 -0.000925187
 -0.0138492 0.00672359 0.000427726
 -0.0135143 0.00537079 -0.00189114
 -0.0126345 0.00559435 -0.00392288
 -0.0126539 0.00605816 -0.0076154
 -0.0148347 0.00601915 -0.00232324
 -0.0119751 0.00741828 0.00689445
 -0.0145115 0.00574208 0.0014931
 -0.0122307 0.00647071 0.00711103
 -0.012511 0.00780091 0.00399279
 -0.011337 0.00600955 0.00788879
 -0.0109948 0.00847064 0.0052798
 -0.013753 0.00633675 -0.00234456
 -0.0134855 0.00823304 0.00375198
 -0.014555 0.00430106 -0.00378584
 -0.014654 0.00500916 -0.000445733
 -0.01186 0.00763216 0.00440353
 -0.0127217 0.00493799 -0.00714066
 -0.0107597 0.00617918 0.00810487
 -0.0118388 0.0075158 0.00536776
 -0.0131635 0.00857045 -0.000430727
 -0.0115172 0.00663681 0.00852934
 -0.0135173 0.00625382 -0.00813635
 -0.014593 0.00615978 0.00131076
 -0.011348 0.00445306 0.000554064
 -0.0141292 0.0073888 -0.00588054
 -0.0144499 0.00586992 0.00249389
 -0.0141238 0.0065713 -0.00242809
 -0.0123451 0.00705495 -0.000600457
 -0.0126991 0.010779 -0.00122883
 -0.0125298 0.0054813 0.00288709
 -0.012086 0.00445499 -0.000601866
 -0.0129467 -0.000717843 -0.00406607
 -0.0127757 -0.000893627 -0.0037857
 -0.00970431 -0.00235828 0.000505704
 -0.00819649 0.00719121 0.00883488
 -0.0122848 0.0048558 -0.0012359
 -0.0101902 0.00742285 0.00693377
 -0.0155602 0.00409231 -0.00221999
 -0.0153487 0.00400753 -0.00214898
 -0.0144761 0.00411956 -0.00655947
 -0.0131222 0.00464611 0.00436054
 -0.0130367 0.00898686 0.00261738
 -0.0138873 0.00748825 -0.00420416
 -0.0122247 0.00671236 0.00443988
 -0.0158929 0.00759838 -0.00377455
 -0.00952856 0.00826864 0.00715824
 -0.00829068 0.00619894 0.00913322
 -0.0120721 0.00580916 0.00587356
 -0.0139565 0.00744439 -0.0052944
 -0.0154875 0.00410254 0.00149646
 -0.0120431 0.00469215 -0.000526371
 -0.0143007 0.00546511 -0.000715368
 -0.0120457 0.005721 0.00492172
 -0.0144222 0.00944172 -0.00327211
 -0.0116387 0.00788637 -0.00812558
 -0.0129428 0.00686444 0.00379611
 -0.0131839 0.0100564 -0.00272332
 -0.0114117 0.00590261 0.00593524
 -0.0147951 0.00598457 -0.00570598
 -0.011247 0.00576185 0.00708298
 -0.0149145 0.00713666 -0.0040072
 -0.0137142 0.00623935 -0.00438421
 -0.0103357 0.00892922 0.00693129
 -0.0112735 0.00935456 0.00734293
 -0.0139757 0.00422834 -0.00597967
 -0.0147795 0.0042653 -0.00124086
 -0.0138434 0.00279837 -0.00343311
 -0.0114479 0.00710753 0.00733036
 -0.0137258 0.00661007 -0.000123158
 -0.0140669 0.00577693 7.17266e-005
 -0.0173953 0.00450194 -0.00895599
 -0.0116434 0.0055333 0.00816983
 -0.0106002 0.0076016 0.0057911
 -0.0130672 0.00786402 -0.00679462
 -0.0137807 0.00688995 0.00496353
 -0.012515 0.00527489 0.00622603
 -0.0130748 0.00688117 0.00501977
 -0.0156013 0.00360575 -0.00206068
 -0.0154554 0.00354823 -0.00199144
 -0.00674791 -0.00338456 -0.000221377
 -0.0120283 0.00548865 0.00197342
 -0.0138452 0.00728473 0.00294175
 -0.0140855 0.00608829 -0.00282208
 -0.0119561 0.0066923 -0.00499373
 -0.0117037 0.00786597 0.00385859
 -0.0126094 0.00655666 0.00288966
 -0.011243 0.00561365 0.00587429
 -0.0121217 0.00863661 0.00433384
 -0.0146276 0.00519305 -0.00103383
 -0.0124294 0.00652458 0.00532241
 -0.0140284 0.00510994 -0.00066982
 -0.013371 0.00704614 0.00632016
 -0.0123494 0.00437045 0.00541288
 -0.0123923 0.00990037 0.00336384
 -0.0129982 0.00825916 -0.000351887
 -0.0152176 0.00546099 -0.00263827
 -0.0134603 0.00597821 0.00686101
 -0.0143513 0.0049934 0.00266193
 -0.0120187 0.00761543 -0.0093688
 -0.0123499 0.00839852 0.00252611
 -0.0150495 0.00381542 -0.00434168
 -0.0149749 0.00378878 -0.00431962
 -0.0149313 0.00382806 -0.00434048
 -0.0129488 0.00479647 -0.00761999
 -0.0132813 0.00781466 0.0040709
 -0.0142405 0.00549995 -0.000317178
 -0.0126379 0.00656547 0.00335841
 -0.0127049 0.00564543 -0.00548717
 -0.0137034 0.00540492 0.000982463
 -0.0131858 0.00514551 0.00245881
 