0.0160372 0.00217199 0.0163693
 0.0142115 0.0015987 0.0063055
 -0.00445477 0.00412074 0.00670846
 -0.00741889 0.00859112 0.00174884
 0.00931472 0.000301648 0.00278882
 0.0126447 0.0021643 0.00886341
 -0.0114372 0.0183914 -0.00727667
 0.00752534 0.00455017 0.000791138
 0.008732 0.0190048 0.00900025
 0.00568809 0.00576518 0.00362796
 0.0216374 0.0107741 0.00610645
 0.00309122 0.00584951 0.00817804
 0.022497 0.0150933 0.0123539
 0.00370792 0.0172217 0.0126407
 0.0152509 0.0154474 0.00902821
 -0.00454292 0.0180035 0.00595264
 -2.51598e-005 0.0127557 0.0182746
 0.00289565 0.0139095 0.0108259
 -0.00646946 0.0072451 0.0142016
 0.00797768 0.0160024 0.00972921
 -0.000226005 0.0132675 0.00959081
 -0.00258873 0.0161423 0.00628954
 0.0101172 0.0165914 0.00629996
 0.0145679 0.0140264 0.0225571
 -0.00390039 0.012961 0.0108799
 0.0175467 0.0121366 0.00975821
 0.0206358 0.0208314 0.0129495
 0.0236915 0.02016 0.016621
 0.00518502 0.0150706 0.0138496
 0.000265759 0.0222287 0.00853396
 0.0182386 0.0176854 0.0189494
 0.0187923 0.0173043 0.00152067
 -0.00499207 0.0136403 0.00454793
 0.0063188 0.0143289 0.0107616
 0.00556471 0.0181019 0.00779461
 -0.00209032 0.0145893 0.00438416
 0.00749968 0.0196785 0.0133897
 -0.0114544 0.0067614 0.0183895
 0.000287718 0.0223625 0.00444304
 0.00226169 0.0128799 0.00659756
 0.0179475 0.0165279 0.00977433
 0.0162826 0.0162916 0.0188445
 0.00667218 0.0129072 0.0175277
 0.00458198 0.0137755 0.017197
 0.00392532 0.0125139 0.011568
 0.0189991 0.0170408 0.00565248
 0.0237103 0.0192663 0.0115802
 0.00411021 0.0158705 0.00884501
 0.0198299 0.019897 0.00918778
 0.0210908 0.0192736 0.0118873
 0.00896674 0.0182142 0.00982392
 -0.00530954 0.0104859 0.0128251
 0.00594788 0.0174426 0.014491
 0.00987512 0.0140718 0.00995177
 -0.000603499 0.0199368 0.0108797
 -0.00705788 0.0124681 0.0070665
 0.0039905 0.0172135 0.0081694
 0.000422479 0.0133776 0.00888137
 0.0200982 0.0208794 0.0117351
 0.0120976 0.0138719 0.00454241
 -0.0012157 0.00836654 0.0171197
 -0.00691781 0.00448903 0.0139749
 -0.0022286 0.0143494 0.00665966
 0.0144458 0.0159159 0.011877
 0.013879 0.0148785 0.0159919
 0.020093 0.0185991 0.0154248
 0.0162793 0.012742 0.0121566
 -0.000626658 0.0118094 0.00694236
 0.00387572 0.0106137 0.0173032
 0.016517 0.0144894 0.0103006
 0.00823321 0.00841242 0.00432157
 0.00733323 0.0228326 0.00794811
 0.00595433 0.0132473 0.0122596
 0.00915843 0.00930281 0.00368364
 -0.00115821 0.00662201 0.014793
 -0.00620639 0.0077485 0.00444729
 -0.00880088 0.0143063 0.00168362
 0.011378 0.00625117 -0.00112695
 0.0106436 0.018567 0.0103111
 -0.00332006 0.00890429 0.00376356
 -0.00888963 0.00169908 0.0156535
 -0.00608631 0.00551962 0.0103477
 0.0158663 0.00936446 0.0113721
 0.00280357 0.0165134 0.00702984
 -0.0124329 0.00395766 0.0139296
 -0.00326057 0.00597583 0.00685358
 -0.00862849 0.00394495 0.00891537
 -0.00488748 0.0149771 0.00539638
 -0.00698187 0.00652874 0.00631182
 0.011377 0.0156467 0.0108646
 -0.00166424 0.0121582 0.00774307
 0.0234755 0.0172371 0.0099606
 0.000497334 0.00840962 0.021432
 -0.00850165 0.00508355 0.0170613
 -0.00304503 0.0179087 0.00487608
 0.00631558 0.0172603 0.00915757
 0.0121129 0.0110351 0.00847739
 -0.0147636 -0.00556556 0.0168337
 0.0178711 0.0127154 0.0112004
 0.00894658 0.00915081 0.014095
 0.00232898 0.00554212 0.0103516
 -0.00643224 0.00724006 0.00319136
 -0.00792168 0.00815404 0.0016033
 -0.0106251 0.0142239 -0.00292615
 0.00992964 0.00283025 -8.85833e-005
 -0.00744969 -0.00283336 0.00256375
 -0.0112933 -0.00122376 0.00507222
 0.0123654 0.00444303 0.00300169
 4.53702e-005 0.00355339 0.00355778
 0.014949 0.00337117 0.00184969
 -0.00137079 0.000619775 0.00194035
 -0.000332527 0.000794374 0.00589151
 -0.0132108 -0.00512634 0.00197691
 0.000919522 0.00817567 0.00162422
 -0.0047564 -0.00199747 0.00134397
 -0.0107638 0.00285674 -0.00205951
 0.00387748 -0.00385776 -0.00278459
 -0.0129089 -0.00252819 -0.00387409
 0.0111718 0.0120425 0.00180196
 0.00574253 0.00664794 -0.00135342
 0.00373337 -0.00492672 -0.00170836
 -0.00410362 -0.00474734 0.00520656
 0.011854 -0.00504747 -0.00335442
 -0.00231654 0.00741213 -0.00200029
 -0.00922198 0.00525839 -0.001768
 0.0105785 0.00182929 -0.00317675
 0.0025042 -0.00342344 -0.00407678
 -0.0120262 0.00909195 -0.00878135
 0.0094149 -0.00133538 -0.00385027
 0.000561406 0.00011303 0.00195722
 -0.00939943 0.00802394 -0.00674083
 -0.0102241 -0.00202009 -0.000353282
 0.0128066 0.000794429 -0.00260713
 0.00976134 0.000600295 -0.00115668
 -0.0099483 0.00660964 -0.00433553
 0.00643155 0.0136965 -0.000620423
 -0.0135781 -0.000634309 0.0025451
 0.00779463 0.00870384 0.000421729
 -0.00930145 0.00641111 -0.00207923
 -0.0116045 -0.000321496 0.00692899
 0.015574 0.0111864 5.89069e-006
 -0.00466977 -0.00636893 -0.00589171
 -0.00020918 -0.00474554 0.00222362
 -0.0118765 0.00785691 -0.00920864
 0.00281702 -0.00122374 -0.00393971
 0.000711062 -0.00505455 -0.00480869
 0.00189783 -0.00661804 -0.00607167
 0.0030994 0.000915663 -0.000947906
 -0.0088917 0.00409247 -0.00567685
 -0.0103115 -0.000371653 -0.00540295
 -0.00100318 0.0175176 -0.00852189
 0.0136334 -0.00649381 -0.0117319
 -0.0175968 0.000231166 -0.0119716
 -0.00822191 0.00225923 -0.00840132
 -0.0162727 0.0020385 -0.0111565
 -0.0155069 -0.00440954 -0.00954208
 -0.000915898 -0.00732352 0.00278517
 0.00386039 -0.00490411 -0.00480991
 -0.00786427 0.00203706 -0.00898376
 -0.018391 0.00037396 -0.0120229
 -0.0108979 0.010269 -0.0132894
 -0.00614164 0.012369 -0.0135463
 -0.0108928 0.00950424 -0.0139347
 0.00605506 -0.00297465 -0.00908258
 0.00411943 -0.011816 -0.00303345
 -0.0128275 -0.00925939 -0.00880731
 -0.0141799 -0.00523806 -0.012972
 0.00802954 -0.0097875 -0.00382768
 -0.00333427 0.00222803 -0.00970871
 -0.00562011 -0.00378627 -0.00547672
 -0.00801024 -0.0024076 -0.00984325
 0.00252141 -0.00663527 -0.0130357
 0.00330348 0.0170098 -0.00906689
 0.00097976 0.00304469 -0.00753866
 -0.00748819 0.00455476 -0.00863502
 0.00352508 -0.000870058 -0.00617138
 -0.00849183 -0.00450447 -0.0098312
 -0.0192945 -0.00172421 -0.0130422
 0.00476493 -0.0088194 -0.0113447
 -0.00525154 0.00467617 -0.00961323
 0.000128715 -0.00359562 -0.00897368
 -0.00391706 -0.00759807 -0.00121466
 0.0050778 -0.0034707 -0.00587746
 -0.00745297 0.00844947 -0.0096734
 -0.0181744 -0.0107877 -0.00809878
 -0.0144368 -0.00820703 -0.00765331
 -0.0212496 0.00502917 -0.0155805
 -0.0151376 -0.00181024 -0.00849887
 -0.0150071 0.00384425 -0.0119043
 -0.0151637 -0.00259668 -0.00796131
 -0.0172284 0.00825637 -0.0202042
 0.00482641 -0.0131024 -0.013193
 -0.00448568 0.00173197 -0.00810282
 0.00339056 -0.00484277 -0.00802579
 -0.0018173 -0.0150884 -0.0132429
 0.012319 -0.017938 -0.00913931
 -0.00818075 0.000298601 -0.01047
 -0.00764445 -0.0157066 -0.0100184
 0.00034028 -0.00567349 -0.00393821
 0.0092876 -0.0167008 0.00472158
 -0.00332395 -0.00882991 -0.00626211
 0.0137457 -0.00875402 -0.00574403
 -0.000965839 -0.02013 -0.0177414
 0.0130063 -0.018904 -0.00921255
 -0.00815103 -0.00563635 -0.00948289
 -0.00986699 -0.00491474 -0.00921107
 0.0106812 -0.014811 -0.0117304
 -0.00451195 -0.00789361 -0.00897576
 -0.0106347 -0.00645308 -0.00985085
 -0.0106649 -0.0118347 -0.0100199
 -0.0141539 -0.0167841 -0.00953021
 -0.011628 -0.0198933 -0.0119158
 -0.00322248 -0.0182119 -0.0029297
 -0.00594742 -0.0130187 -0.0066617
 0.00283851 -0.00900397 -0.0027852
 -0.00143322 -0.0170857 -0.00679624
 -0.00890971 -0.00363088 -0.00914807
 0.00250763 -0.00857582 -0.00573411
 -0.0101072 -0.00347905 -0.0107646
 -0.0151383 -0.0047094 -0.0116058
 0.00542432 -0.0174579 -0.00518475
 0.00546377 -0.0164748 -0.0104684
 0.000563165 -0.011992 -0.00595641
 -0.00325689 -0.0169267 -0.0114671
 0.00545521 -0.012727 -0.00588854
 -0.00861475 -0.0144412 -0.00808405
 0.00849808 -0.00103374 -0.00282339
 -0.000438049 -0.0117957 -0.00186016
 -0.0111715 -0.00764872 -0.00553223
 -0.0136896 -0.0158811 -0.00810916
 -0.0159295 -0.0071797 -0.00854353
 -0.0176719 -0.00337391 -0.0111138
 0.0057667 -0.0139098 -0.0043429
 -0.00566864 -0.0197016 0.00351922
 -0.0132884 -0.00685715 -0.00658418
 -0.00691336 -0.00716256 -0.00588302
 -0.0043278 -0.0220022 -0.0129146
 -0.000184076 -0.0138759 -0.00381277
 0.00574244 -0.0173384 -0.00449969
 -0.0114841 -0.00684984 -0.00798274
 -0.0162056 -0.0174444 -0.00585609
 -0.0191244 -0.0235069 -0.00644545
 -0.00271045 -0.0137424 -0.00487045
 0.00310351 -0.0122336 -0.0012008
 0.0019939 -0.000392463 -0.000999277
 -0.0107787 -0.00997185 -0.00306845
 0.0128259 -0.00859792 -0.00618065
 -0.00744509 -0.00428849 -0.00303471
 0.00912157 -0.00227746 0.000696986
 0.0107136 -0.00769125 -0.00313208
 -0.0134607 0.00104286 -0.00626569
 -0.00353376 0.00470148 -0.00424487
 0.00825171 -0.00965061 -0.00654483
 0.000986315 0.00127671 -0.00170949
 -0.00135034 -0.00971192 -0.00457587
 0.000489628 -0.00600276 -0.00220705
 -0.0153791 -0.0104496 -0.0065447
 -0.0143915 -0.0142586 -0.000172135
 -0.0125789 -0.0100629 -0.00351946
 -0.00707232 -0.0107871 -0.00459083
 0.00523353 -0.00606848 -0.00101154
 -0.0128075 -0.0137978 -0.00418838
 -0.0160162 -0.00259478 -0.0107895
 0.009267 -0.0137574 -0.00559886
 0.000475987 -0.00346784 -0.00214918
 -0.0130718 -0.00370067 -0.00744359
 -0.00897617 -0.0150355 0.000534263
 -0.00476997 -0.0137321 -0.00526616
 -0.0155827 -0.0191503 -0.00458492
 0.00942602 -0.0130379 -0.00808124
 -0.00313851 -0.012252 -0.00092421
 -0.0037051 -0.00807201 -0.000664167
 0.00095257 -0.00715804 0.00307704
 0.0121755 -0.0104969 -0.00660588
 0.0055481 -0.00839809 0.00171768
 0.00626381 -0.00955074 -0.00105642
 -0.00531859 -7.12215e-005 -0.00216997
 -0.0169961 -0.0159034 -0.00471028
 -0.0169937 -0.00720412 -0.00570537
 0.0101193 -0.000474864 0.000113564
 -0.00029358 -0.0171853 -0.00696248
 -0.00534486 -0.0111746 -0.00280643
 0.0072037 -0.01937 -0.0118358
 -0.00401095 -0.019792 -0.00446719
 0.00390617 -0.0174258 -0.00300839
 0.0020616 -0.0142686 0.00101143
 0.00307289 -0.0187796 -0.00761929
 -0.0132946 6.29905e-006 -0.0102823
 -0.0077015 0.00161806 -0.00870827
 -0.0205624 -0.019275 -0.00822221
 0.00491531 -0.0178348 -7.72123e-006
 0.00214214 -0.0102635 0.0016394
 0.00665187 -0.0127318 0.00420709
 -0.0040768 -0.017847 0.00637734
 0.0015709 -0.0132946 -0.000433626
 -0.00434567 -0.00218491 -0.00100209
 -0.0201884 -0.0265129 -0.00403265
 -0.00364043 -0.0184668 0.00679644
 -0.0131805 -0.0141684 -0.00143022
 -0.0180793 -0.0104431 -0.00532715
 