-0.018374 -0.015933 0.0130784
 -0.0211414 -0.0204879 0.00620678
 -0.0186129 -0.0139861 0.0122063
 -0.0215821 -0.0172165 0.0054668
 -0.0201715 -0.015495 0.00825783
 -0.01873 -0.0177425 0.0123262
 -0.0197172 -0.0165278 0.00243373
 -0.0162117 -0.0156571 0.0155665
 -0.0178233 -0.0173325 0.0132111
 -0.0228666 -0.0179849 0.00783275
 -0.01558 -0.0146211 0.0161878
 -0.0204894 -0.0194803 0.00171426
 -0.0184665 -0.0157514 0.010214
 -0.0193917 -0.0193671 0.00876156
 -0.0209359 -0.0191726 0.00353514
 -0.019312 -0.0147263 0.0108654
 -0.0199817 -0.0165478 0.00628304
 -0.0229494 -0.0194757 0.00756816
 -0.0175875 -0.0120809 0.00607393
 -0.0195616 -0.0177441 0.0111783
 -0.0209474 -0.0210642 0.00766626
 -0.0193785 -0.0201316 0.00447717
 -0.019208 -0.0203092 0.00475803
 -0.0161565 -0.021847 0.00908896
 -0.0185648 -0.0176273 0.0155203
 -0.0204159 -0.019368 0.00713885
 -0.0170553 -0.0186738 0.0140999
 -0.0194865 -0.0155437 0.00682388
 -0.0192765 -0.0156281 0.00689495
 -0.0184512 -0.0155165 0.00250598
 -0.0176691 -0.0171888 0.0125588
 -0.0208459 -0.016518 0.0108621
 -0.0213351 -0.015679 0.00504212
 -0.019821 -0.0187843 0.0122931
 -0.0194865 -0.0135373 0.00546194
 -0.0175542 -0.0173435 0.0141402
 -0.0188763 -0.0191386 0.0157076
 -0.018978 -0.0173031 0.0138663
 -0.0223368 -0.0170777 0.00401992
 -0.0208597 -0.0159845 0.0100169
 -0.0216073 -0.0211591 0.00765681
 -0.0209138 -0.016133 0.00804855
 -0.0195696 -0.016648 0.0127131
 -0.0212125 -0.0169062 0.00588801
 -0.0194926 -0.0194748 0.000872078
 -0.0202621 -0.0160654 0.0119493
 -0.0177309 -0.0137075 0.00524919
 -0.0197076 -0.0173521 0.0136301
 -0.0209001 -0.0168549 0.00410313
 -0.018373 -0.0165832 0.0147414
 -0.0205174 -0.0158519 0.00571116
 -0.0197702 -0.0196086 0.00479762
 -0.0201958 -0.0171178 0.0138207
 -0.0170955 -0.0141325 0.0152102
 -0.0212641 -0.0180312 0.00366218
 -0.0206749 -0.0160553 0.00760368
 -0.0198567 -0.0174765 0.00570083
 -0.0164053 -0.015688 0.0151479
 -0.0212623 -0.0196421 0.00839508
 -0.0195132 -0.0165456 0.00819624
 -0.0221303 -0.0172176 0.000354948
 -0.0178693 -0.0167979 0.0157129
 -0.0190241 -0.016289 0.0134048
 -0.0193245 -0.0184003 0.00232329
 -0.0185215 -0.0151869 0.0132826
 -0.0184736 -0.0162054 0.0140707
 -0.0181059 -0.0162159 0.0133014
 -0.0196274 -0.0159182 0.00695915
 -0.0194819 -0.0159753 0.00702815
 -0.0109768 -0.0230014 0.00881581
 -0.0227508 -0.0201435 0.00989627
 -0.0202451 -0.0151914 0.0113827
 -0.01941 -0.0177825 0.006072
 -0.0215797 -0.0188547 0.0037483
 -0.0211998 -0.0168755 0.0116817
 -0.0207836 -0.0176223 0.0111043
 -0.0188846 -0.0182641 0.0136684
 -0.0193389 -0.0168521 0.0122312
 -0.0217173 -0.0155889 0.0075335
 -0.0178856 -0.0165907 0.0135407
 -0.0190675 -0.019458 0.00814033
 -0.0176165 -0.0152328 0.0145073
 -0.0189271 -0.01732 0.0131871
 -0.0188413 -0.0154352 0.0115836
 -0.0227087 -0.0175981 0.00805324
 -0.0196613 -0.0157834 0.00685767
 -0.0176682 -0.0164955 0.0149286
 -0.0188212 -0.0167228 0.0111476
 -0.0205096 -0.0177155 0.000495247
 -0.0212701 -0.0155996 0.0107828
 -0.0199227 -0.0172403 0.00525003
 -0.0198476 -0.017266 0.00527205
 -0.0198039 -0.0172265 0.00525117
 -0.0178405 -0.0162881 0.00197317
 -0.0188684 -0.0154755 0.0124833
 -0.0208329 -0.0162717 0.00860498
 -0.0190131 -0.0184324 0.0115873
 -0.0219349 -0.0197231 0.00380008
 -0.0212425 -0.0172023 0.00948288
 -0.0192396 -0.0197108 0.0108427
 