0.00253907 -0.00691036 0.0132984
 -0.0025487 -0.00246078 0.0108164
 -0.00429167 -0.00642239 0.00868275
 -0.00521678 -0.00745964 0.00677141
 -0.00249541 -0.00668808 0.00723611
 -0.00128035 -0.00355121 0.0112878
 -0.00232318 -0.00463388 0.0118454
 -0.00342218 -0.00866024 0.00696944
 -0.00186307 -0.00416237 0.00238774
 0.00282215 -0.00997108 0.0135208
 -0.00132004 -0.00424019 0.0103817
 -0.00342482 -0.00574478 0.00505571
 0.00478018 -0.00928727 0.01551
 -0.0011839 -0.00104437 0.00771107
 -0.00428734 -0.00745412 0.00685077
 -0.00416123 -0.00787938 0.00736364
 -0.000570196 -0.0056347 0.0102702
 -0.00190233 -0.00853583 0.00674056
 -0.00123582 -0.00543537 0.0108623
 -0.00198819 -0.00448631 0.00582134
 -0.000757296 -0.00452456 0.0100466
 -0.00373021 -0.00448639 0.00954821
 -0.00559503 -0.00377523 0.00170011
 -0.00647402 -0.00384206 0.00303932
 -0.00721145 -0.0071614 0.0050813
 -0.00627546 -0.0064105 0.00754234
 -0.00521696 -0.00393228 0.00296974
 -0.00344317 -0.00705236 0.00668499
 -0.00247059 -0.00123992 0.00741571
 -0.00677982 -0.00800273 0.00605604
 -0.00656002 -0.00822197 0.00609952
 -0.0066591 -0.00817053 0.00614266
 -0.0111129 -0.00575786 0.00725079
 0.00121992 -0.00526131 0.0138188
 -0.00242076 -0.0040355 0.00504501
 -0.00313705 -0.0063203 0.00523034
 -0.00246805 -0.00657166 0.00468499
 -0.00400833 -0.00473344 0.00350548
 -0.00404808 -0.00544667 0.00897641
 -0.00174745 -0.00613029 0.00721377
 -0.00467927 -0.00540964 0.00820116
 -0.000971975 -0.00474648 0.00239086
 -0.00676363 -0.0037393 0.00938853
 -0.000893869 -0.00582605 0.0125155
 0.0014037 -0.00561669 0.0138141
 -0.00124834 -0.000798819 0.00786125
 -0.00768413 -0.00533717 0.00767272
 -0.00149274 -0.00645803 0.0073402
 -0.000298396 -0.00436847 0.0134922
 -0.00259305 -0.00552802 0.00973793
 -0.00766327 -0.00718866 0.0073086
 -0.00311176 -0.0048671 0.0057689
 -0.00153683 -0.00104518 0.0105776
 -0.00539604 -0.00458765 0.00170463
 -0.00538447 -0.00464845 0.00184864
 -0.0032079 -0.00122703 0.00675022
 -0.00630865 -0.00303253 0.00488667
 -0.00105218 -0.00435609 0.0137478
 0.000716411 -0.00240544 0.0128527
 -0.00220808 -0.00582019 0.0146498
 0.00153374 -0.00747863 0.013818
 -0.00703586 -0.00421241 0.00432513
 -0.0040541 -0.00617466 0.0042566
 0.00309543 -0.00343204 0.0129582
 -0.00274648 -0.00452866 0.00622812
 -0.00533724 -0.00185466 0.00365314
 0.00055875 -0.00337319 0.0126575
 -0.00314874 -0.00838022 0.00807598
 -0.00405974 -0.00416714 0.00471685
 -0.00279411 -0.00645212 0.00449458
 -0.0064369 -0.0057998 0.00570765
 -0.00338919 -0.00397685 0.00486558
 -0.00573321 -0.00908558 0.00582156
 -0.00420611 -0.00553704 0.0126621
 -0.000118941 -0.00521257 0.0128242
 -0.00661902 -0.00848989 0.00791688
 -0.00338836 -0.0134465 0.00466525
 -0.00319517 -0.0138102 0.00671207
 -0.00441573 -0.00754376 0.00800279
 -0.00559967 0.00124701 0.00642542
 -0.00617938 -0.00466982 0.00416902
 -0.00429954 -0.00351953 0.0104346
 -0.00164536 -0.00877505 0.00797926
 -0.00164587 -0.00551555 0.0112892
 -0.00363829 -0.00135783 0.0112545
 -0.00404362 -0.00644119 0.0134071
 -0.000156236 -0.00227901 0.0144483
 -0.000891545 -0.00373289 0.0145054
 -0.00554098 -0.00535544 0.00662184
 -0.00382578 -0.00405806 0.00993808
 -0.00153656 -0.0048149 0.0109606
 -0.00493892 -0.00575861 0.00907587
 -0.00362379 -0.00660277 0.0074225
 -0.0034137 -0.003486 0.00479685
 -0.00515726 -0.00848764 0.00908354
 -0.00229992 -0.00519528 0.0154075
 -0.00257016 -0.00648722 0.0115215
 -0.00334039 -0.00728826 0.0157615
 -0.00237889 -0.00382624 0.0133564
 -0.000139314 -0.00689071 0.0162036
 -0.00105735 -0.00278312 0.01407
 -0.00544579 -0.00374936 0.00860722
 -0.00328809 -0.00435597 0.0131764
 -0.00400987 -0.00643968 0.00767189
 -0.00207914 -0.00743093 0.010384
 -0.0030891 -0.00310326 0.0134998
 -0.0016827 -0.00762297 0.00529451
 -0.00022257 -0.00700273 0.0161803
 -0.003106 -0.00343802 0.0142148
 -0.0031985 -0.00141775 0.010067
 -0.00186934 -0.00734074 0.0166792
 -0.00647689 -0.00370167 0.00437854
 -0.00535657 -0.00708284 0.0117453
 0.000345857 -0.00748064 0.0108743
 -0.00668328 -0.00221705 0.00608253
 -0.0021949 -0.00755002 0.0125641
 -0.00388417 -0.00750265 0.0087488
 -0.00118064 -0.00272926 0.0100853
 -0.00292637 -0.00575347 0.00853997
 -0.0013057 -0.00649577 0.0127012
 -0.00113946 -0.0062776 0.0101375
 -0.00387946 -0.0107436 0.00684561
 -0.00370651 -0.0109187 0.00712574
 -0.000577036 -0.0123743 0.011443
 0.00274537 -0.00387178 0.0164163
 -0.000586466 -0.00759953 0.00971797
 -0.00173934 -0.00266341 0.0150193
 -0.00593558 -0.00791525 0.00879109
 -0.00572443 -0.0079985 0.00886229
 -0.00489445 -0.00785572 0.00449101
 -0.00293077 -0.00881659 0.0138591
 -0.00370106 -0.00177045 0.0123627
 -0.00433885 -0.00239068 0.00688844
 -0.00250679 -0.00376583 0.0136549
 -0.00671765 -0.00743698 0.00796012
 -0.00081433 -0.00215876 0.0150195
 0.00315787 -0.0042378 0.0167802
 -0.00112895 -0.00623382 0.0149001
 -0.00478351 -0.0019822 0.00618189
 -0.00332546 -0.00879597 0.0119456
 -0.0010157 -0.0057052 0.0101205
 -0.00160225 -0.0077947 0.0104468
 0.000881394 -0.00676351 0.0140693
 -0.00661948 -0.000192021 0.00791904
 -0.00409414 -0.00389371 0.00393481
 -0.00106745 -0.00523168 0.0134045
 -0.00575008 -0.00591031 0.00749496
 0.000977981 -0.00597401 0.0149122
 -0.00628178 -0.00506023 0.00634928
 0.000817445 -0.00683152 0.0156174
 -0.00656989 -0.00380322 0.00752896
 -0.00608578 -0.00506377 0.00721034
 -0.000378116 -0.00184583 0.0149931
 -0.00223641 -0.00291236 0.0156343
 -0.00387547 -0.0070632 0.00620994
 -0.00269427 -0.00803164 0.00978875
 -0.00387637 -0.00809909 0.00790002
 -0.00249711 -0.00542005 0.0156282
 -0.00455742 -0.00332298 0.0104386
 -0.0027401 -0.0090933 0.0105649
 -0.00845576 -0.00692818 0.00180481
 -0.00072828 -0.00722756 0.0164264
 0.00103194 -0.00386186 0.0145565
 -0.00579037 -0.00437133 0.00513495
 -0.00385281 -0.00602641 0.0142175
 -6.13718e-005 -0.00806244 0.0152542
 -0.00397434 -0.00533765 0.0142193
 -0.00605756 -0.00847546 0.00892579
 -0.00591166 -0.00853203 0.00899473
 0.00286418 -0.0152893 0.0107785
 -0.000376726 -0.0048872 0.0120832
 -0.00261151 -0.00498663 0.0127155
 -0.00521446 -0.00701285 0.00832596
 -0.00121395 -0.00513508 0.00669455
 -4.90879e-005 -0.00307222 0.0131556
 -0.00142147 -0.00465307 0.0126537
 -0.000279856 -0.00586011 0.0148193
 -0.00283974 -0.00199529 0.0134476
 -0.00258237 -0.00555244 0.00917659
 -0.00299899 -0.0056497 0.0144053
 -0.00587514 -0.00660151 0.0101221
 -0.00430754 -0.00587473 0.0151725
 0.000797327 -0.00899461 0.0147252
 -0.00376052 -0.00103639 0.012721
 -0.00205436 -0.00169805 0.0102423
 -0.00616006 -0.00646232 0.00869737
 -0.00478506 -0.00685956 0.0156024
 -0.00410816 -0.00871523 0.0127716
 -0.00391552 -0.00344743 0.00337086
 -0.000515339 -0.00285492 0.0122791
 -0.00692233 -0.00728167 0.00729555
 -0.00684926 -0.00730758 0.00731768
 -0.00680668 -0.00726769 0.0072969
 -0.0048496 -0.00627255 0.00402246
 -0.00376648 -0.00410989 0.0135694
 -0.00216781 -0.00682191 0.010622
 -0.00401685 -0.00439666 0.012874
 -0.0027161 -0.00481103 0.00663085
 -0.000894464 -0.00718914 0.0115749
 -0.00426441 -0.00573427 0.0123845
 -0.00600993 -0.0061483 0.0108537
 -0.00219077 -0.00546685 0.0162398
 -0.00120182 -0.0085405 0.0100141
 0.000684322 -0.00333914 0.0148267
 -0.0041165 -0.00812633 0.0091899
 0.000382692 -0.00935302 0.0101155
 -7.0939e-005 -0.00662168 0.00867815
 -0.00603015 -0.00797161 0.00760523
 -0.00580595 -0.00807862 0.00773433
 -0.00594993 -0.00823971 0.00775083
 -0.00177177 -0.00841392 0.0134153
 -0.00450986 -0.00278275 0.0123401
 -0.00657584 -0.00771823 0.00983487
 -0.0021725 -0.00141733 0.0110037
 -0.00535103 -0.00866104 0.00742121
 -0.00357073 -0.00986292 0.0100352
 -0.00352985 -0.00731266 0.015802
 0.00139132 -0.00324807 0.0158174
 -0.0049015 -0.00312234 0.00810661
 -0.00208781 -0.00641913 0.0151967
 -0.00744782 -0.00480184 0.00766679
 -0.00714712 -0.00905926 0.00874824
 -0.000476624 -0.00452642 0.0120297
 -0.00660766 -0.00375853 0.0094248
 -0.00574895 -0.00788749 0.0121176
 -0.00172548 -0.00637453 0.0129233
 -0.000478829 -0.00155781 0.0113869
 -0.00217248 -0.00791626 0.0170278
 -0.00431565 -0.00749906 0.013996
 -0.00456516 -0.00121836 0.00722878
 -0.00492735 -0.00740918 0.00844107
 -0.000622308 -0.00636306 0.00780193
 -0.00420988 -0.0038467 0.00473863
 -0.00376098 -0.0100984 0.00643701
 -0.00323828 -0.00853035 0.0140224
 -6.66058e-006 -0.00525511 0.0138805
 -0.00427113 -0.00417108 0.00760862
 -0.00186052 -0.00730728 0.0170107
 -0.00399556 -0.00817827 0.0113994
 -0.00620054 -0.0060304 0.00943288
 -0.00271176 -0.00335603 0.00383147
 -0.000639889 -0.00379093 0.0135442
 -0.00166008 -0.00501639 0.0080315
 0.00189673 -0.00748619 0.0170303
 -0.00149719 -0.00314838 0.0111903
 -0.000802315 -0.00570332 0.0158994
 -0.00462676 -0.00308504 0.0120509
 0.000877528 -0.00318841 0.0149517
 -0.00604838 -0.00256888 0.00548923
 -0.00244541 -0.0122042 0.00667223
 -0.00270028 -0.00717695 0.012114
 -0.00421623 -0.007085 0.00837702
 -0.00415553 -0.0071012 0.00848312
 -0.00163775 -0.00831225 0.00864652
 -7.44301e-005 -0.00743215 0.0123192
 -0.00237853 -0.00645147 0.0118019
 -0.0031346 -0.00334946 0.0143002
 -0.00351663 -0.00362619 0.013615
 -0.00185969 -0.00266459 0.0109371
 -0.00312931 -0.00516712 0.00739896
 -0.00619976 -0.000704344 0.00899127
 0.0023185 -0.00641609 0.0151757
 -0.00396114 -0.00794172 0.0073577
 -0.00499904 -0.00539478 0.00846591
 -0.00214419 -0.00474096 0.00399655
 -0.00615776 -0.0060158 0.00907589
 -0.000507175 -0.00571331 0.0159146
 -0.00132515 -0.00731972 0.0159943
 0.000371825 -0.00196419 0.0163718
 -0.00204621 -0.00524111 0.0154081
 -0.00550814 -0.00623761 0.0105762
 -0.00171105 -0.00300759 0.007814
 0.00171404 -0.0058996 0.0144387
 -0.00435648 -0.00364629 0.00926267
 -0.00205986 -0.00727415 0.00886032
 -0.00549046 -0.00433662 0.00619685
 -0.00244194 -0.00756752 0.015318
 0.000166977 -0.00520106 0.0154801
 -0.00514224 -0.00344367 0.0108634
 -0.00480382 -0.00657069 0.0079771
 