line=[...
9.7191603854298592e-003 -4.4031301513314247e-003 6.1599999666213989e-001 -1.3789699971675873e-001 -7.3135197162628174e-002 6.1299997568130493e-001 
6.3386098481714725e-003 -2.7949400246143341e-002 6.1500000953674316e-001 -1.3644200563430786e-001 -4.9739401787519455e-002 6.1400002241134644e-001 
-3.9221098995767534e-004 -6.3485302031040192e-002 6.1699998378753662e-001 -1.3308300077915192e-001 -2.9583599418401718e-002 6.1400002241134644e-001 
9.7349397838115692e-003 9.0925898402929306e-003 6.1699998378753662e-001 -1.3834699988365173e-001 -8.3468198776245117e-002 6.1500000953674316e-001 
-3.7557100877165794e-003 -3.9726100862026215e-002 6.1500000953674316e-001 -1.2657000124454498e-001 -4.1408501565456390e-002 6.1500000953674316e-001 
9.7349397838115692e-003 9.0925898402929306e-003 6.1699998378753662e-001 -1.3879700005054474e-001 -9.7242496907711029e-002 6.1699998378753662e-001 
9.7191603854298592e-003 -4.4031301513314247e-003 6.1599999666213989e-001 -1.4892399311065674e-001 -8.7115302681922913e-002 6.1699998378753662e-001 
9.7191603854298592e-003 -4.4031301513314247e-003 6.1599999666213989e-001 -1.5592800080776215e-001 -9.4018898904323578e-002 6.1799997091293335e-001 
-2.4061199277639389e-002 -6.8659998476505280e-002 6.1799997091293335e-001 -1.0520999878644943e-001 -1.1179800145328045e-002 6.1799997091293335e-001 
9.7349397838115692e-003 -1.2849600054323673e-002 6.1699998378753662e-001 -1.4771300554275513e-001 -6.3691101968288422e-002 6.1900001764297485e-001 
-2.4061199277639389e-002 -6.8659998476505280e-002 6.1799997091293335e-001 -1.1403000354766846e-001 -1.6304200515151024e-002 6.2000000476837158e-001 
-1.0570500046014786e-002 -7.5666502118110657e-002 6.2000000476837158e-001 -1.1403000354766846e-001 -6.1277900822460651e-003 6.2000000476837158e-001 
-5.4844599217176437e-002 -7.2507500648498535e-002 6.2199997901916504e-001 -9.3677699565887451e-002 -4.4317198917269707e-003 6.2000000476837158e-001 
-7.3679700493812561e-002 -7.6032601296901703e-002 6.2300002574920654e-001 -5.6546099483966827e-002 6.5859302412718534e-004 6.2199997901916504e-001 
-5.5176801979541779e-003 -5.7377498596906662e-002 6.2400001287460327e-001 -1.2651200592517853e-001 -2.6608699932694435e-002 6.2300002574920654e-001 
-5.4844599217176437e-002 -7.2507500648498535e-002 6.2199997901916504e-001 -7.0271201431751251e-002 -2.7488900814205408e-003 6.2300002574920654e-001 
2.8805900365114212e-002 -1.3078699819743633e-002 6.2800002098083496e-001 -1.5573400259017944e-001 -7.4447602033615112e-002 6.2400001287460327e-001 
-5.8434899896383286e-002 -6.4205601811408997e-002 6.2400001287460327e-001 -9.0868100523948669e-002 -2.1530399098992348e-002 6.2400001287460327e-001 
-5.8434899896383286e-002 -6.4205601811408997e-002 6.2400001287460327e-001 -5.3313899785280228e-002 -1.1288300156593323e-002 6.2400001287460327e-001 
-8.9161098003387451e-002 -7.6154597103595734e-002 6.2400001287460327e-001 -3.4592200070619583e-002 -4.4674598611891270e-003 6.2500000000000000e-001 
-1.0708200186491013e-001 -7.6764799654483795e-002 6.2900000810623169e-001 -2.2660199552774429e-002 -6.1870901845395565e-003 6.2599998712539673e-001 
-9.6450597047805786e-002 -6.6229499876499176e-002 6.2699997425079346e-001 -7.2478498332202435e-003 -6.1870901845395565e-003 6.2599998712539673e-001 
-1.9265899434685707e-002 -6.2798999249935150e-002 6.2699997425079346e-001 -1.1017200350761414e-001 -1.8203500658273697e-002 6.2699997425079346e-001 
-5.4844599217176437e-002 -7.2507500648498535e-002 6.2199997901916504e-001 -8.7874501943588257e-002 -7.9121803864836693e-003 6.2699997425079346e-001 
-8.8014699518680573e-002 -6.6335096955299377e-002 6.2800002098083496e-001 -4.1629999876022339e-002 -1.6514599323272705e-002 6.2800002098083496e-001 
3.2293200492858887e-002 2.4755600839853287e-002 6.2900000810623169e-001 -1.6558599472045898e-001 -1.1117900162935257e-001 6.2900000810623169e-001 
-1.1777999997138977e-001 -6.6651999950408936e-002 6.3099998235702515e-001 -1.2464400380849838e-002 -1.8290599808096886e-002 6.2999999523162842e-001 
-1.3504099845886230e-001 -7.7008903026580811e-002 6.3099998235702515e-001 6.4932098612189293e-003 -2.7797799557447433e-003 6.2999999523162842e-001 
-1.1777999997138977e-001 -6.6651999950408936e-002 6.3099998235702515e-001 4.7773597761988640e-003 -1.4867300167679787e-002 6.3099998235702515e-001 
-9.4058603048324585e-002 -7.2172001004219055e-002 6.3400000333786011e-001 -3.6708500236272812e-002 -9.7041698172688484e-003 6.3200002908706665e-001 
9.7191603854298592e-003 -4.4031301513314247e-003 6.1599999666213989e-001 2.0345000550150871e-002 -2.7886000461876392e-003 6.3200002908706665e-001 
-6.2542803585529327e-002 -7.3556602001190186e-002 6.3099998235702515e-001 -8.3520501852035522e-002 -1.6645999625325203e-002 6.3300001621246338e-001 
-9.4058603048324585e-002 -7.2172001004219055e-002 6.3400000333786011e-001 -4.8888001590967178e-002 -1.3182800263166428e-002 6.3300001621246338e-001 
-1.4397099614143372e-001 -7.4605800211429596e-002 6.3999998569488525e-001 -2.1441199351102114e-003 -1.1505399830639362e-002 6.3599997758865356e-001 
-1.1175400018692017e-001 -7.2399601340293884e-002 6.3599997758865356e-001 -1.2602900154888630e-002 -1.1523500084877014e-002 6.3700002431869507e-001 
1.3460499467328191e-003 -9.2257499694824219e-002 6.4099997282028198e-001 -1.3828499615192413e-001 4.1661499999463558e-003 6.3800001144409180e-001 
-1.4397099614143372e-001 -7.4605800211429596e-002 6.3999998569488525e-001 1.1830099858343601e-002 -8.0636097118258476e-003 6.3899999856948853e-001 
1.4990399591624737e-002 1.0920199565589428e-002 6.2500000000000000e-001 3.6302700638771057e-002 2.4246301036328077e-003 6.3899999856948853e-001 
-5.4844599217176437e-002 -7.2507500648498535e-002 6.2199997901916504e-001 4.2920300364494324e-001 2.7422699332237244e-001 6.4099997282028198e-001 
-5.8434899896383286e-002 -6.4205601811408997e-002 6.2400001287460327e-001 4.1231000423431396e-001 2.8343600034713745e-001 6.4200001955032349e-001 
-5.8434899896383286e-002 -6.4205601811408997e-002 6.2400001287460327e-001 4.2371499538421631e-001 2.5869399309158325e-001 6.4600002765655518e-001 
-1.1175400018692017e-001 -7.2399601340293884e-002 6.3599997758865356e-001 4.3206900358200073e-001 2.1783499419689178e-001 6.5600001811981201e-001 
]
