modelKeyPoints=[...
9.7665004432201385e-003 -6.7077800631523132e-002 6.1900001764297485e-001 
-3.9221098995767534e-004 -6.3485302031040192e-002 6.1699998378753662e-001 
8.1644598394632339e-003 -6.0986399650573730e-002 6.2599998712539673e-001 
9.7507201135158539e-003 -5.6825801730155945e-002 6.1799997091293335e-001 
9.7349397838115692e-003 -1.2849600054323673e-002 6.1699998378753662e-001 
9.7191603854298592e-003 -4.4031301513314247e-003 6.1599999666213989e-001 
1.4966400340199471e-002 9.1957496479153633e-003 6.2400001287460327e-001 
9.7349397838115692e-003 9.0925898402929306e-003 6.1699998378753662e-001 
1.4822499826550484e-002 1.7560299485921860e-002 6.1799997091293335e-001 
]
