modelCorrPoints=[...
2.7735102176666260e-001 -1.3241750001907349e-001 7.8843504190444946e-002 
2.7735102176666260e-001 -1.3241750001907349e-001 7.8843504190444946e-002 
2.7028000354766846e-001 -1.1742000281810760e-001 8.0953001976013184e-002 
2.7028000354766846e-001 -1.1742000281810760e-001 8.0953001976013184e-002 
2.7136999368667603e-001 -1.3054800033569336e-001 8.6856000125408173e-002 
2.6808300614356995e-001 -9.2017002403736115e-002 8.2255996763706207e-002 
2.7028000354766846e-001 -1.1742000281810760e-001 8.0953001976013184e-002 
2.7136999368667603e-001 -1.3054800033569336e-001 8.6856000125408173e-002 
2.7136999368667603e-001 -1.3054800033569336e-001 8.6856000125408173e-002 
2.5167798995971680e-001 -1.4654000103473663e-001 8.1035003066062927e-002 
2.6975566148757935e-001 -1.3055033981800079e-001 8.7691001594066620e-002 
2.6545199751853943e-001 -1.1625200510025024e-001 8.4628000855445862e-002 
2.6975566148757935e-001 -1.3055033981800079e-001 8.7691001594066620e-002 
2.3668000102043152e-001 -1.3094851374626160e-001 8.0107502639293671e-002 
2.5314098596572876e-001 -1.4303000271320343e-001 8.3440996706485748e-002 
2.6545199751853943e-001 -1.1625200510025024e-001 8.4628000855445862e-002 
2.6545199751853943e-001 -1.1625200510025024e-001 8.4628000855445862e-002 
2.5167798995971680e-001 -1.4654000103473663e-001 8.1035003066062927e-002 
2.5314098596572876e-001 -1.4303000271320343e-001 8.3440996706485748e-002 
2.6545199751853943e-001 -1.1625200510025024e-001 8.4628000855445862e-002 
2.6545199751853943e-001 -1.1625200510025024e-001 8.4628000855445862e-002 
2.6545199751853943e-001 -1.1625200510025024e-001 8.4628000855445862e-002 
2.6545199751853943e-001 -1.1625200510025024e-001 8.4628000855445862e-002 
2.6600301265716553e-001 -1.1297799646854401e-001 8.4200002253055573e-002 
2.6629999279975891e-001 -1.2175650149583817e-001 8.8072001934051514e-002 
2.6545199751853943e-001 -1.1625200510025024e-001 8.4628000855445862e-002 
2.6545199751853943e-001 -1.1625200510025024e-001 8.4628000855445862e-002 
2.6720699667930603e-001 -9.9870502948760986e-002 8.3232499659061432e-002 
2.6720699667930603e-001 -9.9870502948760986e-002 8.3232499659061432e-002 
2.3668000102043152e-001 -1.3094851374626160e-001 8.0107502639293671e-002 
2.6347699761390686e-001 -1.0250300168991089e-001 8.4391996264457703e-002 
2.6720699667930603e-001 -9.9870502948760986e-002 8.3232499659061432e-002 
2.6774635910987854e-001 -9.5664337277412415e-002 8.2251995801925659e-002 
2.6214700937271118e-001 -1.0163500159978867e-001 8.9079998433589935e-002 
2.3668000102043152e-001 -1.3094851374626160e-001 8.0107502639293671e-002 
2.3668000102043152e-001 -1.3094851374626160e-001 8.0107502639293671e-002 
2.3978400230407715e-001 -1.3427498936653137e-001 8.4238000214099884e-002 
2.4340400099754333e-001 -1.3058300316333771e-001 8.4894001483917236e-002 
2.4830724298954010e-001 -1.2177900224924088e-001 8.5774503648281097e-002 
2.6347699761390686e-001 -1.0250300168991089e-001 8.4391996264457703e-002 
2.6347699761390686e-001 -1.0250300168991089e-001 8.4391996264457703e-002 
2.6500099897384644e-001 -9.9254503846168518e-002 8.4190003573894501e-002 
2.3668000102043152e-001 -1.3094851374626160e-001 8.0107502639293671e-002 
2.3668000102043152e-001 -1.3094851374626160e-001 8.0107502639293671e-002 
2.3668000102043152e-001 -1.3094851374626160e-001 8.0107502639293671e-002 
2.4115300178527832e-001 -1.3094399869441986e-001 8.4457002580165863e-002 
2.4645200371742249e-001 -1.2674249708652496e-001 8.5551001131534576e-002 
2.4645200371742249e-001 -1.2674249708652496e-001 8.5551001131534576e-002 
2.6347699761390686e-001 -1.0250300168991089e-001 8.4391996264457703e-002 
2.6347699761390686e-001 -1.0250300168991089e-001 8.4391996264457703e-002 
2.4830724298954010e-001 -1.2177900224924088e-001 8.5774503648281097e-002 
2.6347699761390686e-001 -1.0250300168991089e-001 8.4391996264457703e-002 
2.6347699761390686e-001 -1.0250300168991089e-001 8.4391996264457703e-002 
2.6347699761390686e-001 -1.0250300168991089e-001 8.4391996264457703e-002 
2.6347699761390686e-001 -1.0250300168991089e-001 8.4391996264457703e-002 
2.6347699761390686e-001 -1.0250300168991089e-001 8.4391996264457703e-002 
2.6500099897384644e-001 -9.9254503846168518e-002 8.4190003573894501e-002 
2.6347699761390686e-001 -1.0250300168991089e-001 8.4391996264457703e-002 
2.6500099897384644e-001 -9.9254503846168518e-002 8.4190003573894501e-002 
2.6774635910987854e-001 -9.5664337277412415e-002 8.2251995801925659e-002 
2.6500099897384644e-001 -9.9254503846168518e-002 8.4190003573894501e-002 
2.6214700937271118e-001 -1.0163500159978867e-001 8.9079998433589935e-002 
2.6774635910987854e-001 -9.5664337277412415e-002 8.2251995801925659e-002 
2.6500099897384644e-001 -9.9254503846168518e-002 8.4190003573894501e-002 
2.6500099897384644e-001 -9.9254503846168518e-002 8.4190003573894501e-002 
2.3668000102043152e-001 -1.3094851374626160e-001 8.0107502639293671e-002 
2.3668000102043152e-001 -1.3094851374626160e-001 8.0107502639293671e-002 
2.3668000102043152e-001 -1.3094851374626160e-001 8.0107502639293671e-002 
2.4340400099754333e-001 -1.3058300316333771e-001 8.4894001483917236e-002 
2.4718299508094788e-001 -1.2423849850893021e-001 8.5554495453834534e-002 
2.4718299508094788e-001 -1.2423849850893021e-001 8.5554495453834534e-002 
2.4830724298954010e-001 -1.2177900224924088e-001 8.5774503648281097e-002 
2.6347699761390686e-001 -1.0250300168991089e-001 8.4391996264457703e-002 
2.6347699761390686e-001 -1.0250300168991089e-001 8.4391996264457703e-002 
2.6347699761390686e-001 -1.0250300168991089e-001 8.4391996264457703e-002 
2.6347699761390686e-001 -1.0250300168991089e-001 8.4391996264457703e-002 
2.6774635910987854e-001 -9.5664337277412415e-002 8.2251995801925659e-002 
2.6500099897384644e-001 -9.9254503846168518e-002 8.4190003573894501e-002 
2.6774635910987854e-001 -9.5664337277412415e-002 8.2251995801925659e-002 
2.6500099897384644e-001 -9.9254503846168518e-002 8.4190003573894501e-002 
2.6500099897384644e-001 -9.9254503846168518e-002 8.4190003573894501e-002 
2.6500099897384644e-001 -9.9254503846168518e-002 8.4190003573894501e-002 
2.3668000102043152e-001 -1.3094851374626160e-001 8.0107502639293671e-002 
2.3656900227069855e-001 -1.2810699641704559e-001 8.0982998013496399e-002 
2.3668000102043152e-001 -1.3094851374626160e-001 8.0107502639293671e-002 
2.3668000102043152e-001 -1.3094851374626160e-001 8.0107502639293671e-002 
2.3656900227069855e-001 -1.2810699641704559e-001 8.0982998013496399e-002 
2.3778167366981506e-001 -1.2675318121910095e-001 8.3587668836116791e-002 
2.3975574970245361e-001 -1.2556974589824677e-001 8.4907248616218567e-002 
2.4550299346446991e-001 -1.2300100177526474e-001 8.5118003189563751e-002 
2.4645200371742249e-001 -1.2674249708652496e-001 8.5551001131534576e-002 
2.4718299508094788e-001 -1.2423849850893021e-001 8.5554495453834534e-002 
2.6347699761390686e-001 -1.0250300168991089e-001 8.4391996264457703e-002 
2.4830724298954010e-001 -1.2177900224924088e-001 8.5774503648281097e-002 
2.6347699761390686e-001 -1.0250300168991089e-001 8.4391996264457703e-002 
2.6774635910987854e-001 -9.5664337277412415e-002 8.2251995801925659e-002 
2.6500099897384644e-001 -9.9254503846168518e-002 8.4190003573894501e-002 
2.6500099897384644e-001 -9.9254503846168518e-002 8.4190003573894501e-002 
2.3634999990463257e-001 -1.2425149977207184e-001 8.2721002399921417e-002 
2.3634999990463257e-001 -1.2425149977207184e-001 8.2721002399921417e-002 
2.3656900227069855e-001 -1.2810699641704559e-001 8.0982998013496399e-002 
2.3634999990463257e-001 -1.2425149977207184e-001 8.2721002399921417e-002 
2.4272200465202332e-001 -1.2353800237178802e-001 8.5533000528812408e-002 
2.4272200465202332e-001 -1.2353800237178802e-001 8.5533000528812408e-002 
2.4830724298954010e-001 -1.2177900224924088e-001 8.5774503648281097e-002 
2.4830724298954010e-001 -1.2177900224924088e-001 8.5774503648281097e-002 
2.6347699761390686e-001 -1.0250300168991089e-001 8.4391996264457703e-002 
2.6347699761390686e-001 -1.0250300168991089e-001 8.4391996264457703e-002 
2.6347699761390686e-001 -1.0250300168991089e-001 8.4391996264457703e-002 
2.6347699761390686e-001 -1.0250300168991089e-001 8.4391996264457703e-002 
2.6347699761390686e-001 -1.0250300168991089e-001 8.4391996264457703e-002 
2.6774635910987854e-001 -9.5664337277412415e-002 8.2251995801925659e-002 
2.6500099897384644e-001 -9.9254503846168518e-002 8.4190003573894501e-002 
2.3319634795188904e-001 -9.4115003943443298e-002 8.5576668381690979e-002 
2.3917299509048462e-001 -1.2179049849510193e-001 8.5305996239185333e-002 
2.3656900227069855e-001 -1.2810699641704559e-001 8.0982998013496399e-002 
2.4360749125480652e-001 -1.2236750125885010e-001 8.5643000900745392e-002 
2.4830724298954010e-001 -1.2177900224924088e-001 8.5774503648281097e-002 
2.6347699761390686e-001 -1.0250300168991089e-001 8.4391996264457703e-002 
2.6520150899887085e-001 -1.0551600158214569e-001 8.4625497460365295e-002 
2.6520150899887085e-001 -1.0551600158214569e-001 8.4625497460365295e-002 
2.6347699761390686e-001 -1.0250300168991089e-001 8.4391996264457703e-002 
2.6520150899887085e-001 -1.0551600158214569e-001 8.4625497460365295e-002 
2.6263898611068726e-001 -1.0992600023746490e-001 8.9086003601551056e-002 
2.6500099897384644e-001 -9.9254503846168518e-002 8.4190003573894501e-002 
2.6774635910987854e-001 -9.5664337277412415e-002 8.2251995801925659e-002 
2.6500099897384644e-001 -9.9254503846168518e-002 8.4190003573894501e-002 
2.3319634795188904e-001 -9.4115003943443298e-002 8.5576668381690979e-002 
2.3917299509048462e-001 -1.2179049849510193e-001 8.5305996239185333e-002 
2.3634999990463257e-001 -1.2425149977207184e-001 8.2721002399921417e-002 
2.4360749125480652e-001 -1.2236750125885010e-001 8.5643000900745392e-002 
2.6520150899887085e-001 -1.0551600158214569e-001 8.4625497460365295e-002 
2.6520150899887085e-001 -1.0551600158214569e-001 8.4625497460365295e-002 
2.5865599513053894e-001 -1.0364799946546555e-001 9.1343998908996582e-002 
2.6287099719047546e-001 -1.1242999881505966e-001 8.8454999029636383e-002 
2.6620367169380188e-001 -1.0363599658012390e-001 8.3912335336208344e-002 
2.6287099719047546e-001 -1.1242999881505966e-001 8.8454999029636383e-002 
2.3917299509048462e-001 -1.2179049849510193e-001 8.5305996239185333e-002 
2.4272200465202332e-001 -1.2353800237178802e-001 8.5533000528812408e-002 
2.4360749125480652e-001 -1.2236750125885010e-001 8.5643000900745392e-002 
2.4360749125480652e-001 -1.2236750125885010e-001 8.5643000900745392e-002 
2.4426099658012390e-001 -1.1197434365749359e-001 8.7026998400688171e-002 
2.6287099719047546e-001 -1.1242999881505966e-001 8.8454999029636383e-002 
2.6620367169380188e-001 -1.0363599658012390e-001 8.3912335336208344e-002 
2.6774635910987854e-001 -9.5664337277412415e-002 8.2251995801925659e-002 
2.6263898611068726e-001 -1.0992600023746490e-001 8.9086003601551056e-002 
2.3319634795188904e-001 -9.4115003943443298e-002 8.5576668381690979e-002 
2.3917299509048462e-001 -1.2179049849510193e-001 8.5305996239185333e-002 
2.5424650311470032e-001 -1.0494100302457809e-001 9.0879499912261963e-002 
2.6520150899887085e-001 -1.0551600158214569e-001 8.4625497460365295e-002 
2.6620367169380188e-001 -1.0363599658012390e-001 8.3912335336208344e-002 
2.6620367169380188e-001 -1.0363599658012390e-001 8.3912335336208344e-002 
2.6263898611068726e-001 -1.0992600023746490e-001 8.9086003601551056e-002 
2.3668000102043152e-001 -1.3094851374626160e-001 8.0107502639293671e-002 
2.3427668213844299e-001 -9.3533001840114594e-002 8.7343662977218628e-002 
2.4360749125480652e-001 -1.2236750125885010e-001 8.5643000900745392e-002 
2.4426099658012390e-001 -1.1197434365749359e-001 8.7026998400688171e-002 
2.4425733089447021e-001 -1.1493100970983505e-001 8.7097667157649994e-002 
2.5176599621772766e-001 -1.0994099825620651e-001 9.1685503721237183e-002 
2.5424650311470032e-001 -1.0494100302457809e-001 9.0879499912261963e-002 
2.5337299704551697e-001 -1.0113900154829025e-001 9.1701500117778778e-002 
2.5337299704551697e-001 -1.0113900154829025e-001 9.1701500117778778e-002 
2.5530499219894409e-001 -1.0251600295305252e-001 9.1721497476100922e-002 
2.5424650311470032e-001 -1.0494100302457809e-001 9.0879499912261963e-002 
2.5424650311470032e-001 -1.0494100302457809e-001 9.0879499912261963e-002 
2.4360749125480652e-001 -1.2236750125885010e-001 8.5643000900745392e-002 
2.3917299509048462e-001 -1.2179049849510193e-001 8.5305996239185333e-002 
2.4425733089447021e-001 -1.1493100970983505e-001 8.7097667157649994e-002 
2.4425733089447021e-001 -1.1493100970983505e-001 8.7097667157649994e-002 
2.4425733089447021e-001 -1.1493100970983505e-001 8.7097667157649994e-002 
2.4908348917961121e-001 -1.1862699687480927e-001 9.1040499508380890e-002 
2.4908348917961121e-001 -1.1862699687480927e-001 9.1040499508380890e-002 
2.5074866414070129e-001 -1.1627300828695297e-001 9.1331332921981812e-002 
2.4832099676132202e-001 -1.0737100243568420e-001 9.1655999422073364e-002 
2.4814200401306152e-001 -1.0865899920463562e-001 9.0721502900123596e-002 
2.3668000102043152e-001 -1.3094851374626160e-001 8.0107502639293671e-002 
2.5074866414070129e-001 -1.1627300828695297e-001 9.1331332921981812e-002 
2.5150999426841736e-001 -9.0786501765251160e-002 9.1889999806880951e-002 
2.3668000102043152e-001 -1.3094851374626160e-001 8.0107502639293671e-002 
2.3668000102043152e-001 -1.3094851374626160e-001 8.0107502639293671e-002 
2.4425733089447021e-001 -1.1493100970983505e-001 8.7097667157649994e-002 
2.5074866414070129e-001 -1.1627300828695297e-001 9.1331332921981812e-002 
2.3668000102043152e-001 -1.3094851374626160e-001 8.0107502639293671e-002 
2.3668000102043152e-001 -1.3094851374626160e-001 8.0107502639293671e-002 
1.3459399342536926e-001 6.3341997563838959e-002 8.9936003088951111e-002 
2.3668000102043152e-001 -1.3094851374626160e-001 8.0107502639293671e-002 
2.3656900227069855e-001 -1.2810699641704559e-001 8.0982998013496399e-002 
2.3668000102043152e-001 -1.3094851374626160e-001 8.0107502639293671e-002 
2.3668000102043152e-001 -1.3094851374626160e-001 8.0107502639293671e-002 
2.2973150014877319e-001 -9.8153002560138702e-002 8.5928000509738922e-002 
2.3239299654960632e-001 -1.0254299640655518e-001 8.5505001246929169e-002 
2.3668000102043152e-001 -1.3094851374626160e-001 8.0107502639293671e-002 
2.3668000102043152e-001 -1.3094851374626160e-001 8.0107502639293671e-002 
2.3668000102043152e-001 -1.3094851374626160e-001 8.0107502639293671e-002 
2.3319634795188904e-001 -9.4115003943443298e-002 8.5576668381690979e-002 
2.2973150014877319e-001 -9.8153002560138702e-002 8.5928000509738922e-002 
2.3473601043224335e-001 -5.9569001197814941e-002 8.8115677237510681e-002 
2.3473601043224335e-001 -5.9569001197814941e-002 8.8115677237510681e-002 
2.3319634795188904e-001 -9.4115003943443298e-002 8.5576668381690979e-002 
2.3319634795188904e-001 -9.4115003943443298e-002 8.5576668381690979e-002 
2.3239299654960632e-001 -1.0254299640655518e-001 8.5505001246929169e-002 
2.3335899412631989e-001 -1.1150600016117096e-001 8.5505999624729156e-002 
2.3656900227069855e-001 -1.2810699641704559e-001 8.0982998013496399e-002 
2.3656900227069855e-001 -1.2810699641704559e-001 8.0982998013496399e-002 
2.3668000102043152e-001 -1.3094851374626160e-001 8.0107502639293671e-002 
2.3668000102043152e-001 -1.3094851374626160e-001 8.0107502639293671e-002 
2.3225924372673035e-001 -5.9572499245405197e-002 8.8041245937347412e-002 
2.3319634795188904e-001 -9.4115003943443298e-002 8.5576668381690979e-002 
2.3319634795188904e-001 -9.4115003943443298e-002 8.5576668381690979e-002 
2.3239299654960632e-001 -1.0254299640655518e-001 8.5505001246929169e-002 
2.3336100578308105e-001 -1.0812299698591232e-001 8.5399001836776733e-002 
2.3335899412631989e-001 -1.1150600016117096e-001 8.5505999624729156e-002 
2.3668000102043152e-001 -1.3094851374626160e-001 8.0107502639293671e-002 
2.3225924372673035e-001 -5.9572499245405197e-002 8.8041245937347412e-002 
2.3319634795188904e-001 -9.4115003943443298e-002 8.5576668381690979e-002 
2.3239299654960632e-001 -1.0254299640655518e-001 8.5505001246929169e-002 
2.3336100578308105e-001 -1.0812299698591232e-001 8.5399001836776733e-002 
2.3239299654960632e-001 -1.0254299640655518e-001 8.5505001246929169e-002 
2.3656900227069855e-001 -1.2810699641704559e-001 8.0982998013496399e-002 
2.3473601043224335e-001 -5.9569001197814941e-002 8.8115677237510681e-002 
2.3473601043224335e-001 -5.9569001197814941e-002 8.8115677237510681e-002 
2.3319634795188904e-001 -9.4115003943443298e-002 8.5576668381690979e-002 
2.3319634795188904e-001 -9.4115003943443298e-002 8.5576668381690979e-002 
2.3319634795188904e-001 -9.4115003943443298e-002 8.5576668381690979e-002 
2.3239299654960632e-001 -1.0254299640655518e-001 8.5505001246929169e-002 
2.3336100578308105e-001 -1.0812299698591232e-001 8.5399001836776733e-002 
2.3335899412631989e-001 -1.1150600016117096e-001 8.5505999624729156e-002 
2.3335899412631989e-001 -1.1150600016117096e-001 8.5505999624729156e-002 
2.3335899412631989e-001 -1.1150600016117096e-001 8.5505999624729156e-002 
2.3164799809455872e-001 -5.2083998918533325e-002 9.0749002993106842e-002 
2.3319634795188904e-001 -9.4115003943443298e-002 8.5576668381690979e-002 
2.3384200036525726e-001 -1.1724050343036652e-001 8.5506998002529144e-002 
2.3335899412631989e-001 -1.1150600016117096e-001 8.5505999624729156e-002 
2.3335899412631989e-001 -1.1150600016117096e-001 8.5505999624729156e-002 
2.3335899412631989e-001 -1.1150600016117096e-001 8.5505999624729156e-002 
2.3335899412631989e-001 -1.1150600016117096e-001 8.5505999624729156e-002 
2.3335899412631989e-001 -1.1150600016117096e-001 8.5505999624729156e-002 
2.3335899412631989e-001 -1.1150600016117096e-001 8.5505999624729156e-002 
2.3335899412631989e-001 -1.1150600016117096e-001 8.5505999624729156e-002 
2.3384200036525726e-001 -1.1724050343036652e-001 8.5506998002529144e-002 
2.3384200036525726e-001 -1.1724050343036652e-001 8.5506998002529144e-002 
2.3917299509048462e-001 -1.2179049849510193e-001 8.5305996239185333e-002 
2.3384200036525726e-001 -1.1724050343036652e-001 8.5506998002529144e-002 
2.3952299356460571e-001 -1.3058799505233765e-001 8.4665998816490173e-002 
2.3335899412631989e-001 -1.1150600016117096e-001 8.5505999624729156e-002 
2.3335899412631989e-001 -1.1150600016117096e-001 8.5505999624729156e-002 
2.3335899412631989e-001 -1.1150600016117096e-001 8.5505999624729156e-002 
2.3335899412631989e-001 -1.1150600016117096e-001 8.5505999624729156e-002 
2.3917299509048462e-001 -1.2179049849510193e-001 8.5305996239185333e-002 
2.3384200036525726e-001 -1.1724050343036652e-001 8.5506998002529144e-002 
2.3335899412631989e-001 -1.1150600016117096e-001 8.5505999624729156e-002 
2.3335899412631989e-001 -1.1150600016117096e-001 8.5505999624729156e-002 
2.3384200036525726e-001 -1.1724050343036652e-001 8.5506998002529144e-002 
2.3384200036525726e-001 -1.1724050343036652e-001 8.5506998002529144e-002 
2.3917299509048462e-001 -1.2179049849510193e-001 8.5305996239185333e-002 
2.3562100529670715e-001 -1.1429299414157867e-001 8.5297003388404846e-002 
2.3335899412631989e-001 -1.1150600016117096e-001 8.5505999624729156e-002 
2.3384200036525726e-001 -1.1724050343036652e-001 8.5506998002529144e-002 
2.3917299509048462e-001 -1.2179049849510193e-001 8.5305996239185333e-002 
2.4718299508094788e-001 -1.2423849850893021e-001 8.5554495453834534e-002 
2.3917299509048462e-001 -1.2179049849510193e-001 8.5305996239185333e-002 
2.4718299508094788e-001 -1.2423849850893021e-001 8.5554495453834534e-002 
2.3384200036525726e-001 -1.1724050343036652e-001 8.5506998002529144e-002 
2.3917299509048462e-001 -1.2179049849510193e-001 8.5305996239185333e-002 
2.4360749125480652e-001 -1.2236750125885010e-001 8.5643000900745392e-002 
2.3384200036525726e-001 -1.1724050343036652e-001 8.5506998002529144e-002 
2.4272200465202332e-001 -1.2353800237178802e-001 8.5533000528812408e-002 
2.3917299509048462e-001 -1.2179049849510193e-001 8.5305996239185333e-002 
2.4718299508094788e-001 -1.2423849850893021e-001 8.5554495453834534e-002 
2.3384200036525726e-001 -1.1724050343036652e-001 8.5506998002529144e-002 
2.3384200036525726e-001 -1.1724050343036652e-001 8.5506998002529144e-002 
2.4360749125480652e-001 -1.2236750125885010e-001 8.5643000900745392e-002 
2.4272200465202332e-001 -1.2353800237178802e-001 8.5533000528812408e-002 
2.3917299509048462e-001 -1.2179049849510193e-001 8.5305996239185333e-002 
2.4272200465202332e-001 -1.2353800237178802e-001 8.5533000528812408e-002 
]
