sceneKeyPoints=[...
2.7377998828887939e-001 1.0403899848461151e-001 -1.3777000829577446e-002 
3.7177199125289917e-001 9.9203996360301971e-002 -1.0703999549150467e-002 
3.6426550149917603e-001 9.8245002329349518e-002 -9.9855000153183937e-003 
3.5661101341247559e-001 9.7251996397972107e-002 -9.2839999124407768e-003 
3.4917950630187988e-001 9.6233002841472626e-002 -8.8999997824430466e-003 
2.6922467350959778e-001 1.0601000487804413e-001 -8.5156662389636040e-003 
3.4071248769760132e-001 9.5159001648426056e-002 -8.2229999825358391e-003 
2.6810100674629211e-001 1.0405399650335312e-001 -7.6540000736713409e-003 
2.6622566580772400e-001 9.9052004516124725e-002 -7.1796672418713570e-003 
2.6641499996185303e-001 1.0105200111865997e-001 -7.0839999243617058e-003 
2.6567700505256653e-001 9.2058002948760986e-002 -6.2279999256134033e-003 
3.5728001594543457e-001 9.6256002783775330e-002 -6.3279997557401657e-003 
2.9922249913215637e-001 1.1900500208139420e-001 -6.2424996867775917e-003 
3.0192500352859497e-001 1.0305699706077576e-001 -5.6790001690387726e-003 
3.8528499007225037e-001 9.8296999931335449e-002 -5.1629999652504921e-003 
3.0112099647521973e-001 1.0012499988079071e-001 -5.1079997792840004e-003 
3.9319249987602234e-001 9.2263996601104736e-002 -4.6635000035166740e-003 
2.9627999663352966e-001 9.3064501881599426e-002 -4.6715000644326210e-003 
2.9902198910713196e-001 9.7179003059864044e-002 -4.8190001398324966e-003 
3.9456999301910400e-001 9.9261000752449036e-002 -4.9839997664093971e-003 
2.7354198694229126e-001 1.1997999995946884e-001 -4.5170001685619354e-003 
4.0374600887298584e-001 8.5373006761074066e-002 -3.5930001176893711e-003 
3.5718399286270142e-001 9.7273997962474823e-002 -3.6969999782741070e-003 
2.6348298788070679e-001 1.1795099824666977e-001 -3.6859998945146799e-003 
2.6683598756790161e-001 1.1896400153636932e-001 -3.6810000892728567e-003 
3.8461700081825256e-001 9.7318001091480255e-002 -3.3670000266283751e-003 
3.8726902008056641e-001 9.7323000431060791e-002 -3.2470000442117453e-003 
3.9364749193191528e-001 9.7335502505302429e-002 -2.5710000190883875e-003 
2.5419536232948303e-001 1.1396400630474091e-001 -2.6799999177455902e-003 
2.5773102045059204e-001 1.1599300801753998e-001 -2.8576669283211231e-003 
2.2014400362968445e-001 1.7063799500465393e-001 -2.1689999848604202e-003 
4.0332898497581482e-001 8.4385000169277191e-002 -1.7770000267773867e-003 
3.9048600196838379e-001 9.5261998474597931e-002 -1.6479999758303165e-003 
3.9837300777435303e-001 8.8353998959064484e-002 -1.1289999820291996e-003 
2.4979834258556366e-001 9.5043674111366272e-002 -1.2053333921357989e-003 
3.9720299839973450e-001 9.5274999737739563e-002 -1.1180000146850944e-003 
3.0324101448059082e-001 9.6190996468067169e-002 -1.1759999906644225e-003 
3.0662199854850769e-001 9.6196003258228302e-002 -1.1820000363513827e-003 
3.9773267507553101e-001 9.0297006070613861e-002 -6.2733335653319955e-004 
2.5084701180458069e-001 9.3008503317832947e-002 -7.8649999340996146e-004 
3.0528032779693604e-001 9.8188005387783051e-002 -9.0099999215453863e-004 
2.7176898717880249e-001 1.0508249700069427e-001 -6.1099999584257603e-004 
3.0169698596000671e-001 1.0710600018501282e-001 -6.1799999093636870e-004 
2.7269250154495239e-001 1.0807900130748749e-001 -8.8700000196695328e-004 
3.0609899759292603e-001 1.0813199728727341e-001 -6.2449998222291470e-004 
3.0384898185729980e-001 1.1506050080060959e-001 -6.2100001377984881e-004 
3.0132299661636353e-001 1.1706399917602539e-001 -6.1699998332187533e-004 
3.9000499248504639e-001 6.2444999814033508e-002 -1.6900000628083944e-004 
3.9329698681831360e-001 8.7337002158164978e-002 -4.9000000581145287e-004 
3.9677950739860535e-001 8.8354997336864471e-002 -2.2399998852051795e-004 
3.9398699998855591e-001 9.2280998826026917e-002 -4.9599999329075217e-004 
3.8874301314353943e-001 9.3226000666618347e-002 -4.5299998600967228e-004 
3.8226935267448425e-001 9.4255670905113220e-002 -4.0333333890885115e-004 
3.8481950759887695e-001 9.4259500503540039e-002 -4.2250001570209861e-004 
3.0053201317787170e-001 9.8183996975421906e-002 -6.2999999499879777e-005 
3.0127799510955811e-001 1.0113400220870972e-001 -6.3999999838415533e-005 
3.0726632475852966e-001 1.0414433479309082e-001 -7.2000009822659194e-005 
3.0473548173904419e-001 1.1011300235986710e-001 -6.8000001192558557e-005 
3.0277201533317566e-001 1.1306466907262802e-001 -6.5333340899087489e-005 
2.9690098762512207e-001 1.1705899983644485e-001 -5.9000001783715561e-005 
3.8669532537460327e-001 8.6320661008358002e-002 3.4333334770053625e-004 
3.9528650045394897e-001 8.6332999169826508e-002 8.3999999333173037e-005 
3.8178399205207825e-001 8.8334001600742340e-002 4.7299999278038740e-004 
3.8868498802185059e-001 8.8344998657703400e-002 4.2699999175965786e-004 
3.9172801375389099e-001 9.0290002524852753e-002 1.1100000119768083e-004 
3.8215851783752441e-001 9.1274499893188477e-002 3.2550000469200313e-004 
3.8525998592376709e-001 9.2270500957965851e-002 3.0449999030679464e-004 
3.0477899312973022e-001 9.3097999691963196e-002 4.8399998922832310e-004 
3.0873167514801025e-001 9.4143331050872803e-002 2.9433332383632660e-004 
3.0039501190185547e-001 9.5129497349262238e-002 4.8899999819695950e-004 
2.7057200670242310e-001 1.0203699767589569e-001 2.1399999968707561e-004 
3.0471050739288330e-001 1.0609950125217438e-001 2.0850000146310776e-004 
3.0116248130798340e-001 1.1118700355291367e-001 2.1300000662449747e-004 
2.9930001497268677e-001 1.1305999755859375e-001 2.1499999274965376e-004 
2.9473567008972168e-001 1.1705733835697174e-001 4.0199997602030635e-004 
2.9930001497268677e-001 1.1706399917602539e-001 2.1499999274965376e-004 
2.8880900144577026e-001 1.1901500076055527e-001 4.9599999329075217e-004 
4.0294298529624939e-001 8.2368999719619751e-002 6.1599997570738196e-004 
3.8235598802566528e-001 8.6314998567104340e-002 7.6000002445653081e-004 
3.0223548412322998e-001 9.6197001636028290e-002 7.6299998909235001e-004 
2.7057299017906189e-001 9.8140001296997070e-002 7.6299998909235001e-004 
3.0372750759124756e-001 9.8191998898983002e-002 7.6099997386336327e-004 
2.9101198911666870e-001 1.1801099777221680e-001 7.6999998418614268e-004 
2.9970169067382813e-001 9.3092009425163269e-002 1.0400000028312206e-003 
2.7130898833274841e-001 9.5086000859737396e-002 1.0373333934694529e-003 
2.6625698804855347e-001 9.6142500638961792e-002 1.1690000537782907e-003 
2.8380301594734192e-001 1.1900967359542847e-001 1.2270000297576189e-003 
2.8675532341003418e-001 1.1901400983333588e-001 1.0450000409036875e-003 
2.8077301383018494e-001 1.2001299858093262e-001 1.0440000332891941e-003 
4.0119901299476624e-001 8.1409998238086700e-002 1.5160000184550881e-003 
2.7130967378616333e-001 9.2097006738185883e-002 1.5839999541640282e-003 
3.6920949816703796e-001 9.4244003295898438e-002 1.9775000400841236e-003 
3.8003501296043396e-001 9.8315998911857605e-002 1.9290000200271606e-003 
2.7424466609954834e-001 1.1899633705615997e-001 1.5863332664594054e-003 
2.7910751104354858e-001 1.1900399625301361e-001 1.5899999998509884e-003 
3.8128250837326050e-001 8.6320497095584869e-002 2.4985000491142273e-003 
2.6819700002670288e-001 8.7152346968650818e-002 2.3066666908562183e-003 
2.6728236675262451e-001 9.1102659702301025e-002 2.3963334970176220e-003 
3.8104099035263062e-001 9.2271000146865845e-002 2.2120000794529915e-003 
2.6663750410079956e-001 9.4084002077579498e-002 2.1240001078695059e-003 
3.6324867606163025e-001 9.4235002994537354e-002 2.0016669295728207e-003 
3.7875348329544067e-001 9.5259003341197968e-002 2.2224998101592064e-003 
2.6975449919700623e-001 1.1899250000715256e-001 2.3990001063793898e-003 
4.0138199925422668e-001 7.4398003518581390e-002 2.9859999194741249e-003 
4.0079301595687866e-001 7.6390996575355530e-002 2.9885000549256802e-003 
3.9843699336051941e-001 8.5389003157615662e-002 2.7079998981207609e-003 
3.7737101316452026e-001 8.6314499378204346e-002 2.5145001709461212e-003 
3.9669549465179443e-001 8.6345501244068146e-002 2.7164998464286327e-003 
3.7140798568725586e-001 8.7315998971462250e-002 2.8230000752955675e-003 
3.7923550605773926e-001 8.7328001856803894e-002 2.7935001999139786e-003 
3.7771898508071899e-001 8.8336996734142303e-002 2.7994997799396515e-003 
3.7771898508071899e-001 9.0278998017311096e-002 2.7994997799396515e-003 
3.4871450066566467e-001 9.2223003506660461e-002 2.8894999995827675e-003 
3.5071551799774170e-001 9.2226497828960419e-002 2.8845001943409443e-003 
3.7374731898307800e-001 9.4254672527313232e-002 2.8143334202468395e-003 
3.5773801803588867e-001 9.7299665212631226e-002 2.6789996773004532e-003 
3.7148699164390564e-001 9.8305001854896545e-002 2.5380000006407499e-003 
2.5877550244331360e-001 1.1500400304794312e-001 2.9285000637173653e-003 
2.6179668307304382e-001 1.1602166295051575e-001 2.8420002199709415e-003 
4.0010198950767517e-001 6.7456997931003571e-002 3.2850001007318497e-003 
4.0186697244644165e-001 7.2407498955726624e-002 3.2764999195933342e-003 
3.9730399847030640e-001 7.9401999711990356e-002 3.2969999592751265e-003 
4.0010198950767517e-001 8.1414997577667236e-002 3.2850001007318497e-003 
3.6538100242614746e-001 8.4345996379852295e-002 3.4070000983774662e-003 
3.9237099885940552e-001 8.4387496113777161e-002 3.3174999989569187e-003 
3.6785548925399780e-001 8.5342496633529663e-002 3.1179999932646751e-003 
3.7030249834060669e-001 8.5347503423690796e-002 3.3935001119971275e-003 
3.7452098727226257e-001 8.6312003433704376e-002 3.0960000585764647e-003 
3.6351400613784790e-001 8.7306000292301178e-002 3.4119999036192894e-003 
3.7409400939941406e-001 8.8333003222942352e-002 3.0980000738054514e-003 
3.6861899495124817e-001 8.9314997196197510e-002 3.3984999172389507e-003 
3.7114700675010681e-001 8.9318998157978058e-002 3.3909999765455723e-003 
3.7188801169395447e-001 9.1269999742507935e-002 3.3889999613165855e-003 
3.4683501720428467e-001 9.2222005128860474e-002 3.3109998330473900e-003 
3.5286551713943481e-001 9.2230997979640961e-002 3.1584999524056911e-003 
3.6545398831367493e-001 9.3203000724315643e-002 3.1250000465661287e-003 
3.6320349574089050e-001 9.6303001046180725e-002 3.4129999112337828e-003 
3.6901000142097473e-001 9.6311002969741821e-002 3.1139999628067017e-003 
2.5676849484443665e-001 1.1399099975824356e-001 3.1964997760951519e-003 
3.9003300666809082e-001 6.5477997064590454e-002 3.9029999170452356e-003 
3.9617899060249329e-001 6.7452996969223022e-002 3.8829999975860119e-003 
3.9675650000572205e-001 7.7345497906208038e-002 3.8804998621344566e-003 
3.9342901110649109e-001 7.8386999666690826e-002 3.8920000661164522e-003 
3.9127302169799805e-001 8.0408997833728790e-002 3.8994997739791870e-003 
3.9468550682067871e-001 8.0413997173309326e-002 3.8875001482665539e-003 
3.9604800939559937e-001 8.3380997180938721e-002 3.5929998848587275e-003 
3.8935899734497070e-001 8.4385000169277191e-002 3.9059999398887157e-003 
3.5671749711036682e-001 8.5328504443168640e-002 3.9880000986158848e-003 
3.6223798990249634e-001 8.6295999586582184e-002 3.9769997820258141e-003 
3.6468499898910522e-001 8.9309997856616974e-002 3.6909999325871468e-003 
3.4388199448585510e-001 9.1228000819683075e-002 3.7320000119507313e-003 
3.5973998904228210e-001 9.2243671417236328e-002 3.7023331969976425e-003 
3.5267850756645203e-001 9.4226002693176270e-002 3.9949999190866947e-003 
2.4215799570083618e-001 1.1498100310564041e-001 3.7140001077204943e-003 
2.9137501120567322e-001 5.3371999412775040e-002 4.3040001764893532e-003 
3.8338750600814819e-001 6.9426499307155609e-002 4.2099999263882637e-003 
4.0227401256561279e-001 7.0396997034549713e-002 4.4439998455345631e-003 
3.9367401599884033e-001 7.4390999972820282e-002 4.1805002838373184e-003 
3.9665600657463074e-001 7.4395500123500824e-002 4.1709998622536659e-003 
3.9096999168395996e-001 7.6380997896194458e-002 4.4760000891983509e-003 
3.9176100492477417e-001 7.8386500477790833e-002 4.4745001941919327e-003 
3.9072650671005249e-001 8.3374999463558197e-002 4.1894996538758278e-003 
3.5392400622367859e-001 8.4330998361110687e-002 4.2710001580417156e-003 
3.5321950912475586e-001 8.7292999029159546e-002 4.2719999328255653e-003 
3.3523735404014587e-001 9.0217009186744690e-002 4.0190005674958229e-003 
3.3824598789215088e-001 9.0221501886844635e-002 4.0159998461604118e-003 
2.8897100687026978e-001 5.3369998931884766e-002 4.8409998416900635e-003 
3.7746098637580872e-001 6.9418996572494507e-002 4.7920001670718193e-003 
3.8975200057029724e-001 7.2393998503684998e-002 4.7659999690949917e-003 
3.9325249195098877e-001 7.2400003671646118e-002 4.7585000284016132e-003 
4.0146198868751526e-001 7.3365002870559692e-002 4.7369999811053276e-003 
3.8796299695968628e-001 7.9392999410629272e-002 4.7709997743368149e-003 
3.4870100021362305e-001 8.2300499081611633e-002 4.8309997655451298e-003 
3.5679048299789429e-001 8.3323001861572266e-002 4.5449999161064625e-003 
3.5135298967361450e-001 8.4328003227710724e-002 4.5520002022385597e-003 
3.4711399674415588e-001 8.5317000746726990e-002 4.8329997807741165e-003 
3.5527300834655762e-001 8.6287669837474823e-002 4.5469999313354492e-003 
3.4582901000976563e-001 8.7283998727798462e-002 4.8340000212192535e-003 
3.3076599240303040e-001 9.0213000774383545e-002 4.8429998569190502e-003 
3.4905800223350525e-001 9.1238997876644135e-002 4.5549999922513962e-003 
3.5225367546081543e-001 9.1244004666805267e-002 4.5509999617934227e-003 
3.0290800333023071e-001 9.2159003019332886e-002 4.8460001125931740e-003 
3.4766700863838196e-001 9.3180999159812927e-002 4.5559997670352459e-003 
3.4875950217247009e-001 9.5220997929573059e-002 4.5549999922513962e-003 
2.3743300139904022e-001 1.2188900262117386e-001 4.7869998961687088e-003 
3.7964248657226563e-001 7.0364497601985931e-002 5.0710001960396767e-003 
3.9168399572372437e-001 7.0382997393608093e-002 5.0490000285208225e-003 
3.9021950960159302e-001 7.4389003217220306e-002 5.0519998185336590e-003 
3.8775950670242310e-001 7.5384996831417084e-002 5.0570000894367695e-003 
3.8943400979042053e-001 7.7338002622127533e-002 5.0539998337626457e-003 
3.8523298501968384e-001 8.0404996871948242e-002 5.3465003147721291e-003 
3.4424102306365967e-001 8.1335499882698059e-002 5.3840000182390213e-003 
3.8720399141311646e-001 8.2362003624439240e-002 5.0579998642206192e-003 
3.4719750285148621e-001 8.3310998976230621e-002 5.3829997777938843e-003 
3.4188950061798096e-001 8.4316499531269073e-002 5.3849997930228710e-003 
3.4528049826622009e-001 8.4320999681949615e-002 5.1090000197291374e-003 
3.4913900494575500e-001 8.4326997399330139e-002 5.1070000045001507e-003 
3.3935451507568359e-001 8.5307002067565918e-002 5.3860000334680080e-003 
3.4973600506782532e-001 8.7291002273559570e-002 5.1060002297163010e-003 
3.4419769048690796e-001 9.0235009789466858e-002 5.1100002601742744e-003 
3.4587150812149048e-001 9.0237997472286224e-002 5.1090000197291374e-003 
2.9379850625991821e-001 9.1155000030994415e-002 5.1110000349581242e-003 
3.3490151166915894e-001 9.2211000621318817e-002 5.3869998082518578e-003 
3.3809199929237366e-001 9.2215999960899353e-002 5.3860000334680080e-003 
3.4597000479698181e-001 9.3180000782012939e-002 5.1090000197291374e-003 
2.4355800449848175e-001 1.1397700011730194e-001 5.0659999251365662e-003 
2.4097499251365662e-001 1.1599700152873993e-001 5.0619998946785927e-003 
2.8328436613082886e-001 5.3365670144557953e-002 5.9070005081593990e-003 
3.6318749189376831e-001 6.7409500479698181e-002 5.9290002100169659e-003 
3.7211000919342041e-001 6.8429999053478241e-002 5.6440001353621483e-003 
3.8869050145149231e-001 6.8456001579761505e-002 5.6264996528625488e-003 
3.7422698736190796e-001 6.9417998194694519e-002 5.6420001201331615e-003 
3.8422048091888428e-001 7.8379496932029724e-002 5.7739997282624245e-003 
3.4129601716995239e-001 8.0338336527347565e-002 5.9320004656910896e-003 
3.3741199970245361e-001 8.2286998629570007e-002 5.9320000000298023e-003 
3.8470399379730225e-001 8.2359999418258667e-002 5.6314999237656593e-003 
3.4379398822784424e-001 8.3306998014450073e-002 5.6590000167489052e-003 
3.3586600422859192e-001 8.4308996796607971e-002 5.9320000000298023e-003 
3.4222698211669922e-001 8.6271502077579498e-002 5.6590000167489052e-003 
3.3675998449325562e-001 8.9274495840072632e-002 5.7955002412199974e-003 
3.3978998661041260e-001 8.9279003441333771e-002 5.6590000167489052e-003 
2.9586800932884216e-001 9.1159999370574951e-002 5.6480001658201218e-003 
3.3221468329429626e-001 9.2209003865718842e-002 5.9310002252459526e-003 
2.5121748447418213e-001 1.1112999916076660e-001 5.7445000857114792e-003 
2.4774900078773499e-001 1.1190699785947800e-001 5.8749997988343239e-003 
3.5862648487091064e-001 6.6395998001098633e-002 6.2060002237558365e-003 
3.6755999922752380e-001 6.8424999713897705e-002 6.2049999833106995e-003 
3.8584700226783752e-001 7.1358002722263336e-002 6.1980001628398895e-003 
3.3929902315139771e-001 8.0336332321166992e-002 6.2040006741881371e-003 
3.3088248968124390e-001 8.1318996846675873e-002 6.4719999209046364e-003 
3.3379900455474854e-001 8.2282498478889465e-002 6.2029999680817127e-003 
3.8277602195739746e-001 8.2359001040458679e-002 6.2000001780688763e-003 
3.3891099691390991e-001 8.3301000297069550e-002 6.2040002085268497e-003 
3.3226501941680908e-001 8.4305003285408020e-002 6.2020001932978630e-003 
3.3601099252700806e-001 8.6263999342918396e-002 6.2029999680817127e-003 
3.1515300273895264e-001 8.7241999804973602e-002 6.4630005508661270e-003 
3.2584801316261292e-001 8.7259002029895782e-002 6.4689996652305126e-003 
3.2926303148269653e-001 8.8275335729122162e-002 6.4710001461207867e-003 
3.3226501941680908e-001 8.8279001414775848e-002 6.2020001932978630e-003 
3.1487399339675903e-001 8.9243002235889435e-002 6.4630005508661270e-003 
3.1424367427825928e-001 9.1191336512565613e-002 6.2833330594003201e-003 
3.0721199512481689e-001 9.2170998454093933e-002 6.1900001019239426e-003 
2.4722650647163391e-001 1.0806649923324585e-001 6.2744999304413795e-003 
2.4494600296020508e-001 1.1004400253295898e-001 6.4059998840093613e-003 
2.3811399936676025e-001 1.2095200270414352e-001 6.1320001259446144e-003 
2.3165099322795868e-001 1.3386499881744385e-001 6.3939997926354408e-003 
2.2567099332809448e-001 1.4881600439548492e-001 6.3869999721646309e-003 
2.2379100322723389e-001 1.6278700530529022e-001 6.3860001973807812e-003 
2.2266100347042084e-001 1.6966700553894043e-001 6.3840001821517944e-003 
3.5436400771141052e-001 6.6390998661518097e-002 6.7560002207756042e-003 
3.6022037267684937e-001 6.7408010363578796e-002 6.7590004764497280e-003 
3.8314801454544067e-001 7.5383998453617096e-002 6.7639998160302639e-003 
3.1639200448989868e-001 8.1298001110553741e-002 6.9990004412829876e-003 
3.2836499810218811e-001 8.1316001713275909e-002 6.7409994080662727e-003 
3.8075798749923706e-001 8.2358002662658691e-002 6.7639998160302639e-003 
3.1530702114105225e-001 8.5274338722229004e-002 6.7310007289052010e-003 
3.2382601499557495e-001 8.7256498634815216e-002 6.7369998432695866e-003 
3.1082499027252197e-001 8.8248997926712036e-002 6.9940001703798771e-003 
3.2665902376174927e-001 9.0213999152183533e-002 6.7390003241598606e-003 
3.1215000152587891e-001 9.1190002858638763e-002 6.7280000075697899e-003 
3.0937400460243225e-001 9.2177003622055054e-002 6.7259999923408031e-003 
2.3430700600147247e-001 1.2791700661182404e-001 6.9310003891587257e-003 
2.2363899648189545e-001 1.6566899418830872e-001 6.6539999097585678e-003 
3.4966099262237549e-001 6.5428003668785095e-002 7.3000001721084118e-003 
3.8112950325012207e-001 7.5383000075817108e-002 7.3259999044239521e-003 
3.7651199102401733e-001 7.6370000839233398e-002 7.3230005800724030e-003 
3.7112200260162354e-001 7.7318504452705383e-002 7.3190005496144295e-003 
3.8112950325012207e-001 7.7334001660346985e-002 7.3259999044239521e-003 
3.2771250605583191e-001 7.9308502376079559e-002 7.2780000045895576e-003 
3.3184298872947693e-001 7.9314000904560089e-002 7.0129996165633202e-003 
3.7396401166915894e-001 7.9380996525287628e-002 7.3209996335208416e-003 
3.2262098789215088e-001 8.0314002931118011e-002 7.2729997336864471e-003 
3.6561200022697449e-001 8.0381996929645538e-002 7.3139998130500317e-003 
3.6778497695922852e-001 8.0384999513626099e-002 7.3159998282790184e-003 
3.7725847959518433e-001 8.0399997532367706e-002 7.3230005800724030e-003 
3.1246000528335571e-001 8.1293001770973206e-002 7.2630005888640881e-003 
3.7478449940681458e-001 8.1390000879764557e-002 7.0425001904368401e-003 
3.2572767138481140e-001 8.2274004817008972e-002 7.2759999893605709e-003 
3.2803800702095032e-001 8.3287999033927917e-002 7.0099998265504837e-003 
3.2018399238586426e-001 9.0205997228622437e-002 7.2705000638961792e-003 
3.0371001362800598e-001 9.1178499162197113e-002 7.2539998218417168e-003 
2.4180899560451508e-001 1.1398349702358246e-001 7.3355003260076046e-003 
2.3821200430393219e-001 1.1896199733018875e-001 7.1999998763203621e-003 
2.3665750026702881e-001 1.2288250029087067e-001 7.3319999501109123e-003 
2.2991099953651428e-001 1.3589300215244293e-001 7.4620000086724758e-003 
2.0027068257331848e-001 4.4304665178060532e-002 7.9900007694959641e-003 
2.7429151535034180e-001 4.9392499029636383e-002 7.7550006099045277e-003 
2.8214100003242493e-001 5.2382998168468475e-002 7.7619999647140503e-003 
3.4328198432922363e-001 6.5419673919677734e-002 7.7456664294004440e-003 
3.5577902197837830e-001 6.7404337227344513e-002 7.5793336145579815e-003 
3.7335750460624695e-001 7.2379499673843384e-002 7.5990003533661366e-003 
3.7773650884628296e-001 7.3339998722076416e-002 7.8819999471306801e-003 
3.8072034716606140e-001 7.3343664407730103e-002 7.6060006394982338e-003 
3.6588099598884583e-001 7.4362002313137054e-002 7.8670000657439232e-003 
3.7230500578880310e-001 7.4370503425598145e-002 7.5974995270371437e-003 
3.6927032470703125e-001 7.6359331607818604e-002 7.5943334959447384e-003 
3.7899699807167053e-001 7.6375000178813934e-002 7.6040001586079597e-003 
3.1092301011085510e-001 7.7225998044013977e-002 7.7929995022714138e-003 
3.6310899257659912e-001 7.7307999134063721e-002 7.8630000352859497e-003 
3.7327951192855835e-001 7.7324002981185913e-002 7.8765004873275757e-003 
3.2519599795341492e-001 7.8294500708580017e-002 7.6775001361966133e-003 
3.6626300215721130e-001 7.8359000384807587e-002 7.5910002924501896e-003 
3.7568652629852295e-001 7.9384997487068176e-002 7.6009994372725487e-003 
3.2483950257301331e-001 8.0319002270698547e-002 7.5430003926157951e-003 
3.5934400558471680e-001 8.0374002456665039e-002 7.8579997643828392e-003 
3.0928167700767517e-001 8.1289336085319519e-002 7.6143331825733185e-003 
3.7156999111175537e-001 8.2346998155117035e-002 7.5969994068145752e-003 
3.0818599462509155e-001 8.3258338272571564e-002 7.5243334285914898e-003 
3.1178349256515503e-001 8.3264000713825226e-002 7.5280000455677509e-003 
3.1778103113174438e-001 8.3274662494659424e-002 7.8019998036324978e-003 
3.2155200839042664e-001 8.4293000400066376e-002 7.5400001369416714e-003 
3.2061600685119629e-001 8.6245000362396240e-002 7.5380001217126846e-003 
3.1669801473617554e-001 8.8259667158126831e-002 7.5340000912547112e-003 
2.9827499389648438e-001 9.0173661708831787e-002 7.7786669135093689e-003 
3.1660497188568115e-001 9.1200001537799835e-002 7.5340000912547112e-003 
2.5141999125480652e-001 9.2090003192424774e-002 7.7390004880726337e-003 
2.9428899288177490e-001 1.0115234553813934e-001 7.5100003741681576e-003 
2.4741600453853607e-001 1.0603900253772736e-001 7.7359997667372227e-003 
2.3309500515460968e-001 1.2987500429153442e-001 7.7300001867115498e-003 
2.2829900681972504e-001 1.3988000154495239e-001 7.9939998686313629e-003 
2.2250300645828247e-001 1.6871500015258789e-001 7.9929996281862259e-003 
2.2175100445747375e-001 1.7068000137805939e-001 7.9929996281862259e-003 
3.3774036169052124e-001 6.4419999718666077e-002 8.3666667342185974e-003 
3.3947500586509705e-001 6.5416000783443451e-002 8.3699999377131462e-003 
3.5275650024414063e-001 6.7401997745037079e-002 8.1209996715188026e-003 
3.7060952186584473e-001 7.2378501296043396e-002 8.4260003641247749e-003 
3.7520900368690491e-001 7.3337003588676453e-002 8.1569999456405640e-003 
3.5975050926208496e-001 7.4353501200675964e-002 8.2690007984638214e-003 
3.6178100109100342e-001 7.4356496334075928e-002 8.2724997773766518e-003 
3.5689347982406616e-001 7.6342999935150146e-002 8.4004998207092285e-003 
3.6079850792884827e-001 7.7305495738983154e-002 8.1340000033378601e-003 
3.1255498528480530e-001 7.8276000916957855e-002 8.0609992146492004e-003 
3.5369098186492920e-001 7.8341998159885406e-002 8.3950003609061241e-003 
3.5635450482368469e-001 7.8345000743865967e-002 8.1270001828670502e-003 
3.1024900078773499e-001 7.9283997416496277e-002 8.0580003559589386e-003 
3.1793299317359924e-001 7.9296000301837921e-002 8.0679999664425850e-003 
3.5170200467109680e-001 7.9350002110004425e-002 8.3910003304481506e-003 
3.6227899789810181e-001 7.9366669058799744e-002 8.3190007135272026e-003 
3.0528748035430908e-001 8.1284999847412109e-002 8.0514997243881226e-003 
3.0078634619712830e-001 8.3250001072883606e-002 8.3100004121661186e-003 
2.9333299398422241e-001 8.5245996713638306e-002 8.3009991794824600e-003 
2.6167249679565430e-001 8.6155503988265991e-002 8.2719996571540833e-003 
2.9170200228691101e-001 8.7211996316909790e-002 8.2990005612373352e-003 
3.0080699920654297e-001 8.7226003408432007e-002 8.0460002645850182e-003 
2.9478368163108826e-001 8.9218333363533020e-002 8.3026681095361710e-003 
2.5479751825332642e-001 9.4089001417160034e-002 8.1364996731281281e-003 
2.4870799481868744e-001 9.6141003072261810e-002 8.0019999295473099e-003 
2.3204199969768524e-001 1.3186900317668915e-001 8.2609998062252998e-003 
2.2385099530220032e-001 1.5477199852466583e-001 8.2599995657801628e-003 
2.2310200333595276e-001 1.6472500562667847e-001 8.2599995657801628e-003 
2.7257600426673889e-001 5.0351999700069427e-002 8.5430005565285683e-003 
2.7761599421501160e-001 5.1369000226259232e-002 8.5470005869865417e-003 
3.3110100030899048e-001 6.3397496938705444e-002 8.6230002343654633e-003 
3.3286300301551819e-001 6.4415000379085541e-002 8.8940002024173737e-003 
3.5386601090431213e-001 7.0339001715183258e-002 8.9379996061325073e-003 
3.6324000358581543e-001 7.3321498930454254e-002 8.9600002393126488e-003 
3.5346800088882446e-001 7.4345998466014862e-002 8.9379996061325073e-003 
3.5582649707794189e-001 7.4349001049995422e-002 8.6710005998611450e-003 
3.5128498077392578e-001 7.5342670083045959e-002 8.9326668530702591e-003 
3.6443498730659485e-001 7.5361996889114380e-002 8.6889993399381638e-003 
3.0347800254821777e-001 7.6260998845100403e-002 8.8409995660185814e-003 
3.4881851077079773e-001 7.6332502067089081e-002 8.9270006865262985e-003 
3.5273402929306030e-001 7.6337665319442749e-002 8.6646666750311852e-003 
3.5924598574638367e-001 7.8351996839046478e-002 8.6780004203319550e-003 
2.9774349927902222e-001 8.0281496047973633e-002 8.8329995051026344e-003 
3.5652801394462585e-001 8.0372996628284454e-002 8.6719999089837074e-003 
2.9411649703979492e-001 8.1270001828670502e-002 8.8280001655220985e-003 
2.9876267910003662e-001 8.2236669957637787e-002 8.5713341832160950e-003 
2.9603698849678040e-001 8.6209997534751892e-002 8.5680000483989716e-003 
2.7284598350524902e-001 8.7183997035026550e-002 8.5430005565285683e-003 
3.1044000387191772e-001 8.7243996560573578e-002 8.8520003482699394e-003 
2.4437199532985687e-001 1.0907500237226486e-001 8.5279997438192368e-003 
2.3835900425910950e-001 1.1795999854803085e-001 8.7910005822777748e-003 
2.3594500124454498e-001 1.2190099805593491e-001 8.5260001942515373e-003 
2.3557700216770172e-001 1.2392900139093399e-001 8.5260001942515373e-003 
2.0214149355888367e-001 4.3255001306533813e-002 9.0689994394779205e-003 
2.5927099585533142e-001 4.8381336033344269e-002 9.3206670135259628e-003 
2.6106399297714233e-001 4.8383001238107681e-002 9.0600000694394112e-003 
2.6862099766731262e-001 5.0347998738288879e-002 9.0640000998973846e-003 
2.7023935317993164e-001 5.1360003650188446e-002 9.3270000070333481e-003 
2.7491098642349243e-001 5.3364999592304230e-002 9.0689994394779205e-003 
3.2676500082015991e-001 6.3392668962478638e-002 9.1476673260331154e-003 
3.4742799401283264e-001 7.0330999791622162e-002 9.4630001112818718e-003 
3.5623699426651001e-001 7.1323998272418976e-002 9.4865001738071442e-003 
3.4775048494338989e-001 7.3298498988151550e-002 9.3294996768236160e-003 
3.4527835249900818e-001 7.4335336685180664e-002 9.4576664268970490e-003 
2.9826897382736206e-001 7.6254002749919891e-002 9.0969996526837349e-003 
3.4226649999618530e-001 7.6324000954627991e-002 9.4499997794628143e-003 
2.9272800683975220e-001 7.7203996479511261e-002 9.3510001897811890e-003 
3.4014099836349487e-001 7.7278003096580505e-002 9.4444993883371353e-003 
2.8407400846481323e-001 8.2217000424861908e-002 9.3400003388524055e-003 
2.8641501069068909e-001 8.2220003008842468e-002 9.3430001288652420e-003 
2.9328599572181702e-001 8.3241000771522522e-002 9.0899998322129250e-003 
2.8245499730110168e-001 8.5233002901077271e-002 9.3379998579621315e-003 
2.8426033258438110e-001 8.5235342383384705e-002 9.1660004109144211e-003 
2.6385501027107239e-001 8.6162000894546509e-002 9.0609993785619736e-003 
2.8930667042732239e-001 8.6202338337898254e-002 9.1719999909400940e-003 
2.8426301479339600e-001 8.8215008378028870e-002 9.0786665678024292e-003 
2.8858900070190430e-001 8.8221997022628784e-002 9.0840002521872520e-003 
3.0635300278663635e-001 9.0191997587680817e-002 9.3729998916387558e-003 
2.4868400394916534e-001 1.0508350282907486e-001 9.0550007298588753e-003 
2.3638999462127686e-001 1.1997599899768829e-001 9.3179997056722641e-003 
2.3400099575519562e-001 1.2595899403095245e-001 9.3179997056722641e-003 
2.2845800220966339e-001 1.3689300417900085e-001 9.3200001865625381e-003 
2.2585600614547729e-001 1.4288499951362610e-001 9.3209994956851006e-003 
2.2511099278926849e-001 1.4681699872016907e-001 9.3219997361302376e-003 
2.2287000715732574e-001 1.5976800024509430e-001 9.3229999765753746e-003 
2.3184600472450256e-001 4.1361998766660690e-002 9.8460000008344650e-003 
2.5081437826156616e-001 4.7356333583593369e-002 9.8410006612539291e-003 
2.5523698329925537e-001 4.8376999795436859e-002 9.8419999703764915e-003 
2.5721347332000732e-001 4.8379499465227127e-002 9.7119994461536407e-003 
2.6018267869949341e-001 5.0336670130491257e-002 9.6690002828836441e-003 
2.7077966928482056e-001 5.3360998630523682e-002 9.7630005329847336e-003 
2.7347001433372498e-001 5.4313998669385910e-002 9.8519995808601379e-003 
3.2346001267433167e-001 6.3391000032424927e-002 9.9349999800324440e-003 
3.3936700224876404e-001 7.0320002734661102e-002 9.9769998341798782e-003 
3.4376502037048340e-001 7.0326000452041626e-002 9.7219999879598618e-003 
3.5269001126289368e-001 7.1319997310638428e-002 9.7470004111528397e-003 
3.4229367971420288e-001 7.2339333593845367e-002 9.8073333501815796e-003 
2.9423201084136963e-001 7.4257001280784607e-002 9.8764998838305473e-003 
3.3687400817871094e-001 7.4323996901512146e-002 9.9700000137090683e-003 
3.4124749898910522e-001 7.4330002069473267e-002 9.7150001674890518e-003 
1.9217300415039063e-001 7.7048003673553467e-002 9.8879998549818993e-003 
2.8621301054954529e-001 7.7195003628730774e-002 9.8649999126791954e-003 
3.4473699331283569e-001 7.7286496758460999e-002 9.7244996577501297e-003 
2.8829401731491089e-001 7.8244499862194061e-002 9.6070002764463425e-003 
2.8981301188468933e-001 7.9259000718593597e-002 9.8700001835823059e-003 
2.9370599985122681e-001 7.9264000058174133e-002 9.6140000969171524e-003 
2.9117849469184875e-001 8.0274000763893127e-002 9.6110003069043159e-003 
2.8910499811172485e-001 8.2226000726222992e-002 9.6079995855689049e-003 
3.0213499069213867e-001 8.2245998084545135e-002 9.6279997378587723e-003 
2.7795299887657166e-001 8.4233999252319336e-002 9.8559996113181114e-003 
2.7831333875656128e-001 8.7196998298168182e-002 9.7690001130104065e-003 
2.8011199831962585e-001 8.7199002504348755e-002 9.5969997346401215e-003 
3.0102300643920898e-001 8.7232999503612518e-002 9.8879998549818993e-003 
3.0721569061279297e-001 8.8253997266292572e-002 9.8993349820375443e-003 
2.4872550368309021e-001 9.5084503293037415e-002 9.7105000168085098e-003 
2.3872950673103333e-001 1.1601249873638153e-001 9.8430002108216286e-003 
2.3285999894142151e-001 1.2792550027370453e-001 9.8449997603893280e-003 
2.2923049330711365e-001 4.1359998285770416e-002 1.0373500175774097e-002 
2.3975768685340881e-001 4.6329330652952194e-002 1.0105000808835030e-002 
2.4423800408840179e-001 4.6337001025676727e-002 1.0364999994635582e-002 
2.4912050366401672e-001 4.7355499118566513e-002 1.0233500041067600e-002 
2.5227901339530945e-001 4.9367666244506836e-002 1.0189667344093323e-002 
2.6342800259590149e-001 5.2363000810146332e-002 1.0106000117957592e-002 
2.6477700471878052e-001 5.3353499621152878e-002 1.0236000642180443e-002 
2.6674699783325195e-001 5.3355999290943146e-002 1.0107000358402729e-002 
3.3787798881530762e-001 6.9378502666950226e-002 1.0239500552415848e-002 
3.4917750954627991e-001 6.9394998252391815e-002 1.0006000287830830e-002 
3.3487099409103394e-001 7.0315003395080566e-002 1.0495999827980995e-002 
3.3382600545883179e-001 7.2328999638557434e-002 1.0493000037968159e-002 
3.4550398588180542e-001 7.2346001863479614e-002 1.0262999683618546e-002 
3.4917750954627991e-001 7.2351001203060150e-002 1.0006000287830830e-002 
1.8140800297260284e-001 7.3043003678321838e-002 1.0449999943375587e-002 
2.9160100221633911e-001 7.5254000723361969e-002 1.0134000331163406e-002 
3.3720800280570984e-001 7.7276669442653656e-002 1.0237334296107292e-002 
2.8135600686073303e-001 8.1254996359348297e-002 1.0119999758899212e-002 
2.7830535173416138e-001 8.2211002707481384e-002 1.0203333571553230e-002 
2.7418434619903564e-001 8.6182340979576111e-002 1.0199666954576969e-002 
2.4759100377559662e-001 1.0303399711847305e-001 1.0363999754190445e-002 
2.4312800168991089e-001 1.1113400012254715e-001 1.0103999637067318e-002 
2.2976899147033691e-001 1.3283050060272217e-001 1.0241500101983547e-002 
2.2710199654102325e-001 1.3988700509071350e-001 1.0374999605119228e-002 
2.2271449863910675e-001 1.5181151032447815e-001 1.0247999802231789e-002 
2.2170567512512207e-001 1.6568002104759216e-001 1.0381000116467476e-002 
2.3076599836349487e-001 3.9365001022815704e-002 1.0896000079810619e-002 
2.4561700224876404e-001 4.7350998967885971e-002 1.0625000111758709e-002 
2.4780634045600891e-001 4.8369333148002625e-002 1.0885000228881836e-002 
2.5447499752044678e-001 5.1341000944375992e-002 1.0882999747991562e-002 
2.5734999775886536e-001 5.2356000989675522e-002 1.0883999988436699e-002 
2.6138600707054138e-001 5.3350500762462616e-002 1.0883999988436699e-002 
2.7534151077270508e-001 5.6365497410297394e-002 1.0893000289797783e-002 
3.3720749616622925e-001 7.2334997355937958e-002 1.0768500156700611e-002 
2.8761801123619080e-001 7.3210000991821289e-002 1.0648000054061413e-002 
3.2980999350547791e-001 7.3275998234748840e-002 1.0745000094175339e-002 
3.4013098478317261e-001 7.3291495442390442e-002 1.0512500070035458e-002 
1.8721699714660645e-001 7.4093997478485107e-002 1.0976999998092651e-002 
2.8286051750183105e-001 7.4242502450942993e-002 1.0771499946713448e-002 
3.2539999485015869e-001 7.5309000909328461e-002 1.0731999762356281e-002 
3.3340102434158325e-001 7.5322002172470093e-002 1.0756500065326691e-002 
2.9932901263237000e-001 7.9277001321315765e-002 1.0668000206351280e-002 
3.0222800374031067e-001 8.0296002328395844e-002 1.0673999786376953e-002 
2.7579200267791748e-001 8.2208663225173950e-002 1.0634000413119793e-002 
2.6926147937774658e-001 8.5217498242855072e-002 1.0758500546216965e-002 
2.5275248289108276e-001 8.9161500334739685e-002 1.0623999871313572e-002 
2.5087499618530273e-001 9.0111002326011658e-002 1.0883999988436699e-002 
2.4860250949859619e-001 9.3048997223377228e-002 1.0623999871313572e-002 
2.4690300226211548e-001 9.7157999873161316e-002 1.0885000228881836e-002 
2.4518349766731262e-001 1.0303200036287308e-001 1.0885999538004398e-002 
2.3460900783538818e-001 1.2289249897003174e-001 1.0762000456452370e-002 
2.3232899606227875e-001 1.2596200406551361e-001 1.0894999839365482e-002 
2.3101300001144409e-001 1.3088199496269226e-001 1.0634000413119793e-002 
2.2916899621486664e-001 1.3488900661468506e-001 1.0635999962687492e-002 
2.2211499512195587e-001 1.5875799953937531e-001 1.0644000023603439e-002 
2.2876900434494019e-001 3.9362497627735138e-002 1.1160000227391720e-002 
2.4121350049972534e-001 4.7346502542495728e-002 1.1148000136017799e-002 
2.4232399463653564e-001 4.9357000738382339e-002 1.1407000012695789e-002 
2.4629700183868408e-001 5.0321001559495926e-002 1.1274999938905239e-002 
2.5027400255203247e-001 5.1336999982595444e-002 1.1402999982237816e-002 
2.5969168543815613e-001 5.3348999470472336e-002 1.1143000796437263e-002 
2.7873498201370239e-001 5.7360500097274780e-002 1.1155500076711178e-002 
3.3274298906326294e-001 6.8390503525733948e-002 1.1282499879598618e-002 
3.2522898912429810e-001 7.0303000509738922e-002 1.1257499456405640e-002 
3.2345798611640930e-001 7.1280002593994141e-002 1.1251999996602535e-002 
3.1823432445526123e-001 7.4300996959209442e-002 1.1497333645820618e-002 
3.2178550958633423e-001 7.4305497109889984e-002 1.1246500536799431e-002 
1.9008199870586395e-001 7.5098998844623566e-002 1.1238999664783478e-002 
3.1993201375007629e-001 7.5301997363567352e-002 1.1241000145673752e-002 
3.3014398813247681e-001 7.5317502021789551e-002 1.1009999550879002e-002 
1.9351600110530853e-001 7.7056996524333954e-002 1.1497000232338905e-002 
2.6783350110054016e-001 8.2198001444339752e-002 1.1145999655127525e-002 
2.6336848735809326e-001 8.4216997027397156e-002 1.1402999982237816e-002 
2.6640349626541138e-001 8.5215002298355103e-002 1.1145500466227531e-002 
2.2471499443054199e-001 1.4475250244140625e-001 1.1297000572085381e-002 
2.2211199998855591e-001 1.5478050708770752e-001 1.1300999671220779e-002 
2.4821834266185760e-001 5.1334671676158905e-002 1.1663000099360943e-002 
2.5389701128005981e-001 5.3343001753091812e-002 1.1919000186026096e-002 
2.7024865150451660e-001 5.6360334157943726e-002 1.1664999648928642e-002 
3.2221299409866333e-001 6.4407996833324432e-002 1.1509999632835388e-002 
3.3052900433540344e-001 6.7380003631114960e-002 1.1537999846041203e-002 
3.1884598731994629e-001 6.9354504346847534e-002 1.1760500259697437e-002 
3.1681901216506958e-001 7.0292003452777863e-002 1.1753999628126621e-002 
3.2846298813819885e-001 7.2324000298976898e-002 1.1531000025570393e-002 
3.2519000768661499e-001 7.3271997272968292e-002 1.1519500054419041e-002 
3.0928397178649902e-001 7.4289001524448395e-002 1.1992000043392181e-002 
2.8327101469039917e-001 7.8245669603347778e-002 1.1935999616980553e-002 
2.8219968080520630e-001 8.0269001424312592e-002 1.1934666894376278e-002 
2.8077167272567749e-001 8.1261336803436279e-002 1.1933000758290291e-002 
2.5988799333572388e-001 8.4211997687816620e-002 1.1660999618470669e-002 
2.3317499458789825e-001 1.2393800169229507e-001 1.1936999857425690e-002 
2.3113000392913818e-001 1.2893399596214294e-001 1.1679000221192837e-002 
2.2300300002098083e-001 1.4883199334144592e-001 1.1691999621689320e-002 
2.1968600153923035e-001 1.6872599720954895e-001 1.1959999799728394e-002 
2.5033551454544067e-001 5.3339000791311264e-002 1.2436999939382076e-002 
3.1473550200462341e-001 6.5392501652240753e-002 1.2268000282347202e-002 
3.1970000267028809e-001 6.5400496125221252e-002 1.2284999713301659e-002 
3.2473999261856079e-001 6.6365003585815430e-002 1.2041999958455563e-002 
3.1126150488853455e-001 6.8360500037670135e-002 1.2257000431418419e-002 
3.2288151979446411e-001 6.8378001451492310e-002 1.2035500258207321e-002 
3.1098800897598267e-001 7.0284999907016754e-002 1.2256000190973282e-002 
3.1430801749229431e-001 7.1268334984779358e-002 1.2006666511297226e-002 
1.8035051226615906e-001 7.2095997631549835e-002 1.2347499839961529e-002 
3.2001200318336487e-001 7.2313003242015839e-002 1.2024999596178532e-002 
3.1372800469398499e-001 7.3256999254226685e-002 1.2264667078852654e-002 
3.1162649393081665e-001 7.4293501675128937e-002 1.2258499860763550e-002 
2.8272733092308044e-001 7.6241672039031982e-002 1.2192999944090843e-002 
1.9520600140094757e-001 7.9118996858596802e-002 1.2025999836623669e-002 
1.9729098677635193e-001 8.1131502985954285e-002 1.2151500210165977e-002 
2.5419101119041443e-001 8.4206663072109222e-002 1.2435000389814377e-002 
2.5239899754524231e-001 8.7167002260684967e-002 1.2435999698936939e-002 
2.4717099964618683e-001 9.5091000199317932e-002 1.2180999852716923e-002 
2.3411700129508972e-001 1.2096899747848511e-001 1.2195000424981117e-002 
2.2559049725532532e-001 1.3989248871803284e-001 1.2339999899268150e-002 
2.2113999724388123e-001 1.5579700469970703e-001 1.2349499389529228e-002 
2.5831949710845947e-001 5.5293001234531403e-002 1.2819499708712101e-002 
2.6081800460815430e-001 5.5296998471021652e-002 1.2862334027886391e-002 
3.1522250175476074e-001 6.3389003276824951e-002 1.2788499705493450e-002 
3.0548599362373352e-001 6.4387001097202301e-002 1.2756999582052231e-002 
3.1727248430252075e-001 6.4404003322124481e-002 1.2536499649286270e-002 
3.0775099992752075e-001 6.5383501350879669e-002 1.2764000333845615e-002 
3.1131467223167419e-001 6.5388336777687073e-002 1.2602999806404114e-002 
3.1331235170364380e-001 6.7357666790485382e-002 1.2695668265223503e-002 
2.9960098862648010e-001 6.8345002830028534e-002 1.2998499907553196e-002 
3.1644600629806519e-001 6.8369999527931213e-002 1.2533999979496002e-002 
3.0088099837303162e-001 7.0271000266075134e-002 1.2744500301778316e-002 
3.0768600106239319e-001 7.0280335843563080e-002 1.2505332939326763e-002 
1.9163300096988678e-001 7.1079999208450317e-002 1.2837000191211700e-002 
2.7434301376342773e-001 7.1208998560905457e-002 1.2954000383615494e-002 
3.0720651149749756e-001 7.2296001017093658e-002 1.2762499973177910e-002 
3.1068649888038635e-001 7.2300501167774200e-002 1.2514499947428703e-002 
2.7879402041435242e-001 7.3204003274440765e-002 1.2702001258730888e-002 
3.0575752258300781e-001 7.3246002197265625e-002 1.2757999822497368e-002 
2.8066301345825195e-001 7.4247002601623535e-002 1.2703999876976013e-002 
2.7772602438926697e-001 7.7193006873130798e-002 1.2700667604804039e-002 
2.7959501743316650e-001 7.8243002295494080e-002 1.2702999636530876e-002 
2.7523300051689148e-001 8.1256002187728882e-002 1.2826000340282917e-002 
2.5457298755645752e-001 8.6162000894546509e-002 1.2949000112712383e-002 
2.4452400207519531e-001 1.0509199649095535e-001 1.2957000173628330e-002 
2.3638099431991577e-001 1.1191699653863907e-001 1.2968000024557114e-002 
2.3565399646759033e-001 1.1399500072002411e-001 1.2969000265002251e-002 
2.2351400554180145e-001 1.4475700259208679e-001 1.2734999880194664e-002 
2.2165900468826294e-001 1.5080499649047852e-001 1.2738999910652637e-002 
2.2054399549961090e-001 1.5876400470733643e-001 1.2741999700665474e-002 
2.4312199652194977e-001 5.2344001829624176e-002 1.3473000377416611e-002 
2.4526399374008179e-001 5.3334336727857590e-002 1.3213000260293484e-002 
3.0924934148788452e-001 6.2370002269744873e-002 1.3198666274547577e-002 
3.1327301263809204e-001 6.2375999987125397e-002 1.3040999881923199e-002 
3.0083999037742615e-001 6.4381003379821777e-002 1.3259000144898891e-002 
2.9644000530242920e-001 6.7332997918128967e-002 1.3247000053524971e-002 
3.0917650461196899e-001 6.7352503538131714e-002 1.3026500120759010e-002 
3.0273032188415527e-001 6.8351000547409058e-002 1.3264333829283714e-002 
3.0672800540924072e-001 6.8356335163116455e-002 1.3019001111388206e-002 
2.6776736974716187e-001 7.0220999419689178e-002 1.3290333561599255e-002 
3.0410599708557129e-001 7.2292000055313110e-002 1.3011000119149685e-002 
2.6047199964523315e-001 7.3177002370357513e-002 1.3203999958932400e-002 
1.8964049220085144e-001 7.4106499552726746e-002 1.3244000263512135e-002 
2.6181149482727051e-001 7.5219497084617615e-002 1.3332000002264977e-002 
2.6759201288223267e-001 8.2207001745700836e-002 1.3461000286042690e-002 
2.6510399580001831e-001 8.3213999867439270e-002 1.3460000045597553e-002 
2.4204100668430328e-001 1.0204300284385681e-001 1.3473999686539173e-002 
2.4093599617481232e-001 1.0409200191497803e-001 1.3218999840319157e-002 
2.3948900401592255e-001 1.0706199705600739e-001 1.3221000321209431e-002 
2.4274100363254547e-001 1.0808599740266800e-001 1.3216000050306320e-002 
2.4003200232982635e-001 1.1114099621772766e-001 1.3220000080764294e-002 
2.3267450928688049e-001 1.1998499929904938e-001 1.3233000412583351e-002 
2.3139600455760956e-001 1.2191250175237656e-001 1.3235500082373619e-002 
2.2947399318218231e-001 1.2596699595451355e-001 1.3240000233054161e-002 
2.2662699222564697e-001 1.3283699750900269e-001 1.3246499933302402e-002 
2.2033849358558655e-001 1.4979399740695953e-001 1.3262500055134296e-002 
2.1209850907325745e-001 1.6666999459266663e-001 1.3287999667227268e-002 
2.1105900406837463e-001 1.6871699690818787e-001 1.3291000388562679e-002 
2.1477499604225159e-001 4.6303499490022659e-002 1.3539500534534454e-002 
3.0070835351943970e-001 6.2359001487493515e-002 1.3771667145192623e-002 
3.0758300423622131e-001 6.2369000166654587e-002 1.3536999933421612e-002 
2.9318699240684509e-001 6.3358001410961151e-002 1.3752000406384468e-002 
2.8818199038505554e-001 6.5357998013496399e-002 1.3996000401675701e-002 
2.9086700081825256e-001 6.5361000597476959e-002 1.3747000135481358e-002 
2.9570600390434265e-001 6.5367668867111206e-002 1.3501999899744987e-002 
3.0072900652885437e-001 6.6333338618278503e-002 1.3515666127204895e-002 
2.9381197690963745e-001 6.9323003292083740e-002 1.3753499835729599e-002 
2.6164400577545166e-001 7.0212997496128082e-002 1.3714999891817570e-002 
2.6600098609924316e-001 7.0220999419689178e-002 1.3970999978482723e-002 
2.8374600410461426e-001 7.0248000323772430e-002 1.3732999563217163e-002 
2.8872799873352051e-001 7.0255666971206665e-002 1.3741999864578247e-002 
2.7947801351547241e-001 7.2256997227668762e-002 1.3981999829411507e-002 
2.9785600304603577e-001 7.2283998131752014e-002 1.3508000411093235e-002 
2.7380332350730896e-001 7.3201000690460205e-002 1.3975000008940697e-002 
2.7531301975250244e-001 7.5241997838020325e-002 1.3721999712288380e-002 
1.9328700006008148e-001 7.6107002794742584e-002 1.3625499792397022e-002 
2.7433699369430542e-001 7.7192001044750214e-002 1.3721000403165817e-002 
2.6262798905372620e-001 8.0246001482009888e-002 1.3969999738037586e-002 
2.6564198732376099e-001 8.0250002443790436e-002 1.3716000132262707e-002 
2.7123248577117920e-001 8.0260001122951508e-002 1.3972999528050423e-002 
2.5139498710632324e-001 8.4206998348236084e-002 1.3720000162720680e-002 
2.5960698723793030e-001 8.4220997989177704e-002 1.3970999978482723e-002 
2.6315501332283020e-001 8.4225997328758240e-002 1.3714999891817570e-002 
2.4404299259185791e-001 1.0109800100326538e-001 1.3728000223636627e-002 
2.2748599946498871e-001 1.3088800013065338e-001 1.3503000140190125e-002 
2.2343300282955170e-001 1.3989399373531342e-001 1.3513999991118908e-002 
2.2232300043106079e-001 1.4289499819278717e-001 1.3516999781131744e-002 
1.7213399708271027e-001 1.4572399854660034e-001 1.3736000284552574e-002 
2.1935300529003143e-001 1.5478500723838806e-001 1.3524999842047691e-002 
2.1883200109004974e-001 1.5679399669170380e-001 1.3786000199615955e-002 
2.1640700101852417e-001 1.6172899305820465e-001 1.3794000260531902e-002 
2.1919167041778564e-001 1.6173300147056580e-001 1.3698666356503963e-002 
2.1472233533859253e-001 1.6373133659362793e-001 1.3800000771880150e-002 
2.1637350320816040e-001 4.7319501638412476e-002 1.4183500781655312e-002 
2.9862549901008606e-001 6.2356501817703247e-002 1.4022000133991241e-002 
2.7716401219367981e-001 6.3335999846458435e-002 1.4488000422716141e-002 
2.9656600952148438e-001 6.3363999128341675e-002 1.4015999622642994e-002 
2.8194800019264221e-001 6.4355999231338501e-002 1.4494000002741814e-002 
2.7459651231765747e-001 6.5338000655174255e-002 1.4484999701380730e-002 
2.7893498539924622e-001 6.5344996750354767e-002 1.4489999972283840e-002 
2.8426167368888855e-001 6.5352670848369598e-002 1.4243667945265770e-002 
2.8372067213058472e-001 6.7318335175514221e-002 1.4496999792754650e-002 
2.8888198733329773e-001 6.7325003445148468e-002 1.4252999797463417e-002 
2.7282649278640747e-001 6.8309001624584198e-002 1.4483000151813030e-002 
2.9219001531600952e-001 6.8337500095367432e-002 1.4004999771714211e-002 
2.5997900962829590e-001 6.9273002445697784e-002 1.4480000361800194e-002 
2.8177031874656677e-001 6.9306999444961548e-002 1.4494000002741814e-002 
2.8665947914123535e-001 6.9314002990722656e-002 1.4248000457882881e-002 
2.7973848581314087e-001 7.0243500173091888e-002 1.4236500486731529e-002 
2.6928400993347168e-001 7.2241999208927155e-002 1.4227000065147877e-002 
1.9212299585342407e-001 7.4114002287387848e-002 1.4158999547362328e-002 
1.9609899818897247e-001 7.7072001993656158e-002 1.4402000233530998e-002 
2.7070152759552002e-001 7.8235000371932983e-002 1.4227500185370445e-002 
2.5687000155448914e-001 8.0238997936248779e-002 1.4480999670922756e-002 
2.5979301333427429e-001 8.0243006348609924e-002 1.4225667342543602e-002 
2.5322103500366211e-001 8.3199337124824524e-002 1.4484001323580742e-002 
2.4677300453186035e-001 9.2107340693473816e-002 1.4236001297831535e-002 
2.4515900015830994e-001 9.5095999538898468e-002 1.4237999916076660e-002 
1.7168650031089783e-001 1.4776599407196045e-001 1.4008499681949615e-002 
1.7168650031089783e-001 1.4972099661827087e-001 1.4008499681949615e-002 
1.7130500078201294e-001 1.5572600066661835e-001 1.4145499095320702e-002 
2.1635350584983826e-001 1.6773599386215210e-001 1.4054000377655029e-002 
2.1353299915790558e-001 4.7315999865531921e-002 1.4582999981939793e-002 
2.6840448379516602e-001 6.1353001743555069e-002 1.4987999573349953e-002 
2.7927899360656738e-001 6.2330000102519989e-002 1.4998000115156174e-002 
2.8548499941825867e-001 6.2339000403881073e-002 1.4754000119864941e-002 
2.8851398825645447e-001 6.2343001365661621e-002 1.4506000094115734e-002 
2.6601698994636536e-001 6.5327003598213196e-002 1.4987000264227390e-002 
2.6822751760482788e-001 6.5329998731613159e-002 1.4987999573349953e-002 
2.7008399367332458e-001 6.6289998590946198e-002 1.4735000208020210e-002 
2.8211700916290283e-001 6.6308997571468353e-002 1.4747999608516693e-002 
2.8576099872589111e-001 6.7321501672267914e-002 1.4500999823212624e-002 
2.8025752305984497e-001 6.8321496248245239e-002 1.4745499938726425e-002 
2.5324702262878418e-001 7.9221665859222412e-002 1.4992667362093925e-002 
2.5519499182701111e-001 7.9224005341529846e-002 1.4821666292846203e-002 
2.5225400924682617e-001 8.1227496266365051e-002 1.4739000238478184e-002 
1.9989100098609924e-001 8.4131002426147461e-002 1.4906999655067921e-002 
2.4931065738201141e-001 8.8182002305984497e-002 1.4743000268936157e-002 
2.0118799805641174e-001 8.9096002280712128e-002 1.4639000408351421e-002 
2.4752399325370789e-001 9.0121001005172729e-002 1.4744999818503857e-002 
1.7339700460433960e-001 1.4179299771785736e-001 1.4534999616444111e-002 
2.1878099441528320e-001 5.0294000655412674e-002 1.5336500480771065e-002 
2.6054298877716064e-001 6.0348000377416611e-002 1.5494000166654587e-002 
2.6628547906875610e-001 6.1351001262664795e-002 1.5240999870002270e-002 
2.7326464653015137e-001 6.2322668731212616e-002 1.5497000887989998e-002 
2.8264099359512329e-001 6.2334999442100525e-002 1.5003000386059284e-002 
2.6036599278450012e-001 6.4327001571655273e-002 1.5494000166654587e-002 
2.6389798521995544e-001 6.5324001014232635e-002 1.5239999629557133e-002 
2.7317750453948975e-001 6.6297002136707306e-002 1.5243999660015106e-002 
2.6876249909400940e-001 6.7299000918865204e-002 1.5494000166654587e-002 
2.5725600123405457e-001 6.9271497428417206e-002 1.5243000350892544e-002 
2.6725798845291138e-001 6.9287002086639404e-002 1.5240999870002270e-002 
1.8223899602890015e-001 7.1073003113269806e-002 1.5010500326752663e-002 
2.5698998570442200e-001 7.1190997958183289e-002 1.5243000350892544e-002 
2.7096998691558838e-001 7.1213997900485992e-002 1.5495000407099724e-002 
2.5867450237274170e-001 7.2229497134685516e-002 1.5242000110447407e-002 
1.9372765719890594e-001 7.5120337307453156e-002 1.5203000977635384e-002 
2.5477647781372070e-001 7.5216501951217651e-002 1.5371499583125114e-002 
1.9748300313949585e-001 7.7077999711036682e-002 1.5443000011146069e-002 
1.9787000119686127e-001 7.9136997461318970e-002 1.5440000221133232e-002 
2.0025749504566193e-001 8.2108497619628906e-002 1.5296500176191330e-002 
2.3750899732112885e-001 1.0508999973535538e-001 1.5274000354111195e-002 
2.3606500029563904e-001 1.0808400064706802e-001 1.5278000384569168e-002 
2.3350399732589722e-001 1.1797600239515305e-001 1.5029000118374825e-002 
2.3205099999904633e-001 1.2097699940204620e-001 1.5033000148832798e-002 
2.3068648576736450e-001 1.2394600361585617e-001 1.5037500299513340e-002 
2.2913700342178345e-001 1.2700900435447693e-001 1.5042000450193882e-002 
2.2660900652408600e-001 1.3284499943256378e-001 1.5306999906897545e-002 
2.2459299862384796e-001 1.3691000640392303e-001 1.5313999727368355e-002 
1.7195400595664978e-001 1.5175199508666992e-001 1.5350000001490116e-002 
1.7146199941635132e-001 1.5768499672412872e-001 1.5084999613463879e-002 
1.7188000679016113e-001 1.6070500016212463e-001 1.5081999823451042e-002 
2.1145099401473999e-001 4.8330999910831451e-002 1.5627000480890274e-002 
2.5630199909210205e-001 6.1337001621723175e-002 1.5750000253319740e-002 
2.7114599943161011e-001 6.2320001423358917e-002 1.5747999772429466e-002 
2.5683298707008362e-001 6.3308998942375183e-002 1.5749000012874603e-002 
1.9865250587463379e-001 6.4231999218463898e-002 1.5956498682498932e-002 
2.6126533746719360e-001 6.9280669093132019e-002 1.5999000519514084e-002 
1.8438100814819336e-001 7.1078501641750336e-002 1.5526000410318375e-002 
2.6709100604057312e-001 7.1209996938705444e-002 1.5998000279068947e-002 
1.9565099477767944e-001 7.5125999748706818e-002 1.5976000577211380e-002 
2.6435101032257080e-001 7.7183999121189117e-002 1.5745999291539192e-002 
2.6337900757789612e-001 7.9240001738071442e-002 1.5745999291539192e-002 
2.5159102678298950e-001 8.5208997130393982e-002 1.5628499910235405e-002 
2.4848300218582153e-001 8.6163997650146484e-002 1.5759000554680824e-002 
1.9932800531387329e-001 9.9036999046802521e-002 1.5953000634908676e-002 
2.3845799267292023e-001 1.0204699635505676e-001 1.5781000256538391e-002 
2.4113099277019501e-001 1.0204999893903732e-001 1.5519999898970127e-002 
2.3485100269317627e-001 1.1006499826908112e-001 1.5791000798344612e-002 
2.3355799913406372e-001 1.1400199681520462e-001 1.5540000051259995e-002 
2.3240700364112854e-001 1.1602549999952316e-001 1.5798000618815422e-002 
1.8932099640369415e-001 1.1790999770164490e-001 1.5755999833345413e-002 
2.2840750217437744e-001 1.2491299957036972e-001 1.5811499208211899e-002 
2.2557500004768372e-001 1.3089400529861450e-001 1.5822000801563263e-002 
1.7725799977779388e-001 1.3683800399303436e-001 1.5842000022530556e-002 
2.2216150164604187e-001 1.4187449216842651e-001 1.5707500278949738e-002 
2.1817000210285187e-001 1.5680000185966492e-001 1.5595999546349049e-002 
2.1560700237751007e-001 1.6280999779701233e-001 1.5863999724388123e-002 
2.4904899299144745e-001 5.9277001768350601e-002 1.6264000907540321e-002 
2.5489500164985657e-001 5.9284999966621399e-002 1.6003999859094620e-002 
2.6215499639511108e-001 5.9296999126672745e-002 1.6250999644398689e-002 
2.5241100788116455e-001 6.0338001698255539e-002 1.6006000339984894e-002 
2.4993799626827240e-001 6.1328999698162079e-002 1.6263000667095184e-002 
2.6074302196502686e-001 6.2306001782417297e-002 1.6251001507043839e-002 
2.6303800940513611e-001 6.2309999018907547e-002 1.6249999403953552e-002 
2.5038248300552368e-001 6.4314000308513641e-002 1.6262000426650047e-002 
2.4931600689888000e-001 6.6263496875762939e-002 1.6263499855995178e-002 
2.5286799669265747e-001 6.7276999354362488e-002 1.6257999464869499e-002 
2.5472134351730347e-001 6.7279003560543060e-002 1.6088001430034637e-002 
1.9521999359130859e-001 6.9178000092506409e-002 1.6239000484347343e-002 
1.8859000504016876e-001 7.2122998535633087e-002 1.6023000702261925e-002 
2.5472900271415710e-001 7.8217670321464539e-002 1.6256000846624374e-002 
2.5667703151702881e-001 7.9231999814510345e-002 1.6254000365734100e-002 
2.5949800014495850e-001 7.9235002398490906e-002 1.6000000759959221e-002 
2.0187599956989288e-001 8.8113002479076385e-002 1.6196999698877335e-002 
2.3034800589084625e-001 1.1999200284481049e-001 1.6060000285506248e-002 
2.2688800096511841e-001 1.2700900435447693e-001 1.6071999445557594e-002 
2.2436000406742096e-001 1.3284499943256378e-001 1.6336999833583832e-002 
2.2268567979335785e-001 1.3591501116752625e-001 1.6173999756574631e-002 
1.7548300325870514e-001 1.4082999527454376e-001 1.6122000291943550e-002 
1.7452399432659149e-001 1.4973400533199310e-001 1.6395999118685722e-002 
2.1230100095272064e-001 1.6568800806999207e-001 1.6223667189478874e-002 
2.5280603766441345e-001 5.8290999382734299e-002 1.6761999577283859e-002 
2.4231134355068207e-001 6.0324665158987045e-002 1.6783334314823151e-002 
2.5863200426101685e-001 6.3313998281955719e-002 1.6504000872373581e-002 
2.4159599840641022e-001 6.5296001732349396e-002 1.6784999519586563e-002 
2.4782000482082367e-001 6.5304338932037354e-002 1.6518667340278625e-002 
2.4525600671768188e-001 6.6258996725082397e-002 1.6775999218225479e-002 
2.4801500141620636e-001 6.7271001636981964e-002 1.6769999638199806e-002 
2.5119635462760925e-001 6.7275002598762512e-002 1.6512665897607803e-002 
2.5111448764801025e-001 8.3204500377178192e-002 1.6638999804854393e-002 
2.0183500647544861e-001 8.4141999483108521e-002 1.6973000019788742e-002 
2.0324100553989410e-001 8.9108005166053772e-002 1.6834499314427376e-002 
2.3296999931335449e-001 1.0605099797248840e-001 1.6812000423669815e-002 
2.3324050009250641e-001 1.1006599664688110e-001 1.6811000183224678e-002 
1.8758399784564972e-001 1.2185800075531006e-001 1.6815999522805214e-002 
1.8519799411296844e-001 1.2787799537181854e-001 1.6835000365972519e-002 
1.8118700385093689e-001 1.3278000056743622e-001 1.6868000850081444e-002 
2.1974399685859680e-001 1.4187499880790710e-001 1.6868500038981438e-002 
2.1863651275634766e-001 1.4476500451564789e-001 1.6873501241207123e-002 
2.1665500104427338e-001 1.5680100023746490e-001 1.6628000885248184e-002 
1.7572650313377380e-001 1.5769700706005096e-001 1.6650501638650894e-002 
1.7397700250148773e-001 1.6071400046348572e-001 1.6666000708937645e-002 
2.5069302320480347e-001 5.8288663625717163e-002 1.7016999423503876e-002 
2.4019369482994080e-001 6.0322668403387070e-002 1.7125334590673447e-002 
2.5299599766731262e-001 6.2297001481056213e-002 1.7013000324368477e-002 
2.3734200000762939e-001 6.5291002392768860e-002 1.7302000895142555e-002 
2.4011950194835663e-001 6.6252999007701874e-002 1.7293501645326614e-002 
2.5715500116348267e-001 7.0219501852989197e-002 1.7133500427007675e-002 
2.5521799921989441e-001 7.4224501848220825e-002 1.7261000350117683e-002 
1.9901099801063538e-001 7.7087000012397766e-002 1.7249999567866325e-002 
2.5264200568199158e-001 8.0242000520229340e-002 1.7014000564813614e-002 
2.4074499309062958e-001 9.6165001392364502e-002 1.7291000112891197e-002 
2.3328100144863129e-001 1.0409499704837799e-001 1.7190000042319298e-002 
1.8612000346183777e-001 1.2591500580310822e-001 1.7350999638438225e-002 
1.7916300892829895e-001 1.3684651255607605e-001 1.7280500382184982e-002 
1.7576499283313751e-001 1.4469900727272034e-001 1.7178999260067940e-002 
1.7726600170135498e-001 1.4574599266052246e-001 1.7428999766707420e-002 
2.1674600243568420e-001 1.4884333312511444e-001 1.7224002629518509e-002 
1.7432700097560883e-001 1.5176199376583099e-001 1.7193000763654709e-002 
2.1389499306678772e-001 1.5479099750518799e-001 1.7410499975085258e-002 
2.1137699484825134e-001 1.6077500581741333e-001 1.7425000667572021e-002 
2.1030399203300476e-001 1.6280700266361237e-001 1.7175499349832535e-002 
2.0945900678634644e-001 1.6473799943923950e-001 1.7180999740958214e-002 
2.3987300693988800e-001 5.6336000561714172e-002 1.7545999959111214e-002 
2.4451099336147308e-001 5.8281000703573227e-002 1.7532000318169594e-002 
2.3685200512409210e-001 5.9264000505208969e-002 1.7806999385356903e-002 
2.4459999799728394e-001 6.2285497784614563e-002 1.7532000318169594e-002 
2.4122349917888641e-001 6.3291497528553009e-002 1.7666999250650406e-002 
2.3289799690246582e-001 6.5286003053188324e-002 1.7821999266743660e-002 
1.9617199897766113e-001 7.4133001267910004e-002 1.7529999837279320e-002 
1.9733099639415741e-001 7.6128996908664703e-002 1.7520999535918236e-002 
2.4630700051784515e-001 8.5208997130393982e-002 1.7779000103473663e-002 
2.4824166297912598e-001 8.6170002818107605e-002 1.7523668706417084e-002 
2.4478700757026672e-001 8.8186502456665039e-002 1.7657000571489334e-002 
2.4220132827758789e-001 9.3065999448299408e-002 1.7622334882616997e-002 
2.0327100157737732e-001 9.4046503305435181e-002 1.7991499975323677e-002 
2.0374569296836853e-001 9.6109330654144287e-002 1.7988335341215134e-002 
2.0232000946998596e-001 1.0006000101566315e-001 1.7998501658439636e-002 
2.0024833083152771e-001 1.0104434192180634e-001 1.7671335488557816e-002 
2.3559600114822388e-001 1.0109999775886536e-001 1.7812000587582588e-002 
1.9863501191139221e-001 1.0701549798250198e-001 1.7769500613212585e-002 
1.9539800286293030e-001 1.0903300344944000e-001 1.7535999417304993e-002 
1.9564600288867950e-001 1.1108999699354172e-001 1.7791999503970146e-002 
1.9384500384330750e-001 1.1186800152063370e-001 1.7548000440001488e-002 
1.9516199827194214e-001 1.1296500265598297e-001 1.7796501517295837e-002 
1.9189399480819702e-001 1.1596900224685669e-001 1.7564000561833382e-002 
1.9253799319267273e-001 1.1792299896478653e-001 1.7818000167608261e-002 
1.8993400037288666e-001 1.1993499845266342e-001 1.7580000683665276e-002 
1.8865449726581573e-001 1.2388999760150909e-001 1.7589999362826347e-002 
1.8218900263309479e-001 1.3484300673007965e-001 1.7647000029683113e-002 
1.8064500391483307e-001 1.3781300187110901e-001 1.7922999337315559e-002 
1.7723299562931061e-001 1.4181149005889893e-001 1.7692999914288521e-002 
1.7763999104499817e-001 1.4391699433326721e-001 1.7689000815153122e-002 
1.7674601078033447e-001 1.4974334836006165e-001 1.7785333096981049e-002 
2.1495799720287323e-001 1.5182800590991974e-001 1.7658999189734459e-002 
2.1365700662136078e-001 1.5978600084781647e-001 1.7666999250650406e-002 
1.7631399631500244e-001 1.6368600726127625e-001 1.7702000215649605e-002 
2.0573449134826660e-001 1.6667799651622772e-001 1.7974000424146652e-002 
2.2221800684928894e-001 4.7343667596578598e-002 1.8124999478459358e-002 
2.3121249675750732e-001 5.8262001723051071e-002 1.8081501126289368e-002 
2.2626267373561859e-001 6.1300002038478851e-002 1.8355999141931534e-002 
2.2922450304031372e-001 6.1303999274969101e-002 1.8090501427650452e-002 
2.3421066999435425e-001 6.2272336333990097e-002 1.8319999799132347e-002 
2.2526299953460693e-001 6.4282499253749847e-002 1.8361501395702362e-002 
2.4899800121784210e-001 7.0211000740528107e-002 1.8272999674081802e-002 
2.4687400460243225e-001 8.2193002104759216e-002 1.8278000876307487e-002 
2.0469450950622559e-001 8.5146501660346985e-002 1.8493000417947769e-002 
2.0429149270057678e-001 8.8125497102737427e-002 1.8368000164628029e-002 
2.4321499466896057e-001 9.0126998722553253e-002 1.8037501722574234e-002 
2.0554499328136444e-001 9.2059001326560974e-002 1.8487000837922096e-002 
2.3724299669265747e-001 1.0011534392833710e-001 1.8140666186809540e-002 
2.0074899494647980e-001 1.0504399985074997e-001 1.8267000094056129e-002 
2.3115000128746033e-001 1.1702699959278107e-001 1.8332999199628830e-002 
2.2969600558280945e-001 1.1999966949224472e-001 1.8255665898323059e-002 
2.2861999273300171e-001 1.2291199713945389e-001 1.8345000222325325e-002 
2.2659400105476379e-001 1.2701700627803802e-001 1.8102999776601791e-002 
2.2470051050186157e-001 1.3090200722217560e-001 1.8238499760627747e-002 
2.2214449942111969e-001 1.3592199981212616e-001 1.8252000212669373e-002 
2.2009100019931793e-001 5.1318001002073288e-002 1.8642999231815338e-002 
2.2223150730133057e-001 5.4267998784780502e-002 1.8882500007748604e-002 
2.2301800549030304e-001 5.6313000619411469e-002 1.8626000732183456e-002 
2.2521500289440155e-001 5.8255337178707123e-002 1.8697667866945267e-002 
2.1819999814033508e-001 6.1289999634027481e-002 1.8906500190496445e-002 
2.2186599671840668e-001 6.4278997480869293e-002 1.8884498625993729e-002 
2.4724499881267548e-001 6.9269001483917236e-002 1.8526000902056694e-002 
2.0099100470542908e-001 7.9153001308441162e-002 1.8521999940276146e-002 
2.0377199351787567e-001 8.2126498222351074e-002 1.8627500161528587e-002 
2.0601500570774078e-001 8.9120998978614807e-002 1.8992999568581581e-002 
1.9081500172615051e-001 1.2187100201845169e-001 1.8866999074816704e-002 
1.8846200406551361e-001 1.2592400610446930e-001 1.8889000639319420e-002 
2.1917399764060974e-001 1.4291000366210938e-001 1.8648000434041023e-002 
1.7848800122737885e-001 1.4471000432968140e-001 1.8990999087691307e-002 
1.7919600009918213e-001 1.4678299427032471e-001 1.8982999026775360e-002 
2.1707651019096375e-001 1.4684149622917175e-001 1.8787499517202377e-002 
2.0620299875736237e-001 1.6280800104141235e-001 1.8990999087691307e-002 
2.2080451250076294e-001 5.9243999421596527e-002 1.9142501056194305e-002 
2.1373066306114197e-001 6.0289666056632996e-002 1.9273335114121437e-002 
2.1171699464321136e-001 6.1281666159629822e-002 1.9456665962934494e-002 
2.2326867282390594e-001 6.2258332967758179e-002 1.9128000363707542e-002 
2.1431300044059753e-001 6.3256338238716125e-002 1.9437668845057487e-002 
2.1621251106262207e-001 6.3257999718189240e-002 1.9171999767422676e-002 
2.4180500209331512e-001 7.0203661918640137e-002 1.9290667027235031e-002 
2.4373733997344971e-001 7.0205673575401306e-002 1.9035000354051590e-002 
2.5371500849723816e-001 7.2236001491546631e-002 1.9009999930858612e-002 
2.0161700248718262e-001 7.7099502086639404e-002 1.9283499568700790e-002 
2.4107299745082855e-001 9.5108002424240112e-002 1.9044000655412674e-002 
2.2928166389465332e-001 1.0304000228643417e-001 1.9345000386238098e-002 
2.2675199806690216e-001 1.0605099797248840e-001 1.9359000027179718e-002 
1.9930399954319000e-001 1.0804150253534317e-001 1.9175499677658081e-002 
2.2837899625301361e-001 1.0808700323104858e-001 1.9349999725818634e-002 
1.9770202040672302e-001 1.1109866946935654e-001 1.9317667931318283e-002 
2.2943300008773804e-001 1.1603400111198425e-001 1.9093999639153481e-002 
1.9340300559997559e-001 1.1893700063228607e-001 1.9099999219179153e-002 
2.2602699697017670e-001 1.2492299824953079e-001 1.9362999126315117e-002 
1.8595799803733826e-001 1.3084499537944794e-001 1.9173000007867813e-002 
1.8486750125885010e-001 1.3279449939727783e-001 1.9184000790119171e-002 
1.8244099617004395e-001 1.3685999810695648e-001 1.9468000158667564e-002 
1.8127499520778656e-001 1.3883200287818909e-001 1.9221000373363495e-002 
1.7969998717308044e-001 1.4182199537754059e-001 1.9368499517440796e-002 
1.7835299670696259e-001 1.4879100024700165e-001 1.9253000617027283e-002 
2.1264599263668060e-001 1.5479700267314911e-001 1.9449999555945396e-002 
1.7794799804687500e-001 1.5575599670410156e-001 1.9256999716162682e-002 
2.0926468074321747e-001 1.5680000185966492e-001 1.9306335598230362e-002 
2.1083700656890869e-001 1.5877300500869751e-001 1.9209999591112137e-002 
2.0704700052738190e-001 1.5978200733661652e-001 1.9493000581860542e-002 
2.0568500459194183e-001 1.6473999619483948e-001 1.9249999895691872e-002 
2.2464099526405334e-001 5.3328000009059906e-002 1.9872000440955162e-002 
2.1463049948215485e-001 5.4259501397609711e-002 1.9687499850988388e-002 
2.0919567346572876e-001 5.5243667215108871e-002 1.9981667399406433e-002 
2.1361300349235535e-001 5.6302998214960098e-002 1.9695000723004341e-002 
2.1610599756240845e-001 5.7295501232147217e-002 1.9677000120282173e-002 
2.1123000979423523e-001 5.8237999677658081e-002 1.9881334155797958e-002 
2.0695100724697113e-001 6.2235999852418900e-002 1.9999999552965164e-002 
2.0882199704647064e-001 6.3249997794628143e-002 1.9984999671578407e-002 
2.1564599871635437e-001 7.0164002478122711e-002 1.9680000841617584e-002 
2.1490800380706787e-001 7.4170999228954315e-002 1.9686000421643257e-002 
2.0233100652694702e-001 7.9158999025821686e-002 1.9532000645995140e-002 
2.0662400126457214e-001 8.5154503583908081e-002 1.9749999046325684e-002 
2.4202400445938110e-001 9.1130003333091736e-002 1.9787000492215157e-002 
2.0584899187088013e-001 9.4056501984596252e-002 1.9628999754786491e-002 
2.0558999478816986e-001 1.0007199645042419e-001 1.9757999107241631e-002 
2.0346699655056000e-001 1.0105700045824051e-001 1.9522000104188919e-002 
2.2681401669979095e-001 1.0303799808025360e-001 1.9859001040458679e-002 
2.0195099711418152e-001 1.0405500233173370e-001 1.9534999504685402e-002 
2.0408199727535248e-001 1.0505499690771103e-001 1.9771000370383263e-002 
2.2473150491714478e-001 1.0508800297975540e-001 1.9871499389410019e-002 
2.2482199966907501e-001 1.0706499963998795e-001 1.9871000200510025e-002 
2.2699500620365143e-001 1.0909099876880646e-001 1.9858000800013542e-002 
1.9737100601196289e-001 1.1396099627017975e-001 1.9576000049710274e-002 
1.9583299756050110e-001 1.1598300188779831e-001 1.9590999931097031e-002 
1.9235099852085114e-001 1.2187600135803223e-001 1.9624000415205956e-002 
2.2714500129222870e-001 1.2193000316619873e-001 1.9607000052928925e-002 
1.9040299952030182e-001 1.2486899644136429e-001 1.9643999636173248e-002 
1.9065600633621216e-001 1.2789799273014069e-001 1.9897999241948128e-002 
2.2315399348735809e-001 1.2990500032901764e-001 1.9629999995231628e-002 
2.1926549077033997e-001 1.3691949844360352e-001 1.9906498491764069e-002 
2.1733999252319336e-001 1.3889099657535553e-001 1.9920000806450844e-002 
2.1490700542926788e-001 1.4581400156021118e-001 1.9686000421643257e-002 
1.8070349097251892e-001 1.4678800106048584e-001 1.9747000187635422e-002 
1.7781400680541992e-001 1.5177699923515320e-001 1.9519999623298645e-002 
1.8157100677490234e-001 1.5277899801731110e-001 1.9996000453829765e-002 
1.7832000553607941e-001 1.5373250842094421e-001 1.9514000043272972e-002 
1.8157100677490234e-001 1.5974399447441101e-001 1.9996000453829765e-002 
2.0067100226879120e-001 1.6473400592803955e-001 1.9801000133156776e-002 
2.2720667719841003e-001 5.0325334072113037e-002 2.0106000825762749e-002 
2.0582500100135803e-001 5.8230001479387283e-002 2.0010000094771385e-002 
2.1778300404548645e-001 6.6229999065399170e-002 2.0418334752321243e-002 
2.2021651268005371e-001 6.6233001649379730e-002 2.0150501281023026e-002 
2.2376699745655060e-001 6.7245997488498688e-002 2.0127000287175179e-002 
2.1067899465560913e-001 6.8235002458095551e-002 2.0473999902606010e-002 
2.3152700066566467e-001 6.8265996873378754e-002 2.0082000643014908e-002 
2.0863050222396851e-001 7.0156000554561615e-002 2.0491000264883041e-002 
2.2651499509811401e-001 7.0183999836444855e-002 2.0360000431537628e-002 
2.3370300233364105e-001 7.0195004343986511e-002 2.0320001989603043e-002 
2.2370949387550354e-001 7.1158997714519501e-002 2.0377499982714653e-002 
2.4224199354648590e-001 7.2223000228404999e-002 2.0282000303268433e-002 
2.0979900658130646e-001 7.3124997317790985e-002 2.0229000598192215e-002 
2.1723267436027527e-001 7.4177339673042297e-002 2.0422335714101791e-002 
2.1202899515628815e-001 7.6162002980709076e-002 2.0210999995470047e-002 
2.0853699743747711e-001 7.8161999583244324e-002 2.0492000505328178e-002 
2.1021400392055511e-001 7.8163996338844299e-002 2.0478000864386559e-002 
2.0605899393558502e-001 1.0201299935579300e-001 2.0261000841856003e-002 
2.0427149534225464e-001 1.0300450026988983e-001 2.0276499912142754e-002 
2.0024549961090088e-001 1.1002700030803680e-001 2.0059499889612198e-002 
1.9919699430465698e-001 1.1188600957393646e-001 2.0069332793354988e-002 
2.3009000718593597e-001 1.1302900314331055e-001 2.0090000703930855e-002 
1.9781649112701416e-001 1.1598899960517883e-001 2.0337000489234924e-002 
2.2334650158882141e-001 1.1999800056219101e-001 2.0379498600959778e-002 
1.9474349915981293e-001 1.2188249826431274e-001 2.0368000492453575e-002 
1.9503299891948700e-001 1.2391100078821182e-001 2.0364999771118164e-002 
2.2358499467372894e-001 1.2702000141143799e-001 2.0128000527620316e-002 
1.8930798768997192e-001 1.2985500693321228e-001 2.0424999296665192e-002 
2.2116400301456451e-001 1.3090500235557556e-001 2.0394500344991684e-002 
2.2030699253082275e-001 1.3390100002288818e-001 2.0150000229477882e-002 
1.8435549736022949e-001 1.3686650991439819e-001 2.0351998507976532e-002 
1.8478299677371979e-001 1.3884249329566956e-001 2.0476000383496284e-002 
1.8273350596427917e-001 1.3985599577426910e-001 2.0241498947143555e-002 
2.1609200537204742e-001 1.4398600161075592e-001 2.0179999992251396e-002 
1.8036800622940063e-001 1.4471699297428131e-001 2.0010000094771385e-002 
2.1286249160766602e-001 1.5082000195980072e-001 2.0204499363899231e-002 
2.0601299405097961e-001 1.5580299496650696e-001 2.0007999613881111e-002 
1.8026751279830933e-001 1.6169649362564087e-001 2.0011000335216522e-002 
2.0450699329376221e-001 1.6373899579048157e-001 2.0021000877022743e-002 
2.2473900020122528e-001 4.8370998352766037e-002 2.0619999617338181e-002 
2.2283551096916199e-001 5.4276000708341599e-002 2.0632501691579819e-002 
2.2576549649238586e-001 5.7314999401569366e-002 2.0862501114606857e-002 
2.3907199501991272e-001 5.7335000485181808e-002 2.0541999489068985e-002 
2.1174167096614838e-001 6.5264001488685608e-002 2.0716335624456406e-002 
2.1368350088596344e-001 6.6224999725818634e-002 2.0700499415397644e-002 
2.1690399944782257e-001 6.8245001137256622e-002 2.0674999803304672e-002 
2.0502500236034393e-001 7.0151999592781067e-002 2.0774999633431435e-002 
2.1317049860954285e-001 7.1144498884677887e-002 2.0955499261617661e-002 
2.4022500216960907e-001 7.1185000240802765e-002 2.0537499338388443e-002 
2.1324932575225830e-001 7.3132663965225220e-002 2.0871331915259361e-002 
2.4528300762176514e-001 7.3182672262191772e-002 2.0764667540788651e-002 
2.4711498618125916e-001 7.3184497654438019e-002 2.0511999726295471e-002 
2.2096100449562073e-001 7.4184998869895935e-002 2.0895000547170639e-002 
2.4881832301616669e-001 7.5229004025459290e-002 2.0999332889914513e-002 
2.0825266838073730e-001 7.6159000396728516e-002 2.0997665822505951e-002 
2.0858199894428253e-001 8.6120001971721649e-002 2.0742999389767647e-002 
2.4332267045974731e-001 8.6173996329307556e-002 2.0525000989437103e-002 
2.4190799891948700e-001 8.8192999362945557e-002 2.0530000329017639e-002 
2.2891899943351746e-001 9.2105001211166382e-002 2.0842999219894409e-002 
2.3907199501991272e-001 9.3071997165679932e-002 2.0541999489068985e-002 
2.3339800536632538e-001 9.7175002098083496e-002 2.0817000418901443e-002 
2.2377550601959229e-001 1.0204300284385681e-001 2.0875498652458191e-002 
2.2241500020027161e-001 1.0706499963998795e-001 2.0885000005364418e-002 
2.0176899433135986e-001 1.0905399918556213e-001 2.0553000271320343e-002 
2.0568200945854187e-001 1.1189900338649750e-001 2.0769000053405762e-002 
2.0815950632095337e-001 1.1299800127744675e-001 2.0998500287532806e-002 
2.0424066483974457e-001 1.1397566646337509e-001 2.0614001899957657e-002 
2.0652599632740021e-001 1.1398000270128250e-001 2.0762000232934952e-002 
2.2286950051784515e-001 1.1400599777698517e-001 2.0881500095129013e-002 
1.9992199540138245e-001 1.1498100310564041e-001 2.0824000239372253e-002 
2.0408399403095245e-001 1.1599999666213989e-001 2.0783999934792519e-002 
2.0077650249004364e-001 1.1794699728488922e-001 2.0816000178456306e-002 
2.2068800032138824e-001 1.1797899752855301e-001 2.0897001028060913e-002 
2.2573348879814148e-001 1.2000250071287155e-001 2.0613498985767365e-002 
2.1968534588813782e-001 1.2098000943660736e-001 2.0904332399368286e-002 
2.1740049123764038e-001 1.2290500104427338e-001 2.0921498537063599e-002 
2.2473900020122528e-001 1.2291499972343445e-001 2.0619999617338181e-002 
1.9672000408172607e-001 1.2391450256109238e-001 2.0603001117706299e-002 
2.1859000623226166e-001 1.2491799890995026e-001 2.0912999287247658e-002 
2.2365200519561768e-001 1.2492399662733078e-001 2.0626999437808990e-002 
2.2110800445079803e-001 1.2895299494266510e-001 2.0645000040531158e-002 
2.1809551119804382e-001 1.3592499494552612e-001 2.0666498690843582e-002 
1.8286049365997314e-001 1.4183199405670166e-001 2.0756000652909279e-002 
2.1303699910640717e-001 1.4785599708557129e-001 2.0705999806523323e-002 
1.8411499261856079e-001 1.4976699650287628e-001 2.0998001098632813e-002 
2.1155600249767303e-001 1.4980900287628174e-001 2.0718000829219818e-002 
2.1118499338626862e-001 1.5183399617671967e-001 2.0720999687910080e-002 
1.8480800092220306e-001 1.5374800562858582e-001 2.0989999175071716e-002 
1.8070000410079956e-001 1.5771999955177307e-001 2.0524000748991966e-002 
2.0144000649452209e-001 1.5977899730205536e-001 2.0809000357985497e-002 
1.8652200698852539e-001 1.6278399527072906e-001 2.0712999626994133e-002 
1.9494900107383728e-001 1.6472899913787842e-001 2.0874999463558197e-002 
1.9916099309921265e-001 1.6568499803543091e-001 2.0832000300288200e-002 
2.2678934037685394e-001 5.2347667515277863e-002 2.1104000508785248e-002 
2.2534599900245667e-001 5.4281998425722122e-002 2.1113999187946320e-002 
2.0621232688426971e-001 6.4263336360454559e-002 2.1100666373968124e-002 
2.0474299788475037e-001 6.6212996840476990e-002 2.1282000467181206e-002 
2.1275000274181366e-001 6.8241000175476074e-002 2.1208999678492546e-002 
2.0323768258094788e-001 6.9210335612297058e-002 2.1297000348567963e-002 
2.3698699474334717e-001 7.1181997656822205e-002 2.1045999601483345e-002 
2.1108500659465790e-001 7.2177998721599579e-002 2.1223999559879303e-002 
1.9864000380039215e-001 7.3110997676849365e-002 2.1090999245643616e-002 
2.0820400118827820e-001 7.3126003146171570e-002 2.1249499171972275e-002 
2.4362599849700928e-001 7.3181003332138062e-002 2.1017499268054962e-002 
2.4020199477672577e-001 7.4216999113559723e-002 2.1277999505400658e-002 
2.0276650786399841e-001 7.5157999992370605e-002 2.1301500499248505e-002 
2.4664649367332458e-001 7.8224502503871918e-002 2.1375499665737152e-002 
2.0619699358940125e-001 7.9171001911163330e-002 2.1017000079154968e-002 
2.0722600817680359e-001 8.1180997192859650e-002 2.1006999537348747e-002 
2.3975950479507446e-001 8.1233002245426178e-002 2.1279999986290932e-002 
2.1084900200366974e-001 8.5167996585369110e-002 2.1476000547409058e-002 
2.3727700114250183e-001 8.8188499212265015e-002 2.1291499957442284e-002 
2.2682000696659088e-001 8.9161999523639679e-002 2.1352000534534454e-002 
2.2833400964736938e-001 9.0116001665592194e-002 2.1218501031398773e-002 
2.3663100600242615e-001 9.0127997100353241e-002 2.1048000082373619e-002 
2.3947100341320038e-001 9.1131001710891724e-002 2.1035000681877136e-002 
2.3725350201129913e-001 9.4111002981662750e-002 2.1045498549938202e-002 
2.0848399400711060e-001 9.7138002514839172e-002 2.1246999502182007e-002 
2.3163799941539764e-001 1.0011799633502960e-001 2.1074999123811722e-002 
2.0772266387939453e-001 1.0106967389583588e-001 2.1170333027839661e-002 
2.1075634658336639e-001 1.0507200658321381e-001 2.1476998925209045e-002 
2.1315999329090118e-001 1.0907600075006485e-001 2.1455999463796616e-002 
2.0876300334930420e-001 1.1004500091075897e-001 2.1244499832391739e-002 
2.2725500166416168e-001 1.1115249991416931e-001 2.1225500851869583e-002 
2.0380300283432007e-001 1.1189799755811691e-001 2.1291000768542290e-002 
2.1518433094024658e-001 1.1301033198833466e-001 2.1438665688037872e-002 
2.0829734206199646e-001 1.1796066164970398e-001 2.1248666569590569e-002 
1.9930699467658997e-001 1.1895400285720825e-001 2.1083999425172806e-002 
2.2154200077056885e-001 1.1999800056219101e-001 2.1139999851584435e-002 
2.0120549201965332e-001 1.2095200270414352e-001 2.1065000444650650e-002 
2.0755100250244141e-001 1.2096200138330460e-001 2.1255999803543091e-002 
1.9673000276088715e-001 1.2188866734504700e-001 2.1110668778419495e-002 
1.9907200336456299e-001 1.2392099946737289e-001 2.1338999271392822e-002 
2.1276333928108215e-001 1.2394233793020248e-001 2.1292667835950851e-002 
2.1038599312305450e-001 1.2490700185298920e-001 2.1479999646544456e-002 
2.1624666452407837e-001 1.2491499632596970e-001 2.1180335432291031e-002 
2.2172334790229797e-001 1.2492333352565765e-001 2.1139001473784447e-002 
1.9428768754005432e-001 1.2697866559028625e-001 2.1391000598669052e-002 
1.9172000885009766e-001 1.2986168265342712e-001 2.1165002137422562e-002 
1.8977600336074829e-001 1.3280999660491943e-001 2.1187333390116692e-002 
2.1315999329090118e-001 1.3284699618816376e-001 2.1455999463796616e-002 
2.1186700463294983e-001 1.3490399718284607e-001 2.1467000246047974e-002 
2.1606299281120300e-001 1.3691900670528412e-001 2.1182000637054443e-002 
2.0304900407791138e-001 1.4186599850654602e-001 2.1299000829458237e-002 
2.0973600447177887e-001 1.4290599524974823e-001 2.1485999226570129e-002 
1.8272548913955688e-001 1.4780999720096588e-001 2.1014999598264694e-002 
1.8660598993301392e-001 1.4881299436092377e-001 2.1480500698089600e-002 
1.9821549952030182e-001 1.5478199720382690e-001 2.1347999572753906e-002 
2.0169532299041748e-001 1.5580034255981445e-001 2.1144000813364983e-002 
1.8326467275619507e-001 1.5772667527198792e-001 2.1179666742682457e-002 
1.8905399739742279e-001 1.5976199507713318e-001 2.1451000124216080e-002 
1.8342100083827972e-001 1.6074599325656891e-001 2.1006999537348747e-002 
2.0356699824333191e-001 1.6077700257301331e-001 2.1041000261902809e-002 
1.9678267836570740e-001 1.6373233497142792e-001 2.1363332867622375e-002 
2.0130449533462524e-001 6.9208003580570221e-002 2.1568000316619873e-002 
2.1065600216388702e-001 7.0165000855922699e-002 2.1978000178933144e-002 
2.2414599359035492e-001 7.2200000286102295e-002 2.1617999300360680e-002 
2.0130449533462524e-001 7.3117002844810486e-002 2.1568000316619873e-002 
2.0469599962234497e-001 7.3122002184391022e-002 2.1533999592065811e-002 
2.1356900036334991e-001 7.6169997453689575e-002 2.1702000871300697e-002 
2.4612799286842346e-001 7.6219998300075531e-002 2.1500000730156898e-002 
2.3457199335098267e-001 8.1226997077465057e-002 2.1798999980092049e-002 
2.3670367896556854e-001 8.1230334937572479e-002 2.1787334233522415e-002 
2.1250399947166443e-001 8.5171997547149658e-002 2.1960999816656113e-002 
2.3599399626255035e-001 8.5207998752593994e-002 2.1790999919176102e-002 
2.3969233036041260e-001 8.6172007024288177e-002 2.1526668220758438e-002 
2.0931500196456909e-001 8.8146999478340149e-002 2.1740999072790146e-002 
2.2273300588130951e-001 8.9157998561859131e-002 2.1875999867916107e-002 
2.2119200229644775e-001 9.0107001364231110e-002 2.1887999027967453e-002 
2.2106599807739258e-001 9.4088003039360046e-002 2.1640999242663383e-002 
2.3516899347305298e-001 9.4109997153282166e-002 2.1549500524997711e-002 
2.0987199246883392e-001 9.5069997012615204e-002 2.1734999492764473e-002 
2.1388499438762665e-001 9.6140503883361816e-002 2.1948501467704773e-002 
2.2577068209648132e-001 9.6157997846603394e-002 2.1607000380754471e-002 
2.0977950096130371e-001 9.8126001656055450e-002 2.1735999733209610e-002 
2.3172032833099365e-001 9.8160669207572937e-002 2.1816000342369080e-002 
2.1314899623394012e-001 1.0009200125932693e-001 2.1955000236630440e-002 
2.2811000049114227e-001 1.0011400282382965e-001 2.1591000258922577e-002 
2.1434499323368073e-001 1.0302700102329254e-001 2.1944999694824219e-002 
2.0875799655914307e-001 1.0407434403896332e-001 2.1746000275015831e-002 
2.1321401000022888e-001 1.0507732629776001e-001 2.1788334473967552e-002 
2.0972967147827148e-001 1.0806833207607269e-001 2.1987002342939377e-002 
2.0554000139236450e-001 1.0906399786472321e-001 2.1525999531149864e-002 
2.1769599616527557e-001 1.0908400267362595e-001 2.1667499095201492e-002 
2.0931500196456909e-001 1.1190799623727798e-001 2.1740999072790146e-002 
2.1377967298030853e-001 1.1191567033529282e-001 2.1866334602236748e-002 
2.0875799655914307e-001 1.1601100116968155e-001 2.1746000275015831e-002 
2.1061399579048157e-001 1.1601399630308151e-001 2.1728999912738800e-002 
2.1430501341819763e-001 1.1602000892162323e-001 2.1695666015148163e-002 
2.2477850317955017e-001 1.1603599786758423e-001 2.1613501012325287e-002 
2.0234300196170807e-001 1.1699400097131729e-001 2.1557999774813652e-002 
2.1888199448585510e-001 1.1702100187540054e-001 2.1657999604940414e-002 
2.1209299564361572e-001 1.1897700279951096e-001 2.1715000271797180e-002 
2.1650700271129608e-001 1.1999200284481049e-001 2.1677000448107719e-002 
1.9893300533294678e-001 1.2189400196075439e-001 2.1593000739812851e-002 
2.1503999829292297e-001 1.2191899865865707e-001 2.1688999608159065e-002 
2.0324000716209412e-001 1.2392900139093399e-001 2.1800000220537186e-002 
2.0778232812881470e-001 1.2393533438444138e-001 2.1504333242774010e-002 
1.9669699668884277e-001 1.2698434293270111e-001 2.1870665252208710e-002 
2.1627050638198853e-001 1.2701499462127686e-001 2.1927999332547188e-002 
2.2015699744224548e-001 1.2702000141143799e-001 2.1647999063134193e-002 
2.1028600633144379e-001 1.2989400327205658e-001 2.1981999278068542e-002 
1.9478100538253784e-001 1.3086900115013123e-001 2.1892001852393150e-002 
2.1669000387191772e-001 1.3189600408077240e-001 2.1676000207662582e-002 
1.9173650443553925e-001 1.3281500339508057e-001 2.1673999726772308e-002 
2.1503999829292297e-001 1.3389800488948822e-001 2.1688999608159065e-002 
1.9270350039005280e-001 1.3487499952316284e-001 2.1662998944520950e-002 
2.1421299874782562e-001 1.3592299818992615e-001 2.1696500480175018e-002 
1.8891799449920654e-001 1.3687899708747864e-001 2.1708000451326370e-002 
2.1356900036334991e-001 1.3990999758243561e-001 2.1702000871300697e-002 
1.8676468729972839e-001 1.4086900651454926e-001 2.1733999252319336e-002 
1.9765199720859528e-001 1.4185999333858490e-001 2.1859999746084213e-002 
2.1227800846099854e-001 1.4188200235366821e-001 2.1713666617870331e-002 
1.8473400175571442e-001 1.4286699891090393e-001 2.1503999829292297e-002 
1.8956099450588226e-001 1.4287699759006500e-001 2.1953999996185303e-002 
1.8721699714660645e-001 1.4394834637641907e-001 2.1983332931995392e-002 
1.9650599360466003e-001 1.4396199584007263e-001 2.1872999146580696e-002 
2.0088100433349609e-001 1.4475600421428680e-001 2.1825000643730164e-002 
1.9616600871086121e-001 1.4579199254512787e-001 2.1623499691486359e-002 
1.8483299016952515e-001 1.4680150151252747e-001 2.1502498537302017e-002 
1.8917100131511688e-001 1.4977900683879852e-001 2.1958999335765839e-002 
1.8367749452590942e-001 1.5179449319839478e-001 2.1645000204443932e-002 
2.0815500617027283e-001 1.5183199942111969e-001 2.1500999107956886e-002 
2.0059698820114136e-001 1.5281599760055542e-001 2.1827999502420425e-002 
2.0558600127696991e-001 1.5282399952411652e-001 2.1777000278234482e-002 
1.9076699018478394e-001 1.5376000106334686e-001 2.1685499697923660e-002 
1.9410850107669830e-001 1.5477749705314636e-001 2.1900000050663948e-002 
1.8538799881935120e-001 1.5773199498653412e-001 2.1750999614596367e-002 
1.8780434131622314e-001 1.5773668885231018e-001 2.1976333111524582e-002 
1.9774699211120605e-001 1.6077099740505219e-001 2.1858999505639076e-002 
1.9086399674415588e-001 1.6372400522232056e-001 2.1684000268578529e-002 
2.2942399978637695e-001 5.4292000830173492e-002 2.2076999768614769e-002 
2.3781399428844452e-001 5.6350670754909515e-002 2.2273002192378044e-002 
2.3076549172401428e-001 5.7327501475811005e-002 2.2067999467253685e-002 
2.3601800203323364e-001 7.3173001408576965e-002 2.2036999464035034e-002 
2.4125750362873077e-001 7.6215498149394989e-002 2.2255498915910721e-002 
2.2685399651527405e-001 8.0222502350807190e-002 2.2340498864650726e-002 
2.4229401350021362e-001 8.0245502293109894e-002 2.2005999460816383e-002 
2.1088400483131409e-001 8.2152001559734344e-002 2.2224999964237213e-002 
2.1515800058841705e-001 8.2158997654914856e-002 2.2435000166296959e-002 
2.3106099665164948e-001 8.2184001803398132e-002 2.2312000393867493e-002 
2.3728299140930176e-001 8.3204336464405060e-002 2.2275999188423157e-002 
2.2640499472618103e-001 8.5194997489452362e-002 2.2344000637531281e-002 
2.2882649302482605e-001 8.5198998451232910e-002 2.2327000275254250e-002 
2.1088300645351410e-001 8.7140001356601715e-002 2.2224999964237213e-002 
2.3230966925621033e-001 8.8184669613838196e-002 2.2304333746433258e-002 
2.3459699749946594e-001 9.0129002928733826e-002 2.2044999524950981e-002 
2.1689549088478088e-001 9.3044996261596680e-002 2.2419501096010208e-002 
2.3317399621009827e-001 9.3069002032279968e-002 2.2052999585866928e-002 
2.1236099302768707e-001 9.7147002816200256e-002 2.2212000563740730e-002 
2.2568568587303162e-001 9.8153010010719299e-002 2.2348999977111816e-002 
2.2960299253463745e-001 9.8158001899719238e-002 2.2074999287724495e-002 
2.1171499788761139e-001 1.0108000040054321e-001 2.2217500954866409e-002 
2.2168000042438507e-001 1.0204499959945679e-001 2.2131999954581261e-002 
2.2015550732612610e-001 1.0508999973535538e-001 2.2267999127507210e-002 
2.1524900197982788e-001 1.0807900130748749e-001 2.2433999925851822e-002 
2.2339899837970734e-001 1.1193200200796127e-001 2.2119000554084778e-002 
2.0427399873733521e-001 1.2190499901771545e-001 2.2291000932455063e-002 
2.0029300451278687e-001 1.2489400058984756e-001 2.2208500653505325e-002 
2.1128100156784058e-001 1.2700934708118439e-001 2.2387666627764702e-002 
2.1318900585174561e-001 1.2701150774955750e-001 2.2204000502824783e-002 
1.9725349545478821e-001 1.2987449765205383e-001 2.2242501378059387e-002 
2.1429249644279480e-001 1.2990100681781769e-001 2.2193999961018562e-002 
2.0633199810981750e-001 1.3188248872756958e-001 2.2269999608397484e-002 
1.9445100426673889e-001 1.3282099366188049e-001 2.2149000316858292e-002 
1.9229249656200409e-001 1.3688699901103973e-001 2.2428000345826149e-002 
2.1023599803447723e-001 1.3787600398063660e-001 2.2231500595808029e-002 
1.9348999857902527e-001 1.3988000154495239e-001 2.2160999476909637e-002 
2.0544500648975372e-001 1.3989900052547455e-001 2.2028999403119087e-002 
1.8874250352382660e-001 1.4087399840354919e-001 2.2219000384211540e-002 
1.8977400660514832e-001 1.4782699942588806e-001 2.2459499537944794e-002 
2.0712600648403168e-001 1.4785200357437134e-001 2.2012000903487206e-002 
2.0413300395011902e-001 1.5081399679183960e-001 2.2042000666260719e-002 
1.8649299442768097e-001 1.5180100500583649e-001 2.2246999666094780e-002 
2.0230066776275635e-001 1.5182599425315857e-001 2.2312000393867493e-002 
1.8649299442768097e-001 1.5375599265098572e-001 2.2246999666094780e-002 
2.0328800380229950e-001 1.5378099679946899e-001 2.2050999104976654e-002 
1.8874250352382660e-001 1.5578448772430420e-001 2.2219000384211540e-002 
1.9132550060749054e-001 1.5678399801254272e-001 2.2439999505877495e-002 
1.9912999868392944e-001 1.5679499506950378e-001 2.2096000611782074e-002 
1.9684550166130066e-001 1.5876249969005585e-001 2.2121001034975052e-002 
1.9136600196361542e-001 1.6076299548149109e-001 2.2185999900102615e-002 
1.9464400410652161e-001 1.6076700389385223e-001 2.2146999835968018e-002 
2.2879600524902344e-001 7.3164671659469604e-002 2.2818997502326965e-002 
2.3215900361537933e-001 7.3169000446796417e-002 2.2551000118255615e-002 
2.3582550883293152e-001 7.5214996933937073e-002 2.2774498909711838e-002 
2.3810198903083801e-001 7.5217999517917633e-002 2.2516500204801559e-002 
2.3378567397594452e-001 7.9221002757549286e-002 2.2786002606153488e-002 
2.3810198903083801e-001 7.9227000474929810e-002 2.2516500204801559e-002 
2.2250600159168243e-001 8.2171998918056488e-002 2.2866999730467796e-002 
2.1988150477409363e-001 8.3179503679275513e-002 2.2888500243425369e-002 
2.1430701017379761e-001 8.6137674748897552e-002 2.2855667397379875e-002 
2.3135700821876526e-001 8.6162999272346497e-002 2.2556498646736145e-002 
2.1363799273967743e-001 8.8156998157501221e-002 2.2696999832987785e-002 
2.1437199413776398e-001 9.0099997818470001e-002 2.2690000012516975e-002 
2.1510499715805054e-001 9.2090502381324768e-002 2.2683000192046165e-002 
2.1537999808788300e-001 9.4082996249198914e-002 2.2680999711155891e-002 
2.2670549154281616e-001 9.4100996851921082e-002 2.2588498890399933e-002 
2.1537999808788300e-001 9.7153998911380768e-002 2.2680999711155891e-002 
2.1720699965953827e-001 9.8140999674797058e-002 2.2664334625005722e-002 
2.1647700667381287e-001 1.0108900070190430e-001 2.2670999169349670e-002 
2.2020849585533142e-001 1.0109499841928482e-001 2.2638998925685883e-002 
2.1583700180053711e-001 1.0408899933099747e-001 2.2677000612020493e-002 
2.1911899745464325e-001 1.0808599740266800e-001 2.2647999227046967e-002 
2.0525649189949036e-001 1.2490300089120865e-001 2.2530999034643173e-002 
2.0375850796699524e-001 1.2596200406551361e-001 2.2546999156475067e-002 
2.0786699652671814e-001 1.2596848607063293e-001 2.2503999993205070e-002 
2.0074650645256042e-001 1.2988099455833435e-001 2.2580500692129135e-002 
2.0575468242168427e-001 1.2988966703414917e-001 2.2692665457725525e-002 
2.0378199219703674e-001 1.3088649511337280e-001 2.2671999409794807e-002 
2.0123434066772461e-001 1.3187600672245026e-001 2.2658333182334900e-002 
1.9837799668312073e-001 1.3282899558544159e-001 2.2607000544667244e-002 
2.0833200216293335e-001 1.3389100134372711e-001 2.2500000894069672e-002 
2.0352399349212646e-001 1.3591000437736511e-001 2.2800000384449959e-002 
1.9494299590587616e-001 1.3689200580120087e-001 2.2647999227046967e-002 
1.9879166781902313e-001 1.3689832389354706e-001 2.2770334035158157e-002 
2.0823900401592255e-001 1.3691200315952301e-001 2.2500999271869659e-002 
1.9833400845527649e-001 1.3989049196243286e-001 2.2858999669551849e-002 
2.0378199219703674e-001 1.4089950919151306e-001 2.2671999409794807e-002 
2.0777399837970734e-001 1.4187799394130707e-001 2.2505000233650208e-002 
1.9880867004394531e-001 1.4396966993808746e-001 2.2853668779134750e-002 
1.9080150127410889e-001 1.4474399387836456e-001 2.2700000554323196e-002 
2.0027333498001099e-001 1.4682966470718384e-001 2.2586001083254814e-002 
1.9234749674797058e-001 1.4783200621604919e-001 2.2679999470710754e-002 
2.0197199285030365e-001 1.4884099364280701e-001 2.2567000240087509e-002 
1.9192099571228027e-001 1.5079799294471741e-001 2.2938000038266182e-002 
1.9652600586414337e-001 1.5080499649047852e-001 2.2880999371409416e-002 
1.9875767827033997e-001 1.5080767869949341e-001 2.2603001445531845e-002 
1.8992899358272552e-001 1.5180799365043640e-001 2.2710999473929405e-002 
1.9885250926017761e-001 1.5281599760055542e-001 2.2601999342441559e-002 
2.3221233487129211e-001 5.5291336029767990e-002 2.3041000589728355e-002 
2.2425200045108795e-001 7.5198501348495483e-002 2.3098999634385109e-002 
2.2281050682067871e-001 7.6190002262592316e-002 2.3110501468181610e-002 
2.1946400403976440e-001 7.8189000487327576e-002 2.3138999938964844e-002 
2.3230150341987610e-001 7.8208498656749725e-002 2.3040499538183212e-002 
2.2382400929927826e-001 7.9207673668861389e-002 2.3266334086656570e-002 
2.1627900004386902e-001 8.0209001898765564e-002 2.3167498409748077e-002 
2.2927200794219971e-001 8.0228999257087708e-002 2.3061498999595642e-002 
2.1739149093627930e-001 8.2166001200675964e-002 2.3281000554561615e-002 
2.2900399565696716e-001 8.3194002509117126e-002 2.3063000291585922e-002 
2.1582299470901489e-001 8.4187999367713928e-002 2.3172000423073769e-002 
2.2425200045108795e-001 8.4201000630855560e-002 2.3098999634385109e-002 
2.1728199720382690e-001 8.6143001914024353e-002 2.3158000782132149e-002 
2.2380201518535614e-001 8.6153328418731689e-002 2.3102667182683945e-002 
]
