sceneCorrPoints=[...
-5.3962800651788712e-002 2.2412400692701340e-002 6.1199998855590820e-001 
-8.7589301168918610e-002 2.7479700744152069e-002 6.1299997568130493e-001 
-1.0435800254344940e-001 3.4187398850917816e-002 6.1299997568130493e-001 
-4.2450599372386932e-002 9.0631200000643730e-003 6.1500000953674316e-001 
-6.6004000604152679e-002 2.4204600602388382e-002 6.1500000953674316e-001 
-2.3983299732208252e-002 -1.0328800417482853e-003 6.1599999666213989e-001 
-1.0823900252580643e-001 4.1095200926065445e-002 6.1599999666213989e-001 
-3.7525098770856857e-002 2.2595500573515892e-002 6.1699998378753662e-001 
-1.1685399711132050e-001 3.1034799292683601e-002 6.1699998378753662e-001 
-8.3097301423549652e-002 3.7786200642585754e-002 6.1699998378753662e-001 
-3.5837199538946152e-002 4.2849801480770111e-002 6.1699998378753662e-001 
-3.4204699099063873e-002 2.3449501022696495e-003 6.1799997091293335e-001 
-2.4061199277639389e-002 1.0797900147736073e-002 6.1799997091293335e-001 
-6.4740002155303955e-002 7.4287401512265205e-003 6.1900001764297485e-001 
-3.0873399227857590e-002 2.7748700231313705e-002 6.1900001764297485e-001 
-1.2400700151920319e-001 4.2988698929548264e-002 6.1900001764297485e-001 
-2.0746899768710136e-002 -4.8529401421546936e-002 6.2000000476837158e-001 
-3.2619401812553406e-002 -1.4608100056648254e-002 6.2000000476837158e-001 
-9.1981597244739532e-002 3.2881699502468109e-002 6.2000000476837158e-001 
-2.0780399441719055e-002 -1.8029300495982170e-002 6.2099999189376831e-001 
-1.0232300311326981e-001 4.8223998397588730e-002 6.2099999189376831e-001 
-1.1931099742650986e-001 4.9922801554203033e-002 6.2099999189376831e-001 
-2.2515399381518364e-002 -5.7193599641323090e-002 6.2199997901916504e-001 
-1.7438700422644615e-002 -3.3425800502300262e-002 6.2300002574920654e-001 
-4.3002799153327942e-002 1.7702400684356689e-002 6.2300002574920654e-001 
-3.4592200070619583e-002 -6.7727997899055481e-002 6.2500000000000000e-001 
-3.4592200070619583e-002 -3.5242799669504166e-002 6.2500000000000000e-001 
-1.1324000358581543e-001 2.1178700029850006e-002 6.2500000000000000e-001 
-1.7494700849056244e-002 3.1437098979949951e-002 6.2500000000000000e-001 
-8.0755196511745453e-002 4.5115098357200623e-002 6.2500000000000000e-001 
-2.2660199552774429e-002 -7.9823702573776245e-002 6.2599998712539673e-001 
-3.6359999328851700e-002 -2.6736799627542496e-002 6.2599998712539673e-001 
-2.7797600254416466e-002 5.8002597652375698e-003 6.2599998712539673e-001 
-3.4647498279809952e-002 2.8062500059604645e-002 6.2599998712539673e-001 
-6.2047198414802551e-002 3.8337398320436478e-002 6.2599998712539673e-001 
-2.0947700366377831e-002 4.1762299835681915e-002 6.2599998712539673e-001 
4.3457201123237610e-001 3.6542099714279175e-001 6.2599998712539673e-001 
-2.2696400061249733e-002 -1.0224899649620056e-001 6.2699997425079346e-001 
-6.7291900515556335e-002 2.3791000712662935e-003 6.2699997425079346e-001 
-1.9296700134873390e-002 -8.8668502867221832e-002 6.2800002098083496e-001 
-3.4758199006319046e-002 -8.5232600569725037e-002 6.2800002098083496e-001 
-6.3963398337364197e-002 1.0972600430250168e-002 6.2800002098083496e-001 
-1.0723999701440334e-002 -3.0306300148367882e-002 6.2900000810623169e-001 
-1.2945100665092468e-001 1.7872899770736694e-002 6.2900000810623169e-001 
-2.7975199744105339e-002 -2.1737400442361832e-002 6.2999999523162842e-001 
-9.3465201556682587e-002 1.7901299521327019e-002 6.2999999523162842e-001 
-1.0552900284528732e-001 2.1348100155591965e-002 6.2999999523162842e-001 
-1.9388800486922264e-002 -1.2016300112009048e-001 6.3099998235702515e-001 
-3.4924201667308807e-002 -1.0462699830532074e-001 6.3099998235702515e-001 
-3.3250700682401657e-002 -1.1862400174140930e-001 6.3200002908706665e-001 
-3.1521800905466080e-002 -6.3299797475337982e-002 6.3200002908706665e-001 
-3.1521800905466080e-002 -2.8721999377012253e-002 6.3200002908706665e-001 
-9.0462099760770798e-003 3.5247001796960831e-002 6.3200002908706665e-001 
-2.2913500666618347e-002 -1.3266499340534210e-001 6.3300001621246338e-001 
-2.6376800611615181e-002 -8.7642796337604523e-002 6.3300001621246338e-001 
-7.3404698632657528e-003 -1.8406700342893600e-002 6.3400000333786011e-001 
4.3839100003242493e-001 3.6835598945617676e-001 6.3400000333786011e-001 
-1.4300400391221046e-002 -1.4003300666809082e-001 6.3499999046325684e-001 
-1.4300400391221046e-002 9.3578500673174858e-003 6.3499999046325684e-001 
-3.1721301376819611e-002 -1.1067599803209305e-001 6.3599997758865356e-001 
-1.3263200223445892e-001 1.6331899911165237e-002 6.3599997758865356e-001 
-9.1034602373838425e-003 2.3291299119591713e-002 6.3599997758865356e-001 
-1.0305500030517578e-001 5.6348100304603577e-002 6.3599997758865356e-001 
-1.6088100150227547e-002 -1.4744399487972260e-001 6.3700002431869507e-001 
-4.7454301267862320e-002 -5.1602598279714584e-002 6.3700002431869507e-001 
-1.2622700072824955e-002 -6.3056899234652519e-003 6.3800001144409180e-001 
-2.6626799255609512e-002 -1.2518200278282166e-001 6.3899999856948853e-001 
-9.1463997960090637e-003 -9.0221598744392395e-002 6.3899999856948853e-001 
-9.1607198119163513e-003 -7.6356500387191772e-002 6.3999998569488525e-001 
-6.8687096238136292e-002 -5.3596399724483490e-002 6.3999998569488525e-001 
-1.2662299908697605e-002 -1.5079299919307232e-002 6.3999998569488525e-001 
-9.1750295832753181e-003 -1.0979299992322922e-001 6.4099997282028198e-001 
-1.4435599558055401e-002 3.9255999028682709e-002 6.4099997282028198e-001 
-6.9009102880954742e-002 -2.8371401131153107e-003 6.4300000667572021e-001 
-5.8455199003219604e-002 6.8082800135016441e-004 6.4300000667572021e-001 
-4.4383298605680466e-002 4.6414401382207870e-002 6.4300000667572021e-001 
-1.3606199622154236e-001 1.6537399962544441e-002 6.4399999380111694e-001 
-4.6285800635814667e-002 -1.8726099282503128e-002 6.4499998092651367e-001 
-7.4794101528823376e-003 -4.5262999832630157e-002 6.4600002765655518e-001 
-1.2234699726104736e-001 6.2535703182220459e-002 6.4600002765655518e-001 
-3.5809800028800964e-002 5.5552799254655838e-002 6.4700001478195190e-001 
-1.3880799710750580e-001 1.1479300446808338e-002 6.5700000524520874e-001 
-1.1544399708509445e-001 6.5397799015045166e-002 6.5700000524520874e-001 
-8.8619098067283630e-002 7.8967800363898277e-003 6.5799999237060547e-001 
-1.0481899976730347e-001 1.1496799997985363e-002 6.5799999237060547e-001 
-1.2822000682353973e-001 1.3296799734234810e-002 6.5799999237060547e-001 
-5.8271698653697968e-003 -6.6004097461700439e-002 6.5899997949600220e-001 
-4.0305200964212418e-003 -1.5637899935245514e-001 6.6000002622604370e-001 
-4.0305200964212418e-003 -1.0763099789619446e-001 6.6000002622604370e-001 
-5.8360099792480469e-003 -9.8603099584579468e-002 6.6000002622604370e-001 
-6.0000699013471603e-002 -4.4438399374485016e-002 6.6000002622604370e-001 
-4.1954498738050461e-004 -1.0134099982678890e-002 6.6000002622604370e-001 
]
