86 86 89 93 83 90 80 81 80 78 78 86 80 85 79 86 86 82 80 84 77 82 78 81 74 76 73 70 78 79 76 84 76 75 70 75 79 77 80 75 73 74 76 72 80 74 79 71 77 79 79 78 77 78 79 79 77 74 80 74 64 70 77 82 73 77 82 73 78 78 77 79 77 79 76 77 79 76 73 78 81 83 76 75 77 71 57 73 78 75 75 74 82 80 77 84 77 73 78 80 79 75 82 78 76 76 83 81 79 83 82 68 71 79 84 82 85 83 85 93 88 85 88 89 89 90 83 91 91 87 92 88 96 89 93 100 88 87 88 93 95 92 100 95 96 100 102 97 103 105 103 103 106 103 107 89 84 78 74 73 78 72 73 75 0 72 81 80 74 85 94 90 95 101 96 97 
84 85 91 80 88 82 95 76 74 75 81 77 78 75 82 78 80 74 75 73 73 80 78 81 79 76 83 78 85 76 77 78 81 81 74 70 72 79 82 78 78 77 78 78 76 80 72 74 77 73 73 76 78 76 75 80 78 76 73 75 64 70 71 74 79 77 82 71 79 77 74 77 80 76 77 78 82 78 76 73 75 76 80 80 78 74 66 77 71 81 77 75 78 78 80 79 76 77 83 84 83 82 79 82 76 76 78 85 76 82 79 70 74 84 88 85 88 84 83 89 85 88 86 91 86 84 87 91 94 98 91 98 89 88 90 92 80 86 90 93 102 97 96 102 96 97 97 103 101 105 110 103 112 108 96 82 72 72 76 74 73 74 73 73 0 0 72 71 76 75 83 95 98 92 99 101 
85 83 83 82 83 82 81 79 78 77 77 76 76 77 77 77 77 77 77 77 78 79 78 79 78 77 77 77 77 77 77 76 76 76 74 73 73 72 72 73 74 75 75 75 75 75 75 74 74 75 75 75 75 75 74 74 74 74 73 72 71 70 70 72 73 75 75 75 75 75 75 75 76 76 77 77 77 76 76 76 76 76 77 77 75 74 74 73 73 75 75 76 76 76 77 76 77 77 77 77 79 78 78 78 78 78 79 79 80 78 77 77 78 78 81 82 83 83 84 84 84 86 86 85 85 86 86 87 89 89 89 89 89 89 88 88 88 89 90 92 93 94 95 96 96 97 97 98 100 101 101 100 97 91 86 81 77 74 74 74 73 73 73 73 74 75 76 77 79 82 86 89 93 95 92 93 
85 81 81 80 81 80 79 78 78 76 76 75 75 75 75 75 75 76 75 76 76 77 77 77 78 77 77 77 76 76 75 75 75 75 74 73 72 71 71 71 73 73 74 74 74 74 73 73 73 73 73 73 73 73 72 72 72 72 72 71 70 70 70 70 72 73 74 75 75 75 75 76 77 78 78 78 78 78 78 78 78 79 80 80 80 79 79 78 78 79 79 80 80 80 81 81 82 82 82 83 83 83 83 83 83 83 84 84 84 84 83 83 84 84 86 87 87 87 87 87 87 89 88 88 88 88 88 89 90 90 90 90 89 89 87 87 88 89 90 92 93 94 94 95 95 96 95 96 98 99 99 97 92 86 81 77 74 73 73 73 72 72 72 72 72 75 76 76 78 81 85 88 91 94 95 97 
80 74 79 77 78 78 78 77 77 76 75 74 74 74 73 73 74 74 74 75 75 76 76 76 76 76 75 75 75 74 74 74 74 74 73 72 71 69 68 69 70 70 71 71 72 72 72 72 72 72 72 71 71 71 71 71 72 72 72 72 72 72 72 73 74 76 77 78 78 79 79 79 81 81 82 82 83 83 82 83 83 84 84 84 85 84 84 84 84 84 84 84 85 85 85 85 86 86 86 87 88 88 88 88 88 88 89 90 90 89 89 89 89 90 91 91 91 91 91 92 92 94 93 93 92 93 92 93 93 94 94 93 93 92 92 92 93 93 94 95 95 95 95 96 96 96 96 97 99 99 97 93 88 82 77 74 72 72 72 72 71 72 72 0 0 76 76 77 78 81 84 87 90 93 99 92 
0 70 77 76 77 77 76 76 76 75 75 74 74 73 73 73 73 72 72 73 73 73 74 74 74 74 73 73 73 73 73 73 73 72 71 71 70 68 67 67 68 69 70 70 71 71 71 72 72 73 73 73 73 73 73 74 75 76 76 76 76 77 77 78 79 80 81 82 82 83 83 84 85 85 86 86 86 86 86 87 87 88 88 89 89 89 89 89 89 89 89 89 89 90 90 90 91 91 91 92 93 93 93 94 94 94 94 95 95 95 95 95 95 96 96 97 96 96 96 97 97 98 97 97 97 97 97 97 98 98 98 98 98 97 97 97 97 98 99 99 100 100 99 100 100 100 100 102 103 103 100 95 88 80 76 73 71 71 71 70 69 71 0 0 0 75 76 76 77 79 82 85 89 92 90 101 
80 72 76 75 75 75 75 75 76 75 74 74 74 72 72 72 72 71 71 71 71 71 72 72 72 72 72 72 71 71 71 71 71 70 70 70 70 70 69 69 70 71 71 72 73 74 74 74 75 75 76 76 76 76 77 78 79 79 80 80 81 81 81 82 83 84 85 86 87 87 88 88 88 88 89 89 90 90 91 91 92 92 92 93 94 94 94 94 94 94 94 94 95 96 96 96 96 97 97 97 98 99 99 99 99 99 99 100 100 101 101 101 101 102 101 102 101 101 101 102 102 103 102 102 102 102 102 102 102 103 102 102 102 102 102 102 103 103 104 104 104 104 103 104 104 104 105 107 108 108 103 97 88 80 75 72 70 70 70 68 68 0 0 0 0 74 75 75 76 78 81 84 89 92 100 96 
83 74 75 74 74 75 74 74 74 74 73 73 73 72 71 71 71 70 69 69 68 69 69 69 69 70 70 70 70 71 71 71 71 71 71 72 72 73 73 73 73 74 74 75 76 77 77 78 78 78 78 79 79 79 80 82 82 83 84 84 85 85 86 86 88 89 89 90 91 91 92 92 93 93 93 94 95 95 95 95 96 96 96 96 98 98 98 98 99 98 99 99 100 100 100 100 100 101 101 101 102 102 103 103 103 103 103 104 104 105 105 106 106 106 106 106 106 106 106 107 107 107 107 107 107 107 107 107 107 107 107 107 108 107 107 107 108 108 108 109 109 108 107 108 107 108 109 111 113 112 106 99 90 81 75 72 70 70 70 67 67 0 0 0 0 74 74 73 74 76 79 83 88 91 99 91 
71 73 75 74 74 74 73 73 73 73 72 72 72 71 71 70 69 68 67 67 67 67 68 69 69 70 70 71 71 73 73 73 73 73 73 74 75 76 76 77 77 77 78 79 80 80 81 81 82 82 82 83 83 84 85 86 86 87 88 88 89 90 90 91 92 92 93 93 94 94 94 94 95 95 95 96 96 96 97 96 97 97 97 97 98 98 99 99 98 98 98 99 99 99 99 100 100 100 100 100 101 101 102 102 102 102 102 103 103 104 104 105 105 106 106 107 107 107 107 107 107 108 108 109 109 109 109 109 109 110 110 110 111 111 111 112 112 112 113 112 113 112 111 111 111 112 114 116 118 117 110 103 93 82 76 72 70 69 69 66 0 0 0 0 0 71 72 73 74 76 79 82 87 90 98 91 
78 76 75 73 73 73 72 72 72 71 71 70 70 70 70 69 69 68 67 67 68 68 69 70 70 71 72 74 74 75 76 75 75 76 76 77 78 79 80 81 81 81 82 83 83 84 84 85 85 85 85 87 87 88 88 89 89 90 91 91 91 92 92 92 92 93 93 92 93 93 94 94 95 94 95 95 95 95 95 95 95 95 96 97 97 98 98 98 97 98 98 98 98 99 99 99 99 100 99 99 100 100 100 101 101 101 101 101 102 103 103 103 104 104 105 105 105 106 106 106 106 107 107 108 108 109 109 109 109 109 109 110 111 111 111 111 112 112 113 113 113 113 113 113 113 114 115 118 120 120 114 106 95 84 76 71 69 69 69 0 0 0 0 0 0 71 71 73 74 75 78 82 86 89 103 92 
86 74 73 72 72 71 71 70 71 70 70 70 70 70 71 71 71 71 70 69 70 70 71 72 72 74 75 76 76 77 78 78 78 79 80 80 81 83 83 83 84 85 85 86 86 87 87 87 87 87 87 88 88 88 89 89 89 90 90 90 91 91 91 91 91 92 91 91 91 92 92 93 93 94 94 94 95 95 95 96 96 95 95 95 95 95 95 94 94 94 94 94 95 95 95 95 95 95 95 95 95 95 96 96 96 96 97 97 98 99 99 100 100 101 101 101 101 102 102 103 103 104 105 107 107 108 108 107 107 108 108 109 110 110 111 111 111 111 112 112 111 111 111 111 111 112 114 116 118 119 113 105 95 85 76 70 69 68 0 0 0 0 0 0 0 0 70 72 73 75 77 81 85 88 89 96 
74 70 72 71 71 71 71 71 71 70 71 71 71 71 71 72 72 72 72 72 71 72 73 74 75 76 77 78 79 80 81 81 81 82 83 83 84 85 85 84 84 84 84 85 86 87 87 87 87 87 87 87 87 87 87 87 87 88 88 88 88 88 88 87 87 87 86 85 86 86 87 89 91 92 93 94 94 94 95 95 95 93 91 89 89 89 90 91 93 93 93 93 94 94 94 94 94 94 94 93 94 94 94 94 95 95 95 96 97 97 98 99 99 100 100 100 100 101 99 98 97 97 99 102 104 106 107 107 107 107 108 108 109 109 109 109 109 110 110 110 110 110 109 109 110 111 112 114 116 117 112 103 96 86 76 69 69 0 0 0 0 0 0 0 0 64 68 71 72 74 76 80 84 88 99 91 
67 67 72 71 71 71 71 71 72 72 72 72 72 72 73 74 73 74 74 74 74 74 75 76 77 78 79 81 82 82 82 82 82 82 83 83 84 84 84 84 83 83 84 84 84 85 84 84 83 83 83 83 83 83 83 82 81 81 81 82 84 85 87 86 85 85 84 84 84 83 85 87 88 90 93 93 94 94 94 94 94 91 89 87 86 85 87 89 91 91 91 91 91 92 91 92 92 92 92 92 92 92 92 93 93 94 94 94 95 96 96 97 97 98 99 98 99 100 97 96 95 93 95 99 102 104 106 107 107 107 108 108 108 108 109 109 109 109 109 109 109 108 108 108 109 110 110 112 114 116 111 102 96 87 75 65 0 0 0 0 0 0 0 0 0 0 67 70 72 74 75 79 83 86 88 88 
68 69 72 72 72 72 72 73 73 73 74 74 74 74 74 75 75 76 76 76 75 76 76 77 78 79 79 81 81 81 82 82 82 82 82 81 82 81 81 80 79 79 79 79 80 81 81 82 82 82 82 82 81 82 81 80 79 79 79 80 82 84 85 85 83 83 82 81 81 80 82 84 86 88 92 93 93 94 94 94 93 89 86 83 81 79 83 86 89 89 88 89 89 89 89 89 88 89 88 88 88 89 89 89 90 90 90 91 92 92 93 94 94 95 95 95 96 97 93 91 90 88 91 95 99 101 105 106 106 106 107 108 108 108 108 108 108 108 108 108 108 108 108 108 108 109 109 111 113 114 111 103 98 91 78 62 0 0 0 0 0 0 0 0 0 0 67 69 71 73 75 78 83 86 92 95 
72 68 72 73 73 74 74 74 75 75 76 76 76 76 76 77 76 77 77 77 76 77 77 78 78 79 79 79 80 80 80 80 80 79 79 79 79 79 80 79 78 78 78 77 78 79 80 81 82 81 80 80 79 79 78 77 76 75 75 77 78 80 82 80 79 79 78 77 77 75 77 81 84 86 91 92 93 93 93 93 93 87 84 79 75 70 73 77 82 80 80 81 81 81 80 80 79 79 78 78 78 79 80 80 80 81 80 82 83 85 86 87 86 88 88 87 88 89 83 81 80 79 85 92 96 99 105 106 106 106 107 107 107 108 108 108 108 108 107 107 107 107 107 107 107 108 108 109 111 113 109 102 99 93 80 64 0 0 0 0 0 0 0 0 0 0 66 67 69 72 74 77 82 85 94 90 
71 81 74 75 74 75 75 76 76 77 77 77 77 76 76 76 76 76 76 76 76 76 77 77 77 78 78 78 79 79 80 80 79 78 77 77 77 77 78 78 76 75 75 75 75 77 77 78 79 78 77 76 76 76 74 72 71 68 68 68 70 70 73 70 67 67 68 67 68 67 73 78 82 85 90 92 93 93 93 92 91 84 81 75 68 57 0 0 0 0 0 0 0 0 0 0 0 0 0 0 0 0 0 0 0 0 0 0 0 0 0 0 0 0 0 0 0 0 0 0 0 68 80 89 95 98 105 106 106 106 107 107 107 107 107 107 107 107 107 107 107 107 107 107 107 107 107 107 109 111 108 101 99 93 81 63 0 0 0 0 0 0 0 0 0 0 65 68 70 71 73 77 81 85 95 87 
73 73 75 75 75 75 75 75 76 77 77 77 77 76 76 76 75 75 75 75 75 76 76 76 77 77 78 77 78 79 80 79 78 76 75 73 73 74 75 75 73 72 72 70 69 70 71 71 72 69 69 67 66 67 66 62 59 55 51 0 0 0 0 0 0 0 0 0 0 65 75 80 83 85 90 92 93 92 93 93 91 84 82 78 72 58 0 0 0 0 0 0 0 0 0 0 0 0 0 0 0 0 0 0 0 0 0 0 0 0 0 0 0 0 0 0 0 0 0 0 0 72 85 92 95 97 104 105 106 106 106 106 107 106 107 107 107 107 107 106 107 107 106 106 106 106 106 106 107 109 107 101 99 95 84 65 0 0 0 0 0 0 0 0 0 0 0 68 69 71 73 76 80 84 84 92 
74 80 75 75 75 75 75 75 75 76 76 76 76 76 75 75 74 73 73 73 74 75 76 77 77 77 78 77 78 78 79 78 76 74 72 69 66 68 68 68 66 63 63 61 59 0 0 0 0 0 0 0 0 0 0 0 0 0 0 0 0 0 0 0 0 0 0 0 0 66 75 80 83 85 90 92 92 92 92 92 90 84 82 78 71 58 0 0 0 0 0 0 0 0 0 0 0 0 0 0 0 0 0 0 0 0 0 0 0 0 0 0 0 0 0 0 0 0 0 0 0 72 84 91 95 96 103 105 106 106 106 106 106 106 106 106 106 106 106 106 106 106 105 105 105 105 105 105 106 108 107 102 101 98 89 72 0 0 0 0 0 0 0 0 0 0 0 68 68 70 72 75 79 83 88 86 
69 76 74 74 74 74 73 73 74 74 74 74 74 75 75 74 73 73 72 72 74 75 76 77 77 77 77 77 77 79 79 78 75 73 71 67 59 0 0 0 0 0 0 0 0 0 0 0 0 0 0 0 0 0 0 0 0 0 0 0 0 0 0 0 0 0 0 0 0 68 76 81 84 85 90 91 92 92 92 92 91 84 82 78 71 57 0 0 0 0 0 0 0 0 0 0 0 0 0 0 0 0 0 0 0 0 0 0 0 0 0 0 0 0 0 0 0 0 0 0 0 73 83 91 94 96 103 105 105 105 106 105 106 105 105 105 106 106 105 105 105 106 105 105 105 105 104 104 105 107 107 101 100 97 89 72 0 0 0 0 0 0 0 0 0 0 0 69 69 71 72 75 78 81 90 84 
75 74 73 73 73 73 73 73 73 73 73 73 73 74 74 73 72 71 69 69 71 73 74 76 77 76 77 77 77 78 79 78 75 74 71 67 0 0 0 0 0 0 0 0 0 0 0 0 0 0 0 0 0 0 0 0 0 0 0 0 0 0 0 48 48 48 47 0 0 69 76 81 84 86 91 92 92 92 92 92 90 83 81 78 70 56 0 0 0 0 0 0 0 0 0 0 0 0 0 0 0 0 0 0 0 0 0 0 0 0 0 0 0 0 0 0 0 0 0 0 0 71 81 89 93 95 102 105 105 105 105 105 105 105 105 105 105 106 106 105 105 105 104 104 104 104 104 104 105 106 107 101 100 97 90 73 0 0 0 0 0 0 0 0 0 0 0 0 69 71 72 75 77 81 83 86 
68 70 72 72 72 72 72 72 73 73 72 73 73 73 73 71 69 68 66 66 69 72 73 76 76 76 77 77 77 78 79 77 75 74 71 66 0 0 0 0 0 0 0 0 0 0 0 0 0 0 0 0 0 0 0 0 0 0 0 0 0 0 51 49 49 49 48 47 0 70 78 82 85 86 91 92 92 92 92 92 91 84 82 79 72 57 0 0 0 0 0 0 0 0 0 0 0 0 0 0 0 0 0 0 0 0 0 0 0 0 0 0 0 0 0 0 0 0 0 0 0 68 79 88 92 94 102 104 104 105 105 105 105 105 105 105 105 105 105 105 105 105 104 104 104 104 104 104 104 106 106 101 98 96 90 73 0 0 0 0 0 0 0 0 0 0 0 0 67 69 71 73 76 80 81 90 
73 65 72 71 72 72 71 72 72 72 72 72 72 72 72 70 68 66 63 64 68 71 72 75 76 76 76 77 77 78 78 76 75 74 72 66 0 0 0 0 0 0 0 0 0 0 0 0 0 0 0 0 0 0 0 0 0 0 0 0 0 50 49 48 48 48 47 46 46 65 78 82 85 86 91 92 92 92 91 91 90 83 81 78 72 58 0 0 0 0 0 0 0 0 0 0 0 0 0 0 0 0 0 0 0 0 0 0 0 0 0 0 0 0 0 0 0 0 0 0 0 65 78 86 91 93 101 104 105 105 105 104 104 105 104 105 105 106 105 105 105 105 104 104 104 104 103 104 105 106 107 103 100 98 92 77 0 0 0 0 0 0 0 0 0 0 0 0 67 69 70 73 75 79 80 92 
72 70 71 70 71 71 71 71 72 72 71 72 71 72 72 69 67 66 63 64 69 71 72 75 76 76 76 77 77 78 78 76 75 75 72 66 0 0 0 0 0 0 0 0 0 0 0 0 0 0 0 0 0 0 0 0 0 0 0 0 0 50 49 48 48 48 47 46 46 64 78 82 85 86 91 92 92 92 92 92 90 83 81 77 70 56 0 0 0 0 0 0 0 0 0 0 0 0 0 0 0 0 0 0 0 0 0 0 0 0 0 0 0 0 0 0 0 0 0 0 0 63 76 85 90 93 101 104 104 105 104 104 104 104 104 105 105 106 105 105 105 105 105 104 104 104 104 104 104 105 106 102 98 95 90 75 0 0 0 0 0 0 0 0 0 0 0 0 65 68 70 72 75 79 84 87 
74 71 71 70 70 71 70 71 72 71 71 71 71 71 71 69 67 66 65 66 69 72 72 75 76 76 76 77 77 77 78 75 75 74 71 64 0 0 0 0 0 0 0 0 0 0 0 0 0 0 0 0 0 0 0 0 0 0 0 0 0 50 50 49 48 48 47 46 46 63 77 82 85 86 91 92 92 92 92 91 90 83 80 77 70 56 0 0 0 0 0 0 0 0 0 0 0 0 0 0 0 0 0 0 0 0 0 0 0 0 0 0 0 0 0 0 0 0 0 0 0 59 74 83 88 92 101 104 104 104 104 104 104 104 104 104 105 106 105 105 105 105 104 104 103 104 103 103 104 105 106 103 97 95 89 75 0 0 0 0 0 0 0 0 0 0 0 0 65 67 69 72 74 79 84 89 
72 67 71 70 70 70 70 70 71 71 70 71 71 71 71 69 68 67 66 67 70 72 73 74 75 75 76 77 77 77 77 75 74 74 71 64 0 0 0 0 0 0 0 0 0 0 0 0 0 0 0 0 0 0 0 0 0 0 0 0 0 50 50 48 48 48 46 45 0 61 77 81 84 86 91 92 92 92 92 91 90 83 80 77 71 56 0 0 0 0 0 0 0 0 0 0 0 0 0 0 0 0 0 0 0 0 0 0 0 0 0 0 0 0 0 0 0 0 0 0 0 55 72 82 87 91 100 103 104 104 104 104 104 104 104 104 104 104 104 104 105 104 104 104 103 103 102 102 103 104 105 104 96 94 89 75 55 0 0 0 0 0 0 0 0 0 0 0 64 66 68 70 74 78 80 88 
69 70 70 69 70 70 70 70 70 70 70 70 70 70 70 69 69 69 68 69 71 73 73 74 75 75 76 77 77 77 77 75 74 74 71 65 0 0 0 0 0 0 0 0 0 0 0 0 0 0 0 0 0 0 0 0 0 0 0 0 0 0 0 46 45 45 44 0 0 59 75 80 84 85 91 92 92 92 92 91 90 83 80 77 70 56 0 0 0 0 0 0 0 0 0 0 0 0 0 0 0 0 0 0 0 0 0 0 0 0 0 0 0 0 0 0 0 0 0 0 0 52 70 80 85 89 100 103 103 104 104 104 104 104 104 104 104 104 104 104 104 104 104 103 103 102 102 102 102 103 105 104 97 95 91 79 58 0 0 0 0 0 0 0 0 0 0 0 64 66 68 70 73 77 85 82 
73 66 69 69 69 70 70 70 70 70 70 70 71 70 71 70 70 70 71 71 72 73 74 75 75 76 77 77 77 77 77 74 74 73 70 64 0 0 0 0 0 0 0 0 0 0 0 0 0 0 0 0 0 0 0 0 0 0 0 0 0 0 0 0 0 0 0 0 0 62 75 80 83 85 91 92 92 92 92 92 90 83 81 77 71 56 0 0 0 0 0 0 0 0 0 0 0 0 0 0 0 0 0 0 0 0 0 0 0 0 0 0 0 0 0 0 0 0 0 0 0 49 67 78 84 88 99 102 103 103 104 104 104 103 103 103 104 104 104 104 104 104 104 103 102 102 102 101 101 102 104 103 95 93 89 78 59 0 0 0 0 0 0 0 0 0 0 0 65 66 67 69 72 76 79 82 
71 67 69 69 69 70 70 70 70 70 70 70 70 70 71 71 71 71 72 72 73 73 74 74 75 76 76 76 77 77 77 74 74 73 71 64 0 0 0 0 0 0 0 0 0 0 0 0 0 0 0 0 0 0 0 0 0 0 0 0 0 0 0 0 0 0 0 0 0 64 76 81 84 85 91 91 92 92 92 92 90 83 81 78 71 56 0 0 0 0 0 0 0 0 0 0 0 0 0 0 0 0 0 0 0 0 0 0 0 0 0 0 0 0 0 0 0 0 0 0 0 45 66 79 85 89 98 102 103 103 104 104 103 103 103 103 103 103 103 103 103 103 103 102 102 101 101 100 101 102 104 104 96 95 91 82 63 0 0 0 0 0 0 0 0 0 0 0 65 66 67 69 71 74 80 81 
67 76 70 69 69 70 70 70 70 70 69 69 70 70 71 71 71 71 72 72 73 73 74 74 74 75 76 76 76 76 77 74 73 72 71 64 0 0 0 0 0 0 0 0 0 0 0 0 0 0 0 0 0 0 0 0 0 0 0 0 0 0 0 0 0 0 0 0 0 64 76 81 84 85 91 91 91 91 92 91 90 83 81 77 71 56 0 0 0 0 0 0 0 0 0 0 0 0 0 0 0 0 0 0 0 0 0 0 0 0 0 0 0 0 0 0 0 0 0 0 0 0 67 80 87 90 98 102 103 103 104 104 104 103 103 103 103 103 103 103 103 103 103 103 102 101 101 100 101 102 103 104 98 96 94 86 69 0 0 0 0 0 0 0 0 0 0 0 65 65 66 68 71 74 80 82 
71 64 69 69 69 69 69 69 69 70 69 69 70 70 70 71 71 71 72 72 73 74 74 75 75 76 76 76 76 76 76 74 73 73 70 65 0 0 0 0 0 0 0 0 0 0 0 0 0 0 0 0 0 0 0 0 0 0 0 0 0 0 0 0 0 0 0 0 0 66 77 81 84 85 90 91 91 91 91 91 90 82 80 76 70 55 0 0 0 0 0 0 0 0 0 0 0 0 0 0 0 0 0 0 0 0 0 0 0 0 0 0 0 0 0 0 0 0 0 0 0 0 69 83 88 92 98 102 104 103 104 104 104 103 104 104 104 104 104 104 104 103 103 103 102 102 101 101 101 102 104 105 99 98 96 90 73 0 0 0 0 0 0 0 0 0 0 0 64 64 66 68 70 74 77 78 
71 70 69 69 68 69 69 69 69 69 69 69 70 70 71 71 71 71 72 73 73 74 74 75 75 76 76 76 76 76 76 73 72 71 68 61 0 0 0 0 0 0 0 0 0 0 0 0 0 0 0 0 0 0 0 0 0 0 0 0 0 0 0 0 0 0 0 0 0 67 78 82 84 85 90 91 91 91 92 91 90 82 80 76 69 54 0 0 0 0 0 0 0 0 0 0 0 0 0 0 0 0 0 0 0 0 0 0 0 0 0 0 0 0 0 0 0 0 0 0 0 0 73 85 91 94 97 103 104 103 104 104 104 103 104 104 104 104 104 104 104 103 103 103 102 102 101 101 101 103 104 105 100 99 97 91 75 0 0 0 0 0 0 0 0 0 0 0 63 64 64 67 70 74 84 88 
70 71 69 68 68 69 69 69 69 69 69 69 70 70 70 71 71 72 72 73 73 74 74 74 75 75 76 76 76 76 76 73 72 71 68 61 0 0 0 0 0 0 0 0 0 0 0 0 0 0 0 0 0 0 0 0 0 0 0 0 0 0 0 0 0 0 0 0 0 68 78 82 83 85 90 91 91 91 92 91 89 82 80 76 69 54 0 0 0 0 0 0 0 0 0 0 0 0 0 0 0 0 0 0 0 0 0 0 0 0 0 0 0 0 0 0 0 0 0 0 0 0 78 89 94 96 97 103 103 103 103 103 103 104 104 104 104 104 104 104 104 103 103 103 102 102 101 102 102 103 104 106 101 100 99 94 77 0 0 0 0 0 0 0 0 0 0 0 62 63 64 67 70 74 81 83 
67 65 69 68 68 69 69 68 69 69 69 69 70 70 70 71 71 72 72 73 73 73 73 74 74 75 75 75 76 76 76 72 72 70 66 58 0 0 0 0 0 0 0 0 0 0 0 0 0 0 0 0 0 0 0 0 0 0 0 0 0 0 0 0 0 0 0 0 0 68 78 82 84 85 90 91 91 91 92 91 89 82 80 75 68 53 0 0 0 0 0 0 0 0 0 0 0 0 0 0 0 0 0 0 0 0 0 0 0 0 0 0 0 0 0 0 0 0 0 0 0 0 75 87 92 95 96 102 103 103 103 103 103 103 103 104 104 104 104 104 104 103 103 103 102 102 101 101 101 102 103 106 101 100 99 95 78 0 0 0 0 0 0 0 0 0 0 0 63 64 65 67 70 74 85 82 
74 71 68 67 67 68 68 68 68 69 69 69 69 70 70 70 71 72 72 72 73 73 73 74 74 75 75 75 76 76 76 72 71 69 65 56 0 0 0 0 0 0 0 0 0 0 0 0 0 0 0 0 0 0 0 0 0 0 0 0 0 0 0 0 0 0 0 0 0 69 78 82 84 85 90 91 91 91 92 91 90 83 81 77 70 56 0 0 0 0 0 0 0 0 0 0 0 0 0 0 0 0 0 0 0 0 0 0 0 0 0 0 0 0 0 0 0 0 0 0 0 0 75 86 92 94 96 102 103 103 103 103 103 104 104 104 104 104 104 104 103 103 102 102 101 101 100 101 101 102 103 106 102 101 100 96 80 0 0 0 0 0 0 0 0 0 0 0 64 65 65 67 70 73 83 81 
68 65 68 67 67 68 68 68 68 69 69 69 69 70 70 71 71 72 72 73 73 73 73 74 74 74 75 75 76 76 76 72 71 68 64 53 0 0 0 0 0 0 0 0 0 0 0 0 0 0 0 0 0 0 0 0 0 0 0 0 0 0 0 0 0 0 0 0 0 70 78 82 84 85 90 91 91 91 92 91 90 83 81 77 70 56 0 0 0 0 0 0 0 0 0 0 0 0 0 0 0 0 0 0 0 0 0 0 0 0 0 0 0 0 0 0 0 0 0 0 0 0 73 85 91 94 96 102 103 103 103 103 103 103 103 104 104 103 103 103 103 102 102 102 101 101 100 100 101 101 102 105 102 99 98 94 77 0 0 0 0 0 0 0 0 0 0 0 64 65 65 67 69 73 76 81 
70 69 68 67 68 68 68 68 68 69 69 69 69 69 69 70 71 71 72 72 73 73 74 74 75 74 75 76 76 76 75 72 71 69 65 0 0 0 0 0 0 0 0 0 0 0 0 0 0 0 0 0 0 0 0 0 0 0 0 0 0 0 0 0 0 0 0 0 0 71 79 83 84 85 90 90 91 91 91 91 90 83 81 77 71 56 0 0 0 0 0 0 0 0 0 0 0 0 0 0 0 0 0 0 0 0 0 0 0 0 0 0 0 0 0 0 0 0 0 0 0 0 71 85 90 93 96 102 103 103 103 102 103 103 103 103 104 103 103 103 103 102 102 102 102 101 100 100 101 101 103 106 103 100 99 95 80 0 0 0 0 0 0 0 0 0 0 0 64 65 66 67 69 73 75 79 
68 63 67 67 68 67 68 68 68 69 69 69 69 69 69 70 70 71 72 72 72 73 73 73 74 74 74 75 76 76 75 73 72 69 64 0 0 0 0 0 0 0 0 0 0 0 0 0 0 0 0 0 0 0 0 0 0 0 0 0 0 0 0 0 0 0 0 0 0 73 80 83 85 86 90 91 91 91 91 91 90 82 80 76 69 54 0 0 0 0 0 0 0 0 0 0 0 0 0 0 0 0 0 0 0 0 0 0 0 0 0 0 0 0 0 0 0 0 0 0 0 0 70 84 90 93 96 102 103 104 104 103 103 103 103 103 104 103 103 103 103 102 102 102 102 101 100 100 100 101 103 105 103 99 97 92 78 0 0 0 0 0 0 0 0 0 0 0 64 65 66 67 69 72 77 77 
67 63 66 67 67 67 67 68 68 68 68 69 69 69 69 70 70 70 72 72 72 73 74 74 75 75 74 75 76 76 75 74 73 71 66 0 0 0 0 0 0 0 0 0 0 0 0 0 0 0 0 0 0 0 0 0 0 0 0 0 0 0 0 0 0 0 0 0 0 73 80 83 85 86 90 91 91 91 91 91 90 83 79 74 67 52 0 0 0 0 0 0 0 0 0 0 0 0 0 0 0 0 0 0 0 0 0 0 0 0 0 0 0 0 0 0 0 0 0 0 0 0 71 84 90 93 96 102 104 104 104 103 103 104 104 104 104 104 103 103 102 102 102 102 102 102 101 101 101 102 103 106 104 98 96 91 78 0 0 0 0 0 0 0 0 0 0 0 63 65 65 67 69 73 79 83 
67 68 66 67 67 67 68 68 68 68 68 68 69 68 69 70 70 71 72 72 72 73 73 73 74 74 74 75 76 76 75 75 74 72 68 0 0 0 0 0 0 0 0 0 0 0 0 0 0 0 0 0 0 0 0 0 0 0 0 0 0 0 0 0 0 0 0 0 0 74 81 84 86 87 90 91 91 91 91 91 90 82 78 73 65 49 0 0 0 0 0 0 0 0 0 0 0 0 0 0 0 0 0 0 0 0 0 0 0 0 0 0 0 0 0 0 0 0 0 0 0 0 70 84 89 93 95 102 104 105 105 104 104 104 104 104 105 104 104 103 103 102 102 102 102 102 101 101 101 102 103 106 104 96 94 89 77 55 0 0 0 0 0 0 0 0 0 0 62 65 65 67 69 72 72 84 
62 71 66 67 67 67 68 68 68 68 68 68 68 68 69 69 70 70 71 72 72 73 73 73 74 74 74 75 76 76 75 74 74 72 68 0 0 0 0 0 0 0 0 0 0 0 0 0 0 0 0 0 0 0 0 0 0 0 0 0 0 0 0 0 0 0 0 0 0 75 82 85 86 87 90 91 91 91 91 91 90 81 77 72 65 48 0 0 0 0 0 0 0 0 0 0 0 0 0 0 0 0 0 0 0 0 0 0 0 0 0 0 0 0 0 0 0 0 0 0 0 0 69 84 89 93 95 102 104 104 104 103 103 104 104 104 105 105 104 103 103 102 103 103 103 103 102 102 102 103 104 106 105 97 94 90 78 57 0 0 0 0 0 0 0 0 0 0 64 64 65 67 69 72 84 79 
65 67 66 67 67 67 67 68 68 68 68 68 68 68 69 70 70 71 72 72 72 73 73 73 74 74 74 75 76 76 74 74 74 72 68 0 0 0 0 0 0 0 0 0 0 0 0 0 0 0 0 0 0 0 0 0 0 0 0 0 0 0 0 0 0 0 0 0 0 69 79 83 85 88 91 91 91 91 92 91 90 81 77 72 64 47 0 0 0 0 0 0 0 0 0 0 0 0 0 0 0 0 0 0 0 0 0 0 0 0 0 0 0 0 0 0 0 0 0 0 0 0 68 84 90 93 95 103 104 105 105 104 104 104 104 104 105 104 103 103 102 102 102 102 102 102 102 102 102 102 103 105 105 96 94 90 79 59 0 0 0 0 0 0 0 0 0 0 0 65 66 67 69 72 72 80 
66 72 66 67 67 67 67 67 68 67 67 67 67 68 69 69 70 71 72 72 72 73 73 73 74 74 74 75 75 76 74 74 73 72 67 0 0 0 0 0 0 0 0 0 0 0 0 0 0 0 0 0 0 0 0 0 0 0 0 0 0 0 0 0 0 0 0 0 0 66 76 80 83 88 91 91 92 92 92 92 91 82 76 71 63 47 0 0 0 0 0 0 0 0 0 0 0 0 0 0 0 0 0 0 0 0 0 0 0 0 0 0 0 0 0 0 0 0 0 0 0 0 67 82 89 93 95 103 104 105 104 104 104 104 104 104 105 104 103 103 103 102 102 102 102 102 102 102 102 102 103 106 106 97 96 92 81 62 0 0 0 0 0 0 0 0 0 0 0 65 65 67 69 72 78 80 
65 63 66 67 67 67 67 67 67 67 67 67 68 68 69 70 70 71 71 72 73 73 74 74 74 74 75 75 75 75 73 73 72 71 66 0 0 0 0 0 0 0 0 0 0 0 0 0 0 0 0 0 0 0 0 0 0 0 0 0 0 0 0 0 0 0 0 0 0 63 74 78 81 89 91 91 92 92 92 92 91 82 76 71 63 48 0 0 0 0 0 0 0 0 0 0 0 0 0 0 0 0 0 0 0 0 0 0 0 0 0 0 0 0 0 0 0 0 0 0 0 0 62 79 87 91 96 103 105 104 104 104 104 104 104 104 104 104 103 103 103 103 102 102 102 102 101 101 102 102 103 106 106 98 97 94 84 64 0 0 0 0 0 0 0 0 0 0 0 65 66 67 69 71 73 81 
64 64 66 67 68 67 67 67 67 67 67 67 68 68 69 69 70 71 71 72 73 73 74 74 74 74 75 75 75 76 73 73 72 71 64 0 0 0 0 0 0 0 0 0 0 0 0 0 0 0 0 0 0 0 0 0 0 0 0 0 0 0 0 0 0 0 0 0 38 60 71 76 80 88 91 91 92 92 92 92 91 83 75 70 62 46 0 0 0 0 0 0 0 0 0 0 0 0 0 0 0 0 0 0 0 0 0 0 0 0 0 0 0 0 0 0 0 0 0 0 0 0 61 78 87 91 96 104 105 104 104 105 104 105 104 104 104 104 103 104 103 103 103 102 102 102 102 102 102 102 103 106 106 99 98 96 86 67 0 0 0 0 0 0 0 0 0 0 0 64 65 66 68 71 78 82 
64 64 66 67 67 67 67 67 67 67 67 67 67 67 69 69 70 71 72 72 73 74 74 74 74 74 75 75 75 76 73 73 72 70 63 0 0 0 0 0 0 0 0 0 0 0 0 0 0 0 0 0 0 0 0 0 0 0 0 0 0 0 0 0 0 0 0 0 38 56 69 74 78 89 91 92 92 92 92 92 91 83 74 69 61 46 39 0 0 0 0 0 0 0 0 0 0 0 0 0 0 0 0 0 0 0 0 0 0 0 0 0 0 0 0 0 0 0 0 0 0 0 61 78 87 91 96 104 105 105 105 105 105 105 104 104 104 104 103 104 103 103 103 102 102 101 101 101 101 102 103 105 107 100 99 97 89 70 0 0 0 0 0 0 0 0 0 0 0 64 65 66 68 70 74 77 
62 69 66 67 67 67 67 66 66 66 67 67 67 68 69 69 70 70 71 71 73 73 74 74 74 74 74 75 75 76 73 73 72 70 63 0 0 0 0 0 0 0 0 0 0 0 0 0 0 0 0 0 0 0 0 0 0 0 0 0 0 0 0 0 0 0 0 0 38 58 71 76 80 89 91 92 92 92 92 92 92 84 73 68 60 46 39 0 0 0 0 0 0 0 0 0 0 0 0 0 0 0 0 0 0 0 0 0 0 0 0 0 0 0 0 0 0 0 0 0 0 0 57 74 84 89 96 104 105 105 105 105 106 105 105 104 104 104 104 104 104 104 103 102 102 101 101 101 101 102 103 105 107 101 100 98 90 71 0 0 0 0 0 0 0 0 0 0 0 0 64 65 67 70 71 80 
61 66 66 66 66 66 67 66 66 66 67 67 68 68 69 69 70 70 71 72 73 74 73 73 73 74 74 75 75 76 73 73 72 70 63 0 0 0 0 0 0 0 0 0 0 0 0 0 0 0 0 0 0 0 0 0 0 0 0 0 0 0 0 0 0 38 0 0 37 58 71 77 80 89 92 93 92 93 93 93 92 84 73 68 60 46 39 0 0 0 0 0 0 0 0 0 0 0 0 0 0 0 0 0 0 0 0 0 0 0 0 0 0 0 0 0 0 0 0 0 0 0 57 74 84 89 96 104 106 105 105 105 105 105 105 104 104 104 104 104 104 104 103 102 102 101 101 101 101 102 103 105 107 101 100 98 91 73 0 0 0 0 0 0 0 0 0 0 0 0 64 64 67 69 70 75 
67 67 66 66 67 67 67 67 67 66 66 67 68 68 69 69 69 70 71 71 73 73 73 73 74 74 74 75 75 76 73 73 71 69 61 0 0 0 0 0 0 0 0 0 0 0 0 0 0 0 0 0 0 0 0 0 0 0 0 0 0 0 0 0 0 38 0 0 37 59 72 77 80 89 92 93 93 93 93 93 92 84 73 69 61 47 39 0 0 0 0 0 0 0 0 0 0 0 0 0 0 0 0 0 0 0 0 0 0 0 0 0 0 0 0 0 0 0 0 0 0 0 56 74 83 89 96 104 106 105 106 105 106 106 105 104 105 104 104 104 104 104 103 103 102 101 101 100 101 101 103 105 107 101 100 98 91 73 0 0 0 0 0 0 0 0 0 0 0 0 0 61 65 69 66 73 
63 67 65 66 66 66 66 66 66 66 67 68 68 68 69 69 69 70 71 71 72 73 74 74 74 74 74 75 75 76 73 73 71 69 62 0 0 0 0 0 0 0 0 0 0 0 0 0 0 0 0 0 0 0 0 0 0 0 0 0 0 0 0 0 39 38 37 37 37 59 72 77 81 90 92 93 93 93 93 93 92 85 74 70 62 48 40 0 0 0 0 0 0 0 0 0 0 0 0 0 0 0 0 0 0 0 0 0 0 0 0 0 0 0 0 0 0 0 0 0 0 0 53 71 81 86 96 105 106 106 106 106 106 106 106 105 104 104 104 104 104 104 103 102 101 101 101 101 101 101 102 104 106 100 100 98 91 72 0 0 0 0 0 0 0 0 0 0 0 0 0 0 64 69 0 74 
70 63 65 66 66 66 66 65 65 66 66 68 68 69 69 69 69 70 71 71 72 73 73 74 74 74 74 75 75 76 74 73 72 71 63 0 0 0 0 0 0 0 0 0 0 0 0 0 0 0 0 0 0 0 0 0 0 0 0 0 0 0 0 0 39 39 0 0 38 62 72 77 81 90 92 93 93 93 93 93 92 85 75 70 62 49 41 0 0 0 0 0 0 0 0 0 0 0 0 0 0 0 0 0 0 0 0 0 0 0 0 0 0 0 0 0 0 0 0 0 0 0 53 71 81 86 96 105 106 106 106 106 106 106 106 105 105 104 104 104 104 103 102 102 101 101 100 100 101 102 103 104 107 100 99 97 90 70 0 0 0 0 0 0 0 0 0 0 0 0 0 0 0 70 67 73 
60 65 66 66 66 66 66 66 66 67 67 67 68 68 69 69 69 71 71 72 73 73 73 74 74 74 74 75 75 75 73 73 72 71 63 0 0 0 0 0 0 0 0 0 0 0 0 0 0 0 0 0 0 0 0 0 0 0 0 0 0 0 0 38 38 37 0 0 39 60 70 76 79 90 92 93 93 92 92 93 92 85 75 71 63 49 42 0 0 0 0 0 0 0 0 0 0 0 0 0 0 0 0 0 0 0 0 0 0 0 0 0 0 0 0 0 0 0 0 0 0 0 54 71 81 87 96 105 107 107 107 107 107 107 106 105 105 104 104 104 104 103 103 102 101 101 100 100 101 101 102 104 107 100 99 97 90 69 0 0 0 0 0 0 0 0 0 0 0 0 0 0 0 69 60 70 
61 66 66 66 66 66 66 65 65 66 66 67 67 68 68 69 69 71 71 71 72 73 73 74 75 74 75 75 75 75 73 72 71 69 62 0 0 0 0 0 0 0 0 0 0 0 0 0 0 0 0 0 0 0 0 0 0 0 0 0 0 0 38 38 38 38 0 0 40 60 70 75 79 89 92 92 92 92 92 93 92 85 75 71 64 51 42 0 0 0 0 0 0 0 0 0 0 0 0 0 0 0 0 0 0 0 0 0 0 0 0 0 0 0 0 0 0 0 0 0 0 45 53 70 80 86 96 106 108 108 108 107 107 107 106 106 105 104 104 104 103 103 103 102 101 101 100 100 101 101 102 104 106 100 99 97 90 70 0 0 0 0 0 0 0 0 0 0 0 0 0 0 0 69 0 76 
69 71 66 66 66 66 65 65 65 66 66 67 67 68 69 70 70 71 72 71 72 72 73 73 74 74 75 75 75 75 73 73 72 70 65 0 0 0 0 0 0 0 0 0 0 0 0 0 0 0 0 0 0 0 0 0 0 0 0 0 0 0 38 38 38 38 0 0 42 62 71 76 79 89 91 92 92 92 92 93 92 86 76 72 64 51 43 0 0 0 0 0 0 0 0 0 0 0 0 0 0 0 0 0 0 0 0 0 0 0 0 0 0 0 0 0 0 0 0 0 0 45 54 70 80 86 97 106 108 108 108 108 108 107 107 106 105 104 103 104 103 103 103 102 101 100 100 100 100 101 102 104 106 99 99 97 91 71 0 0 0 0 0 0 0 0 0 0 0 0 0 0 0 70 58 71 
59 62 66 66 66 66 66 65 65 65 66 67 67 68 69 69 70 71 71 71 72 72 73 74 74 74 75 75 75 75 73 72 71 70 65 0 0 0 0 0 0 0 0 0 0 0 0 0 0 0 0 0 0 0 0 0 0 0 0 0 0 0 38 38 38 0 0 0 44 63 72 76 79 89 91 91 92 92 92 93 92 86 76 72 65 53 44 0 0 0 0 0 0 0 0 0 0 0 0 0 0 0 0 0 0 0 0 0 0 0 0 0 0 0 0 0 0 0 0 0 0 44 53 70 80 86 97 106 108 108 108 108 108 108 107 106 106 104 104 104 103 103 103 103 101 101 100 100 100 100 101 103 106 100 99 98 92 73 0 0 0 0 0 0 0 0 0 0 0 0 0 0 0 70 0 79 
66 67 65 65 65 66 65 65 65 65 66 67 67 68 69 70 70 70 71 71 72 73 73 74 74 75 75 75 75 75 73 72 71 69 65 0 0 0 0 0 0 0 0 0 0 0 0 0 0 0 0 0 0 0 0 0 0 0 0 0 0 0 38 38 38 0 0 0 45 64 72 77 80 89 91 91 92 92 92 93 93 86 76 73 66 53 45 0 0 0 0 0 0 0 0 0 0 0 0 0 0 0 0 0 0 0 0 0 0 0 0 0 0 0 0 0 0 0 0 0 0 45 52 68 78 84 97 106 108 108 108 108 108 108 107 106 105 104 104 104 104 104 104 103 101 101 100 100 100 100 101 103 105 100 100 98 94 75 0 0 0 0 0 0 0 0 0 0 0 0 0 0 0 69 0 77 
66 63 65 65 65 66 65 65 65 65 66 67 68 69 69 70 69 70 70 71 72 72 73 74 74 74 75 75 76 76 73 73 71 69 61 0 0 0 0 0 0 0 0 0 0 0 0 0 0 0 0 0 0 0 0 0 0 0 0 0 0 0 0 0 0 0 0 0 45 65 73 77 81 90 91 92 92 93 94 94 93 87 77 73 66 54 46 0 0 0 0 0 0 0 0 0 0 0 0 0 0 0 0 0 0 0 0 0 0 0 0 0 0 0 0 0 0 0 0 0 0 45 53 68 78 84 96 106 108 108 108 108 108 108 107 106 105 104 104 104 103 103 103 102 101 101 101 100 100 101 101 103 105 100 100 99 94 76 0 0 0 0 0 0 0 0 0 0 0 0 0 0 0 70 61 69 
65 62 64 64 64 65 65 65 65 66 66 67 68 69 69 70 70 70 70 71 72 72 73 73 73 74 75 75 76 76 73 73 72 70 61 0 0 0 0 0 0 0 0 0 0 0 0 0 0 0 0 0 0 0 0 0 0 0 0 0 0 0 0 0 0 0 0 0 46 65 74 78 81 90 91 92 93 93 94 94 94 87 78 74 67 54 46 0 0 0 0 0 0 0 0 0 0 0 43 43 44 44 0 0 0 0 0 0 0 0 0 0 0 0 0 0 0 0 0 0 0 44 52 67 77 83 96 105 107 108 108 108 108 107 106 106 105 104 104 104 104 104 103 102 102 101 100 100 100 100 101 102 105 100 100 98 94 77 0 0 0 0 0 0 0 0 0 0 0 0 0 0 61 69 57 77 
67 65 64 64 64 65 65 64 65 66 66 67 68 69 69 69 69 69 70 71 72 73 73 74 74 75 75 75 76 76 74 73 72 70 58 0 0 0 0 0 0 0 0 0 0 0 0 0 0 0 0 0 0 0 0 0 0 0 0 0 0 0 0 0 0 0 0 0 44 65 74 78 81 90 92 92 92 93 93 94 94 88 78 74 68 55 47 0 0 0 0 0 0 0 0 0 0 42 45 45 46 46 0 0 0 0 0 0 0 0 0 0 0 0 0 0 0 0 0 0 0 44 52 67 77 83 95 105 107 107 107 107 107 107 106 105 105 104 104 104 104 104 103 102 102 102 101 101 101 101 102 103 105 100 100 99 95 78 0 0 0 0 0 0 0 0 0 0 0 0 0 0 62 69 62 78 
61 64 64 64 64 65 65 65 65 66 66 67 68 69 69 69 70 70 70 71 72 72 73 73 74 75 74 75 76 76 74 74 73 70 59 0 0 0 0 0 0 0 0 0 0 0 0 0 0 0 0 0 0 0 0 0 0 0 0 0 0 0 0 0 0 0 0 0 45 65 75 79 82 91 93 93 93 94 94 95 94 88 79 75 68 56 48 0 0 0 0 0 0 0 0 0 0 0 51 51 51 51 0 0 0 0 0 0 0 0 0 0 0 0 0 0 0 0 0 0 0 45 52 67 77 83 95 104 107 107 106 107 107 106 105 105 104 104 103 103 103 103 103 102 102 102 101 101 102 102 102 103 105 100 100 99 95 77 0 0 0 0 0 0 0 0 0 0 0 0 0 0 62 70 63 76 
67 69 64 65 64 65 65 65 65 66 66 67 68 68 69 69 70 70 70 71 72 72 73 73 74 75 74 75 76 76 74 73 72 70 58 0 0 0 0 0 0 0 0 0 0 0 0 0 0 0 0 0 0 0 0 0 0 0 0 0 0 0 0 0 0 0 0 0 44 65 75 79 82 92 93 93 94 94 95 95 95 89 80 76 70 58 49 0 0 0 0 0 0 0 0 0 0 0 54 55 53 53 57 0 0 0 0 0 0 0 0 0 0 0 0 0 0 0 0 0 0 45 53 68 77 83 95 104 107 107 107 107 107 106 105 105 104 104 104 104 103 103 102 102 102 101 101 101 102 101 102 103 105 100 100 99 95 78 0 0 0 0 0 0 0 0 0 0 0 0 0 0 64 71 66 79 
64 65 64 65 64 65 65 65 65 66 66 66 68 68 68 69 70 70 70 71 72 72 73 74 74 75 75 75 76 76 73 73 72 69 59 0 0 0 0 0 0 0 0 0 0 0 0 0 0 0 0 0 0 0 0 0 0 0 0 0 0 0 0 0 0 0 0 0 44 65 75 79 82 92 93 93 94 94 95 96 95 90 81 77 71 59 50 0 0 0 0 0 0 0 0 0 0 0 59 61 58 58 62 0 0 0 0 0 0 0 0 0 0 0 0 0 0 0 0 0 0 44 52 68 77 83 95 105 107 107 106 107 107 106 105 106 105 105 104 104 103 103 103 102 101 101 100 101 101 101 101 103 105 100 100 99 95 79 0 0 0 0 0 0 0 0 0 0 0 0 0 0 64 71 63 80 
66 74 64 64 64 65 65 65 66 66 66 67 68 68 68 69 70 70 71 71 72 73 73 74 74 75 75 75 75 75 73 72 71 68 58 0 0 0 0 0 0 0 0 0 0 0 0 0 0 0 0 0 0 0 0 0 0 0 0 0 0 0 0 37 37 0 0 0 45 65 75 80 82 92 93 93 94 94 95 96 96 90 82 78 72 61 52 0 0 0 0 0 0 0 0 0 0 0 64 66 61 61 63 57 0 0 0 0 0 0 0 0 0 0 0 0 0 0 0 0 0 45 52 68 77 83 95 105 106 107 106 107 107 107 106 106 106 105 105 105 103 103 102 101 101 101 101 101 101 101 102 103 105 101 101 100 96 80 0 0 0 0 0 0 0 0 0 0 0 0 0 0 65 71 66 83 
63 65 64 64 64 65 65 66 66 66 67 67 67 67 68 68 70 70 71 71 72 72 73 74 74 74 74 74 75 75 72 71 70 67 59 0 0 0 0 0 0 0 0 0 0 0 0 0 0 0 0 0 0 0 0 0 0 0 0 0 0 0 37 37 37 37 0 0 45 65 75 81 83 93 94 94 94 95 96 97 96 91 83 79 72 62 53 0 0 0 0 0 0 0 0 0 0 0 67 76 66 66 66 62 39 0 0 0 0 0 0 0 0 0 0 0 0 0 0 0 0 45 52 67 77 83 95 104 106 107 107 107 107 106 106 106 106 105 105 105 103 103 102 101 101 101 100 100 100 100 101 102 105 101 101 100 97 81 0 0 0 0 0 0 0 0 0 0 0 0 0 0 65 70 67 79 
61 63 64 64 64 65 65 66 66 66 67 67 67 67 67 68 69 70 70 71 72 72 73 74 74 74 74 74 75 75 72 71 69 66 58 0 0 0 0 0 0 0 0 0 0 0 0 0 0 0 0 0 0 0 0 0 0 0 0 0 0 36 37 37 37 37 0 0 45 65 75 80 83 93 95 95 95 95 96 97 97 92 83 79 73 62 54 0 0 0 0 0 0 0 0 0 0 0 63 80 71 69 69 69 45 0 0 0 0 0 0 0 0 0 0 0 0 0 0 0 0 46 52 68 77 83 95 105 106 107 107 107 107 106 106 106 106 106 106 105 104 103 102 101 100 100 100 100 100 101 101 103 105 102 102 101 99 83 0 0 0 0 0 0 0 0 0 0 0 0 0 0 64 70 69 76 
62 66 63 64 64 65 65 66 66 67 67 67 67 67 67 68 69 70 71 71 72 72 73 74 74 74 74 74 74 75 71 70 69 66 58 0 0 0 0 0 0 0 0 0 0 0 0 0 0 0 0 0 0 0 0 0 0 0 0 0 0 36 37 37 37 37 0 0 46 64 74 80 83 93 95 95 95 96 96 97 97 92 84 79 72 62 53 0 0 0 0 0 0 0 0 0 0 0 58 88 94 92 90 98 86 62 0 0 0 0 0 0 0 0 0 0 0 0 0 0 0 46 52 67 77 83 94 104 106 106 106 106 106 106 106 106 106 105 105 105 104 103 102 101 100 100 99 100 100 100 101 102 105 102 102 101 99 84 0 0 0 0 0 0 0 0 0 0 0 0 0 61 65 69 67 70 
65 61 63 64 64 65 65 65 66 66 66 66 66 67 67 67 69 70 70 71 72 73 73 74 74 74 74 74 74 75 72 71 69 66 58 0 0 0 0 0 0 0 0 0 0 0 0 0 0 0 0 0 0 0 0 0 0 0 0 0 0 36 37 37 37 37 0 0 47 65 75 80 84 94 96 96 96 96 96 97 97 92 85 81 76 67 64 0 0 0 0 0 0 0 0 0 0 0 53 137 129 158 152 178 156 187 0 0 0 0 0 0 0 0 0 0 0 0 0 0 0 54 56 69 77 83 94 104 106 107 107 106 106 106 105 105 105 105 105 104 104 103 102 101 101 100 99 100 100 100 101 102 104 101 101 101 99 84 0 0 0 0 0 0 0 0 0 0 0 0 0 62 65 69 68 82 
62 63 63 64 64 65 65 66 66 66 67 67 67 67 67 67 68 69 69 70 71 72 73 74 75 75 75 75 75 75 72 71 69 67 59 0 0 0 0 0 0 0 0 0 0 0 0 0 0 0 0 0 0 0 0 0 0 0 0 0 0 37 37 37 37 0 0 0 47 65 74 80 85 96 98 98 98 96 96 97 97 92 88 89 84 79 83 95 0 0 0 0 0 0 0 0 0 0 56 220 202 218 226 255 181 199 126 0 0 0 0 0 0 0 0 0 0 0 0 0 0 69 66 75 82 86 95 104 107 107 107 106 106 105 105 104 105 105 104 104 103 103 102 101 100 100 99 99 99 99 100 101 103 100 100 99 97 84 0 0 0 0 0 0 0 0 0 0 0 0 0 62 64 68 67 77 
59 63 63 64 65 65 65 66 66 67 67 67 67 68 67 68 68 69 69 70 71 72 73 74 75 75 75 75 75 75 72 71 70 67 59 0 0 0 0 0 0 0 0 0 0 0 0 0 0 0 0 0 0 0 0 0 0 0 0 0 0 0 37 37 37 37 0 0 46 65 74 81 87 98 101 101 101 98 96 97 97 92 89 92 85 82 86 90 0 0 0 0 0 0 0 0 0 0 55 253 242 251 269 306 205 211 139 47 0 0 0 0 0 0 0 0 0 0 0 0 0 81 74 80 86 89 95 104 106 106 106 106 106 105 105 104 104 104 104 103 103 102 101 100 99 99 99 99 99 99 99 100 102 99 99 98 96 82 0 0 0 0 0 0 0 0 0 0 0 0 0 61 64 68 67 80 
60 62 64 64 65 65 66 66 66 66 67 67 67 67 67 68 68 68 69 70 71 72 73 74 75 75 75 75 75 75 72 71 70 67 60 0 0 0 0 0 0 0 0 0 0 0 0 0 0 0 0 0 0 0 0 0 0 0 0 0 0 38 38 38 38 38 0 0 46 65 74 81 88 100 103 103 102 98 96 97 97 92 89 90 84 80 83 84 0 0 0 0 0 0 0 0 0 0 54 256 263 314 312 338 261 253 116 48 0 0 0 0 0 0 0 0 0 0 0 0 87 81 74 80 86 90 96 105 106 106 106 106 106 105 105 104 104 104 103 102 102 102 101 100 99 99 98 98 98 98 98 98 100 97 97 96 94 81 0 0 0 0 0 0 0 0 0 0 0 0 59 61 64 67 65 75 
62 66 64 64 65 65 66 66 67 67 67 68 68 67 67 68 68 68 69 70 70 72 73 74 75 75 75 75 76 75 73 72 70 67 61 0 0 0 0 0 0 0 0 0 0 0 0 0 0 0 0 0 0 0 0 0 0 0 0 0 0 38 38 38 38 38 0 0 44 65 74 81 88 100 103 103 102 98 96 96 97 92 89 90 83 79 82 83 0 0 0 0 0 0 0 0 0 0 56 265 258 316 313 310 224 225 104 48 45 0 0 0 0 0 0 0 0 0 0 0 87 81 74 80 86 90 96 105 106 107 106 106 106 105 105 104 103 103 102 100 99 98 97 95 94 94 93 93 93 94 94 95 96 93 93 92 90 78 0 0 0 0 0 0 0 0 0 0 0 0 59 61 63 66 69 75 
62 66 64 64 65 65 66 66 67 68 68 68 68 68 67 68 68 69 69 70 71 72 73 73 74 74 75 75 76 75 73 72 70 67 61 0 0 0 0 0 0 0 0 0 0 0 0 0 0 0 0 0 0 0 0 0 0 0 0 0 0 38 38 38 38 38 0 0 44 65 73 80 88 100 103 103 102 97 96 96 97 92 88 89 81 76 78 80 0 0 0 0 0 0 0 0 0 0 56 252 232 262 263 249 174 175 97 48 45 0 0 0 0 0 0 0 0 0 0 0 0 79 73 79 85 89 96 105 106 106 106 105 105 105 104 103 101 99 96 93 92 92 91 91 93 93 91 89 88 87 85 85 87 86 86 87 85 77 0 0 0 0 0 0 0 0 0 0 0 0 60 60 62 65 72 77 
64 63 64 65 66 66 66 66 67 67 68 68 68 67 68 68 68 69 70 70 71 71 72 73 74 74 74 75 76 76 73 72 71 67 61 0 0 0 0 0 0 0 0 0 0 0 0 0 0 0 0 0 0 0 0 0 0 0 0 0 0 39 39 39 38 38 0 0 44 64 73 79 86 98 101 101 101 97 96 96 97 92 85 81 73 65 62 61 0 0 0 0 0 0 0 0 0 0 0 179 164 210 192 184 154 158 78 48 0 0 0 0 0 0 0 0 0 0 0 0 0 68 65 74 81 86 95 104 106 106 105 105 104 104 102 99 97 95 92 89 90 89 88 89 90 90 90 87 85 84 82 82 84 83 83 84 83 0 0 0 0 0 0 0 0 0 0 0 0 0 60 61 63 66 65 77 
62 65 64 65 66 66 66 66 66 66 67 67 68 67 68 68 69 70 70 70 72 72 72 73 74 73 74 75 75 75 73 72 70 67 62 0 0 0 0 0 0 0 0 0 0 0 0 0 0 0 0 0 0 0 0 0 0 0 0 0 0 39 39 39 38 39 0 0 45 64 73 78 84 94 97 98 98 96 96 96 96 92 83 76 70 59 51 0 0 0 0 0 0 0 0 0 0 0 0 0 122 187 154 149 146 147 62 49 0 0 0 0 0 0 0 0 0 0 0 0 0 51 55 67 77 84 95 104 106 106 105 105 104 102 98 95 92 89 85 83 82 80 78 78 80 80 80 80 80 79 77 77 79 79 80 81 80 0 0 0 0 0 0 0 0 0 0 0 0 57 60 61 63 66 63 76 
64 61 64 65 66 66 66 66 66 66 66 67 68 68 68 68 69 70 70 71 72 72 72 73 74 74 75 75 75 75 72 71 70 67 61 0 0 0 0 0 0 0 0 0 0 0 0 0 0 0 0 0 0 0 0 0 0 0 0 0 0 0 38 38 38 38 0 0 44 63 72 77 82 92 95 96 96 96 96 96 96 91 83 77 71 60 51 0 0 0 0 0 0 0 0 0 0 0 0 0 72 105 96 93 93 96 71 0 0 0 0 0 0 0 0 0 0 0 0 0 0 47 53 67 77 83 94 104 106 106 105 105 103 99 94 90 85 80 78 77 77 77 75 73 73 71 69 68 68 65 63 63 65 66 67 69 0 0 0 0 0 0 0 0 0 0 0 0 0 57 60 62 63 66 70 83 
66 58 64 64 65 66 66 66 66 65 66 66 67 68 68 68 69 69 70 71 72 72 72 72 73 73 74 75 75 75 73 72 70 67 61 0 0 0 0 0 0 0 0 0 0 0 0 0 0 0 0 0 0 0 0 0 0 0 0 0 0 0 38 38 38 0 0 0 45 63 72 77 81 91 94 96 96 96 96 96 95 90 81 78 72 61 53 0 0 0 0 0 0 0 0 0 0 0 0 0 0 96 95 95 95 100 94 0 0 0 0 0 0 0 0 0 0 0 0 0 0 45 52 66 76 82 94 103 105 105 105 104 102 97 92 85 79 75 75 76 79 80 77 74 73 68 61 58 59 60 61 61 62 62 62 61 0 0 0 0 0 0 0 0 0 0 0 0 0 59 61 62 64 66 70 69 
62 66 64 64 65 66 66 65 65 65 65 66 67 68 68 68 69 70 70 71 72 72 72 73 73 74 74 75 76 76 73 72 71 68 61 0 0 0 0 0 0 0 0 0 0 0 0 0 0 0 0 0 0 0 0 0 0 0 0 0 0 0 0 38 38 0 0 0 45 63 71 76 80 90 94 95 96 96 96 96 95 90 81 77 70 59 51 0 0 0 0 0 0 0 0 0 0 0 0 0 0 84 90 88 88 91 90 0 0 0 0 0 0 0 0 0 0 0 0 0 0 45 52 67 76 82 94 104 105 106 105 104 100 95 87 80 74 74 78 85 88 86 82 78 74 67 64 68 74 74 76 75 74 73 72 0 0 0 0 0 0 0 0 0 0 0 0 0 0 60 62 62 64 67 67 78 
62 62 64 64 65 66 66 65 65 65 65 66 67 68 68 68 69 69 70 71 72 72 72 73 73 74 74 75 75 75 73 72 71 68 62 0 0 0 0 0 0 0 0 0 0 0 0 0 0 0 0 0 0 0 0 0 0 0 0 0 0 0 0 0 0 0 0 0 44 63 71 76 80 90 93 94 95 96 96 95 95 89 80 76 69 58 50 0 0 0 0 0 0 0 0 0 0 0 0 0 0 0 83 79 79 79 81 0 0 0 0 0 0 0 0 0 0 0 0 0 0 45 51 66 76 82 94 103 105 105 104 103 97 91 82 77 73 78 84 90 90 86 82 78 73 66 68 74 78 80 81 79 78 77 74 68 0 0 0 0 0 0 0 0 0 0 0 0 0 61 62 62 64 66 68 72 
62 64 64 65 65 66 66 66 66 66 66 66 67 67 68 68 69 69 70 71 72 72 72 72 73 74 74 75 76 76 73 73 71 69 61 0 0 0 0 0 0 0 0 0 0 0 0 0 0 0 0 0 0 0 0 0 0 0 0 0 0 0 0 0 0 0 0 0 44 62 71 76 79 90 93 94 95 95 95 95 94 88 79 75 68 57 48 0 0 0 0 0 0 0 0 0 0 0 0 0 0 0 71 68 68 68 70 0 0 0 0 0 0 0 0 0 0 0 0 0 0 44 50 66 75 81 94 103 104 105 104 102 96 91 83 79 77 85 90 94 95 90 86 80 74 68 73 78 82 83 84 82 80 79 77 72 0 0 0 0 0 0 0 0 0 0 0 0 0 61 62 62 64 67 73 80 
63 66 64 64 65 66 66 65 66 66 66 66 67 67 68 68 69 70 71 71 72 72 73 73 73 73 74 75 76 76 74 73 72 69 63 0 0 0 0 0 0 0 0 0 0 0 0 0 0 0 0 0 0 0 0 0 0 0 0 0 0 0 0 0 0 0 0 0 42 61 71 76 79 90 93 94 95 95 95 94 93 87 78 74 67 56 48 0 0 0 0 0 0 0 0 0 0 0 0 0 0 0 65 63 63 63 65 0 0 0 0 0 0 0 0 0 0 0 0 0 0 42 49 65 74 81 93 102 104 104 103 100 95 90 83 80 82 89 93 96 96 90 85 79 73 69 77 81 86 88 90 89 88 87 85 78 0 0 0 0 0 0 0 0 0 0 0 0 0 61 62 63 64 67 70 75 
63 63 64 65 65 65 65 65 66 66 66 67 67 67 68 68 69 69 70 71 71 72 72 72 73 74 74 75 75 75 73 73 71 69 62 0 0 0 0 0 0 0 0 0 0 0 0 0 0 0 0 0 0 0 0 0 0 0 0 0 0 0 0 0 0 0 0 0 43 62 70 75 79 89 92 94 94 94 94 94 93 87 78 74 66 55 46 0 0 0 0 0 0 0 0 0 0 0 0 0 0 0 0 59 59 59 59 0 0 0 0 0 0 0 0 0 0 0 0 0 0 43 49 65 74 80 93 102 104 103 103 99 94 87 80 79 83 89 94 98 95 89 86 79 73 73 82 85 89 91 93 91 90 88 87 81 0 0 0 0 0 0 0 0 0 0 0 0 0 60 62 63 65 68 68 80 
62 62 65 65 65 65 65 65 66 66 66 67 67 67 67 68 68 68 69 70 70 71 72 73 74 74 74 75 75 75 73 73 71 69 62 0 0 0 0 0 0 0 0 0 0 0 0 0 0 0 0 0 0 0 0 0 0 0 0 0 0 0 0 0 0 0 0 0 43 61 70 75 79 89 92 93 94 93 93 93 92 86 76 72 65 54 45 0 0 0 0 0 0 0 0 0 0 0 0 0 0 0 0 55 55 55 55 0 0 0 0 0 0 0 0 0 0 0 0 0 0 42 49 64 74 80 92 101 103 102 101 98 94 87 81 81 85 90 94 98 93 88 83 76 72 75 83 87 91 93 93 91 90 89 87 81 0 0 0 0 0 0 0 0 0 0 0 0 0 61 62 63 65 68 72 71 
65 64 64 65 65 66 66 66 66 66 66 67 67 67 67 67 67 66 66 68 69 70 72 73 73 74 74 75 75 76 73 73 71 69 62 0 0 0 0 0 0 0 0 0 0 0 0 0 0 0 0 0 0 0 0 0 0 0 0 0 0 0 0 0 0 0 0 0 42 60 69 75 78 88 91 92 92 92 92 92 91 85 76 72 65 53 45 0 0 0 0 0 0 0 0 0 0 0 0 0 0 0 0 0 0 0 0 0 0 0 0 0 0 0 0 0 0 0 0 0 0 41 48 63 73 79 91 100 102 101 100 97 93 85 80 79 82 86 90 92 89 85 80 74 72 77 81 85 89 90 90 88 88 87 86 83 0 0 0 0 0 0 0 0 0 0 0 0 0 60 62 63 65 68 75 81 
63 64 64 64 65 65 65 65 66 66 66 67 67 66 66 65 65 64 64 65 67 69 71 72 73 74 74 75 75 75 73 72 71 69 65 0 0 0 0 0 0 0 0 0 0 0 0 0 0 0 0 0 0 0 0 0 0 0 0 0 0 0 0 0 0 0 0 0 41 60 69 74 78 88 90 91 92 91 91 91 91 84 75 71 64 52 44 0 0 0 0 0 0 0 0 0 0 0 0 0 0 0 0 0 0 0 0 0 0 0 0 0 0 0 0 0 0 0 0 0 0 42 48 64 73 79 91 99 99 97 95 90 86 79 76 75 79 84 88 90 87 85 79 75 74 79 79 84 85 83 82 82 80 81 81 77 0 0 0 0 0 0 0 0 0 0 0 0 0 60 62 63 66 68 75 76 
66 60 64 64 64 65 65 65 65 66 67 67 67 66 65 63 62 60 61 63 65 68 70 72 73 74 74 75 75 75 72 72 70 69 63 0 0 0 0 0 0 0 0 0 0 0 0 0 0 0 0 0 0 0 0 0 0 0 0 0 0 0 0 0 0 0 0 0 41 60 68 74 78 88 89 90 90 90 90 90 90 84 74 70 64 51 42 0 0 0 0 0 0 0 0 0 0 0 0 0 0 0 0 0 0 0 0 0 0 0 0 0 0 0 0 0 0 0 0 0 0 41 48 63 72 78 89 96 96 94 90 87 84 79 75 74 77 82 86 88 85 84 77 74 74 79 78 83 82 81 80 79 78 78 78 75 0 0 0 0 0 0 0 0 0 0 0 0 0 59 61 62 65 67 68 75 
62 61 64 65 65 65 65 65 66 66 67 66 67 66 64 62 61 58 58 61 64 67 69 72 73 73 73 74 74 74 73 72 71 70 65 0 0 0 0 0 0 0 0 0 0 0 0 0 0 0 0 0 0 0 0 0 0 0 0 0 0 0 0 0 0 0 0 0 41 59 68 74 78 87 89 89 89 89 89 89 89 83 73 70 63 50 42 0 0 0 0 0 0 0 0 0 0 0 0 0 0 0 0 0 0 0 0 0 0 0 0 0 0 0 0 0 0 0 0 0 0 40 48 64 73 79 86 93 92 89 85 84 80 78 74 72 74 80 81 83 81 80 71 70 71 76 75 80 78 76 75 75 74 75 75 0 0 0 0 0 0 0 0 0 0 0 0 0 0 59 61 62 64 66 69 76 
63 69 64 64 64 65 65 65 65 66 67 67 67 66 65 62 61 59 58 61 64 67 69 72 72 72 72 73 74 74 72 72 71 69 63 0 0 0 0 0 0 0 0 0 0 0 0 0 0 0 0 0 0 0 0 0 0 0 0 0 0 0 0 0 0 0 0 0 39 60 70 75 78 87 89 88 88 88 88 89 89 83 73 69 62 49 41 0 0 0 0 0 0 0 0 0 0 0 0 0 0 0 0 0 0 0 0 0 0 0 0 0 0 0 0 0 0 0 0 0 0 0 49 66 75 79 84 90 89 85 80 78 73 70 67 64 66 72 72 72 73 0 0 0 0 73 69 73 70 67 66 68 67 68 70 0 0 0 0 0 0 0 0 0 0 0 0 0 0 58 61 62 64 66 70 74 
58 67 64 64 64 64 64 64 65 66 67 66 67 66 65 63 63 62 61 63 66 68 69 71 72 72 72 73 74 74 72 72 71 68 62 0 0 0 0 0 0 0 0 0 0 0 0 0 0 0 0 0 0 0 0 0 0 0 0 0 0 0 0 0 0 0 0 0 39 60 69 75 78 87 89 88 88 88 88 89 90 83 73 69 61 48 40 0 0 0 0 0 0 0 0 0 0 0 0 0 0 0 0 0 0 0 0 0 0 0 0 0 0 0 0 0 0 0 0 0 0 0 50 67 75 77 82 87 84 77 69 64 62 0 0 0 0 0 0 0 0 0 0 0 0 0 0 0 0 0 51 55 55 0 0 0 0 0 0 0 0 0 0 0 0 0 0 0 0 58 61 62 64 67 70 76 
69 61 64 64 64 64 64 64 65 65 66 66 67 66 66 64 64 63 63 65 67 69 70 72 72 72 72 73 74 74 72 71 70 67 60 0 0 0 0 0 0 0 0 0 0 0 0 0 0 0 0 0 0 0 0 0 0 0 0 0 0 0 0 0 0 0 0 0 0 62 71 76 80 86 89 89 88 88 89 89 89 83 73 68 60 47 39 0 0 0 0 0 0 0 0 0 0 0 0 0 0 0 0 0 0 0 0 0 0 0 0 0 0 0 0 0 0 0 0 0 0 0 51 69 77 78 80 85 82 72 0 0 0 0 0 0 0 0 0 0 0 0 0 0 0 0 0 0 0 0 0 0 0 0 0 0 0 0 0 0 0 0 0 0 0 0 0 0 0 57 61 62 64 66 74 74 
67 65 64 64 64 64 64 64 65 65 66 66 67 66 66 65 65 65 65 67 68 69 70 71 72 72 72 73 74 74 72 72 71 68 61 0 0 0 0 0 0 0 0 0 0 0 0 0 0 0 0 0 0 0 0 0 0 0 0 0 0 0 0 0 0 0 0 0 0 64 74 78 81 86 89 89 89 88 89 89 89 82 72 67 59 46 38 0 0 0 0 0 0 0 0 0 0 0 0 0 0 0 0 0 0 0 0 0 0 0 0 0 0 0 0 0 0 0 0 0 0 0 55 72 80 80 80 86 84 74 0 0 0 0 0 0 0 0 0 0 0 0 0 0 0 0 0 0 0 0 0 0 0 0 0 0 0 0 0 0 0 0 0 0 0 0 0 0 0 58 61 63 65 67 71 78 
63 64 64 64 63 63 63 63 64 64 65 66 66 66 67 67 66 67 67 68 69 70 71 72 72 73 73 74 74 74 71 71 69 67 59 0 0 0 0 0 0 0 0 0 0 0 0 0 0 0 0 0 0 0 0 0 0 0 0 0 0 0 0 0 0 0 0 0 0 67 76 80 82 86 89 89 89 89 89 90 89 82 72 67 59 46 38 0 0 0 0 0 0 0 0 0 0 0 0 0 0 0 0 0 0 0 0 0 0 0 0 0 0 0 0 0 0 0 0 0 0 0 56 72 80 81 82 88 86 78 0 0 0 0 0 0 0 0 0 0 0 0 0 0 0 0 0 0 0 0 0 0 0 0 0 0 0 0 0 0 0 0 0 0 0 0 0 0 0 58 62 63 65 67 67 71 
64 63 64 63 63 62 62 61 62 62 63 64 65 65 65 66 66 67 68 68 69 70 71 72 72 72 73 73 73 74 71 71 70 68 60 0 0 0 0 0 0 0 0 0 0 0 0 0 0 0 0 0 0 0 0 0 0 0 0 0 0 0 0 0 0 0 0 0 0 66 75 79 81 85 88 89 89 89 90 89 89 82 71 67 59 46 38 0 0 0 0 0 0 0 0 0 0 0 0 0 0 0 0 0 0 0 0 0 0 0 0 0 0 0 0 0 0 0 0 0 0 0 57 72 80 82 84 89 86 81 75 0 0 0 0 0 0 0 0 0 0 0 0 0 0 0 0 0 0 0 0 0 0 0 0 0 0 0 0 0 0 0 0 0 0 0 0 0 0 59 61 62 64 67 72 79 
67 65 64 63 63 62 62 61 62 62 63 64 64 65 65 65 64 65 65 66 67 68 69 70 70 71 71 72 73 74 71 71 70 68 61 0 0 0 0 0 0 0 0 0 0 0 0 0 0 0 0 0 0 0 0 0 0 0 0 0 0 0 0 0 0 0 0 0 0 73 79 82 83 85 88 89 89 89 89 89 88 81 72 67 60 46 38 0 0 0 0 0 0 0 0 0 0 0 0 0 0 0 0 0 0 0 0 0 0 0 0 0 0 0 0 0 0 0 0 0 0 0 62 76 83 86 86 90 89 84 77 70 61 57 57 58 60 60 58 57 0 0 0 0 0 0 0 0 0 0 0 0 0 0 0 0 0 0 0 0 0 0 0 0 0 0 0 0 0 60 61 62 64 66 71 76 
0 0 64 63 63 62 61 61 62 61 62 63 64 64 64 64 64 64 65 65 66 67 68 69 69 70 71 71 70 71 68 67 67 65 59 0 0 0 0 0 0 0 0 0 0 0 0 0 0 0 0 0 0 0 0 0 0 0 0 0 0 0 0 0 0 0 0 0 0 72 78 80 82 84 88 88 89 89 88 88 87 80 73 69 61 47 0 0 0 0 0 0 0 0 0 0 0 0 0 0 0 0 0 0 0 0 0 0 0 0 0 0 0 0 0 0 0 0 0 0 0 0 64 77 84 87 87 91 90 87 82 77 73 72 71 72 73 72 70 70 67 66 65 0 0 0 0 0 0 0 0 0 0 0 0 0 0 0 0 0 0 0 0 0 0 0 0 0 0 59 60 61 64 67 72 78 
0 0 63 61 61 61 60 60 60 60 61 62 63 63 63 63 63 63 63 64 65 66 67 68 68 69 70 70 69 69 67 66 65 64 58 0 0 0 0 0 0 0 0 0 0 0 0 0 0 0 0 0 0 0 0 0 0 0 0 0 0 0 0 0 0 0 0 0 0 69 75 78 80 81 85 86 86 87 86 86 86 79 74 71 64 50 0 0 0 0 0 0 0 0 0 0 0 0 0 0 0 0 0 0 0 0 0 0 0 0 0 0 0 0 0 0 0 0 0 0 0 0 65 76 83 86 87 91 90 87 84 79 76 74 73 72 73 71 69 69 65 63 62 59 0 0 0 0 0 0 0 0 0 0 0 0 0 0 0 0 0 0 0 0 0 0 0 0 0 59 60 61 64 67 70 76 
0 0 0 0 0 0 0 58 58 58 58 59 59 60 60 60 61 61 61 62 64 64 65 66 66 67 68 68 68 68 66 65 65 64 0 0 0 0 0 0 0 0 0 0 0 0 0 0 0 0 0 0 0 0 0 0 0 0 0 0 0 0 0 0 0 0 0 0 0 68 71 75 75 76 77 78 77 77 77 77 76 73 70 68 63 52 0 0 0 0 0 0 0 0 0 0 0 0 0 0 0 0 0 0 0 0 0 0 0 0 0 0 0 0 0 0 0 0 0 0 0 0 60 70 76 78 80 84 83 80 77 73 70 70 70 71 73 71 69 69 65 63 62 59 0 0 0 0 0 0 0 0 0 0 0 0 0 0 0 0 0 0 0 0 0 0 0 0 0 60 61 62 64 67 73 77 
0 0 0 0 0 0 0 0 0 0 0 0 0 0 0 0 0 55 56 57 58 59 60 60 62 63 65 64 64 64 62 62 62 61 0 0 0 0 0 0 0 0 0 0 0 0 0 0 0 0 0 0 0 0 0 0 0 0 0 0 0 0 0 0 0 0 0 0 0 0 69 73 73 74 75 76 74 74 74 74 73 70 69 68 65 0 0 0 0 0 0 0 0 0 0 0 0 0 0 0 0 0 0 0 0 0 0 0 0 0 0 0 0 0 0 0 0 0 0 0 0 0 59 69 74 76 78 83 83 79 77 73 71 70 70 71 73 71 69 69 65 63 62 59 0 0 0 0 0 0 0 0 0 0 0 0 0 0 0 0 0 0 0 0 0 0 0 0 60 61 62 63 65 68 72 78 
0 0 0 0 0 0 0 0 0 0 0 0 0 0 0 0 0 0 0 0 0 0 0 0 0 0 0 0 0 0 51 51 0 0 0 0 0 0 0 0 0 0 0 0 0 0 0 0 0 0 0 0 0 0 0 0 0 0 0 0 0 0 0 0 0 0 0 0 0 0 65 69 69 69 70 71 69 70 69 69 69 67 67 66 64 0 0 0 0 0 0 0 0 0 0 0 0 0 0 0 0 0 0 0 0 0 0 0 0 0 0 0 0 0 0 0 0 0 0 0 0 0 0 67 71 73 74 79 79 77 76 74 74 75 76 77 79 77 75 73 68 66 63 59 0 0 0 0 0 0 0 0 0 0 0 0 0 0 0 0 0 0 0 0 0 0 0 0 62 62 63 63 65 69 73 81 
0 0 0 0 0 0 0 0 0 0 0 0 0 0 0 0 0 0 0 0 0 0 0 0 0 0 0 0 0 0 0 0 0 0 0 0 0 0 0 0 0 0 0 0 0 0 0 0 0 0 0 0 0 0 0 0 0 0 0 0 0 0 0 0 0 0 0 0 0 0 0 63 62 61 61 62 60 60 60 60 60 61 60 60 0 0 0 0 0 0 0 0 0 0 0 0 0 0 0 0 0 0 0 0 0 0 0 0 0 0 0 0 0 0 0 0 0 0 0 0 0 0 0 60 64 65 67 71 70 69 68 67 67 68 69 70 73 70 68 67 62 60 0 0 0 0 0 0 0 0 0 0 0 0 0 0 0 0 0 0 0 0 0 0 0 0 0 0 62 62 63 64 66 69 74 79 
0 0 0 0 0 0 0 0 0 0 0 0 0 0 0 0 0 0 0 0 0 0 0 0 0 0 0 0 0 0 0 0 0 0 0 0 0 0 0 0 0 0 0 0 0 0 0 0 0 0 0 0 0 0 0 0 0 0 0 0 0 0 0 0 0 0 0 0 0 0 0 0 0 0 41 42 41 42 41 41 42 42 0 0 0 0 0 0 0 0 0 0 0 0 0 0 0 0 0 0 0 0 0 0 0 0 0 0 0 0 0 0 0 0 0 0 0 0 0 0 0 0 0 0 0 48 50 53 51 50 49 48 47 0 0 0 0 0 0 0 0 0 0 0 0 0 57 57 57 57 57 0 0 0 0 0 0 0 0 0 0 0 0 0 0 0 0 0 64 63 63 64 66 69 70 80 
0 0 0 0 0 0 0 0 0 0 0 0 0 0 0 0 0 0 0 0 0 0 0 0 0 0 0 0 0 0 0 0 0 0 0 0 0 0 0 0 0 0 0 0 0 0 0 0 0 0 0 0 0 0 0 0 0 0 0 0 0 0 0 0 0 0 0 0 0 0 0 0 0 0 0 0 0 0 0 0 0 0 0 0 0 0 0 0 0 0 0 0 0 0 0 0 0 0 0 0 0 0 0 0 0 0 0 0 0 0 0 0 0 0 0 0 0 0 0 0 0 0 0 0 0 0 0 0 0 0 0 0 0 0 0 0 0 0 0 0 0 0 0 0 0 0 56 56 56 56 57 0 0 0 0 0 0 0 0 0 0 0 0 0 0 0 0 0 63 63 63 64 66 69 74 79 
0 0 0 0 0 0 0 0 0 0 0 0 0 0 0 0 0 0 0 0 0 0 0 0 0 0 0 0 0 0 0 0 0 0 0 0 0 0 0 0 0 0 0 0 0 0 0 0 0 0 0 0 0 0 0 0 0 0 0 0 0 0 0 0 0 0 0 0 0 0 0 0 0 0 0 0 0 0 0 0 0 0 0 0 0 0 0 0 0 0 0 0 0 0 0 0 0 0 0 0 0 0 0 0 0 0 0 0 0 0 0 0 0 0 0 0 0 0 0 0 0 0 0 0 0 0 0 0 0 0 0 0 0 0 0 0 0 0 0 0 0 0 0 0 0 0 56 56 56 56 0 0 0 0 0 0 0 0 0 0 0 0 0 0 0 0 0 0 62 62 62 63 65 68 74 77 
0 0 0 0 0 0 0 0 0 0 0 0 0 0 0 0 0 0 0 0 0 0 0 0 0 0 0 0 0 0 0 0 0 0 0 0 0 0 0 0 0 0 0 0 0 0 0 0 0 0 0 0 0 0 0 0 0 0 0 0 0 0 0 0 0 0 0 0 0 0 0 0 0 0 0 0 0 0 0 0 0 0 0 0 0 0 0 0 0 0 0 0 0 0 0 0 0 0 0 0 0 0 0 0 0 0 0 0 0 0 0 0 0 0 0 0 0 0 0 0 0 0 0 0 0 0 0 0 0 0 0 0 0 0 0 0 0 0 0 0 0 0 0 0 0 0 0 0 0 0 0 0 0 0 0 0 0 0 0 0 0 0 0 0 0 0 0 0 60 61 62 63 65 68 69 77 
0 0 0 0 0 0 0 0 0 0 0 0 0 0 0 0 0 0 0 0 0 0 0 0 0 0 0 0 0 0 0 0 0 0 0 0 0 0 0 0 0 0 0 0 0 0 0 0 0 0 0 0 0 0 0 0 0 0 0 0 0 0 0 0 0 0 0 0 0 0 0 0 0 0 0 0 0 0 0 0 0 0 0 0 0 0 0 0 0 0 0 0 0 0 0 0 0 0 0 0 0 0 0 0 0 0 0 0 0 0 0 0 0 0 0 0 0 0 0 0 0 0 0 0 0 0 0 0 0 0 0 0 0 0 0 0 0 0 0 0 0 0 0 0 0 0 0 0 0 0 0 0 0 0 0 0 0 0 0 0 0 0 0 0 0 0 0 0 0 61 63 64 66 69 69 73 
0 0 0 0 0 0 0 0 0 0 0 0 0 0 0 0 0 0 0 0 0 0 0 0 0 0 0 0 0 0 0 0 0 0 0 0 0 0 0 0 0 0 0 0 0 0 0 0 0 0 0 0 0 0 0 0 0 0 0 0 0 0 0 0 0 0 0 0 0 0 0 0 0 0 0 0 0 0 0 0 0 0 0 0 0 0 0 0 0 0 0 0 0 0 0 0 0 0 0 0 0 0 0 0 0 0 0 0 0 0 0 0 0 0 0 0 0 0 0 0 0 0 0 0 0 0 0 0 0 0 0 0 0 0 0 0 0 0 0 0 0 0 0 0 0 0 0 0 0 0 0 0 0 0 0 0 0 0 0 0 0 0 0 0 0 0 0 0 0 61 63 64 66 69 71 81 
0 0 0 0 0 0 0 0 0 0 0 0 0 0 0 0 0 0 0 0 0 0 0 0 0 0 0 0 0 0 0 0 0 0 0 0 0 0 0 0 0 0 0 0 0 0 0 0 0 0 0 0 0 0 0 0 0 0 0 0 0 0 0 0 0 0 0 0 0 0 0 0 0 0 0 0 0 0 0 0 0 0 0 0 0 0 0 0 0 0 0 0 0 0 0 0 0 0 0 0 0 0 0 0 0 0 0 0 0 0 0 0 0 0 0 0 0 0 0 0 0 0 0 0 0 0 0 0 0 0 0 0 0 0 0 0 0 0 0 0 0 0 0 0 0 0 0 0 0 0 0 0 0 0 0 0 0 0 0 0 0 0 0 0 0 0 0 0 0 0 63 64 67 70 76 81 
0 0 0 0 0 0 0 0 0 0 0 0 0 0 0 0 0 0 0 0 0 0 0 0 0 0 0 0 0 0 0 0 0 0 0 0 0 0 0 0 0 0 0 0 0 0 0 0 0 0 0 0 0 0 0 0 0 0 0 0 0 0 0 0 0 0 0 0 0 0 0 0 0 0 0 0 0 0 0 0 0 0 0 0 0 0 0 0 0 0 0 0 0 0 0 0 0 0 0 0 0 0 0 0 0 0 0 0 0 0 0 0 0 0 0 0 0 0 0 0 0 0 0 0 0 0 0 0 0 0 0 0 0 0 0 0 0 0 0 0 0 0 0 0 0 0 0 0 0 0 0 0 0 0 0 0 0 0 0 0 0 0 0 0 0 0 0 0 0 0 0 65 68 71 75 72 
0 0 0 0 0 0 0 0 0 0 0 0 0 0 0 0 0 0 0 0 0 0 0 0 0 0 0 0 0 0 0 0 0 0 0 0 0 0 0 0 0 0 0 0 0 0 0 0 0 0 0 0 0 0 0 0 0 0 0 0 0 0 0 0 0 0 0 0 0 0 0 0 0 0 0 0 0 0 0 0 0 0 0 0 0 0 0 0 0 0 0 0 0 0 0 0 0 0 0 0 0 0 0 0 0 0 0 0 0 0 0 0 0 0 0 0 0 0 0 0 0 0 0 0 0 0 0 0 0 0 0 0 0 0 0 0 0 0 0 0 0 0 0 0 0 0 0 0 0 0 0 0 0 0 0 0 0 0 0 0 0 0 0 0 0 0 0 0 0 0 0 0 70 72 0 0 
0 0 0 0 0 0 0 0 0 0 0 0 0 0 0 0 0 0 0 0 0 0 0 0 0 0 0 0 0 0 0 0 0 0 0 0 0 0 0 0 0 0 0 0 0 0 0 0 0 0 0 0 0 0 0 0 0 0 0 0 0 0 0 0 0 0 0 0 0 0 0 0 0 0 0 0 0 0 0 0 0 0 0 0 0 0 0 0 0 0 0 0 0 0 0 0 0 0 0 0 0 0 0 0 0 0 0 0 0 0 0 0 0 0 0 0 0 0 0 0 0 0 0 0 0 0 0 0 0 0 0 0 0 0 0 0 0 0 0 0 0 0 0 0 0 0 0 0 0 0 0 0 0 0 0 0 0 0 0 0 0 0 0 0 0 0 0 0 0 0 0 0 0 0 0 0 
0 0 0 0 0 0 0 0 0 0 0 0 0 0 0 0 0 0 0 0 0 0 0 0 0 0 0 0 0 0 0 0 0 0 0 0 0 0 0 0 0 0 0 0 0 0 0 0 0 0 0 0 0 0 0 0 0 0 0 0 0 0 0 0 0 0 0 0 0 0 0 0 0 0 0 0 0 0 0 0 0 0 0 0 0 0 0 0 0 0 0 0 0 0 0 0 0 0 0 0 0 0 0 0 0 0 0 0 0 0 0 0 0 0 0 0 0 0 0 0 0 0 0 0 0 0 0 0 0 0 0 0 0 0 0 0 0 0 0 0 0 0 0 0 0 0 0 0 0 0 0 0 0 0 0 0 0 0 0 0 0 0 0 0 0 0 0 0 0 0 0 0 0 0 0 0 
0 0 0 0 0 0 0 0 0 0 0 0 0 0 0 0 0 0 0 0 0 0 0 0 0 0 0 0 0 0 0 0 0 0 0 0 0 0 0 0 0 0 0 0 0 0 0 0 0 0 0 0 0 0 0 0 0 0 0 0 0 0 0 0 0 0 0 0 0 0 0 0 0 0 0 0 0 0 0 0 0 0 0 0 0 0 0 0 0 0 0 0 0 0 0 0 0 0 0 0 0 0 0 0 0 0 0 0 0 0 0 0 0 0 0 0 0 0 0 0 0 0 0 0 0 0 0 0 0 0 0 0 0 0 0 0 0 0 0 0 0 0 0 0 0 0 0 0 0 0 0 0 0 0 0 0 0 0 0 0 0 0 0 0 0 0 0 0 0 0 0 0 0 0 0 0 
0 0 0 0 0 0 0 0 0 0 0 0 0 0 0 0 0 0 0 0 0 0 0 0 0 0 0 0 0 0 0 0 0 0 0 0 0 0 0 0 0 0 0 0 0 0 0 0 0 0 0 0 0 0 0 0 0 0 0 0 0 0 0 0 0 0 0 0 0 0 0 0 0 0 0 0 0 0 0 0 0 0 0 0 0 0 0 0 0 0 0 0 0 0 0 0 0 0 0 0 0 0 0 0 0 0 0 0 0 0 0 0 0 0 0 0 0 0 0 0 0 0 0 0 0 0 0 0 0 0 0 0 0 0 0 0 0 0 0 0 0 0 0 0 0 0 0 0 0 0 0 0 0 0 0 0 0 0 0 0 0 0 0 0 0 0 0 0 0 0 0 0 0 0 0 0 
0 0 0 0 0 0 0 0 0 0 0 0 0 0 0 0 0 0 0 0 0 0 0 0 0 0 0 0 0 0 0 0 0 0 0 0 0 0 0 0 0 0 0 0 0 0 0 0 0 0 0 0 0 0 0 0 0 0 0 0 0 0 0 0 0 0 0 0 0 0 0 0 0 0 0 0 0 0 0 0 0 0 0 0 0 0 0 0 0 0 0 0 0 0 0 0 0 0 0 0 0 0 0 0 0 0 0 0 0 0 0 0 0 0 0 0 0 0 0 0 0 0 0 0 0 0 0 0 0 0 0 0 0 0 0 0 0 0 0 0 0 0 0 0 0 0 0 0 0 0 0 0 0 0 0 0 0 0 0 0 0 0 0 0 0 0 0 0 0 0 0 0 0 0 0 0 
0 0 0 0 0 0 0 0 0 0 0 0 0 0 0 0 0 0 0 0 0 0 0 0 0 0 0 0 0 0 0 0 0 0 0 0 0 0 0 0 0 0 0 0 0 0 0 0 0 0 0 0 0 0 0 0 0 0 0 0 0 0 0 0 0 0 0 0 0 0 0 0 0 0 0 0 0 0 0 0 0 0 0 0 0 0 0 0 0 0 0 0 0 0 0 0 0 0 0 0 0 0 0 0 0 0 0 0 0 0 0 0 0 0 0 0 0 0 0 0 0 0 0 0 0 0 0 0 0 0 0 0 0 0 0 0 0 0 0 0 0 0 0 0 0 0 0 0 0 0 0 0 0 0 0 0 0 0 0 0 0 0 0 0 0 0 0 0 0 0 0 0 0 0 0 0 
0 0 0 0 0 0 0 0 0 0 0 0 0 0 0 0 0 0 0 0 0 0 0 0 0 0 0 0 0 0 0 0 0 0 0 0 0 0 0 0 0 0 0 0 0 0 0 0 0 0 0 0 0 0 0 0 0 0 0 0 0 0 0 0 0 0 0 0 0 0 0 0 0 0 0 0 0 0 0 0 0 0 0 0 0 0 0 0 0 0 0 0 0 0 0 0 0 0 0 0 0 0 0 0 0 0 0 0 0 0 0 0 0 0 0 0 0 0 0 0 0 0 0 0 0 0 0 0 0 0 0 0 0 0 0 0 0 0 0 0 0 0 0 0 0 0 0 0 0 0 0 0 0 0 0 0 0 0 0 0 0 0 0 0 0 0 0 0 0 0 0 0 0 0 0 0 
0 0 0 0 0 0 0 0 0 0 0 0 0 0 0 0 0 0 0 0 0 0 0 0 0 0 0 0 0 0 0 0 0 0 0 0 0 0 0 0 0 0 0 0 0 0 0 0 0 0 0 0 0 0 0 0 0 0 0 0 0 0 0 0 0 0 0 0 0 0 0 0 0 0 0 0 0 0 0 0 0 0 0 0 0 0 0 0 0 0 0 0 0 0 0 0 0 0 0 0 0 0 0 0 0 0 0 0 0 0 0 0 0 0 0 0 0 0 0 0 0 0 0 0 0 0 0 0 0 0 0 0 0 0 0 0 0 0 0 0 0 0 0 0 0 0 0 0 0 0 0 0 0 0 0 0 0 0 0 0 0 0 0 0 0 0 0 0 0 0 0 0 0 0 0 0 
0 0 0 0 0 0 0 0 0 0 0 0 0 0 0 0 0 0 0 0 0 0 0 0 0 0 0 0 0 0 0 0 0 0 0 0 0 0 0 0 0 0 0 0 0 0 0 0 0 0 0 0 0 0 0 0 0 0 0 0 0 0 0 0 0 0 0 0 0 0 0 0 0 0 0 0 0 0 0 0 0 0 0 0 0 0 0 0 0 0 0 0 0 0 0 0 0 0 0 0 0 0 0 0 0 0 0 0 0 0 0 0 0 0 0 0 0 0 0 0 0 0 0 0 0 0 0 0 0 0 0 0 0 0 0 0 0 0 0 0 0 0 0 0 0 0 0 0 0 0 0 0 0 0 0 0 0 0 0 0 0 0 0 0 0 0 0 0 0 0 0 0 0 0 0 0 
0 0 0 0 0 0 0 0 0 0 0 0 0 0 0 0 0 0 0 0 0 0 0 0 0 0 0 0 0 0 0 0 0 0 0 0 0 0 0 0 0 0 0 0 0 0 0 0 0 0 0 0 0 0 0 0 0 0 0 0 0 0 0 0 0 0 0 0 0 0 0 0 0 0 0 0 0 0 0 0 0 0 0 0 0 0 0 0 0 0 0 0 0 0 0 0 0 0 0 0 0 0 0 0 0 0 0 0 0 0 0 0 0 0 0 0 0 0 0 0 0 0 0 0 0 0 0 0 0 0 0 0 0 0 0 0 0 0 0 0 0 0 0 0 0 0 0 0 0 0 0 0 0 0 0 0 0 0 0 0 0 0 0 0 0 0 0 0 0 0 0 0 0 0 0 0 
0 0 0 0 0 0 0 0 0 0 0 0 0 0 0 0 0 0 0 0 0 0 0 0 0 0 0 0 0 0 0 0 0 0 0 0 0 0 0 0 0 0 0 0 0 0 0 0 0 0 0 0 0 0 0 0 0 0 0 0 0 0 0 0 0 0 0 0 0 0 0 0 0 0 0 0 0 0 0 0 0 0 0 0 0 0 0 0 0 0 0 0 0 0 0 0 0 0 0 0 0 0 0 0 0 0 0 0 0 0 0 0 0 0 0 0 0 0 0 0 0 0 0 0 0 0 0 0 0 0 0 0 0 0 0 0 0 0 0 0 0 0 0 0 0 0 0 0 0 0 0 0 0 0 0 0 0 0 0 0 0 0 0 0 0 0 0 0 0 0 0 0 0 0 0 0 
0 0 0 0 0 0 0 0 0 0 0 0 0 0 0 0 0 0 0 0 0 0 0 0 0 0 0 0 0 0 0 0 0 0 0 0 0 0 0 0 0 0 0 0 0 0 0 0 0 0 0 0 0 0 0 0 0 0 0 0 0 0 0 0 0 0 0 0 0 0 0 0 0 0 0 0 0 0 0 0 0 0 0 0 0 0 0 0 0 0 0 0 0 0 0 0 0 0 0 0 0 0 0 0 0 0 0 0 0 0 0 0 0 0 0 0 0 0 0 0 0 0 0 0 0 0 0 0 0 0 0 0 0 0 0 0 0 0 0 0 0 0 0 0 0 0 0 0 0 0 0 0 0 0 0 0 0 0 0 0 0 0 0 0 0 0 0 0 0 0 0 0 0 0 0 0 
0 0 0 0 0 0 0 0 0 0 0 0 0 0 0 0 0 0 0 0 0 0 0 0 0 0 0 0 0 0 0 0 0 0 0 0 0 0 0 0 0 0 0 0 0 0 0 0 0 0 0 0 0 0 0 0 0 0 0 0 0 0 0 0 0 0 0 0 0 0 0 0 0 0 0 0 0 0 0 0 0 0 0 0 0 0 0 0 0 0 0 0 0 0 0 0 0 0 0 0 0 0 0 0 0 0 0 0 0 0 0 0 0 0 0 0 0 0 0 0 0 0 0 0 0 0 0 0 0 0 0 0 0 0 0 0 0 0 0 0 0 0 0 0 0 0 0 0 0 0 0 0 0 0 0 0 0 0 0 0 0 0 0 0 0 0 0 0 0 0 0 0 0 0 0 0 
0 0 0 0 0 0 0 0 0 0 0 0 0 0 0 0 0 0 0 0 0 0 0 0 0 0 0 0 0 0 0 0 0 0 0 0 0 0 0 0 0 0 0 0 0 0 0 0 0 0 0 0 0 0 0 0 0 0 0 0 0 0 0 0 0 0 0 0 0 0 0 0 0 0 0 0 0 0 0 0 0 0 0 0 0 0 0 0 0 0 0 0 0 0 0 0 0 0 0 0 0 0 0 0 0 0 0 0 0 0 0 0 0 0 0 0 0 0 0 0 0 0 0 0 0 0 0 0 0 0 0 0 0 0 0 0 0 0 0 0 0 0 0 0 0 0 0 0 0 0 0 0 0 0 0 0 0 0 0 0 0 0 0 0 0 0 0 0 0 0 0 0 0 0 0 0 
0 0 0 0 0 0 0 0 0 0 0 0 0 0 0 0 0 0 0 0 0 0 0 0 0 0 0 0 0 0 0 0 0 0 0 0 0 0 0 0 0 0 0 0 0 0 0 0 0 0 0 0 0 0 0 0 0 0 0 0 0 0 0 0 0 0 0 0 0 0 0 0 0 0 0 0 0 0 0 0 0 0 0 0 0 0 0 0 0 0 0 0 0 0 0 0 0 0 0 0 0 0 0 0 0 0 0 0 0 0 0 0 0 0 0 0 0 0 0 0 0 0 0 0 0 0 0 0 0 0 0 0 0 0 0 0 0 0 0 0 0 0 0 0 0 0 0 0 0 0 0 0 0 0 0 0 0 0 0 0 0 0 0 0 0 0 0 0 0 0 0 0 0 0 0 0 
0 0 0 0 0 0 0 0 0 0 0 0 0 0 0 0 0 0 0 0 0 0 0 0 0 0 0 0 0 0 0 0 0 0 0 0 0 0 0 0 0 0 0 0 0 0 0 0 0 0 0 0 0 0 0 0 0 0 0 0 0 0 0 0 0 0 0 0 0 0 0 0 0 0 0 0 0 0 0 0 0 0 0 0 0 0 0 0 0 0 0 0 0 0 0 0 0 0 0 0 0 0 0 0 0 0 0 0 0 0 0 0 0 0 0 0 0 0 0 0 0 0 0 0 0 0 0 0 0 0 0 0 0 0 0 0 0 0 0 0 0 0 0 0 0 0 0 0 0 0 0 0 0 0 0 0 0 0 0 0 0 0 0 0 0 0 0 0 0 0 0 0 0 0 0 0 
0 0 0 0 0 0 0 0 0 0 0 0 0 0 0 0 0 0 0 0 0 0 0 0 0 0 0 0 0 0 0 0 0 0 0 0 0 0 0 0 0 0 0 0 0 0 0 0 0 0 0 0 0 0 0 0 0 0 0 0 0 0 0 0 0 0 0 0 0 0 0 0 0 0 0 0 0 0 0 0 0 0 0 0 0 0 0 0 0 0 0 0 0 0 0 0 0 0 0 0 0 0 0 0 0 0 0 0 0 0 0 0 0 0 0 0 0 0 0 0 0 0 0 0 0 0 0 0 0 0 0 0 0 0 0 0 0 0 0 0 0 0 0 0 0 0 0 0 0 0 0 0 0 0 0 0 0 0 0 0 0 0 0 0 0 0 0 0 0 0 0 0 0 0 0 0 
0 0 0 0 0 0 0 0 0 0 0 0 0 0 0 0 0 0 0 0 0 0 0 0 0 0 0 0 0 0 0 0 0 0 0 0 0 0 0 0 0 0 0 0 0 0 0 0 0 0 0 0 0 0 0 0 0 0 0 0 0 0 0 0 0 0 0 0 0 0 0 0 0 0 0 0 0 0 0 0 0 0 0 0 0 0 0 0 0 0 0 0 0 0 0 0 0 0 0 0 0 0 0 0 0 0 0 0 0 0 0 0 0 0 0 0 0 0 0 0 0 0 0 0 0 0 0 0 0 0 0 0 0 0 0 0 0 0 0 0 0 0 0 0 0 0 0 0 0 0 0 0 0 0 0 0 0 0 0 0 0 0 0 0 0 0 0 0 0 0 0 0 0 0 0 0 
0 0 0 0 0 0 0 0 0 0 0 0 0 0 0 0 0 0 0 0 0 0 0 0 0 0 0 0 0 0 0 0 0 0 0 0 0 0 0 0 0 0 0 0 0 0 0 0 0 0 0 0 0 0 0 0 0 0 0 0 0 0 0 0 0 0 0 0 0 0 0 0 0 0 0 0 0 0 0 0 0 0 0 0 0 0 0 0 0 0 0 0 0 0 0 0 0 0 0 0 0 0 0 0 0 0 0 0 0 0 0 0 0 0 0 0 0 0 0 0 0 0 0 0 0 0 0 0 0 0 0 0 0 0 0 0 0 0 0 0 0 0 0 0 0 0 0 0 0 0 0 0 0 0 0 0 0 0 0 0 0 0 0 0 0 0 0 0 0 0 0 0 0 0 0 0 
0 0 0 0 0 0 0 0 0 0 0 0 0 0 0 0 0 0 0 0 0 0 0 0 0 0 0 0 0 0 0 0 0 0 0 0 0 0 0 0 0 0 0 0 0 0 0 0 0 0 0 0 0 0 0 0 0 0 0 0 0 0 0 0 0 0 0 0 0 0 0 0 0 0 0 0 0 0 0 0 0 0 0 0 0 0 0 0 0 0 0 0 0 0 0 0 0 0 0 0 0 0 0 0 0 0 0 0 0 0 0 0 0 0 0 0 0 0 0 0 0 0 0 0 0 0 0 0 0 0 0 0 0 0 0 0 0 0 0 0 0 0 0 0 0 0 0 0 0 0 0 0 0 0 0 0 0 0 0 0 0 0 0 0 0 0 0 0 0 0 0 0 0 0 0 0 
0 0 0 0 0 0 0 0 0 0 0 0 0 0 0 0 0 0 0 0 0 0 0 0 0 0 0 0 0 0 0 0 0 0 0 0 0 0 0 0 0 0 0 0 0 0 0 0 0 0 0 0 0 0 0 0 0 0 0 0 0 0 0 0 0 0 0 0 0 0 0 0 0 0 0 0 0 0 0 0 0 0 0 0 0 0 0 0 0 0 0 0 0 0 0 0 0 0 0 0 0 0 0 0 0 0 0 0 0 0 0 0 0 0 0 0 0 0 0 0 0 0 0 0 0 0 0 0 0 0 0 0 0 0 0 0 0 0 0 0 0 0 0 0 0 0 0 0 0 0 0 0 0 0 0 0 0 0 0 0 0 0 0 0 0 0 0 0 0 0 0 0 0 0 0 0 
0 0 0 0 0 0 0 0 0 0 0 0 0 0 0 0 0 0 0 0 0 0 0 0 0 0 0 0 0 0 0 0 0 0 0 0 0 0 0 0 0 0 0 0 0 0 0 0 0 0 0 0 0 0 0 0 0 0 0 0 0 0 0 0 0 0 0 0 0 0 0 0 0 0 0 0 0 0 0 0 0 0 0 0 0 0 0 0 0 0 0 0 0 0 0 0 0 0 0 0 0 0 0 0 0 0 0 0 0 0 0 0 0 0 0 0 0 0 0 0 0 0 0 0 0 0 0 0 0 0 0 0 0 0 0 0 0 0 0 0 0 0 0 0 0 0 0 0 0 0 0 0 0 0 0 0 0 0 0 0 0 0 0 0 0 0 0 0 0 0 0 0 0 0 0 0 
0 0 0 0 0 0 0 0 0 0 0 0 0 0 0 0 0 0 0 0 0 0 0 0 0 0 0 0 0 0 0 0 0 0 0 0 0 0 0 0 0 0 0 0 0 0 0 0 0 0 0 0 0 0 0 0 0 0 0 0 0 0 0 0 0 0 0 0 0 0 0 0 0 0 0 0 0 0 0 0 0 0 0 0 0 0 0 0 0 0 0 0 0 0 0 0 0 0 0 0 0 0 0 0 0 0 0 0 0 0 0 0 0 0 0 0 0 0 0 0 0 0 0 0 0 0 0 0 0 0 0 0 0 0 0 0 0 0 0 0 0 0 0 0 0 0 0 0 0 0 0 0 0 0 0 0 0 0 0 0 0 0 0 0 0 0 0 0 0 0 0 0 0 0 0 0 
0 0 0 0 0 0 0 0 0 0 0 0 0 0 0 0 0 0 0 0 0 0 0 0 0 0 0 0 0 0 0 0 0 0 0 0 0 0 0 0 0 0 0 0 0 0 0 0 0 0 0 0 0 0 0 0 0 0 0 0 0 0 0 0 0 0 0 0 0 0 0 0 0 0 0 0 0 0 0 0 0 0 0 0 0 0 0 0 0 0 0 0 0 0 0 0 0 0 0 0 0 0 0 0 0 0 0 0 0 0 0 0 0 0 0 0 0 0 0 0 0 0 0 0 0 0 0 0 0 0 0 0 0 0 0 0 0 0 0 0 0 0 0 0 0 0 0 0 0 0 0 0 0 0 0 0 0 0 0 0 0 0 0 0 0 0 0 0 0 0 0 0 0 0 0 0 
0 0 0 0 0 0 0 0 0 0 0 0 0 0 0 0 0 0 0 0 0 0 0 0 0 0 0 0 0 0 0 0 0 0 0 0 0 0 0 0 0 0 0 0 0 0 0 0 0 0 0 0 0 0 0 0 0 0 0 0 0 0 0 0 0 0 0 0 0 0 0 0 0 0 0 0 0 0 0 0 0 0 0 0 0 0 0 0 0 0 0 0 0 0 0 0 0 0 0 0 0 0 0 0 0 0 0 0 0 0 0 0 0 0 0 0 0 0 0 0 0 0 0 0 0 0 0 0 0 0 0 0 0 0 0 0 0 0 0 0 0 0 0 0 0 0 0 0 0 0 0 0 0 0 0 0 0 0 0 0 0 0 0 0 0 0 0 0 0 0 0 0 0 0 0 0 
