83 80 94 82 85 84 79 75 73 79 86 81 82 85 89 83 84 77 78 83 86 74 80 81 79 81 72 75 80 79 78 79 80 71 75 75 71 76 81 82 77 76 79 78 81 73 76 75 76 78 75 78 77 71 77 81 74 80 78 70 64 73 81 78 74 73 76 80 79 75 76 77 77 77 75 79 74 75 73 78 76 79 75 78 80 74 68 73 76 80 75 77 75 75 79 79 78 73 79 75 77 74 80 75 75 82 83 84 79 77 76 67 73 79 82 89 84 89 89 87 86 83 83 86 88 91 89 94 94 92 87 92 94 88 97 91 86 86 89 91 92 95 98 99 99 97 102 103 99 100 101 108 107 109 105 94 82 77 77 76 70 76 78 76 0 67 79 76 73 89 84 93 93 94 95 100 
83 86 84 82 85 84 94 77 79 84 78 75 84 76 88 77 71 84 77 82 70 76 76 75 80 78 82 72 82 79 77 78 77 70 70 68 71 79 71 82 79 79 75 77 78 73 80 70 79 72 81 80 76 82 79 76 74 70 74 77 66 61 69 78 75 75 77 75 70 72 77 74 76 78 81 81 72 81 80 75 74 80 83 78 82 75 66 70 78 75 77 76 75 83 81 79 79 76 77 77 80 79 76 78 76 77 81 76 77 79 78 68 71 82 80 81 84 80 90 86 88 84 90 91 91 90 91 91 91 93 93 90 95 94 92 90 81 83 95 98 92 94 95 93 96 99 100 100 101 101 103 110 106 104 93 74 71 70 74 74 75 76 82 66 0 0 68 76 78 91 91 94 96 101 96 95 
86 84 82 83 83 81 80 79 78 76 77 77 77 77 77 78 78 78 78 78 78 77 77 77 77 76 76 76 77 77 77 76 76 75 73 72 72 72 72 73 74 75 74 74 75 75 74 74 74 74 75 75 74 75 74 74 74 74 73 71 71 70 70 71 73 74 75 75 75 75 74 74 75 75 75 76 76 76 76 76 76 77 77 77 75 74 74 73 74 75 76 76 76 76 77 77 77 77 77 77 77 77 77 77 78 78 79 79 79 77 76 76 76 78 81 82 83 84 84 84 84 85 85 86 87 88 89 89 89 89 90 90 90 90 89 88 88 88 89 92 93 94 95 95 96 97 98 99 101 102 102 101 98 92 86 80 76 74 73 73 74 74 74 73 73 74 74 77 79 83 86 91 94 96 97 103 
75 82 81 81 81 80 79 78 77 76 76 75 75 75 75 75 76 76 76 77 76 76 75 76 76 76 76 76 77 76 76 75 75 74 73 72 71 71 71 72 72 73 73 73 74 74 73 73 73 73 73 73 73 73 73 73 72 72 71 70 69 69 69 70 72 73 74 74 74 74 74 75 76 76 76 77 78 78 78 79 79 79 80 81 79 78 78 78 78 79 81 80 81 81 82 82 82 82 82 82 82 82 83 82 83 83 83 84 84 83 82 82 83 84 86 86 87 87 87 87 88 88 88 89 89 90 90 90 90 90 90 90 90 89 89 88 88 89 90 92 93 93 94 94 94 95 96 98 100 101 101 98 93 87 81 75 72 71 72 72 73 72 73 73 72 73 74 76 79 82 85 90 93 95 102 92 
78 75 79 79 78 78 77 76 75 75 74 73 73 73 73 73 74 74 75 75 75 75 75 75 74 75 75 75 75 75 74 74 74 73 72 72 71 70 69 69 69 70 70 71 71 72 71 71 71 71 71 71 71 72 71 72 72 72 72 72 71 71 72 73 75 76 78 78 78 79 78 79 79 80 80 81 82 82 82 83 83 84 84 85 84 83 83 83 83 84 85 85 85 86 86 86 86 86 86 86 87 87 88 88 88 88 89 89 89 89 89 89 89 90 91 91 92 92 92 92 92 93 93 93 94 94 94 94 94 94 94 94 94 93 93 93 93 93 94 95 96 96 96 96 96 97 98 99 101 101 99 95 89 82 77 73 71 70 71 71 71 71 72 0 0 74 74 75 77 80 83 88 92 94 100 94 
0 74 78 78 77 76 76 75 74 74 73 73 72 72 72 72 72 73 73 73 74 73 73 73 72 73 73 73 73 73 72 73 72 72 72 71 70 69 68 68 68 69 69 70 70 71 71 71 72 72 72 73 74 74 74 75 75 76 76 77 77 76 77 78 79 80 82 82 82 83 83 83 84 84 84 85 85 86 86 87 87 88 89 89 89 89 89 88 88 88 89 90 90 91 91 90 91 90 90 91 91 92 93 93 93 93 94 94 94 94 95 95 95 96 96 96 97 97 97 97 97 97 98 98 98 98 98 98 98 98 98 98 98 98 98 98 98 98 99 99 99 100 101 100 100 101 102 103 105 104 100 94 87 80 75 72 69 69 69 68 68 70 0 0 0 72 72 73 76 78 81 86 91 93 98 97 
77 77 76 76 75 74 74 73 73 73 73 73 72 71 70 70 70 70 70 71 71 71 71 71 71 71 71 71 71 71 71 71 71 71 71 71 71 70 69 69 69 70 71 72 72 73 73 74 75 75 75 76 77 78 78 79 79 79 80 80 81 81 82 83 84 84 85 86 86 87 87 87 88 88 88 89 89 89 90 91 91 92 93 93 94 94 94 94 94 94 94 94 95 96 96 96 96 95 95 96 97 97 98 98 99 99 99 100 100 100 101 101 101 102 102 101 102 102 102 102 103 103 103 103 103 103 103 103 103 102 102 102 101 102 102 102 103 103 103 103 103 104 104 104 104 105 107 108 110 108 103 95 88 80 74 71 69 69 68 68 67 0 0 0 0 70 71 72 74 76 80 85 89 93 95 88 
78 85 76 75 75 74 74 73 72 72 71 72 71 71 70 70 69 69 69 69 69 70 69 70 70 70 70 71 71 71 70 70 71 71 72 73 73 72 72 72 72 73 74 75 76 77 77 77 78 78 79 80 81 81 82 83 83 83 83 84 85 86 86 87 88 88 89 90 90 91 91 91 92 93 93 94 94 94 95 96 96 96 97 97 98 98 98 98 98 98 98 99 99 100 100 100 100 99 99 100 100 101 102 102 103 103 103 103 104 104 105 106 106 107 107 106 107 107 106 107 107 107 107 107 108 108 108 108 108 107 107 107 107 107 108 108 108 108 108 108 108 108 108 108 109 109 110 111 113 112 106 98 89 80 73 71 69 68 66 66 64 0 0 0 0 68 70 71 72 75 79 84 88 92 93 99 
73 70 75 75 74 73 73 72 72 71 70 71 70 70 69 69 68 68 67 68 68 69 69 69 69 69 70 71 71 72 72 72 73 74 74 75 75 75 75 75 75 76 77 78 78 79 80 80 81 82 82 83 84 85 86 87 88 88 88 89 90 90 91 92 93 93 93 93 94 94 94 94 95 95 95 96 97 96 96 97 97 97 98 98 98 98 98 98 98 98 97 98 99 99 99 99 99 99 99 100 100 100 101 102 102 102 102 103 103 104 104 105 105 106 106 107 107 107 107 108 108 108 108 108 109 109 110 110 110 110 110 110 110 111 111 112 112 112 112 112 112 113 113 113 113 114 115 116 117 116 109 101 92 81 73 70 68 66 65 65 0 0 0 0 0 67 68 69 71 74 78 83 87 91 95 104 
73 0 74 74 73 73 72 72 71 71 70 69 69 69 68 68 68 68 67 67 68 69 70 70 70 71 71 72 73 74 74 75 76 77 77 78 78 78 79 79 79 80 81 82 83 83 84 85 86 86 87 88 88 89 89 90 90 90 91 91 92 92 93 92 93 93 92 93 93 93 94 94 95 95 95 95 96 95 95 96 96 97 97 97 97 98 98 98 98 97 97 98 98 98 98 99 99 98 98 99 99 100 100 100 101 101 101 102 102 102 103 104 104 105 105 106 106 106 107 107 107 107 107 107 107 108 108 108 109 109 109 109 109 110 111 111 112 112 112 112 112 113 113 114 114 115 116 117 119 119 112 103 93 83 73 69 67 66 65 0 0 0 0 0 0 66 68 69 71 74 77 82 86 90 92 91 
73 0 72 72 72 71 71 71 70 70 69 69 69 70 70 70 70 70 69 70 70 71 72 73 73 73 74 75 75 76 77 78 79 80 80 81 82 82 82 83 83 83 84 85 86 87 87 87 88 88 88 88 89 89 89 89 89 89 90 90 90 91 91 91 92 92 91 91 91 91 92 93 93 94 94 95 95 95 95 95 95 96 96 95 95 95 94 95 94 94 94 94 94 95 94 94 94 94 94 95 95 95 96 96 96 97 97 98 98 99 99 99 100 101 101 101 102 102 103 103 103 104 105 105 106 107 107 107 108 108 108 108 109 109 110 110 111 111 111 111 111 112 112 112 113 114 114 115 118 119 113 104 95 85 74 69 66 65 0 0 0 0 0 62 62 65 68 68 70 73 76 80 85 90 97 93 
70 69 72 72 72 72 72 71 71 71 70 70 70 71 72 73 73 73 72 72 73 74 74 75 75 75 76 77 78 79 80 80 82 82 82 83 83 83 84 84 84 85 85 86 86 86 87 87 87 87 88 88 88 88 88 87 87 87 87 88 87 87 87 87 86 87 86 86 87 87 88 90 91 93 94 95 95 94 94 94 94 93 92 89 89 87 86 87 89 89 91 93 93 94 93 93 93 93 93 94 94 94 94 94 95 96 96 96 96 97 98 98 99 100 100 100 101 98 97 95 94 94 97 99 102 105 107 107 108 108 108 108 109 109 109 110 110 110 110 110 110 111 111 111 111 112 112 113 115 117 112 103 96 86 74 67 65 0 0 0 0 0 0 63 63 65 67 68 70 73 75 79 84 88 95 93 
76 70 72 72 72 72 72 72 72 73 72 72 72 73 73 74 75 75 75 75 75 76 77 78 78 78 78 79 80 81 81 82 82 83 83 83 83 83 83 83 83 83 83 84 84 84 84 84 83 83 83 84 84 83 83 82 80 79 81 82 82 84 86 85 84 85 85 85 85 85 85 88 90 91 93 94 94 94 93 94 94 91 89 87 85 83 83 85 87 87 89 92 92 92 91 91 92 92 92 92 93 93 93 93 94 94 94 95 95 96 96 96 97 98 97 98 99 96 95 92 91 90 94 97 100 103 106 107 108 108 108 108 108 109 109 109 109 109 109 109 109 109 109 110 110 111 110 112 113 116 112 104 98 90 77 66 0 0 0 0 0 0 0 63 63 65 66 67 70 72 74 79 83 87 91 94 
74 72 72 73 73 73 73 73 73 74 73 73 73 74 75 76 77 77 77 76 77 77 78 78 79 79 79 79 80 81 81 81 82 82 81 81 80 79 79 79 79 79 79 79 78 78 79 80 81 82 82 83 82 82 81 80 78 77 78 79 80 82 84 83 82 83 83 83 84 81 83 86 88 89 93 94 93 93 94 94 93 89 87 83 81 77 77 80 83 83 85 90 89 89 89 88 89 89 88 89 90 89 89 89 90 90 90 91 91 92 92 93 94 94 94 95 96 92 90 88 85 84 90 94 99 102 106 106 107 107 107 108 108 109 109 109 109 109 108 108 108 108 108 108 108 109 109 110 112 114 111 103 99 92 79 62 0 0 0 0 0 0 0 0 0 0 67 67 69 72 74 78 82 86 88 93 
67 69 74 74 74 74 74 75 75 75 75 75 75 76 77 78 78 79 78 78 78 79 78 79 79 79 78 79 79 80 80 80 80 80 80 79 79 78 78 78 78 78 78 77 76 76 77 78 79 80 80 81 80 80 79 78 76 74 74 75 75 77 79 78 77 79 78 78 79 76 79 83 86 88 93 94 93 93 94 94 93 87 84 79 74 67 67 70 73 73 77 83 82 82 81 79 80 79 80 79 81 80 81 81 82 82 84 83 84 84 85 85 86 86 85 86 87 81 78 75 73 76 85 91 97 101 106 106 107 107 107 108 109 109 109 109 108 108 108 108 107 108 107 107 107 107 107 108 110 113 110 103 100 94 81 61 0 0 0 0 0 0 0 0 0 0 65 66 68 71 73 77 81 86 87 92 
69 72 74 74 75 75 76 76 76 76 76 76 76 77 77 78 78 78 77 77 77 77 77 77 78 78 77 78 79 80 79 79 78 78 77 76 76 76 76 76 76 76 76 75 72 73 73 74 76 77 77 77 77 76 75 73 70 67 66 66 65 68 71 69 67 69 70 70 72 71 76 81 85 87 92 94 94 93 94 94 92 85 82 76 68 54 46 0 0 0 0 0 0 0 0 0 0 0 0 0 0 0 0 0 0 0 0 0 0 0 0 0 0 0 0 0 0 0 0 0 53 67 81 89 96 99 105 106 106 106 107 107 108 109 108 108 107 107 107 107 107 107 107 106 106 106 106 107 108 110 109 101 100 95 83 61 0 0 0 0 0 0 0 0 0 0 65 67 69 71 74 78 82 85 82 91 
80 71 73 74 75 76 77 77 77 77 76 76 76 76 76 77 77 77 76 76 76 76 76 77 77 78 77 78 78 79 79 79 76 76 74 73 72 74 73 73 72 71 71 69 66 66 66 66 68 69 67 69 66 66 65 63 58 54 50 0 0 0 0 0 0 0 0 0 0 67 77 82 85 87 92 94 93 93 93 93 92 84 82 79 71 56 0 0 0 0 0 0 0 0 0 0 0 0 0 0 0 0 0 0 0 0 0 0 0 0 0 0 0 0 0 0 0 0 0 0 0 76 87 93 96 98 104 105 105 106 106 107 108 108 108 108 107 107 106 106 106 106 105 105 105 105 105 106 107 109 108 101 100 96 87 67 0 0 0 0 0 0 0 0 0 0 0 66 69 71 73 77 81 84 90 92 
78 68 74 74 75 75 76 76 76 76 75 75 75 75 75 75 75 75 74 74 74 75 75 76 77 77 77 78 78 78 78 78 76 75 73 70 67 67 66 67 66 64 64 60 55 53 0 0 0 0 0 0 0 0 0 0 0 0 0 0 0 0 0 0 0 0 0 0 0 70 78 83 86 87 92 93 94 93 93 93 92 84 82 78 71 56 0 0 0 0 0 0 0 0 0 0 0 0 0 0 0 0 0 0 0 0 0 0 0 0 0 0 0 0 0 0 0 0 0 0 0 76 86 92 96 97 103 105 105 105 106 107 107 107 107 107 107 106 106 106 106 105 105 104 104 104 105 105 106 108 108 101 100 97 88 70 0 0 0 0 0 0 0 0 0 0 0 66 68 69 72 75 79 83 92 89 
69 69 74 74 74 74 75 75 75 75 75 74 74 75 75 74 74 74 72 72 73 74 74 77 77 78 77 78 78 78 78 78 75 74 72 68 0 0 0 0 0 0 0 0 0 0 0 0 0 0 0 0 0 0 0 0 0 0 0 0 0 0 0 0 0 0 0 0 0 71 79 83 85 87 92 93 93 93 93 93 91 84 82 78 71 56 0 0 0 0 0 0 0 0 0 0 0 0 0 0 0 0 0 0 0 0 0 0 0 0 0 0 0 0 0 0 0 0 0 0 0 72 83 90 93 96 102 104 105 105 106 107 107 107 107 106 106 105 105 105 105 105 104 104 104 103 104 104 105 107 107 101 100 98 90 74 0 0 0 0 0 0 0 0 0 0 0 66 68 70 72 75 79 82 83 87 
74 78 73 73 73 73 74 74 74 74 74 74 74 74 74 73 72 71 69 69 70 72 73 76 76 77 77 78 78 78 78 77 75 73 71 67 0 0 0 0 0 0 0 0 0 0 0 0 0 0 0 0 0 0 0 0 0 0 0 0 0 0 0 49 49 49 48 0 0 70 78 82 85 86 91 92 93 93 92 92 91 84 82 78 71 57 0 0 0 0 0 0 0 0 0 0 0 0 0 0 0 0 0 0 0 0 0 0 0 0 0 0 0 0 0 0 0 0 0 0 0 68 80 88 92 94 101 104 105 105 106 106 106 106 106 105 105 105 105 105 105 104 104 104 104 104 104 104 104 106 107 102 102 100 93 78 0 0 0 0 0 0 0 0 0 0 0 65 70 70 72 74 78 82 83 93 
73 73 72 72 72 72 73 72 73 73 73 73 73 73 73 71 70 69 66 66 68 70 72 75 76 77 77 77 78 78 78 76 75 74 72 68 0 0 0 0 0 0 0 0 0 0 0 0 0 0 0 0 0 0 0 0 0 0 0 0 0 0 52 50 49 49 48 46 0 69 78 82 84 86 91 92 93 93 92 92 91 84 82 79 72 57 0 0 0 0 0 0 0 0 0 0 0 0 0 0 0 0 0 0 0 0 0 0 0 0 0 0 0 0 0 0 0 0 0 0 0 65 79 87 91 94 101 104 105 106 106 106 106 106 105 105 105 105 105 105 105 104 104 104 104 103 104 103 104 106 108 103 103 101 95 80 0 0 0 0 0 0 0 0 0 0 0 66 69 70 71 73 76 80 85 95 
69 75 72 72 71 72 72 72 72 73 72 72 72 72 72 70 68 66 62 63 66 69 71 75 76 76 76 77 78 78 77 76 75 74 72 69 0 0 0 0 0 0 0 0 0 0 0 0 0 0 0 0 0 0 0 0 0 0 0 0 0 51 51 49 49 49 47 46 0 65 78 82 84 85 90 91 92 93 92 92 91 84 82 78 71 58 0 0 0 0 0 0 0 0 0 0 0 0 0 0 0 0 0 0 0 0 0 0 0 0 0 0 0 0 0 0 0 0 0 0 0 61 76 85 89 92 101 104 105 106 105 106 106 106 105 106 105 105 104 105 104 104 104 104 103 103 103 103 104 105 107 103 103 102 97 81 0 0 0 0 0 0 0 0 0 0 0 66 69 69 71 73 76 80 84 95 
73 70 72 71 71 71 72 72 72 72 72 72 72 72 71 70 67 65 62 63 66 69 72 75 75 76 76 77 77 78 77 76 75 74 71 68 0 0 0 0 0 0 0 0 0 0 0 0 0 0 0 0 0 0 0 0 0 0 0 0 0 51 51 49 49 49 47 46 0 62 76 81 83 85 90 91 92 92 92 92 90 83 81 78 71 57 0 0 0 0 0 0 0 0 0 0 0 0 0 0 0 0 0 0 0 0 0 0 0 0 0 0 0 0 0 0 0 0 0 0 0 58 74 83 88 91 100 103 104 105 105 106 106 106 105 105 105 105 104 105 104 104 105 104 104 104 103 103 104 105 107 103 101 98 94 78 0 0 0 0 0 0 0 0 0 0 0 64 68 68 70 72 75 79 83 90 
73 72 71 71 70 71 71 71 72 72 72 71 72 72 71 70 68 65 64 65 67 69 72 74 75 75 76 76 77 77 77 75 74 73 70 64 0 0 0 0 0 0 0 0 0 0 0 0 0 0 0 0 0 0 0 0 0 0 0 0 0 51 51 50 49 49 48 46 0 62 76 81 83 85 90 91 91 92 92 92 90 83 81 77 70 56 0 0 0 0 0 0 0 0 0 0 0 0 0 0 0 0 0 0 0 0 0 0 0 0 0 0 0 0 0 0 0 0 0 0 0 56 73 83 88 91 101 104 104 105 105 105 105 105 105 105 105 105 105 105 104 104 105 104 103 103 103 102 104 105 107 104 100 97 93 79 0 0 0 0 0 0 0 0 0 0 0 64 67 68 69 71 75 78 83 85 
77 73 71 71 70 71 71 71 71 71 71 71 72 72 72 71 69 67 66 67 69 71 73 75 75 75 76 76 77 77 77 75 74 73 70 63 0 0 0 0 0 0 0 0 0 0 0 0 0 0 0 0 0 0 0 0 0 0 0 0 0 51 51 49 49 48 47 46 0 63 77 81 84 85 90 91 91 91 92 92 90 83 81 77 70 55 0 0 0 0 0 0 0 0 0 0 0 0 0 0 0 0 0 0 0 0 0 0 0 0 0 0 0 0 0 0 0 0 0 0 0 52 70 81 86 90 100 103 104 105 104 105 105 105 104 105 105 105 104 104 104 104 104 103 103 102 102 102 103 104 106 104 98 95 91 77 0 0 0 0 0 0 0 0 0 0 0 64 65 66 68 70 73 77 79 89 
71 70 71 71 70 71 70 71 71 70 70 71 72 72 72 71 70 68 68 69 70 72 74 75 75 76 76 76 77 77 76 74 73 72 69 63 0 0 0 0 0 0 0 0 0 0 0 0 0 0 0 0 0 0 0 0 0 0 0 0 0 0 0 47 47 47 47 0 0 61 76 81 83 85 90 91 91 91 91 91 90 82 80 76 69 53 0 0 0 0 0 0 0 0 0 0 0 0 0 0 0 0 0 0 0 0 0 0 0 0 0 0 0 0 0 0 0 0 0 0 0 50 70 81 87 91 100 104 104 105 104 105 104 104 104 104 104 104 104 104 103 103 103 102 102 102 102 102 103 104 106 104 97 94 90 78 59 0 0 0 0 0 0 0 0 0 0 62 64 66 67 69 73 77 81 84 
72 73 70 70 70 70 69 70 70 70 71 71 72 72 72 71 71 70 70 71 72 73 74 75 75 76 76 77 77 77 76 73 73 71 69 62 0 0 0 0 0 0 0 0 0 0 0 0 0 0 0 0 0 0 0 0 0 0 0 0 0 0 0 0 0 0 0 0 0 62 75 81 83 85 91 91 91 91 91 91 90 82 80 77 70 53 0 0 0 0 0 0 0 0 0 0 0 0 0 0 0 0 0 0 0 0 0 0 0 0 0 0 0 0 0 0 0 0 0 0 0 0 71 83 89 92 100 103 104 104 104 104 103 103 103 103 104 104 104 104 104 103 103 102 102 102 101 101 102 103 105 104 96 94 90 79 62 0 0 0 0 0 0 0 0 0 0 62 64 65 67 68 71 76 74 88 
65 69 69 70 69 69 69 69 70 70 71 71 71 72 72 72 72 72 71 72 73 73 74 75 75 76 76 76 77 77 76 74 73 71 69 62 0 0 0 0 0 0 0 0 0 0 0 0 0 0 0 0 0 0 0 0 0 0 0 0 0 0 0 0 0 0 0 0 0 64 76 81 84 85 91 91 91 91 91 91 90 82 80 77 70 53 0 0 0 0 0 0 0 0 0 0 0 0 0 0 0 0 0 0 0 0 0 0 0 0 0 0 0 0 0 0 0 0 0 0 0 0 73 85 91 94 99 104 104 104 104 104 103 104 103 103 103 104 104 104 104 103 103 102 102 101 101 101 102 103 105 104 97 95 92 82 65 0 0 0 0 0 0 0 0 0 0 0 63 65 66 68 71 75 79 85 
70 76 69 69 69 69 69 69 70 70 71 71 71 71 72 72 72 72 72 72 73 73 74 74 75 75 75 76 77 77 76 74 73 71 69 64 0 0 0 0 0 0 0 0 0 0 0 0 0 0 0 0 0 0 0 0 0 0 0 0 0 0 0 0 0 0 0 0 0 64 76 81 84 85 91 91 91 91 91 91 90 83 80 77 70 54 0 0 0 0 0 0 0 0 0 0 0 0 0 0 0 0 0 0 0 0 0 0 0 0 0 0 0 0 0 0 0 0 0 0 0 0 76 88 93 95 99 103 104 104 104 104 104 104 104 103 103 104 104 104 104 103 103 102 102 102 101 101 101 102 104 105 98 97 94 86 69 0 0 0 0 0 0 0 0 0 0 0 63 65 66 68 70 75 78 96 
69 67 68 69 68 69 69 70 70 70 70 71 70 71 71 71 72 71 71 71 72 72 73 74 75 76 75 76 77 77 76 73 72 71 68 61 0 0 0 0 0 0 0 0 0 0 0 0 0 0 0 0 0 0 0 0 0 0 0 0 0 0 0 0 0 0 0 0 0 64 76 81 84 85 90 91 91 91 91 91 90 83 80 77 70 53 0 0 0 0 0 0 0 0 0 0 0 0 0 0 0 0 0 0 0 0 0 0 0 0 0 0 0 0 0 0 0 0 0 0 0 0 82 92 96 98 99 103 104 103 104 104 104 104 104 104 104 104 104 104 104 104 103 103 102 102 101 101 102 102 104 105 99 98 96 89 71 0 0 0 0 0 0 0 0 0 0 0 62 65 66 68 70 75 78 79 
69 69 68 68 68 68 68 69 70 70 70 70 70 70 71 71 72 71 71 71 72 72 73 74 74 75 75 76 77 77 76 73 72 71 67 59 0 0 0 0 0 0 0 0 0 0 0 0 0 0 0 0 0 0 0 0 0 0 0 0 0 0 0 0 0 0 0 0 0 66 78 82 84 85 90 91 91 92 92 92 91 83 81 78 71 55 0 0 0 0 0 0 0 0 0 0 0 0 0 0 0 0 0 0 0 0 0 0 0 0 0 0 0 0 0 0 0 0 0 0 0 0 81 91 96 98 99 103 103 103 103 104 104 104 105 105 104 105 105 104 104 104 103 103 102 102 101 102 102 102 104 105 100 99 97 91 74 0 0 0 0 0 0 0 0 0 0 0 62 64 65 67 69 74 75 84 
65 68 68 68 68 68 68 69 70 70 69 70 70 70 70 71 71 71 71 71 72 72 73 74 74 75 75 75 76 76 76 73 72 70 66 58 0 0 0 0 0 0 0 0 0 0 0 0 0 0 0 0 0 0 0 0 0 0 0 0 0 0 0 0 0 0 0 0 0 69 79 83 85 86 91 91 92 92 92 92 90 83 81 77 70 54 0 0 0 0 0 0 0 0 0 0 0 0 0 0 0 0 0 0 0 0 0 0 0 0 0 0 0 0 0 0 0 0 0 0 0 0 79 90 95 97 99 103 104 104 104 104 105 105 105 105 105 105 104 104 104 103 102 102 102 102 101 102 102 103 104 106 101 100 98 92 75 0 0 0 0 0 0 0 0 0 0 0 62 64 65 67 69 73 73 87 
70 69 67 67 67 67 68 69 70 70 70 70 70 70 70 71 71 71 71 72 72 73 73 74 75 75 75 76 77 77 76 72 71 69 65 56 0 0 0 0 0 0 0 0 0 0 0 0 0 0 0 0 0 0 0 0 0 0 0 0 0 0 0 0 0 0 0 0 0 69 79 82 84 86 90 91 92 92 92 92 91 83 81 77 69 52 0 0 0 0 0 0 0 0 0 0 0 0 0 0 0 0 0 0 0 0 0 0 0 0 0 0 0 0 0 0 0 0 0 0 0 0 77 88 94 97 98 104 104 104 104 104 104 104 105 104 104 104 104 103 103 103 102 102 102 101 101 102 102 103 104 106 101 101 99 94 77 0 0 0 0 0 0 0 0 0 0 0 61 63 65 67 69 73 76 89 
69 69 67 66 67 67 68 69 70 69 69 70 70 70 70 70 70 70 71 72 73 73 74 74 75 75 75 76 77 77 76 72 70 68 62 53 0 0 0 0 0 0 0 0 0 0 0 0 0 0 0 0 0 0 0 0 0 0 0 0 0 0 0 0 0 0 0 0 0 70 79 83 85 86 90 91 92 92 92 92 91 83 81 77 70 53 0 0 0 0 0 0 0 0 0 0 0 0 0 0 0 0 0 0 0 0 0 0 0 0 0 0 0 0 0 0 0 0 0 0 0 0 75 87 93 96 98 103 105 104 104 104 104 104 105 105 104 105 104 103 103 103 102 102 102 101 101 102 102 102 104 106 101 101 100 95 78 0 0 0 0 0 0 0 0 0 0 0 61 63 65 66 68 73 79 81 
64 69 67 66 66 67 68 68 69 69 69 70 69 69 70 70 70 71 72 72 73 73 74 74 75 75 75 76 77 77 76 72 71 68 63 53 0 0 0 0 0 0 0 0 0 0 0 0 0 0 0 0 0 0 0 0 0 0 0 0 0 0 0 0 0 0 0 0 0 71 80 83 85 86 90 91 91 92 92 92 90 83 81 77 70 55 0 0 0 0 0 0 0 0 0 0 0 0 0 0 0 0 0 0 0 0 0 0 0 0 0 0 0 0 0 0 0 0 0 0 0 0 74 87 92 95 97 103 105 104 104 104 104 104 105 105 104 104 104 103 103 103 102 102 101 101 100 101 101 102 104 106 102 102 101 97 82 0 0 0 0 0 0 0 0 0 0 0 62 63 65 66 69 73 81 79 
65 66 66 66 66 67 68 68 69 69 69 69 69 68 69 69 70 71 72 72 72 73 74 74 75 75 76 76 77 77 76 73 71 69 64 0 0 0 0 0 0 0 0 0 0 0 0 0 0 0 0 0 0 0 0 0 0 0 0 0 0 0 0 0 0 0 0 0 0 72 80 83 85 86 90 91 91 91 91 91 90 82 80 77 70 54 0 0 0 0 0 0 0 0 0 0 0 0 0 0 0 0 0 0 0 0 0 0 0 0 0 0 0 0 0 0 0 0 0 0 0 0 72 86 91 95 96 103 104 104 104 105 104 104 104 104 104 104 104 103 103 103 102 102 102 101 100 101 101 102 103 106 102 100 98 95 80 0 0 0 0 0 0 0 0 0 0 0 62 64 65 67 69 72 77 87 
71 70 66 66 66 67 68 68 68 68 68 69 68 68 69 69 70 71 71 72 73 73 74 74 75 75 76 76 77 77 76 73 71 69 64 0 0 0 0 0 0 0 0 0 0 0 0 0 0 0 0 0 0 0 0 0 0 0 0 0 0 0 0 0 0 0 0 0 0 72 80 83 85 86 90 91 91 91 91 91 90 82 80 76 70 53 0 0 0 0 0 0 0 0 0 0 0 0 0 0 0 0 0 0 0 0 0 0 0 0 0 0 0 0 0 0 0 0 0 0 0 0 71 85 91 94 96 103 104 104 104 104 104 104 104 104 104 104 103 103 103 104 103 103 102 101 100 101 101 102 103 106 103 99 97 93 78 0 0 0 0 0 0 0 0 0 0 0 61 63 65 66 68 72 77 78 
60 67 66 66 66 67 67 68 68 68 68 68 67 68 69 69 69 71 71 72 72 73 74 74 74 75 76 76 76 77 75 73 72 70 65 0 0 0 0 0 0 0 0 0 0 0 0 0 0 0 0 0 0 0 0 0 0 0 0 0 0 0 0 0 0 0 0 0 0 67 81 84 86 87 90 91 91 91 91 90 90 82 80 77 70 54 0 0 0 0 0 0 0 0 0 0 0 0 0 0 0 0 0 0 0 0 0 0 0 0 0 0 0 0 0 0 0 0 0 0 0 0 71 84 90 93 95 102 103 103 103 103 104 104 104 104 104 104 104 103 103 103 103 103 102 101 101 101 101 102 103 105 103 97 95 90 77 0 0 0 0 0 0 0 0 0 0 0 0 63 65 66 69 72 77 78 
71 63 67 67 66 67 67 67 67 67 67 67 68 68 69 69 69 70 71 72 72 72 73 74 74 75 76 76 76 77 75 74 74 72 68 0 0 0 0 0 0 0 0 0 0 0 0 0 0 0 0 0 0 0 0 0 0 0 0 0 0 0 0 0 0 0 0 0 0 67 81 84 86 87 91 91 91 91 91 91 90 82 80 77 70 54 0 0 0 0 0 0 0 0 0 0 0 0 0 0 0 0 0 0 0 0 0 0 0 0 0 0 0 0 0 0 0 0 0 0 0 0 70 84 90 93 95 102 103 103 103 103 104 104 104 104 104 103 103 103 103 103 103 103 102 101 101 101 101 102 103 105 104 95 93 88 75 53 0 0 0 0 0 0 0 0 0 0 0 64 65 67 69 71 75 77 
66 68 66 67 66 66 67 66 66 67 67 67 67 68 68 69 69 70 70 71 72 72 73 74 74 74 75 75 76 76 75 74 73 72 67 0 0 0 0 0 0 0 0 0 0 0 0 0 0 0 0 0 0 0 0 0 0 0 0 0 0 0 0 0 0 0 0 0 0 68 81 84 86 87 90 91 91 92 91 91 90 82 78 74 66 50 0 0 0 0 0 0 0 0 0 0 0 0 0 0 0 0 0 0 0 0 0 0 0 0 0 0 0 0 0 0 0 0 0 0 0 0 69 83 90 93 95 102 103 103 103 103 104 104 104 104 104 103 103 103 102 103 102 102 102 102 101 102 102 102 103 105 104 94 92 87 75 55 0 0 0 0 0 0 0 0 0 0 0 63 64 66 68 71 76 80 
68 68 67 67 67 66 66 67 66 67 67 67 68 69 69 69 70 70 70 71 72 72 73 74 74 74 75 75 76 76 75 74 73 72 66 0 0 0 0 0 0 0 0 0 0 0 0 0 0 0 0 0 0 0 0 0 0 0 0 0 0 0 0 0 0 0 0 0 0 68 82 85 86 87 91 91 91 92 91 91 90 82 75 71 63 47 0 0 0 0 0 0 0 0 0 0 0 0 0 0 0 0 0 0 0 0 0 0 0 0 0 0 0 0 0 0 0 0 0 0 0 0 68 83 90 93 95 102 103 103 103 103 104 104 104 104 104 103 103 103 103 103 102 103 102 102 102 102 102 102 103 105 105 96 94 90 79 59 0 0 0 0 0 0 0 0 0 0 0 62 64 66 68 71 75 81 
67 69 66 67 66 66 66 67 66 67 67 68 68 68 69 69 69 70 70 71 72 73 73 74 74 74 75 75 75 76 74 73 73 72 65 0 0 0 0 0 0 0 0 0 0 0 0 0 0 0 0 0 0 0 0 0 0 0 0 0 0 0 0 0 0 0 0 0 0 69 83 86 86 88 91 91 91 92 91 91 90 82 74 70 62 46 0 0 0 0 0 0 0 0 0 0 0 0 0 0 0 0 0 0 0 0 0 0 0 0 0 0 0 0 0 0 0 0 0 0 0 0 66 82 90 93 95 102 103 104 103 104 104 104 104 104 103 103 103 103 102 103 102 102 102 102 102 102 102 102 103 105 104 96 95 91 81 61 0 0 0 0 0 0 0 0 0 0 0 63 64 67 69 71 79 77 
67 66 66 66 66 66 66 66 66 66 67 67 68 69 69 69 69 70 70 71 72 72 73 74 74 74 75 75 75 76 74 74 73 71 65 0 0 0 0 0 0 0 0 0 0 0 0 0 0 0 0 0 0 0 0 0 0 0 0 0 0 0 0 0 0 0 0 0 0 76 83 86 86 87 91 91 92 92 92 92 90 82 73 69 61 47 39 0 0 0 0 0 0 0 0 0 0 0 0 0 0 0 0 0 0 0 0 0 0 0 0 0 0 0 0 0 0 0 0 0 0 0 65 82 90 93 95 103 104 104 104 105 105 105 104 104 103 103 103 103 103 103 103 103 102 102 101 102 101 102 103 104 104 97 96 92 83 65 0 0 0 0 0 0 0 0 0 0 0 61 63 66 68 71 81 81 
64 67 66 66 66 66 66 66 66 66 67 67 68 69 69 69 69 70 70 71 72 72 73 74 74 74 75 75 75 76 73 73 72 70 63 0 0 0 0 0 0 0 0 0 0 0 0 0 0 0 0 0 0 0 0 0 0 0 0 0 0 0 0 0 0 0 0 0 0 71 80 83 85 88 91 91 92 93 93 92 91 83 72 68 60 46 40 0 0 0 0 0 0 0 0 0 0 0 0 0 0 0 0 0 0 0 0 0 0 0 0 0 0 0 0 0 0 0 0 0 0 0 62 79 87 92 96 103 105 105 104 105 105 105 105 105 104 104 104 103 103 103 103 103 102 102 101 101 101 102 103 104 105 98 97 94 86 67 0 0 0 0 0 0 0 0 0 0 0 61 62 65 68 71 73 74 
67 63 65 65 65 66 66 66 66 66 67 68 68 69 69 68 69 69 70 71 72 72 73 74 74 75 75 75 75 76 73 73 71 69 62 0 0 0 0 0 0 0 0 0 0 0 0 0 0 0 0 0 0 0 0 0 0 0 0 0 0 0 0 0 0 0 0 0 0 72 80 84 85 88 91 91 92 93 93 92 91 83 72 67 60 47 40 0 0 0 0 0 0 0 0 0 0 0 0 0 0 0 0 0 0 0 0 0 0 0 0 0 0 0 0 0 0 0 0 0 0 0 62 79 87 91 96 104 105 105 105 105 105 105 104 104 104 104 103 103 103 103 103 102 102 101 101 101 100 101 102 104 105 99 98 95 88 68 0 0 0 0 0 0 0 0 0 0 0 61 63 65 68 71 78 86 
64 65 65 65 65 66 66 66 66 66 66 67 67 68 68 68 68 69 70 71 71 72 73 74 74 74 75 75 75 76 73 72 71 68 60 0 0 0 0 0 0 0 0 0 0 0 0 0 0 0 0 0 0 0 0 0 0 0 0 0 0 0 0 0 0 0 0 0 0 73 80 84 85 88 91 92 92 93 93 93 91 84 73 68 61 48 41 0 0 0 0 0 0 0 0 0 0 0 0 0 0 0 0 0 0 0 0 0 0 0 0 0 0 0 0 0 0 0 0 0 0 0 59 76 85 90 96 104 105 106 105 105 105 105 104 104 104 104 103 103 103 103 102 102 101 101 101 101 101 101 102 104 106 99 98 95 88 68 0 0 0 0 0 0 0 0 0 0 0 0 62 65 68 71 79 84 
65 70 65 65 65 66 66 66 66 66 67 67 68 68 69 69 69 69 70 71 71 72 73 74 74 74 75 75 76 77 74 73 71 68 59 0 0 0 0 0 0 0 0 0 0 0 0 0 0 0 0 0 0 0 0 0 0 0 0 0 0 0 0 0 0 0 0 0 0 68 77 81 83 89 91 92 92 93 93 93 92 84 74 69 61 48 41 0 0 0 0 0 0 0 0 0 0 0 0 0 0 0 0 0 0 0 0 0 0 0 0 0 0 0 0 0 0 0 0 0 0 0 57 74 83 88 97 104 106 106 105 105 105 105 105 104 104 104 103 103 103 103 102 102 102 101 101 101 101 102 103 104 106 99 98 96 89 68 0 0 0 0 0 0 0 0 0 0 0 0 61 63 67 71 70 78 
64 70 65 66 65 66 66 66 66 67 67 67 68 68 68 69 69 69 70 71 71 72 73 73 73 74 75 75 76 76 73 73 71 68 59 0 0 0 0 0 0 0 0 0 0 0 0 0 0 0 0 0 0 0 0 0 0 0 0 0 0 0 0 0 0 0 0 0 0 65 75 79 82 90 92 93 93 93 93 93 92 85 74 69 61 47 40 0 0 0 0 0 0 0 0 0 0 0 0 0 0 0 0 0 0 0 0 0 0 0 0 0 0 0 0 0 0 0 0 0 0 42 56 72 81 86 97 105 106 106 106 106 106 105 105 105 105 104 104 103 103 102 102 102 102 101 101 101 101 102 103 105 106 100 98 96 89 68 0 0 0 0 0 0 0 0 0 0 0 0 0 63 66 71 68 79 
65 64 65 65 65 66 66 66 67 67 67 67 68 68 68 69 70 70 71 71 72 72 73 73 74 74 75 75 76 77 74 73 71 69 60 0 0 0 0 0 0 0 0 0 0 0 0 0 0 0 0 0 0 0 0 0 0 0 0 0 0 0 0 0 0 0 0 0 0 65 75 80 82 89 92 92 92 93 93 93 92 85 73 69 61 47 39 0 0 0 0 0 0 0 0 0 0 0 0 0 0 0 0 0 0 0 0 0 0 0 0 0 0 0 0 0 0 0 0 0 0 43 54 71 80 86 97 105 107 107 106 106 106 105 104 104 104 104 104 104 103 103 102 102 102 102 101 102 101 102 102 104 106 99 98 96 89 68 0 0 0 0 0 0 0 0 0 0 0 0 0 0 64 70 64 81 
66 63 65 66 66 66 66 66 67 67 67 67 68 68 68 70 70 71 71 72 72 72 73 73 74 74 74 75 75 76 73 73 71 69 61 0 0 0 0 0 0 0 0 0 0 0 0 0 0 0 0 0 0 0 0 0 0 0 0 0 0 0 0 0 0 0 0 0 39 62 72 78 80 90 92 92 92 93 93 93 92 85 74 70 61 48 40 0 0 0 0 0 0 0 0 0 0 0 0 0 0 0 0 0 0 0 0 0 0 0 0 0 0 0 0 0 0 0 0 0 0 43 52 68 78 84 97 106 108 107 107 106 107 106 105 105 105 104 104 104 103 103 102 102 102 101 101 101 101 102 103 105 106 100 98 96 89 68 0 0 0 0 0 0 0 0 0 0 0 0 0 0 63 71 59 73 
66 65 65 66 66 67 67 67 67 67 67 67 68 68 69 70 71 71 72 72 73 73 74 74 74 74 74 75 75 76 73 73 72 70 64 0 0 0 0 0 0 0 0 0 0 0 0 0 0 0 0 0 0 0 0 0 0 0 0 0 0 0 0 38 38 0 0 0 39 60 70 76 79 90 92 92 92 93 92 93 92 85 74 70 62 48 40 0 0 0 0 0 0 0 0 0 0 0 0 0 0 0 0 0 0 0 0 0 0 0 0 0 0 0 0 0 0 0 0 0 0 43 52 68 77 84 97 106 108 107 107 107 107 106 106 105 105 105 104 104 104 103 102 102 102 101 101 101 101 102 103 105 106 100 98 96 89 68 0 0 0 0 0 0 0 0 0 0 0 0 0 0 0 70 61 74 
64 64 65 65 66 67 66 67 67 67 66 67 68 68 68 70 71 71 72 72 73 73 74 74 74 74 74 74 75 75 73 73 72 69 64 0 0 0 0 0 0 0 0 0 0 0 0 0 0 0 0 0 0 0 0 0 0 0 0 0 0 0 0 38 38 0 0 0 40 60 70 75 79 89 91 92 92 92 92 93 92 85 75 70 63 50 41 0 0 0 0 0 0 0 0 0 0 0 0 0 0 0 0 0 0 0 0 0 0 0 0 0 0 0 0 0 0 0 0 0 0 43 52 68 77 84 97 106 108 108 108 107 107 107 106 106 105 105 104 104 103 103 102 102 101 101 100 101 101 102 103 104 106 99 98 96 90 68 0 0 0 0 0 0 0 0 0 0 0 0 0 0 0 70 0 76 
61 65 64 65 66 67 66 67 67 67 67 67 68 68 69 70 71 72 72 73 73 74 74 74 74 74 74 74 74 75 73 72 71 69 63 0 0 0 0 0 0 0 0 0 0 0 0 0 0 0 0 0 0 0 0 0 0 0 0 0 0 0 0 0 0 0 0 0 41 60 70 75 79 89 91 91 92 92 92 93 92 85 75 71 63 51 42 0 0 0 0 0 0 0 0 0 0 0 0 0 0 0 0 0 0 0 0 0 0 0 0 0 0 0 0 0 0 0 0 0 0 44 52 68 77 84 96 106 108 108 107 107 107 107 106 106 105 105 104 104 104 103 102 102 101 101 101 101 101 102 102 104 106 99 98 96 90 69 0 0 0 0 0 0 0 0 0 0 0 0 0 0 0 71 0 70 
66 66 65 65 66 67 66 66 66 66 67 67 68 69 69 70 71 72 72 73 73 74 74 74 74 74 74 74 75 75 73 72 71 69 63 0 0 0 0 0 0 0 0 0 0 0 0 0 0 0 0 0 0 0 0 0 0 0 0 0 0 0 0 0 0 0 0 0 42 62 71 76 79 89 91 92 92 92 93 93 92 86 76 72 64 52 43 0 0 0 0 0 0 0 0 0 0 0 0 38 38 38 0 0 0 0 0 0 0 0 0 0 0 0 0 0 0 0 0 0 0 44 52 68 77 84 96 106 108 108 108 108 108 108 106 106 105 105 104 104 103 103 102 102 101 101 100 100 101 102 103 104 106 100 99 97 91 70 0 0 0 0 0 0 0 0 0 0 0 0 0 0 0 72 0 78 
61 60 65 65 66 67 66 66 66 67 67 68 68 69 70 70 71 72 72 72 73 74 74 74 74 74 74 75 75 76 74 73 71 69 60 0 0 0 0 0 0 0 0 0 0 0 0 0 0 0 0 0 0 0 0 0 0 0 0 0 0 0 0 0 0 0 0 0 45 63 72 77 80 89 91 92 92 92 92 93 93 86 77 72 65 53 45 0 0 0 0 0 0 0 0 0 0 0 0 38 38 38 0 0 0 0 0 0 0 0 0 0 0 0 0 0 0 0 0 0 0 45 52 68 78 84 97 107 108 108 108 108 107 107 106 105 105 105 104 104 103 103 102 101 101 101 100 100 101 102 102 104 107 100 99 98 92 72 0 0 0 0 0 0 0 0 0 0 0 0 0 0 0 71 59 76 
65 68 65 65 65 66 65 65 66 66 67 68 68 69 69 70 70 71 71 72 72 73 73 74 74 74 74 75 75 76 73 73 71 69 59 0 0 0 0 0 0 0 0 0 0 0 0 0 0 0 0 0 0 0 0 0 0 0 0 0 0 0 0 0 0 0 0 0 46 64 73 78 81 90 91 92 92 92 93 93 93 86 77 73 66 54 46 0 0 0 0 0 0 0 0 0 0 0 0 0 0 0 0 0 0 0 0 0 0 0 0 0 0 0 0 0 0 0 0 0 0 45 52 68 78 84 96 106 108 108 108 108 107 107 106 105 105 105 104 104 103 103 103 102 102 102 101 101 101 101 102 104 106 100 100 98 93 73 0 0 0 0 0 0 0 0 0 0 0 0 0 0 0 70 0 72 
63 61 65 64 65 66 66 66 66 67 67 67 68 69 69 70 70 71 71 72 72 73 73 73 73 74 74 76 76 76 73 73 71 68 59 0 0 0 0 0 0 0 0 0 0 0 0 0 0 0 0 0 0 0 0 0 0 0 0 0 0 0 0 0 0 0 0 0 47 66 74 79 82 91 92 92 93 93 93 93 93 87 78 74 67 55 47 0 0 0 0 0 0 0 0 0 0 0 0 40 40 40 0 0 0 0 0 0 0 0 0 0 0 0 0 0 0 0 0 0 0 45 52 68 78 84 96 106 108 108 107 107 106 106 105 105 104 104 104 104 103 103 103 102 102 101 101 101 101 101 102 104 106 101 101 99 95 76 0 0 0 0 0 0 0 0 0 0 0 0 0 0 64 70 65 76 
68 63 65 64 65 65 65 65 66 66 66 67 67 68 69 69 70 70 71 71 72 73 73 73 74 74 75 76 76 76 74 73 71 68 60 0 0 0 0 0 0 0 0 0 0 0 0 0 0 0 0 0 0 0 0 0 0 0 0 0 0 0 0 0 0 0 0 0 47 67 75 79 82 91 92 92 93 93 93 94 94 88 79 75 69 57 48 0 0 0 0 0 0 0 0 0 0 44 46 44 44 44 0 0 0 0 0 0 0 0 0 0 0 0 0 0 0 0 0 0 0 46 53 68 78 83 96 105 107 107 107 107 106 106 105 105 104 104 104 103 103 103 102 101 102 101 101 101 101 101 102 104 107 102 102 101 97 79 0 0 0 0 0 0 0 0 0 0 0 0 0 0 67 72 63 73 
62 62 64 64 64 65 65 66 67 67 67 67 67 68 69 69 70 70 70 71 72 73 73 73 74 75 75 76 76 76 73 73 71 68 59 0 0 0 0 0 0 0 0 0 0 0 0 0 0 0 0 0 0 0 0 0 0 0 0 0 0 0 0 0 0 0 0 0 48 67 76 80 83 92 93 93 93 93 93 94 94 88 79 76 69 58 50 0 0 0 0 0 0 0 0 0 0 42 48 48 48 48 0 0 0 0 0 0 0 0 0 0 0 0 0 0 0 0 0 0 0 45 53 68 78 84 96 105 107 107 106 106 106 106 105 105 104 103 103 103 103 103 102 102 102 101 101 101 101 101 102 103 106 102 102 101 98 80 0 0 0 0 0 0 0 0 0 0 0 0 0 0 66 72 69 81 
64 59 64 64 64 65 65 66 67 67 67 68 68 68 69 69 69 70 70 71 72 72 73 73 74 75 75 76 77 76 73 72 71 67 61 0 0 0 0 0 0 0 0 0 0 0 0 0 0 0 0 0 0 0 0 0 0 0 0 0 0 0 0 0 0 0 0 0 48 67 76 80 83 92 94 93 94 94 94 94 94 89 80 76 70 59 50 0 0 0 0 0 0 0 0 0 0 0 51 52 52 52 58 0 0 0 0 0 0 0 0 0 0 0 0 0 0 0 0 0 0 45 53 68 78 83 95 104 106 106 106 107 107 106 106 105 104 104 103 103 103 103 102 102 102 102 101 101 101 101 101 103 105 102 102 101 98 82 0 0 0 0 0 0 0 0 0 0 0 0 0 0 66 73 71 83 
61 67 64 64 64 65 65 66 66 66 66 67 68 68 69 69 69 70 70 71 71 72 73 73 74 75 75 76 77 76 73 72 70 67 60 0 0 0 0 0 0 0 0 0 0 0 0 0 0 0 0 0 0 0 0 0 0 0 0 0 0 0 0 0 0 0 0 0 48 67 76 80 83 92 94 93 94 94 95 95 95 90 81 75 69 58 49 0 0 0 0 0 0 0 0 0 0 0 55 57 57 57 63 0 0 0 0 0 0 0 0 0 0 0 0 0 0 0 0 0 0 45 53 68 78 83 96 104 106 106 106 106 107 107 106 106 104 104 104 103 103 103 102 101 102 101 101 101 101 101 101 102 105 102 99 98 95 78 0 0 0 0 0 0 0 0 0 0 0 0 0 0 67 74 64 77 
63 70 64 64 64 65 65 65 66 66 67 67 68 68 69 69 69 70 70 71 72 72 73 74 74 75 75 75 76 76 73 72 71 67 59 0 0 0 0 0 0 0 0 0 0 0 0 0 0 0 0 0 0 0 0 0 0 0 0 0 0 39 39 39 39 0 0 0 48 66 76 80 83 92 94 94 94 94 95 95 96 90 82 76 70 59 50 0 0 0 0 0 0 0 0 0 0 0 61 64 62 62 66 63 0 0 0 0 0 0 0 0 0 0 0 0 0 0 0 0 0 46 53 68 77 83 95 104 106 106 107 107 107 106 106 105 104 104 104 103 103 103 102 101 102 101 101 101 101 101 101 102 105 101 99 98 95 78 0 0 0 0 0 0 0 0 0 0 0 0 0 0 65 73 62 84 
61 65 64 65 64 65 65 65 66 67 67 68 68 69 69 70 70 70 71 71 72 72 73 74 74 75 75 75 76 76 72 72 70 67 58 0 0 0 0 0 0 0 0 0 0 0 0 0 0 0 0 0 0 0 0 0 0 0 0 0 0 0 0 0 0 0 0 0 48 66 76 80 83 92 94 94 94 95 95 96 96 91 82 77 70 59 51 0 0 0 0 0 0 0 0 0 0 0 61 69 67 67 70 73 0 0 0 0 0 0 0 0 0 0 0 0 0 0 0 0 0 46 53 69 78 84 96 105 107 107 107 106 107 106 106 105 105 104 104 103 103 103 102 101 101 101 101 100 100 100 100 101 104 101 98 97 94 77 0 0 0 0 0 0 0 0 0 0 0 0 0 0 66 72 67 86 
63 64 64 65 64 65 65 65 65 66 67 67 68 69 69 69 69 70 70 71 71 72 72 73 73 74 74 75 75 76 72 72 70 66 57 0 0 0 0 0 0 0 0 0 0 0 0 0 0 0 0 0 0 0 0 0 0 0 0 0 0 0 0 0 0 0 0 0 47 65 75 80 83 92 94 94 94 95 95 96 97 92 83 76 69 58 50 0 0 0 0 0 0 0 0 0 0 0 63 79 75 75 75 82 0 0 0 0 0 0 0 0 0 0 0 0 0 0 0 0 0 46 53 68 78 84 96 105 107 107 107 106 106 106 106 105 105 104 104 104 103 103 102 101 100 100 100 100 100 100 100 101 104 101 99 98 94 77 0 0 0 0 0 0 0 0 0 0 0 0 0 0 65 71 69 79 
62 63 65 65 64 65 65 65 65 66 67 67 68 69 69 69 69 70 70 71 71 72 72 73 73 74 74 75 75 76 72 71 69 66 56 0 0 0 0 0 0 0 0 0 0 0 0 0 0 0 0 0 0 0 0 0 0 0 0 0 0 0 0 0 0 0 0 0 48 65 75 80 83 92 95 95 94 95 96 97 97 92 84 75 69 58 51 0 0 0 0 0 0 0 0 0 0 0 57 86 94 96 93 109 104 0 0 0 0 0 0 0 0 0 0 0 0 0 0 0 0 47 54 68 78 84 96 105 107 107 107 106 106 106 106 105 105 105 104 104 103 103 102 101 101 100 100 99 99 100 100 101 104 101 98 97 93 77 0 0 0 0 0 0 0 0 0 0 0 0 0 62 65 70 70 76 
60 60 65 65 65 65 65 65 65 66 67 67 68 69 69 69 69 70 70 71 71 72 72 73 73 74 74 75 76 77 73 72 70 67 57 0 0 0 0 0 0 0 0 0 0 0 0 0 0 0 0 0 0 0 0 0 0 0 0 0 0 0 0 0 0 0 0 0 48 66 75 80 84 93 95 95 95 95 96 97 97 92 85 79 74 65 62 0 0 0 0 0 0 0 0 0 0 0 55 136 130 167 159 188 171 217 0 0 0 0 0 0 0 0 0 0 0 0 0 0 0 54 57 69 78 85 96 105 107 107 107 107 106 106 105 105 104 104 104 103 103 103 102 101 101 100 99 99 98 98 99 101 103 100 100 99 96 81 0 0 0 0 0 0 0 0 0 0 0 0 0 62 65 69 63 76 
63 68 65 65 65 65 65 65 65 66 66 67 68 69 69 69 69 70 70 70 71 71 72 73 73 74 74 75 76 77 73 72 70 66 56 0 0 0 0 0 0 0 0 0 0 0 0 0 0 0 0 0 0 0 0 0 0 0 0 0 0 0 0 0 0 0 0 0 46 65 74 80 84 94 96 97 97 96 96 97 97 92 88 86 81 76 79 81 0 0 0 0 0 0 0 0 0 0 54 220 202 230 237 271 197 222 126 0 0 0 0 0 0 0 0 0 0 0 0 0 0 69 66 75 82 87 96 105 107 107 107 106 106 106 106 105 105 105 104 104 103 102 101 101 100 100 99 99 98 98 99 101 103 99 99 98 95 81 0 0 0 0 0 0 0 0 0 0 0 0 0 65 66 69 72 76 
65 63 65 65 65 65 64 64 65 65 66 67 68 69 69 69 69 70 69 70 71 71 72 73 73 74 74 75 76 77 73 72 70 66 56 0 0 0 0 0 0 0 0 0 0 0 0 0 0 0 0 0 0 0 0 0 0 0 0 0 0 0 0 0 0 0 0 0 46 65 73 80 86 98 100 101 100 97 96 97 97 92 89 90 83 79 82 81 0 0 0 0 0 0 0 0 0 0 58 273 258 280 282 306 204 211 128 46 0 0 0 0 0 0 0 0 0 0 0 0 0 84 76 82 87 89 96 105 107 107 107 107 106 106 105 105 105 105 104 103 102 102 101 101 100 99 99 98 98 98 99 100 102 99 98 97 95 81 0 0 0 0 0 0 0 0 0 0 0 0 0 63 66 69 65 72 
65 59 65 64 65 65 65 65 65 66 66 67 68 69 69 69 69 70 70 70 71 71 72 73 73 74 75 75 76 77 73 72 71 67 58 0 0 0 0 0 0 0 0 0 0 0 0 0 0 0 0 0 0 0 0 0 0 0 0 0 0 0 0 0 0 0 0 0 47 65 74 81 88 99 102 103 102 98 97 97 97 92 89 90 84 80 83 83 0 0 0 0 0 0 0 0 0 0 57 277 280 331 312 323 245 236 109 47 0 0 0 0 0 0 0 0 0 0 0 0 92 83 77 82 87 90 96 105 107 107 107 106 106 106 105 105 104 104 103 103 102 102 101 100 100 99 98 98 97 97 98 98 100 97 96 96 93 79 0 0 0 0 0 0 0 0 0 0 0 0 0 64 66 69 68 79 
69 62 64 64 64 65 65 65 65 66 66 67 67 68 69 69 69 70 70 70 71 72 72 73 73 74 75 75 76 77 73 72 71 67 58 0 0 0 0 0 0 0 0 0 0 0 0 0 0 0 0 0 0 0 0 0 0 0 0 0 0 0 0 0 0 0 0 0 46 65 73 80 88 100 102 103 103 98 97 97 97 92 89 90 83 79 82 82 0 0 0 0 0 0 0 0 0 0 60 289 276 335 313 297 213 212 101 48 47 0 0 0 0 0 0 0 0 0 0 0 92 83 76 82 87 90 96 105 106 107 106 106 105 105 105 104 104 103 102 101 100 98 97 96 95 94 93 93 93 93 94 95 97 94 93 92 90 77 0 0 0 0 0 0 0 0 0 0 0 0 62 63 65 68 75 74 
62 63 64 63 64 64 65 65 66 66 66 67 68 68 69 69 70 70 70 71 71 72 72 73 73 74 75 75 76 76 72 72 70 66 58 0 0 0 0 0 0 0 0 0 0 0 0 0 0 0 0 0 0 0 0 0 0 0 0 0 0 0 0 0 0 0 0 0 46 64 73 80 88 99 102 103 103 98 97 97 96 91 87 86 79 74 75 73 0 0 0 0 0 0 0 0 0 0 57 280 249 277 262 249 174 176 98 49 47 0 0 0 0 0 0 0 0 0 0 0 0 83 75 81 86 89 95 104 106 106 106 105 105 105 104 103 101 100 97 93 91 89 88 88 89 90 91 89 87 87 86 86 88 87 87 87 85 75 0 0 0 0 0 0 0 0 0 0 0 0 61 62 65 67 69 73 
65 61 63 63 64 64 65 65 66 66 66 66 67 68 68 69 69 70 70 71 72 72 72 73 74 74 75 75 76 76 72 72 70 67 59 0 0 0 0 0 0 0 0 0 0 0 0 0 0 0 0 0 0 0 0 0 0 0 0 0 0 0 0 0 0 0 0 0 47 65 74 80 87 98 100 101 101 97 96 97 96 91 85 79 72 64 60 57 0 0 0 0 0 0 0 0 0 0 0 205 174 219 189 182 152 157 77 50 0 0 0 0 0 0 0 0 0 0 0 0 0 72 67 76 82 86 95 104 106 106 106 105 105 104 103 100 98 95 92 89 88 86 85 85 86 87 89 86 84 83 82 83 84 84 84 84 83 0 0 0 0 0 0 0 0 0 0 0 0 0 58 61 63 66 69 78 
62 63 63 63 64 64 66 66 66 66 67 66 67 68 69 69 69 70 70 71 71 72 72 73 73 74 75 75 76 76 73 72 71 68 61 0 0 0 0 0 0 0 0 0 0 0 0 0 0 0 0 0 0 0 0 0 0 0 0 0 0 0 0 0 0 0 0 0 47 65 74 79 84 94 97 98 98 96 96 96 96 91 82 74 68 58 50 0 0 0 0 0 0 0 0 0 0 0 0 0 117 184 150 145 143 145 60 51 0 0 0 0 0 0 0 0 0 0 0 0 0 51 55 67 76 83 94 103 105 106 106 105 105 103 99 96 93 90 85 82 80 77 76 75 76 77 80 79 79 78 77 77 79 79 79 80 78 0 0 0 0 0 0 0 0 0 0 0 0 0 58 61 63 65 70 69 
64 62 63 63 64 64 65 65 66 66 67 67 67 68 68 69 69 70 70 71 72 72 72 73 73 74 74 75 76 76 73 72 71 68 60 0 0 0 0 0 0 0 0 0 0 0 0 0 0 0 0 0 0 0 0 0 0 0 0 0 0 0 0 0 0 0 0 0 47 64 73 78 82 92 95 95 96 95 95 96 95 90 82 75 68 58 49 0 0 0 0 0 0 0 0 0 0 0 0 0 65 104 94 91 92 97 68 0 0 0 0 0 0 0 0 0 0 0 0 0 0 46 52 66 76 82 94 103 106 106 106 105 104 102 97 93 88 84 79 76 75 74 72 69 69 68 66 65 65 64 63 63 64 66 67 69 0 0 0 0 0 0 0 0 0 0 0 0 0 59 60 61 63 65 68 74 
60 63 63 64 64 64 65 65 66 66 66 67 67 68 68 69 69 70 70 70 71 72 73 74 74 75 75 75 76 76 72 72 71 67 60 0 0 0 0 0 0 0 0 0 0 0 0 0 0 0 0 0 0 0 0 0 0 0 0 0 0 0 0 0 0 0 0 0 47 64 72 78 81 91 94 95 95 96 96 95 95 90 81 75 69 58 50 0 0 0 0 0 0 0 0 0 0 0 0 0 0 96 92 88 88 95 80 0 0 0 0 0 0 0 0 0 0 0 0 0 0 45 51 66 75 81 94 103 105 106 105 105 102 100 95 88 81 78 75 75 77 77 73 70 68 64 57 55 58 59 60 61 61 63 63 63 0 0 0 0 0 0 0 0 0 0 0 0 0 59 60 61 63 65 66 74 
62 64 63 64 64 65 65 65 66 66 66 66 67 67 68 68 69 69 70 70 71 73 73 74 75 75 75 75 76 75 72 72 71 67 61 0 0 0 0 0 0 0 0 0 0 0 0 0 0 0 0 0 0 0 0 0 0 0 0 0 0 0 0 0 0 0 0 0 47 64 72 78 81 90 93 95 94 95 95 95 95 90 81 77 71 60 51 0 0 0 0 0 0 0 0 0 0 0 0 0 0 79 84 78 78 82 78 0 0 0 0 0 0 0 0 0 0 0 0 0 0 44 51 66 76 82 94 103 105 105 105 104 99 97 88 81 75 77 79 84 88 86 81 76 72 65 60 66 73 73 75 74 73 73 72 0 0 0 0 0 0 0 0 0 0 0 0 0 0 60 61 63 64 66 67 75 
67 62 63 64 64 65 65 66 65 66 67 67 67 68 68 68 69 69 70 70 71 72 73 74 74 75 75 75 76 75 72 72 71 68 61 0 0 0 0 0 0 0 0 0 0 0 0 0 0 0 0 0 0 0 0 0 0 0 0 0 0 0 0 0 0 0 0 0 46 63 72 77 80 90 93 94 95 95 95 95 94 89 80 76 69 59 51 0 0 0 0 0 0 0 0 0 0 0 0 0 0 71 80 74 74 74 75 0 0 0 0 0 0 0 0 0 0 0 0 0 0 43 51 66 75 81 94 103 105 105 105 103 98 95 86 80 76 81 84 90 91 87 82 77 71 65 65 72 77 79 79 78 77 77 75 71 0 0 0 0 0 0 0 0 0 0 0 0 0 62 62 63 65 67 72 79 
63 62 63 64 65 65 66 66 66 66 66 66 67 68 68 68 69 69 70 70 72 72 73 74 74 74 75 75 76 75 72 72 71 67 61 0 0 0 0 0 0 0 0 0 0 0 0 0 0 0 0 0 0 0 0 0 0 0 0 0 0 0 0 0 0 0 0 0 45 63 72 77 80 90 93 94 94 95 95 95 94 88 79 76 69 58 50 0 0 0 0 0 0 0 0 0 0 0 0 0 0 0 71 66 66 66 68 54 0 0 0 0 0 0 0 0 0 0 0 0 0 42 51 66 75 81 94 103 104 104 104 102 96 92 84 79 78 85 89 93 94 90 86 79 73 67 71 77 81 82 82 81 79 79 78 73 0 0 0 0 0 0 0 0 0 0 0 0 0 63 63 64 65 67 73 73 
64 62 64 65 65 65 66 65 65 66 66 66 67 68 68 68 69 69 70 70 72 72 73 73 74 74 74 75 75 75 72 72 71 68 61 0 0 0 0 0 0 0 0 0 0 0 0 0 0 0 0 0 0 0 0 0 0 0 0 0 0 0 0 0 0 0 0 0 44 62 71 76 80 90 93 94 94 94 94 94 93 87 78 74 67 57 50 0 0 0 0 0 0 0 0 0 0 0 0 0 0 0 62 57 57 57 60 51 0 0 0 0 0 0 0 0 0 0 0 0 0 41 49 65 74 80 93 102 104 104 103 100 96 89 82 78 80 87 92 96 97 90 86 80 73 70 76 80 84 87 88 88 88 88 86 81 0 0 0 0 0 0 0 0 0 0 0 0 0 63 62 63 65 67 71 74 
61 65 64 65 65 65 66 66 66 66 67 67 67 67 67 68 69 69 70 70 71 72 72 73 73 73 74 74 75 75 73 73 72 70 63 0 0 0 0 0 0 0 0 0 0 0 0 0 0 0 0 0 0 0 0 0 0 0 0 0 0 0 0 0 0 0 0 0 44 62 71 76 80 89 92 93 93 94 94 94 93 87 77 74 67 55 48 0 0 0 0 0 0 0 0 0 0 0 0 0 0 0 55 54 54 54 57 54 0 0 0 0 0 0 0 0 0 0 0 0 0 41 50 66 75 82 92 101 103 103 103 99 96 87 80 78 82 87 93 97 96 89 87 79 74 73 81 83 88 90 91 90 90 90 87 82 0 0 0 0 0 0 0 0 0 0 0 0 0 63 63 63 65 67 73 73 
63 65 64 64 65 65 65 65 66 66 67 67 67 67 67 67 68 68 69 69 70 71 71 72 72 73 73 74 75 75 73 73 72 70 63 0 0 0 0 0 0 0 0 0 0 0 0 0 0 0 0 0 0 0 0 0 0 0 0 0 0 0 0 0 0 0 0 0 42 61 70 75 79 89 92 93 93 93 93 93 92 86 77 73 66 54 48 0 0 0 0 0 0 0 0 0 0 0 0 0 0 0 0 54 54 54 54 0 0 0 0 0 0 0 0 0 0 0 0 0 0 42 49 65 75 81 92 101 103 103 102 99 98 88 82 80 84 87 94 97 93 88 83 76 72 76 82 85 89 91 91 90 90 90 88 83 0 0 0 0 0 0 0 0 0 0 0 0 0 61 63 63 65 67 69 78 
65 64 64 65 65 65 65 65 66 66 67 67 67 66 66 65 66 65 66 67 69 70 71 72 72 73 73 74 75 75 73 73 73 71 65 0 0 0 0 0 0 0 0 0 0 0 0 0 0 0 0 0 0 0 0 0 0 0 0 0 0 0 0 0 0 0 0 0 43 62 71 76 79 89 91 92 92 92 92 93 92 86 76 72 65 53 47 0 0 0 0 0 0 0 0 0 0 0 0 0 0 0 0 0 0 0 0 0 0 0 0 0 0 0 0 0 0 0 0 0 0 41 49 65 74 80 91 100 102 102 101 97 94 84 78 76 79 83 89 91 89 86 79 73 72 76 80 84 88 89 89 88 88 88 87 83 0 0 0 0 0 0 0 0 0 0 0 0 0 62 63 63 65 67 67 74 
62 60 65 65 65 65 65 65 66 66 67 67 67 66 64 64 63 63 63 66 68 69 71 72 73 73 73 73 74 75 73 74 73 72 67 0 0 0 0 0 0 0 0 0 0 0 0 0 0 0 0 0 0 0 0 0 0 0 0 0 0 0 0 0 0 0 0 0 43 63 72 77 80 89 90 91 91 91 91 92 91 85 75 71 64 52 45 0 0 0 0 0 0 0 0 0 0 0 0 0 0 0 0 0 0 0 0 0 0 0 0 0 0 0 0 0 0 0 0 0 0 0 49 66 76 82 90 99 100 98 96 91 87 80 75 74 77 83 88 90 87 86 78 74 72 76 79 83 83 84 84 82 81 82 82 79 0 0 0 0 0 0 0 0 0 0 0 0 0 61 62 63 64 67 74 80 
60 70 64 64 64 64 65 65 66 66 66 66 66 65 64 62 62 61 61 64 66 68 70 72 72 73 73 73 74 74 73 73 73 72 68 0 0 0 0 0 0 0 0 0 0 0 0 0 0 0 0 0 0 0 0 0 0 0 0 0 0 0 0 0 0 0 0 0 44 64 73 78 80 88 90 90 90 90 90 91 91 85 75 71 64 51 43 0 0 0 0 0 0 0 0 0 0 0 0 0 0 0 0 0 0 0 0 0 0 0 0 0 0 0 0 0 0 0 0 0 0 0 50 68 78 84 89 96 97 95 91 88 85 79 73 72 75 81 85 88 85 83 74 72 70 75 77 82 82 82 81 79 78 79 79 75 0 0 0 0 0 0 0 0 0 0 0 0 0 60 61 62 64 66 65 78 
62 66 64 64 64 65 65 65 65 65 65 66 66 65 63 61 60 58 57 61 64 67 70 72 73 73 73 73 74 75 74 74 74 73 69 0 0 0 0 0 0 0 0 0 0 0 0 0 0 0 0 0 0 0 0 0 0 0 0 0 0 0 0 0 0 0 0 0 41 62 72 77 80 88 90 89 89 89 90 91 91 84 75 70 63 51 44 0 0 0 0 0 0 0 0 0 0 0 0 0 0 0 0 0 0 0 0 0 0 0 0 0 0 0 0 0 0 0 0 0 0 0 49 66 76 81 87 94 93 90 86 85 81 78 71 69 72 79 79 83 80 79 68 67 65 71 73 80 78 78 78 75 74 75 75 0 0 0 0 0 0 0 0 0 0 0 0 0 0 62 62 63 65 67 69 77 
68 61 64 64 64 64 65 65 65 65 65 66 66 65 63 62 61 59 58 62 65 67 70 73 73 73 73 73 73 74 73 73 73 73 68 0 0 0 0 0 0 0 0 0 0 0 0 0 0 0 0 0 0 0 0 0 0 0 0 0 0 0 0 0 0 0 0 0 0 65 74 79 82 88 89 89 88 88 89 90 90 84 74 70 62 50 43 0 0 0 0 0 0 0 0 0 0 0 0 0 0 0 0 0 0 0 0 0 0 0 0 0 0 0 0 0 0 0 0 0 0 0 49 67 77 81 84 91 90 85 81 78 73 70 64 61 62 70 70 72 73 0 0 0 62 66 68 73 69 70 70 68 67 68 70 0 0 0 0 0 0 0 0 0 0 0 0 0 0 62 62 63 65 67 67 74 
63 64 64 64 64 64 64 64 64 64 65 65 66 65 64 63 63 62 61 64 66 68 70 72 73 73 73 73 73 74 73 73 72 71 66 0 0 0 0 0 0 0 0 0 0 0 0 0 0 0 0 0 0 0 0 0 0 0 0 0 0 0 0 0 0 0 0 0 0 62 72 77 80 86 88 88 88 88 89 90 90 84 74 69 62 49 41 0 0 0 0 0 0 0 0 0 0 0 0 0 0 0 0 0 0 0 0 0 0 0 0 0 0 0 0 0 0 0 0 0 0 0 50 70 79 81 82 89 86 79 70 65 61 0 0 0 0 0 0 0 0 0 0 0 0 0 0 0 0 0 0 55 55 0 0 0 0 0 0 0 0 0 0 0 0 0 0 0 0 60 61 62 64 67 72 77 
66 63 63 63 64 64 64 64 64 64 64 65 66 65 66 65 65 64 64 65 67 68 70 72 73 73 73 74 74 75 73 72 72 70 63 0 0 0 0 0 0 0 0 0 0 0 0 0 0 0 0 0 0 0 0 0 0 0 0 0 0 0 0 0 0 0 0 0 0 62 71 76 79 86 88 88 88 88 88 90 90 83 73 69 61 48 41 0 0 0 0 0 0 0 0 0 0 0 0 0 0 0 0 0 0 0 0 0 0 0 0 0 0 0 0 0 0 0 0 0 0 0 51 70 79 80 79 84 81 72 56 0 0 0 0 0 0 0 0 0 0 0 0 0 0 0 0 0 0 0 0 0 0 0 0 0 0 0 0 0 0 0 0 0 0 0 0 0 0 60 61 63 64 67 76 79 
64 59 63 64 64 64 64 64 63 64 64 64 65 66 66 66 66 65 65 66 68 69 71 72 73 73 73 73 74 75 73 72 72 69 63 0 0 0 0 0 0 0 0 0 0 0 0 0 0 0 0 0 0 0 0 0 0 0 0 0 0 0 0 0 0 0 0 0 0 65 74 78 81 86 88 88 88 89 89 89 89 82 73 68 61 48 42 0 0 0 0 0 0 0 0 0 0 0 0 0 0 0 0 0 0 0 0 0 0 0 0 0 0 0 0 0 0 0 0 0 0 0 52 70 79 80 78 85 82 71 0 0 0 0 0 0 0 0 0 0 0 0 0 0 0 0 0 0 0 0 0 0 0 0 0 0 0 0 0 0 0 0 0 0 0 0 0 0 0 60 61 63 65 68 68 81 
61 65 63 63 63 63 64 64 63 64 65 65 66 67 66 67 67 67 67 68 69 70 71 72 72 73 73 74 74 75 72 72 71 68 61 0 0 0 0 0 0 0 0 0 0 0 0 0 0 0 0 0 0 0 0 0 0 0 0 0 0 0 0 0 0 0 0 0 0 68 76 80 82 85 88 88 89 89 89 89 89 82 72 68 61 48 40 0 0 0 0 0 0 0 0 0 0 0 0 0 0 0 0 0 0 0 0 0 0 0 0 0 0 0 0 0 0 0 0 0 0 0 55 73 81 82 80 86 84 76 65 0 0 0 0 0 0 0 0 0 0 0 0 0 0 0 0 0 0 0 0 0 0 0 0 0 0 0 0 0 0 0 0 0 0 0 0 0 0 59 61 63 65 68 68 81 
0 61 62 62 63 63 63 63 63 63 64 64 65 65 66 66 67 67 67 68 69 70 71 72 72 73 73 74 74 75 72 72 71 68 60 0 0 0 0 0 0 0 0 0 0 0 0 0 0 0 0 0 0 0 0 0 0 0 0 0 0 0 0 0 0 0 0 0 0 68 76 80 82 85 88 89 89 89 88 89 88 82 73 69 62 48 40 0 0 0 0 0 0 0 0 0 0 0 0 0 0 0 0 0 0 0 0 0 0 0 0 0 0 0 0 0 0 0 0 0 0 0 56 73 82 84 82 87 84 78 70 0 0 0 0 0 0 0 0 0 0 0 0 0 0 0 0 0 0 0 0 0 0 0 0 0 0 0 0 0 0 0 0 0 0 0 0 0 0 61 62 63 65 68 73 79 
61 57 62 62 63 62 63 63 63 63 63 64 64 65 65 65 65 66 65 65 66 67 68 69 70 71 72 72 73 74 72 72 71 68 61 0 0 0 0 0 0 0 0 0 0 0 0 0 0 0 0 0 0 0 0 0 0 0 0 0 0 0 0 0 0 0 0 0 0 75 80 83 84 85 88 88 88 88 88 89 88 81 73 69 61 48 40 0 0 0 0 0 0 0 0 0 0 0 0 0 0 0 0 0 0 0 0 0 0 0 0 0 0 0 0 0 0 0 0 0 0 0 58 74 82 85 83 88 86 81 73 68 61 57 57 58 61 60 58 54 51 0 0 0 0 0 0 0 0 0 0 0 0 0 0 0 0 0 0 0 0 0 0 0 0 0 0 0 0 61 62 64 65 68 70 75 
0 0 62 61 62 62 62 62 62 63 63 64 63 64 64 64 64 65 64 65 65 66 67 68 69 70 70 70 70 71 68 67 67 65 59 0 0 0 0 0 0 0 0 0 0 0 0 0 0 0 0 0 0 0 0 0 0 0 0 0 0 0 0 0 0 0 0 0 0 74 79 82 83 84 87 88 88 88 88 88 87 81 74 70 63 49 0 0 0 0 0 0 0 0 0 0 0 0 0 0 0 0 0 0 0 0 0 0 0 0 0 0 0 0 0 0 0 0 0 0 0 0 59 74 82 86 86 91 90 86 82 77 74 72 71 72 74 73 71 67 64 63 61 0 0 0 0 0 0 0 0 0 0 0 0 0 0 0 0 0 0 0 0 0 0 0 0 0 0 62 62 64 66 69 66 80 
0 0 59 58 60 60 61 61 62 62 63 63 63 63 63 64 63 64 63 63 64 65 65 67 68 69 70 70 69 70 67 66 65 64 58 0 0 0 0 0 0 0 0 0 0 0 0 0 0 0 0 0 0 0 0 0 0 0 0 0 0 0 0 0 0 0 0 0 0 71 76 79 81 82 85 86 86 85 85 86 85 79 73 70 63 49 0 0 0 0 0 0 0 0 0 0 0 0 0 0 0 0 0 0 0 0 0 0 0 0 0 0 0 0 0 0 0 0 0 0 0 0 57 73 81 84 86 91 90 87 84 79 77 75 74 73 73 73 71 69 66 65 63 61 0 0 0 0 0 0 0 0 0 0 0 0 0 0 0 0 0 0 0 0 0 0 0 0 0 62 63 65 66 69 69 83 
0 0 0 0 0 0 0 58 60 59 59 59 59 60 61 62 62 63 62 62 61 62 63 65 66 67 69 68 67 68 65 64 64 63 0 0 0 0 0 0 0 0 0 0 0 0 0 0 0 0 0 0 0 0 0 0 0 0 0 0 0 0 0 0 0 0 0 0 0 70 75 79 78 77 80 79 79 79 79 78 78 72 70 68 62 49 0 0 0 0 0 0 0 0 0 0 0 0 0 0 0 0 0 0 0 0 0 0 0 0 0 0 0 0 0 0 0 0 0 0 0 0 59 70 76 79 80 83 83 80 77 72 70 69 70 71 73 73 71 69 66 65 63 61 0 0 0 0 0 0 0 0 0 0 0 0 0 0 0 0 0 0 0 0 0 0 0 0 0 62 63 65 66 69 75 81 
0 0 0 0 0 0 0 0 0 0 0 0 0 0 0 0 58 60 58 57 57 57 57 60 61 63 65 63 62 63 61 60 60 61 0 0 0 0 0 0 0 0 0 0 0 0 0 0 0 0 0 0 0 0 0 0 0 0 0 0 0 0 0 0 0 0 0 0 0 0 74 78 76 75 78 76 77 77 77 76 76 70 67 65 60 48 0 0 0 0 0 0 0 0 0 0 0 0 0 0 0 0 0 0 0 0 0 0 0 0 0 0 0 0 0 0 0 0 0 0 0 0 0 69 75 77 78 82 82 80 77 73 71 69 70 71 73 73 71 69 66 65 63 61 0 0 0 0 0 0 0 0 0 0 0 0 0 0 0 0 0 0 0 0 0 0 0 0 0 62 63 64 66 69 68 84 
0 0 0 0 0 0 0 0 0 0 0 0 0 0 0 0 0 0 0 0 0 0 0 0 0 0 0 0 0 0 51 51 0 0 0 0 0 0 0 0 0 0 0 0 0 0 0 0 0 0 0 0 0 0 0 0 0 0 0 0 0 0 0 0 0 0 0 0 0 0 72 75 73 71 74 72 73 73 73 71 71 66 66 65 61 0 0 0 0 0 0 0 0 0 0 0 0 0 0 0 0 0 0 0 0 0 0 0 0 0 0 0 0 0 0 0 0 0 0 0 0 0 0 66 72 73 74 77 79 77 76 74 74 74 75 77 79 79 78 77 72 71 68 65 0 0 0 0 0 0 0 0 0 0 0 0 0 0 0 0 0 0 0 0 0 0 0 0 0 62 64 65 66 69 69 73 
0 0 0 0 0 0 0 0 0 0 0 0 0 0 0 0 0 0 0 0 0 0 0 0 0 0 0 0 0 0 0 0 0 0 0 0 0 0 0 0 0 0 0 0 0 0 0 0 0 0 0 0 0 0 0 0 0 0 0 0 0 0 0 0 0 0 0 0 0 0 0 0 65 63 66 63 63 65 65 63 64 60 60 60 0 0 0 0 0 0 0 0 0 0 0 0 0 0 0 0 0 0 0 0 0 0 0 0 0 0 0 0 0 0 0 0 0 0 0 0 0 0 0 0 65 66 67 69 70 68 68 66 66 67 68 69 73 72 72 73 70 69 0 0 0 0 0 0 0 0 0 0 0 0 0 0 0 0 0 0 0 0 0 0 0 0 0 0 0 62 63 64 65 69 74 83 
0 0 0 0 0 0 0 0 0 0 0 0 0 0 0 0 0 0 0 0 0 0 0 0 0 0 0 0 0 0 0 0 0 0 0 0 0 0 0 0 0 0 0 0 0 0 0 0 0 0 0 0 0 0 0 0 0 0 0 0 0 0 0 0 0 0 0 0 0 0 0 0 0 0 0 0 0 0 0 44 45 45 0 0 0 0 0 0 0 0 0 0 0 0 0 0 0 0 0 0 0 0 0 0 0 0 0 0 0 0 0 0 0 0 0 0 0 0 0 0 0 0 0 0 0 0 49 49 51 49 48 46 45 0 0 0 0 0 0 0 0 0 0 0 0 0 57 57 57 57 58 0 0 0 0 0 0 0 0 0 0 0 0 0 0 0 0 0 0 62 63 64 66 69 68 82 
0 0 0 0 0 0 0 0 0 0 0 0 0 0 0 0 0 0 0 0 0 0 0 0 0 0 0 0 0 0 0 0 0 0 0 0 0 0 0 0 0 0 0 0 0 0 0 0 0 0 0 0 0 0 0 0 0 0 0 0 0 0 0 0 0 0 0 0 0 0 0 0 0 0 0 0 0 0 0 0 0 0 0 0 0 0 0 0 0 0 0 0 0 0 0 0 0 0 0 0 0 0 0 0 0 0 0 0 0 0 0 0 0 0 0 0 0 0 0 0 0 0 0 0 0 0 0 0 0 0 0 0 0 0 0 0 0 0 0 0 0 0 0 0 0 0 57 57 57 57 58 0 0 0 0 0 0 0 0 0 0 0 0 0 0 0 0 0 0 64 64 65 66 69 71 76 
0 0 0 0 0 0 0 0 0 0 0 0 0 0 0 0 0 0 0 0 0 0 0 0 0 0 0 0 0 0 0 0 0 0 0 0 0 0 0 0 0 0 0 0 0 0 0 0 0 0 0 0 0 0 0 0 0 0 0 0 0 0 0 0 0 0 0 0 0 0 0 0 0 0 0 0 0 0 0 0 0 0 0 0 0 0 0 0 0 0 0 0 0 0 0 0 0 0 0 0 0 0 0 0 0 0 0 0 0 0 0 0 0 0 0 0 0 0 0 0 0 0 0 0 0 0 0 0 0 0 0 0 0 0 0 0 0 0 0 0 0 0 0 0 0 0 57 57 57 57 0 0 0 0 0 0 0 0 0 0 0 0 0 0 0 0 0 0 0 64 64 65 66 69 71 84 
0 0 0 0 0 0 0 0 0 0 0 0 0 0 0 0 0 0 0 0 0 0 0 0 0 0 0 0 0 0 0 0 0 0 0 0 0 0 0 0 0 0 0 0 0 0 0 0 0 0 0 0 0 0 0 0 0 0 0 0 0 0 0 0 0 0 0 0 0 0 0 0 0 0 0 0 0 0 0 0 0 0 0 0 0 0 0 0 0 0 0 0 0 0 0 0 0 0 0 0 0 0 0 0 0 0 0 0 0 0 0 0 0 0 0 0 0 0 0 0 0 0 0 0 0 0 0 0 0 0 0 0 0 0 0 0 0 0 0 0 0 0 0 0 0 0 0 0 0 0 0 0 0 0 0 0 0 0 0 0 0 0 0 0 0 0 0 0 0 64 64 65 67 69 70 73 
0 0 0 0 0 0 0 0 0 0 0 0 0 0 0 0 0 0 0 0 0 0 0 0 0 0 0 0 0 0 0 0 0 0 0 0 0 0 0 0 0 0 0 0 0 0 0 0 0 0 0 0 0 0 0 0 0 0 0 0 0 0 0 0 0 0 0 0 0 0 0 0 0 0 0 0 0 0 0 0 0 0 0 0 0 0 0 0 0 0 0 0 0 0 0 0 0 0 0 0 0 0 0 0 0 0 0 0 0 0 0 0 0 0 0 0 0 0 0 0 0 0 0 0 0 0 0 0 0 0 0 0 0 0 0 0 0 0 0 0 0 0 0 0 0 0 0 0 0 0 0 0 0 0 0 0 0 0 0 0 0 0 0 0 0 0 0 0 0 65 64 66 68 71 75 78 
0 0 0 0 0 0 0 0 0 0 0 0 0 0 0 0 0 0 0 0 0 0 0 0 0 0 0 0 0 0 0 0 0 0 0 0 0 0 0 0 0 0 0 0 0 0 0 0 0 0 0 0 0 0 0 0 0 0 0 0 0 0 0 0 0 0 0 0 0 0 0 0 0 0 0 0 0 0 0 0 0 0 0 0 0 0 0 0 0 0 0 0 0 0 0 0 0 0 0 0 0 0 0 0 0 0 0 0 0 0 0 0 0 0 0 0 0 0 0 0 0 0 0 0 0 0 0 0 0 0 0 0 0 0 0 0 0 0 0 0 0 0 0 0 0 0 0 0 0 0 0 0 0 0 0 0 0 0 0 0 0 0 0 0 0 0 0 0 0 66 65 66 67 70 73 78 
0 0 0 0 0 0 0 0 0 0 0 0 0 0 0 0 0 0 0 0 0 0 0 0 0 0 0 0 0 0 0 0 0 0 0 0 0 0 0 0 0 0 0 0 0 0 0 0 0 0 0 0 0 0 0 0 0 0 0 0 0 0 0 0 0 0 0 0 0 0 0 0 0 0 0 0 0 0 0 0 0 0 0 0 0 0 0 0 0 0 0 0 0 0 0 0 0 0 0 0 0 0 0 0 0 0 0 0 0 0 0 0 0 0 0 0 0 0 0 0 0 0 0 0 0 0 0 0 0 0 0 0 0 0 0 0 0 0 0 0 0 0 0 0 0 0 0 0 0 0 0 0 0 0 0 0 0 0 0 0 0 0 0 0 0 0 0 0 0 0 64 66 68 71 75 78 
0 0 0 0 0 0 0 0 0 0 0 0 0 0 0 0 0 0 0 0 0 0 0 0 0 0 0 0 0 0 0 0 0 0 0 0 0 0 0 0 0 0 0 0 0 0 0 0 0 0 0 0 0 0 0 0 0 0 0 0 0 0 0 0 0 0 0 0 0 0 0 0 0 0 0 0 0 0 0 0 0 0 0 0 0 0 0 0 0 0 0 0 0 0 0 0 0 0 0 0 0 0 0 0 0 0 0 0 0 0 0 0 0 0 0 0 0 0 0 0 0 0 0 0 0 0 0 0 0 0 0 0 0 0 0 0 0 0 0 0 0 0 0 0 0 0 0 0 0 0 0 0 0 0 0 0 0 0 0 0 0 0 0 0 0 0 0 0 0 0 0 0 67 70 60 73 
0 0 0 0 0 0 0 0 0 0 0 0 0 0 0 0 0 0 0 0 0 0 0 0 0 0 0 0 0 0 0 0 0 0 0 0 0 0 0 0 0 0 0 0 0 0 0 0 0 0 0 0 0 0 0 0 0 0 0 0 0 0 0 0 0 0 0 0 0 0 0 0 0 0 0 0 0 0 0 0 0 0 0 0 0 0 0 0 0 0 0 0 0 0 0 0 0 0 0 0 0 0 0 0 0 0 0 0 0 0 0 0 0 0 0 0 0 0 0 0 0 0 0 0 0 0 0 0 0 0 0 0 0 0 0 0 0 0 0 0 0 0 0 0 0 0 0 0 0 0 0 0 0 0 0 0 0 0 0 0 0 0 0 0 0 0 0 0 0 0 0 0 0 70 0 0 
0 0 0 0 0 0 0 0 0 0 0 0 0 0 0 0 0 0 0 0 0 0 0 0 0 0 0 0 0 0 0 0 0 0 0 0 0 0 0 0 0 0 0 0 0 0 0 0 0 0 0 0 0 0 0 0 0 0 0 0 0 0 0 0 0 0 0 0 0 0 0 0 0 0 0 0 0 0 0 0 0 0 0 0 0 0 0 0 0 0 0 0 0 0 0 0 0 0 0 0 0 0 0 0 0 0 0 0 0 0 0 0 0 0 0 0 0 0 0 0 0 0 0 0 0 0 0 0 0 0 0 0 0 0 0 0 0 0 0 0 0 0 0 0 0 0 0 0 0 0 0 0 0 0 0 0 0 0 0 0 0 0 0 0 0 0 0 0 0 0 0 0 0 0 0 0 
0 0 0 0 0 0 0 0 0 0 0 0 0 0 0 0 0 0 0 0 0 0 0 0 0 0 0 0 0 0 0 0 0 0 0 0 0 0 0 0 0 0 0 0 0 0 0 0 0 0 0 0 0 0 0 0 0 0 0 0 0 0 0 0 0 0 0 0 0 0 0 0 0 0 0 0 0 0 0 0 0 0 0 0 0 0 0 0 0 0 0 0 0 0 0 0 0 0 0 0 0 0 0 0 0 0 0 0 0 0 0 0 0 0 0 0 0 0 0 0 0 0 0 0 0 0 0 0 0 0 0 0 0 0 0 0 0 0 0 0 0 0 0 0 0 0 0 0 0 0 0 0 0 0 0 0 0 0 0 0 0 0 0 0 0 0 0 0 0 0 0 0 0 0 0 0 
0 0 0 0 0 0 0 0 0 0 0 0 0 0 0 0 0 0 0 0 0 0 0 0 0 0 0 0 0 0 0 0 0 0 0 0 0 0 0 0 0 0 0 0 0 0 0 0 0 0 0 0 0 0 0 0 0 0 0 0 0 0 0 0 0 0 0 0 0 0 0 0 0 0 0 0 0 0 0 0 0 0 0 0 0 0 0 0 0 0 0 0 0 0 0 0 0 0 0 0 0 0 0 0 0 0 0 0 0 0 0 0 0 0 0 0 0 0 0 0 0 0 0 0 0 0 0 0 0 0 0 0 0 0 0 0 0 0 0 0 0 0 0 0 0 0 0 0 0 0 0 0 0 0 0 0 0 0 0 0 0 0 0 0 0 0 0 0 0 0 0 0 0 0 0 0 
0 0 0 0 0 0 0 0 0 0 0 0 0 0 0 0 0 0 0 0 0 0 0 0 0 0 0 0 0 0 0 0 0 0 0 0 0 0 0 0 0 0 0 0 0 0 0 0 0 0 0 0 0 0 0 0 0 0 0 0 0 0 0 0 0 0 0 0 0 0 0 0 0 0 0 0 0 0 0 0 0 0 0 0 0 0 0 0 0 0 0 0 0 0 0 0 0 0 0 0 0 0 0 0 0 0 0 0 0 0 0 0 0 0 0 0 0 0 0 0 0 0 0 0 0 0 0 0 0 0 0 0 0 0 0 0 0 0 0 0 0 0 0 0 0 0 0 0 0 0 0 0 0 0 0 0 0 0 0 0 0 0 0 0 0 0 0 0 0 0 0 0 0 0 0 0 
0 0 0 0 0 0 0 0 0 0 0 0 0 0 0 0 0 0 0 0 0 0 0 0 0 0 0 0 0 0 0 0 0 0 0 0 0 0 0 0 0 0 0 0 0 0 0 0 0 0 0 0 0 0 0 0 0 0 0 0 0 0 0 0 0 0 0 0 0 0 0 0 0 0 0 0 0 0 0 0 0 0 0 0 0 0 0 0 0 0 0 0 0 0 0 0 0 0 0 0 0 0 0 0 0 0 0 0 0 0 0 0 0 0 0 0 0 0 0 0 0 0 0 0 0 0 0 0 0 0 0 0 0 0 0 0 0 0 0 0 0 0 0 0 0 0 0 0 0 0 0 0 0 0 0 0 0 0 0 0 0 0 0 0 0 0 0 0 0 0 0 0 0 0 0 0 
0 0 0 0 0 0 0 0 0 0 0 0 0 0 0 0 0 0 0 0 0 0 0 0 0 0 0 0 0 0 0 0 0 0 0 0 0 0 0 0 0 0 0 0 0 0 0 0 0 0 0 0 0 0 0 0 0 0 0 0 0 0 0 0 0 0 0 0 0 0 0 0 0 0 0 0 0 0 0 0 0 0 0 0 0 0 0 0 0 0 0 0 0 0 0 0 0 0 0 0 0 0 0 0 0 0 0 0 0 0 0 0 0 0 0 0 0 0 0 0 0 0 0 0 0 0 0 0 0 0 0 0 0 0 0 0 0 0 0 0 0 0 0 0 0 0 0 0 0 0 0 0 0 0 0 0 0 0 0 0 0 0 0 0 0 0 0 0 0 0 0 0 0 0 0 0 
0 0 0 0 0 0 0 0 0 0 0 0 0 0 0 0 0 0 0 0 0 0 0 0 0 0 0 0 0 0 0 0 0 0 0 0 0 0 0 0 0 0 0 0 0 0 0 0 0 0 0 0 0 0 0 0 0 0 0 0 0 0 0 0 0 0 0 0 0 0 0 0 0 0 0 0 0 0 0 0 0 0 0 0 0 0 0 0 0 0 0 0 0 0 0 0 0 0 0 0 0 0 0 0 0 0 0 0 0 0 0 0 0 0 0 0 0 0 0 0 0 0 0 0 0 0 0 0 0 0 0 0 0 0 0 0 0 0 0 0 0 0 0 0 0 0 0 0 0 0 0 0 0 0 0 0 0 0 0 0 0 0 0 0 0 0 0 0 0 0 0 0 0 0 0 0 
0 0 0 0 0 0 0 0 0 0 0 0 0 0 0 0 0 0 0 0 0 0 0 0 0 0 0 0 0 0 0 0 0 0 0 0 0 0 0 0 0 0 0 0 0 0 0 0 0 0 0 0 0 0 0 0 0 0 0 0 0 0 0 0 0 0 0 0 0 0 0 0 0 0 0 0 0 0 0 0 0 0 0 0 0 0 0 0 0 0 0 0 0 0 0 0 0 0 0 0 0 0 0 0 0 0 0 0 0 0 0 0 0 0 0 0 0 0 0 0 0 0 0 0 0 0 0 0 0 0 0 0 0 0 0 0 0 0 0 0 0 0 0 0 0 0 0 0 0 0 0 0 0 0 0 0 0 0 0 0 0 0 0 0 0 0 0 0 0 0 0 0 0 0 0 0 
0 0 0 0 0 0 0 0 0 0 0 0 0 0 0 0 0 0 0 0 0 0 0 0 0 0 0 0 0 0 0 0 0 0 0 0 0 0 0 0 0 0 0 0 0 0 0 0 0 0 0 0 0 0 0 0 0 0 0 0 0 0 0 0 0 0 0 0 0 0 0 0 0 0 0 0 0 0 0 0 0 0 0 0 0 0 0 0 0 0 0 0 0 0 0 0 0 0 0 0 0 0 0 0 0 0 0 0 0 0 0 0 0 0 0 0 0 0 0 0 0 0 0 0 0 0 0 0 0 0 0 0 0 0 0 0 0 0 0 0 0 0 0 0 0 0 0 0 0 0 0 0 0 0 0 0 0 0 0 0 0 0 0 0 0 0 0 0 0 0 0 0 0 0 0 0 
0 0 0 0 0 0 0 0 0 0 0 0 0 0 0 0 0 0 0 0 0 0 0 0 0 0 0 0 0 0 0 0 0 0 0 0 0 0 0 0 0 0 0 0 0 0 0 0 0 0 0 0 0 0 0 0 0 0 0 0 0 0 0 0 0 0 0 0 0 0 0 0 0 0 0 0 0 0 0 0 0 0 0 0 0 0 0 0 0 0 0 0 0 0 0 0 0 0 0 0 0 0 0 0 0 0 0 0 0 0 0 0 0 0 0 0 0 0 0 0 0 0 0 0 0 0 0 0 0 0 0 0 0 0 0 0 0 0 0 0 0 0 0 0 0 0 0 0 0 0 0 0 0 0 0 0 0 0 0 0 0 0 0 0 0 0 0 0 0 0 0 0 0 0 0 0 
0 0 0 0 0 0 0 0 0 0 0 0 0 0 0 0 0 0 0 0 0 0 0 0 0 0 0 0 0 0 0 0 0 0 0 0 0 0 0 0 0 0 0 0 0 0 0 0 0 0 0 0 0 0 0 0 0 0 0 0 0 0 0 0 0 0 0 0 0 0 0 0 0 0 0 0 0 0 0 0 0 0 0 0 0 0 0 0 0 0 0 0 0 0 0 0 0 0 0 0 0 0 0 0 0 0 0 0 0 0 0 0 0 0 0 0 0 0 0 0 0 0 0 0 0 0 0 0 0 0 0 0 0 0 0 0 0 0 0 0 0 0 0 0 0 0 0 0 0 0 0 0 0 0 0 0 0 0 0 0 0 0 0 0 0 0 0 0 0 0 0 0 0 0 0 0 
0 0 0 0 0 0 0 0 0 0 0 0 0 0 0 0 0 0 0 0 0 0 0 0 0 0 0 0 0 0 0 0 0 0 0 0 0 0 0 0 0 0 0 0 0 0 0 0 0 0 0 0 0 0 0 0 0 0 0 0 0 0 0 0 0 0 0 0 0 0 0 0 0 0 0 0 0 0 0 0 0 0 0 0 0 0 0 0 0 0 0 0 0 0 0 0 0 0 0 0 0 0 0 0 0 0 0 0 0 0 0 0 0 0 0 0 0 0 0 0 0 0 0 0 0 0 0 0 0 0 0 0 0 0 0 0 0 0 0 0 0 0 0 0 0 0 0 0 0 0 0 0 0 0 0 0 0 0 0 0 0 0 0 0 0 0 0 0 0 0 0 0 0 0 0 0 
0 0 0 0 0 0 0 0 0 0 0 0 0 0 0 0 0 0 0 0 0 0 0 0 0 0 0 0 0 0 0 0 0 0 0 0 0 0 0 0 0 0 0 0 0 0 0 0 0 0 0 0 0 0 0 0 0 0 0 0 0 0 0 0 0 0 0 0 0 0 0 0 0 0 0 0 0 0 0 0 0 0 0 0 0 0 0 0 0 0 0 0 0 0 0 0 0 0 0 0 0 0 0 0 0 0 0 0 0 0 0 0 0 0 0 0 0 0 0 0 0 0 0 0 0 0 0 0 0 0 0 0 0 0 0 0 0 0 0 0 0 0 0 0 0 0 0 0 0 0 0 0 0 0 0 0 0 0 0 0 0 0 0 0 0 0 0 0 0 0 0 0 0 0 0 0 
0 0 0 0 0 0 0 0 0 0 0 0 0 0 0 0 0 0 0 0 0 0 0 0 0 0 0 0 0 0 0 0 0 0 0 0 0 0 0 0 0 0 0 0 0 0 0 0 0 0 0 0 0 0 0 0 0 0 0 0 0 0 0 0 0 0 0 0 0 0 0 0 0 0 0 0 0 0 0 0 0 0 0 0 0 0 0 0 0 0 0 0 0 0 0 0 0 0 0 0 0 0 0 0 0 0 0 0 0 0 0 0 0 0 0 0 0 0 0 0 0 0 0 0 0 0 0 0 0 0 0 0 0 0 0 0 0 0 0 0 0 0 0 0 0 0 0 0 0 0 0 0 0 0 0 0 0 0 0 0 0 0 0 0 0 0 0 0 0 0 0 0 0 0 0 0 
0 0 0 0 0 0 0 0 0 0 0 0 0 0 0 0 0 0 0 0 0 0 0 0 0 0 0 0 0 0 0 0 0 0 0 0 0 0 0 0 0 0 0 0 0 0 0 0 0 0 0 0 0 0 0 0 0 0 0 0 0 0 0 0 0 0 0 0 0 0 0 0 0 0 0 0 0 0 0 0 0 0 0 0 0 0 0 0 0 0 0 0 0 0 0 0 0 0 0 0 0 0 0 0 0 0 0 0 0 0 0 0 0 0 0 0 0 0 0 0 0 0 0 0 0 0 0 0 0 0 0 0 0 0 0 0 0 0 0 0 0 0 0 0 0 0 0 0 0 0 0 0 0 0 0 0 0 0 0 0 0 0 0 0 0 0 0 0 0 0 0 0 0 0 0 0 
0 0 0 0 0 0 0 0 0 0 0 0 0 0 0 0 0 0 0 0 0 0 0 0 0 0 0 0 0 0 0 0 0 0 0 0 0 0 0 0 0 0 0 0 0 0 0 0 0 0 0 0 0 0 0 0 0 0 0 0 0 0 0 0 0 0 0 0 0 0 0 0 0 0 0 0 0 0 0 0 0 0 0 0 0 0 0 0 0 0 0 0 0 0 0 0 0 0 0 0 0 0 0 0 0 0 0 0 0 0 0 0 0 0 0 0 0 0 0 0 0 0 0 0 0 0 0 0 0 0 0 0 0 0 0 0 0 0 0 0 0 0 0 0 0 0 0 0 0 0 0 0 0 0 0 0 0 0 0 0 0 0 0 0 0 0 0 0 0 0 0 0 0 0 0 0 
0 0 0 0 0 0 0 0 0 0 0 0 0 0 0 0 0 0 0 0 0 0 0 0 0 0 0 0 0 0 0 0 0 0 0 0 0 0 0 0 0 0 0 0 0 0 0 0 0 0 0 0 0 0 0 0 0 0 0 0 0 0 0 0 0 0 0 0 0 0 0 0 0 0 0 0 0 0 0 0 0 0 0 0 0 0 0 0 0 0 0 0 0 0 0 0 0 0 0 0 0 0 0 0 0 0 0 0 0 0 0 0 0 0 0 0 0 0 0 0 0 0 0 0 0 0 0 0 0 0 0 0 0 0 0 0 0 0 0 0 0 0 0 0 0 0 0 0 0 0 0 0 0 0 0 0 0 0 0 0 0 0 0 0 0 0 0 0 0 0 0 0 0 0 0 0 
0 0 0 0 0 0 0 0 0 0 0 0 0 0 0 0 0 0 0 0 0 0 0 0 0 0 0 0 0 0 0 0 0 0 0 0 0 0 0 0 0 0 0 0 0 0 0 0 0 0 0 0 0 0 0 0 0 0 0 0 0 0 0 0 0 0 0 0 0 0 0 0 0 0 0 0 0 0 0 0 0 0 0 0 0 0 0 0 0 0 0 0 0 0 0 0 0 0 0 0 0 0 0 0 0 0 0 0 0 0 0 0 0 0 0 0 0 0 0 0 0 0 0 0 0 0 0 0 0 0 0 0 0 0 0 0 0 0 0 0 0 0 0 0 0 0 0 0 0 0 0 0 0 0 0 0 0 0 0 0 0 0 0 0 0 0 0 0 0 0 0 0 0 0 0 0 
0 0 0 0 0 0 0 0 0 0 0 0 0 0 0 0 0 0 0 0 0 0 0 0 0 0 0 0 0 0 0 0 0 0 0 0 0 0 0 0 0 0 0 0 0 0 0 0 0 0 0 0 0 0 0 0 0 0 0 0 0 0 0 0 0 0 0 0 0 0 0 0 0 0 0 0 0 0 0 0 0 0 0 0 0 0 0 0 0 0 0 0 0 0 0 0 0 0 0 0 0 0 0 0 0 0 0 0 0 0 0 0 0 0 0 0 0 0 0 0 0 0 0 0 0 0 0 0 0 0 0 0 0 0 0 0 0 0 0 0 0 0 0 0 0 0 0 0 0 0 0 0 0 0 0 0 0 0 0 0 0 0 0 0 0 0 0 0 0 0 0 0 0 0 0 0 
0 0 0 0 0 0 0 0 0 0 0 0 0 0 0 0 0 0 0 0 0 0 0 0 0 0 0 0 0 0 0 0 0 0 0 0 0 0 0 0 0 0 0 0 0 0 0 0 0 0 0 0 0 0 0 0 0 0 0 0 0 0 0 0 0 0 0 0 0 0 0 0 0 0 0 0 0 0 0 0 0 0 0 0 0 0 0 0 0 0 0 0 0 0 0 0 0 0 0 0 0 0 0 0 0 0 0 0 0 0 0 0 0 0 0 0 0 0 0 0 0 0 0 0 0 0 0 0 0 0 0 0 0 0 0 0 0 0 0 0 0 0 0 0 0 0 0 0 0 0 0 0 0 0 0 0 0 0 0 0 0 0 0 0 0 0 0 0 0 0 0 0 0 0 0 0 
0 0 0 0 0 0 0 0 0 0 0 0 0 0 0 0 0 0 0 0 0 0 0 0 0 0 0 0 0 0 0 0 0 0 0 0 0 0 0 0 0 0 0 0 0 0 0 0 0 0 0 0 0 0 0 0 0 0 0 0 0 0 0 0 0 0 0 0 0 0 0 0 0 0 0 0 0 0 0 0 0 0 0 0 0 0 0 0 0 0 0 0 0 0 0 0 0 0 0 0 0 0 0 0 0 0 0 0 0 0 0 0 0 0 0 0 0 0 0 0 0 0 0 0 0 0 0 0 0 0 0 0 0 0 0 0 0 0 0 0 0 0 0 0 0 0 0 0 0 0 0 0 0 0 0 0 0 0 0 0 0 0 0 0 0 0 0 0 0 0 0 0 0 0 0 0 
0 0 0 0 0 0 0 0 0 0 0 0 0 0 0 0 0 0 0 0 0 0 0 0 0 0 0 0 0 0 0 0 0 0 0 0 0 0 0 0 0 0 0 0 0 0 0 0 0 0 0 0 0 0 0 0 0 0 0 0 0 0 0 0 0 0 0 0 0 0 0 0 0 0 0 0 0 0 0 0 0 0 0 0 0 0 0 0 0 0 0 0 0 0 0 0 0 0 0 0 0 0 0 0 0 0 0 0 0 0 0 0 0 0 0 0 0 0 0 0 0 0 0 0 0 0 0 0 0 0 0 0 0 0 0 0 0 0 0 0 0 0 0 0 0 0 0 0 0 0 0 0 0 0 0 0 0 0 0 0 0 0 0 0 0 0 0 0 0 0 0 0 0 0 0 0 
0 0 0 0 0 0 0 0 0 0 0 0 0 0 0 0 0 0 0 0 0 0 0 0 0 0 0 0 0 0 0 0 0 0 0 0 0 0 0 0 0 0 0 0 0 0 0 0 0 0 0 0 0 0 0 0 0 0 0 0 0 0 0 0 0 0 0 0 0 0 0 0 0 0 0 0 0 0 0 0 0 0 0 0 0 0 0 0 0 0 0 0 0 0 0 0 0 0 0 0 0 0 0 0 0 0 0 0 0 0 0 0 0 0 0 0 0 0 0 0 0 0 0 0 0 0 0 0 0 0 0 0 0 0 0 0 0 0 0 0 0 0 0 0 0 0 0 0 0 0 0 0 0 0 0 0 0 0 0 0 0 0 0 0 0 0 0 0 0 0 0 0 0 0 0 0 
0 0 0 0 0 0 0 0 0 0 0 0 0 0 0 0 0 0 0 0 0 0 0 0 0 0 0 0 0 0 0 0 0 0 0 0 0 0 0 0 0 0 0 0 0 0 0 0 0 0 0 0 0 0 0 0 0 0 0 0 0 0 0 0 0 0 0 0 0 0 0 0 0 0 0 0 0 0 0 0 0 0 0 0 0 0 0 0 0 0 0 0 0 0 0 0 0 0 0 0 0 0 0 0 0 0 0 0 0 0 0 0 0 0 0 0 0 0 0 0 0 0 0 0 0 0 0 0 0 0 0 0 0 0 0 0 0 0 0 0 0 0 0 0 0 0 0 0 0 0 0 0 0 0 0 0 0 0 0 0 0 0 0 0 0 0 0 0 0 0 0 0 0 0 0 0 
0 0 0 0 0 0 0 0 0 0 0 0 0 0 0 0 0 0 0 0 0 0 0 0 0 0 0 0 0 0 0 0 0 0 0 0 0 0 0 0 0 0 0 0 0 0 0 0 0 0 0 0 0 0 0 0 0 0 0 0 0 0 0 0 0 0 0 0 0 0 0 0 0 0 0 0 0 0 0 0 0 0 0 0 0 0 0 0 0 0 0 0 0 0 0 0 0 0 0 0 0 0 0 0 0 0 0 0 0 0 0 0 0 0 0 0 0 0 0 0 0 0 0 0 0 0 0 0 0 0 0 0 0 0 0 0 0 0 0 0 0 0 0 0 0 0 0 0 0 0 0 0 0 0 0 0 0 0 0 0 0 0 0 0 0 0 0 0 0 0 0 0 0 0 0 0 
