87 88 92 84 91 84 86 77 79 77 85 83 88 91 84 81 81 83 82 77 78 77 82 74 78 76 74 74 79 80 80 78 77 74 72 73 82 84 76 78 72 80 82 77 75 74 73 79 74 76 71 78 77 80 75 78 77 76 76 70 62 72 75 83 76 75 74 81 75 74 76 75 76 79 78 74 77 81 74 79 75 78 77 77 78 70 66 76 81 80 72 82 78 79 77 79 84 73 80 77 77 78 77 78 74 77 79 83 85 78 81 65 69 79 84 85 86 87 89 90 85 85 91 93 90 90 87 95 87 87 91 86 89 90 98 97 84 76 90 97 95 95 101 96 91 104 99 106 102 100 100 106 106 112 105 93 78 73 73 78 73 75 73 70 0 0 74 72 79 91 89 96 93 101 100 95 
87 86 82 84 79 84 83 78 78 76 78 79 73 85 81 77 79 76 74 73 77 77 76 76 75 80 80 77 82 79 81 78 75 84 67 71 73 78 79 76 75 79 81 72 79 73 74 76 73 71 80 72 71 76 80 74 74 75 77 76 65 60 72 78 79 76 70 81 79 75 80 80 73 75 79 79 77 74 77 80 75 78 73 78 76 78 66 72 79 76 78 78 74 79 83 78 78 78 77 82 81 82 80 81 78 84 80 81 79 82 79 70 69 77 87 84 84 84 87 89 87 88 87 90 83 90 93 87 88 93 91 90 91 98 92 86 80 83 89 92 90 93 93 96 98 97 97 100 100 105 106 105 106 100 95 73 71 73 76 68 80 70 68 0 0 0 71 72 76 86 86 89 92 94 106 102 
83 87 83 83 82 81 80 79 78 77 76 77 77 77 77 78 78 78 78 77 77 77 78 78 78 78 78 78 78 77 77 77 76 75 75 74 73 73 73 73 74 74 74 74 74 74 74 73 73 73 73 74 74 74 75 74 74 74 73 71 70 70 70 71 72 74 74 75 75 76 76 76 76 76 76 76 76 76 76 76 76 76 76 76 75 74 75 74 74 76 77 77 77 77 77 77 77 77 77 77 78 78 78 79 78 79 79 80 79 77 76 76 76 77 81 83 84 84 84 84 85 85 85 86 87 87 87 88 88 88 88 89 90 89 88 87 87 88 89 91 93 94 94 95 96 97 98 100 101 102 102 101 98 92 86 80 76 73 73 72 72 72 72 71 73 73 74 77 79 81 86 90 93 96 97 100 
74 88 81 80 80 80 79 78 78 77 75 75 75 75 75 75 75 75 76 76 76 76 76 77 77 77 77 77 77 76 76 76 76 75 74 73 72 71 71 71 71 71 72 72 73 72 73 72 72 72 72 72 72 73 73 73 73 72 72 70 70 69 69 69 71 73 74 74 75 76 76 76 77 77 77 77 78 78 78 78 78 79 78 79 79 79 79 79 79 79 80 80 81 82 81 82 82 81 81 82 83 83 83 84 84 84 84 85 84 83 82 82 82 83 86 87 87 87 87 87 87 88 88 89 89 90 89 89 89 89 90 90 90 89 88 87 87 88 89 91 92 93 93 94 95 96 97 98 99 101 100 98 93 87 81 76 73 72 72 72 71 71 72 69 73 74 74 76 78 80 84 89 92 95 96 106 
79 78 79 79 79 79 78 78 77 76 74 74 74 74 73 73 74 74 74 75 75 75 76 76 76 76 76 75 75 74 75 74 74 74 73 72 71 69 68 68 68 69 69 70 71 71 71 71 71 70 70 71 71 72 72 72 73 72 72 72 72 71 72 72 74 75 77 78 79 79 80 80 80 81 81 82 83 83 83 83 83 83 83 84 84 84 84 84 83 84 85 85 86 86 86 86 86 86 86 87 87 87 88 89 88 89 89 90 89 88 88 88 89 89 91 92 92 92 92 92 92 93 93 94 94 94 94 93 93 94 94 94 94 93 92 92 92 92 93 94 95 96 95 96 96 97 98 100 100 101 99 95 89 83 77 74 72 71 71 71 71 71 71 0 0 75 74 76 78 79 83 88 91 94 99 93 
85 72 78 77 77 77 77 76 76 75 74 74 73 73 72 72 72 72 72 73 73 73 73 74 74 75 74 74 73 73 73 73 73 72 72 71 70 69 67 66 66 67 68 69 70 70 70 71 71 71 72 73 74 74 75 76 76 76 76 76 76 76 77 77 78 80 81 82 82 83 84 84 85 85 85 86 87 86 86 87 87 87 87 89 89 89 89 89 88 88 89 89 90 90 91 91 91 90 91 91 92 92 92 93 93 93 94 94 95 94 94 94 95 95 96 97 97 97 97 97 97 97 98 98 98 98 98 97 97 97 98 98 98 98 97 97 97 97 98 98 99 99 99 100 100 101 103 104 105 104 100 94 87 80 75 72 71 70 70 70 69 69 0 0 0 71 71 74 76 78 82 87 91 94 96 100 
77 77 76 76 76 76 75 75 75 75 74 74 73 72 71 70 70 70 70 71 71 72 72 72 73 73 73 72 72 71 71 71 71 71 71 71 70 69 69 69 68 69 70 71 72 73 73 74 75 75 76 76 77 78 78 79 80 79 80 80 81 81 82 82 83 84 85 86 86 87 87 87 88 89 89 90 90 90 90 91 91 91 92 93 94 94 94 94 93 93 93 94 95 96 96 96 96 96 96 97 97 97 98 98 98 99 100 100 100 100 100 100 100 101 101 102 102 102 102 103 102 103 103 103 103 103 102 102 101 102 102 102 103 103 102 102 102 102 103 103 103 103 103 104 105 106 107 109 110 109 103 96 88 80 73 70 70 69 69 69 70 0 0 0 0 71 71 73 75 78 81 86 89 92 97 95 
73 74 76 75 75 75 74 74 74 73 73 73 72 72 71 70 69 68 68 69 69 69 70 70 71 71 71 70 70 70 70 71 72 72 72 73 72 72 72 72 72 73 73 74 75 76 77 78 78 79 79 80 81 81 82 83 83 83 83 84 85 86 87 87 88 89 89 90 91 91 92 92 93 93 94 94 95 95 95 95 96 96 97 97 98 98 98 98 98 98 97 98 99 99 99 100 100 99 100 101 101 102 102 102 102 103 104 104 104 104 104 104 105 105 106 106 106 106 107 107 107 108 108 108 108 108 107 107 106 107 107 107 108 108 107 107 108 107 107 107 107 107 107 108 109 110 111 113 114 113 106 99 90 80 73 70 69 68 68 69 69 0 0 0 0 0 71 72 74 77 80 84 88 91 94 91 
78 76 75 74 74 74 73 72 72 71 71 71 71 70 69 69 68 67 67 68 68 68 69 70 71 71 71 72 71 71 72 73 73 74 75 75 75 76 75 75 75 76 76 78 79 80 80 81 81 82 83 83 84 85 86 87 87 88 88 89 90 91 91 92 92 92 93 93 94 95 95 95 96 96 96 96 96 96 96 96 97 97 98 98 98 98 98 97 97 98 97 98 99 99 99 99 99 99 100 100 101 101 101 102 102 103 103 103 103 103 104 104 105 105 106 106 107 107 108 108 108 109 109 108 108 109 109 109 109 110 110 110 111 112 111 111 112 111 111 111 112 112 111 112 113 113 115 117 119 118 112 103 93 82 74 70 69 67 66 66 0 0 0 0 0 0 70 71 73 75 78 83 87 90 89 100 
76 78 74 73 73 72 71 71 71 70 70 70 69 69 68 68 68 68 68 68 68 69 71 71 72 73 73 74 74 74 75 75 76 77 77 78 79 79 79 79 79 80 80 82 82 84 84 85 85 86 86 87 88 89 89 90 90 91 90 91 92 92 93 93 93 92 93 93 93 94 94 94 95 95 95 95 95 95 95 95 96 96 96 97 97 97 97 97 97 97 97 98 98 99 99 99 99 99 99 99 100 100 100 100 101 102 102 102 102 102 103 103 104 104 104 105 106 106 107 107 107 107 107 107 107 108 108 108 109 110 109 110 110 111 111 111 111 111 111 111 112 112 113 114 114 115 117 119 121 121 115 105 95 84 74 69 68 65 64 0 0 0 0 0 0 0 69 70 72 75 77 82 85 89 91 92 
0 74 73 72 71 71 70 70 70 70 69 69 69 69 69 70 71 71 71 71 71 72 73 73 74 74 75 75 75 76 77 78 79 80 80 81 82 82 83 83 83 83 84 85 86 87 88 88 88 88 88 88 88 89 89 89 90 90 89 90 91 91 91 91 92 91 91 92 92 92 92 93 93 93 94 94 94 94 94 95 95 95 95 94 95 95 94 94 94 94 94 95 95 95 95 95 94 95 95 95 95 96 96 97 97 97 98 97 97 98 98 99 100 100 101 101 102 102 102 103 104 104 105 106 106 107 108 108 109 109 108 108 109 110 110 110 111 110 110 111 111 111 112 112 113 114 115 117 119 120 115 105 96 85 74 68 67 64 0 0 0 0 0 0 0 0 68 69 71 74 76 81 85 89 92 95 
75 73 71 71 70 70 70 70 70 70 70 70 70 71 71 72 72 73 73 73 73 74 75 75 76 77 77 78 78 80 80 81 81 82 83 84 84 84 84 84 84 83 84 85 86 87 87 87 87 87 87 87 87 88 88 87 87 88 87 88 88 88 87 87 87 86 86 87 87 87 88 89 91 92 93 93 94 94 94 95 95 93 91 89 87 85 86 87 90 91 93 94 94 94 94 94 94 94 94 94 94 94 95 95 95 96 96 95 96 96 97 97 99 99 97 97 96 94 93 94 93 95 98 100 103 106 107 108 108 109 108 108 109 109 109 109 109 109 109 110 110 110 110 111 111 112 113 115 116 118 113 103 96 87 75 68 67 0 0 0 0 0 0 0 0 0 68 69 71 73 76 80 84 88 82 98 
79 73 71 71 71 72 72 72 72 72 72 72 72 72 73 74 75 75 75 76 76 76 77 78 79 79 80 80 80 81 82 82 83 83 83 83 84 84 83 83 83 82 83 83 84 84 85 84 83 83 83 83 83 84 83 82 81 80 81 82 84 85 86 86 85 85 85 85 86 85 86 87 89 90 93 93 94 94 94 94 94 91 89 86 83 81 83 85 87 89 92 93 93 93 93 93 92 92 92 89 89 89 90 90 93 94 94 93 94 94 95 96 97 97 95 95 93 91 89 91 89 90 94 97 100 104 107 107 108 108 108 108 108 109 109 109 109 109 109 109 109 109 109 109 109 110 111 113 114 116 112 102 95 88 75 66 0 0 0 0 0 0 0 0 0 0 67 69 71 73 75 79 83 87 91 97 
66 70 71 72 72 72 73 73 73 74 73 74 74 75 75 76 77 77 78 78 78 79 80 80 80 80 80 80 80 81 81 81 82 82 81 81 81 80 80 80 79 79 79 78 78 79 80 81 81 82 82 82 82 82 82 80 79 78 78 80 81 83 84 83 83 83 83 84 84 81 82 85 86 88 92 93 94 94 94 94 93 89 86 82 79 75 78 81 84 86 90 90 90 91 91 91 89 89 89 85 84 85 85 86 90 91 90 90 91 91 91 92 94 94 91 91 88 85 83 85 84 84 90 94 98 101 106 107 107 108 108 107 108 108 108 108 108 108 108 108 108 108 108 108 109 109 110 111 112 114 110 101 96 90 76 62 0 0 0 0 0 0 0 0 0 0 66 69 70 73 75 79 82 86 88 90 
66 69 73 73 73 74 74 74 74 75 75 76 77 77 78 78 78 78 78 78 78 79 79 79 79 79 80 79 79 80 80 80 80 79 79 79 78 78 79 79 78 77 78 77 77 78 79 80 80 81 81 80 80 81 79 77 76 74 75 76 78 79 81 79 79 79 79 80 80 76 79 82 84 86 91 93 93 94 94 94 93 86 83 78 72 65 68 71 75 78 83 83 83 82 82 82 80 80 80 74 73 74 75 75 81 82 82 81 81 82 83 84 85 86 81 81 77 74 72 73 73 76 84 91 96 99 105 105 106 106 107 107 108 108 108 108 107 107 107 107 107 108 107 107 108 108 108 109 110 112 109 100 97 92 78 61 0 0 0 0 0 0 0 0 0 0 0 69 70 72 74 78 82 86 92 94 
70 72 74 74 75 75 75 75 76 76 76 76 77 77 78 78 78 78 78 77 78 78 78 79 79 79 79 79 79 80 80 79 78 78 77 76 76 76 77 77 76 75 75 74 73 74 75 76 76 78 77 77 76 76 74 72 70 67 67 68 70 71 74 70 69 69 69 71 72 69 75 80 83 85 91 93 94 94 94 94 92 85 81 75 66 53 48 0 0 0 0 0 0 0 0 0 0 0 0 0 0 0 0 0 0 0 0 0 0 0 0 0 0 0 0 0 0 0 50 52 53 66 79 88 94 98 103 105 106 106 107 107 107 108 108 107 107 107 107 107 107 107 107 106 107 107 107 107 109 110 109 99 97 92 80 61 0 0 0 0 0 0 0 0 0 0 0 69 70 72 74 77 80 84 80 92 
75 76 74 75 76 76 76 76 76 76 75 76 76 76 77 77 78 77 77 76 76 77 77 78 78 78 78 78 78 78 79 79 77 76 75 73 72 73 75 74 73 72 72 70 68 68 69 69 69 70 69 68 68 70 66 63 58 53 49 0 0 0 0 0 0 0 0 0 0 66 76 81 84 85 91 93 93 93 93 93 91 84 82 78 70 57 0 0 0 0 0 0 0 0 0 0 0 0 0 0 0 0 0 0 0 0 0 0 0 0 0 0 0 0 0 0 0 0 0 0 0 71 84 91 94 96 103 104 105 105 106 107 107 108 107 107 107 107 107 107 107 106 106 106 107 106 106 106 108 109 109 100 99 94 83 63 0 0 0 0 0 0 0 0 0 0 0 67 68 70 72 76 79 83 85 97 
77 73 75 75 76 75 75 74 75 75 75 75 76 75 76 76 75 75 74 73 74 75 76 78 78 78 78 78 78 79 79 78 76 74 73 70 66 65 67 68 66 65 65 62 59 59 0 0 0 0 0 0 0 0 0 0 0 0 0 0 0 0 0 0 0 0 0 0 0 66 75 81 83 85 90 92 92 92 93 92 91 84 81 78 71 56 0 0 0 0 0 0 0 0 0 0 0 0 0 0 0 0 0 0 0 0 0 0 0 0 0 0 0 0 0 0 0 0 0 0 0 71 83 90 94 96 102 104 105 105 106 106 107 107 107 107 107 107 106 106 106 106 106 106 106 105 105 105 107 108 108 101 100 96 87 68 0 0 0 0 0 0 0 0 0 0 0 65 67 69 71 75 78 82 84 84 
70 71 74 74 74 74 74 74 74 74 74 74 75 75 75 75 75 74 73 72 73 74 75 76 77 77 77 78 78 78 79 78 75 73 72 68 60 0 0 0 0 0 0 0 0 0 0 0 0 0 0 0 0 0 0 0 0 0 0 0 0 0 0 0 0 0 0 0 0 68 77 81 84 85 90 92 92 92 92 92 90 83 81 78 71 56 0 0 0 0 0 0 0 0 0 0 0 0 0 0 0 0 0 0 0 0 0 0 0 0 0 0 0 0 0 0 0 0 0 0 0 71 82 89 93 95 102 104 104 105 105 106 106 107 107 107 107 107 106 106 106 105 105 105 105 104 104 104 105 106 107 101 100 97 90 73 0 0 0 0 0 0 0 0 0 0 0 64 67 68 71 74 77 81 82 97 
75 69 73 73 73 74 74 74 74 74 74 73 74 74 74 74 73 73 72 71 72 74 75 76 77 76 77 77 78 78 78 77 75 74 73 69 0 0 0 0 0 0 0 0 0 0 0 0 0 0 0 0 0 0 0 0 0 0 0 0 0 0 0 0 52 52 0 0 0 70 78 82 85 86 90 92 92 92 91 91 90 84 81 78 72 58 0 0 0 0 0 0 0 0 0 0 0 0 0 0 0 0 0 0 0 0 0 0 0 0 0 0 0 0 0 0 0 0 0 0 0 68 80 88 93 95 102 104 105 105 105 105 106 107 106 107 107 107 106 106 106 105 105 105 104 104 104 104 105 106 108 102 101 99 92 75 0 0 0 0 0 0 0 0 0 0 0 64 67 68 70 73 76 80 88 86 
79 74 72 72 72 73 74 74 73 73 73 73 73 73 73 72 71 70 68 68 70 72 74 75 76 76 76 77 77 77 78 77 75 75 74 70 0 0 0 0 0 0 0 0 0 0 0 0 0 0 0 0 0 0 0 0 0 0 0 0 0 0 54 53 52 51 50 49 0 66 79 83 85 86 90 91 91 91 91 91 90 83 81 78 72 57 0 0 0 0 0 0 0 0 0 0 0 0 0 0 0 0 0 0 0 0 0 0 0 0 0 0 0 0 0 0 0 0 0 0 0 64 77 86 91 94 102 104 104 105 105 105 106 106 106 106 107 106 105 106 105 104 105 105 104 104 104 103 104 106 108 103 102 100 95 79 0 0 0 0 0 0 0 0 0 0 0 64 67 68 70 72 76 81 84 91 
78 71 72 72 72 72 73 73 72 73 73 72 73 73 73 71 69 66 64 65 68 71 73 75 75 75 75 76 77 77 78 76 76 75 74 71 0 0 0 0 0 0 0 0 0 0 0 0 0 0 0 0 0 0 0 0 0 0 0 0 0 51 52 51 51 50 49 47 46 62 78 83 85 86 90 91 91 91 91 91 90 83 81 78 71 56 0 0 0 0 0 0 0 0 0 0 0 0 0 0 0 0 0 0 0 0 0 0 0 0 0 0 0 0 0 0 0 0 0 0 0 62 76 85 90 93 102 104 104 104 105 104 105 106 105 106 106 105 105 105 104 104 104 104 103 103 103 103 104 106 107 103 103 101 96 82 0 0 0 0 0 0 0 0 0 0 0 0 66 68 70 72 76 81 86 88 
74 74 71 71 71 72 73 72 72 72 72 72 72 73 72 70 68 66 64 65 68 71 73 75 75 75 75 76 77 77 78 76 76 75 74 71 0 0 0 0 0 0 0 0 0 0 0 0 0 0 0 0 0 0 0 0 0 0 0 0 0 51 52 51 51 50 49 47 46 62 79 83 85 86 91 92 91 91 91 91 90 83 81 78 71 56 0 0 0 0 0 0 0 0 0 0 0 0 0 0 0 0 0 0 0 0 0 0 0 0 0 0 0 0 0 0 0 0 0 0 0 59 75 84 90 93 102 104 104 104 104 104 105 105 105 105 106 105 105 105 104 104 104 104 103 103 103 103 104 105 107 103 101 100 95 81 0 0 0 0 0 0 0 0 0 0 0 62 65 67 69 71 75 80 89 95 
73 68 71 71 71 72 72 71 71 71 72 72 72 72 72 70 68 66 65 66 68 71 73 75 75 75 76 76 77 77 77 75 75 73 72 67 0 0 0 0 0 0 0 0 0 0 0 0 0 0 0 0 0 0 0 0 0 0 0 0 0 51 52 51 51 50 49 47 46 62 79 83 86 87 91 92 92 92 92 91 90 83 81 78 71 55 0 0 0 0 0 0 0 0 0 0 0 0 0 0 0 0 0 0 0 0 0 0 0 0 0 0 0 0 0 0 0 0 0 0 0 55 72 82 88 92 101 104 105 105 105 104 105 106 105 105 105 105 104 104 104 103 103 103 102 102 103 103 104 105 107 104 100 98 93 79 0 0 0 0 0 0 0 0 0 0 0 62 65 67 69 71 75 80 88 88 
71 66 71 70 71 71 71 70 70 70 71 71 71 72 71 70 69 68 66 67 69 71 73 74 75 76 76 76 77 77 77 74 73 72 70 65 0 0 0 0 0 0 0 0 0 0 0 0 0 0 0 0 0 0 0 0 0 0 0 0 0 51 52 51 50 49 47 45 0 60 78 82 84 86 91 92 91 92 92 91 90 83 81 77 71 54 0 0 0 0 0 0 0 0 0 0 0 0 0 0 0 0 0 0 0 0 0 0 0 0 0 0 0 0 0 0 0 0 0 0 0 52 70 80 86 90 101 104 105 105 104 105 105 105 105 105 105 105 104 104 104 103 103 102 102 102 102 103 103 104 106 104 98 97 92 81 0 0 0 0 0 0 0 0 0 0 0 62 64 66 68 70 75 79 80 89 
70 65 70 70 70 71 70 70 70 70 70 70 71 72 71 71 70 69 68 69 70 71 73 74 75 75 76 76 77 77 76 73 73 71 69 63 0 0 0 0 0 0 0 0 0 0 0 0 0 0 0 0 0 0 0 0 0 0 0 0 0 0 0 48 48 46 0 0 0 62 77 83 85 87 92 93 92 92 91 91 90 83 81 77 70 54 0 0 0 0 0 0 0 0 0 0 0 0 0 0 0 0 0 0 0 0 0 0 0 0 0 0 0 0 0 0 0 0 0 0 0 51 69 79 85 90 100 104 105 105 104 105 105 106 105 105 105 105 104 104 104 103 102 101 102 101 102 102 102 103 105 104 97 96 92 82 62 0 0 0 0 0 0 0 0 0 0 62 64 66 68 70 74 78 83 83 
77 67 70 70 70 71 70 70 69 70 70 70 70 71 71 71 71 71 70 71 72 72 73 74 74 75 76 76 77 77 76 74 73 72 69 63 0 0 0 0 0 0 0 0 0 0 0 0 0 0 0 0 0 0 0 0 0 0 0 0 0 0 0 0 0 0 0 0 0 66 78 83 85 86 92 92 92 92 92 91 90 83 81 78 71 55 0 0 0 0 0 0 0 0 0 0 0 0 0 0 0 0 0 0 0 0 0 0 0 0 0 0 0 0 0 0 0 0 0 0 0 50 70 80 87 91 100 104 105 105 105 105 105 105 105 105 105 105 104 104 104 103 102 102 101 102 102 102 102 103 105 104 97 95 91 82 63 0 0 0 0 0 0 0 0 0 0 0 65 66 67 70 73 77 78 88 
71 68 69 69 69 70 69 69 69 69 70 70 70 71 71 71 72 72 72 72 73 73 73 74 74 75 75 76 76 76 76 73 72 71 68 62 0 0 0 0 0 0 0 0 0 0 0 0 0 0 0 0 0 0 0 0 0 0 0 0 0 0 0 0 0 0 0 0 0 66 78 83 85 87 92 92 92 92 92 91 91 83 81 78 71 55 0 0 0 0 0 0 0 0 0 0 0 0 0 0 0 0 0 0 0 0 0 0 0 0 0 0 0 0 0 0 0 0 0 0 0 47 68 79 86 90 100 103 105 105 104 105 105 105 105 105 104 105 104 104 103 103 102 102 102 102 101 101 101 103 104 105 97 96 93 84 65 0 0 0 0 0 0 0 0 0 0 0 66 66 68 70 73 77 81 86 
68 74 69 69 69 69 69 69 69 69 69 70 70 71 71 71 72 72 72 72 72 73 73 73 74 74 74 75 75 76 75 73 72 71 68 63 0 0 0 0 0 0 0 0 0 0 0 0 0 0 0 0 0 0 0 0 0 0 0 0 0 0 0 0 0 0 0 0 0 67 79 83 85 87 92 92 92 92 92 92 90 83 81 77 70 54 0 0 0 0 0 0 0 0 0 0 0 0 0 0 0 0 0 0 0 0 0 0 0 0 0 0 0 0 0 0 0 0 0 0 0 0 70 81 88 92 99 103 105 105 104 105 105 104 104 104 104 105 104 104 103 103 102 102 101 101 101 101 101 103 104 105 99 98 94 87 68 0 0 0 0 0 0 0 0 0 0 0 65 66 67 69 71 76 79 89 
67 68 68 69 69 69 68 69 68 69 69 70 70 71 71 71 71 72 72 72 73 73 73 73 74 75 74 75 76 76 76 74 73 71 68 63 0 0 0 0 0 0 0 0 0 0 0 0 0 0 0 0 0 0 0 0 0 0 0 0 0 0 0 0 0 0 0 0 0 68 79 84 86 87 92 93 92 92 92 92 90 83 81 77 70 55 0 0 0 0 0 0 0 0 0 0 0 0 0 0 0 0 0 0 0 0 0 0 0 0 0 0 0 0 0 0 0 0 0 0 0 0 72 84 90 94 99 104 105 105 104 104 105 104 104 104 104 104 104 104 104 103 102 102 102 102 101 101 101 103 104 106 99 99 96 88 68 0 0 0 0 0 0 0 0 0 0 0 66 66 67 69 71 75 86 86 
67 68 68 68 69 68 68 69 69 69 69 70 70 70 70 71 71 72 72 72 72 73 73 74 74 75 75 75 76 76 76 73 73 72 69 62 0 0 0 0 0 0 0 0 0 0 0 0 0 0 0 0 0 0 0 0 0 0 0 0 0 0 0 0 0 0 0 0 0 67 79 83 85 87 92 92 92 92 92 92 90 83 81 78 70 55 0 0 0 0 0 0 0 0 0 0 0 0 0 0 0 0 0 0 0 0 0 0 0 0 0 0 0 0 0 0 0 0 0 0 0 0 74 86 92 95 99 103 104 104 103 104 104 104 104 104 104 104 104 104 104 104 102 102 102 101 100 101 101 103 104 106 100 99 97 90 71 0 0 0 0 0 0 0 0 0 0 0 66 66 67 68 71 74 74 83 
67 65 68 68 68 68 68 69 69 69 69 69 69 69 70 70 70 71 71 72 72 73 74 74 74 75 75 75 76 76 76 72 72 70 66 58 0 0 0 0 0 0 0 0 0 0 0 0 0 0 0 0 0 0 0 0 0 0 0 0 0 0 0 0 0 0 0 0 0 67 79 83 85 87 91 92 92 92 92 92 91 83 81 78 70 54 0 0 0 0 0 0 0 0 0 0 0 0 0 0 0 0 0 0 0 0 0 0 0 0 0 0 0 0 0 0 0 0 0 0 0 0 72 85 91 95 98 103 104 104 103 104 104 104 104 104 104 104 103 103 103 103 102 102 102 102 101 101 101 102 104 106 100 100 97 91 73 0 0 0 0 0 0 0 0 0 0 0 66 66 67 69 71 74 85 78 
70 69 68 68 69 69 68 68 69 69 69 69 69 69 69 69 69 70 71 72 72 73 73 74 74 74 75 75 76 76 76 72 70 68 64 55 0 0 0 0 0 0 0 0 0 0 0 0 0 0 0 0 0 0 0 0 0 0 0 0 0 0 0 0 0 0 0 0 0 68 79 83 85 86 91 91 92 92 92 92 90 83 81 77 70 54 0 0 0 0 0 0 0 0 0 0 0 0 0 0 0 0 0 0 0 0 0 0 0 0 0 0 0 0 0 0 0 0 0 0 0 0 76 88 94 97 98 103 104 103 103 104 104 104 104 104 104 104 104 103 103 103 102 102 101 101 100 101 101 103 104 106 101 101 98 93 75 0 0 0 0 0 0 0 0 0 0 0 63 65 67 68 70 74 79 85 
67 64 67 68 69 69 69 68 69 68 69 69 69 68 69 69 69 70 71 72 72 73 73 74 74 75 75 75 76 77 76 71 70 68 63 52 0 0 0 0 0 0 0 0 0 0 0 0 0 0 0 0 0 0 0 0 0 0 0 0 0 0 0 0 0 0 0 0 0 68 79 83 85 86 91 92 92 92 92 92 90 83 81 77 70 54 0 0 0 0 0 0 0 0 0 0 0 0 0 0 0 0 0 0 0 0 0 0 0 0 0 0 0 0 0 0 0 0 0 0 0 0 75 87 93 96 97 102 103 103 103 104 104 105 105 104 104 104 103 103 103 103 102 102 102 102 101 101 102 103 104 106 102 101 100 95 78 0 0 0 0 0 0 0 0 0 0 0 62 65 66 67 70 74 76 81 
67 66 67 68 68 68 68 68 68 69 69 69 69 68 69 69 69 70 71 72 72 73 73 74 74 74 75 75 76 77 76 71 69 67 61 50 0 0 0 0 0 0 0 0 0 0 0 0 0 0 0 0 0 0 0 0 0 0 0 0 0 0 0 0 0 0 0 0 0 71 80 84 86 87 91 92 92 92 92 92 90 83 81 77 70 54 0 0 0 0 0 0 0 0 0 0 0 0 0 0 0 0 0 0 0 0 0 0 0 0 0 0 0 0 0 0 0 0 0 0 0 0 72 85 92 95 96 102 103 103 103 104 104 104 104 104 103 103 103 102 103 103 102 102 102 102 101 102 102 102 104 106 101 101 100 96 81 0 0 0 0 0 0 0 0 0 0 0 61 65 66 68 70 74 80 82 
69 66 67 67 68 68 68 68 68 68 68 68 68 68 69 69 69 70 71 71 72 73 73 74 74 75 75 76 77 77 76 70 69 65 59 48 0 0 0 0 0 0 0 0 0 0 0 0 0 0 0 0 0 0 0 0 0 0 0 0 0 0 41 41 41 0 0 0 0 72 81 84 86 87 91 91 92 92 92 92 91 83 81 77 70 54 0 0 0 0 0 0 0 0 0 0 0 0 0 0 0 0 0 0 0 0 0 0 0 0 0 0 0 0 0 0 0 0 0 0 0 0 72 85 91 94 96 102 104 104 104 104 104 104 104 103 103 103 102 102 102 102 102 101 101 101 101 102 102 103 104 105 102 102 101 98 84 0 0 0 0 0 0 0 0 0 0 0 60 64 66 68 70 74 79 85 
62 70 68 67 67 67 67 67 67 68 68 69 69 69 70 70 70 70 71 71 72 73 73 74 75 75 75 76 76 77 76 71 69 66 60 47 0 0 0 0 0 0 0 0 0 0 0 0 0 0 0 0 0 0 0 0 0 0 0 0 0 0 41 41 41 0 0 0 0 74 82 84 86 87 90 91 92 92 92 92 90 83 80 77 69 53 0 0 0 0 0 0 0 0 0 0 0 0 0 0 0 0 0 0 0 0 0 0 0 0 0 0 0 0 0 0 0 0 0 0 0 0 71 84 90 93 95 102 103 103 104 104 104 104 104 104 103 103 103 102 102 102 101 101 101 101 101 101 102 103 104 106 103 100 99 95 81 0 0 0 0 0 0 0 0 0 0 0 0 64 65 68 70 74 84 79 
78 65 67 67 66 67 67 67 67 67 68 68 69 70 70 70 70 71 71 71 72 73 73 74 75 75 76 76 77 77 76 72 70 67 61 0 0 0 0 0 0 0 0 0 0 0 0 0 0 0 0 0 0 0 0 0 0 0 0 0 0 0 41 41 41 0 0 0 0 74 82 84 86 87 91 91 92 92 92 92 90 82 80 76 68 52 0 0 0 0 0 0 0 0 0 0 0 0 0 0 0 0 0 0 0 0 0 0 0 0 0 0 0 0 0 0 0 0 0 0 0 0 70 83 90 93 95 102 104 104 104 104 104 104 104 103 103 104 103 103 102 102 102 101 101 101 101 101 102 102 104 105 103 99 98 93 81 0 0 0 0 0 0 0 0 0 0 0 0 63 65 68 70 73 75 83 
74 69 66 66 65 65 66 66 66 67 68 68 69 70 70 70 70 71 71 71 72 73 73 74 75 75 75 76 77 77 76 73 71 68 62 0 0 0 0 0 0 0 0 0 0 0 0 0 0 0 0 0 0 0 0 0 0 0 0 0 0 0 0 0 0 0 0 0 0 74 81 84 86 87 90 91 91 92 92 92 91 83 81 77 69 53 0 0 0 0 0 0 0 0 0 0 0 0 0 0 0 0 0 0 0 0 0 0 0 0 0 0 0 0 0 0 0 0 0 0 0 0 69 82 89 92 94 102 104 104 104 104 104 104 103 103 103 104 103 103 102 102 101 101 101 100 101 101 102 102 103 105 103 97 96 91 79 0 0 0 0 0 0 0 0 0 0 0 0 62 64 67 70 73 78 79 
67 68 67 66 66 66 67 67 67 67 68 68 69 69 69 70 70 70 71 71 71 72 73 74 75 75 75 76 76 77 75 73 72 70 63 0 0 0 0 0 0 0 0 0 0 0 0 0 0 0 0 0 0 0 0 0 0 0 0 0 0 0 0 0 0 0 0 0 0 74 82 84 85 87 90 90 91 91 91 92 91 82 80 76 68 51 0 0 0 0 0 0 0 0 0 0 0 0 0 0 0 0 0 0 0 0 0 0 0 0 0 0 0 0 0 0 0 0 0 0 0 0 68 83 90 93 95 102 104 104 104 104 104 104 104 104 103 104 103 103 103 102 102 101 101 100 100 100 101 102 103 105 104 96 94 89 78 56 0 0 0 0 0 0 0 0 0 0 0 61 63 66 68 72 73 81 
66 65 66 66 66 66 66 66 66 67 68 68 69 68 69 69 70 70 71 71 71 72 73 74 75 75 76 76 76 77 75 74 73 71 65 0 0 0 0 0 0 0 0 0 0 0 0 0 0 0 0 0 0 0 0 0 0 0 0 0 0 0 0 0 0 0 0 0 0 75 82 84 86 87 90 90 91 92 92 92 91 83 80 77 69 50 0 0 0 0 0 0 0 0 0 0 0 0 0 0 0 0 0 0 0 0 0 0 0 0 0 0 0 0 0 0 0 0 0 0 0 0 66 81 89 92 94 102 104 104 104 104 104 104 104 104 103 104 103 103 103 102 102 101 101 100 100 100 101 102 103 105 104 95 93 88 78 58 0 0 0 0 0 0 0 0 0 0 0 60 63 66 68 71 76 80 
69 68 66 66 66 66 66 67 67 67 68 67 68 68 69 69 70 70 71 71 71 72 72 74 75 76 76 77 77 77 75 74 73 71 64 0 0 0 0 0 0 0 0 0 0 0 0 0 0 0 0 0 0 0 0 0 0 0 0 0 0 0 0 0 0 0 0 0 0 69 78 82 84 87 90 91 91 91 92 92 92 83 79 75 67 49 0 0 0 0 0 0 0 0 0 0 0 0 0 0 0 0 0 0 0 0 0 0 0 0 0 0 0 0 0 0 0 0 0 0 0 0 65 81 89 92 95 102 104 104 104 104 104 103 103 103 103 103 103 103 103 102 102 101 101 100 100 101 101 101 103 105 104 96 95 91 81 61 0 0 0 0 0 0 0 0 0 0 0 61 63 65 67 71 78 82 
63 66 66 66 66 66 67 67 67 67 67 67 68 68 69 70 70 70 71 71 71 72 73 74 74 76 76 77 77 77 74 74 73 71 63 0 0 0 0 0 0 0 0 0 0 0 0 0 0 0 0 0 0 0 0 0 0 0 0 0 0 0 0 0 0 0 0 0 0 71 78 82 84 88 90 91 91 91 92 92 92 84 78 74 65 48 0 0 0 0 0 0 0 0 0 0 0 0 0 0 0 0 0 0 0 0 0 0 0 0 0 0 0 0 0 0 0 0 0 0 0 0 64 81 89 92 95 102 103 104 104 104 104 104 103 103 103 103 103 103 103 103 102 101 101 101 100 101 101 102 103 105 104 97 96 92 83 64 0 0 0 0 0 0 0 0 0 0 0 60 62 64 67 71 76 77 
73 68 67 67 67 67 67 67 67 67 67 67 68 69 69 70 70 70 70 71 71 72 73 74 75 76 76 77 77 77 74 73 72 69 62 0 0 0 0 0 0 0 0 0 0 0 0 0 0 0 0 0 0 0 0 0 0 0 0 0 0 0 0 0 0 0 0 0 0 66 75 80 83 88 91 91 91 91 92 92 92 84 76 71 63 47 0 0 0 0 0 0 0 0 0 0 0 0 0 0 0 0 0 0 0 0 0 0 0 0 0 0 0 0 0 0 0 0 0 0 0 0 63 81 89 93 95 103 104 104 104 105 105 105 104 104 103 103 103 103 103 103 102 102 101 101 100 101 102 102 103 105 105 98 97 94 85 66 0 0 0 0 0 0 0 0 0 0 0 60 62 64 67 70 73 79 
69 71 67 67 66 67 67 67 67 67 67 68 69 69 70 70 70 69 70 71 71 72 73 74 74 76 76 76 76 77 73 72 71 68 60 0 0 0 0 0 0 0 0 0 0 0 0 0 0 0 0 0 0 0 0 0 0 0 0 0 0 0 0 0 0 0 0 0 0 63 72 78 81 88 91 92 92 92 92 93 92 84 75 71 62 47 40 0 0 0 0 0 0 0 0 0 0 0 0 0 0 0 0 0 0 0 0 0 0 0 0 0 0 0 0 0 0 0 0 0 0 0 58 76 86 90 95 103 104 105 105 105 106 106 105 104 104 103 103 103 102 103 102 102 101 101 100 101 101 101 103 105 106 99 98 95 88 69 0 0 0 0 0 0 0 0 0 0 0 61 62 64 67 69 78 83 
63 67 66 67 66 67 67 67 67 68 67 68 69 70 70 70 70 69 70 70 71 72 73 73 74 75 76 76 77 77 73 72 71 68 60 0 0 0 0 0 0 0 0 0 0 0 0 0 0 0 0 0 0 0 0 0 0 0 0 0 0 0 0 0 0 0 0 0 39 60 70 76 80 89 92 92 92 92 92 93 92 85 74 70 61 48 41 0 0 0 0 0 0 0 0 0 0 0 0 0 0 0 0 0 0 0 0 0 0 0 0 0 0 0 0 0 0 0 0 0 0 0 59 77 86 91 96 104 105 105 105 106 106 106 105 105 104 103 103 102 103 103 102 102 102 101 101 101 101 101 102 104 105 99 99 97 89 71 0 0 0 0 0 0 0 0 0 0 0 0 61 63 66 70 73 82 
68 66 66 66 66 67 68 67 67 67 67 68 69 70 70 70 70 70 70 70 71 72 73 73 73 75 75 75 76 76 72 72 70 67 59 0 0 0 0 0 0 0 0 0 0 0 0 0 0 0 0 0 0 0 0 0 0 0 0 0 0 0 0 0 0 0 0 0 39 60 70 76 80 89 92 92 93 93 92 93 92 85 74 69 61 48 41 0 0 0 0 0 0 0 0 0 0 0 0 0 0 0 0 0 0 0 0 0 0 0 0 0 0 0 0 0 0 0 0 0 0 0 56 74 84 88 96 104 105 106 106 106 106 106 106 105 104 104 103 103 103 103 102 102 102 101 101 101 101 102 103 105 106 100 99 97 91 73 0 0 0 0 0 0 0 0 0 0 0 0 60 62 66 70 68 80 
63 64 66 66 66 67 67 67 67 67 67 68 69 69 69 69 69 70 70 71 72 72 73 73 74 75 75 75 76 76 72 72 70 67 58 0 0 0 0 0 0 0 0 0 0 0 0 0 0 0 0 0 0 0 0 0 0 0 0 0 0 0 0 0 0 0 0 0 40 59 69 75 78 89 92 93 93 93 92 93 92 85 74 70 62 48 42 0 0 0 0 0 0 0 0 0 0 0 0 0 0 0 0 0 0 0 0 0 0 0 0 0 0 0 0 0 0 0 0 0 0 0 54 72 82 87 96 105 106 106 106 106 107 106 106 105 104 104 103 102 102 102 102 102 102 101 101 101 101 102 103 105 106 101 100 98 92 75 0 0 0 0 0 0 0 0 0 0 0 0 0 60 64 69 65 81 
67 61 65 66 66 67 67 67 67 67 67 68 68 69 69 69 70 70 70 71 72 72 73 73 73 74 75 75 76 76 72 71 70 67 58 0 0 0 0 0 0 0 0 0 0 0 0 0 0 0 0 0 0 0 0 0 0 0 0 0 0 0 0 0 0 0 0 0 39 60 69 75 78 89 92 92 93 93 92 93 92 85 75 71 62 49 43 0 0 0 0 0 0 0 0 0 0 0 0 0 0 0 0 0 0 0 0 0 0 0 0 0 0 0 0 0 0 0 0 0 0 41 53 70 79 85 96 105 106 106 106 106 106 106 106 105 104 104 103 103 102 102 102 102 102 101 101 101 101 102 102 104 106 101 100 98 93 74 0 0 0 0 0 0 0 0 0 0 0 0 0 0 65 71 66 74 
68 66 65 65 66 67 66 67 67 67 67 68 68 69 69 69 70 71 71 71 71 72 73 73 74 75 75 76 76 76 73 72 71 68 60 0 0 0 0 0 0 0 0 0 0 0 0 0 0 0 0 0 0 0 0 0 0 0 0 0 0 0 0 0 0 0 0 0 39 60 70 75 79 89 92 92 92 92 92 93 92 85 75 71 63 50 43 0 0 0 0 0 0 0 0 0 0 0 0 0 0 0 0 0 0 0 0 0 0 0 0 0 0 0 0 0 0 0 0 0 0 42 52 70 79 85 96 105 107 106 107 106 107 106 106 106 105 104 103 103 102 102 102 102 101 101 101 101 101 102 102 104 106 100 100 98 93 74 0 0 0 0 0 0 0 0 0 0 0 0 0 0 0 72 64 70 
67 64 65 65 66 66 66 66 66 66 66 67 67 68 69 69 70 71 71 72 72 73 73 74 74 75 75 75 76 76 73 73 71 69 62 0 0 0 0 0 0 0 0 0 0 0 0 0 0 0 0 0 0 0 0 0 0 0 0 0 0 0 0 0 0 0 0 0 39 58 70 75 79 90 92 92 92 92 92 93 92 85 75 71 63 50 42 0 0 0 0 0 0 0 0 0 0 0 0 0 0 0 0 0 0 0 0 0 0 0 0 0 0 0 0 0 0 0 0 0 0 42 51 68 78 83 96 106 107 107 107 107 107 107 106 106 105 104 104 103 102 102 102 102 101 101 101 101 101 102 103 104 106 100 100 98 92 72 0 0 0 0 0 0 0 0 0 0 0 0 0 0 0 70 0 75 
66 63 66 66 66 66 66 66 66 66 67 68 68 68 69 69 70 70 71 71 72 73 73 74 74 75 75 75 76 76 73 73 72 69 62 0 0 0 0 0 0 0 0 0 0 0 0 0 0 0 0 0 0 0 0 0 0 0 0 0 0 0 0 0 0 0 0 0 40 59 71 76 80 90 92 92 92 92 92 92 92 85 76 71 64 51 43 0 0 0 0 0 0 0 0 0 0 0 0 0 0 0 0 0 0 0 0 0 0 0 0 0 0 0 0 0 0 0 0 0 0 43 51 68 78 84 97 106 107 107 107 107 107 107 106 106 105 104 104 104 103 102 102 102 101 101 101 101 101 102 103 104 106 100 100 98 92 71 0 0 0 0 0 0 0 0 0 0 0 0 0 0 0 71 0 77 
66 65 65 66 66 66 66 67 67 67 67 68 68 68 69 69 70 70 70 71 72 72 73 73 74 74 75 75 76 76 73 73 72 69 62 0 0 0 0 0 0 0 0 0 0 0 0 0 0 0 0 0 0 0 0 0 0 0 0 0 0 0 0 0 0 0 0 0 40 59 71 76 79 90 92 92 92 92 92 93 92 86 76 72 64 52 44 0 0 0 0 0 0 0 0 0 0 0 0 0 0 0 0 0 0 0 0 0 0 0 0 0 0 0 0 0 0 0 0 0 0 43 51 67 78 84 96 106 107 107 107 108 107 107 106 106 105 104 104 104 103 102 102 102 101 101 101 101 101 102 102 104 106 99 99 97 91 70 0 0 0 0 0 0 0 0 0 0 0 0 0 0 0 71 60 74 
71 64 65 66 66 66 66 66 66 67 67 68 68 69 69 69 70 70 71 71 72 72 73 74 74 75 75 75 75 75 73 73 72 70 64 0 0 0 0 0 0 0 0 0 0 0 0 0 0 0 0 0 0 0 0 0 0 0 0 0 0 0 0 0 0 0 0 0 41 59 71 77 80 90 92 93 92 93 93 93 93 86 77 72 65 52 44 0 0 0 0 0 0 0 0 0 0 0 0 0 0 0 0 0 0 0 0 0 0 0 0 0 0 0 0 0 0 0 0 0 0 44 52 68 78 84 97 106 108 108 107 108 107 107 106 106 105 104 104 103 103 102 102 102 102 101 101 101 101 102 102 104 106 100 100 98 93 71 0 0 0 0 0 0 0 0 0 0 0 0 0 0 0 72 0 78 
63 64 65 66 66 66 66 66 66 67 67 68 68 68 69 69 70 71 71 71 72 73 73 73 74 74 74 75 75 75 73 72 71 69 62 0 0 0 0 0 0 0 0 0 0 0 0 0 0 0 0 0 0 0 0 0 0 0 0 0 0 0 0 0 0 0 0 0 42 60 72 77 80 91 93 93 93 93 94 94 93 87 77 72 65 53 45 0 0 0 0 0 0 0 0 0 0 0 0 0 0 0 0 0 0 0 0 0 0 0 0 0 0 0 0 0 0 0 0 0 0 44 52 68 78 84 97 106 108 107 108 108 107 107 106 106 105 104 104 103 103 103 103 102 102 102 101 101 101 102 103 104 107 101 100 99 94 74 0 0 0 0 0 0 0 0 0 0 0 0 0 0 0 71 58 76 
62 63 65 65 66 66 66 66 67 67 67 68 68 69 69 70 71 71 71 72 72 73 73 73 74 74 74 75 75 75 73 72 71 68 62 0 0 0 0 0 0 0 0 0 0 0 0 0 0 0 0 0 0 0 0 0 0 0 0 0 0 0 0 0 0 0 0 0 44 64 73 78 81 91 92 93 93 94 94 94 94 88 78 74 67 54 47 0 0 0 0 0 0 0 0 0 0 0 0 0 0 0 0 0 0 0 0 0 0 0 0 0 0 0 0 0 0 0 0 0 0 44 52 68 78 84 97 106 107 107 107 107 107 107 107 106 105 104 104 103 103 103 103 103 103 102 101 102 101 102 103 104 106 101 100 99 94 75 0 0 0 0 0 0 0 0 0 0 0 0 0 0 0 73 0 82 
61 63 64 64 65 65 65 66 67 67 67 68 69 69 69 70 71 71 71 72 72 73 73 74 74 75 75 75 76 76 73 72 71 68 63 0 0 0 0 0 0 0 0 0 0 0 0 0 0 0 0 0 0 0 0 0 0 0 0 0 0 0 0 0 0 0 0 0 44 65 73 78 81 91 92 93 93 94 94 95 94 88 79 74 67 56 48 0 0 0 0 0 0 0 0 0 0 0 0 0 0 0 0 0 0 0 0 0 0 0 0 0 0 0 0 0 0 0 0 0 0 45 53 68 78 83 96 105 107 107 107 107 107 107 107 106 105 105 104 103 103 103 102 102 102 102 102 102 102 102 103 104 106 102 101 100 96 78 0 0 0 0 0 0 0 0 0 0 0 0 0 0 63 72 62 76 
64 60 63 64 64 65 65 66 67 67 67 68 68 68 69 70 71 71 71 72 72 73 73 74 74 75 75 75 76 76 73 72 71 68 61 0 0 0 0 0 0 0 0 0 0 0 0 0 0 0 0 0 0 0 0 0 0 0 0 0 0 0 0 0 0 0 0 0 44 65 74 79 82 91 93 93 93 94 95 95 95 89 80 76 69 57 49 0 0 0 0 0 0 0 0 0 0 0 43 43 43 43 0 0 0 0 0 0 0 0 0 0 0 0 0 0 0 0 0 0 0 45 53 68 78 83 95 104 106 106 107 106 107 107 107 106 106 105 104 104 104 103 103 103 102 102 101 101 101 102 103 104 107 102 102 100 97 79 0 0 0 0 0 0 0 0 0 0 0 0 0 0 64 72 66 83 
62 64 64 64 65 65 66 66 67 67 67 68 68 68 69 70 70 70 71 71 71 72 73 73 74 75 76 76 77 76 73 72 71 67 61 0 0 0 0 0 0 0 0 0 0 0 0 0 0 0 0 0 0 0 0 0 0 0 0 0 0 0 0 0 37 37 37 0 44 66 75 80 82 92 93 93 93 94 95 95 95 90 81 77 70 59 51 0 0 0 0 0 0 0 0 0 0 42 45 45 45 45 0 0 0 0 0 0 0 0 0 0 0 0 0 0 0 0 0 0 0 46 53 68 78 83 95 104 106 106 106 107 107 107 107 106 106 105 105 104 104 103 103 103 102 101 101 101 101 102 102 104 106 102 102 101 97 80 0 0 0 0 0 0 0 0 0 0 0 0 0 0 64 71 67 77 
61 63 64 64 65 66 66 66 67 67 66 67 68 68 69 70 70 71 71 71 71 72 72 73 75 76 76 76 76 76 73 72 70 67 60 0 0 0 0 0 0 0 0 0 0 0 0 0 0 0 0 0 0 0 0 0 0 0 0 0 0 0 0 37 37 37 37 0 45 66 75 80 83 92 94 93 93 94 95 95 96 90 81 78 71 60 52 0 0 0 0 0 0 0 0 0 0 42 48 48 48 48 55 0 0 0 0 0 0 0 0 0 0 0 0 0 0 0 0 0 0 46 53 68 77 83 95 104 106 106 106 106 107 107 106 106 106 106 105 105 104 103 103 102 102 101 101 101 101 101 102 103 106 102 102 101 98 81 0 0 0 0 0 0 0 0 0 0 0 0 0 0 64 71 60 73 
63 70 64 64 64 65 66 66 67 67 67 67 68 68 69 70 71 71 70 71 71 71 72 73 74 76 76 76 77 76 72 71 70 67 59 0 0 0 0 0 0 0 0 0 0 0 0 0 0 0 0 0 0 0 0 0 0 0 0 0 0 0 0 37 37 37 37 0 45 66 76 81 83 92 94 94 94 94 95 96 96 91 82 79 72 61 53 0 0 0 0 0 0 0 0 0 0 41 54 54 53 53 59 0 0 0 0 0 0 0 0 0 0 0 0 0 0 0 0 0 0 46 53 68 77 83 95 104 106 107 106 107 107 107 106 106 105 105 105 104 104 103 102 102 101 101 100 101 101 101 102 103 106 102 102 101 98 81 0 0 0 0 0 0 0 0 0 0 0 0 0 0 65 70 66 78 
68 62 65 65 65 66 66 66 66 67 67 67 68 68 69 70 70 70 70 70 71 71 72 73 75 75 76 76 76 76 72 71 70 67 59 0 0 0 0 0 0 0 0 0 0 0 0 0 0 0 0 0 0 0 0 0 0 0 0 0 0 0 0 37 37 37 37 0 45 66 76 81 84 93 95 94 94 95 95 96 97 92 83 80 73 62 53 0 0 0 0 0 0 0 0 0 0 43 58 61 59 59 65 61 0 0 0 0 0 0 0 0 0 0 0 0 0 0 0 0 0 46 53 68 77 83 95 104 106 106 106 106 107 106 105 105 104 104 104 104 104 103 102 102 101 100 100 100 100 101 101 103 106 102 102 101 98 81 0 0 0 0 0 0 0 0 0 0 0 0 0 0 65 70 60 77 
63 61 65 65 66 66 66 65 66 67 66 67 68 68 68 69 70 70 70 70 71 71 72 73 74 75 75 76 76 76 73 72 71 68 60 0 0 0 0 0 0 0 0 0 0 0 0 0 0 0 0 0 0 0 0 0 0 0 0 0 0 0 38 38 37 37 37 0 45 66 76 81 84 93 95 95 95 95 96 96 97 92 84 80 74 63 54 0 0 0 0 0 0 0 0 0 0 0 59 69 64 64 67 68 0 0 0 0 0 0 0 0 0 0 0 0 0 0 0 0 0 46 53 68 78 84 96 105 107 107 107 107 106 106 105 104 104 104 103 103 103 102 102 101 101 100 100 100 100 100 101 102 105 102 102 101 98 82 0 0 0 0 0 0 0 0 0 0 0 0 0 0 65 69 70 73 
62 60 65 65 65 65 65 65 65 66 66 67 68 68 68 69 70 70 70 71 71 71 72 73 74 75 76 76 76 76 73 72 71 67 59 0 0 0 0 0 0 0 0 0 0 0 0 0 0 0 0 0 0 0 0 0 0 0 0 0 0 0 38 38 38 38 0 0 47 66 76 81 84 94 96 95 95 96 96 97 97 93 84 81 75 64 55 0 0 0 0 0 0 0 0 0 0 0 60 78 71 69 69 71 47 0 0 0 0 0 0 0 0 0 0 0 0 0 0 0 0 45 52 68 77 83 95 105 107 107 107 107 106 105 104 104 103 103 103 103 103 102 102 101 100 100 100 100 99 100 100 102 105 101 101 101 98 83 0 0 0 0 0 0 0 0 0 0 0 0 0 0 64 68 69 73 
62 63 64 65 65 65 65 65 65 66 67 67 68 68 68 69 70 70 70 71 72 72 73 73 74 75 76 76 77 76 73 72 71 67 60 0 0 0 0 0 0 0 0 0 0 0 0 0 0 0 0 0 0 0 0 0 0 0 0 0 0 0 0 0 0 0 0 0 47 66 76 81 84 94 96 96 96 96 96 97 97 93 84 80 74 63 55 0 0 0 0 0 0 0 0 0 0 0 59 88 91 91 86 96 84 68 0 0 0 0 0 0 0 0 0 0 0 0 0 0 0 47 53 69 78 84 96 105 107 108 107 107 106 105 104 104 103 103 103 103 102 102 101 101 100 100 100 99 99 99 100 101 104 101 100 100 97 82 0 0 0 0 0 0 0 0 0 0 0 0 0 0 64 69 66 69 
62 64 65 66 66 65 66 65 65 66 66 67 67 68 68 69 69 70 70 71 72 72 73 74 74 75 75 76 76 76 72 72 70 67 60 0 0 0 0 0 0 0 0 0 0 0 0 0 0 0 0 0 0 0 0 0 0 0 0 0 0 0 0 0 0 0 0 0 48 67 75 81 84 94 96 97 96 96 96 97 97 92 85 82 76 68 65 0 0 0 0 0 0 0 0 0 0 0 49 128 123 153 147 171 148 169 70 0 0 0 0 0 0 0 0 0 0 0 0 0 0 53 57 70 79 85 96 106 107 107 107 106 106 105 104 104 104 103 103 103 102 102 101 101 100 100 99 99 99 99 99 101 103 100 100 100 98 83 0 0 0 0 0 0 0 0 0 0 0 0 0 61 64 69 64 78 
62 65 64 65 65 65 65 65 65 66 66 67 67 68 68 69 70 70 71 72 72 73 73 74 75 75 76 76 76 76 72 71 70 66 58 0 0 0 0 0 0 0 0 0 0 0 0 0 0 0 0 0 0 0 0 0 0 0 0 0 0 0 0 0 0 0 0 0 47 66 74 81 85 95 98 99 98 97 97 97 97 92 88 89 84 79 84 94 0 0 0 0 0 0 0 0 0 0 52 206 190 208 216 243 169 183 113 0 0 0 0 0 0 0 0 0 0 0 0 0 0 69 66 75 83 87 97 106 108 108 107 107 106 106 104 104 104 103 103 103 103 102 101 100 99 99 99 99 99 99 99 100 103 99 99 99 97 83 0 0 0 0 0 0 0 0 0 0 0 0 0 61 64 68 68 84 
62 68 64 65 65 65 65 66 66 66 66 67 68 68 69 70 71 71 71 72 72 73 73 74 75 76 76 76 76 76 72 71 69 65 57 0 0 0 0 0 0 0 0 0 0 0 0 0 0 0 0 0 0 0 0 0 0 0 0 0 0 0 0 0 0 0 0 0 48 65 74 81 87 98 101 102 100 97 96 97 97 92 89 92 88 85 92 101 0 0 0 0 0 0 0 0 0 0 51 236 228 240 258 277 180 181 119 46 0 0 0 0 0 0 0 0 0 0 0 0 0 82 75 81 87 90 96 105 107 107 107 107 106 106 104 104 104 103 103 103 102 102 101 100 99 99 99 99 99 99 99 100 102 98 98 97 95 81 0 0 0 0 0 0 0 0 0 0 0 0 0 61 64 68 65 79 
59 63 64 65 65 66 66 66 66 66 66 67 68 68 69 70 71 71 71 71 72 73 73 74 75 75 75 76 76 76 72 71 69 66 58 0 0 0 0 0 0 0 0 0 0 0 0 0 0 0 0 0 0 0 0 0 0 0 0 0 0 0 0 0 0 0 0 0 49 66 74 81 88 99 102 103 102 98 97 97 97 92 89 90 86 83 87 91 0 0 0 0 0 0 0 0 0 0 51 239 247 299 313 323 232 222 104 46 45 0 0 0 0 0 0 0 0 0 0 0 89 83 76 82 87 91 97 105 107 107 106 106 106 105 104 104 103 103 102 103 102 101 100 99 98 99 98 98 98 98 98 99 101 97 97 96 93 80 0 0 0 0 0 0 0 0 0 0 0 0 0 62 64 68 73 75 
61 60 64 65 66 66 66 66 66 66 67 67 68 68 69 70 70 70 71 71 71 72 73 73 74 75 75 76 76 75 72 71 69 66 59 0 0 0 0 0 0 0 0 0 0 0 0 0 0 0 0 0 0 0 0 0 0 0 0 0 0 0 0 0 0 0 0 0 49 66 74 81 88 99 102 104 102 98 96 96 96 92 89 91 87 85 91 100 0 0 0 0 0 0 0 0 0 0 51 246 241 298 312 296 201 199 95 45 44 0 0 0 0 0 0 0 0 0 0 0 89 82 76 81 87 90 96 104 106 106 105 106 105 105 104 104 103 102 101 101 99 98 96 94 94 93 93 93 94 94 95 96 97 94 93 92 89 76 0 0 0 0 0 0 0 0 0 0 0 0 59 61 64 67 69 75 
64 63 64 65 66 66 66 66 66 66 67 68 68 68 69 69 70 70 71 71 71 72 73 73 74 74 74 75 76 75 72 71 70 66 58 0 0 0 0 0 0 0 0 0 0 0 0 0 0 0 0 0 0 0 0 0 0 0 0 0 0 0 0 0 0 0 0 0 48 66 74 80 88 99 102 103 102 97 96 97 96 92 88 90 85 82 87 101 0 0 0 0 0 0 0 0 0 0 53 252 231 261 262 249 165 164 92 46 44 0 0 0 0 0 0 0 0 0 0 0 0 82 75 81 87 89 95 104 106 106 106 106 105 105 104 102 101 98 96 93 92 89 88 88 90 89 91 92 90 89 88 88 88 86 86 86 84 74 0 0 0 0 0 0 0 0 0 0 0 0 59 61 64 67 66 76 
68 65 64 65 65 66 66 66 66 66 66 67 68 68 69 69 69 69 70 70 71 72 73 73 74 74 74 75 75 75 72 71 70 66 59 0 0 0 0 0 0 0 0 0 0 0 0 0 0 0 0 0 0 0 0 0 0 0 0 0 0 0 0 0 0 0 0 0 48 66 74 79 86 97 100 100 100 97 96 96 96 92 85 82 77 70 69 0 0 0 0 0 0 0 0 0 0 0 0 176 162 207 191 183 146 148 73 45 43 0 0 0 0 0 0 0 0 0 0 0 0 70 67 75 82 87 95 104 106 106 105 105 105 105 102 100 98 95 92 89 89 86 85 86 88 87 89 89 87 86 85 85 85 83 84 83 81 0 0 0 0 0 0 0 0 0 0 0 0 0 60 62 64 67 65 80 
63 63 65 65 65 65 65 66 66 66 66 67 67 67 68 68 68 69 70 70 70 72 73 73 73 74 74 74 75 75 73 72 70 67 61 0 0 0 0 0 0 0 0 0 0 0 0 0 0 0 0 0 0 0 0 0 0 0 0 0 0 0 0 0 0 0 0 0 47 65 73 78 84 94 96 97 98 96 96 96 96 91 83 78 72 62 53 0 0 0 0 0 0 0 0 0 0 0 0 0 120 186 153 148 139 138 59 44 0 0 0 0 0 0 0 0 0 0 0 0 0 53 56 69 78 84 95 104 106 106 105 105 105 103 98 96 94 90 85 83 82 77 76 75 77 77 80 82 82 80 80 80 79 79 80 79 77 0 0 0 0 0 0 0 0 0 0 0 0 59 61 62 63 66 73 80 
62 70 64 64 65 65 65 65 65 65 66 67 67 67 68 68 68 69 70 71 71 72 73 72 73 73 73 74 75 75 72 72 70 67 61 0 0 0 0 0 0 0 0 0 0 0 0 0 0 0 0 0 0 0 0 0 0 0 0 0 0 0 0 0 0 0 0 0 45 64 72 77 82 92 95 96 96 95 95 95 95 91 82 78 72 62 53 0 0 0 0 0 0 0 0 0 0 0 0 0 70 104 96 92 92 95 70 0 0 0 0 0 0 0 0 0 0 0 0 0 0 47 53 67 77 83 94 104 106 106 105 105 104 102 97 94 89 84 78 78 77 75 73 71 70 68 68 68 68 65 64 63 64 65 67 68 0 0 0 0 0 0 0 0 0 0 0 0 0 59 61 62 63 66 67 76 
66 64 64 64 64 64 64 65 65 65 66 67 67 68 68 68 69 69 70 71 71 72 73 73 73 73 73 74 75 75 73 72 71 67 62 0 0 0 0 0 0 0 0 0 0 0 0 0 0 0 0 0 0 0 0 0 0 0 0 0 0 0 0 0 0 0 0 0 43 63 72 77 81 91 94 95 95 95 95 95 95 90 81 77 71 60 52 0 0 0 0 0 0 0 0 0 0 0 0 0 0 94 94 89 89 94 84 0 0 0 0 0 0 0 0 0 0 0 0 0 0 46 52 67 76 82 94 104 106 106 106 105 103 101 95 89 82 78 75 76 78 78 75 72 70 65 61 60 60 61 61 61 61 62 62 62 0 0 0 0 0 0 0 0 0 0 0 0 0 60 62 63 64 67 66 73 
67 63 64 64 64 64 64 65 65 66 66 67 67 67 68 68 69 69 70 71 71 72 73 73 73 73 74 74 75 75 73 73 71 68 62 0 0 0 0 0 0 0 0 0 0 0 0 0 0 0 0 0 0 0 0 0 0 0 0 0 0 0 0 0 0 0 0 0 43 62 71 77 80 91 94 95 95 96 96 95 95 90 80 76 70 59 51 0 0 0 0 0 0 0 0 0 0 0 0 0 0 82 90 83 83 86 84 0 0 0 0 0 0 0 0 0 0 0 0 0 0 46 52 66 76 82 94 103 106 106 105 105 101 98 91 84 78 79 80 86 88 88 83 79 74 68 65 69 74 75 75 74 72 73 70 0 0 0 0 0 0 0 0 0 0 0 0 0 0 62 63 63 65 67 70 76 
60 63 64 64 64 65 65 65 65 66 66 67 67 68 68 69 69 70 70 71 71 72 72 72 72 73 73 74 75 75 73 72 71 68 62 0 0 0 0 0 0 0 0 0 0 0 0 0 0 0 0 0 0 0 0 0 0 0 0 0 0 0 0 0 0 0 0 0 42 62 71 76 80 91 94 95 95 95 95 95 94 89 80 76 70 58 50 0 0 0 0 0 0 0 0 0 0 0 0 0 0 0 83 75 75 75 76 0 0 0 0 0 0 0 0 0 0 0 0 0 0 46 52 66 76 82 93 103 105 106 105 104 100 97 88 82 78 82 85 90 91 88 83 79 73 68 69 74 79 81 80 78 76 76 73 69 0 0 0 0 0 0 0 0 0 0 0 0 0 62 62 63 65 67 72 75 
70 61 63 63 64 64 65 65 66 66 67 67 67 68 68 69 70 70 70 71 71 72 73 73 73 74 74 74 75 75 73 72 71 68 62 0 0 0 0 0 0 0 0 0 0 0 0 0 0 0 0 0 0 0 0 0 0 0 0 0 0 0 0 0 0 0 0 0 43 62 70 76 79 90 93 94 94 95 95 95 94 89 79 75 69 57 49 0 0 0 0 0 0 0 0 0 0 0 0 0 0 0 72 65 65 65 66 52 0 0 0 0 0 0 0 0 0 0 0 0 0 44 51 65 75 81 93 103 105 105 105 103 98 94 87 82 80 86 91 94 95 93 89 83 76 71 74 79 82 83 83 80 79 78 75 72 0 0 0 0 0 0 0 0 0 0 0 0 0 61 62 63 65 67 72 80 
61 64 63 63 64 64 65 65 66 67 67 67 67 68 68 69 70 70 70 70 70 71 73 73 73 74 74 74 76 76 73 72 71 68 63 0 0 0 0 0 0 0 0 0 0 0 0 0 0 0 0 0 0 0 0 0 0 0 0 0 0 0 0 0 0 0 0 0 42 61 70 76 79 89 92 94 94 95 95 95 94 88 79 75 68 56 48 0 0 0 0 0 0 0 0 0 0 0 0 0 0 0 65 57 57 57 59 49 0 0 0 0 0 0 0 0 0 0 0 0 0 44 50 65 75 81 93 102 105 104 104 101 97 91 85 81 83 89 94 97 96 93 89 82 76 74 79 82 86 88 89 88 87 86 83 79 0 0 0 0 0 0 0 0 0 0 0 0 0 61 62 63 65 67 69 79 
63 60 63 63 63 64 64 65 66 66 66 66 67 67 67 69 69 69 69 70 70 71 72 73 73 74 74 74 75 75 73 72 71 68 63 0 0 0 0 0 0 0 0 0 0 0 0 0 0 0 0 0 0 0 0 0 0 0 0 0 0 0 0 0 0 0 0 0 42 61 70 75 79 89 92 93 94 94 94 94 93 88 78 75 68 56 48 0 0 0 0 0 0 0 0 0 0 0 0 0 0 0 0 56 56 56 56 52 0 0 0 0 0 0 0 0 0 0 0 0 0 43 49 64 74 80 92 102 104 104 104 100 97 88 82 80 84 88 95 98 95 92 89 82 76 77 83 85 89 92 93 90 89 88 85 80 0 0 0 0 0 0 0 0 0 0 0 0 0 61 61 62 64 66 67 82 
65 63 63 63 64 64 65 65 66 66 66 66 67 67 67 68 68 68 68 69 70 71 72 73 73 74 74 75 76 75 73 72 71 69 63 0 0 0 0 0 0 0 0 0 0 0 0 0 0 0 0 0 0 0 0 0 0 0 0 0 0 0 0 0 0 0 0 0 42 61 70 75 78 88 91 93 93 94 94 94 93 87 77 73 66 54 46 0 0 0 0 0 0 0 0 0 0 0 0 0 0 0 0 51 51 51 51 0 0 0 0 0 0 0 0 0 0 0 0 0 0 42 48 64 74 80 91 101 103 103 103 99 98 88 82 81 85 88 94 97 93 89 85 78 74 79 83 87 90 92 92 90 89 88 86 81 0 0 0 0 0 0 0 0 0 0 0 0 0 60 61 62 64 66 75 74 
60 64 63 63 64 64 64 65 66 66 66 66 66 66 65 66 66 66 66 68 69 71 72 73 73 74 74 75 76 76 73 73 72 70 64 0 0 0 0 0 0 0 0 0 0 0 0 0 0 0 0 0 0 0 0 0 0 0 0 0 0 0 0 0 0 0 0 0 42 60 70 75 78 88 90 92 92 92 92 93 92 86 76 72 65 53 45 0 0 0 0 0 0 0 0 0 0 0 0 0 0 0 0 0 0 0 0 0 0 0 0 0 0 0 0 0 0 0 0 0 0 0 49 65 76 81 91 100 102 102 101 97 96 87 80 78 81 84 89 92 89 87 81 75 74 79 81 85 89 89 89 88 87 87 86 83 0 0 0 0 0 0 0 0 0 0 0 0 0 61 61 63 64 66 65 67 
67 58 64 63 64 65 64 65 65 66 66 66 66 66 65 65 64 64 63 66 67 70 70 72 73 74 74 74 75 76 73 73 72 70 64 0 0 0 0 0 0 0 0 0 0 0 0 0 0 0 0 0 0 0 0 0 0 0 0 0 0 0 0 0 0 0 0 0 40 60 70 75 78 88 90 91 91 91 91 92 91 85 75 71 64 51 43 0 0 0 0 0 0 0 0 0 0 0 0 0 0 0 0 0 0 0 0 0 0 0 0 0 0 0 0 0 0 0 0 0 0 0 49 65 75 81 90 99 100 98 97 91 89 83 78 74 78 81 86 88 87 85 78 72 70 76 78 82 85 85 84 82 81 81 80 78 0 0 0 0 0 0 0 0 0 0 0 0 0 60 61 63 65 67 71 78 
63 57 64 65 66 66 65 65 65 65 65 65 66 65 64 63 62 61 61 63 66 68 70 72 73 74 74 75 76 76 73 73 72 70 65 0 0 0 0 0 0 0 0 0 0 0 0 0 0 0 0 0 0 0 0 0 0 0 0 0 0 0 0 0 0 0 0 0 40 59 69 74 78 88 90 90 90 90 90 91 90 84 74 70 63 51 42 0 0 0 0 0 0 0 0 0 0 0 0 0 0 0 0 0 0 0 0 0 0 0 0 0 0 0 0 0 0 0 0 0 0 0 49 65 75 81 89 95 96 94 92 88 88 83 76 72 75 78 82 85 85 84 76 70 68 74 76 81 83 83 82 80 78 79 78 76 0 0 0 0 0 0 0 0 0 0 0 0 0 60 61 64 65 67 72 72 
66 62 64 65 65 66 65 65 65 65 65 66 66 65 64 62 61 59 58 61 64 67 70 72 73 74 74 75 76 76 73 73 72 70 64 0 0 0 0 0 0 0 0 0 0 0 0 0 0 0 0 0 0 0 0 0 0 0 0 0 0 0 0 0 0 0 0 0 39 61 71 76 79 87 89 89 89 89 89 90 90 84 74 69 62 50 42 0 0 0 0 0 0 0 0 0 0 0 0 0 0 0 0 0 0 0 0 0 0 0 0 0 0 0 0 0 0 0 0 0 0 0 51 68 77 82 86 93 93 90 87 85 84 82 75 68 72 75 77 80 82 80 71 66 65 70 72 77 78 79 78 76 75 76 76 0 0 0 0 0 0 0 0 0 0 0 0 0 0 61 63 65 66 68 69 77 
58 71 64 65 65 66 65 65 65 65 65 66 66 66 65 63 61 59 58 61 64 67 69 72 72 73 74 74 75 76 73 73 71 69 63 0 0 0 0 0 0 0 0 0 0 0 0 0 0 0 0 0 0 0 0 0 0 0 0 0 0 0 0 0 0 0 0 0 0 63 73 77 80 87 88 88 88 88 88 89 89 83 74 69 62 50 42 0 0 0 0 0 0 0 0 0 0 0 0 0 0 0 0 0 0 0 0 0 0 0 0 0 0 0 0 0 0 0 0 0 0 0 49 65 75 79 84 90 89 85 81 78 78 75 68 60 61 64 66 69 75 0 0 59 59 63 65 68 70 71 70 69 69 70 71 0 0 0 0 0 0 0 0 0 0 0 0 0 0 60 62 64 66 68 70 77 
64 60 64 65 65 65 65 64 64 65 65 65 66 66 65 64 63 61 60 62 65 67 69 72 72 73 74 74 75 76 73 73 71 69 62 0 0 0 0 0 0 0 0 0 0 0 0 0 0 0 0 0 0 0 0 0 0 0 0 0 0 0 0 0 0 0 0 0 0 66 75 79 82 87 88 88 88 88 88 89 89 83 74 69 62 50 42 0 0 0 0 0 0 0 0 0 0 0 0 0 0 0 0 0 0 0 0 0 0 0 0 0 0 0 0 0 0 0 0 0 0 0 49 65 74 77 82 87 85 78 71 65 63 0 0 0 0 0 0 0 0 0 0 0 0 0 0 0 0 0 0 57 57 0 0 0 0 0 0 0 0 0 0 0 0 0 0 0 0 60 62 64 65 68 70 77 
63 61 64 64 64 65 64 64 64 65 65 65 66 66 65 65 64 63 63 64 66 68 70 72 73 73 74 75 75 76 72 71 70 68 61 0 0 0 0 0 0 0 0 0 0 0 0 0 0 0 0 0 0 0 0 0 0 0 0 0 0 0 0 0 0 0 0 0 0 70 78 81 83 86 88 88 88 88 88 89 89 83 73 69 62 49 42 0 0 0 0 0 0 0 0 0 0 0 0 0 0 0 0 0 0 0 0 0 0 0 0 0 0 0 0 0 0 0 0 0 0 0 50 67 76 78 78 83 80 70 54 0 0 0 0 0 0 0 0 0 0 0 0 0 0 0 0 0 0 0 0 0 0 0 0 0 0 0 0 0 0 0 0 0 0 0 0 0 0 60 62 63 64 67 74 77 
66 60 63 63 63 63 63 63 64 65 66 66 66 67 66 66 66 65 64 66 67 68 70 72 72 73 74 74 75 75 72 71 70 68 59 0 0 0 0 0 0 0 0 0 0 0 0 0 0 0 0 0 0 0 0 0 0 0 0 0 0 0 0 0 0 0 0 0 0 75 81 83 85 86 88 88 88 88 88 89 89 82 73 68 61 48 41 0 0 0 0 0 0 0 0 0 0 0 0 0 0 0 0 0 0 0 0 0 0 0 0 0 0 0 0 0 0 0 0 0 0 0 52 69 78 79 78 84 82 71 0 0 0 0 0 0 0 0 0 0 0 0 0 0 0 0 0 0 0 0 0 0 0 0 0 0 0 0 0 0 0 0 0 0 0 0 0 0 0 61 62 63 65 67 67 78 
61 63 63 63 63 63 63 63 64 64 65 65 66 67 67 67 67 66 66 67 68 69 70 71 72 72 73 73 74 74 71 71 69 67 59 0 0 0 0 0 0 0 0 0 0 0 0 0 0 0 0 0 0 0 0 0 0 0 0 0 0 0 0 0 0 0 0 0 0 75 80 83 85 85 88 88 89 89 89 89 89 82 72 68 60 47 39 0 0 0 0 0 0 0 0 0 0 0 0 0 0 0 0 0 0 0 0 0 0 0 0 0 0 0 0 0 0 0 0 0 0 0 53 70 79 80 80 84 83 73 62 0 0 0 0 0 0 0 0 0 0 0 0 0 0 0 0 0 0 0 0 0 0 0 0 0 0 0 0 0 0 0 0 0 0 0 0 0 0 61 62 63 65 67 64 80 
60 60 62 62 62 62 62 62 62 63 64 64 65 66 66 66 66 67 67 67 68 69 70 71 72 72 73 73 74 74 71 70 69 67 59 0 0 0 0 0 0 0 0 0 0 0 0 0 0 0 0 0 0 0 0 0 0 0 0 0 0 0 0 0 0 0 0 0 0 74 80 83 85 85 88 89 89 89 89 89 89 82 73 68 61 46 38 0 0 0 0 0 0 0 0 0 0 0 0 0 0 0 0 0 0 0 0 0 0 0 0 0 0 0 0 0 0 0 0 0 0 0 59 74 82 84 82 86 83 76 69 0 0 0 0 0 0 0 0 0 0 0 0 0 0 0 0 0 0 0 0 0 0 0 0 0 0 0 0 0 0 0 0 0 0 0 0 0 0 61 62 64 65 68 71 80 
0 56 62 62 62 62 62 62 62 63 64 65 65 65 65 65 65 65 65 66 67 67 68 69 70 71 71 72 72 73 70 70 69 67 59 0 0 0 0 0 0 0 0 0 0 0 0 0 0 0 0 0 0 0 0 0 0 0 0 0 0 0 0 0 0 0 0 0 0 73 79 82 84 85 88 89 89 89 89 89 89 81 74 70 62 47 0 0 0 0 0 0 0 0 0 0 0 0 0 0 0 0 0 0 0 0 0 0 0 0 0 0 0 0 0 0 0 0 0 0 0 0 58 73 82 85 83 88 86 80 72 66 59 56 55 55 57 58 55 55 0 0 0 0 0 0 0 0 0 0 0 0 0 0 0 0 0 0 0 0 0 0 0 0 0 0 0 0 0 61 62 64 65 68 70 72 
0 0 62 61 62 62 62 61 62 62 63 64 65 65 65 64 64 64 64 65 66 66 67 68 69 70 70 70 69 69 67 67 66 65 60 0 0 0 0 0 0 0 0 0 0 0 0 0 0 0 0 0 0 0 0 0 0 0 0 0 0 0 0 0 0 0 0 0 0 72 79 81 83 84 88 88 88 88 88 88 88 81 75 71 64 48 0 0 0 0 0 0 0 0 0 0 0 0 0 0 0 0 0 0 0 0 0 0 0 0 0 0 0 0 0 0 0 0 0 0 0 0 59 73 82 86 86 91 90 86 81 75 72 71 70 70 71 72 70 70 68 67 65 0 0 0 0 0 0 0 0 0 0 0 0 0 0 0 0 0 0 0 0 0 0 0 0 0 0 62 63 65 66 69 70 82 
0 0 60 60 61 61 61 60 61 61 62 63 64 63 63 63 62 63 63 64 65 66 66 67 68 69 69 69 68 68 66 66 66 65 59 0 0 0 0 0 0 0 0 0 0 0 0 0 0 0 0 0 0 0 0 0 0 0 0 0 0 0 0 0 0 0 0 0 0 69 76 79 81 82 85 86 86 86 86 86 86 79 75 72 66 51 0 0 0 0 0 0 0 0 0 0 0 0 0 0 0 0 0 0 0 0 0 0 0 0 0 0 0 0 0 0 0 0 0 0 0 0 60 73 81 85 86 91 90 87 83 77 75 74 72 71 72 72 69 70 67 66 65 64 0 0 0 0 0 0 0 0 0 0 0 0 0 0 0 0 0 0 0 0 0 0 0 0 0 62 63 64 66 69 75 77 
0 0 0 0 0 0 58 58 59 60 60 60 61 61 60 60 61 61 62 63 64 64 64 65 66 68 68 67 66 66 64 65 65 65 0 0 0 0 0 0 0 0 0 0 0 0 0 0 0 0 0 0 0 0 0 0 0 0 0 0 0 0 0 0 0 0 0 0 0 68 75 78 78 79 83 81 79 79 78 76 76 71 70 68 63 51 0 0 0 0 0 0 0 0 0 0 0 0 0 0 0 0 0 0 0 0 0 0 0 0 0 0 0 0 0 0 0 0 0 0 0 0 59 70 76 79 80 84 83 80 76 73 70 70 70 71 70 70 68 68 65 66 65 64 0 0 0 0 0 0 0 0 0 0 0 0 0 0 0 0 0 0 0 0 0 0 0 0 0 64 64 65 67 69 73 82 
0 0 0 0 0 0 0 0 0 0 0 0 0 0 0 0 58 57 58 60 61 59 60 62 62 63 63 63 61 62 61 62 63 64 0 0 0 0 0 0 0 0 0 0 0 0 0 0 0 0 0 0 0 0 0 0 0 0 0 0 0 0 0 0 0 0 0 0 0 0 73 76 76 77 80 79 77 77 75 73 73 69 68 66 61 50 0 0 0 0 0 0 0 0 0 0 0 0 0 0 0 0 0 0 0 0 0 0 0 0 0 0 0 0 0 0 0 0 0 0 0 0 0 69 74 77 78 82 82 79 76 73 71 70 70 71 70 70 68 68 65 66 65 64 0 0 0 0 0 0 0 0 0 0 0 0 0 0 0 0 0 0 0 0 0 0 0 0 0 63 63 64 66 69 77 75 
0 0 0 0 0 0 0 0 0 0 0 0 0 0 0 0 0 0 0 0 0 0 0 0 0 0 0 0 0 52 54 55 0 0 0 0 0 0 0 0 0 0 0 0 0 0 0 0 0 0 0 0 0 0 0 0 0 0 0 0 0 0 0 0 0 0 0 0 0 0 72 75 73 75 77 75 73 72 70 69 69 65 64 62 58 0 0 0 0 0 0 0 0 0 0 0 0 0 0 0 0 0 0 0 0 0 0 0 0 0 0 0 0 0 0 0 0 0 0 0 0 0 0 68 72 74 75 78 78 77 76 75 75 76 77 79 76 75 74 73 68 69 67 64 0 0 0 0 0 0 0 0 0 0 0 0 0 0 0 0 0 0 0 0 0 0 0 0 62 63 63 64 66 69 69 76 
0 0 0 0 0 0 0 0 0 0 0 0 0 0 0 0 0 0 0 0 0 0 0 0 0 0 0 0 0 0 0 0 0 0 0 0 0 0 0 0 0 0 0 0 0 0 0 0 0 0 0 0 0 0 0 0 0 0 0 0 0 0 0 0 0 0 0 0 0 0 0 0 65 67 70 66 64 63 61 60 60 58 58 56 53 0 0 0 0 0 0 0 0 0 0 0 0 0 0 0 0 0 0 0 0 0 0 0 0 0 0 0 0 0 0 0 0 0 0 0 0 0 0 0 66 67 68 69 69 68 67 67 67 69 71 75 69 67 65 64 61 64 0 0 0 0 0 0 0 0 0 0 0 0 0 0 0 0 0 0 0 0 0 0 0 0 0 0 62 62 63 64 66 69 75 77 
0 0 0 0 0 0 0 0 0 0 0 0 0 0 0 0 0 0 0 0 0 0 0 0 0 0 0 0 0 0 0 0 0 0 0 0 0 0 0 0 0 0 0 0 0 0 0 0 0 0 0 0 0 0 0 0 0 0 0 0 0 0 0 0 0 0 0 0 0 0 0 0 0 0 0 0 0 0 40 41 41 41 41 0 0 0 0 0 0 0 0 0 0 0 0 0 0 0 0 0 0 0 0 0 0 0 0 0 0 0 0 0 0 0 0 0 0 0 0 0 0 0 0 0 0 0 50 51 50 49 48 47 0 0 0 0 0 0 0 0 0 0 0 0 0 0 55 55 55 55 0 0 0 0 0 0 0 0 0 0 0 0 0 0 0 0 0 0 63 62 63 63 65 68 71 81 
0 0 0 0 0 0 0 0 0 0 0 0 0 0 0 0 0 0 0 0 0 0 0 0 0 0 0 0 0 0 0 0 0 0 0 0 0 0 0 0 0 0 0 0 0 0 0 0 0 0 0 0 0 0 0 0 0 0 0 0 0 0 0 0 0 0 0 0 0 0 0 0 0 0 0 0 0 0 0 0 0 0 0 0 0 0 0 0 0 0 0 0 0 0 0 0 0 0 0 0 0 0 0 0 0 0 0 0 0 0 0 0 0 0 0 0 0 0 0 0 0 0 0 0 0 0 0 0 0 0 0 0 0 0 0 0 0 0 0 0 0 0 0 0 0 0 55 55 55 55 0 0 0 0 0 0 0 0 0 0 0 0 0 0 0 0 0 0 61 61 62 63 65 69 73 79 
0 0 0 0 0 0 0 0 0 0 0 0 0 0 0 0 0 0 0 0 0 0 0 0 0 0 0 0 0 0 0 0 0 0 0 0 0 0 0 0 0 0 0 0 0 0 0 0 0 0 0 0 0 0 0 0 0 0 0 0 0 0 0 0 0 0 0 0 0 0 0 0 0 0 0 0 0 0 0 0 0 0 0 0 0 0 0 0 0 0 0 0 0 0 0 0 0 0 0 0 0 0 0 0 0 0 0 0 0 0 0 0 0 0 0 0 0 0 0 0 0 0 0 0 0 0 0 0 0 0 0 0 0 0 0 0 0 0 0 0 0 0 0 0 0 0 0 0 0 0 0 0 0 0 0 0 0 0 0 0 0 0 0 0 0 0 0 0 0 62 63 64 66 70 75 80 
0 0 0 0 0 0 0 0 0 0 0 0 0 0 0 0 0 0 0 0 0 0 0 0 0 0 0 0 0 0 0 0 0 0 0 0 0 0 0 0 0 0 0 0 0 0 0 0 0 0 0 0 0 0 0 0 0 0 0 0 0 0 0 0 0 0 0 0 0 0 0 0 0 0 0 0 0 0 0 0 0 0 0 0 0 0 0 0 0 0 0 0 0 0 0 0 0 0 0 0 0 0 0 0 0 0 0 0 0 0 0 0 0 0 0 0 0 0 0 0 0 0 0 0 0 0 0 0 0 0 0 0 0 0 0 0 0 0 0 0 0 0 0 0 0 0 0 0 0 0 0 0 0 0 0 0 0 0 0 0 0 0 0 0 0 0 0 0 0 63 63 64 67 70 73 81 
0 0 0 0 0 0 0 0 0 0 0 0 0 0 0 0 0 0 0 0 0 0 0 0 0 0 0 0 0 0 0 0 0 0 0 0 0 0 0 0 0 0 0 0 0 0 0 0 0 0 0 0 0 0 0 0 0 0 0 0 0 0 0 0 0 0 0 0 0 0 0 0 0 0 0 0 0 0 0 0 0 0 0 0 0 0 0 0 0 0 0 0 0 0 0 0 0 0 0 0 0 0 0 0 0 0 0 0 0 0 0 0 0 0 0 0 0 0 0 0 0 0 0 0 0 0 0 0 0 0 0 0 0 0 0 0 0 0 0 0 0 0 0 0 0 0 0 0 0 0 0 0 0 0 0 0 0 0 0 0 0 0 0 0 0 0 0 0 0 63 64 64 67 70 73 82 
0 0 0 0 0 0 0 0 0 0 0 0 0 0 0 0 0 0 0 0 0 0 0 0 0 0 0 0 0 0 0 0 0 0 0 0 0 0 0 0 0 0 0 0 0 0 0 0 0 0 0 0 0 0 0 0 0 0 0 0 0 0 0 0 0 0 0 0 0 0 0 0 0 0 0 0 0 0 0 0 0 0 0 0 0 0 0 0 0 0 0 0 0 0 0 0 0 0 0 0 0 0 0 0 0 0 0 0 0 0 0 0 0 0 0 0 0 0 0 0 0 0 0 0 0 0 0 0 0 0 0 0 0 0 0 0 0 0 0 0 0 0 0 0 0 0 0 0 0 0 0 0 0 0 0 0 0 0 0 0 0 0 0 0 0 0 0 0 0 0 64 65 67 70 75 72 
0 0 0 0 0 0 0 0 0 0 0 0 0 0 0 0 0 0 0 0 0 0 0 0 0 0 0 0 0 0 0 0 0 0 0 0 0 0 0 0 0 0 0 0 0 0 0 0 0 0 0 0 0 0 0 0 0 0 0 0 0 0 0 0 0 0 0 0 0 0 0 0 0 0 0 0 0 0 0 0 0 0 0 0 0 0 0 0 0 0 0 0 0 0 0 0 0 0 0 0 0 0 0 0 0 0 0 0 0 0 0 0 0 0 0 0 0 0 0 0 0 0 0 0 0 0 0 0 0 0 0 0 0 0 0 0 0 0 0 0 0 0 0 0 0 0 0 0 0 0 0 0 0 0 0 0 0 0 0 0 0 0 0 0 0 0 0 0 0 0 0 66 68 70 71 76 
0 0 0 0 0 0 0 0 0 0 0 0 0 0 0 0 0 0 0 0 0 0 0 0 0 0 0 0 0 0 0 0 0 0 0 0 0 0 0 0 0 0 0 0 0 0 0 0 0 0 0 0 0 0 0 0 0 0 0 0 0 0 0 0 0 0 0 0 0 0 0 0 0 0 0 0 0 0 0 0 0 0 0 0 0 0 0 0 0 0 0 0 0 0 0 0 0 0 0 0 0 0 0 0 0 0 0 0 0 0 0 0 0 0 0 0 0 0 0 0 0 0 0 0 0 0 0 0 0 0 0 0 0 0 0 0 0 0 0 0 0 0 0 0 0 0 0 0 0 0 0 0 0 0 0 0 0 0 0 0 0 0 0 0 0 0 0 0 0 0 0 65 68 70 69 71 
0 0 0 0 0 0 0 0 0 0 0 0 0 0 0 0 0 0 0 0 0 0 0 0 0 0 0 0 0 0 0 0 0 0 0 0 0 0 0 0 0 0 0 0 0 0 0 0 0 0 0 0 0 0 0 0 0 0 0 0 0 0 0 0 0 0 0 0 0 0 0 0 0 0 0 0 0 0 0 0 0 0 0 0 0 0 0 0 0 0 0 0 0 0 0 0 0 0 0 0 0 0 0 0 0 0 0 0 0 0 0 0 0 0 0 0 0 0 0 0 0 0 0 0 0 0 0 0 0 0 0 0 0 0 0 0 0 0 0 0 0 0 0 0 0 0 0 0 0 0 0 0 0 0 0 0 0 0 0 0 0 0 0 0 0 0 0 0 0 0 0 0 67 70 0 76 
0 0 0 0 0 0 0 0 0 0 0 0 0 0 0 0 0 0 0 0 0 0 0 0 0 0 0 0 0 0 0 0 0 0 0 0 0 0 0 0 0 0 0 0 0 0 0 0 0 0 0 0 0 0 0 0 0 0 0 0 0 0 0 0 0 0 0 0 0 0 0 0 0 0 0 0 0 0 0 0 0 0 0 0 0 0 0 0 0 0 0 0 0 0 0 0 0 0 0 0 0 0 0 0 0 0 0 0 0 0 0 0 0 0 0 0 0 0 0 0 0 0 0 0 0 0 0 0 0 0 0 0 0 0 0 0 0 0 0 0 0 0 0 0 0 0 0 0 0 0 0 0 0 0 0 0 0 0 0 0 0 0 0 0 0 0 0 0 0 0 0 0 0 70 0 0 
0 0 0 0 0 0 0 0 0 0 0 0 0 0 0 0 0 0 0 0 0 0 0 0 0 0 0 0 0 0 0 0 0 0 0 0 0 0 0 0 0 0 0 0 0 0 0 0 0 0 0 0 0 0 0 0 0 0 0 0 0 0 0 0 0 0 0 0 0 0 0 0 0 0 0 0 0 0 0 0 0 0 0 0 0 0 0 0 0 0 0 0 0 0 0 0 0 0 0 0 0 0 0 0 0 0 0 0 0 0 0 0 0 0 0 0 0 0 0 0 0 0 0 0 0 0 0 0 0 0 0 0 0 0 0 0 0 0 0 0 0 0 0 0 0 0 0 0 0 0 0 0 0 0 0 0 0 0 0 0 0 0 0 0 0 0 0 0 0 0 0 0 0 0 0 0 
0 0 0 0 0 0 0 0 0 0 0 0 0 0 0 0 0 0 0 0 0 0 0 0 0 0 0 0 0 0 0 0 0 0 0 0 0 0 0 0 0 0 0 0 0 0 0 0 0 0 0 0 0 0 0 0 0 0 0 0 0 0 0 0 0 0 0 0 0 0 0 0 0 0 0 0 0 0 0 0 0 0 0 0 0 0 0 0 0 0 0 0 0 0 0 0 0 0 0 0 0 0 0 0 0 0 0 0 0 0 0 0 0 0 0 0 0 0 0 0 0 0 0 0 0 0 0 0 0 0 0 0 0 0 0 0 0 0 0 0 0 0 0 0 0 0 0 0 0 0 0 0 0 0 0 0 0 0 0 0 0 0 0 0 0 0 0 0 0 0 0 0 0 0 0 0 
0 0 0 0 0 0 0 0 0 0 0 0 0 0 0 0 0 0 0 0 0 0 0 0 0 0 0 0 0 0 0 0 0 0 0 0 0 0 0 0 0 0 0 0 0 0 0 0 0 0 0 0 0 0 0 0 0 0 0 0 0 0 0 0 0 0 0 0 0 0 0 0 0 0 0 0 0 0 0 0 0 0 0 0 0 0 0 0 0 0 0 0 0 0 0 0 0 0 0 0 0 0 0 0 0 0 0 0 0 0 0 0 0 0 0 0 0 0 0 0 0 0 0 0 0 0 0 0 0 0 0 0 0 0 0 0 0 0 0 0 0 0 0 0 0 0 0 0 0 0 0 0 0 0 0 0 0 0 0 0 0 0 0 0 0 0 0 0 0 0 0 0 0 0 0 0 
0 0 0 0 0 0 0 0 0 0 0 0 0 0 0 0 0 0 0 0 0 0 0 0 0 0 0 0 0 0 0 0 0 0 0 0 0 0 0 0 0 0 0 0 0 0 0 0 0 0 0 0 0 0 0 0 0 0 0 0 0 0 0 0 0 0 0 0 0 0 0 0 0 0 0 0 0 0 0 0 0 0 0 0 0 0 0 0 0 0 0 0 0 0 0 0 0 0 0 0 0 0 0 0 0 0 0 0 0 0 0 0 0 0 0 0 0 0 0 0 0 0 0 0 0 0 0 0 0 0 0 0 0 0 0 0 0 0 0 0 0 0 0 0 0 0 0 0 0 0 0 0 0 0 0 0 0 0 0 0 0 0 0 0 0 0 0 0 0 0 0 0 0 0 0 0 
0 0 0 0 0 0 0 0 0 0 0 0 0 0 0 0 0 0 0 0 0 0 0 0 0 0 0 0 0 0 0 0 0 0 0 0 0 0 0 0 0 0 0 0 0 0 0 0 0 0 0 0 0 0 0 0 0 0 0 0 0 0 0 0 0 0 0 0 0 0 0 0 0 0 0 0 0 0 0 0 0 0 0 0 0 0 0 0 0 0 0 0 0 0 0 0 0 0 0 0 0 0 0 0 0 0 0 0 0 0 0 0 0 0 0 0 0 0 0 0 0 0 0 0 0 0 0 0 0 0 0 0 0 0 0 0 0 0 0 0 0 0 0 0 0 0 0 0 0 0 0 0 0 0 0 0 0 0 0 0 0 0 0 0 0 0 0 0 0 0 0 0 0 0 0 0 
0 0 0 0 0 0 0 0 0 0 0 0 0 0 0 0 0 0 0 0 0 0 0 0 0 0 0 0 0 0 0 0 0 0 0 0 0 0 0 0 0 0 0 0 0 0 0 0 0 0 0 0 0 0 0 0 0 0 0 0 0 0 0 0 0 0 0 0 0 0 0 0 0 0 0 0 0 0 0 0 0 0 0 0 0 0 0 0 0 0 0 0 0 0 0 0 0 0 0 0 0 0 0 0 0 0 0 0 0 0 0 0 0 0 0 0 0 0 0 0 0 0 0 0 0 0 0 0 0 0 0 0 0 0 0 0 0 0 0 0 0 0 0 0 0 0 0 0 0 0 0 0 0 0 0 0 0 0 0 0 0 0 0 0 0 0 0 0 0 0 0 0 0 0 0 0 
0 0 0 0 0 0 0 0 0 0 0 0 0 0 0 0 0 0 0 0 0 0 0 0 0 0 0 0 0 0 0 0 0 0 0 0 0 0 0 0 0 0 0 0 0 0 0 0 0 0 0 0 0 0 0 0 0 0 0 0 0 0 0 0 0 0 0 0 0 0 0 0 0 0 0 0 0 0 0 0 0 0 0 0 0 0 0 0 0 0 0 0 0 0 0 0 0 0 0 0 0 0 0 0 0 0 0 0 0 0 0 0 0 0 0 0 0 0 0 0 0 0 0 0 0 0 0 0 0 0 0 0 0 0 0 0 0 0 0 0 0 0 0 0 0 0 0 0 0 0 0 0 0 0 0 0 0 0 0 0 0 0 0 0 0 0 0 0 0 0 0 0 0 0 0 0 
0 0 0 0 0 0 0 0 0 0 0 0 0 0 0 0 0 0 0 0 0 0 0 0 0 0 0 0 0 0 0 0 0 0 0 0 0 0 0 0 0 0 0 0 0 0 0 0 0 0 0 0 0 0 0 0 0 0 0 0 0 0 0 0 0 0 0 0 0 0 0 0 0 0 0 0 0 0 0 0 0 0 0 0 0 0 0 0 0 0 0 0 0 0 0 0 0 0 0 0 0 0 0 0 0 0 0 0 0 0 0 0 0 0 0 0 0 0 0 0 0 0 0 0 0 0 0 0 0 0 0 0 0 0 0 0 0 0 0 0 0 0 0 0 0 0 0 0 0 0 0 0 0 0 0 0 0 0 0 0 0 0 0 0 0 0 0 0 0 0 0 0 0 0 0 0 
0 0 0 0 0 0 0 0 0 0 0 0 0 0 0 0 0 0 0 0 0 0 0 0 0 0 0 0 0 0 0 0 0 0 0 0 0 0 0 0 0 0 0 0 0 0 0 0 0 0 0 0 0 0 0 0 0 0 0 0 0 0 0 0 0 0 0 0 0 0 0 0 0 0 0 0 0 0 0 0 0 0 0 0 0 0 0 0 0 0 0 0 0 0 0 0 0 0 0 0 0 0 0 0 0 0 0 0 0 0 0 0 0 0 0 0 0 0 0 0 0 0 0 0 0 0 0 0 0 0 0 0 0 0 0 0 0 0 0 0 0 0 0 0 0 0 0 0 0 0 0 0 0 0 0 0 0 0 0 0 0 0 0 0 0 0 0 0 0 0 0 0 0 0 0 0 
0 0 0 0 0 0 0 0 0 0 0 0 0 0 0 0 0 0 0 0 0 0 0 0 0 0 0 0 0 0 0 0 0 0 0 0 0 0 0 0 0 0 0 0 0 0 0 0 0 0 0 0 0 0 0 0 0 0 0 0 0 0 0 0 0 0 0 0 0 0 0 0 0 0 0 0 0 0 0 0 0 0 0 0 0 0 0 0 0 0 0 0 0 0 0 0 0 0 0 0 0 0 0 0 0 0 0 0 0 0 0 0 0 0 0 0 0 0 0 0 0 0 0 0 0 0 0 0 0 0 0 0 0 0 0 0 0 0 0 0 0 0 0 0 0 0 0 0 0 0 0 0 0 0 0 0 0 0 0 0 0 0 0 0 0 0 0 0 0 0 0 0 0 0 0 0 
0 0 0 0 0 0 0 0 0 0 0 0 0 0 0 0 0 0 0 0 0 0 0 0 0 0 0 0 0 0 0 0 0 0 0 0 0 0 0 0 0 0 0 0 0 0 0 0 0 0 0 0 0 0 0 0 0 0 0 0 0 0 0 0 0 0 0 0 0 0 0 0 0 0 0 0 0 0 0 0 0 0 0 0 0 0 0 0 0 0 0 0 0 0 0 0 0 0 0 0 0 0 0 0 0 0 0 0 0 0 0 0 0 0 0 0 0 0 0 0 0 0 0 0 0 0 0 0 0 0 0 0 0 0 0 0 0 0 0 0 0 0 0 0 0 0 0 0 0 0 0 0 0 0 0 0 0 0 0 0 0 0 0 0 0 0 0 0 0 0 0 0 0 0 0 0 
0 0 0 0 0 0 0 0 0 0 0 0 0 0 0 0 0 0 0 0 0 0 0 0 0 0 0 0 0 0 0 0 0 0 0 0 0 0 0 0 0 0 0 0 0 0 0 0 0 0 0 0 0 0 0 0 0 0 0 0 0 0 0 0 0 0 0 0 0 0 0 0 0 0 0 0 0 0 0 0 0 0 0 0 0 0 0 0 0 0 0 0 0 0 0 0 0 0 0 0 0 0 0 0 0 0 0 0 0 0 0 0 0 0 0 0 0 0 0 0 0 0 0 0 0 0 0 0 0 0 0 0 0 0 0 0 0 0 0 0 0 0 0 0 0 0 0 0 0 0 0 0 0 0 0 0 0 0 0 0 0 0 0 0 0 0 0 0 0 0 0 0 0 0 0 0 
0 0 0 0 0 0 0 0 0 0 0 0 0 0 0 0 0 0 0 0 0 0 0 0 0 0 0 0 0 0 0 0 0 0 0 0 0 0 0 0 0 0 0 0 0 0 0 0 0 0 0 0 0 0 0 0 0 0 0 0 0 0 0 0 0 0 0 0 0 0 0 0 0 0 0 0 0 0 0 0 0 0 0 0 0 0 0 0 0 0 0 0 0 0 0 0 0 0 0 0 0 0 0 0 0 0 0 0 0 0 0 0 0 0 0 0 0 0 0 0 0 0 0 0 0 0 0 0 0 0 0 0 0 0 0 0 0 0 0 0 0 0 0 0 0 0 0 0 0 0 0 0 0 0 0 0 0 0 0 0 0 0 0 0 0 0 0 0 0 0 0 0 0 0 0 0 
0 0 0 0 0 0 0 0 0 0 0 0 0 0 0 0 0 0 0 0 0 0 0 0 0 0 0 0 0 0 0 0 0 0 0 0 0 0 0 0 0 0 0 0 0 0 0 0 0 0 0 0 0 0 0 0 0 0 0 0 0 0 0 0 0 0 0 0 0 0 0 0 0 0 0 0 0 0 0 0 0 0 0 0 0 0 0 0 0 0 0 0 0 0 0 0 0 0 0 0 0 0 0 0 0 0 0 0 0 0 0 0 0 0 0 0 0 0 0 0 0 0 0 0 0 0 0 0 0 0 0 0 0 0 0 0 0 0 0 0 0 0 0 0 0 0 0 0 0 0 0 0 0 0 0 0 0 0 0 0 0 0 0 0 0 0 0 0 0 0 0 0 0 0 0 0 
0 0 0 0 0 0 0 0 0 0 0 0 0 0 0 0 0 0 0 0 0 0 0 0 0 0 0 0 0 0 0 0 0 0 0 0 0 0 0 0 0 0 0 0 0 0 0 0 0 0 0 0 0 0 0 0 0 0 0 0 0 0 0 0 0 0 0 0 0 0 0 0 0 0 0 0 0 0 0 0 0 0 0 0 0 0 0 0 0 0 0 0 0 0 0 0 0 0 0 0 0 0 0 0 0 0 0 0 0 0 0 0 0 0 0 0 0 0 0 0 0 0 0 0 0 0 0 0 0 0 0 0 0 0 0 0 0 0 0 0 0 0 0 0 0 0 0 0 0 0 0 0 0 0 0 0 0 0 0 0 0 0 0 0 0 0 0 0 0 0 0 0 0 0 0 0 
0 0 0 0 0 0 0 0 0 0 0 0 0 0 0 0 0 0 0 0 0 0 0 0 0 0 0 0 0 0 0 0 0 0 0 0 0 0 0 0 0 0 0 0 0 0 0 0 0 0 0 0 0 0 0 0 0 0 0 0 0 0 0 0 0 0 0 0 0 0 0 0 0 0 0 0 0 0 0 0 0 0 0 0 0 0 0 0 0 0 0 0 0 0 0 0 0 0 0 0 0 0 0 0 0 0 0 0 0 0 0 0 0 0 0 0 0 0 0 0 0 0 0 0 0 0 0 0 0 0 0 0 0 0 0 0 0 0 0 0 0 0 0 0 0 0 0 0 0 0 0 0 0 0 0 0 0 0 0 0 0 0 0 0 0 0 0 0 0 0 0 0 0 0 0 0 
0 0 0 0 0 0 0 0 0 0 0 0 0 0 0 0 0 0 0 0 0 0 0 0 0 0 0 0 0 0 0 0 0 0 0 0 0 0 0 0 0 0 0 0 0 0 0 0 0 0 0 0 0 0 0 0 0 0 0 0 0 0 0 0 0 0 0 0 0 0 0 0 0 0 0 0 0 0 0 0 0 0 0 0 0 0 0 0 0 0 0 0 0 0 0 0 0 0 0 0 0 0 0 0 0 0 0 0 0 0 0 0 0 0 0 0 0 0 0 0 0 0 0 0 0 0 0 0 0 0 0 0 0 0 0 0 0 0 0 0 0 0 0 0 0 0 0 0 0 0 0 0 0 0 0 0 0 0 0 0 0 0 0 0 0 0 0 0 0 0 0 0 0 0 0 0 
0 0 0 0 0 0 0 0 0 0 0 0 0 0 0 0 0 0 0 0 0 0 0 0 0 0 0 0 0 0 0 0 0 0 0 0 0 0 0 0 0 0 0 0 0 0 0 0 0 0 0 0 0 0 0 0 0 0 0 0 0 0 0 0 0 0 0 0 0 0 0 0 0 0 0 0 0 0 0 0 0 0 0 0 0 0 0 0 0 0 0 0 0 0 0 0 0 0 0 0 0 0 0 0 0 0 0 0 0 0 0 0 0 0 0 0 0 0 0 0 0 0 0 0 0 0 0 0 0 0 0 0 0 0 0 0 0 0 0 0 0 0 0 0 0 0 0 0 0 0 0 0 0 0 0 0 0 0 0 0 0 0 0 0 0 0 0 0 0 0 0 0 0 0 0 0 
0 0 0 0 0 0 0 0 0 0 0 0 0 0 0 0 0 0 0 0 0 0 0 0 0 0 0 0 0 0 0 0 0 0 0 0 0 0 0 0 0 0 0 0 0 0 0 0 0 0 0 0 0 0 0 0 0 0 0 0 0 0 0 0 0 0 0 0 0 0 0 0 0 0 0 0 0 0 0 0 0 0 0 0 0 0 0 0 0 0 0 0 0 0 0 0 0 0 0 0 0 0 0 0 0 0 0 0 0 0 0 0 0 0 0 0 0 0 0 0 0 0 0 0 0 0 0 0 0 0 0 0 0 0 0 0 0 0 0 0 0 0 0 0 0 0 0 0 0 0 0 0 0 0 0 0 0 0 0 0 0 0 0 0 0 0 0 0 0 0 0 0 0 0 0 0 
0 0 0 0 0 0 0 0 0 0 0 0 0 0 0 0 0 0 0 0 0 0 0 0 0 0 0 0 0 0 0 0 0 0 0 0 0 0 0 0 0 0 0 0 0 0 0 0 0 0 0 0 0 0 0 0 0 0 0 0 0 0 0 0 0 0 0 0 0 0 0 0 0 0 0 0 0 0 0 0 0 0 0 0 0 0 0 0 0 0 0 0 0 0 0 0 0 0 0 0 0 0 0 0 0 0 0 0 0 0 0 0 0 0 0 0 0 0 0 0 0 0 0 0 0 0 0 0 0 0 0 0 0 0 0 0 0 0 0 0 0 0 0 0 0 0 0 0 0 0 0 0 0 0 0 0 0 0 0 0 0 0 0 0 0 0 0 0 0 0 0 0 0 0 0 0 
0 0 0 0 0 0 0 0 0 0 0 0 0 0 0 0 0 0 0 0 0 0 0 0 0 0 0 0 0 0 0 0 0 0 0 0 0 0 0 0 0 0 0 0 0 0 0 0 0 0 0 0 0 0 0 0 0 0 0 0 0 0 0 0 0 0 0 0 0 0 0 0 0 0 0 0 0 0 0 0 0 0 0 0 0 0 0 0 0 0 0 0 0 0 0 0 0 0 0 0 0 0 0 0 0 0 0 0 0 0 0 0 0 0 0 0 0 0 0 0 0 0 0 0 0 0 0 0 0 0 0 0 0 0 0 0 0 0 0 0 0 0 0 0 0 0 0 0 0 0 0 0 0 0 0 0 0 0 0 0 0 0 0 0 0 0 0 0 0 0 0 0 0 0 0 0 
0 0 0 0 0 0 0 0 0 0 0 0 0 0 0 0 0 0 0 0 0 0 0 0 0 0 0 0 0 0 0 0 0 0 0 0 0 0 0 0 0 0 0 0 0 0 0 0 0 0 0 0 0 0 0 0 0 0 0 0 0 0 0 0 0 0 0 0 0 0 0 0 0 0 0 0 0 0 0 0 0 0 0 0 0 0 0 0 0 0 0 0 0 0 0 0 0 0 0 0 0 0 0 0 0 0 0 0 0 0 0 0 0 0 0 0 0 0 0 0 0 0 0 0 0 0 0 0 0 0 0 0 0 0 0 0 0 0 0 0 0 0 0 0 0 0 0 0 0 0 0 0 0 0 0 0 0 0 0 0 0 0 0 0 0 0 0 0 0 0 0 0 0 0 0 0 
0 0 0 0 0 0 0 0 0 0 0 0 0 0 0 0 0 0 0 0 0 0 0 0 0 0 0 0 0 0 0 0 0 0 0 0 0 0 0 0 0 0 0 0 0 0 0 0 0 0 0 0 0 0 0 0 0 0 0 0 0 0 0 0 0 0 0 0 0 0 0 0 0 0 0 0 0 0 0 0 0 0 0 0 0 0 0 0 0 0 0 0 0 0 0 0 0 0 0 0 0 0 0 0 0 0 0 0 0 0 0 0 0 0 0 0 0 0 0 0 0 0 0 0 0 0 0 0 0 0 0 0 0 0 0 0 0 0 0 0 0 0 0 0 0 0 0 0 0 0 0 0 0 0 0 0 0 0 0 0 0 0 0 0 0 0 0 0 0 0 0 0 0 0 0 0 
0 0 0 0 0 0 0 0 0 0 0 0 0 0 0 0 0 0 0 0 0 0 0 0 0 0 0 0 0 0 0 0 0 0 0 0 0 0 0 0 0 0 0 0 0 0 0 0 0 0 0 0 0 0 0 0 0 0 0 0 0 0 0 0 0 0 0 0 0 0 0 0 0 0 0 0 0 0 0 0 0 0 0 0 0 0 0 0 0 0 0 0 0 0 0 0 0 0 0 0 0 0 0 0 0 0 0 0 0 0 0 0 0 0 0 0 0 0 0 0 0 0 0 0 0 0 0 0 0 0 0 0 0 0 0 0 0 0 0 0 0 0 0 0 0 0 0 0 0 0 0 0 0 0 0 0 0 0 0 0 0 0 0 0 0 0 0 0 0 0 0 0 0 0 0 0 
