90 90 84 93 89 91 87 90 89 91 90 81 82 88 83 85 86 81 80 80 76 79 80 80 78 84 92 84 87 86 81 87 78 84 83 85 75 75 77 81 80 86 85 81 84 78 79 77 76 80 77 82 79 75 77 80 80 80 84 83 80 77 74 68 76 74 77 84 81 82 82 79 79 78 81 81 80 84 82 78 78 79 77 78 81 82 79 85 72 68 76 86 80 80 85 79 79 85 82 80 86 82 79 77 86 85 85 84 82 80 84 80 81 77 64 71 86 87 83 84 90 87 87 88 89 90 92 86 90 92 92 93 89 88 95 94 94 95 94 86 80 91 97 99 100 100 100 96 99 96 103 105 111 108 102 112 110 116 108 88 84 83 81 79 85 75 82 80 79 81 90 81 90 99 98 112 
93 92 95 90 89 95 90 93 89 83 83 72 75 79 72 84 79 78 78 76 84 82 83 88 90 86 85 82 86 91 82 85 85 80 83 83 76 77 70 72 77 76 82 82 83 75 80 80 76 79 80 75 80 76 82 73 78 79 79 73 73 85 77 70 70 75 85 79 80 78 82 81 78 81 81 75 79 80 81 81 80 82 82 75 83 79 81 80 68 67 77 78 83 81 85 85 82 82 79 79 83 78 83 82 77 87 83 79 80 79 83 86 85 74 69 80 86 82 84 91 87 84 85 85 90 95 89 92 87 94 94 88 89 94 92 96 94 92 90 81 89 93 91 97 93 92 101 98 100 103 103 106 105 101 110 105 111 95 87 80 80 87 83 81 82 82 72 72 77 92 88 85 89 94 102 107 
90 86 85 85 85 85 85 85 84 83 83 82 81 80 80 80 79 80 80 81 81 82 82 83 84 84 84 84 83 83 82 82 81 81 80 80 79 77 76 75 75 76 77 77 78 78 78 77 77 77 77 77 77 77 77 77 77 77 77 78 77 76 74 74 74 74 75 77 78 79 78 78 78 78 78 79 79 79 79 79 79 78 78 78 79 80 79 77 76 76 75 77 79 80 79 80 80 79 79 80 80 80 80 80 80 80 81 81 81 81 81 80 78 77 78 79 80 83 85 84 85 85 85 86 87 88 88 89 90 90 90 90 91 91 91 90 90 88 88 88 89 91 93 94 95 96 96 97 99 100 102 104 105 104 102 99 95 90 86 83 81 80 79 79 78 77 77 78 80 81 84 87 91 96 94 106 
89 78 84 84 83 83 83 83 82 82 82 81 80 79 79 78 77 78 79 79 80 81 82 82 83 83 83 82 82 81 81 80 80 80 80 80 79 77 75 74 73 73 74 75 76 77 76 76 76 76 75 75 76 75 75 75 75 75 75 75 75 75 74 73 74 74 75 77 78 79 79 79 79 79 79 79 79 80 81 81 81 81 81 81 81 82 82 80 79 79 79 79 81 81 82 82 82 81 81 81 82 82 82 82 82 82 83 83 83 84 83 82 81 80 81 81 83 85 85 85 85 85 85 85 86 87 87 88 89 88 89 90 89 89 89 88 87 86 86 87 89 91 92 93 94 95 96 97 98 100 101 102 102 100 97 93 88 84 81 80 79 78 78 77 76 75 76 77 79 81 83 86 90 95 103 112 
74 77 81 81 81 80 80 81 81 81 81 81 80 79 78 77 76 76 77 77 78 79 80 80 81 81 81 80 80 80 79 78 79 78 78 79 79 77 75 74 72 71 72 73 74 75 75 75 74 74 74 74 74 75 75 76 76 76 77 77 78 78 77 77 77 78 78 80 82 83 82 83 83 83 83 83 83 84 85 85 86 85 86 85 86 87 87 85 85 85 84 85 86 86 86 86 86 86 86 86 87 87 87 87 87 87 88 88 89 89 89 88 87 87 87 88 89 90 90 89 89 89 89 89 90 90 90 90 90 90 90 90 90 90 89 88 87 86 86 87 89 90 91 92 93 94 95 96 97 98 99 100 99 97 92 88 84 80 78 78 77 76 76 75 74 74 75 76 78 81 82 85 89 94 106 105 
77 86 80 80 80 79 79 80 80 80 81 80 80 79 78 77 75 75 74 75 75 76 77 78 78 79 79 79 79 78 78 77 77 76 76 77 77 76 75 74 72 72 72 73 74 76 76 76 76 77 77 77 78 78 79 80 80 80 81 81 82 83 83 82 83 83 83 84 86 87 87 87 87 87 87 87 87 88 89 89 90 90 90 90 90 91 92 91 91 91 90 90 91 91 91 91 91 91 91 91 92 91 92 93 92 92 93 93 93 94 93 93 93 93 93 94 95 95 95 95 95 95 94 94 95 95 95 95 95 94 94 94 94 94 93 92 91 91 91 91 93 93 94 95 95 95 96 96 97 98 99 98 96 92 88 83 80 78 77 77 76 75 75 75 74 73 0 76 79 81 82 84 88 93 96 108 
79 79 79 80 79 79 79 79 79 79 79 79 78 78 77 76 74 73 72 72 73 74 75 75 76 76 77 77 77 77 76 76 76 76 76 77 77 77 77 77 76 76 76 77 78 80 80 80 80 81 81 81 82 82 83 83 84 84 85 86 86 87 87 87 88 88 88 89 90 91 91 91 92 92 91 91 92 93 94 94 95 95 95 95 95 96 96 96 96 96 96 95 95 95 95 95 96 96 96 96 97 96 97 97 97 97 98 98 98 99 98 98 98 99 99 99 100 100 100 99 100 99 99 99 99 99 99 99 99 98 98 98 97 97 97 96 96 96 96 97 98 98 98 99 99 100 100 101 101 103 102 100 96 90 84 80 78 76 76 75 74 73 74 73 72 0 0 0 80 80 82 84 87 91 97 100 
80 82 79 79 78 78 78 77 77 77 78 77 77 76 76 75 73 72 71 70 70 71 72 73 74 75 76 76 77 76 77 77 78 78 79 80 80 80 80 80 79 80 80 81 82 84 84 84 84 85 85 85 86 86 87 87 88 88 89 89 90 91 91 91 92 93 93 94 95 96 96 96 96 96 96 96 97 98 99 99 100 100 100 100 100 100 101 100 100 100 100 100 100 100 101 101 101 101 102 102 102 102 102 103 102 102 103 103 104 105 104 105 104 105 105 105 105 106 105 105 106 105 105 105 104 104 104 103 103 103 102 103 102 102 101 101 100 101 101 101 102 102 102 103 103 104 104 105 106 107 106 103 98 91 84 79 77 74 74 74 73 71 72 71 0 0 0 0 79 81 81 83 86 89 101 103 
73 76 77 77 77 76 76 76 75 75 76 75 75 74 74 73 73 72 71 71 71 72 72 73 75 76 76 77 78 78 79 80 80 81 81 82 82 83 84 84 84 84 85 85 86 87 88 88 89 89 89 90 90 90 91 92 93 93 94 94 95 96 96 97 97 97 97 98 98 98 99 99 99 99 99 99 100 100 100 100 101 101 101 101 101 102 102 102 102 102 102 102 102 102 102 102 103 103 104 104 104 104 104 105 104 105 105 105 106 107 106 107 107 108 108 108 108 109 109 109 110 109 109 109 109 109 108 108 108 108 107 107 107 107 106 106 106 106 106 107 107 107 107 107 107 108 108 109 110 112 111 107 101 93 86 79 76 74 73 72 71 70 71 0 0 0 0 0 77 79 79 81 84 87 92 93 
76 73 76 76 76 75 75 74 74 74 74 73 74 74 73 74 74 74 73 73 73 74 74 75 77 77 78 80 80 80 81 82 83 84 84 85 86 86 87 88 88 89 89 90 91 92 92 92 93 93 93 94 94 94 95 95 96 96 97 96 97 97 97 97 98 98 98 98 98 98 98 98 98 99 99 99 99 99 99 99 99 99 100 100 101 101 102 102 102 101 101 101 101 101 101 101 102 103 103 104 104 103 103 104 103 104 104 104 104 106 105 106 106 107 106 106 107 108 108 108 110 109 109 109 109 109 109 109 109 110 109 110 110 110 109 110 110 110 110 111 111 111 111 111 112 113 113 113 114 116 115 111 104 96 87 78 75 73 72 70 70 68 0 0 0 0 0 0 73 76 78 80 83 87 92 94 
69 70 74 74 74 74 75 73 73 74 75 74 75 75 75 75 76 76 76 76 76 77 77 78 79 80 81 82 82 83 84 85 86 88 88 89 90 90 90 90 90 91 91 92 93 93 93 93 94 94 94 94 94 94 95 95 95 95 95 95 96 95 96 96 97 97 97 97 97 97 97 96 97 97 98 98 98 98 99 98 99 99 99 100 100 100 100 100 100 99 99 99 99 99 99 100 100 100 101 101 101 101 101 101 101 101 101 102 102 104 104 104 104 105 104 105 105 107 106 107 108 108 107 108 108 108 108 108 108 109 109 109 109 109 109 110 110 110 110 111 111 111 112 112 113 114 115 116 117 119 120 115 108 99 89 79 75 71 70 69 68 0 0 0 0 0 0 0 70 73 76 78 81 85 88 90 
80 69 74 74 75 75 76 75 75 76 76 76 77 77 77 77 78 78 79 79 79 80 80 81 82 83 84 84 85 86 87 88 89 90 90 91 91 91 91 91 91 91 91 91 92 92 92 92 92 92 92 93 93 93 93 93 93 93 92 92 92 92 91 91 91 91 91 92 92 92 92 92 93 93 95 96 98 98 98 98 99 99 99 98 98 97 95 94 94 93 92 92 92 92 92 93 93 94 94 94 94 94 94 95 95 96 96 96 96 98 98 99 98 99 98 98 98 100 99 100 101 102 102 103 105 106 106 107 108 108 108 108 109 109 109 109 109 109 109 109 109 110 110 111 112 113 114 115 116 118 119 115 108 99 89 79 74 71 70 68 0 0 0 0 0 0 0 0 68 72 74 77 79 84 92 95 
72 74 75 76 76 77 77 76 76 77 77 77 79 79 78 79 80 80 81 82 82 83 84 84 85 85 86 86 87 87 88 88 89 89 90 90 90 90 90 90 89 89 88 89 89 88 88 87 87 87 86 87 87 87 86 85 86 87 88 89 91 91 91 90 90 90 90 90 90 91 90 89 90 91 93 94 97 97 97 97 98 98 98 96 96 94 93 91 92 91 91 91 90 90 90 91 91 91 91 91 91 92 92 93 93 94 94 94 94 96 96 96 96 97 96 96 96 97 97 98 99 100 98 99 101 102 103 106 108 107 107 107 108 108 109 109 109 109 109 109 109 109 109 110 110 111 112 113 114 116 117 114 106 98 89 79 73 70 69 0 0 0 0 0 0 63 0 0 66 70 73 76 78 83 87 89 
77 68 77 78 78 79 78 78 78 79 79 80 81 81 81 81 82 82 83 83 84 84 84 84 85 85 85 86 86 87 87 87 88 88 88 88 87 86 85 85 83 83 83 84 85 86 86 86 85 85 85 85 85 85 84 83 84 84 85 87 89 89 88 88 87 88 87 88 89 89 88 85 86 89 91 92 96 97 97 97 98 98 98 95 93 92 89 87 89 88 87 87 86 86 87 87 88 88 88 88 87 88 89 90 90 91 91 91 91 93 93 94 93 95 93 94 93 95 93 94 96 97 95 95 99 100 102 105 107 107 107 107 108 108 108 108 108 108 108 108 108 108 108 108 109 110 111 111 112 114 116 112 105 98 90 79 71 68 0 0 0 0 0 0 0 63 0 0 65 70 74 76 78 82 87 91 
77 80 79 79 79 80 79 79 80 81 81 81 82 82 81 82 82 82 83 83 83 83 84 84 84 84 85 85 86 86 86 87 87 87 86 86 85 85 84 83 82 81 81 81 82 83 85 84 83 83 83 83 83 83 81 79 79 80 81 83 86 86 84 84 83 83 82 84 84 85 84 80 82 86 89 91 96 97 97 98 98 98 97 93 91 88 84 80 83 82 81 80 79 80 80 81 82 81 81 80 80 82 82 84 85 85 85 86 86 88 88 89 88 90 88 88 87 89 87 88 90 92 90 90 95 98 99 102 106 106 106 107 107 107 107 108 108 108 108 108 107 107 107 107 107 108 109 110 110 112 114 111 104 98 92 81 70 0 0 0 0 0 0 61 0 63 0 0 0 70 72 75 77 81 84 87 
79 86 80 80 81 81 80 80 81 81 81 81 81 81 81 81 81 81 81 82 82 83 83 83 83 83 83 84 85 85 86 87 86 85 85 84 82 82 82 81 80 78 78 78 79 80 81 79 78 78 78 78 78 77 74 71 71 71 72 74 78 77 75 72 71 71 69 71 74 76 74 71 78 84 87 90 96 97 97 97 97 97 96 91 89 85 79 71 71 69 67 66 65 65 66 68 68 68 68 67 67 70 72 74 75 76 76 76 75 79 79 81 78 81 77 76 72 75 72 74 77 81 78 79 88 94 96 100 106 106 106 106 107 107 107 107 107 108 107 108 107 107 106 106 106 107 108 108 109 110 112 110 103 99 95 85 71 0 0 0 0 0 0 61 0 63 0 0 0 70 73 75 77 80 83 88 
87 75 80 80 80 80 79 79 80 80 80 80 80 80 80 80 80 80 80 80 80 81 82 82 83 83 83 84 85 85 86 86 86 84 83 82 80 78 78 77 74 72 72 72 68 65 65 62 61 65 69 64 65 63 59 55 55 0 0 0 0 0 0 0 0 0 0 0 0 0 0 68 79 85 88 90 96 97 96 97 97 97 96 90 88 85 79 67 0 0 0 0 0 0 0 0 0 0 0 0 0 0 0 0 0 0 0 0 0 0 0 0 0 0 0 0 0 0 0 0 0 0 0 69 84 91 94 99 105 106 106 106 106 106 106 106 106 107 107 107 106 106 106 106 105 106 106 107 107 109 110 109 102 100 97 88 72 0 0 0 0 0 0 61 0 0 0 0 0 71 73 75 77 80 84 94 
79 78 79 79 79 79 78 79 80 80 80 80 80 80 79 79 78 77 77 77 77 79 81 81 83 83 83 84 84 84 85 85 85 82 80 79 75 71 72 69 64 62 60 0 0 0 0 0 0 0 0 0 0 0 0 0 0 0 0 0 0 0 0 0 0 0 0 0 0 0 0 70 81 86 89 90 96 97 96 97 97 97 95 90 88 85 79 68 0 0 0 0 0 0 0 0 0 0 0 0 0 0 0 0 0 0 0 0 0 0 0 0 0 0 0 0 0 0 0 0 0 0 0 71 85 92 95 97 104 106 106 106 106 106 105 105 106 106 106 106 106 106 105 105 105 105 105 105 106 107 109 109 102 101 98 90 74 0 0 0 0 0 0 0 0 0 0 0 0 70 72 74 76 79 78 98 
78 76 78 77 78 78 78 78 79 79 79 79 79 79 79 78 77 76 76 75 76 78 80 81 83 83 83 84 84 84 85 85 84 80 79 77 73 65 0 0 0 0 0 0 0 0 0 0 0 0 0 0 0 0 0 0 0 0 0 0 0 0 0 0 0 0 0 0 0 0 0 72 81 87 89 90 95 97 96 97 97 97 96 90 88 86 80 69 0 0 0 0 0 0 0 0 0 0 0 0 0 0 0 0 0 0 0 0 0 0 0 0 0 0 0 0 0 0 0 0 0 0 0 68 83 90 94 96 104 106 106 106 106 105 105 105 106 106 106 106 106 106 105 104 104 104 104 104 104 105 106 107 102 100 98 92 75 0 0 0 0 0 0 0 0 0 0 0 0 69 71 73 76 78 82 86 
78 81 78 77 77 77 77 77 78 78 79 79 79 79 78 78 77 75 74 72 73 76 78 80 82 83 83 83 84 84 84 85 84 80 78 76 71 61 0 0 0 0 0 0 0 0 0 0 0 0 0 0 0 0 0 0 0 0 0 0 0 0 49 49 49 49 48 0 0 0 0 72 82 87 89 90 95 96 96 97 96 97 95 90 88 85 79 68 0 0 0 0 0 0 0 0 0 0 0 0 0 0 0 0 0 0 0 0 0 0 0 0 0 0 0 0 0 0 0 0 0 0 0 68 82 90 94 97 104 106 106 106 105 105 105 106 106 106 106 106 106 105 105 104 104 104 103 103 104 105 106 107 102 101 98 93 77 0 0 0 0 0 0 0 0 0 0 0 0 67 70 72 74 77 81 82 
81 79 78 77 77 77 77 77 78 78 78 78 78 79 78 78 77 74 73 69 71 74 77 79 82 83 83 83 84 84 85 85 85 79 78 75 69 57 0 0 0 0 0 0 0 0 0 0 0 0 0 0 0 0 0 0 0 0 0 0 0 52 52 51 51 51 49 47 0 0 0 73 82 86 89 90 95 96 96 96 97 97 95 90 88 85 79 68 0 0 0 0 0 0 0 0 0 0 0 0 0 0 0 0 0 0 0 0 0 0 0 0 0 0 0 0 0 0 0 0 0 0 0 69 83 90 94 96 104 106 106 105 105 105 105 105 105 105 105 105 105 105 104 104 104 104 103 103 103 103 105 107 102 99 96 91 74 0 0 0 0 0 0 0 0 0 0 0 0 66 70 72 74 77 88 88 
74 79 77 76 76 76 76 76 77 77 77 78 78 78 78 77 76 73 70 67 70 73 77 79 82 82 83 83 84 84 85 85 84 79 77 75 68 54 0 0 0 0 0 0 0 0 0 0 0 0 0 0 0 0 0 0 0 0 0 0 47 49 50 49 50 50 48 45 0 0 0 67 81 86 88 89 94 95 95 96 96 97 96 90 88 85 79 68 0 0 0 0 0 0 0 0 0 0 0 0 0 0 0 0 0 0 0 0 0 0 0 0 0 0 0 0 0 0 0 0 0 0 0 70 84 90 94 96 104 105 105 105 105 105 104 105 105 105 105 105 105 105 104 104 104 103 102 102 102 102 104 106 102 97 96 90 75 0 0 0 0 0 0 0 0 0 0 0 0 0 70 71 73 76 74 84 
77 75 77 76 76 76 75 76 76 77 77 77 77 78 78 77 77 74 72 70 73 74 78 79 81 82 82 83 84 84 84 85 84 79 78 76 68 0 0 0 0 0 0 0 0 0 0 0 0 0 0 0 0 0 0 0 0 0 0 0 47 49 50 49 50 50 48 45 0 0 0 65 80 85 88 89 94 96 96 96 96 96 95 89 87 85 79 66 0 0 0 0 0 0 0 0 0 0 0 0 0 0 0 0 0 0 0 0 0 0 0 0 0 0 0 0 0 0 0 0 0 0 0 69 82 90 93 95 103 105 105 105 105 105 104 104 104 104 104 104 104 104 104 103 103 103 102 102 102 102 103 105 102 96 94 89 75 0 0 0 0 0 0 0 0 0 0 0 0 0 71 71 73 76 75 90 
76 77 76 76 75 75 75 75 75 76 76 76 77 78 78 77 77 74 73 72 74 76 78 80 81 82 82 83 83 84 84 85 84 80 79 77 69 0 0 0 0 0 0 0 0 0 0 0 0 0 0 0 0 0 0 0 0 0 0 0 47 50 51 50 50 50 49 45 0 0 0 63 80 85 87 89 95 96 96 96 96 96 95 89 87 84 78 65 0 0 0 0 0 0 0 0 0 0 0 0 0 0 0 0 0 0 0 0 0 0 0 0 0 0 0 0 0 0 0 0 0 0 0 69 82 89 93 95 103 105 105 105 106 105 104 104 104 104 104 104 104 104 103 103 103 102 102 102 102 102 103 105 102 96 94 89 77 60 0 0 0 0 0 0 0 0 0 0 0 0 70 70 71 75 76 80 
71 78 75 75 74 75 75 75 76 76 76 76 76 77 78 77 76 75 75 74 76 77 79 80 81 82 82 83 84 84 84 85 83 80 79 77 70 0 0 0 0 0 0 0 0 0 0 0 0 0 0 0 0 0 0 0 0 0 0 0 47 49 51 50 50 50 48 44 0 0 0 62 79 85 88 89 95 96 96 96 96 96 95 89 87 84 78 65 0 0 0 0 0 0 0 0 0 0 0 0 0 0 0 0 0 0 0 0 0 0 0 0 0 0 0 0 0 0 0 0 0 0 0 68 81 89 92 94 102 104 104 105 105 105 104 104 103 103 103 103 103 104 103 103 102 102 102 102 101 101 102 104 103 95 93 88 78 62 0 0 0 0 0 0 0 0 0 0 0 0 71 71 72 75 73 87 
75 72 74 74 74 74 74 75 75 75 75 75 76 77 77 77 76 75 75 76 77 78 79 81 81 82 82 83 83 83 83 84 82 81 80 79 71 0 0 0 0 0 0 0 0 0 0 0 0 0 0 0 0 0 0 0 0 0 0 0 0 0 48 47 47 47 0 0 0 0 0 62 80 85 88 89 95 96 96 96 96 96 95 89 87 84 78 65 0 0 0 0 0 0 0 0 0 0 0 0 0 0 0 0 0 0 0 0 0 0 0 0 0 0 0 0 0 0 0 0 0 0 0 64 78 87 91 93 102 104 104 104 105 105 104 104 103 103 103 104 104 104 103 103 102 102 102 102 102 102 103 104 103 96 95 91 82 66 0 0 0 0 0 0 0 0 0 0 0 0 70 71 72 75 70 86 
73 74 74 74 74 74 74 74 75 75 75 75 76 76 77 77 76 76 77 77 78 79 80 80 81 81 82 82 82 83 83 84 81 81 79 78 69 0 0 0 0 0 0 0 0 0 0 0 0 0 0 0 0 0 0 0 0 0 0 0 0 0 0 0 0 0 0 0 0 0 0 65 80 85 88 90 96 96 96 96 96 96 95 88 87 83 77 64 0 0 0 0 0 0 0 0 0 0 0 0 0 0 0 0 0 0 0 0 0 0 0 0 0 0 0 0 0 0 0 0 0 0 0 61 76 85 90 93 102 104 104 104 105 104 104 104 104 104 104 104 104 104 103 103 102 102 102 102 101 102 102 104 104 98 96 93 86 69 0 0 0 0 0 0 0 0 0 0 0 0 69 70 72 74 80 78 
69 77 74 74 73 74 74 74 75 75 74 74 75 75 76 76 76 77 78 79 79 80 80 80 81 81 82 82 83 83 83 84 81 80 79 77 69 0 0 0 0 0 0 0 0 0 0 0 0 0 0 0 0 0 0 0 0 0 0 0 0 0 0 0 0 0 0 0 0 0 0 67 81 86 88 90 96 96 96 96 96 96 95 88 87 83 77 63 0 0 0 0 0 0 0 0 0 0 0 0 0 0 0 0 0 0 0 0 0 0 0 0 0 0 0 0 0 0 0 0 0 0 0 57 75 85 89 92 102 104 104 104 105 104 104 103 104 104 104 104 104 103 103 102 102 101 101 101 101 102 102 104 105 98 97 94 87 71 0 0 0 0 0 0 0 0 0 0 0 0 68 69 72 74 78 77 
78 76 74 74 73 74 74 74 75 75 74 74 76 75 76 76 77 77 78 78 79 80 80 80 81 81 82 83 83 83 83 84 81 80 79 77 68 0 0 0 0 0 0 0 0 0 0 0 0 0 0 0 0 0 0 0 0 0 0 0 0 0 0 0 0 0 0 0 0 0 0 67 81 86 89 90 96 96 96 96 97 97 95 88 86 83 76 62 0 0 0 0 0 0 0 0 0 0 0 0 0 0 0 0 0 0 0 0 0 0 0 0 0 0 0 0 0 0 0 0 0 0 0 52 72 83 88 91 101 104 104 104 104 104 104 103 103 104 104 103 104 103 102 102 101 101 101 101 101 102 102 104 105 99 98 95 89 72 0 0 0 0 0 0 0 0 0 0 0 0 68 69 72 73 75 78 
70 78 73 74 73 74 74 73 74 74 74 74 76 76 76 77 77 77 78 78 78 79 80 80 81 82 82 82 83 83 83 83 80 80 79 76 67 0 0 0 0 0 0 0 0 0 0 0 0 0 0 0 0 0 0 0 0 0 0 0 0 0 0 0 0 0 0 0 0 0 0 69 81 86 89 90 95 96 96 96 97 96 95 88 85 81 75 60 0 0 0 0 0 0 0 0 0 0 0 0 0 0 0 0 0 0 0 0 0 0 0 0 0 0 0 0 0 0 0 0 0 0 0 48 69 81 86 90 101 104 104 105 104 104 104 104 104 104 104 103 103 103 102 101 101 101 100 100 101 102 103 104 106 100 99 96 91 73 0 0 0 0 0 0 0 0 0 0 0 0 66 68 71 73 77 80 
67 74 74 74 73 74 74 73 74 74 74 75 76 76 76 77 77 77 77 78 78 79 80 81 81 82 82 82 82 82 83 83 81 80 79 76 68 0 0 0 0 0 0 0 0 0 0 0 0 0 0 0 0 0 0 0 0 0 0 0 0 0 0 0 0 0 0 0 0 0 0 70 82 86 89 90 95 96 96 96 96 96 94 87 85 81 74 58 0 0 0 0 0 0 0 0 0 0 0 0 0 0 0 0 0 0 0 0 0 0 0 0 0 0 0 0 0 0 0 0 0 0 0 47 70 83 87 91 100 104 103 105 105 104 104 104 104 104 104 103 103 103 102 101 101 101 100 100 101 101 102 104 105 100 99 97 92 74 0 0 0 0 0 0 0 0 0 0 0 0 65 67 70 72 81 73 
69 75 73 73 73 73 73 73 74 74 74 75 76 76 76 76 76 77 77 77 78 80 80 81 82 82 82 82 82 83 83 84 81 80 79 77 68 0 0 0 0 0 0 0 0 0 0 0 0 0 0 0 0 0 0 0 0 0 0 0 0 0 0 0 0 0 0 0 0 0 0 71 82 86 89 90 95 96 96 96 96 95 94 86 84 80 74 56 0 0 0 0 0 0 0 0 0 0 0 0 0 0 0 0 0 0 0 0 0 0 0 0 0 0 0 0 0 0 0 0 0 0 0 0 71 84 88 92 100 103 103 104 104 104 104 103 103 103 103 103 103 103 102 101 101 100 100 100 101 101 102 104 105 100 99 97 92 75 0 0 0 0 0 0 0 0 0 0 0 0 65 66 70 71 78 77 
72 71 73 73 73 73 73 72 73 74 74 75 76 76 77 77 77 77 77 77 78 79 80 81 81 82 82 82 82 83 83 84 81 80 79 76 67 0 0 0 0 0 0 0 0 0 0 0 0 0 0 0 0 0 0 0 0 0 0 0 0 0 0 0 0 0 0 0 0 0 0 72 82 86 89 90 95 96 96 96 96 95 94 86 82 78 71 53 0 0 0 0 0 0 0 0 0 0 0 0 0 0 0 0 0 0 0 0 0 0 0 0 0 0 0 0 0 0 0 0 0 0 0 0 73 86 90 93 100 103 103 104 104 104 104 104 104 104 103 103 103 103 102 101 101 101 100 101 101 101 102 103 105 101 98 96 92 75 0 0 0 0 0 0 0 0 0 0 0 0 0 66 69 71 74 74 
77 66 72 72 73 73 73 73 74 74 74 75 76 76 76 77 77 77 77 78 78 79 80 81 81 82 82 82 82 83 83 84 81 80 79 75 67 0 0 0 0 0 0 0 0 0 0 0 0 0 0 0 0 0 0 0 0 0 0 0 0 0 0 0 0 0 0 0 0 0 0 73 83 87 89 90 95 96 96 96 96 96 95 87 82 78 71 53 0 0 0 0 0 0 0 0 0 0 0 0 0 0 0 0 0 0 0 0 0 0 0 0 0 0 0 0 0 0 0 0 0 0 0 0 76 88 93 95 99 103 103 104 104 104 104 104 103 103 103 103 103 103 102 101 101 100 100 101 101 101 102 103 105 102 99 98 94 78 0 0 0 0 0 0 0 0 0 0 0 0 0 65 69 71 74 76 
69 74 72 72 72 72 73 73 74 74 75 75 75 76 76 76 77 77 78 78 79 80 80 81 81 82 82 82 83 83 84 84 81 80 79 75 67 0 0 0 0 0 0 0 0 0 0 0 0 0 0 0 0 0 0 0 0 0 0 0 0 0 0 0 0 0 0 0 0 0 0 73 83 87 89 90 95 96 96 96 96 96 95 87 83 79 71 53 0 0 0 0 0 0 0 0 0 0 0 0 0 0 0 0 0 0 0 0 0 0 0 0 0 0 0 0 0 0 0 0 0 0 0 0 81 91 95 97 98 103 103 104 104 104 104 103 103 103 103 103 103 103 102 101 101 100 100 101 101 101 101 103 105 102 98 96 92 78 0 0 0 0 0 0 0 0 0 0 0 0 0 66 69 71 72 75 
69 72 71 71 72 72 72 73 74 74 75 75 75 76 76 76 77 77 78 78 79 80 80 81 81 82 82 83 83 84 84 84 79 78 77 73 63 0 0 0 0 0 0 0 0 0 0 0 0 0 0 0 0 0 0 0 0 0 0 0 0 0 0 0 0 0 0 0 0 0 0 74 83 87 90 91 95 96 96 96 96 96 96 87 81 77 69 52 0 0 0 0 0 0 0 0 0 0 0 0 0 0 0 0 0 0 0 0 0 0 0 0 0 0 0 0 0 0 0 0 0 0 0 0 80 90 95 97 98 103 103 104 104 104 104 103 103 103 103 103 103 103 102 101 101 100 100 100 101 101 101 102 105 102 97 95 91 78 0 0 0 0 0 0 0 0 0 0 0 0 0 66 69 72 75 75 
68 77 71 71 71 72 72 73 73 74 74 74 75 75 75 76 77 77 79 79 79 80 80 81 81 82 83 83 83 83 84 83 78 77 75 70 60 0 0 0 0 0 0 0 0 0 0 0 0 0 0 0 0 0 0 0 0 0 0 0 0 0 0 0 0 0 0 0 0 0 0 76 84 88 90 91 95 96 96 96 96 96 96 88 80 75 67 51 0 0 0 0 0 0 0 0 0 0 0 0 0 0 0 0 0 0 0 0 0 0 0 0 0 0 0 0 0 0 0 0 0 0 0 0 78 89 94 96 98 103 104 104 104 104 104 103 103 103 103 103 103 102 102 101 101 100 100 100 101 101 101 102 104 102 95 94 90 78 58 0 0 0 0 0 0 0 0 0 0 0 0 67 69 72 66 79 
73 72 71 71 71 71 72 73 74 74 74 74 74 75 75 76 76 77 78 78 79 80 80 81 82 82 83 83 83 83 84 83 78 77 74 68 57 0 0 0 0 0 0 0 0 0 0 0 0 0 0 0 0 0 0 0 0 0 0 0 0 0 0 0 0 0 0 0 0 0 0 77 85 88 90 91 95 96 95 96 96 96 95 88 80 75 67 51 0 0 0 0 0 0 0 0 0 0 0 0 0 0 0 0 0 0 0 0 0 0 0 0 0 0 0 0 0 0 0 0 0 0 0 0 76 88 93 96 97 103 104 104 104 104 103 102 102 102 102 102 103 102 101 101 100 100 100 100 101 101 101 102 104 103 96 95 92 81 61 0 0 0 0 0 0 0 0 0 0 0 0 66 69 71 76 76 
67 69 71 71 70 71 71 72 73 74 74 74 75 75 75 75 76 77 78 78 79 80 80 81 81 82 83 83 83 84 84 83 77 75 72 66 54 0 0 0 0 0 0 0 0 0 0 0 0 0 0 0 0 0 0 0 0 0 0 0 0 0 0 0 0 0 0 0 0 0 0 70 81 86 88 92 95 96 95 95 96 96 95 88 78 73 65 50 42 0 0 0 0 0 0 0 0 0 0 0 0 0 0 0 0 0 0 0 0 0 0 0 0 0 0 0 0 0 0 0 0 0 0 0 76 88 93 95 97 103 104 104 104 103 103 102 102 102 102 102 102 102 102 101 101 100 100 100 101 101 101 101 104 103 95 94 91 81 63 0 0 0 0 0 0 0 0 0 0 0 0 65 69 71 72 77 
67 74 71 70 71 71 71 72 73 74 74 74 75 75 75 76 76 77 78 78 79 80 80 81 81 82 83 84 83 84 84 83 76 74 71 64 50 0 0 0 0 0 0 0 0 0 0 0 0 0 0 0 0 0 0 0 0 0 0 0 0 0 0 0 0 0 0 0 0 0 0 67 78 83 86 92 96 96 95 95 96 95 95 88 77 72 64 50 42 0 0 0 0 0 0 0 0 0 0 0 0 0 0 0 0 0 0 0 0 0 0 0 0 0 0 0 0 0 0 0 0 0 0 0 75 87 92 95 97 103 104 104 103 103 103 102 102 102 102 102 102 102 101 101 100 100 100 100 100 101 101 102 104 104 96 95 93 83 67 0 0 0 0 0 0 0 0 0 0 0 0 64 69 72 78 70 
69 71 70 70 70 71 72 72 73 74 74 74 75 75 75 76 76 77 77 78 79 80 80 81 81 82 83 83 83 84 84 83 77 75 72 65 49 0 0 0 0 0 0 0 0 0 0 0 0 0 0 0 0 0 0 0 0 0 0 0 0 0 0 0 0 0 0 0 0 0 0 64 75 81 84 92 95 96 95 96 96 96 95 88 77 72 64 49 41 0 0 0 0 0 0 0 0 0 0 0 0 0 0 0 0 0 0 0 0 0 0 0 0 0 0 0 0 0 0 0 0 0 0 0 69 83 89 92 97 103 104 104 104 103 103 102 102 102 102 102 102 101 101 101 100 100 100 100 100 100 100 101 103 104 97 96 94 85 69 0 0 0 0 0 0 0 0 0 0 0 0 65 69 72 72 80 
72 68 70 70 70 71 72 72 74 74 74 74 75 75 76 76 76 77 77 78 79 80 80 81 81 82 83 83 84 84 84 83 78 76 73 67 0 0 0 0 0 0 0 0 0 0 0 0 0 0 0 0 0 0 0 0 0 0 0 0 0 0 0 0 0 0 0 0 0 0 0 64 76 81 84 93 96 96 96 96 96 96 96 88 78 73 65 50 42 0 0 0 0 0 0 0 0 0 0 0 0 0 0 0 0 0 0 0 0 0 0 0 0 0 0 0 0 0 0 0 0 0 0 0 68 83 89 92 97 103 104 104 104 103 103 102 102 102 102 102 102 102 101 101 101 100 100 100 100 100 100 101 104 104 98 98 95 87 70 0 0 0 0 0 0 0 0 0 0 0 0 65 69 71 73 78 
67 70 70 70 70 71 71 72 73 74 74 75 76 76 77 76 77 77 78 78 79 80 80 81 81 82 82 83 83 84 83 82 78 77 73 67 0 0 0 0 0 0 0 0 0 0 0 0 0 0 0 0 0 0 0 0 0 0 0 0 0 0 0 0 0 0 0 0 0 0 38 61 73 79 83 93 96 97 97 97 96 97 96 89 78 74 65 51 43 0 0 0 0 0 0 0 0 0 0 0 0 0 0 0 0 0 0 0 0 0 0 0 0 0 0 0 0 0 0 0 0 0 0 0 68 82 89 92 96 103 103 103 104 103 103 102 102 103 103 102 102 102 101 101 101 100 100 100 100 100 100 101 104 104 98 98 96 88 72 0 0 0 0 0 0 0 0 0 0 0 0 64 68 71 70 78 
67 71 69 69 70 71 71 72 73 74 75 75 76 76 77 77 77 77 77 77 79 79 80 81 81 82 82 83 83 84 83 82 79 78 75 69 0 0 0 0 0 0 0 0 0 0 0 0 0 0 0 0 0 0 0 0 0 0 0 0 0 0 0 0 0 0 0 0 0 0 39 62 73 79 83 93 97 97 97 97 97 97 96 89 78 74 66 52 43 0 0 0 0 0 0 0 0 0 0 0 0 0 0 0 0 0 0 0 0 0 0 0 0 0 0 0 0 0 0 0 0 0 0 0 66 81 88 92 97 103 104 104 104 103 103 102 102 103 103 103 103 102 101 101 101 100 100 99 99 99 99 101 103 104 99 99 97 90 73 0 0 0 0 0 0 0 0 0 0 0 0 63 67 70 74 71 
67 66 69 69 70 71 71 72 74 74 75 75 76 76 77 77 77 77 77 77 78 79 80 80 81 82 82 82 83 84 83 81 81 79 77 72 0 0 0 0 0 0 0 0 0 0 0 0 0 0 0 0 0 0 0 0 0 0 0 0 0 0 0 0 0 0 0 0 0 0 0 65 77 82 86 94 97 98 98 98 98 98 97 90 79 74 66 52 43 0 0 0 0 0 0 0 0 0 0 0 0 0 0 0 0 0 0 0 0 0 0 0 0 0 0 0 0 0 0 0 0 0 0 0 65 81 88 92 97 104 104 104 104 104 103 102 103 103 103 103 103 102 101 101 101 101 100 99 100 99 99 100 102 104 98 98 96 90 71 0 0 0 0 0 0 0 0 0 0 0 0 63 66 68 71 76 
68 66 69 69 70 71 71 72 74 74 75 75 76 76 77 76 77 77 77 77 78 79 79 80 81 82 82 82 83 83 83 80 80 78 77 71 0 0 0 0 0 0 0 0 0 0 0 0 0 0 0 0 0 0 0 0 0 0 0 0 0 0 0 0 0 0 0 0 0 0 0 66 77 83 86 95 98 99 99 98 98 98 97 90 79 74 67 53 43 0 0 0 0 0 0 0 0 0 0 0 0 0 0 0 0 0 0 0 0 0 0 0 0 0 0 0 0 0 0 0 0 0 0 0 69 84 91 94 97 104 105 105 105 104 104 103 104 104 104 103 103 102 101 101 101 101 100 100 100 100 100 101 103 105 99 98 96 90 70 0 0 0 0 0 0 0 0 0 0 0 0 61 65 67 70 73 
68 69 69 69 70 71 72 72 74 74 75 75 76 76 76 76 77 77 77 77 78 79 80 80 81 82 82 82 83 83 83 80 79 78 76 69 0 0 0 0 0 0 0 0 0 0 0 0 0 0 0 0 0 0 0 0 0 0 0 0 0 0 0 0 0 0 0 0 0 0 40 63 75 81 85 95 98 98 99 98 98 98 97 90 79 73 65 52 43 0 0 0 0 0 0 0 0 0 0 0 0 0 0 0 0 0 0 0 0 0 0 0 0 0 0 0 0 0 0 0 0 0 0 0 68 84 91 94 97 104 105 104 105 104 103 103 104 104 104 104 103 102 101 101 100 100 100 100 100 100 100 101 103 104 98 98 96 89 70 0 0 0 0 0 0 0 0 0 0 0 0 0 64 66 61 67 
65 69 69 69 70 71 72 73 74 74 74 75 75 75 76 76 77 77 78 78 79 79 80 80 81 82 82 82 83 83 83 80 80 78 76 69 0 0 0 0 0 0 0 0 0 0 0 0 0 0 0 0 0 0 0 0 0 0 0 0 0 0 0 0 0 0 0 0 0 0 40 64 75 81 85 95 98 99 99 98 98 98 97 90 79 73 65 53 43 0 0 0 0 0 0 0 0 0 0 0 0 0 0 0 0 0 0 0 0 0 0 0 0 0 0 0 0 0 0 0 0 0 0 0 67 84 91 94 97 105 106 105 105 105 104 103 104 104 104 103 103 102 101 101 100 101 100 100 100 100 100 101 103 105 99 98 96 89 69 0 0 0 0 0 0 0 0 0 0 0 0 0 64 65 0 58 
72 72 69 69 70 71 72 72 73 73 73 74 74 75 76 76 77 77 78 78 79 79 79 80 81 81 82 82 83 82 82 80 79 77 76 68 0 0 0 0 0 0 0 0 0 0 0 0 0 0 0 0 0 0 0 0 0 0 0 0 0 0 0 0 0 0 0 0 0 0 39 64 75 81 85 95 98 99 99 99 99 98 98 91 81 75 67 54 45 0 0 0 0 0 0 0 0 0 0 0 0 0 0 0 0 0 0 0 0 0 0 0 0 0 0 0 0 0 0 0 0 0 0 0 67 84 91 94 97 105 105 105 105 105 104 104 104 104 103 103 102 101 101 101 100 100 100 100 100 100 101 101 103 105 99 98 96 89 69 0 0 0 0 0 0 0 0 0 0 0 0 0 0 63 0 0 
70 70 70 70 70 71 72 72 72 73 73 74 74 75 76 76 77 77 77 78 78 78 79 80 81 81 82 82 82 82 82 79 79 77 75 68 0 0 0 0 0 0 0 0 0 0 0 0 0 0 0 0 0 0 0 0 0 0 0 0 0 0 0 0 0 0 0 0 0 0 40 62 73 79 83 94 98 99 99 99 99 98 98 92 82 76 69 56 46 0 0 0 0 0 0 0 0 0 0 0 0 0 0 0 0 0 0 0 0 0 0 0 0 0 0 0 0 0 0 0 0 0 0 0 61 79 87 91 96 105 105 105 105 105 104 104 104 104 103 103 102 101 101 101 100 100 100 100 100 100 100 101 103 105 99 98 96 90 70 0 0 0 0 0 0 0 0 0 0 0 0 0 0 0 0 0 
66 69 70 70 71 71 72 71 72 72 72 73 74 75 76 76 77 77 77 78 79 78 79 80 81 81 82 82 82 82 83 80 79 77 75 67 0 0 0 0 0 0 0 0 0 0 0 0 0 0 0 0 0 0 0 0 0 0 0 0 0 0 0 0 0 0 0 0 0 0 41 63 74 79 83 95 98 98 99 99 99 99 98 92 82 77 69 57 47 0 0 0 0 0 0 0 0 0 0 0 0 0 0 0 0 0 0 0 0 0 0 0 0 0 0 0 0 0 0 0 0 0 0 0 60 79 87 91 96 105 105 105 105 104 104 104 104 103 103 103 102 101 101 101 100 100 100 100 100 100 100 101 103 105 99 98 97 90 71 0 0 0 0 0 0 0 0 0 0 0 0 0 0 0 0 0 
74 72 70 70 70 71 71 71 72 72 73 74 74 75 76 76 76 77 77 77 78 78 79 80 80 81 82 82 82 82 83 80 79 77 75 66 0 0 0 0 0 0 0 0 0 0 0 0 0 0 0 0 0 0 0 0 0 0 0 0 0 0 0 0 0 0 0 0 0 0 43 64 74 80 84 95 98 98 99 99 99 99 99 93 83 77 70 58 48 0 0 0 0 0 0 0 0 0 0 0 0 0 0 0 0 0 0 0 0 0 0 0 0 0 0 0 0 0 0 0 0 0 0 0 57 75 84 89 96 104 105 105 105 104 104 104 104 103 103 103 102 101 101 101 100 100 100 100 100 100 100 101 103 105 100 99 97 92 72 0 0 0 0 0 0 0 0 0 0 0 0 0 0 0 0 0 
70 62 69 69 70 71 71 71 72 72 72 73 74 75 76 76 77 77 77 77 78 78 79 80 80 81 81 82 82 82 82 79 78 77 74 64 0 0 0 0 0 0 0 0 0 0 0 0 0 0 0 0 0 0 0 0 0 0 0 0 0 0 0 0 0 0 0 0 0 0 45 65 75 81 84 95 98 99 99 99 99 99 99 94 84 78 72 60 50 0 0 0 0 0 0 0 0 0 0 0 0 0 0 0 0 0 0 0 0 0 0 0 0 0 0 0 0 0 0 0 0 0 0 0 55 72 81 87 96 104 104 104 104 104 104 104 104 103 102 103 102 102 101 101 100 100 100 100 100 100 100 101 103 105 100 100 99 93 74 0 0 0 0 0 0 0 0 0 0 0 0 0 0 0 0 0 
66 73 69 69 70 71 71 71 72 72 72 73 74 75 76 76 77 77 77 77 78 78 79 80 80 81 81 81 81 82 82 79 78 77 74 64 0 0 0 0 0 0 0 0 0 0 0 0 0 0 0 0 0 0 0 0 0 0 0 38 38 38 38 0 0 0 0 0 0 0 45 66 76 82 85 96 98 99 99 99 99 100 99 94 85 79 72 61 51 0 0 0 0 0 0 0 0 0 0 0 0 0 0 0 0 0 0 0 0 0 0 0 0 0 0 0 0 0 0 0 0 0 0 0 54 71 81 86 95 103 105 104 104 104 104 103 103 103 103 103 103 102 102 101 100 100 100 100 100 100 100 101 103 105 101 100 99 94 75 0 0 0 0 0 0 0 0 0 0 0 0 0 0 0 0 0 
70 72 69 69 70 71 71 71 72 72 72 73 75 75 76 76 76 77 77 77 78 79 79 80 80 81 81 81 82 82 82 78 78 76 73 62 0 0 0 0 0 0 0 0 0 0 0 0 0 0 0 0 0 0 0 0 0 0 0 38 38 38 38 37 0 0 0 0 0 0 46 66 76 82 86 96 99 99 99 100 100 100 99 94 85 78 71 61 51 0 0 0 0 0 0 0 0 0 0 0 0 0 0 0 0 0 0 0 0 0 0 0 0 0 0 0 0 0 0 0 0 0 0 0 55 72 81 86 96 103 104 104 104 104 104 103 103 103 103 103 103 102 101 101 101 101 101 100 101 100 101 101 103 105 101 100 100 95 77 0 0 0 0 0 0 0 0 0 0 0 0 0 0 0 0 0 
71 70 69 69 69 70 71 72 72 73 73 73 74 75 75 76 76 77 77 78 78 79 79 80 80 80 81 81 81 82 82 78 78 77 74 64 0 0 0 0 0 0 0 0 0 0 0 0 0 0 0 0 0 0 0 0 0 0 0 38 38 38 38 37 0 0 0 0 0 0 46 66 77 82 86 97 100 100 100 100 100 100 100 95 86 79 72 62 53 0 0 0 0 0 0 0 0 0 0 0 0 0 0 0 0 0 0 0 0 0 0 0 0 0 0 0 0 0 0 0 0 0 0 40 53 69 78 84 95 103 104 104 104 104 104 104 103 103 103 103 103 102 102 101 101 101 101 101 101 100 100 101 102 105 101 101 101 97 79 0 0 0 0 0 0 0 0 0 0 0 0 0 0 0 0 0 
68 66 69 69 70 71 71 71 72 72 72 73 74 75 75 76 76 76 77 78 78 79 79 80 80 81 81 81 81 82 82 79 79 77 74 66 0 0 0 0 0 0 0 0 0 0 0 0 0 0 0 0 0 0 0 0 0 0 0 38 38 38 38 37 0 0 0 0 0 0 45 67 77 83 86 97 100 100 100 101 101 101 100 96 88 82 76 66 58 0 0 0 0 0 0 0 0 0 0 0 0 0 0 0 0 0 0 0 0 0 0 0 0 0 0 0 0 0 0 0 0 0 0 40 53 69 78 84 95 102 104 104 104 104 104 103 103 103 103 103 102 102 101 101 100 100 100 100 100 99 100 100 102 105 101 101 100 97 80 0 0 0 0 0 0 0 0 0 0 0 0 0 0 0 0 0 
70 65 69 69 70 71 71 71 73 73 73 74 75 75 75 76 76 77 77 78 79 79 80 80 80 81 82 81 82 82 82 79 78 77 74 67 0 0 0 0 0 0 0 0 0 0 0 0 0 0 0 0 0 0 0 0 0 0 0 0 0 0 0 0 0 0 0 0 0 0 45 68 78 83 86 97 100 101 101 101 102 102 101 97 89 81 75 66 56 0 0 0 43 43 43 43 0 0 0 0 0 0 0 0 0 0 0 0 0 0 0 0 0 0 0 0 0 0 0 0 0 0 0 41 53 68 77 83 94 102 104 104 104 104 104 104 103 103 103 102 102 102 101 101 100 100 100 100 100 100 100 100 101 104 100 100 100 97 82 0 0 0 0 0 0 0 0 0 0 0 0 0 0 0 0 0 
66 70 69 70 70 71 71 72 72 73 73 74 74 75 75 75 75 76 77 78 79 80 80 80 80 81 81 81 82 82 82 79 79 77 75 68 0 0 0 0 0 0 0 0 0 0 0 0 0 0 0 0 0 0 0 0 0 0 0 0 0 0 0 0 0 0 0 0 0 0 47 69 78 84 87 98 100 101 102 102 102 102 102 98 91 81 75 65 56 0 0 48 50 50 50 50 0 0 0 0 0 0 0 0 0 0 0 0 0 0 0 0 0 0 0 0 0 0 0 0 0 0 0 41 53 68 77 83 94 102 104 104 105 104 104 103 103 103 102 102 102 101 101 100 100 100 99 99 99 99 99 100 101 104 100 100 100 98 83 0 0 0 0 0 0 0 0 0 0 0 0 0 0 0 0 0 
71 69 69 69 70 70 71 71 72 72 73 73 74 75 75 75 75 77 77 78 78 79 79 79 80 81 81 81 81 81 81 79 79 78 76 70 0 0 0 0 0 0 0 0 0 0 0 0 0 0 0 0 0 0 0 0 0 0 0 0 0 0 0 0 0 0 0 0 0 0 49 70 79 84 87 98 101 102 102 103 103 103 103 99 92 83 77 68 58 0 0 47 53 51 51 51 57 0 0 0 0 0 0 0 0 0 0 0 0 0 0 0 0 0 0 0 0 0 0 0 0 0 0 41 52 68 77 82 94 102 104 104 104 104 104 103 103 102 102 102 102 101 101 101 100 99 99 99 99 99 99 100 101 104 101 98 97 93 78 0 0 0 0 0 0 0 0 0 0 0 0 0 0 0 0 0 
63 70 69 69 70 70 71 71 72 73 74 74 75 75 76 75 76 77 77 78 79 79 79 79 80 81 81 81 82 82 82 79 79 77 75 69 0 0 0 0 0 0 0 0 0 0 0 0 0 0 0 0 0 0 0 0 0 0 0 0 0 0 0 0 0 0 0 0 0 0 47 70 79 84 87 98 101 102 103 104 104 104 104 100 94 82 76 67 57 40 0 49 58 56 56 56 62 0 0 0 0 0 0 0 0 0 0 0 0 0 0 0 0 0 0 0 0 0 0 0 0 0 0 42 52 68 77 83 94 102 104 104 104 104 103 103 102 102 101 101 102 101 101 100 100 99 99 99 99 99 99 100 101 103 100 95 94 89 73 51 0 0 0 0 0 0 0 0 0 0 0 0 0 0 0 0 
67 65 69 69 70 70 71 71 72 73 74 74 74 75 75 75 76 77 77 78 78 79 79 79 80 80 81 81 82 82 82 79 79 77 75 69 0 0 0 0 0 0 0 0 0 0 0 0 0 0 0 0 0 0 0 0 0 0 0 0 0 0 0 0 0 0 0 0 0 0 49 70 79 85 88 98 102 103 104 105 105 105 105 102 95 82 76 67 56 40 0 51 64 61 61 61 67 0 0 0 0 0 0 0 0 0 0 0 0 0 0 0 0 0 0 0 0 0 0 0 0 0 0 0 53 70 79 84 93 102 103 104 104 103 103 103 102 102 102 102 102 101 101 100 100 99 99 99 99 99 99 100 101 103 100 96 94 90 75 51 0 0 0 0 0 0 0 0 0 0 0 0 0 0 0 0 
65 67 68 69 70 69 70 71 71 72 74 74 74 75 75 75 76 77 77 77 78 79 79 79 80 80 81 81 82 82 82 80 79 78 76 72 0 0 0 0 0 0 0 0 0 0 0 0 0 0 0 0 0 0 0 0 0 0 0 0 0 0 0 0 0 0 0 0 0 0 49 69 79 84 88 98 102 104 105 105 106 106 106 103 97 83 77 68 56 40 0 0 70 69 67 67 72 61 0 0 0 0 0 0 0 0 0 0 0 0 0 0 0 0 0 0 0 0 0 0 0 0 0 0 53 70 78 84 92 101 102 103 103 103 103 103 102 102 101 101 101 101 100 100 99 99 98 98 99 98 98 99 100 102 100 96 94 90 74 51 0 0 0 0 0 0 0 0 0 0 0 0 0 0 0 0 
71 69 68 69 70 69 70 71 72 72 74 74 74 75 75 75 76 77 77 78 78 79 79 79 80 80 81 81 82 82 82 80 79 78 77 72 0 0 0 0 0 0 0 0 0 0 0 0 0 0 0 0 0 0 0 0 0 0 0 0 0 0 0 0 0 0 0 0 0 0 49 70 79 84 88 98 102 104 106 107 107 107 107 104 97 84 78 68 57 40 0 0 71 75 71 70 74 68 0 0 0 0 0 0 0 0 0 0 0 0 0 0 0 0 0 0 0 0 0 0 0 0 0 43 52 68 76 82 92 101 102 103 103 103 103 102 102 102 101 102 101 101 100 99 99 99 98 98 98 98 97 98 99 102 99 95 94 89 74 0 0 0 0 0 0 0 0 0 0 0 0 0 0 0 0 0 
67 70 68 69 70 70 70 71 72 73 74 74 74 74 74 75 75 76 77 78 79 79 80 80 81 81 82 82 82 82 81 79 79 78 76 72 0 0 0 0 0 0 0 0 0 0 0 0 0 0 0 0 0 0 0 0 0 0 0 0 0 0 0 0 0 0 0 0 0 0 48 70 79 84 88 98 102 104 106 107 108 108 108 105 99 85 79 70 58 40 0 0 68 86 86 83 85 88 68 0 0 0 0 0 0 0 0 0 0 0 0 0 0 0 0 0 0 0 0 0 0 0 0 42 50 66 74 82 92 101 102 103 103 103 102 102 102 101 101 101 101 101 100 100 99 99 98 98 98 97 97 97 98 101 99 96 94 90 75 0 0 0 0 0 0 0 0 0 0 0 0 0 0 0 0 0 
66 66 69 70 70 70 70 71 71 72 73 73 74 74 73 74 74 75 76 77 78 79 79 80 80 81 82 82 82 82 81 79 79 78 76 71 0 0 0 0 0 0 0 0 0 0 0 0 0 0 0 0 0 0 0 0 0 0 0 0 0 0 0 0 0 0 0 0 0 0 51 70 80 85 88 99 102 104 106 108 109 109 110 106 99 86 80 70 59 42 0 0 68 196 318 300 301 380 383 139 0 0 0 0 0 0 0 0 0 0 0 0 0 0 0 0 0 0 0 0 0 0 0 46 52 65 73 81 92 100 102 102 103 102 102 102 102 101 101 101 101 101 100 99 99 98 97 97 97 97 96 97 98 101 99 98 97 94 80 0 0 0 0 0 0 0 0 0 0 0 0 0 0 0 0 0 
61 74 69 70 70 71 70 71 72 73 73 73 74 74 73 74 74 75 76 77 78 79 80 80 80 81 81 81 82 82 82 79 79 78 76 70 0 0 0 0 0 0 0 0 0 0 0 0 0 0 0 0 0 0 0 0 0 0 0 0 0 0 0 0 0 0 0 0 0 0 53 72 80 85 89 99 102 105 107 110 111 112 112 107 100 86 81 71 60 43 0 0 77 202 323 375 378 444 442 320 58 0 0 0 0 0 0 0 0 0 0 0 0 0 0 0 0 0 0 0 0 0 0 57 58 68 75 81 92 101 102 102 103 103 102 102 101 101 100 101 100 100 100 99 98 98 97 97 97 96 96 96 98 101 99 95 94 90 75 0 0 0 0 0 0 0 0 0 0 0 0 0 0 0 0 0 
62 67 68 70 70 71 71 71 71 72 72 73 73 74 74 74 75 75 76 77 78 79 80 80 80 80 81 81 82 82 82 79 79 78 75 69 0 0 0 0 0 0 0 0 0 0 0 0 0 0 0 0 0 0 0 0 0 0 0 0 0 37 37 0 0 0 0 0 0 0 54 72 81 86 89 99 102 105 109 113 115 116 115 109 101 87 81 72 62 46 0 42 82 203 343 444 450 500 486 372 60 0 0 0 0 0 0 0 0 0 0 0 0 0 0 0 0 0 0 0 0 0 89 69 65 73 79 82 92 101 103 103 103 103 102 101 101 100 100 100 100 100 99 99 98 98 97 97 96 96 96 96 98 100 98 95 93 89 75 0 0 0 0 0 0 0 0 0 0 0 0 0 0 0 0 0 
68 71 69 70 70 72 71 71 72 72 72 73 74 74 74 75 75 75 76 77 78 79 80 80 80 81 81 81 82 82 82 79 79 78 75 68 0 0 0 0 0 0 0 0 0 0 0 0 0 0 0 0 0 0 0 0 0 0 0 0 0 37 37 0 0 0 0 0 0 0 53 71 80 85 89 99 101 104 109 114 116 117 117 110 101 87 82 73 63 47 0 42 81 250 406 511 494 550 508 378 59 0 0 0 0 0 0 0 0 0 0 0 0 0 0 0 0 0 0 0 0 0 87 71 67 74 79 83 92 101 103 102 103 102 102 101 101 100 99 100 100 99 99 99 98 97 97 97 96 96 96 96 97 100 98 94 93 89 75 0 0 0 0 0 0 0 0 0 0 0 0 0 0 0 0 0 
63 66 69 70 71 71 71 71 71 72 72 73 74 74 74 75 75 75 76 77 78 78 79 79 80 80 81 81 82 83 83 80 79 78 75 69 0 0 0 0 0 0 0 0 0 0 0 0 0 0 0 0 0 0 0 0 0 0 0 0 0 0 0 0 0 0 0 0 0 0 51 72 81 86 89 99 101 104 109 114 116 118 117 110 101 87 81 72 63 47 0 0 90 275 449 557 536 575 546 415 62 0 0 0 0 0 0 0 0 0 0 0 0 0 0 0 0 0 0 0 0 0 90 73 68 75 80 83 92 101 102 103 103 103 102 101 101 101 100 100 99 99 98 98 97 96 95 95 94 93 93 94 95 98 96 94 93 90 77 0 0 0 0 0 0 0 0 0 0 0 0 0 0 0 0 0 
71 68 69 70 71 72 72 72 72 72 72 73 73 74 74 75 76 76 77 77 78 79 80 79 80 80 81 81 82 82 82 80 80 79 76 70 0 0 0 0 0 0 0 0 0 0 0 0 0 0 0 0 0 0 0 0 0 0 0 0 0 0 0 0 0 0 0 0 0 0 50 72 80 85 89 98 101 104 108 113 116 117 116 110 100 86 81 72 62 46 0 0 98 179 194 386 371 374 374 417 62 0 0 0 0 0 0 0 0 0 0 0 0 0 0 0 0 0 0 0 0 0 97 74 68 75 81 82 92 101 102 103 102 102 102 102 101 101 100 100 99 97 95 93 91 89 87 86 85 84 84 85 86 90 88 87 86 85 72 0 0 0 0 0 0 0 0 0 0 0 0 0 0 0 0 0 
66 72 69 70 71 72 71 71 71 72 72 73 74 74 75 75 76 76 77 78 78 79 79 79 79 80 80 80 81 82 82 79 79 78 76 70 0 0 0 0 0 0 0 0 0 0 0 0 0 0 0 0 0 0 0 0 0 0 0 0 0 0 0 0 0 0 0 0 0 0 49 71 80 85 88 98 101 102 106 111 113 114 114 108 99 85 79 70 60 44 0 0 0 203 198 292 265 271 255 282 60 0 0 0 0 0 0 0 0 0 0 0 0 0 0 0 0 0 0 0 0 0 0 65 62 71 78 81 92 101 102 103 102 102 101 102 101 101 99 98 95 93 91 89 88 86 84 83 82 81 81 82 83 87 86 86 87 87 75 0 0 0 0 0 0 0 0 0 0 0 0 0 0 0 0 0 
64 69 69 70 71 71 71 71 71 72 72 73 74 74 74 75 76 76 77 78 78 79 79 79 79 80 81 80 81 81 81 79 79 78 76 71 0 0 0 0 0 0 0 0 0 0 0 0 0 0 0 0 0 0 0 0 0 0 0 0 0 0 0 0 0 0 0 0 0 0 49 70 80 85 88 98 100 101 103 107 108 110 111 106 98 86 80 71 60 42 0 0 0 0 205 206 180 188 159 155 0 0 0 0 0 0 0 0 0 0 0 0 0 0 0 0 0 0 0 0 0 0 0 52 54 67 76 82 92 101 102 102 102 102 102 102 101 101 98 96 93 91 87 85 81 78 75 73 72 72 72 74 76 81 82 83 84 85 0 0 0 0 0 0 0 0 0 0 0 0 0 0 0 0 0 0 
70 62 68 70 71 71 71 71 71 72 72 73 74 74 74 75 75 76 77 77 78 78 78 78 79 80 80 80 81 81 81 79 79 79 76 71 0 0 0 0 0 0 0 0 0 0 0 0 0 0 0 0 0 0 0 0 0 0 0 0 0 0 0 0 0 0 0 0 0 0 47 70 79 84 88 98 100 101 102 105 106 107 108 105 97 85 78 69 59 40 0 0 0 0 89 113 105 105 110 116 0 0 0 0 0 0 0 0 0 0 0 0 0 0 0 0 0 0 0 0 0 0 0 45 52 67 76 83 92 101 102 102 102 102 101 102 101 99 96 94 90 86 82 79 76 74 72 71 70 68 67 68 68 72 75 76 77 80 0 0 0 0 0 0 0 0 0 0 0 0 0 0 0 0 0 0 
63 67 68 69 70 71 71 71 71 72 72 73 74 73 74 75 75 76 77 77 77 78 78 79 79 80 80 80 81 81 81 79 79 79 76 71 0 0 0 0 0 0 0 0 0 0 0 0 0 0 0 0 0 0 0 0 0 0 0 0 0 0 0 0 0 0 0 0 0 0 48 69 79 84 87 98 100 100 101 103 104 106 107 104 96 84 77 68 57 39 0 0 0 0 0 109 100 100 100 108 83 0 0 0 0 0 0 0 0 0 0 0 0 0 0 0 0 0 0 0 0 0 0 0 51 68 78 83 92 101 101 101 101 101 101 101 100 98 95 90 84 79 75 73 74 74 73 73 71 67 65 63 59 60 61 63 64 65 0 0 0 0 0 0 0 0 0 0 0 0 0 0 0 0 0 63 
60 67 68 69 70 70 70 70 71 71 72 73 74 74 75 75 75 76 76 77 77 77 78 78 79 79 80 80 80 81 81 79 79 78 76 70 0 0 0 0 0 0 0 0 0 0 0 0 0 0 0 0 0 0 0 0 0 0 0 0 0 0 0 0 0 0 0 0 0 0 47 68 78 83 86 97 100 100 101 102 104 105 106 102 95 83 76 66 56 38 0 0 0 0 0 97 92 87 87 91 76 0 0 0 0 0 0 0 0 0 0 0 0 0 0 0 0 0 0 0 0 0 0 0 53 71 80 85 92 100 101 101 101 101 101 100 98 96 93 85 78 75 75 77 82 84 83 82 80 76 74 68 63 65 68 68 72 71 0 0 0 0 0 0 0 0 0 0 0 0 0 0 0 62 0 65 
73 69 68 69 70 70 71 71 71 72 72 73 74 74 74 75 75 75 76 76 77 77 78 78 79 80 80 81 81 81 81 79 79 78 76 72 0 0 0 0 0 0 0 0 0 0 0 0 0 0 0 0 0 0 0 0 0 0 0 0 0 0 0 0 0 0 0 0 0 0 47 68 77 83 86 97 99 100 101 101 103 104 105 102 94 82 75 65 54 37 0 0 0 0 0 84 86 79 79 82 76 0 0 0 0 0 0 0 0 0 0 0 0 0 0 0 0 0 0 0 0 0 0 0 54 72 81 85 92 100 101 100 101 100 101 100 98 95 89 81 76 75 78 82 86 86 86 83 81 78 75 68 67 73 75 75 79 78 0 0 0 0 0 0 0 0 0 0 0 0 0 0 0 63 0 61 
67 65 68 69 70 70 71 71 71 72 72 73 74 74 74 75 75 75 75 76 77 77 78 78 79 80 81 81 81 81 81 79 79 78 77 72 0 0 0 0 0 0 0 0 0 0 0 0 0 0 0 0 0 0 0 0 0 0 0 0 0 0 0 0 0 0 0 0 0 0 46 67 76 82 85 96 99 100 100 101 102 104 104 100 93 81 74 63 53 37 0 0 0 0 0 0 79 71 71 71 69 0 0 0 0 0 0 0 0 0 0 0 0 0 0 0 0 0 0 0 0 0 0 0 54 71 80 85 92 99 101 100 100 100 100 99 96 93 87 80 75 77 81 86 90 91 92 89 87 84 80 73 75 81 79 80 83 80 69 0 0 0 0 0 0 0 0 0 0 0 0 0 0 63 0 60 
70 67 69 69 70 70 71 71 71 71 72 73 74 74 74 75 75 76 76 76 77 77 78 78 79 80 81 81 81 81 81 79 78 78 76 73 0 0 0 0 0 0 0 0 0 0 0 0 0 0 0 0 0 0 0 0 0 0 0 0 0 0 0 0 0 0 0 0 0 0 48 67 77 82 85 96 98 99 100 100 101 103 103 99 92 81 74 64 53 0 0 0 0 0 0 0 69 62 62 62 61 48 0 0 0 0 0 0 0 0 0 0 0 0 0 0 0 0 0 0 0 0 0 0 54 71 80 84 91 99 101 100 101 100 100 99 95 93 86 79 76 81 84 89 93 94 94 89 86 85 80 73 80 85 82 82 85 82 70 0 0 0 0 0 0 0 0 0 0 0 0 0 0 64 0 64 
66 68 69 69 70 70 71 71 72 72 72 73 73 74 74 75 75 76 76 76 77 77 77 78 79 80 80 80 81 81 80 78 77 76 74 70 0 0 0 0 0 0 0 0 0 0 0 0 0 0 0 0 0 0 0 0 0 0 0 0 0 0 0 0 0 0 0 0 0 0 48 67 76 82 85 96 98 99 99 99 101 102 102 98 90 82 75 64 54 0 0 0 0 0 0 0 63 54 54 54 55 46 0 0 0 0 0 0 0 0 0 0 0 0 0 0 0 0 0 0 0 0 0 0 56 73 82 86 91 99 100 100 100 99 99 98 93 91 84 80 79 84 87 92 94 94 93 88 86 82 77 73 82 87 85 86 89 87 74 0 0 0 0 0 0 0 0 0 0 0 0 0 0 66 0 66 
71 71 69 69 70 70 71 71 71 72 72 72 73 74 74 74 74 75 75 75 76 77 77 78 79 80 81 81 81 81 81 78 78 77 75 71 0 0 0 0 0 0 0 0 0 0 0 0 0 0 0 0 0 0 0 0 0 0 0 0 0 0 0 0 0 0 0 0 0 0 48 67 76 82 85 95 98 98 99 99 100 101 101 96 88 82 76 65 55 0 0 0 0 0 0 0 0 52 52 52 52 48 0 0 0 0 0 0 0 0 0 0 0 0 0 0 0 0 0 0 0 0 0 0 56 73 82 86 91 99 100 100 100 99 99 99 93 91 82 80 79 84 86 92 93 93 91 86 85 80 76 77 85 89 88 89 90 87 72 0 0 0 0 0 0 0 0 0 0 0 0 0 0 66 0 69 
68 69 68 69 69 70 71 71 72 72 72 72 73 73 73 72 72 72 71 72 74 75 76 78 78 79 80 81 81 81 81 78 78 76 74 68 0 0 0 0 0 0 0 0 0 0 0 0 0 0 0 0 0 0 0 0 0 0 0 0 0 0 0 0 0 0 0 0 0 0 48 67 76 81 84 94 97 97 98 98 98 100 100 95 87 83 77 66 57 0 0 0 0 0 0 0 0 46 46 46 46 0 0 0 0 0 0 0 0 0 0 0 0 0 0 0 0 0 0 0 0 0 0 0 62 77 85 88 91 99 100 100 100 99 99 98 92 90 83 79 78 83 85 88 89 88 86 83 81 76 73 76 82 86 86 88 87 85 70 0 0 0 0 0 0 0 0 0 0 0 0 0 0 66 65 70 
66 68 68 69 69 70 71 71 72 72 72 72 73 73 72 70 70 68 67 69 71 73 75 77 78 79 80 81 81 81 81 78 77 75 73 66 0 0 0 0 0 0 0 0 0 0 0 0 0 0 0 0 0 0 0 0 0 0 0 0 0 0 0 0 0 0 0 0 0 0 48 67 76 81 84 94 96 96 96 96 97 98 98 94 85 82 75 64 55 0 0 0 0 0 0 0 0 0 0 0 0 0 0 0 0 0 0 0 0 0 0 0 0 0 0 0 0 0 0 0 0 0 0 0 63 78 86 89 92 99 100 99 99 97 95 94 88 85 80 77 77 82 84 87 88 87 85 81 80 73 72 76 80 82 81 82 80 79 67 0 0 0 0 0 0 0 0 0 0 0 0 0 66 66 65 63 
61 67 68 69 69 70 71 71 71 72 72 71 72 72 70 68 67 65 64 66 70 72 75 76 78 79 80 80 81 81 81 77 77 75 72 63 0 0 0 0 0 0 0 0 0 0 0 0 0 0 0 0 0 0 0 0 0 0 0 0 0 0 0 0 0 0 0 0 0 0 47 66 75 80 83 93 95 95 95 95 95 96 97 92 84 80 74 63 54 0 0 0 0 0 0 0 0 0 0 0 0 0 0 0 0 0 0 0 0 0 0 0 0 0 0 0 0 0 0 0 0 0 0 0 65 79 86 89 92 98 99 98 96 94 92 90 85 84 79 76 75 80 82 85 86 85 82 81 80 73 71 77 77 80 79 79 77 76 64 0 0 0 0 0 0 0 0 0 0 0 0 0 65 65 64 62 
63 67 67 68 69 70 70 71 71 71 71 71 72 72 69 67 65 63 61 63 68 70 74 76 78 79 80 80 81 82 81 78 77 76 73 64 0 0 0 0 0 0 0 0 0 0 0 0 0 0 0 0 0 0 0 0 0 0 0 0 0 0 0 0 0 0 0 0 0 0 44 65 74 79 82 93 94 94 94 94 94 95 96 91 83 79 73 62 53 0 0 0 0 0 0 0 0 0 0 0 0 0 0 0 0 0 0 0 0 0 0 0 0 0 0 0 0 0 0 0 0 0 0 0 65 78 85 89 91 98 99 96 93 91 88 86 83 82 77 73 71 76 78 81 81 81 78 77 76 71 71 76 75 77 75 75 73 72 0 0 0 0 0 0 0 0 0 0 0 0 0 0 65 65 68 66 
71 70 68 68 69 70 70 71 71 71 71 71 72 72 69 66 65 62 60 62 67 70 74 77 78 79 79 80 80 81 81 77 76 75 72 61 0 0 0 0 0 0 0 0 0 0 0 0 0 0 0 0 0 0 0 0 0 0 0 0 0 0 0 0 0 0 0 0 0 0 43 63 73 78 82 92 93 93 93 93 93 94 95 91 82 78 72 60 51 0 0 0 0 0 0 0 0 0 0 0 0 0 0 0 0 0 0 0 0 0 0 0 0 0 0 0 0 0 0 0 0 0 0 0 65 78 84 88 91 97 97 95 91 88 84 81 78 78 76 71 68 0 71 71 72 71 71 70 0 0 0 0 67 69 68 68 66 67 0 0 0 0 0 0 0 0 0 0 0 0 0 0 64 65 63 66 
70 63 69 69 69 70 70 70 70 70 70 71 71 71 69 67 67 65 63 66 70 72 75 77 78 79 79 80 81 82 82 78 78 76 72 62 0 0 0 0 0 0 0 0 0 0 0 0 0 0 0 0 0 0 0 0 0 0 0 0 0 0 0 0 0 0 0 0 0 0 41 62 72 78 81 92 93 93 92 92 92 94 94 89 81 77 70 58 49 0 0 0 0 0 0 0 0 0 0 0 0 0 0 0 0 0 0 0 0 0 0 0 0 0 0 0 0 0 0 0 0 0 0 0 63 76 83 87 89 97 96 93 89 85 78 72 69 68 0 0 0 0 0 0 0 0 0 0 0 0 0 0 0 0 0 0 0 0 0 0 0 0 0 0 0 0 0 0 0 0 0 0 63 66 63 75 
69 69 68 69 69 70 70 70 70 70 70 71 71 72 70 69 69 68 67 68 72 73 75 77 78 78 79 79 80 82 81 78 78 77 73 64 0 0 0 0 0 0 0 0 0 0 0 0 0 0 0 0 0 0 0 0 0 0 0 0 0 0 0 0 0 0 0 0 0 0 40 61 72 78 81 92 93 93 92 92 92 93 94 89 80 76 69 57 48 0 0 0 0 0 0 0 0 0 0 0 0 0 0 0 0 0 0 0 0 0 0 0 0 0 0 0 0 0 0 0 0 0 0 0 62 76 83 86 89 97 95 91 87 83 73 60 0 0 0 0 0 0 0 0 0 0 0 0 0 0 0 0 0 0 0 0 0 0 0 0 0 0 0 0 0 0 0 0 0 0 0 0 62 65 64 69 
67 70 67 68 69 69 70 70 69 69 70 70 71 71 71 71 71 71 69 70 73 74 75 78 78 79 79 80 80 82 81 78 78 77 73 66 0 0 0 0 0 0 0 0 0 0 0 0 0 0 0 0 0 0 0 0 0 0 0 0 0 0 0 0 0 0 0 0 0 0 39 61 71 77 81 92 94 94 93 93 93 93 93 88 78 75 68 55 46 0 0 0 0 0 0 0 0 0 0 0 0 0 0 0 0 0 0 0 0 0 0 0 0 0 0 0 0 0 0 0 0 0 0 0 61 75 82 86 88 96 95 89 87 83 74 0 0 0 0 0 0 0 0 0 0 0 0 0 0 0 0 0 0 0 0 0 0 0 0 0 0 0 0 0 0 0 0 0 0 0 0 0 63 66 63 68 
66 64 67 68 69 70 70 69 68 68 68 68 69 70 71 71 72 73 73 73 74 75 76 77 78 78 79 79 80 81 81 78 78 77 74 67 0 0 0 0 0 0 0 0 0 0 0 0 0 0 0 0 0 0 0 0 0 0 0 0 0 0 0 0 0 0 0 0 0 0 40 62 73 78 82 91 93 94 93 93 93 93 93 87 77 73 66 54 44 0 0 0 0 0 0 0 0 0 0 0 0 0 0 0 0 0 0 0 0 0 0 0 0 0 0 0 0 0 0 0 0 0 0 0 62 76 83 86 88 95 94 91 89 85 79 71 0 0 0 0 0 0 0 0 0 0 0 0 0 0 0 0 0 0 0 0 0 0 0 0 0 0 0 0 0 0 0 0 0 0 0 63 64 66 61 70 
70 64 66 66 67 67 67 67 66 65 66 65 66 68 69 71 73 74 74 75 75 76 77 77 78 78 78 79 79 81 81 78 78 77 74 68 0 0 0 0 0 0 0 0 0 0 0 0 0 0 0 0 0 0 0 0 0 0 0 0 0 0 0 0 0 0 0 0 0 0 0 65 75 80 83 90 93 93 93 93 93 93 92 87 77 72 65 52 43 0 0 0 0 0 0 0 0 0 0 0 0 0 0 0 0 0 0 0 0 0 0 0 0 0 0 0 0 0 0 0 0 0 0 0 62 76 83 86 88 95 95 92 89 86 79 73 68 0 0 0 0 0 0 0 0 0 0 0 0 0 0 0 0 0 0 0 0 0 0 0 0 0 0 0 0 0 0 0 0 0 0 63 64 66 72 68 
61 67 64 65 66 67 67 65 64 64 64 64 65 67 68 69 71 71 72 73 74 75 76 76 77 77 78 79 79 80 80 78 77 76 74 68 0 0 0 0 0 0 0 0 0 0 0 0 0 0 0 0 0 0 0 0 0 0 0 0 0 0 0 0 0 0 0 0 0 0 0 65 75 80 83 90 93 94 93 93 93 92 92 86 76 72 65 52 42 0 0 0 0 0 0 0 0 0 0 0 0 0 0 0 0 0 0 0 0 0 0 0 0 0 0 0 0 0 0 0 0 0 0 0 62 76 83 87 89 95 96 93 91 88 83 78 74 68 61 60 58 58 60 62 60 60 0 0 0 0 0 0 0 0 0 0 0 0 0 0 0 0 0 0 0 0 0 0 0 0 0 63 64 66 62 68 
59 57 64 65 66 66 65 64 63 63 63 63 64 65 66 68 70 71 72 73 74 73 73 74 73 73 74 75 75 76 77 75 74 74 72 68 0 0 0 0 0 0 0 0 0 0 0 0 0 0 0 0 0 0 0 0 0 0 0 0 0 0 0 0 0 0 0 0 0 0 0 64 73 78 81 89 92 93 93 92 92 92 91 85 75 71 64 51 41 0 0 0 0 0 0 0 0 0 0 0 0 0 0 0 0 0 0 0 0 0 0 0 0 0 0 0 0 0 0 0 0 0 0 0 64 77 84 87 89 95 96 95 93 91 87 83 80 76 72 72 71 70 71 73 71 70 69 67 0 0 0 0 0 0 0 0 0 0 0 0 0 0 0 0 0 0 0 0 0 0 0 64 65 66 66 68 
0 0 63 64 65 65 64 62 61 60 60 59 61 63 64 66 68 70 71 72 74 73 73 72 72 71 72 74 74 75 76 74 74 73 72 67 0 0 0 0 0 0 0 0 0 0 0 0 0 0 0 0 0 0 0 0 0 0 0 0 0 0 0 0 0 0 0 0 0 0 0 66 75 80 82 87 90 91 91 91 91 91 90 84 74 70 62 49 41 0 0 0 0 0 0 0 0 0 0 0 0 0 0 0 0 0 0 0 0 0 0 0 0 0 0 0 0 0 0 0 0 0 0 0 63 76 83 86 88 94 94 94 92 90 86 83 79 75 72 71 70 69 70 72 70 69 69 66 62 0 0 0 0 0 0 0 0 0 0 0 0 0 0 0 0 0 0 0 0 0 0 64 64 66 66 67 
0 0 60 60 61 60 59 57 58 59 58 58 59 60 62 65 67 68 70 71 73 72 71 71 70 70 71 72 73 74 74 73 73 73 71 0 0 0 0 0 0 0 0 0 0 0 0 0 0 0 0 0 0 0 0 0 0 0 0 0 0 0 0 0 0 0 0 0 0 0 0 61 70 74 76 81 83 84 84 84 84 85 84 79 70 66 59 47 39 0 0 0 0 0 0 0 0 0 0 0 0 0 0 0 0 0 0 0 0 0 0 0 0 0 0 0 0 0 0 0 0 0 0 0 61 72 77 79 81 85 86 85 84 81 80 78 76 74 72 71 70 69 70 72 70 69 69 66 62 0 0 0 0 0 0 0 0 0 0 0 0 0 0 0 0 0 0 0 0 0 0 63 64 66 65 69 
0 0 0 0 0 0 0 0 0 85 77 77 75 72 64 65 62 64 66 68 71 68 67 66 67 66 68 70 70 71 72 71 70 70 69 0 0 0 0 0 0 0 0 0 0 0 0 0 0 0 0 0 0 0 0 0 0 0 0 0 0 0 0 0 0 0 0 0 0 0 0 58 67 71 73 78 81 82 82 82 82 83 83 77 68 64 57 46 38 0 0 0 0 0 0 0 0 0 0 0 0 0 0 0 0 0 0 0 0 0 0 0 0 0 0 0 0 0 0 0 0 0 0 0 61 70 75 77 79 83 83 82 82 80 80 79 78 75 73 71 70 69 70 72 70 69 69 66 62 0 0 0 0 0 0 0 0 0 0 0 0 0 0 0 0 0 0 0 0 0 0 64 65 66 64 70 
0 0 0 0 0 0 0 0 0 91 82 80 80 82 67 0 0 0 0 0 0 0 0 0 58 58 60 62 62 63 65 64 64 0 0 0 0 0 0 0 0 0 0 0 0 0 0 0 0 0 0 0 0 0 0 0 0 0 0 0 0 0 0 0 0 0 0 0 0 0 0 58 66 70 72 75 78 78 79 79 80 81 80 75 66 61 54 44 38 0 0 0 0 0 0 0 0 0 0 0 0 0 0 0 0 0 0 0 0 0 0 0 0 0 0 0 0 0 0 0 0 0 0 0 0 68 72 74 75 78 79 78 77 75 76 76 77 77 78 76 75 74 75 76 75 72 72 70 64 0 0 0 0 0 0 0 0 0 0 0 0 0 0 0 0 0 0 0 0 0 0 64 65 66 67 70 
0 0 0 0 0 0 0 0 75 90 84 81 81 83 70 0 0 0 0 0 0 0 0 0 0 0 0 0 0 0 0 0 0 0 0 0 0 0 0 0 0 0 0 0 0 0 0 0 0 0 0 0 0 0 0 0 0 0 0 0 0 0 0 0 0 0 0 0 0 0 0 0 66 68 69 70 72 72 73 73 74 75 75 70 63 58 52 43 0 0 0 0 0 0 0 0 0 0 0 0 0 0 0 0 0 0 0 0 0 0 0 0 0 0 0 0 0 0 0 0 0 0 0 0 0 61 65 67 68 71 71 69 68 65 66 66 68 69 71 69 67 65 67 70 68 67 69 0 0 0 0 55 55 55 55 56 0 0 0 0 0 0 0 0 0 0 0 0 0 0 0 64 65 66 64 72 
0 0 0 0 0 0 0 0 69 83 83 80 81 84 73 67 0 0 0 0 0 0 0 0 0 0 0 0 0 0 0 0 0 0 0 0 0 0 0 0 0 0 0 0 0 0 0 0 0 0 0 0 0 0 0 0 0 0 0 0 0 0 0 0 0 0 0 0 0 0 0 0 0 0 55 56 59 58 59 59 60 61 62 59 55 50 46 0 0 0 0 0 0 0 0 0 0 0 0 0 0 0 0 0 0 0 0 0 0 0 0 0 0 0 0 0 0 0 0 0 0 0 0 0 0 0 0 53 55 54 54 52 50 46 46 0 0 0 0 0 0 0 0 0 0 0 0 0 0 0 0 54 54 54 54 56 0 0 0 0 0 0 0 0 0 0 0 0 0 0 0 64 65 67 66 65 
0 0 0 0 0 59 59 60 69 84 90 84 86 88 78 66 0 0 0 0 0 0 0 0 0 0 0 0 0 0 0 0 0 0 0 0 0 0 0 0 0 0 0 0 0 0 0 0 0 0 0 0 0 0 0 0 0 0 0 0 0 0 0 0 0 0 0 0 0 0 0 0 0 0 0 0 0 0 0 0 0 0 0 0 0 0 0 0 0 0 0 0 0 0 0 0 0 0 0 0 0 0 0 0 0 0 0 0 0 0 0 0 0 0 0 0 0 0 0 0 0 0 0 0 0 0 0 0 0 0 0 0 0 0 0 0 0 0 0 0 0 0 0 0 0 0 0 0 0 0 0 54 54 54 54 0 0 0 0 0 0 0 0 0 0 0 0 0 0 0 0 63 65 66 69 71 
0 0 0 71 67 64 64 63 67 77 88 84 85 87 82 65 0 0 0 0 0 0 0 0 0 0 0 0 0 0 0 0 0 0 0 0 0 0 0 0 0 0 0 0 0 0 0 0 0 0 0 0 0 0 0 0 0 0 0 0 0 0 0 0 0 0 0 0 0 0 0 0 0 0 0 0 0 0 0 0 0 0 0 0 0 0 0 0 0 0 0 0 0 0 0 0 0 0 0 0 0 0 0 0 0 0 0 0 0 0 0 0 0 0 0 0 0 0 0 0 0 0 0 0 0 0 0 0 0 0 0 0 0 0 0 0 0 0 0 0 0 0 0 0 0 0 0 0 0 0 0 52 52 52 52 0 0 0 0 0 0 0 0 0 0 0 0 0 0 0 0 62 64 66 68 69 
0 0 78 74 72 69 68 67 69 75 87 85 85 87 87 69 0 0 0 0 0 0 0 0 0 0 0 0 0 0 0 0 0 0 0 0 0 0 0 0 0 0 0 0 0 0 0 0 0 0 0 0 0 0 0 0 0 0 0 0 0 0 0 0 0 0 0 0 0 0 0 0 0 0 0 0 0 0 0 0 0 0 0 0 0 0 0 0 0 0 0 0 0 0 0 0 0 0 0 0 0 0 0 0 0 0 0 0 0 0 0 0 0 0 0 0 0 0 0 0 0 0 0 0 0 0 0 0 0 0 0 0 0 0 0 0 0 0 0 0 0 0 0 0 0 0 0 0 0 0 0 0 0 0 0 0 0 0 0 0 0 0 0 0 0 0 0 0 0 0 0 62 64 65 66 67 
0 0 79 76 74 72 71 69 70 73 85 85 85 87 89 74 64 0 0 0 0 0 0 0 0 0 0 0 0 0 0 0 0 0 0 0 0 0 0 0 0 0 0 0 0 0 0 0 0 0 0 0 0 0 0 0 0 0 0 0 0 0 0 0 0 0 0 0 0 0 0 0 0 0 0 0 0 0 0 0 0 0 0 0 0 0 0 0 0 0 0 0 0 0 0 0 0 0 0 0 0 0 0 0 0 0 0 0 0 0 0 0 0 0 0 0 0 0 0 0 0 0 0 0 0 0 0 0 0 0 0 0 0 0 0 0 0 0 0 0 0 0 0 0 0 0 0 0 0 0 0 0 0 0 0 0 0 0 0 0 0 0 0 0 0 0 0 0 0 0 0 0 64 65 63 67 
0 0 77 75 75 75 74 71 73 74 83 87 85 86 89 78 63 0 0 0 0 0 0 0 0 0 0 0 0 0 0 0 0 0 0 0 0 0 0 0 0 0 0 0 0 0 0 0 0 0 0 0 0 0 0 0 0 0 0 0 0 0 0 0 0 0 0 0 0 0 0 0 0 0 0 0 0 0 0 0 0 0 0 0 0 0 0 0 0 0 0 0 0 0 0 0 0 0 0 0 0 0 0 0 0 0 0 0 0 0 0 0 0 0 0 0 0 0 0 0 0 0 0 0 0 0 0 0 0 0 0 0 0 0 0 0 0 0 0 0 0 0 0 0 0 0 0 0 0 0 0 0 0 0 0 0 0 0 0 0 0 0 0 0 0 0 0 0 0 0 0 0 63 64 61 63 
0 0 74 75 75 76 75 73 73 74 80 84 83 85 88 81 62 0 0 0 0 0 0 0 0 0 0 0 0 0 0 0 0 0 0 0 0 0 0 0 0 0 0 0 0 0 0 0 0 0 0 0 0 0 0 0 0 0 0 0 0 0 0 0 0 0 0 0 0 0 0 0 0 0 0 0 0 0 0 0 0 0 0 0 0 0 0 0 0 0 0 0 0 0 0 0 0 0 0 0 0 0 0 0 0 0 0 0 0 0 0 0 0 0 0 0 0 0 0 0 0 0 0 0 0 0 0 0 0 0 0 0 0 0 0 0 0 0 0 0 0 0 0 0 0 0 0 0 0 0 0 0 0 0 0 0 0 0 0 0 0 0 0 0 0 0 0 0 0 0 0 0 0 63 0 0 
0 61 73 74 75 76 75 74 73 73 77 82 81 84 88 85 0 0 0 0 0 0 0 0 0 0 0 0 0 0 0 0 0 0 0 0 0 0 0 0 0 0 0 0 0 0 0 0 0 0 0 0 0 0 0 0 0 0 0 0 0 0 0 0 0 0 0 0 0 0 0 0 0 0 0 0 0 0 0 0 0 0 0 0 0 0 0 0 0 0 0 0 0 0 0 0 0 0 0 0 0 0 0 0 0 0 0 0 0 0 0 0 0 0 0 0 0 0 0 0 0 0 0 0 0 0 0 0 0 0 0 0 0 0 0 0 0 0 0 0 0 0 0 0 0 0 0 0 0 0 0 0 0 0 0 0 0 0 0 0 0 0 0 0 0 0 0 0 0 0 0 0 0 0 0 0 
62 61 71 73 74 75 75 73 72 72 74 79 80 82 86 87 0 0 0 0 0 0 0 0 0 0 0 0 0 0 0 0 0 0 0 0 0 0 0 0 0 0 0 0 0 0 0 0 0 0 0 0 0 0 0 0 0 0 0 0 0 0 0 0 0 0 0 0 0 0 0 0 0 0 0 0 0 0 0 0 0 0 0 0 0 0 0 0 0 0 0 0 0 0 0 0 0 0 0 0 0 0 0 0 0 0 0 0 0 0 0 0 0 0 0 0 0 0 0 0 0 0 0 0 0 0 0 0 0 0 0 0 0 0 0 0 0 0 0 0 0 0 0 0 0 0 0 0 0 0 0 0 0 0 0 0 0 0 0 0 0 0 0 0 0 0 0 0 0 0 0 0 0 0 0 0 
0 71 70 71 72 73 73 72 71 71 73 77 78 79 83 0 0 0 0 0 0 0 0 0 0 0 0 0 0 0 0 0 0 0 0 0 0 0 0 0 0 0 0 0 0 0 0 0 0 0 0 0 0 0 0 0 0 0 0 0 0 0 0 0 0 0 0 0 0 0 0 0 0 0 0 0 0 0 0 0 0 0 0 0 0 0 0 0 0 0 0 0 0 0 0 0 0 0 0 0 0 0 0 0 0 0 0 0 0 0 0 0 0 0 0 0 0 0 0 0 0 0 0 0 0 0 0 0 0 0 0 0 0 0 0 0 0 0 0 0 0 0 0 0 0 0 0 0 0 0 0 0 0 0 0 0 0 0 0 0 0 0 0 0 0 0 0 0 0 0 0 0 0 0 0 0 
0 63 99 85 78 74 71 70 70 70 71 73 80 110 146 179 196 196 185 177 0 0 0 0 0 0 0 0 0 0 0 0 0 0 0 0 0 0 0 0 0 0 0 0 0 0 0 0 0 0 0 0 0 0 0 0 0 0 0 0 0 0 0 0 0 0 0 0 0 0 0 0 0 0 0 0 0 0 0 0 0 0 0 0 0 0 0 0 0 0 0 0 0 0 0 0 0 0 0 0 0 0 0 0 0 0 0 0 0 0 0 0 0 0 0 0 0 0 0 0 0 0 0 0 0 0 0 0 0 0 0 0 0 0 0 0 0 0 0 0 0 0 0 0 0 0 0 0 0 0 0 0 0 0 0 0 0 0 0 0 0 0 0 0 0 0 0 0 0 0 0 0 0 0 0 0 
87 0 191 163 145 129 119 116 117 125 149 188 244 311 365 372 324 286 258 221 163 0 0 0 0 0 0 0 0 0 0 0 0 0 0 0 0 0 0 0 0 0 0 0 0 0 0 0 0 0 0 0 0 0 0 0 0 0 0 0 0 0 0 0 0 0 0 0 0 0 0 0 0 0 0 0 0 0 0 0 0 0 0 0 0 0 0 0 0 0 0 0 0 0 0 0 0 0 0 0 0 0 0 0 0 0 0 0 0 0 0 0 0 0 0 0 0 0 0 0 0 0 0 0 0 0 0 0 0 0 0 0 0 0 0 0 0 0 0 0 0 0 0 0 0 0 0 0 0 0 0 0 0 0 0 0 0 0 0 0 0 0 0 0 0 0 0 0 0 0 0 0 0 0 0 0 
341 220 280 259 243 229 223 232 251 282 329 374 409 429 437 430 368 312 276 227 155 0 0 0 0 0 0 0 0 0 0 0 0 0 0 0 0 0 0 0 0 0 0 0 0 0 0 0 0 0 0 0 0 0 0 0 0 0 0 0 0 0 0 0 0 0 0 0 0 0 0 0 0 0 0 0 0 0 0 0 0 0 0 0 0 0 0 0 0 0 0 0 0 0 0 0 0 0 0 0 0 0 0 0 0 0 0 0 0 0 0 0 0 0 0 0 0 0 0 0 0 0 0 0 0 0 0 0 0 0 0 0 0 0 0 0 0 0 0 0 0 0 0 0 0 0 0 0 0 0 0 0 0 0 0 0 0 0 0 0 0 0 0 0 0 0 0 0 0 0 0 0 0 0 0 0 
481 483 348 341 325 312 312 334 352 376 410 430 436 452 458 445 378 325 286 230 152 0 0 0 0 0 0 0 0 0 0 0 0 0 0 0 0 0 0 0 0 0 0 0 0 0 0 0 0 0 0 0 0 0 0 0 0 0 0 0 0 0 0 0 0 0 0 0 0 0 0 0 0 0 0 0 0 0 0 0 0 0 0 0 0 0 0 0 0 0 0 0 0 0 0 0 0 0 0 0 0 0 0 0 0 0 0 0 0 0 0 0 0 0 0 0 0 0 0 0 0 0 0 0 0 0 0 0 0 0 0 0 0 0 0 0 0 0 0 0 0 0 0 0 0 0 0 0 0 0 0 0 0 0 0 0 0 0 0 0 0 0 0 0 0 0 0 0 0 0 0 0 0 0 0 0 
432 443 378 374 374 376 380 392 394 400 410 428 435 450 455 438 383 333 294 235 153 0 0 0 0 0 0 0 0 0 0 0 0 0 0 0 0 0 0 0 0 0 0 0 0 0 0 0 0 0 0 0 0 0 0 0 0 0 0 0 0 0 0 0 0 0 0 0 0 0 0 0 0 0 0 0 0 0 0 0 0 0 0 0 0 0 0 0 0 0 0 0 0 0 0 0 0 0 0 0 0 0 0 0 0 0 0 0 0 0 0 0 0 0 0 0 0 0 0 0 0 0 0 0 0 0 0 0 0 0 0 0 0 0 0 0 0 0 0 0 0 0 0 0 0 0 0 0 0 0 0 0 0 0 0 0 0 0 0 0 0 0 0 0 0 0 0 0 0 0 0 0 0 0 0 0 
406 413 417 413 407 401 394 391 392 397 406 421 442 463 476 461 400 349 303 230 135 0 0 0 0 0 0 0 0 0 0 0 0 0 0 0 0 0 0 0 0 0 0 0 0 0 0 0 0 0 0 0 0 0 0 0 0 0 0 0 0 0 0 0 0 0 0 0 0 0 0 0 0 0 0 0 0 0 0 0 0 0 0 0 0 0 0 0 0 0 0 0 0 0 0 0 0 0 0 0 0 0 0 0 0 0 0 0 0 0 0 0 0 0 0 0 0 0 0 0 0 0 0 0 0 0 0 0 0 0 0 0 0 0 0 0 0 0 0 0 0 0 0 0 0 0 0 0 0 0 0 0 0 0 0 0 0 0 0 0 0 0 0 0 0 0 0 0 0 0 0 0 0 0 0 0 
386 392 396 405 410 415 416 418 422 427 433 442 452 459 458 428 360 319 274 200 117 0 0 0 0 0 0 0 0 0 0 0 0 0 0 0 0 0 0 0 0 0 0 0 0 0 0 0 0 0 0 0 0 0 0 0 0 0 0 0 0 0 0 0 0 0 0 0 0 0 0 0 0 0 0 0 0 0 0 0 0 0 0 0 0 0 0 0 0 0 0 0 0 0 0 0 0 0 0 0 0 0 0 0 0 0 0 0 0 0 0 0 0 0 0 0 0 0 0 0 0 0 0 0 0 0 0 0 0 0 0 0 0 0 0 0 0 0 0 0 0 0 0 0 0 0 0 0 0 0 0 0 0 0 0 0 0 0 0 0 0 0 0 0 0 0 0 0 0 0 0 0 0 0 0 0 
354 373 353 371 383 390 391 392 395 398 403 411 420 423 420 383 318 288 245 171 102 0 0 0 0 0 0 0 0 0 0 0 0 0 0 0 0 0 0 0 0 0 0 0 0 0 0 0 0 0 0 0 0 0 0 0 0 0 0 0 0 0 0 0 0 0 0 0 0 0 0 0 0 0 0 0 0 0 0 0 0 0 0 0 0 0 0 0 0 0 0 0 0 0 0 0 0 0 0 0 0 0 0 0 0 0 0 0 0 0 0 0 0 0 0 0 0 0 0 0 0 0 0 0 0 0 0 0 0 0 0 0 0 0 0 0 0 0 0 0 0 0 0 0 0 0 0 0 0 0 0 0 0 0 0 0 0 0 0 0 0 0 0 0 0 0 0 0 0 0 0 0 0 0 0 0 
247 326 324 344 356 372 377 377 378 379 382 388 394 393 387 346 284 253 213 141 89 0 0 0 0 0 0 0 0 0 0 0 0 0 0 0 0 0 0 0 0 0 0 0 0 0 0 0 0 0 0 0 0 0 0 0 0 0 0 0 0 0 0 0 0 0 0 0 0 0 0 0 0 0 0 0 0 0 0 0 0 0 0 0 0 0 0 0 0 0 0 0 0 0 0 0 0 0 0 0 0 0 0 0 0 0 0 0 0 0 0 0 0 0 0 0 0 0 0 0 0 0 0 0 0 0 0 0 0 0 0 0 0 0 0 0 0 0 0 0 0 0 0 0 0 0 0 0 0 0 0 0 0 0 0 0 0 0 0 0 0 0 0 0 0 0 0 0 0 0 0 0 0 0 0 0 
86 167 291 317 330 344 357 361 362 364 368 373 378 374 366 322 269 239 199 126 84 0 0 0 0 0 0 0 0 0 0 0 0 0 0 0 0 0 0 0 0 0 0 0 0 0 0 0 0 0 0 0 0 0 0 0 0 0 0 0 0 0 0 0 0 0 0 0 0 0 0 0 0 0 0 0 0 0 0 0 0 0 0 0 0 0 0 0 0 0 0 0 0 0 0 0 0 0 0 0 0 0 0 0 0 0 0 0 0 0 0 0 0 0 0 0 0 0 0 0 0 0 0 0 0 0 0 0 0 0 0 0 0 0 0 0 0 0 0 0 0 0 0 0 0 0 0 0 0 0 0 0 0 0 0 0 0 0 0 0 0 0 0 0 0 0 0 0 0 0 0 0 0 0 0 0 
0 0 252 280 296 311 324 337 342 345 348 352 355 351 342 297 255 226 186 112 0 0 0 0 0 0 0 0 0 0 0 0 0 0 0 0 0 0 0 0 0 0 0 0 0 0 0 0 0 0 0 0 0 0 0 0 0 0 0 0 0 0 0 0 0 0 0 0 0 0 0 0 0 0 0 0 0 0 0 0 0 0 0 0 0 0 0 0 0 0 0 0 0 0 0 0 0 0 0 0 0 0 0 0 0 0 0 0 0 0 0 0 0 0 0 0 0 0 0 0 0 0 0 0 0 0 0 0 0 0 0 0 0 0 0 0 0 0 0 0 0 0 0 0 0 0 0 0 0 0 0 0 0 0 0 0 0 0 0 0 0 0 0 0 0 0 0 0 0 0 0 0 0 0 0 0 
0 0 215 252 262 275 286 294 295 304 312 318 325 324 312 276 243 214 172 102 0 0 0 0 0 0 0 0 0 0 0 0 0 0 0 0 0 0 0 0 0 0 0 0 0 0 0 0 0 0 0 0 0 0 0 0 0 0 0 0 0 0 0 0 0 0 0 0 0 0 0 0 0 0 0 0 0 0 0 0 0 0 0 0 0 0 0 0 0 0 0 0 0 0 0 0 0 0 0 0 0 0 0 0 0 0 0 0 0 0 0 0 0 0 0 0 0 0 0 0 0 0 0 0 0 0 0 0 0 0 0 0 0 0 0 0 0 0 0 0 0 0 0 0 0 0 0 0 0 0 0 0 0 0 0 0 0 0 0 0 0 0 0 0 0 0 0 0 0 0 0 0 0 0 0 0 
0 0 186 222 230 248 265 276 278 289 298 293 291 281 270 239 221 199 167 97 0 0 0 0 0 0 0 0 0 0 0 0 0 0 0 0 0 0 0 0 0 0 0 0 0 0 0 0 0 0 0 0 0 0 0 0 0 0 0 0 0 0 0 0 0 0 0 0 0 0 0 0 0 0 0 0 0 0 0 0 0 0 0 0 0 0 0 0 0 0 0 0 0 0 0 0 0 0 0 0 0 0 0 0 0 0 0 0 0 0 0 0 0 0 0 0 0 0 0 0 0 0 0 0 0 0 0 0 0 0 0 0 0 0 0 0 0 0 0 0 0 0 0 0 0 0 0 0 0 0 0 0 0 0 0 0 0 0 0 0 0 0 0 0 0 0 0 0 0 0 0 0 0 0 0 0 
0 0 0 190 197 209 229 245 249 264 276 271 270 260 249 222 213 195 167 0 0 0 0 0 0 0 0 0 0 0 0 0 0 0 0 0 0 0 0 0 0 0 0 0 0 0 0 0 0 0 0 0 0 0 0 0 0 0 0 0 0 0 0 0 0 0 0 0 0 0 0 0 0 0 0 0 0 0 0 0 0 0 0 0 0 0 0 0 0 0 0 0 0 0 0 0 0 0 0 0 0 0 0 0 0 0 0 0 0 0 0 0 0 0 0 0 0 0 0 0 0 0 0 0 0 0 0 0 0 0 0 0 0 0 0 0 0 0 0 0 0 0 0 0 0 0 0 0 0 0 0 0 0 0 0 0 0 0 0 0 0 0 0 0 0 0 0 0 0 0 0 0 0 0 0 0 
0 0 0 0 148 166 183 201 210 230 243 236 235 226 214 193 188 173 0 0 0 0 0 0 0 0 0 0 0 0 0 0 0 0 0 0 0 0 0 0 0 0 0 0 0 0 0 0 0 0 0 0 0 0 0 0 0 0 0 0 0 0 0 0 0 0 0 0 0 0 0 0 0 0 0 0 0 0 0 0 0 0 0 0 0 0 0 0 0 0 0 0 0 0 0 0 0 0 0 0 0 0 0 0 0 0 0 0 0 0 0 0 0 0 0 0 0 0 0 0 0 0 0 0 0 0 0 0 0 0 0 0 0 0 0 0 0 0 0 0 0 0 0 0 0 0 0 0 0 0 0 0 0 0 0 0 0 0 0 0 0 0 0 0 0 0 0 0 0 0 0 0 0 0 0 0 
0 0 0 0 0 0 0 124 137 169 196 192 195 186 171 159 154 0 0 0 0 0 0 0 0 0 0 0 0 0 0 0 0 0 0 0 0 0 0 0 0 0 0 0 0 0 0 0 0 0 0 0 0 0 0 0 0 0 0 0 0 0 0 0 0 0 0 0 0 0 0 0 0 0 0 0 0 0 0 0 0 0 0 0 0 0 0 0 0 0 0 0 0 0 0 0 0 0 0 0 0 0 0 0 0 0 0 0 0 0 0 0 0 0 0 0 0 0 0 0 0 0 0 0 0 0 0 0 0 0 0 0 0 0 0 0 0 0 0 0 0 0 0 0 0 0 0 0 0 0 0 0 0 0 0 0 0 0 0 0 0 0 0 0 0 0 0 0 0 0 0 0 0 0 0 0 
0 0 0 0 0 0 0 0 0 0 0 0 0 0 0 0 0 0 0 0 0 0 0 0 0 0 0 0 0 0 0 0 0 0 0 0 0 0 0 0 0 0 0 0 0 0 0 0 0 0 0 0 0 0 0 0 0 0 0 0 0 0 0 0 0 0 0 0 0 0 0 0 0 0 0 0 0 0 0 0 0 0 0 0 0 0 0 0 0 0 0 0 0 0 0 0 0 0 0 0 0 0 0 0 0 0 0 0 0 0 0 0 0 0 0 0 0 0 0 0 0 0 0 0 0 0 0 0 0 0 0 0 0 0 0 0 0 0 0 0 0 0 0 0 0 0 0 0 0 0 0 0 0 0 0 0 0 0 0 0 0 0 0 0 0 0 0 0 0 0 0 0 0 0 0 0 
0 0 0 0 0 0 0 0 0 0 0 0 0 0 0 0 0 0 0 0 0 0 0 0 0 0 0 0 0 0 0 0 0 0 0 0 0 0 0 0 0 0 0 0 0 0 0 0 0 0 0 0 0 0 0 0 0 0 0 0 0 0 0 0 0 0 0 0 0 0 0 0 0 0 0 0 0 0 0 0 0 0 0 0 0 0 0 0 0 0 0 0 0 0 0 0 0 0 0 0 0 0 0 0 0 0 0 0 0 0 0 0 0 0 0 0 0 0 0 0 0 0 0 0 0 0 0 0 0 0 0 0 0 0 0 0 0 0 0 0 0 0 0 0 0 0 0 0 0 0 0 0 0 0 0 0 0 0 0 0 0 0 0 0 0 0 0 0 0 0 0 0 0 0 0 0 
0 0 0 0 0 0 0 0 0 0 0 0 0 0 0 0 0 0 0 0 0 0 0 0 0 0 0 0 0 0 0 0 0 0 0 0 0 0 0 0 0 0 0 0 0 0 0 0 0 0 0 0 0 0 0 0 0 0 0 0 0 0 0 0 0 0 0 0 0 0 0 0 0 0 0 0 0 0 0 0 0 0 0 0 0 0 0 0 0 0 0 0 0 0 0 0 0 0 0 0 0 0 0 0 0 0 0 0 0 0 0 0 0 0 0 0 0 0 0 0 0 0 0 0 0 0 0 0 0 0 0 0 0 0 0 0 0 0 0 0 0 0 0 0 0 0 0 0 0 0 0 0 0 0 0 0 0 0 0 0 0 0 0 0 0 0 0 0 0 0 0 0 0 0 0 0 
0 0 0 0 0 0 0 0 0 0 0 0 0 0 0 0 0 0 0 0 0 0 0 0 0 0 0 0 0 0 0 0 0 0 0 0 0 0 0 0 0 0 0 0 0 0 0 0 0 0 0 0 0 0 0 0 0 0 0 0 0 0 0 0 0 0 0 0 0 0 0 0 0 0 0 0 0 0 0 0 0 0 0 0 0 0 0 0 0 0 0 0 0 0 0 0 0 0 0 0 0 0 0 0 0 0 0 0 0 0 0 0 0 0 0 0 0 0 0 0 0 0 0 0 0 0 0 0 0 0 0 0 0 0 0 0 0 0 0 0 0 0 0 0 0 0 0 0 0 0 0 0 0 0 0 0 0 0 0 0 0 0 0 0 0 0 0 0 0 0 0 0 0 0 0 0 
0 0 0 0 0 0 0 0 0 0 0 0 0 0 0 0 0 0 0 0 0 0 0 0 0 0 0 0 0 0 0 0 0 0 0 0 0 0 0 0 0 0 0 0 0 0 0 0 0 0 0 0 0 0 0 0 0 0 0 0 0 0 0 0 0 0 0 0 0 0 0 0 0 0 0 0 0 0 0 0 0 0 0 0 0 0 0 0 0 0 0 0 0 0 0 0 0 0 0 0 0 0 0 0 0 0 0 0 0 0 0 0 0 0 0 0 0 0 0 0 0 0 0 0 0 0 0 0 0 0 0 0 0 0 0 0 0 0 0 0 0 0 0 0 0 0 0 0 0 0 0 0 0 0 0 0 0 0 0 0 0 0 0 0 0 0 0 0 0 0 0 0 0 0 0 0 
0 0 0 0 0 0 0 0 0 0 0 0 0 0 0 0 0 0 0 0 0 0 0 0 0 0 0 0 0 0 0 0 0 0 0 0 0 0 0 0 0 0 0 0 0 0 0 0 0 0 0 0 0 0 0 0 0 0 0 0 0 0 0 0 0 0 0 0 0 0 0 0 0 0 0 0 0 0 0 0 0 0 0 0 0 0 0 0 0 0 0 0 0 0 0 0 0 0 0 0 0 0 0 0 0 0 0 0 0 0 0 0 0 0 0 0 0 0 0 0 0 0 0 0 0 0 0 0 0 0 0 0 0 0 0 0 0 0 0 0 0 0 0 0 0 0 0 0 0 0 0 0 0 0 0 0 0 0 0 0 0 0 0 0 0 0 0 0 0 0 0 0 0 0 0 0 
0 0 0 0 0 0 0 0 0 0 0 0 0 0 0 0 0 0 0 0 0 0 0 0 0 0 0 0 0 0 0 0 0 0 0 0 0 0 0 0 0 0 0 0 0 0 0 0 0 0 0 0 0 0 0 0 0 0 0 0 0 0 0 0 0 0 0 0 0 0 0 0 0 0 0 0 0 0 0 0 0 0 0 0 0 0 0 0 0 0 0 0 0 0 0 0 0 0 0 0 0 0 0 0 0 0 0 0 0 0 0 0 0 0 0 0 0 0 0 0 0 0 0 0 0 0 0 0 0 0 0 0 0 0 0 0 0 0 0 0 0 0 0 0 0 0 0 0 0 0 0 0 0 0 0 0 0 0 0 0 0 0 0 0 0 0 0 0 0 0 0 0 0 0 0 0 
0 0 0 0 0 0 0 0 0 0 0 0 0 0 0 0 0 0 0 0 0 0 0 0 0 0 0 0 0 0 0 0 0 0 0 0 0 0 0 0 0 0 0 0 0 0 0 0 0 0 0 0 0 0 0 0 0 0 0 0 0 0 0 0 0 0 0 0 0 0 0 0 0 0 0 0 0 0 0 0 0 0 0 0 0 0 0 0 0 0 0 0 0 0 0 0 0 0 0 0 0 0 0 0 0 0 0 0 0 0 0 0 0 0 0 0 0 0 0 0 0 0 0 0 0 0 0 0 0 0 0 0 0 0 0 0 0 0 0 0 0 0 0 0 0 0 0 0 0 0 0 0 0 0 0 0 0 0 0 0 0 0 0 0 0 0 0 0 0 0 0 0 0 0 0 0 
