91 84 89 91 93 91 87 94 92 84 85 85 83 86 85 81 81 87 83 75 79 81 81 80 76 83 83 86 88 87 83 82 83 81 89 84 75 68 79 78 81 79 80 79 81 82 82 82 81 75 77 83 82 82 81 77 75 81 84 79 83 78 69 69 73 76 78 82 80 77 81 84 81 83 77 78 77 82 83 79 77 81 81 81 82 78 85 81 72 66 78 79 78 89 77 84 80 82 84 83 78 81 81 84 79 81 83 82 85 82 81 83 83 85 67 75 81 84 86 87 86 89 88 94 89 94 96 90 93 92 92 94 89 92 92 95 94 98 91 85 85 94 93 98 97 97 103 97 100 100 102 112 107 102 108 112 114 103 95 85 79 75 83 79 79 81 81 75 78 82 88 90 93 101 101 111 
85 92 90 86 88 87 89 90 86 88 87 80 73 71 72 80 77 79 81 77 83 82 84 88 83 83 78 86 84 80 82 77 81 85 79 87 70 72 77 72 77 75 77 76 77 79 82 76 79 82 75 83 81 76 77 83 75 81 79 75 77 79 72 62 70 82 79 77 79 82 82 84 80 82 82 81 78 80 82 76 80 80 80 81 82 84 82 79 74 71 74 79 84 78 76 77 78 80 80 82 77 83 82 82 78 82 75 85 82 82 82 87 86 76 63 78 86 88 87 90 86 93 88 88 84 86 93 87 88 88 89 97 86 99 88 98 87 90 95 82 90 94 96 93 90 91 101 98 98 102 105 103 108 108 107 114 110 100 83 81 83 82 78 80 70 82 79 75 79 84 89 87 97 101 106 107 
83 78 84 84 85 85 85 85 85 84 82 81 80 79 78 79 80 80 80 81 81 81 82 81 81 82 82 82 82 82 81 80 81 81 80 79 78 76 74 74 74 74 75 77 78 78 78 78 77 77 77 78 78 78 77 77 77 77 77 77 76 75 74 73 73 73 75 77 78 79 79 79 78 79 78 78 78 79 79 79 79 79 79 79 79 79 79 77 76 76 76 77 78 79 79 79 78 79 79 79 80 80 80 80 79 79 80 80 80 82 81 80 78 78 78 78 80 83 84 85 86 86 86 87 87 88 89 89 89 90 90 90 91 92 92 92 91 89 89 89 90 92 93 94 95 96 97 98 100 101 102 103 104 104 103 99 95 90 85 82 80 79 78 78 78 77 76 79 80 82 85 89 92 96 102 104 
83 86 83 83 83 83 83 83 83 82 81 80 79 78 77 78 78 78 79 80 80 81 81 81 81 81 81 80 81 80 80 79 79 79 79 79 78 76 74 73 73 73 74 75 76 76 76 76 76 76 76 76 76 76 76 76 76 75 75 75 75 74 73 73 73 74 75 77 78 79 79 79 79 79 79 79 80 80 81 81 82 82 82 81 82 81 82 80 80 80 80 80 81 82 82 81 81 81 82 82 83 83 83 82 81 82 82 82 83 84 84 82 81 80 80 80 82 84 85 85 85 86 85 85 86 87 87 88 88 88 88 88 89 90 90 90 88 88 88 88 90 91 93 93 94 95 96 97 99 99 101 101 102 101 98 93 89 84 80 79 78 78 77 77 76 76 75 78 80 82 84 87 91 95 98 102 
80 79 81 80 81 81 81 82 82 81 80 80 80 78 77 78 77 77 78 79 79 80 80 79 80 79 79 79 80 79 79 78 78 78 78 78 77 76 74 72 71 71 71 73 74 75 75 75 75 75 75 75 76 76 76 76 76 76 76 77 77 77 77 76 77 78 79 81 82 82 82 82 83 83 83 84 84 85 86 86 87 87 87 86 86 86 86 86 86 86 85 85 86 86 86 87 86 87 87 87 88 88 88 87 87 87 87 87 88 89 88 88 87 87 86 87 87 89 89 89 89 89 89 89 89 90 91 90 90 90 89 89 90 90 90 89 88 87 88 88 89 91 92 92 93 94 95 96 97 98 99 99 98 96 92 87 83 79 76 76 76 76 76 76 75 75 74 76 78 80 83 85 90 94 95 99 
84 81 79 79 79 80 80 80 81 81 79 79 79 78 76 76 76 75 76 76 77 78 78 77 77 77 77 77 77 77 76 76 76 76 76 76 76 75 73 72 71 71 72 73 75 76 76 76 76 77 77 77 79 79 80 80 80 80 80 81 81 82 82 82 82 83 84 85 86 87 87 87 87 88 88 88 89 89 90 90 91 91 91 90 91 91 92 91 92 91 90 90 91 91 91 91 91 91 91 92 92 93 93 92 92 92 93 93 93 93 93 93 92 92 92 93 93 94 94 94 94 93 93 93 94 95 95 95 95 95 94 93 93 94 94 93 92 92 92 92 93 94 94 94 94 94 95 96 97 98 98 97 96 92 87 83 79 76 75 74 74 74 73 73 73 72 0 74 76 79 81 83 88 92 97 105 
82 86 79 78 79 80 79 80 80 79 78 77 77 76 76 75 75 74 74 74 74 74 75 75 75 75 75 75 75 75 74 74 75 75 75 76 77 76 76 75 75 75 76 77 78 79 80 80 80 81 81 81 82 83 83 84 84 84 84 85 85 86 87 87 88 88 89 89 90 91 91 91 91 92 92 92 93 94 94 94 95 95 95 95 95 96 96 97 97 97 96 95 95 96 96 96 96 96 96 97 97 97 98 98 98 98 98 98 98 98 98 98 97 98 98 98 98 99 99 98 98 98 97 97 98 99 99 100 99 99 98 98 98 98 99 97 97 96 97 96 97 98 98 97 98 99 99 100 101 102 101 99 95 91 84 80 76 74 73 72 72 72 71 71 71 0 0 72 76 77 79 82 86 91 103 98 
74 80 78 77 77 78 78 77 77 77 76 75 75 75 75 75 74 73 73 72 71 72 72 73 74 74 74 74 75 75 75 76 77 78 78 79 79 79 80 80 80 80 81 81 82 83 83 83 84 85 85 86 87 87 87 88 88 88 88 89 90 90 91 92 92 93 94 94 94 95 96 96 96 97 97 98 98 99 99 99 99 100 99 100 100 101 101 102 102 102 101 101 101 101 101 102 102 102 102 103 103 103 103 103 103 103 104 104 104 103 103 103 103 104 104 104 104 104 104 104 103 103 103 103 103 104 104 104 104 103 103 102 102 102 103 102 101 101 101 101 101 102 101 101 102 103 103 104 105 106 105 101 96 90 83 78 75 73 72 71 70 70 70 69 0 0 0 0 73 75 78 80 84 89 95 106 
76 74 76 76 76 76 76 76 75 75 74 74 73 74 73 73 73 72 72 71 71 72 73 74 75 75 76 76 77 77 78 79 79 80 81 81 82 82 83 84 84 84 85 85 86 86 87 87 88 89 90 90 91 91 91 92 92 92 92 93 94 95 96 96 97 97 98 98 98 99 99 99 100 100 100 100 100 101 100 100 100 101 100 101 102 102 102 103 103 103 102 103 102 102 103 103 103 104 104 104 104 104 104 105 105 105 106 106 106 106 106 106 106 107 107 107 107 108 108 107 107 107 107 108 108 109 109 109 108 107 107 107 107 108 108 107 107 106 107 106 106 106 106 105 106 107 107 109 110 111 110 105 99 92 84 78 75 72 71 70 69 69 68 0 0 0 0 0 72 74 76 79 83 87 95 97 
74 71 75 75 75 75 75 74 73 73 72 72 72 73 73 74 74 74 73 73 73 74 74 75 76 77 77 78 79 79 80 81 82 83 83 83 85 85 86 88 89 89 90 90 90 90 91 91 92 93 93 94 94 94 94 95 94 95 95 95 96 97 97 97 97 97 97 97 98 98 99 99 99 99 99 99 99 100 99 99 99 99 99 100 101 102 102 102 103 102 102 102 102 102 102 103 102 103 103 103 103 103 103 104 105 105 105 105 105 105 105 105 105 106 106 107 107 108 108 107 107 108 108 108 108 109 109 110 109 109 109 110 110 111 112 111 111 111 111 110 110 111 110 110 111 111 112 113 115 116 115 109 103 95 86 78 74 72 70 69 67 67 0 0 0 0 0 0 71 73 75 77 81 86 86 94 
0 76 74 74 74 74 74 73 73 73 73 73 73 74 74 75 75 76 75 75 75 76 76 77 78 79 80 81 81 82 83 84 85 86 87 87 88 89 90 91 92 92 93 92 92 93 93 93 93 94 94 94 94 94 94 94 94 94 94 94 95 96 96 96 96 96 96 97 96 97 97 97 97 98 98 98 99 99 99 98 98 98 98 99 100 100 100 100 100 100 100 100 100 100 101 101 101 101 101 100 101 101 101 102 102 102 103 103 103 103 103 104 104 105 105 105 106 106 106 106 106 106 106 107 108 108 108 109 109 108 109 109 110 110 111 111 111 111 111 111 111 112 111 111 112 113 114 116 118 119 119 113 106 97 87 79 74 71 69 67 64 0 0 0 0 0 0 0 70 72 75 77 80 85 94 97 
76 73 73 73 73 74 75 75 75 75 75 75 75 76 77 77 77 78 77 78 78 79 79 81 81 82 83 84 84 85 86 86 87 88 89 89 90 90 90 91 91 91 92 92 91 92 92 92 92 93 93 94 93 93 93 92 92 92 91 91 91 91 91 91 90 90 90 91 91 91 92 92 93 95 96 97 98 99 98 97 97 98 97 98 97 96 95 94 93 93 93 93 93 93 93 93 94 94 94 94 94 94 94 95 96 96 97 97 97 98 99 99 99 99 98 98 98 99 99 99 100 100 101 103 104 106 107 108 108 107 108 108 109 109 109 109 109 109 110 110 110 111 110 110 111 112 113 114 116 118 119 114 107 98 88 79 73 70 68 66 0 0 0 0 0 0 0 0 68 71 74 76 79 84 87 100 
77 70 75 75 75 77 77 77 77 77 76 77 78 78 79 79 80 80 80 81 82 83 84 85 85 85 85 86 86 86 86 86 87 88 88 88 89 89 88 89 89 89 89 89 88 88 88 87 87 88 88 88 88 87 86 86 87 88 89 91 91 90 90 90 89 89 89 89 89 90 91 89 90 92 93 95 97 98 98 97 97 97 97 96 95 94 92 91 91 91 91 91 90 91 91 91 91 91 91 91 92 92 93 93 94 94 95 95 96 97 97 97 97 97 96 96 96 97 97 97 98 99 98 99 101 103 103 106 107 107 107 108 108 108 109 109 109 109 110 110 110 110 109 109 110 110 111 112 114 116 117 113 106 98 89 79 72 70 68 0 0 0 0 0 0 62 0 0 68 72 74 77 79 84 87 96 
74 74 77 77 77 78 78 78 78 79 78 79 80 81 81 82 82 82 83 83 83 84 84 85 85 85 85 85 85 85 86 86 87 87 87 86 87 86 84 84 84 84 83 84 84 86 85 86 86 87 86 86 86 86 84 84 86 87 88 91 90 89 88 87 87 86 86 86 87 87 88 85 87 89 91 93 97 98 97 97 97 97 97 95 93 92 89 87 88 88 87 88 87 87 88 87 87 88 88 87 89 89 89 90 90 91 91 92 92 94 94 94 94 94 93 92 93 94 93 94 95 96 95 95 98 100 101 104 107 107 107 108 108 108 108 108 108 109 109 109 109 109 109 108 108 108 109 110 111 113 115 112 104 97 89 79 71 70 0 0 0 0 0 0 0 62 0 0 68 73 75 77 79 83 87 89 
75 81 78 78 79 80 80 81 81 81 81 81 82 82 82 82 82 82 82 82 83 84 84 85 85 85 85 84 85 85 85 85 86 86 86 85 85 84 83 82 82 82 81 82 83 83 83 84 83 84 84 84 84 83 81 81 82 82 84 87 86 85 84 83 82 82 81 81 81 82 83 79 82 86 89 92 97 98 97 97 97 97 96 93 90 88 84 81 81 81 80 80 80 80 81 81 81 81 81 81 82 82 82 84 84 85 86 87 87 89 89 90 88 89 87 86 86 87 87 88 89 91 90 90 94 98 100 102 106 107 107 107 107 107 107 108 108 108 109 108 108 108 108 107 107 107 107 108 109 111 113 111 103 97 90 80 69 0 0 0 0 0 0 0 0 62 0 0 69 74 75 77 79 82 85 86 
88 83 80 80 80 81 81 81 82 81 81 81 81 82 82 82 82 82 82 82 83 84 85 85 85 85 85 84 85 85 85 85 85 85 84 83 83 82 81 80 80 80 78 78 79 79 77 79 79 80 80 79 79 77 75 75 76 75 77 81 79 77 75 72 70 69 67 68 70 71 72 70 78 84 87 90 96 97 97 97 97 97 96 92 89 85 80 72 69 69 67 66 66 66 67 68 68 69 68 69 70 69 70 72 72 74 76 77 77 79 80 79 77 75 72 70 70 71 72 76 77 80 79 81 89 94 97 100 105 106 106 107 107 107 107 107 107 108 108 107 107 107 107 107 107 106 107 107 108 109 111 109 102 98 93 83 67 0 0 0 0 0 0 0 0 0 0 0 0 74 74 76 78 81 89 90 
79 80 80 80 80 80 80 80 80 80 80 80 81 81 82 81 81 81 81 80 81 82 83 83 84 85 84 84 85 85 85 85 85 83 83 81 79 77 77 74 74 73 70 70 71 71 68 69 69 69 70 69 70 67 62 60 0 0 0 0 0 0 0 0 0 0 0 0 0 0 0 67 78 84 87 89 95 97 97 97 97 97 96 91 89 86 81 71 0 0 0 0 0 0 0 0 0 0 0 0 0 0 0 0 0 0 0 0 0 0 0 0 0 0 0 0 0 0 0 0 0 0 0 74 86 92 95 98 104 106 106 107 107 107 107 108 108 108 108 107 107 107 106 106 106 106 105 105 106 107 109 109 101 99 95 85 68 0 0 0 0 0 0 0 0 0 0 0 0 74 74 76 78 80 86 86 
83 79 78 78 79 78 78 79 79 79 79 80 80 80 80 79 79 78 78 77 78 80 81 82 83 84 83 84 84 85 84 85 84 81 80 78 75 71 69 66 65 61 55 0 0 0 0 0 0 0 0 0 0 0 0 0 0 0 0 0 0 0 0 0 0 0 0 0 0 0 0 70 80 85 88 90 95 97 97 97 97 97 96 91 89 86 80 69 0 0 0 0 0 0 0 0 0 0 0 0 0 0 0 0 0 0 0 0 0 0 0 0 0 0 0 0 0 0 0 0 0 0 0 73 87 93 96 97 104 106 106 106 106 106 106 107 107 107 107 107 106 106 106 106 105 105 104 104 105 106 108 108 101 100 96 88 70 0 0 0 0 0 0 0 0 0 0 0 0 72 73 75 76 79 85 92 
77 73 77 77 78 77 77 78 79 79 79 79 79 79 79 79 78 77 77 75 77 79 81 81 83 84 83 83 84 84 84 85 84 80 79 77 74 65 0 0 0 0 0 0 0 0 0 0 0 0 0 0 0 0 0 0 0 0 0 0 0 0 0 0 0 0 0 0 0 0 0 71 81 85 88 90 95 96 97 97 97 97 96 90 89 85 80 69 0 0 0 0 0 0 0 0 0 0 0 0 0 0 0 0 0 0 0 0 0 0 0 0 0 0 0 0 0 0 0 0 0 0 0 73 87 92 95 97 104 105 106 106 106 105 106 106 107 107 106 106 105 105 106 106 106 105 105 104 104 105 107 108 101 100 98 90 73 0 0 0 0 0 0 0 0 0 0 0 0 69 71 73 74 77 77 90 
68 75 76 76 77 76 76 77 78 78 78 78 78 78 79 78 78 75 74 71 73 75 78 80 82 83 83 83 84 85 84 85 84 79 77 76 71 61 0 0 0 0 0 0 0 0 0 0 0 0 0 0 0 0 0 0 0 0 0 0 0 0 50 50 50 50 50 0 0 0 0 72 81 86 88 90 95 96 97 97 97 97 96 90 89 86 80 67 0 0 0 0 0 0 0 0 0 0 0 0 0 0 0 0 0 0 0 0 0 0 0 0 0 0 0 0 0 0 0 0 0 0 0 74 87 93 95 97 104 105 105 106 106 105 106 106 107 106 106 106 105 105 106 106 105 105 104 104 103 104 106 107 101 101 99 92 76 0 0 0 0 0 0 0 0 0 0 0 0 67 71 72 74 77 73 86 
77 78 75 76 76 76 76 77 77 77 78 78 78 77 78 77 77 74 71 68 70 72 76 79 82 83 83 83 84 84 84 84 83 78 76 73 68 57 0 0 0 0 0 0 0 0 0 0 0 0 0 0 0 0 0 0 0 0 0 0 0 54 53 52 51 51 49 47 0 0 0 74 83 87 89 91 95 97 97 96 96 97 96 90 89 86 80 68 0 0 0 0 0 0 0 0 0 0 0 0 0 0 0 0 0 0 0 0 0 0 0 0 0 0 0 0 0 0 0 0 0 0 0 74 86 92 95 97 104 105 105 105 105 105 105 106 106 106 105 105 105 105 105 106 104 104 103 103 103 104 105 107 102 101 100 94 78 0 0 0 0 0 0 0 0 0 0 0 0 66 70 72 73 76 76 85 
75 75 75 76 76 76 76 77 77 77 77 77 76 76 77 76 75 72 68 65 68 72 76 79 82 82 82 82 83 84 83 84 83 77 75 73 68 55 0 0 0 0 0 0 0 0 0 0 0 0 0 0 0 0 0 0 0 0 0 0 51 53 53 52 51 51 49 47 0 0 0 74 83 87 89 91 96 97 97 96 96 96 95 90 88 85 80 67 0 0 0 0 0 0 0 0 0 0 0 0 0 0 0 0 0 0 0 0 0 0 0 0 0 0 0 0 0 0 0 0 0 0 0 73 85 91 95 97 103 105 105 105 105 105 105 105 105 105 104 104 104 104 104 104 104 103 103 102 102 103 105 106 102 102 101 96 82 0 0 0 0 0 0 0 0 0 0 0 0 65 69 71 72 75 82 87 
75 71 75 76 76 76 77 77 76 76 76 76 76 76 77 76 76 74 70 68 70 73 76 79 81 82 81 82 83 83 83 84 83 78 76 74 68 0 0 0 0 0 0 0 0 0 0 0 0 0 0 0 0 0 0 0 0 0 0 0 51 53 53 52 51 51 49 47 0 0 0 71 82 86 89 90 96 97 97 96 96 96 95 89 88 85 79 66 0 0 0 0 0 0 0 0 0 0 0 0 0 0 0 0 0 0 0 0 0 0 0 0 0 0 0 0 0 0 0 0 0 0 0 73 84 91 94 96 102 105 104 105 105 105 105 105 105 105 104 104 104 103 103 104 104 103 103 102 103 103 104 106 103 101 100 95 82 0 0 0 0 0 0 0 0 0 0 0 0 0 70 71 73 75 78 82 
78 76 74 74 75 75 76 76 75 76 76 75 75 76 77 77 76 74 71 70 72 74 76 80 81 82 81 82 82 83 83 84 82 79 77 74 68 0 0 0 0 0 0 0 0 0 0 0 0 0 0 0 0 0 0 0 0 0 0 0 51 53 53 52 52 51 50 47 0 0 0 68 81 85 88 90 96 97 97 97 96 96 95 89 88 85 79 66 0 0 0 0 0 0 0 0 0 0 0 0 0 0 0 0 0 0 0 0 0 0 0 0 0 0 0 0 0 0 0 0 0 0 0 70 82 90 93 96 102 104 104 105 105 105 105 104 104 104 103 103 103 103 103 103 103 103 102 102 102 103 104 106 104 100 98 94 83 0 0 0 0 0 0 0 0 0 0 0 0 0 70 72 73 76 75 87 
71 70 74 74 75 75 76 75 76 76 75 75 75 76 76 76 76 75 74 73 75 77 78 80 82 82 81 81 82 82 83 84 82 80 78 76 69 0 0 0 0 0 0 0 0 0 0 0 0 0 0 0 0 0 0 0 0 0 0 0 0 54 54 53 52 51 49 47 0 0 0 66 80 85 88 90 96 96 96 96 96 95 95 88 87 84 78 64 0 0 0 0 0 0 0 0 0 0 0 0 0 0 0 0 0 0 0 0 0 0 0 0 0 0 0 0 0 0 0 0 0 0 0 65 79 88 92 94 102 104 104 104 104 105 105 104 104 104 103 102 103 103 102 103 103 102 102 102 102 102 103 105 105 99 98 94 83 0 0 0 0 0 0 0 0 0 0 0 0 0 68 71 72 75 72 81 
74 68 73 73 74 75 75 75 75 75 75 75 76 76 76 77 76 76 76 76 76 78 79 80 81 81 80 81 81 82 83 84 82 81 80 78 72 0 0 0 0 0 0 0 0 0 0 0 0 0 0 0 0 0 0 0 0 0 0 0 0 0 52 52 52 50 0 0 0 0 0 64 78 84 87 89 95 96 96 96 96 96 95 88 86 83 76 61 0 0 0 0 0 0 0 0 0 0 0 0 0 0 0 0 0 0 0 0 0 0 0 0 0 0 0 0 0 0 0 0 0 0 0 61 77 86 91 93 102 104 104 104 104 105 105 104 103 103 102 102 103 103 102 102 103 102 102 102 102 102 103 105 105 98 96 93 82 62 0 0 0 0 0 0 0 0 0 0 0 0 67 70 71 74 77 80 
71 74 73 73 73 74 75 74 75 75 75 75 76 75 76 77 77 78 79 79 79 80 80 81 81 81 80 81 82 83 83 84 81 81 79 77 70 0 0 0 0 0 0 0 0 0 0 0 0 0 0 0 0 0 0 0 0 0 0 0 0 0 0 0 0 0 0 0 0 0 0 65 78 84 87 89 95 96 96 96 96 96 95 88 86 82 76 59 0 0 0 0 0 0 0 0 0 0 0 0 0 0 0 0 0 0 0 0 0 0 0 0 0 0 0 0 0 0 0 0 0 0 0 58 75 85 89 92 101 104 103 104 104 104 104 104 104 103 102 102 103 103 102 103 103 102 102 102 101 102 102 104 105 97 95 92 83 63 0 0 0 0 0 0 0 0 0 0 0 0 67 70 71 73 77 82 
76 70 72 72 73 74 74 74 75 74 74 74 76 75 76 77 77 78 79 79 80 81 81 81 81 81 81 82 82 83 83 84 81 80 79 76 68 0 0 0 0 0 0 0 0 0 0 0 0 0 0 0 0 0 0 0 0 0 0 0 0 0 0 0 0 0 0 0 0 0 0 67 80 85 88 89 95 96 96 96 96 96 95 88 86 83 76 59 0 0 0 0 0 0 0 0 0 0 0 0 0 0 0 0 0 0 0 0 0 0 0 0 0 0 0 0 0 0 0 0 0 0 0 54 73 83 88 91 102 104 103 104 104 104 104 104 103 103 102 102 102 102 102 102 102 102 101 101 101 101 101 104 104 97 96 94 85 67 0 0 0 0 0 0 0 0 0 0 0 0 64 68 70 72 72 76 
74 74 73 73 73 74 73 74 74 74 74 75 76 75 76 77 77 78 79 80 80 81 81 81 81 82 81 82 82 83 83 84 81 80 78 75 67 0 0 0 0 0 0 0 0 0 0 0 0 0 0 0 0 0 0 0 0 0 0 0 0 0 0 0 0 0 0 0 0 0 0 69 81 86 88 90 95 96 95 96 96 96 95 88 85 82 75 57 0 0 0 0 0 0 0 0 0 0 0 0 0 0 0 0 0 0 0 0 0 0 0 0 0 0 0 0 0 0 0 0 0 0 0 51 71 82 87 90 101 103 103 103 103 103 104 104 104 103 102 102 102 103 103 103 102 101 101 100 100 101 101 103 104 98 97 95 87 68 0 0 0 0 0 0 0 0 0 0 0 0 64 67 69 72 74 79 
77 70 72 73 73 73 73 73 73 73 73 75 76 76 76 77 77 78 79 80 80 81 81 81 81 82 82 82 83 83 83 84 80 79 77 74 66 0 0 0 0 0 0 0 0 0 0 0 0 0 0 0 0 0 0 0 0 0 0 0 0 0 0 0 0 0 0 0 0 0 0 69 82 86 88 90 95 95 96 96 96 96 95 88 86 82 74 57 0 0 0 0 0 0 0 0 0 0 0 0 0 0 0 0 0 0 0 0 0 0 0 0 0 0 0 0 0 0 0 0 0 0 0 50 70 81 86 90 101 103 103 103 103 103 103 104 104 103 103 103 103 103 103 103 102 101 100 100 100 100 101 103 105 99 98 96 89 71 0 0 0 0 0 0 0 0 0 0 0 0 65 68 69 71 73 81 
72 75 72 73 73 73 73 73 73 73 73 74 75 76 76 76 76 77 78 79 80 81 81 82 81 82 82 82 83 83 83 83 80 79 77 74 67 0 0 0 0 0 0 0 0 0 0 0 0 0 0 0 0 0 0 0 0 0 0 0 0 0 0 0 0 0 0 0 0 0 0 70 82 87 89 91 96 96 96 96 96 96 96 88 86 83 76 58 0 0 0 0 0 0 0 0 0 0 0 0 0 0 0 0 0 0 0 0 0 0 0 0 0 0 0 0 0 0 0 0 0 0 0 49 71 82 88 91 101 104 103 103 103 103 103 104 104 104 103 103 103 103 103 102 102 101 100 99 99 100 101 102 105 99 99 98 92 74 0 0 0 0 0 0 0 0 0 0 0 0 65 68 70 72 72 73 
70 72 72 73 73 73 73 73 73 73 73 74 75 76 76 76 77 77 78 79 80 81 81 81 81 82 82 82 83 83 82 83 80 79 78 76 68 0 0 0 0 0 0 0 0 0 0 0 0 0 0 0 0 0 0 0 0 0 0 0 0 0 0 0 0 0 0 0 0 0 0 71 83 87 89 91 96 96 96 96 96 97 96 88 87 83 76 60 0 0 0 0 0 0 0 0 0 0 0 0 0 0 0 0 0 0 0 0 0 0 0 0 0 0 0 0 0 0 0 0 0 0 0 0 72 84 89 92 100 104 104 104 104 104 104 104 104 104 104 103 103 103 103 102 101 101 100 100 100 100 101 102 104 100 100 99 94 77 0 0 0 0 0 0 0 0 0 0 0 0 0 68 70 71 74 79 
73 68 72 72 72 73 73 73 73 73 73 74 74 75 75 76 76 77 77 79 79 80 80 81 81 82 82 82 83 83 83 83 80 79 78 76 68 0 0 0 0 0 0 0 0 0 0 0 0 0 0 0 0 0 0 0 0 0 0 0 0 0 0 0 0 0 0 0 0 0 0 73 84 88 90 91 96 96 96 96 96 97 96 88 87 83 76 59 0 0 0 0 0 0 0 0 0 0 0 0 0 0 0 0 0 0 0 0 0 0 0 0 0 0 0 0 0 0 0 0 0 0 0 0 75 86 91 94 99 103 103 103 103 103 103 103 104 104 104 103 103 103 102 102 101 101 100 100 100 100 100 102 104 100 98 96 91 74 0 0 0 0 0 0 0 0 0 0 0 0 0 68 70 72 72 72 
69 71 71 72 72 73 74 73 73 73 73 73 74 75 75 75 76 77 77 78 79 79 80 81 81 81 82 82 83 83 83 83 80 79 78 75 67 0 0 0 0 0 0 0 0 0 0 0 0 0 0 0 0 0 0 0 0 0 0 0 0 0 0 0 0 0 0 0 0 0 0 74 84 88 90 91 95 96 96 96 96 96 96 88 84 80 72 56 0 0 0 0 0 0 0 0 0 0 0 0 0 0 0 0 0 0 0 0 0 0 0 0 0 0 0 0 0 0 0 0 0 0 0 0 77 88 93 95 99 103 104 104 103 104 103 103 103 103 103 103 103 102 102 101 101 101 100 100 100 100 101 102 105 101 97 96 90 75 0 0 0 0 0 0 0 0 0 0 0 0 0 67 69 71 71 75 
64 69 70 71 71 72 73 73 73 73 73 73 73 74 75 75 76 77 76 78 78 79 79 80 81 81 82 82 83 83 83 83 80 80 78 76 67 0 0 0 0 0 0 0 0 0 0 0 0 0 0 0 0 0 0 0 0 0 0 0 0 0 0 0 0 0 0 0 0 0 0 76 85 89 90 92 96 96 96 96 96 96 95 88 82 78 70 55 0 0 0 0 0 0 0 0 0 0 0 0 0 0 0 0 0 0 0 0 0 0 0 0 0 0 0 0 0 0 0 0 0 0 0 0 82 92 95 98 99 103 103 103 103 103 103 103 103 103 103 103 103 102 101 101 101 100 101 100 100 101 101 102 105 102 96 94 89 74 0 0 0 0 0 0 0 0 0 0 0 0 0 66 69 71 70 81 
64 70 70 71 71 72 73 73 73 73 73 73 74 75 75 76 77 77 77 78 78 78 79 80 81 82 82 83 83 83 83 83 79 79 77 73 63 0 0 0 0 0 0 0 0 0 0 0 0 0 0 0 0 0 0 0 0 0 0 0 0 0 0 0 0 0 0 0 0 0 0 76 86 89 91 92 96 96 96 96 96 96 95 88 80 76 67 52 0 0 0 0 0 0 0 0 0 0 0 0 0 0 0 0 0 0 0 0 0 0 0 0 0 0 0 0 0 0 0 0 0 0 0 0 81 90 94 97 98 102 103 103 103 103 103 103 103 103 103 103 103 102 101 101 100 100 100 100 100 100 100 102 105 103 95 93 88 75 54 0 0 0 0 0 0 0 0 0 0 0 0 65 68 70 69 68 
71 72 70 71 71 72 73 73 73 73 73 73 74 75 75 76 77 76 76 77 78 78 79 80 80 81 82 82 83 83 84 83 78 77 75 70 59 0 0 0 0 0 0 0 0 0 0 0 0 0 0 0 0 0 0 0 0 0 0 0 0 0 0 0 0 0 0 0 0 0 0 77 86 89 91 92 96 96 96 95 95 96 95 87 80 75 67 51 0 0 0 0 0 0 0 0 0 0 0 0 0 0 0 0 0 0 0 0 0 0 0 0 0 0 0 0 0 0 0 0 0 0 0 0 80 90 94 97 98 102 103 103 103 103 103 103 103 103 103 103 103 102 102 101 100 100 100 99 99 100 100 102 105 103 94 92 87 74 55 0 0 0 0 0 0 0 0 0 0 0 0 64 68 71 75 75 
67 73 70 71 71 72 72 73 73 73 73 74 75 75 76 76 76 76 76 77 78 78 79 80 81 81 82 82 83 83 84 83 78 76 73 68 55 0 0 0 0 0 0 0 0 0 0 0 0 0 0 0 0 0 0 0 0 0 0 0 0 0 0 0 0 0 0 0 0 0 0 77 86 89 91 92 96 96 96 96 95 96 95 87 80 75 67 51 0 0 0 0 0 0 0 0 0 0 0 0 0 0 0 0 0 0 0 0 0 0 0 0 0 0 0 0 0 0 0 0 0 0 0 0 79 90 94 96 98 102 103 103 103 103 103 103 103 103 102 102 102 102 101 101 100 100 100 99 99 100 101 102 105 104 96 94 89 77 58 0 0 0 0 0 0 0 0 0 0 0 0 64 68 70 74 74 
74 72 70 71 71 71 72 72 72 73 73 74 75 76 76 76 77 77 77 77 78 78 79 79 81 81 82 82 83 83 83 83 78 76 74 68 53 0 0 0 0 0 0 0 0 0 0 0 0 0 0 0 0 0 0 0 0 0 0 0 0 0 0 0 0 0 0 0 0 0 0 77 86 89 91 93 96 97 97 96 96 96 95 88 80 76 67 52 0 0 0 0 0 0 0 0 0 0 0 0 0 0 0 0 0 0 0 0 0 0 0 0 0 0 0 0 0 0 0 0 0 0 0 0 71 85 90 94 97 102 103 103 103 103 103 103 103 103 103 102 102 102 101 101 100 100 100 99 100 100 100 102 105 104 96 94 90 78 59 0 0 0 0 0 0 0 0 0 0 0 0 64 68 71 72 80 
67 69 71 71 71 72 72 73 73 73 73 73 75 75 76 76 77 77 77 78 78 78 79 79 80 81 81 82 82 83 83 82 78 76 74 68 0 0 0 0 0 0 0 0 0 0 0 0 0 0 0 0 0 0 0 0 0 0 0 0 0 0 0 0 0 0 0 0 0 0 0 71 81 86 89 92 96 97 97 96 96 96 95 88 80 76 67 52 0 0 0 0 0 0 0 0 0 0 0 0 0 0 0 0 0 0 0 0 0 0 0 0 0 0 0 0 0 0 0 0 0 0 0 0 70 84 89 93 97 102 103 103 103 104 104 104 104 103 103 103 103 102 102 101 100 100 99 99 99 99 100 102 104 104 96 95 91 80 61 0 0 0 0 0 0 0 0 0 0 0 0 65 68 70 71 74 
71 73 71 71 71 72 72 72 72 73 73 74 74 75 75 76 77 77 77 78 78 79 79 80 80 81 81 82 82 83 83 82 79 78 75 70 0 0 0 0 0 0 0 0 0 0 0 0 0 0 0 0 0 0 0 0 0 0 0 0 0 0 0 0 0 0 0 0 0 0 0 71 81 86 89 92 96 97 96 96 96 96 95 88 80 76 68 52 0 0 0 0 0 0 0 0 0 0 0 0 0 0 0 0 0 0 0 0 0 0 0 0 0 0 0 0 0 0 0 0 0 0 0 0 70 84 89 93 97 103 103 104 103 103 104 104 103 103 103 102 102 102 102 101 101 100 100 99 99 100 100 102 104 104 97 95 91 82 63 0 0 0 0 0 0 0 0 0 0 0 0 65 68 71 71 77 
76 68 70 71 71 72 72 72 72 73 73 73 74 74 75 75 76 76 77 78 79 79 79 80 81 81 81 82 83 83 83 82 80 79 77 72 0 0 0 0 0 0 0 0 0 0 0 0 0 0 0 0 0 0 0 0 0 0 0 0 0 0 0 0 0 0 0 0 0 0 0 71 82 86 89 93 97 97 97 97 97 96 96 89 79 74 66 51 39 0 0 0 0 0 0 0 0 0 0 0 0 0 0 0 0 0 0 0 0 0 0 0 0 0 0 0 0 0 0 0 0 0 0 0 68 83 89 93 97 103 104 104 103 103 103 103 103 103 103 102 102 101 101 101 101 100 99 99 99 99 100 102 104 105 98 96 93 84 66 0 0 0 0 0 0 0 0 0 0 0 0 65 69 71 66 74 
71 69 70 71 71 72 72 72 73 73 73 73 73 74 75 76 76 77 77 78 79 80 80 80 81 81 81 82 82 83 83 82 82 81 80 77 0 0 0 0 0 0 0 0 0 0 0 0 0 0 0 0 0 0 0 0 0 0 0 0 0 0 0 0 0 0 0 0 0 0 0 68 79 84 87 92 96 97 97 96 96 96 96 89 78 73 65 50 40 0 0 0 0 0 0 0 0 0 0 0 0 0 0 0 0 0 0 0 0 0 0 0 0 0 0 0 0 0 0 0 0 0 0 0 67 82 89 93 97 104 104 104 103 103 103 103 103 103 103 102 102 102 101 101 101 100 99 99 98 99 100 101 103 104 97 96 93 85 65 0 0 0 0 0 0 0 0 0 0 0 0 66 70 71 79 73 
67 70 70 70 71 71 72 72 72 72 72 72 73 73 74 75 76 77 77 78 79 80 80 80 80 81 81 82 82 83 83 82 81 81 79 76 0 0 0 0 0 0 0 0 0 0 0 0 0 0 0 0 0 0 0 0 0 0 0 0 0 0 0 0 0 0 0 0 0 0 0 64 76 81 85 93 96 97 96 97 97 97 96 89 78 71 63 49 40 0 0 0 0 0 0 0 0 0 0 0 0 0 0 0 0 0 0 0 0 0 0 0 0 0 0 0 0 0 0 0 0 0 0 0 71 85 92 95 97 104 105 105 104 104 103 103 103 102 102 102 102 101 101 101 101 100 99 99 98 99 100 101 103 104 98 96 93 86 66 0 0 0 0 0 0 0 0 0 0 0 0 68 71 72 75 75 
66 70 70 70 71 71 71 72 72 72 73 73 73 74 74 75 75 77 77 78 79 80 80 81 81 81 81 82 82 83 83 81 81 80 78 74 0 0 0 0 0 0 0 0 0 0 0 0 0 0 0 0 0 0 0 0 0 0 0 0 0 0 0 0 0 0 0 0 0 0 39 65 76 82 85 93 97 97 97 97 97 97 96 90 78 72 64 50 41 0 0 0 0 0 0 0 0 0 0 0 0 0 0 0 0 0 0 0 0 0 0 0 0 0 0 0 0 0 0 0 0 0 0 0 70 85 91 95 97 104 105 105 105 104 103 103 102 102 102 101 101 101 100 101 101 100 99 99 99 99 100 101 103 104 98 97 94 87 67 0 0 0 0 0 0 0 0 0 0 0 0 66 69 71 73 71 
68 73 69 70 71 71 72 72 72 72 72 72 73 73 74 75 75 77 77 78 79 80 80 81 81 81 81 82 82 82 83 81 81 80 78 73 0 0 0 0 0 0 0 0 0 0 0 0 0 0 0 0 0 0 0 0 0 0 0 0 0 0 0 0 0 0 0 0 0 0 39 63 74 80 84 94 97 97 97 97 97 97 97 90 79 73 65 52 43 0 0 0 0 0 0 0 0 0 0 0 0 0 0 0 0 0 0 0 0 0 0 0 0 0 0 0 0 0 0 0 0 0 0 0 69 84 91 95 97 104 105 105 105 104 103 103 103 102 102 101 101 101 101 101 101 100 99 99 99 99 100 101 103 105 99 98 96 90 70 0 0 0 0 0 0 0 0 0 0 0 0 0 68 69 71 76 
67 68 70 70 71 71 72 72 72 72 73 73 73 74 75 75 76 77 77 78 79 80 80 81 81 81 81 81 81 82 82 80 80 79 77 72 0 0 0 0 0 0 0 0 0 0 0 0 0 0 0 0 0 0 0 0 0 0 0 0 0 0 0 0 0 0 0 0 0 0 39 62 72 78 82 94 97 97 97 97 98 98 97 91 80 74 66 53 44 0 0 0 0 0 0 0 0 0 0 0 0 0 0 0 0 0 0 0 0 0 0 0 0 0 0 0 0 0 0 0 0 0 0 0 69 85 91 95 97 104 105 105 105 104 104 103 102 102 101 101 101 101 100 101 100 100 99 99 99 99 100 101 103 105 99 99 96 90 70 0 0 0 0 0 0 0 0 0 0 0 0 0 67 68 60 72 
65 68 70 70 71 71 71 71 72 72 72 73 73 74 75 75 75 76 77 78 79 80 80 80 80 81 81 81 82 82 82 80 80 79 77 70 0 0 0 0 0 0 0 0 0 0 0 0 0 0 0 0 0 0 0 0 0 0 0 0 0 0 0 0 0 0 0 0 0 0 40 63 73 79 83 95 97 98 98 98 98 98 98 91 81 75 67 55 46 0 0 0 0 0 0 0 0 0 0 0 0 0 0 0 0 0 0 0 0 0 0 0 0 0 0 0 0 0 0 0 0 0 0 0 63 80 88 92 97 104 105 105 105 104 104 103 102 101 101 101 101 101 100 101 100 99 99 99 98 99 99 101 103 105 100 99 97 91 72 0 0 0 0 0 0 0 0 0 0 0 0 0 65 67 0 59 
70 65 69 70 71 71 71 72 72 72 73 73 73 74 74 75 75 76 77 78 79 80 80 80 80 80 80 81 82 82 82 80 80 78 76 70 0 0 0 0 0 0 0 0 0 0 0 0 0 0 0 0 0 0 0 0 0 0 0 0 0 0 0 0 0 0 0 0 0 0 40 64 74 80 84 95 98 98 98 98 98 98 97 92 82 78 71 58 49 0 0 0 0 0 0 0 0 0 0 0 0 0 0 0 0 0 0 0 0 0 0 0 0 0 0 0 0 0 0 0 0 0 0 0 62 80 88 92 97 105 105 105 105 104 104 103 102 102 101 101 101 101 100 100 100 99 98 98 98 98 99 100 103 106 100 100 98 91 73 0 0 0 0 0 0 0 0 0 0 0 0 0 0 63 0 0 
71 65 69 70 70 70 71 72 72 73 73 73 73 74 74 75 75 76 77 77 78 79 79 79 80 80 80 81 81 82 82 80 79 78 75 68 0 0 0 0 0 0 0 0 0 0 0 0 0 0 0 0 0 0 0 0 0 0 0 0 0 0 0 0 0 0 0 0 0 0 42 64 75 81 84 96 98 99 98 98 98 98 98 92 82 79 72 60 50 0 0 0 0 0 0 0 0 0 0 0 0 0 0 0 0 0 0 0 0 0 0 0 0 0 0 0 0 0 0 0 0 0 0 0 59 77 85 90 97 105 106 105 105 104 104 103 103 102 102 101 101 101 100 100 99 99 99 98 98 98 99 100 103 106 100 100 98 92 73 0 0 0 0 0 0 0 0 0 0 0 0 0 0 0 0 0 
70 69 70 70 71 70 71 72 72 73 73 74 74 75 75 76 76 77 77 77 78 79 79 79 80 80 80 81 82 82 82 79 78 77 74 66 0 0 0 0 0 0 0 0 0 0 0 0 0 0 0 0 0 0 0 0 0 0 0 0 0 0 0 0 0 0 0 0 0 0 43 64 75 81 85 96 98 99 98 99 98 99 98 93 83 79 72 61 51 0 0 0 0 0 0 0 0 0 0 0 0 0 0 0 0 0 0 0 0 0 0 0 0 0 0 0 0 0 0 0 0 0 0 0 55 73 82 87 96 104 105 105 105 104 104 103 103 102 102 101 101 101 100 100 99 98 98 98 97 98 99 100 102 105 99 99 98 91 71 0 0 0 0 0 0 0 0 0 0 0 0 0 0 0 0 0 
66 72 70 70 70 70 71 72 72 72 73 74 74 75 75 76 76 77 77 77 78 78 78 79 80 80 81 82 82 83 83 80 78 77 74 67 0 0 0 0 0 0 0 0 0 0 0 0 0 0 0 0 0 0 0 0 0 0 0 0 0 0 0 0 0 0 0 0 0 0 44 65 75 81 85 96 98 99 99 99 99 99 98 93 83 80 73 62 53 0 0 0 0 0 0 0 0 0 0 0 0 0 0 0 0 0 0 0 0 0 0 0 0 0 0 0 0 0 0 0 0 0 0 40 53 70 79 84 95 104 105 105 105 105 104 103 103 103 102 102 101 101 100 100 99 99 98 98 98 99 99 100 102 105 100 99 98 93 73 0 0 0 0 0 0 0 0 0 0 0 0 0 0 0 0 0 
67 73 70 70 70 71 71 72 72 72 73 73 74 75 75 76 77 77 77 77 78 78 78 79 80 80 81 82 83 83 83 79 78 76 73 65 0 0 0 0 0 0 0 0 0 0 0 0 0 0 0 0 0 0 0 0 0 0 0 0 0 0 0 0 0 0 0 0 0 0 43 64 75 81 85 96 98 99 99 99 99 99 98 93 84 80 74 64 54 0 0 0 0 0 0 0 0 0 0 0 0 0 0 0 0 0 0 0 0 0 0 0 0 0 0 0 0 0 0 0 0 0 0 40 53 71 79 85 96 104 105 105 105 105 105 104 103 103 102 102 102 102 101 100 100 100 99 99 99 100 100 100 102 105 99 99 98 94 74 0 0 0 0 0 0 0 0 0 0 0 0 0 0 0 0 0 
73 68 69 70 71 71 71 72 72 72 73 73 74 75 75 76 77 77 77 77 77 78 79 80 81 81 82 83 83 83 82 79 77 76 73 65 0 0 0 0 0 0 0 0 0 0 0 0 0 0 0 0 0 0 0 0 0 0 0 0 0 0 0 0 0 0 0 0 0 0 45 65 75 81 85 96 98 99 99 99 99 100 99 94 85 81 75 65 56 0 0 0 0 0 0 0 0 0 0 0 0 0 0 0 0 0 0 0 0 0 0 0 0 0 0 0 0 0 0 0 0 0 0 41 52 68 77 83 95 104 104 105 105 105 104 104 103 103 102 102 102 102 101 100 100 99 99 99 99 100 100 100 102 104 99 99 98 95 77 0 0 0 0 0 0 0 0 0 0 0 0 0 0 0 0 0 
69 69 69 70 71 71 71 71 72 72 72 73 74 75 75 76 77 78 78 78 78 79 79 80 81 82 82 83 83 82 82 78 77 75 73 65 0 0 0 0 0 0 0 0 0 0 0 0 0 0 0 0 0 0 0 0 0 0 0 0 0 0 0 0 0 0 0 0 0 0 46 66 76 82 85 96 98 99 99 99 100 100 100 95 86 83 76 66 58 0 0 0 0 0 0 0 0 0 0 0 0 0 0 0 0 0 0 0 0 0 0 0 0 0 0 0 0 0 0 0 0 0 0 40 51 67 77 82 94 103 104 105 105 105 104 104 103 103 102 102 102 102 101 100 99 99 98 98 99 99 100 100 101 104 100 100 99 96 78 0 0 0 0 0 0 0 0 0 0 0 0 0 0 0 0 0 
65 63 69 69 70 71 71 71 71 72 73 73 74 75 75 76 77 77 78 78 78 79 79 80 81 82 83 83 83 83 82 78 77 75 73 61 0 0 0 0 0 0 0 0 0 0 0 0 0 0 0 0 0 0 0 0 0 0 0 0 0 0 0 0 0 0 0 0 0 0 45 67 77 82 86 96 99 100 100 100 101 101 100 96 87 82 76 66 58 0 0 0 0 0 0 0 0 0 0 0 0 0 0 0 0 0 0 0 0 0 0 0 0 0 0 0 0 0 0 0 0 0 0 40 51 67 76 81 94 102 104 104 105 105 104 104 103 103 103 103 102 102 101 100 100 99 98 98 99 99 99 100 101 104 100 100 99 96 80 0 0 0 0 0 0 0 0 0 0 0 0 0 0 0 0 0 
65 69 68 70 71 71 71 71 71 72 72 73 74 75 75 76 77 77 77 77 78 78 79 80 81 81 83 83 83 82 82 78 77 76 73 62 0 0 0 0 0 0 0 0 0 0 0 0 0 0 0 0 0 0 0 0 0 0 0 0 0 0 0 0 0 0 0 0 0 0 45 67 77 83 86 97 100 101 101 101 101 101 101 96 88 81 75 65 56 0 0 0 0 0 0 0 0 0 0 0 0 0 0 0 0 0 0 0 0 0 0 0 0 0 0 0 0 0 0 0 0 0 0 40 51 66 75 81 94 102 103 104 104 104 104 104 103 103 103 103 102 102 101 101 100 99 98 98 99 99 99 100 101 104 100 100 99 96 80 0 0 0 0 0 0 0 0 0 0 0 0 0 0 0 0 0 
62 72 69 69 70 71 71 71 71 71 72 72 74 75 76 76 77 77 78 78 78 79 79 80 81 81 82 82 82 82 82 79 78 77 75 63 0 0 0 0 0 0 0 0 0 0 0 0 0 0 0 0 0 0 0 0 0 0 0 0 0 0 0 0 0 0 0 0 0 0 46 68 78 83 87 98 100 101 101 102 102 102 102 97 90 80 74 64 55 0 0 0 0 0 0 0 0 0 0 0 0 0 0 0 0 0 0 0 0 0 0 0 0 0 0 0 0 0 0 0 0 0 0 40 50 65 74 80 93 102 103 104 104 104 103 104 103 103 103 103 103 102 101 100 99 99 98 98 98 99 99 100 101 104 100 100 100 97 81 0 0 0 0 0 0 0 0 0 0 0 0 0 0 0 0 0 
66 64 69 70 70 71 71 71 71 71 72 72 74 75 75 76 77 77 78 78 79 79 80 80 80 80 82 82 82 82 82 79 78 77 75 64 0 0 0 0 0 0 0 0 0 0 0 0 0 0 0 0 0 0 0 0 0 0 0 0 0 0 0 0 0 0 0 0 0 0 46 69 78 84 87 98 101 102 102 102 103 103 103 98 91 80 73 64 55 41 0 0 46 45 45 45 0 0 0 0 0 0 0 0 0 0 0 0 0 0 0 0 0 0 0 0 0 0 0 0 0 0 0 39 49 65 74 80 93 102 103 104 104 104 104 104 103 103 103 103 102 102 101 100 99 99 98 98 99 99 99 100 101 104 101 100 100 97 81 0 0 0 0 0 0 0 0 0 0 0 0 0 0 0 0 0 
69 73 69 70 71 71 71 71 72 72 72 73 74 75 75 76 77 77 78 78 79 79 80 80 80 81 82 82 83 82 82 79 78 77 75 65 0 0 0 0 0 0 0 0 0 0 0 0 0 0 0 0 0 0 0 0 0 0 0 0 0 0 0 0 0 0 0 0 0 0 47 69 79 84 88 98 101 102 103 104 104 104 104 99 92 79 73 63 55 41 0 54 53 51 51 51 49 0 0 0 0 0 0 0 0 0 0 0 0 0 0 0 0 0 0 0 0 0 0 0 0 0 0 39 50 64 74 79 92 101 103 104 104 104 104 104 103 103 103 103 103 102 101 101 100 99 99 99 99 99 99 100 101 103 100 97 96 92 76 0 0 0 0 0 0 0 0 0 0 0 0 0 0 0 0 0 
63 70 69 69 71 71 71 71 72 71 71 72 74 75 76 76 77 77 78 78 78 79 80 80 81 81 82 82 82 82 82 80 79 78 76 71 0 0 0 0 0 0 0 0 0 0 0 0 0 0 0 0 0 0 0 0 0 0 0 0 0 0 0 0 0 0 0 0 0 0 50 70 79 84 88 98 101 102 103 104 104 105 105 101 93 80 74 64 55 40 0 54 58 55 55 55 56 0 0 0 0 0 0 0 0 0 0 0 0 0 0 0 0 0 0 0 0 0 0 0 0 0 0 39 50 66 75 81 92 101 103 103 104 104 103 104 103 103 102 102 102 101 100 100 99 99 98 98 98 99 99 100 101 103 100 98 97 93 78 0 0 0 0 0 0 0 0 0 0 0 0 0 0 0 0 0 
69 66 69 69 71 71 71 72 72 72 72 73 73 74 75 76 77 78 78 79 79 80 80 80 81 82 82 82 82 82 82 80 79 78 76 70 0 0 0 0 0 0 0 0 0 0 0 0 0 0 0 0 0 0 0 0 0 0 0 0 0 0 0 0 0 0 0 0 0 0 50 70 79 85 88 98 101 102 103 104 105 106 106 102 95 82 75 65 56 40 0 0 65 61 61 61 62 0 0 0 0 0 0 0 0 0 0 0 0 0 0 0 0 0 0 0 0 0 0 0 0 0 0 0 51 68 77 83 92 101 103 103 104 104 103 103 103 103 102 102 102 101 100 100 99 98 98 98 98 98 98 99 100 103 100 96 94 90 74 0 0 0 0 0 0 0 0 0 0 0 0 0 0 0 0 0 
68 68 68 69 70 71 71 71 72 72 72 73 73 74 75 75 76 77 78 78 79 80 80 81 81 82 82 82 83 82 82 79 78 77 74 69 0 0 0 0 0 0 0 0 0 0 0 0 0 0 0 0 0 0 0 0 0 0 0 0 0 0 0 0 0 0 0 0 0 0 51 70 80 85 88 98 101 103 104 105 106 106 107 103 97 83 77 67 57 41 0 0 75 72 69 69 71 61 0 0 0 0 0 0 0 0 0 0 0 0 0 0 0 0 0 0 0 0 0 0 0 0 0 0 51 68 77 83 92 101 103 103 103 103 103 103 103 102 102 102 101 100 99 99 98 97 98 98 98 98 98 99 100 103 100 96 94 90 74 0 0 0 0 0 0 0 0 0 0 0 0 0 0 0 0 0 
68 65 69 69 70 71 72 72 72 72 72 73 74 74 75 76 76 77 77 78 79 79 80 81 81 82 82 82 82 82 82 79 78 77 74 68 0 0 0 0 0 0 0 0 0 0 0 0 0 0 0 0 0 0 0 0 0 0 0 0 0 0 0 0 0 0 0 0 0 0 51 70 79 85 88 98 102 104 104 105 107 107 107 104 98 84 79 69 58 41 0 0 87 89 82 80 81 74 0 0 0 0 0 0 0 0 0 0 0 0 0 0 0 0 0 0 0 0 0 0 0 0 0 0 52 70 80 85 92 101 103 103 103 103 103 103 103 102 102 101 101 100 100 99 98 98 98 97 97 97 97 98 99 103 100 94 91 87 71 50 0 0 0 0 0 0 0 0 0 0 0 0 0 0 0 0 
67 69 69 69 70 71 71 71 72 72 72 73 74 75 75 76 76 77 78 78 79 79 80 80 81 81 81 82 82 82 82 79 79 78 75 68 0 0 0 0 0 0 0 0 0 0 0 0 0 0 0 0 0 0 0 0 0 0 0 0 0 0 0 0 0 0 0 0 0 0 52 70 79 85 88 98 102 104 104 106 107 107 108 105 99 86 80 70 59 43 0 0 87 101 98 92 90 91 70 0 0 0 0 0 0 0 0 0 0 0 0 0 0 0 0 0 0 0 0 0 0 0 0 0 53 71 80 85 93 101 103 103 103 102 102 103 102 102 102 102 101 101 100 99 98 97 97 97 96 97 97 98 100 103 100 94 92 87 71 0 0 0 0 0 0 0 0 0 0 0 0 0 0 0 0 0 
71 67 69 70 70 71 71 71 71 72 72 73 73 74 74 74 75 76 77 78 79 79 80 80 81 81 81 82 82 82 82 80 79 78 76 69 0 0 0 0 0 0 0 0 0 0 0 0 0 0 0 0 0 0 0 0 0 0 0 0 0 0 0 0 0 0 0 0 0 0 53 71 80 85 89 98 102 104 105 107 108 109 109 106 100 87 81 72 61 44 0 0 80 216 341 317 305 382 384 142 0 0 0 0 0 0 0 0 0 0 0 0 0 0 0 0 0 0 0 0 0 0 0 51 55 69 78 84 92 101 103 103 103 102 102 102 101 101 101 101 101 101 100 99 98 97 96 96 96 97 97 98 99 102 99 94 92 87 71 0 0 0 0 0 0 0 0 0 0 0 0 0 0 0 0 0 
67 72 69 69 70 71 71 71 71 71 72 73 73 74 74 74 75 75 77 77 78 79 79 79 80 80 80 81 82 82 82 80 79 78 75 69 0 0 0 0 0 0 0 0 0 0 0 0 0 0 0 0 0 0 0 0 0 0 0 0 0 0 0 0 0 0 0 0 0 0 52 71 80 85 89 99 102 105 107 109 111 112 111 108 100 87 82 73 62 46 0 0 89 223 347 395 382 447 443 321 64 0 0 0 0 0 0 0 0 0 0 0 0 0 0 0 0 0 0 0 0 0 0 64 61 72 79 83 92 101 102 102 103 102 102 102 101 101 101 101 101 101 100 99 98 97 96 96 96 96 97 98 99 101 99 93 91 87 72 0 0 0 0 0 0 0 0 0 0 0 0 0 0 0 0 0 
67 65 68 69 70 70 70 71 71 72 72 73 74 75 75 75 76 76 77 78 79 79 79 79 80 80 80 81 81 81 82 80 79 78 77 71 0 0 0 0 0 0 0 0 0 0 0 0 0 0 0 0 0 0 0 0 0 0 0 0 0 0 0 0 0 0 0 0 0 0 51 70 80 85 88 99 102 105 108 113 115 116 115 110 101 88 82 74 64 48 0 0 90 222 368 467 452 502 487 374 65 0 0 0 0 0 0 0 0 0 0 0 0 0 0 0 0 0 0 0 0 0 0 79 70 78 84 84 93 101 102 103 103 102 102 102 102 101 101 101 100 100 99 99 98 97 96 96 96 96 96 97 98 101 98 92 91 86 71 0 0 0 0 0 0 0 0 0 0 0 0 0 0 0 0 0 
64 68 68 69 70 71 71 71 71 72 72 73 74 74 74 75 75 76 77 78 78 79 79 79 80 80 81 81 82 81 82 79 79 78 77 70 0 0 0 0 0 0 0 0 0 0 0 0 0 0 0 0 0 0 0 0 0 0 0 0 0 0 0 0 0 0 0 0 0 0 52 71 80 85 88 98 101 104 109 114 116 118 116 110 101 88 82 74 64 48 0 0 86 270 432 535 495 551 509 380 63 0 0 0 0 0 0 0 0 0 0 0 0 0 0 0 0 0 0 0 0 0 102 77 70 77 82 83 93 101 102 102 103 102 102 102 101 101 100 101 100 100 99 98 98 97 96 95 95 95 96 96 98 101 98 92 91 86 71 0 0 0 0 0 0 0 0 0 0 0 0 0 0 0 0 0 
65 62 68 69 70 70 70 71 70 71 72 73 73 74 74 75 76 76 77 77 78 79 79 80 80 81 81 81 81 81 81 79 79 78 76 71 0 0 0 0 0 0 0 0 0 0 0 0 0 0 0 0 0 0 0 0 0 0 0 0 0 0 0 0 0 0 0 0 0 0 51 70 80 85 88 98 101 104 108 113 116 118 116 110 101 87 81 73 63 47 0 0 84 254 419 529 511 575 547 416 65 0 0 0 0 0 0 0 0 0 0 0 0 0 0 0 0 0 0 0 0 0 91 74 69 76 81 83 93 101 102 102 103 102 102 102 101 101 100 100 99 99 98 97 96 95 94 94 93 94 94 94 95 98 95 91 90 87 73 0 0 0 0 0 0 0 0 0 0 0 0 0 0 0 0 0 
67 69 68 70 70 71 71 71 71 71 71 73 73 74 75 75 76 77 77 78 78 79 79 79 80 80 81 81 81 81 81 79 79 78 76 70 0 0 0 0 0 0 0 0 0 0 0 0 0 0 0 0 0 0 0 0 0 0 0 0 38 38 38 0 0 0 0 0 0 0 50 69 79 85 88 98 101 103 107 112 115 116 115 109 100 86 80 71 62 46 0 0 89 161 179 364 351 374 374 418 64 0 0 0 0 0 0 0 0 0 0 0 0 0 0 0 0 0 0 0 0 0 97 73 68 76 81 83 93 101 102 102 102 102 102 102 101 101 100 100 98 97 95 93 91 89 87 86 85 84 85 85 87 91 89 85 85 82 69 0 0 0 0 0 0 0 0 0 0 0 0 0 0 0 0 0 
62 72 68 69 70 70 70 70 70 71 71 73 73 74 75 75 76 77 77 78 79 79 79 79 80 80 81 81 81 81 82 79 79 79 77 70 0 0 0 0 0 0 0 0 0 0 0 0 0 0 0 0 0 0 0 0 0 0 0 0 38 38 38 0 0 0 0 0 0 0 51 70 80 85 88 97 100 102 105 110 112 113 113 108 98 85 79 70 61 45 0 0 73 175 181 275 251 271 254 282 58 0 0 0 0 0 0 0 0 0 0 0 0 0 0 0 0 0 0 0 0 0 0 64 62 72 78 82 93 102 103 103 102 102 102 102 102 101 100 98 95 93 91 89 88 87 85 83 82 81 82 82 84 88 86 84 85 83 70 0 0 0 0 0 0 0 0 0 0 0 0 0 0 0 0 0 
67 73 68 69 70 70 70 71 71 71 72 72 73 74 74 75 76 77 77 78 78 78 79 79 80 80 81 81 81 81 82 79 79 79 76 71 0 0 0 0 0 0 0 0 0 0 0 0 0 0 0 0 0 0 0 0 0 0 0 0 0 39 39 0 0 0 0 0 0 0 52 70 79 84 87 97 100 100 103 106 108 109 110 106 97 84 78 69 58 43 0 0 0 214 186 194 171 187 157 153 0 0 0 0 0 0 0 0 0 0 0 0 0 0 0 0 0 0 0 0 0 0 0 50 53 66 74 81 93 101 102 102 102 102 102 102 101 100 98 96 93 91 88 85 82 79 76 73 72 72 73 74 77 82 83 81 81 79 67 0 0 0 0 0 0 0 0 0 0 0 0 0 0 0 0 0 
62 64 68 69 70 70 70 71 72 72 72 73 73 74 74 75 76 77 77 78 78 78 79 79 80 80 81 81 81 81 82 79 79 78 76 71 0 0 0 0 0 0 0 0 0 0 0 0 0 0 0 0 0 0 0 0 0 0 0 0 0 0 0 37 0 37 0 0 0 0 51 69 79 84 87 97 100 100 102 104 105 107 108 104 96 83 77 67 57 41 0 0 0 0 80 106 99 104 108 113 0 0 0 0 0 0 0 0 0 0 0 0 0 0 0 0 0 0 0 0 0 0 0 42 50 64 73 80 93 101 102 102 102 102 102 101 101 98 96 94 90 86 83 79 76 74 73 71 70 68 68 68 69 73 75 76 77 77 0 0 0 0 0 0 0 0 0 0 0 0 0 0 0 0 0 0 
70 64 68 69 70 71 70 71 72 72 72 73 73 73 74 74 76 76 77 78 79 78 79 79 80 80 81 82 82 81 82 79 78 78 76 69 0 0 0 0 0 0 0 0 0 0 0 0 0 0 0 0 0 0 0 0 0 0 0 0 0 0 0 37 0 37 0 0 0 0 52 69 78 84 87 97 100 101 102 104 105 106 107 103 96 82 76 66 56 40 0 0 0 0 0 110 99 99 99 107 78 0 0 0 0 0 0 0 0 0 0 0 0 0 0 0 0 0 0 0 0 0 0 40 50 65 74 80 93 101 102 102 102 102 101 101 100 97 95 92 87 81 78 76 75 75 74 73 70 67 65 63 60 61 64 65 66 67 0 0 0 0 0 0 0 0 0 0 0 0 0 0 0 0 0 0 
66 66 68 69 70 71 71 71 72 72 73 73 73 74 74 75 76 77 77 78 79 78 78 79 80 80 81 82 82 81 82 79 79 78 76 70 0 0 0 0 0 0 0 0 0 0 0 0 0 0 0 0 0 0 0 0 0 0 0 0 0 0 0 0 0 0 0 0 0 0 51 69 78 83 86 96 100 101 102 103 104 105 106 102 95 81 74 65 55 38 0 0 0 0 0 98 90 87 87 89 73 0 0 0 0 0 0 0 0 0 0 0 0 0 0 0 0 0 0 0 0 0 0 40 50 65 74 80 92 101 102 102 102 101 101 100 98 96 93 88 82 78 78 79 82 83 83 81 77 74 71 65 60 66 70 70 74 75 0 0 0 0 0 0 0 0 0 0 0 0 0 0 0 0 0 65 
67 66 68 69 70 71 71 72 73 73 73 73 73 73 74 75 76 77 78 78 79 78 79 79 80 81 82 82 82 82 82 80 79 78 76 70 0 0 0 0 0 0 0 0 0 0 0 0 0 0 0 0 0 0 0 0 0 0 0 0 0 0 0 0 0 0 0 0 0 0 49 68 77 82 86 96 99 101 101 102 103 104 105 101 95 81 74 64 54 38 0 0 0 0 0 86 85 78 78 81 73 0 0 0 0 0 0 0 0 0 0 0 0 0 0 0 0 0 0 0 0 0 0 41 52 67 76 82 92 100 102 101 101 100 100 99 96 94 89 84 79 78 80 84 86 86 85 83 79 75 73 66 64 73 75 75 79 78 0 0 0 0 0 0 0 0 0 0 0 0 0 0 0 66 0 61 
70 68 68 69 70 71 71 72 72 72 72 73 73 73 74 75 76 77 77 78 78 78 78 79 79 80 81 81 82 82 82 80 79 78 76 70 0 0 0 0 0 0 0 0 0 0 0 0 0 0 0 0 0 0 0 0 0 0 0 0 0 0 0 0 0 0 0 0 0 0 47 67 77 82 85 96 99 100 100 101 103 103 104 100 93 79 72 62 53 37 0 0 0 0 0 0 77 68 68 68 66 0 0 0 0 0 0 0 0 0 0 0 0 0 0 0 0 0 0 0 0 0 0 0 53 69 79 84 92 100 102 101 101 100 99 99 95 92 87 81 77 79 82 87 90 91 91 89 85 82 77 70 71 80 78 79 83 81 71 0 0 0 0 0 0 0 0 0 0 0 0 0 0 66 0 60 
64 67 68 69 70 71 71 71 72 71 71 72 73 73 74 75 76 76 77 77 77 78 78 78 79 80 80 81 82 82 82 80 79 78 76 70 0 0 0 0 0 0 0 0 0 0 0 0 0 0 0 0 0 0 0 0 0 0 0 0 0 0 0 0 0 0 0 0 0 0 46 67 76 82 85 96 99 99 100 100 101 102 103 99 92 80 73 63 53 37 0 0 0 0 0 0 69 60 60 60 59 44 0 0 0 0 0 0 0 0 0 0 0 0 0 0 0 0 0 0 0 0 0 0 52 68 78 83 91 100 101 100 100 99 99 98 93 92 86 81 78 84 86 90 93 94 93 89 85 82 77 70 75 84 81 82 85 83 72 0 0 0 0 0 0 0 0 0 0 0 0 0 0 67 0 78 
67 68 69 69 70 71 71 71 72 71 72 72 73 73 74 75 76 76 76 77 77 77 77 78 79 80 80 81 82 82 82 80 80 79 77 73 0 0 0 0 0 0 0 0 0 0 0 0 0 0 0 0 0 0 0 0 0 0 0 0 0 0 0 0 0 0 0 0 0 0 45 66 75 81 84 95 98 99 99 99 100 101 102 98 90 80 74 64 54 0 0 0 0 0 0 0 61 54 54 54 54 44 0 0 0 0 0 0 0 0 0 0 0 0 0 0 0 0 0 0 0 0 0 0 54 71 80 85 92 99 101 100 100 99 99 98 92 90 84 79 78 85 86 91 94 94 93 89 85 81 76 71 77 85 84 85 89 88 73 0 0 0 0 0 0 0 0 0 0 0 0 0 0 69 0 65 
69 71 68 69 70 71 70 71 71 71 71 72 73 73 73 74 75 74 75 75 76 76 77 78 79 80 80 81 82 82 82 80 79 78 76 71 0 0 0 0 0 0 0 0 0 0 0 0 0 0 0 0 0 0 0 0 0 0 0 0 0 0 0 0 0 0 0 0 0 0 45 66 75 81 84 95 97 98 98 98 99 100 101 97 89 81 75 64 54 0 0 0 0 0 0 0 0 51 51 51 51 0 0 0 0 0 0 0 0 0 0 0 0 0 0 0 0 0 0 0 0 0 0 0 57 74 82 87 91 99 100 99 99 98 98 98 92 90 82 79 78 84 86 92 93 93 91 88 86 81 76 76 83 88 87 88 90 87 73 0 0 0 0 0 0 0 0 0 0 0 0 0 0 68 0 70 
65 70 68 69 70 70 70 70 70 71 71 72 73 73 72 72 72 71 70 71 73 74 76 77 79 79 80 81 82 82 82 80 79 78 75 69 0 0 0 0 0 0 0 0 0 0 0 0 0 0 0 0 0 0 0 0 0 0 0 0 0 0 0 0 0 0 0 0 0 0 46 66 75 81 84 95 97 97 97 97 98 99 99 95 87 81 75 64 54 0 0 0 0 0 0 0 0 45 45 45 45 0 0 0 0 0 0 0 0 0 0 0 0 0 0 0 0 0 0 0 0 0 0 0 55 71 80 85 91 99 100 99 99 98 98 97 91 89 83 79 77 83 84 87 88 88 86 84 83 78 75 77 82 86 86 88 89 86 73 0 0 0 0 0 0 0 0 0 0 0 0 0 0 67 0 70 
68 65 68 69 69 70 70 70 70 71 71 71 72 72 71 70 70 68 67 69 71 73 75 77 79 80 80 81 82 82 82 80 79 77 75 68 0 0 0 0 0 0 0 0 0 0 0 0 0 0 0 0 0 0 0 0 0 0 0 0 0 0 0 0 0 0 0 0 0 0 46 65 75 80 84 94 96 97 96 96 96 97 98 94 86 82 76 65 57 0 0 0 0 0 0 0 0 0 0 0 0 0 0 0 0 0 0 0 0 0 0 0 0 0 0 0 0 0 0 0 0 0 0 0 55 71 79 84 91 98 99 99 98 96 95 93 87 85 80 77 76 82 83 86 87 87 85 83 82 77 75 75 79 81 82 82 83 83 73 0 0 0 0 0 0 0 0 0 0 0 0 0 0 66 60 66 
63 68 68 69 69 69 69 70 70 71 71 71 72 72 70 68 68 65 64 66 70 72 75 77 79 79 80 80 81 82 82 79 79 77 74 67 0 0 0 0 0 0 0 0 0 0 0 0 0 0 0 0 0 0 0 0 0 0 0 0 0 0 0 0 0 0 0 0 0 0 45 64 74 80 83 93 96 96 95 95 95 97 97 93 85 81 75 63 55 0 0 0 0 0 0 0 0 0 0 0 0 0 0 0 0 0 0 0 0 0 0 0 0 0 0 0 0 0 0 0 0 0 0 0 58 74 82 86 91 98 99 98 95 93 91 89 84 84 79 75 74 79 80 83 85 85 82 82 81 75 75 75 77 79 80 79 81 80 0 0 0 0 0 0 0 0 0 0 0 0 0 0 0 65 0 71 
67 72 68 69 69 69 69 70 70 71 71 71 72 72 69 66 65 62 59 62 66 69 73 76 78 78 79 80 81 81 82 78 78 76 73 63 0 0 0 0 0 0 0 0 0 0 0 0 0 0 0 0 0 0 0 0 0 0 0 0 0 0 0 0 0 0 0 0 0 0 45 64 74 79 82 93 95 94 94 94 94 95 96 91 83 80 73 61 53 0 0 0 0 0 0 0 0 0 0 0 0 0 0 0 0 0 0 0 0 0 0 0 0 0 0 0 0 0 0 0 0 0 0 0 57 73 81 85 90 97 98 96 93 91 88 85 83 82 78 73 71 75 77 79 82 81 78 77 77 74 74 74 75 77 77 76 78 78 0 0 0 0 0 0 0 0 0 0 0 0 0 0 61 64 63 64 
73 65 68 69 68 69 69 69 69 70 71 71 72 72 69 66 65 62 58 61 65 68 72 76 78 78 79 80 80 81 81 78 78 76 72 64 0 0 0 0 0 0 0 0 0 0 0 0 0 0 0 0 0 0 0 0 0 0 0 0 0 0 0 0 0 0 0 0 0 0 44 63 73 78 82 92 94 94 93 93 93 94 95 90 82 78 71 59 51 0 0 0 0 0 0 0 0 0 0 0 0 0 0 0 0 0 0 0 0 0 0 0 0 0 0 0 0 0 0 0 0 0 0 0 59 74 81 85 90 97 97 95 91 89 84 81 77 77 74 69 65 0 70 69 73 73 72 72 0 0 0 69 69 71 70 69 72 0 0 0 0 0 0 0 0 0 0 0 0 0 0 0 61 65 60 66 
66 74 68 68 68 69 69 69 70 70 70 71 71 71 69 68 67 65 63 64 68 70 73 76 78 78 78 79 80 81 81 78 77 76 72 65 0 0 0 0 0 0 0 0 0 0 0 0 0 0 0 0 0 0 0 0 0 0 0 0 0 0 0 0 0 0 0 0 0 0 43 62 72 77 81 91 93 93 92 92 92 94 95 90 81 77 70 57 49 0 0 0 0 0 0 0 0 0 0 0 0 0 0 0 0 0 0 0 0 0 0 0 0 0 0 0 0 0 0 0 0 0 0 0 61 77 83 87 89 97 96 93 89 85 78 71 68 67 0 0 0 0 0 0 0 0 0 0 0 0 0 0 0 0 0 0 0 0 0 0 0 0 0 0 0 0 0 0 0 0 0 0 62 64 60 70 
65 66 67 68 68 69 68 69 69 70 70 72 72 72 71 70 69 68 66 67 70 72 74 76 78 78 79 79 80 81 81 78 77 75 72 65 0 0 0 0 0 0 0 0 0 0 0 0 0 0 0 0 0 0 0 0 0 0 0 0 0 0 0 0 0 0 0 0 0 0 42 61 72 77 81 91 93 93 92 92 92 94 94 89 80 76 69 56 46 0 0 0 0 0 0 0 0 0 0 0 0 0 0 0 0 0 0 0 0 0 0 0 0 0 0 0 0 0 0 0 0 0 0 0 61 77 83 87 89 97 95 91 87 83 74 61 0 0 0 0 0 0 0 0 0 0 0 0 0 0 0 0 0 0 0 0 0 0 0 0 0 0 0 0 0 0 0 0 0 0 0 0 62 65 62 67 
70 60 68 69 69 69 69 69 69 70 71 71 72 72 71 71 71 71 70 70 72 73 74 76 78 79 79 80 81 81 81 78 77 76 73 66 0 0 0 0 0 0 0 0 0 0 0 0 0 0 0 0 0 0 0 0 0 0 0 0 0 0 0 0 0 0 0 0 0 0 42 61 71 77 80 90 93 92 92 91 92 93 93 88 79 75 68 55 45 0 0 0 0 0 0 0 0 0 0 0 0 0 0 0 0 0 0 0 0 0 0 0 0 0 0 0 0 0 0 0 0 0 0 0 62 77 83 87 89 96 94 90 88 84 76 0 0 0 0 0 0 0 0 0 0 0 0 0 0 0 0 0 0 0 0 0 0 0 0 0 0 0 0 0 0 0 0 0 0 0 0 0 63 66 63 72 
66 64 67 68 68 68 68 67 68 69 69 70 70 71 71 72 73 73 73 74 75 75 76 77 78 79 79 80 81 81 81 78 78 76 74 67 0 0 0 0 0 0 0 0 0 0 0 0 0 0 0 0 0 0 0 0 0 0 0 0 0 0 0 0 0 0 0 0 0 0 42 61 71 76 80 90 93 93 92 92 92 93 93 87 78 74 66 54 44 0 0 0 0 0 0 0 0 0 0 0 0 0 0 0 0 0 0 0 0 0 0 0 0 0 0 0 0 0 0 0 0 0 0 0 63 78 84 87 89 96 94 92 89 87 80 74 0 0 0 0 0 0 0 0 0 0 0 0 0 0 0 0 0 0 0 0 0 0 0 0 0 0 0 0 0 0 0 0 0 0 0 65 64 66 62 69 
67 71 66 66 66 67 67 66 66 66 66 66 67 69 70 72 73 74 75 76 76 77 77 77 78 78 78 79 80 80 80 78 78 77 75 68 0 0 0 0 0 0 0 0 0 0 0 0 0 0 0 0 0 0 0 0 0 0 0 0 0 0 0 0 0 0 0 0 0 0 40 59 70 75 79 89 92 93 93 93 93 93 93 87 77 73 65 53 43 0 0 0 0 0 0 0 0 0 0 0 0 0 0 0 0 0 0 0 0 0 0 0 0 0 0 0 0 0 0 0 0 0 0 0 64 79 84 87 89 96 95 93 91 88 81 75 71 0 0 0 0 0 0 0 0 0 0 0 0 0 0 0 0 0 0 0 0 0 0 0 0 0 0 0 0 0 0 0 0 0 0 64 64 66 65 71 
64 65 66 66 66 66 66 65 65 65 65 65 66 68 68 70 71 72 73 73 74 75 75 76 77 78 78 79 79 80 80 78 78 77 75 69 0 0 0 0 0 0 0 0 0 0 0 0 0 0 0 0 0 0 0 0 0 0 0 0 0 0 0 0 0 0 0 0 0 0 40 61 71 77 80 89 92 93 93 93 93 93 93 86 76 72 64 52 42 0 0 0 0 0 0 0 0 0 0 0 0 0 0 0 0 0 0 0 0 0 0 0 0 0 0 0 0 0 0 0 0 0 0 0 66 80 85 87 89 96 96 94 92 89 84 79 75 68 61 57 56 58 61 63 64 64 0 0 0 0 0 0 0 0 0 0 0 0 0 0 0 0 0 0 0 0 0 0 0 0 0 63 64 66 67 71 
0 61 66 66 66 65 66 65 64 64 64 63 63 66 67 68 70 72 72 71 71 71 71 71 73 74 74 75 75 76 76 75 75 75 73 68 0 0 0 0 0 0 0 0 0 0 0 0 0 0 0 0 0 0 0 0 0 0 0 0 0 0 0 0 0 0 0 0 0 0 0 63 73 78 81 88 91 92 92 92 92 92 92 85 75 71 63 50 41 0 0 0 0 0 0 0 0 0 0 0 0 0 0 0 0 0 0 0 0 0 0 0 0 0 0 0 0 0 0 0 0 0 0 0 65 79 84 87 89 95 96 95 94 92 88 84 81 76 72 70 68 69 70 72 71 71 70 69 0 0 0 0 0 0 0 0 0 0 0 0 0 0 0 0 0 0 0 0 0 0 0 63 65 66 67 65 
0 0 63 63 64 64 64 63 61 61 60 60 60 63 65 67 68 71 71 70 70 70 70 70 71 72 73 73 74 75 75 74 74 74 73 68 0 0 0 0 0 0 0 0 0 0 0 0 0 0 0 0 0 0 0 0 0 0 0 0 0 0 0 0 0 0 0 0 0 0 0 63 72 77 80 87 90 90 91 91 91 92 91 84 74 69 62 48 40 0 0 0 0 0 0 0 0 0 0 0 0 0 0 0 0 0 0 0 0 0 0 0 0 0 0 0 0 0 0 0 0 0 0 0 65 78 83 86 87 93 94 94 93 91 87 84 79 75 71 69 68 68 69 70 70 70 70 69 67 0 0 0 0 0 0 0 0 0 0 0 0 0 0 0 0 0 0 0 0 0 0 63 65 66 68 72 
0 0 60 60 61 61 62 61 62 60 59 59 59 61 64 65 67 70 70 68 67 67 67 67 69 70 72 72 72 73 74 73 73 73 72 0 0 0 0 0 0 0 0 0 0 0 0 0 0 0 0 0 0 0 0 0 0 0 0 0 0 0 0 0 0 0 0 0 0 0 0 62 70 74 76 80 83 84 84 85 85 85 84 78 70 66 59 47 38 0 0 0 0 0 0 0 0 0 0 0 0 0 0 0 0 0 0 0 0 0 0 0 0 0 0 0 0 0 0 0 0 0 0 0 60 72 76 78 80 85 85 85 84 82 80 78 76 73 71 69 68 68 69 70 70 70 70 69 67 0 0 0 0 0 0 0 0 0 0 0 0 0 0 0 0 0 0 0 0 0 0 62 64 66 66 68 
0 0 0 0 0 0 0 0 0 90 85 78 75 71 63 62 63 65 65 63 62 61 62 63 65 67 69 70 70 71 72 71 71 71 70 0 0 0 0 0 0 0 0 0 0 0 0 0 0 0 0 0 0 0 0 0 0 0 0 0 0 0 0 0 0 0 0 0 0 0 0 64 70 74 75 79 81 82 82 82 82 83 82 76 69 64 57 45 38 0 0 0 0 0 0 0 0 0 0 0 0 0 0 0 0 0 0 0 0 0 0 0 0 0 0 0 0 0 0 0 0 0 0 0 59 70 74 76 77 82 82 82 81 80 80 79 77 75 72 69 68 68 69 70 70 70 70 69 67 0 0 0 0 0 0 0 0 0 0 0 0 0 0 0 0 0 0 0 0 0 0 63 65 66 66 69 
0 0 0 0 0 0 0 0 0 95 87 83 83 83 65 0 0 0 0 0 0 0 53 54 57 60 63 62 63 63 64 64 64 0 0 0 0 0 0 0 0 0 0 0 0 0 0 0 0 0 0 0 0 0 0 0 0 0 0 0 0 0 0 0 0 0 0 0 0 0 0 61 67 71 72 76 78 78 78 79 79 79 79 73 67 60 54 43 38 0 0 0 0 0 0 0 0 0 0 0 0 0 0 0 0 0 0 0 0 0 0 0 0 0 0 0 0 0 0 0 0 0 0 0 0 66 69 71 73 77 77 78 77 75 75 76 77 76 77 76 74 73 74 74 74 73 73 72 70 0 0 0 0 0 0 0 0 0 0 0 0 0 0 0 0 0 0 0 0 0 0 65 65 66 66 70 
0 0 0 0 0 0 0 0 79 93 87 82 82 83 67 0 0 0 0 0 0 0 0 0 0 0 0 0 0 0 0 0 0 0 0 0 0 0 0 0 0 0 0 0 0 0 0 0 0 0 0 0 0 0 0 0 0 0 0 0 0 0 0 0 0 0 0 0 0 0 0 0 61 65 66 70 72 72 72 73 74 74 73 68 64 56 50 41 38 0 0 0 0 0 0 0 0 0 0 0 0 0 0 0 0 0 0 0 0 0 0 0 0 0 0 0 0 0 0 0 0 0 0 0 0 60 62 64 66 69 69 69 68 65 65 66 66 67 70 69 67 66 67 68 69 69 70 0 0 0 0 0 0 0 0 0 0 0 0 0 0 0 0 0 0 0 0 0 0 0 0 65 65 66 70 66 
0 0 0 0 0 0 0 0 74 88 85 81 82 84 72 65 0 0 0 0 0 0 0 0 0 0 0 0 0 0 0 0 0 0 0 0 0 0 0 0 0 0 0 0 0 0 0 0 0 0 0 0 0 0 0 0 0 0 0 0 0 0 0 0 0 0 0 0 0 0 0 0 0 0 55 56 58 59 58 59 60 60 59 56 56 48 44 40 0 0 0 0 0 0 0 0 0 0 0 0 0 0 0 0 0 0 0 0 0 0 0 0 0 0 0 0 0 0 0 0 0 0 0 0 0 0 0 48 50 52 53 51 49 46 44 0 0 0 0 0 0 0 0 0 0 0 0 0 0 0 0 55 55 55 55 0 0 0 0 0 0 0 0 0 0 0 0 0 0 0 0 64 65 66 63 67 
0 0 0 0 0 0 0 61 71 87 89 84 85 87 77 66 0 0 0 0 0 0 0 0 0 0 0 0 0 0 0 0 0 0 0 0 0 0 0 0 0 0 0 0 0 0 0 0 0 0 0 0 0 0 0 0 0 0 0 0 0 0 0 0 0 0 0 0 0 0 0 0 0 0 0 0 0 0 0 0 0 0 0 0 0 0 0 0 0 0 0 0 0 0 0 0 0 0 0 0 0 0 0 0 0 0 0 0 0 0 0 0 0 0 0 0 0 0 0 0 0 0 0 0 0 0 0 0 0 0 0 0 0 0 0 0 0 0 0 0 0 0 0 0 0 0 0 0 0 0 0 55 55 55 55 0 0 0 0 0 0 0 0 0 0 0 0 0 0 0 0 66 66 67 67 69 
0 0 0 0 67 65 63 63 68 79 88 85 85 88 82 68 0 0 0 0 0 0 0 0 0 0 0 0 0 0 0 0 0 0 0 0 0 0 0 0 0 0 0 0 0 0 0 0 0 0 0 0 0 0 0 0 0 0 0 0 0 0 0 0 0 0 0 0 0 0 0 0 0 0 0 0 0 0 0 0 0 0 0 0 0 0 0 0 0 0 0 0 0 0 0 0 0 0 0 0 0 0 0 0 0 0 0 0 0 0 0 0 0 0 0 0 0 0 0 0 0 0 0 0 0 0 0 0 0 0 0 0 0 0 0 0 0 0 0 0 0 0 0 0 0 0 0 0 0 0 0 0 0 0 0 0 0 0 0 0 0 0 0 0 0 0 0 0 0 0 0 67 66 67 69 67 
0 0 76 74 71 68 66 66 69 76 86 85 84 87 85 68 0 0 0 0 0 0 0 0 0 0 0 0 0 0 0 0 0 0 0 0 0 0 0 0 0 0 0 0 0 0 0 0 0 0 0 0 0 0 0 0 0 0 0 0 0 0 0 0 0 0 0 0 0 0 0 0 0 0 0 0 0 0 0 0 0 0 0 0 0 0 0 0 0 0 0 0 0 0 0 0 0 0 0 0 0 0 0 0 0 0 0 0 0 0 0 0 0 0 0 0 0 0 0 0 0 0 0 0 0 0 0 0 0 0 0 0 0 0 0 0 0 0 0 0 0 0 0 0 0 0 0 0 0 0 0 0 0 0 0 0 0 0 0 0 0 0 0 0 0 0 0 0 0 0 0 67 66 67 61 71 
0 0 78 76 73 71 69 69 70 74 84 86 85 86 88 73 63 0 0 0 0 0 0 0 0 0 0 0 0 0 0 0 0 0 0 0 0 0 0 0 0 0 0 0 0 0 0 0 0 0 0 0 0 0 0 0 0 0 0 0 0 0 0 0 0 0 0 0 0 0 0 0 0 0 0 0 0 0 0 0 0 0 0 0 0 0 0 0 0 0 0 0 0 0 0 0 0 0 0 0 0 0 0 0 0 0 0 0 0 0 0 0 0 0 0 0 0 0 0 0 0 0 0 0 0 0 0 0 0 0 0 0 0 0 0 0 0 0 0 0 0 0 0 0 0 0 0 0 0 0 0 0 0 0 0 0 0 0 0 0 0 0 0 0 0 0 0 0 0 0 0 0 67 67 68 67 
0 0 77 77 74 72 71 71 72 74 83 86 84 85 87 76 62 0 0 0 0 0 0 0 0 0 0 0 0 0 0 0 0 0 0 0 0 0 0 0 0 0 0 0 0 0 0 0 0 0 0 0 0 0 0 0 0 0 0 0 0 0 0 0 0 0 0 0 0 0 0 0 0 0 0 0 0 0 0 0 0 0 0 0 0 0 0 0 0 0 0 0 0 0 0 0 0 0 0 0 0 0 0 0 0 0 0 0 0 0 0 0 0 0 0 0 0 0 0 0 0 0 0 0 0 0 0 0 0 0 0 0 0 0 0 0 0 0 0 0 0 0 0 0 0 0 0 0 0 0 0 0 0 0 0 0 0 0 0 0 0 0 0 0 0 0 0 0 0 0 0 0 0 68 0 64 
0 0 75 75 73 73 72 71 72 73 79 84 81 82 84 78 60 0 0 0 0 0 0 0 0 0 0 0 0 0 0 0 0 0 0 0 0 0 0 0 0 0 0 0 0 0 0 0 0 0 0 0 0 0 0 0 0 0 0 0 0 0 0 0 0 0 0 0 0 0 0 0 0 0 0 0 0 0 0 0 0 0 0 0 0 0 0 0 0 0 0 0 0 0 0 0 0 0 0 0 0 0 0 0 0 0 0 0 0 0 0 0 0 0 0 0 0 0 0 0 0 0 0 0 0 0 0 0 0 0 0 0 0 0 0 0 0 0 0 0 0 0 0 0 0 0 0 0 0 0 0 0 0 0 0 0 0 0 0 0 0 0 0 0 0 0 0 0 0 0 0 0 0 0 0 0 
0 0 73 74 74 74 73 73 72 72 75 80 78 79 83 80 60 0 0 0 0 0 0 0 0 0 0 0 0 0 0 0 0 0 0 0 0 0 0 0 0 0 0 0 0 0 0 0 0 0 0 0 0 0 0 0 0 0 0 0 0 0 0 0 0 0 0 0 0 0 0 0 0 0 0 0 0 0 0 0 0 0 0 0 0 0 0 0 0 0 0 0 0 0 0 0 0 0 0 0 0 0 0 0 0 0 0 0 0 0 0 0 0 0 0 0 0 0 0 0 0 0 0 0 0 0 0 0 0 0 0 0 0 0 0 0 0 0 0 0 0 0 0 0 0 0 0 0 0 0 0 0 0 0 0 0 0 0 0 0 0 0 0 0 0 0 0 0 0 0 0 0 0 0 0 0 
0 0 72 74 74 74 74 72 71 71 72 78 77 78 81 82 0 0 0 0 0 0 0 0 0 0 0 0 0 0 0 0 0 0 0 0 0 0 0 0 0 0 0 0 0 0 0 0 0 0 0 0 0 0 0 0 0 0 0 0 0 0 0 0 0 0 0 0 0 0 0 0 0 0 0 0 0 0 0 0 0 0 0 0 0 0 0 0 0 0 0 0 0 0 0 0 0 0 0 0 0 0 0 0 0 0 0 0 0 0 0 0 0 0 0 0 0 0 0 0 0 0 0 0 0 0 0 0 0 0 0 0 0 0 0 0 0 0 0 0 0 0 0 0 0 0 0 0 0 0 0 0 0 0 0 0 0 0 0 0 0 0 0 0 0 0 0 0 0 0 0 0 0 0 0 0 
63 69 71 72 73 72 71 70 69 69 70 75 74 76 78 80 0 0 0 0 0 0 0 0 0 0 0 0 0 0 0 0 0 0 0 0 0 0 0 0 0 0 0 0 0 0 0 0 0 0 0 0 0 0 0 0 0 0 0 0 0 0 0 0 0 0 0 0 0 0 0 0 0 0 0 0 0 0 0 0 0 0 0 0 0 0 0 0 0 0 0 0 0 0 0 0 0 0 0 0 0 0 0 0 0 0 0 0 0 0 0 0 0 0 0 0 0 0 0 0 0 0 0 0 0 0 0 0 0 0 0 0 0 0 0 0 0 0 0 0 0 0 0 0 0 0 0 0 0 0 0 0 0 0 0 0 0 0 0 0 0 0 0 0 0 0 0 0 0 0 0 0 0 0 0 0 
0 64 103 88 81 74 70 69 68 67 68 69 73 95 120 143 173 191 181 173 0 0 0 0 0 0 0 0 0 0 0 0 0 0 0 0 0 0 0 0 0 0 0 0 0 0 0 0 0 0 0 0 0 0 0 0 0 0 0 0 0 0 0 0 0 0 0 0 0 0 0 0 0 0 0 0 0 0 0 0 0 0 0 0 0 0 0 0 0 0 0 0 0 0 0 0 0 0 0 0 0 0 0 0 0 0 0 0 0 0 0 0 0 0 0 0 0 0 0 0 0 0 0 0 0 0 0 0 0 0 0 0 0 0 0 0 0 0 0 0 0 0 0 0 0 0 0 0 0 0 0 0 0 0 0 0 0 0 0 0 0 0 0 0 0 0 0 0 0 0 0 0 0 0 0 0 
75 0 187 165 147 130 117 113 113 119 139 173 222 280 329 338 321 282 255 219 160 0 0 0 0 0 0 0 0 0 0 0 0 0 0 0 0 0 0 0 0 0 0 0 0 0 0 0 0 0 0 0 0 0 0 0 0 0 0 0 0 0 0 0 0 0 0 0 0 0 0 0 0 0 0 0 0 0 0 0 0 0 0 0 0 0 0 0 0 0 0 0 0 0 0 0 0 0 0 0 0 0 0 0 0 0 0 0 0 0 0 0 0 0 0 0 0 0 0 0 0 0 0 0 0 0 0 0 0 0 0 0 0 0 0 0 0 0 0 0 0 0 0 0 0 0 0 0 0 0 0 0 0 0 0 0 0 0 0 0 0 0 0 0 0 0 0 0 0 0 0 0 0 0 0 0 
347 225 281 260 244 229 215 223 240 266 306 346 380 399 408 404 366 310 276 228 156 0 0 0 0 0 0 0 0 0 0 0 0 0 0 0 0 0 0 0 0 0 0 0 0 0 0 0 0 0 0 0 0 0 0 0 0 0 0 0 0 0 0 0 0 0 0 0 0 0 0 0 0 0 0 0 0 0 0 0 0 0 0 0 0 0 0 0 0 0 0 0 0 0 0 0 0 0 0 0 0 0 0 0 0 0 0 0 0 0 0 0 0 0 0 0 0 0 0 0 0 0 0 0 0 0 0 0 0 0 0 0 0 0 0 0 0 0 0 0 0 0 0 0 0 0 0 0 0 0 0 0 0 0 0 0 0 0 0 0 0 0 0 0 0 0 0 0 0 0 0 0 0 0 0 0 
491 484 349 341 325 311 300 321 337 357 385 405 413 429 435 425 377 324 285 231 153 0 0 0 0 0 0 0 0 0 0 0 0 0 0 0 0 0 0 0 0 0 0 0 0 0 0 0 0 0 0 0 0 0 0 0 0 0 0 0 0 0 0 0 0 0 0 0 0 0 0 0 0 0 0 0 0 0 0 0 0 0 0 0 0 0 0 0 0 0 0 0 0 0 0 0 0 0 0 0 0 0 0 0 0 0 0 0 0 0 0 0 0 0 0 0 0 0 0 0 0 0 0 0 0 0 0 0 0 0 0 0 0 0 0 0 0 0 0 0 0 0 0 0 0 0 0 0 0 0 0 0 0 0 0 0 0 0 0 0 0 0 0 0 0 0 0 0 0 0 0 0 0 0 0 0 
432 441 379 375 374 375 381 393 395 400 409 409 418 432 438 423 382 333 294 237 155 0 0 0 0 0 0 0 0 0 0 0 0 0 0 0 0 0 0 0 0 0 0 0 0 0 0 0 0 0 0 0 0 0 0 0 0 0 0 0 0 0 0 0 0 0 0 0 0 0 0 0 0 0 0 0 0 0 0 0 0 0 0 0 0 0 0 0 0 0 0 0 0 0 0 0 0 0 0 0 0 0 0 0 0 0 0 0 0 0 0 0 0 0 0 0 0 0 0 0 0 0 0 0 0 0 0 0 0 0 0 0 0 0 0 0 0 0 0 0 0 0 0 0 0 0 0 0 0 0 0 0 0 0 0 0 0 0 0 0 0 0 0 0 0 0 0 0 0 0 0 0 0 0 0 0 
402 414 414 410 404 400 394 392 393 397 405 421 442 463 476 462 400 349 304 232 137 0 0 0 0 0 0 0 0 0 0 0 0 0 0 0 0 0 0 0 0 0 0 0 0 0 0 0 0 0 0 0 0 0 0 0 0 0 0 0 0 0 0 0 0 0 0 0 0 0 0 0 0 0 0 0 0 0 0 0 0 0 0 0 0 0 0 0 0 0 0 0 0 0 0 0 0 0 0 0 0 0 0 0 0 0 0 0 0 0 0 0 0 0 0 0 0 0 0 0 0 0 0 0 0 0 0 0 0 0 0 0 0 0 0 0 0 0 0 0 0 0 0 0 0 0 0 0 0 0 0 0 0 0 0 0 0 0 0 0 0 0 0 0 0 0 0 0 0 0 0 0 0 0 0 0 
389 395 395 404 409 413 416 418 422 427 432 441 452 459 459 429 360 320 275 202 119 0 0 0 0 0 0 0 0 0 0 0 0 0 0 0 0 0 0 0 0 0 0 0 0 0 0 0 0 0 0 0 0 0 0 0 0 0 0 0 0 0 0 0 0 0 0 0 0 0 0 0 0 0 0 0 0 0 0 0 0 0 0 0 0 0 0 0 0 0 0 0 0 0 0 0 0 0 0 0 0 0 0 0 0 0 0 0 0 0 0 0 0 0 0 0 0 0 0 0 0 0 0 0 0 0 0 0 0 0 0 0 0 0 0 0 0 0 0 0 0 0 0 0 0 0 0 0 0 0 0 0 0 0 0 0 0 0 0 0 0 0 0 0 0 0 0 0 0 0 0 0 0 0 0 0 
354 369 353 371 383 389 391 392 394 398 403 411 420 424 421 384 317 288 244 170 99 0 0 0 0 0 0 0 0 0 0 0 0 0 0 0 0 0 0 0 0 0 0 0 0 0 0 0 0 0 0 0 0 0 0 0 0 0 0 0 0 0 0 0 0 0 0 0 0 0 0 0 0 0 0 0 0 0 0 0 0 0 0 0 0 0 0 0 0 0 0 0 0 0 0 0 0 0 0 0 0 0 0 0 0 0 0 0 0 0 0 0 0 0 0 0 0 0 0 0 0 0 0 0 0 0 0 0 0 0 0 0 0 0 0 0 0 0 0 0 0 0 0 0 0 0 0 0 0 0 0 0 0 0 0 0 0 0 0 0 0 0 0 0 0 0 0 0 0 0 0 0 0 0 0 0 
245 335 326 345 357 372 378 377 378 380 383 388 394 394 388 347 283 253 211 139 84 0 0 0 0 0 0 0 0 0 0 0 0 0 0 0 0 0 0 0 0 0 0 0 0 0 0 0 0 0 0 0 0 0 0 0 0 0 0 0 0 0 0 0 0 0 0 0 0 0 0 0 0 0 0 0 0 0 0 0 0 0 0 0 0 0 0 0 0 0 0 0 0 0 0 0 0 0 0 0 0 0 0 0 0 0 0 0 0 0 0 0 0 0 0 0 0 0 0 0 0 0 0 0 0 0 0 0 0 0 0 0 0 0 0 0 0 0 0 0 0 0 0 0 0 0 0 0 0 0 0 0 0 0 0 0 0 0 0 0 0 0 0 0 0 0 0 0 0 0 0 0 0 0 0 0 
104 163 295 319 332 345 358 361 362 364 368 374 379 375 366 321 267 237 196 122 78 0 0 0 0 0 0 0 0 0 0 0 0 0 0 0 0 0 0 0 0 0 0 0 0 0 0 0 0 0 0 0 0 0 0 0 0 0 0 0 0 0 0 0 0 0 0 0 0 0 0 0 0 0 0 0 0 0 0 0 0 0 0 0 0 0 0 0 0 0 0 0 0 0 0 0 0 0 0 0 0 0 0 0 0 0 0 0 0 0 0 0 0 0 0 0 0 0 0 0 0 0 0 0 0 0 0 0 0 0 0 0 0 0 0 0 0 0 0 0 0 0 0 0 0 0 0 0 0 0 0 0 0 0 0 0 0 0 0 0 0 0 0 0 0 0 0 0 0 0 0 0 0 0 0 0 
0 0 256 284 299 313 325 337 342 346 349 353 356 351 341 295 252 224 183 109 0 0 0 0 0 0 0 0 0 0 0 0 0 0 0 0 0 0 0 0 0 0 0 0 0 0 0 0 0 0 0 0 0 0 0 0 0 0 0 0 0 0 0 0 0 0 0 0 0 0 0 0 0 0 0 0 0 0 0 0 0 0 0 0 0 0 0 0 0 0 0 0 0 0 0 0 0 0 0 0 0 0 0 0 0 0 0 0 0 0 0 0 0 0 0 0 0 0 0 0 0 0 0 0 0 0 0 0 0 0 0 0 0 0 0 0 0 0 0 0 0 0 0 0 0 0 0 0 0 0 0 0 0 0 0 0 0 0 0 0 0 0 0 0 0 0 0 0 0 0 0 0 0 0 0 0 
0 0 219 255 266 278 288 297 297 306 313 320 325 324 310 274 240 211 170 100 0 0 0 0 0 0 0 0 0 0 0 0 0 0 0 0 0 0 0 0 0 0 0 0 0 0 0 0 0 0 0 0 0 0 0 0 0 0 0 0 0 0 0 0 0 0 0 0 0 0 0 0 0 0 0 0 0 0 0 0 0 0 0 0 0 0 0 0 0 0 0 0 0 0 0 0 0 0 0 0 0 0 0 0 0 0 0 0 0 0 0 0 0 0 0 0 0 0 0 0 0 0 0 0 0 0 0 0 0 0 0 0 0 0 0 0 0 0 0 0 0 0 0 0 0 0 0 0 0 0 0 0 0 0 0 0 0 0 0 0 0 0 0 0 0 0 0 0 0 0 0 0 0 0 0 0 
0 0 188 225 234 251 268 280 281 291 300 295 291 290 278 246 227 208 165 93 0 0 0 0 0 0 0 0 0 0 0 0 0 0 0 0 0 0 0 0 0 0 0 0 0 0 0 0 0 0 0 0 0 0 0 0 0 0 0 0 0 0 0 0 0 0 0 0 0 0 0 0 0 0 0 0 0 0 0 0 0 0 0 0 0 0 0 0 0 0 0 0 0 0 0 0 0 0 0 0 0 0 0 0 0 0 0 0 0 0 0 0 0 0 0 0 0 0 0 0 0 0 0 0 0 0 0 0 0 0 0 0 0 0 0 0 0 0 0 0 0 0 0 0 0 0 0 0 0 0 0 0 0 0 0 0 0 0 0 0 0 0 0 0 0 0 0 0 0 0 0 0 0 0 0 0 
0 0 0 192 201 211 230 250 252 266 278 273 269 270 257 229 223 210 165 0 0 0 0 0 0 0 0 0 0 0 0 0 0 0 0 0 0 0 0 0 0 0 0 0 0 0 0 0 0 0 0 0 0 0 0 0 0 0 0 0 0 0 0 0 0 0 0 0 0 0 0 0 0 0 0 0 0 0 0 0 0 0 0 0 0 0 0 0 0 0 0 0 0 0 0 0 0 0 0 0 0 0 0 0 0 0 0 0 0 0 0 0 0 0 0 0 0 0 0 0 0 0 0 0 0 0 0 0 0 0 0 0 0 0 0 0 0 0 0 0 0 0 0 0 0 0 0 0 0 0 0 0 0 0 0 0 0 0 0 0 0 0 0 0 0 0 0 0 0 0 0 0 0 0 0 0 
0 0 0 0 148 167 183 207 215 232 246 238 233 238 224 203 201 193 0 0 0 0 0 0 0 0 0 0 0 0 0 0 0 0 0 0 0 0 0 0 0 0 0 0 0 0 0 0 0 0 0 0 0 0 0 0 0 0 0 0 0 0 0 0 0 0 0 0 0 0 0 0 0 0 0 0 0 0 0 0 0 0 0 0 0 0 0 0 0 0 0 0 0 0 0 0 0 0 0 0 0 0 0 0 0 0 0 0 0 0 0 0 0 0 0 0 0 0 0 0 0 0 0 0 0 0 0 0 0 0 0 0 0 0 0 0 0 0 0 0 0 0 0 0 0 0 0 0 0 0 0 0 0 0 0 0 0 0 0 0 0 0 0 0 0 0 0 0 0 0 0 0 0 0 0 0 
0 0 0 0 0 0 0 134 145 173 200 194 192 200 184 173 176 0 0 0 0 0 0 0 0 0 0 0 0 0 0 0 0 0 0 0 0 0 0 0 0 0 0 0 0 0 0 0 0 0 0 0 0 0 0 0 0 0 0 0 0 0 0 0 0 0 0 0 0 0 0 0 0 0 0 0 0 0 0 0 0 0 0 0 0 0 0 0 0 0 0 0 0 0 0 0 0 0 0 0 0 0 0 0 0 0 0 0 0 0 0 0 0 0 0 0 0 0 0 0 0 0 0 0 0 0 0 0 0 0 0 0 0 0 0 0 0 0 0 0 0 0 0 0 0 0 0 0 0 0 0 0 0 0 0 0 0 0 0 0 0 0 0 0 0 0 0 0 0 0 0 0 0 0 0 0 
0 0 0 0 0 0 0 0 0 0 0 0 0 0 0 0 0 0 0 0 0 0 0 0 0 0 0 0 0 0 0 0 0 0 0 0 0 0 0 0 0 0 0 0 0 0 0 0 0 0 0 0 0 0 0 0 0 0 0 0 0 0 0 0 0 0 0 0 0 0 0 0 0 0 0 0 0 0 0 0 0 0 0 0 0 0 0 0 0 0 0 0 0 0 0 0 0 0 0 0 0 0 0 0 0 0 0 0 0 0 0 0 0 0 0 0 0 0 0 0 0 0 0 0 0 0 0 0 0 0 0 0 0 0 0 0 0 0 0 0 0 0 0 0 0 0 0 0 0 0 0 0 0 0 0 0 0 0 0 0 0 0 0 0 0 0 0 0 0 0 0 0 0 0 0 0 
0 0 0 0 0 0 0 0 0 0 0 0 0 0 0 0 0 0 0 0 0 0 0 0 0 0 0 0 0 0 0 0 0 0 0 0 0 0 0 0 0 0 0 0 0 0 0 0 0 0 0 0 0 0 0 0 0 0 0 0 0 0 0 0 0 0 0 0 0 0 0 0 0 0 0 0 0 0 0 0 0 0 0 0 0 0 0 0 0 0 0 0 0 0 0 0 0 0 0 0 0 0 0 0 0 0 0 0 0 0 0 0 0 0 0 0 0 0 0 0 0 0 0 0 0 0 0 0 0 0 0 0 0 0 0 0 0 0 0 0 0 0 0 0 0 0 0 0 0 0 0 0 0 0 0 0 0 0 0 0 0 0 0 0 0 0 0 0 0 0 0 0 0 0 0 0 
0 0 0 0 0 0 0 0 0 0 0 0 0 0 0 0 0 0 0 0 0 0 0 0 0 0 0 0 0 0 0 0 0 0 0 0 0 0 0 0 0 0 0 0 0 0 0 0 0 0 0 0 0 0 0 0 0 0 0 0 0 0 0 0 0 0 0 0 0 0 0 0 0 0 0 0 0 0 0 0 0 0 0 0 0 0 0 0 0 0 0 0 0 0 0 0 0 0 0 0 0 0 0 0 0 0 0 0 0 0 0 0 0 0 0 0 0 0 0 0 0 0 0 0 0 0 0 0 0 0 0 0 0 0 0 0 0 0 0 0 0 0 0 0 0 0 0 0 0 0 0 0 0 0 0 0 0 0 0 0 0 0 0 0 0 0 0 0 0 0 0 0 0 0 0 0 
0 0 0 0 0 0 0 0 0 0 0 0 0 0 0 0 0 0 0 0 0 0 0 0 0 0 0 0 0 0 0 0 0 0 0 0 0 0 0 0 0 0 0 0 0 0 0 0 0 0 0 0 0 0 0 0 0 0 0 0 0 0 0 0 0 0 0 0 0 0 0 0 0 0 0 0 0 0 0 0 0 0 0 0 0 0 0 0 0 0 0 0 0 0 0 0 0 0 0 0 0 0 0 0 0 0 0 0 0 0 0 0 0 0 0 0 0 0 0 0 0 0 0 0 0 0 0 0 0 0 0 0 0 0 0 0 0 0 0 0 0 0 0 0 0 0 0 0 0 0 0 0 0 0 0 0 0 0 0 0 0 0 0 0 0 0 0 0 0 0 0 0 0 0 0 0 
0 0 0 0 0 0 0 0 0 0 0 0 0 0 0 0 0 0 0 0 0 0 0 0 0 0 0 0 0 0 0 0 0 0 0 0 0 0 0 0 0 0 0 0 0 0 0 0 0 0 0 0 0 0 0 0 0 0 0 0 0 0 0 0 0 0 0 0 0 0 0 0 0 0 0 0 0 0 0 0 0 0 0 0 0 0 0 0 0 0 0 0 0 0 0 0 0 0 0 0 0 0 0 0 0 0 0 0 0 0 0 0 0 0 0 0 0 0 0 0 0 0 0 0 0 0 0 0 0 0 0 0 0 0 0 0 0 0 0 0 0 0 0 0 0 0 0 0 0 0 0 0 0 0 0 0 0 0 0 0 0 0 0 0 0 0 0 0 0 0 0 0 0 0 0 0 
0 0 0 0 0 0 0 0 0 0 0 0 0 0 0 0 0 0 0 0 0 0 0 0 0 0 0 0 0 0 0 0 0 0 0 0 0 0 0 0 0 0 0 0 0 0 0 0 0 0 0 0 0 0 0 0 0 0 0 0 0 0 0 0 0 0 0 0 0 0 0 0 0 0 0 0 0 0 0 0 0 0 0 0 0 0 0 0 0 0 0 0 0 0 0 0 0 0 0 0 0 0 0 0 0 0 0 0 0 0 0 0 0 0 0 0 0 0 0 0 0 0 0 0 0 0 0 0 0 0 0 0 0 0 0 0 0 0 0 0 0 0 0 0 0 0 0 0 0 0 0 0 0 0 0 0 0 0 0 0 0 0 0 0 0 0 0 0 0 0 0 0 0 0 0 0 
0 0 0 0 0 0 0 0 0 0 0 0 0 0 0 0 0 0 0 0 0 0 0 0 0 0 0 0 0 0 0 0 0 0 0 0 0 0 0 0 0 0 0 0 0 0 0 0 0 0 0 0 0 0 0 0 0 0 0 0 0 0 0 0 0 0 0 0 0 0 0 0 0 0 0 0 0 0 0 0 0 0 0 0 0 0 0 0 0 0 0 0 0 0 0 0 0 0 0 0 0 0 0 0 0 0 0 0 0 0 0 0 0 0 0 0 0 0 0 0 0 0 0 0 0 0 0 0 0 0 0 0 0 0 0 0 0 0 0 0 0 0 0 0 0 0 0 0 0 0 0 0 0 0 0 0 0 0 0 0 0 0 0 0 0 0 0 0 0 0 0 0 0 0 0 0 
0 0 0 0 0 0 0 0 0 0 0 0 0 0 0 0 0 0 0 0 0 0 0 0 0 0 0 0 0 0 0 0 0 0 0 0 0 0 0 0 0 0 0 0 0 0 0 0 0 0 0 0 0 0 0 0 0 0 0 0 0 0 0 0 0 0 0 0 0 0 0 0 0 0 0 0 0 0 0 0 0 0 0 0 0 0 0 0 0 0 0 0 0 0 0 0 0 0 0 0 0 0 0 0 0 0 0 0 0 0 0 0 0 0 0 0 0 0 0 0 0 0 0 0 0 0 0 0 0 0 0 0 0 0 0 0 0 0 0 0 0 0 0 0 0 0 0 0 0 0 0 0 0 0 0 0 0 0 0 0 0 0 0 0 0 0 0 0 0 0 0 0 0 0 0 0 
