90 89 83 93 87 81 79 79 83 83 82 85 83 88 85 88 87 82 77 85 83 79 74 76 80 76 72 76 74 78 78 76 73 70 67 75 76 74 85 82 80 79 78 79 80 77 77 80 78 74 79 76 80 78 75 83 77 77 79 70 60 71 75 71 74 78 78 78 75 75 78 74 76 76 79 79 75 82 79 80 81 75 79 79 75 67 64 76 74 76 78 78 79 75 81 77 76 77 77 76 76 77 76 79 81 83 75 83 79 85 74 69 64 85 82 84 85 87 88 85 85 83 87 86 92 90 92 89 88 88 93 96 94 89 94 93 84 81 90 100 97 93 97 96 99 96 96 102 101 99 106 98 106 110 114 94 76 71 72 80 71 76 77 67 0 69 75 78 79 93 79 92 96 100 105 104 
87 82 86 93 81 80 89 79 76 79 79 83 82 88 80 79 80 83 72 79 74 75 78 75 85 75 79 81 78 75 80 82 75 77 68 70 71 75 76 74 79 72 77 78 79 73 77 80 77 73 77 79 75 81 78 76 73 74 75 77 67 65 75 81 79 72 75 75 73 78 76 79 72 76 81 77 75 80 77 76 80 77 81 78 76 77 67 71 74 80 74 80 79 79 77 78 77 80 84 77 83 79 81 81 82 74 76 83 77 81 75 66 73 80 89 86 89 86 84 90 89 86 92 88 85 83 91 95 91 88 93 96 93 91 89 86 83 90 88 95 93 98 93 92 100 92 100 97 99 106 102 110 109 106 94 81 75 73 74 77 70 78 79 66 0 0 75 78 81 83 90 97 102 100 100 103 
81 84 84 83 83 82 80 79 78 77 77 77 77 77 78 79 78 79 79 78 77 77 77 77 77 77 77 77 77 77 77 76 75 74 73 72 72 72 73 73 74 75 75 75 75 75 75 74 74 74 73 74 74 74 74 75 74 75 73 72 71 71 71 72 73 74 74 74 74 74 74 74 75 75 75 76 76 76 76 76 76 76 76 76 75 74 73 73 73 75 76 76 76 76 76 76 77 77 77 78 78 78 78 78 78 78 78 78 78 77 76 76 77 79 81 83 84 84 85 85 85 85 85 85 87 87 87 88 88 89 89 89 90 89 88 87 88 89 90 91 93 93 94 94 95 96 96 98 99 101 102 101 98 93 86 81 76 74 72 73 73 73 72 72 72 72 75 77 78 82 86 89 93 97 98 104 
80 78 81 81 81 80 79 78 77 76 76 75 75 75 75 76 76 77 77 77 76 76 76 77 77 77 77 76 76 76 76 76 75 74 73 72 71 70 70 70 71 72 73 73 73 73 73 72 72 72 71 72 72 72 72 73 72 73 73 71 71 71 70 71 72 73 73 73 74 74 74 75 76 76 76 77 78 78 78 78 79 79 79 80 79 78 78 78 78 79 80 80 80 81 80 81 81 82 83 83 83 83 83 83 83 83 83 83 83 82 82 83 84 85 86 87 88 88 88 88 88 89 88 88 89 89 89 89 90 90 90 90 90 89 89 89 89 90 90 91 92 92 92 93 93 94 95 97 98 100 100 98 93 87 81 76 73 72 71 72 72 72 72 72 72 73 75 76 77 81 84 88 92 95 98 100 
78 81 79 80 80 79 79 77 76 75 75 74 73 73 73 74 74 75 76 76 76 75 75 76 76 75 75 75 75 74 75 74 74 73 72 71 70 69 68 68 69 70 71 71 71 71 71 70 70 70 70 70 70 71 71 72 72 73 74 73 72 72 73 73 75 76 77 77 78 78 78 79 80 80 80 81 82 82 82 82 83 83 84 84 85 84 84 83 83 84 84 85 84 85 85 85 86 87 87 87 87 87 88 88 88 88 89 89 88 88 89 89 90 91 92 92 92 92 92 92 93 93 93 93 93 93 93 93 94 94 94 94 94 93 93 93 94 94 94 94 94 95 95 95 95 96 97 98 99 100 98 94 88 82 76 73 71 70 70 70 69 69 71 0 0 72 73 74 76 79 82 86 90 93 97 89 
76 79 78 79 78 78 77 76 75 75 74 73 73 73 72 72 73 73 74 73 74 74 74 74 75 74 74 73 74 73 73 73 73 72 71 70 70 68 67 67 67 68 69 69 70 70 71 71 71 71 71 72 73 73 74 75 75 76 77 76 76 77 77 77 79 80 81 81 82 83 83 83 84 85 85 86 86 87 86 87 87 88 88 89 89 89 89 89 89 89 89 90 89 90 90 91 91 92 92 92 92 92 92 92 93 93 93 93 93 94 94 95 95 96 97 97 97 97 97 97 97 97 97 97 98 98 97 97 97 98 97 98 98 98 98 98 98 98 98 98 99 99 99 100 100 101 101 103 103 103 99 93 86 80 74 71 70 70 69 69 68 68 0 0 0 72 72 73 74 77 81 85 89 92 96 96 
70 75 76 77 77 76 76 76 74 74 74 73 73 72 72 71 71 71 71 71 72 72 72 73 73 73 72 72 71 71 71 71 71 71 70 70 70 69 68 68 68 69 70 71 72 73 73 74 74 75 75 76 77 77 78 79 79 79 80 80 81 82 82 82 83 84 85 85 86 86 87 87 88 89 89 90 90 91 90 91 92 92 92 93 93 93 94 94 94 94 94 95 95 96 96 96 96 97 97 97 97 97 98 98 98 98 98 99 99 100 100 101 101 102 102 102 102 102 102 102 102 103 103 103 103 103 102 103 102 102 102 102 102 102 103 103 103 103 103 102 103 103 103 104 105 105 106 108 108 107 102 95 87 80 74 71 70 69 68 67 67 0 0 0 0 0 72 73 74 77 80 84 88 92 91 94 
71 75 75 76 75 75 75 74 73 73 73 72 72 72 71 70 70 70 70 70 70 70 71 71 71 71 70 70 70 70 70 70 71 72 72 72 73 72 72 72 72 73 73 74 75 76 77 77 78 78 79 80 80 81 82 82 82 83 84 84 84 86 86 87 88 89 89 90 90 91 91 92 92 93 93 94 94 94 94 95 96 96 97 97 98 98 98 99 99 99 99 99 99 100 100 100 100 101 101 101 101 101 101 101 102 102 103 103 104 105 105 106 107 107 107 107 106 106 106 106 107 108 108 108 108 108 107 107 107 107 107 108 108 108 108 108 108 107 107 107 107 108 108 109 109 110 111 112 113 112 106 98 90 80 74 71 70 68 68 66 66 0 0 0 0 0 71 72 74 76 79 83 87 91 94 95 
75 74 74 75 75 74 74 73 72 72 71 70 70 70 69 69 69 68 68 68 69 69 70 70 70 71 71 71 72 72 72 72 73 74 74 75 76 76 75 76 76 76 77 78 79 79 80 80 81 82 82 83 84 85 85 86 86 86 87 88 88 90 91 91 92 93 93 93 94 94 94 94 95 96 95 96 96 96 95 96 96 97 97 98 98 98 98 99 99 99 99 98 99 99 100 100 100 100 100 99 100 100 101 101 101 102 102 102 103 104 104 105 106 107 107 107 106 107 107 107 108 108 109 109 109 109 109 109 109 109 109 110 111 111 111 111 111 110 110 110 111 112 112 113 114 114 115 117 118 117 111 102 92 82 74 71 69 68 67 64 0 0 0 0 0 0 72 72 73 75 78 82 86 91 91 98 
77 70 74 74 74 73 73 72 70 70 70 69 69 69 69 69 69 68 69 69 69 69 70 70 71 72 73 73 73 74 74 75 76 77 77 78 79 79 79 80 80 80 81 82 82 83 84 84 85 85 86 87 88 88 88 89 89 89 90 90 90 91 92 92 92 93 93 93 93 94 93 94 94 95 94 95 95 95 95 95 95 96 97 97 97 97 98 98 98 98 98 98 98 98 99 99 99 99 99 99 99 100 100 100 100 101 101 102 102 103 103 104 104 105 105 105 105 106 106 106 107 108 108 108 109 109 109 109 109 109 109 109 110 110 111 111 111 110 110 110 111 112 113 114 114 115 117 118 120 119 114 104 94 84 75 71 69 69 0 0 0 0 0 0 0 0 72 72 73 74 76 81 85 89 93 94 
72 76 73 73 72 72 72 71 69 69 69 69 69 69 69 70 70 70 71 71 71 71 71 72 73 73 74 75 75 76 77 77 78 80 80 80 82 82 83 84 84 84 85 86 86 87 87 87 87 87 88 88 89 89 89 89 89 89 89 90 90 90 91 91 91 92 92 92 92 92 92 92 93 94 94 94 94 94 94 94 94 95 95 95 95 95 95 94 94 94 94 94 94 94 94 94 94 95 95 95 95 96 96 96 96 97 97 97 98 99 99 100 100 101 101 101 101 102 103 103 104 105 105 106 108 108 109 109 109 109 109 109 109 109 110 109 109 109 109 109 110 111 111 112 113 114 115 117 119 119 114 105 96 86 76 70 68 67 0 0 0 0 0 0 0 0 69 71 73 74 76 80 84 88 94 99 
0 69 72 72 71 71 71 70 70 70 70 70 71 71 71 71 71 71 73 73 73 73 73 74 75 75 77 77 78 79 80 81 81 82 83 83 84 84 84 84 85 85 85 86 86 86 86 86 87 86 86 87 87 87 87 87 87 87 87 87 87 86 87 86 86 87 87 87 87 87 87 89 90 92 94 94 94 94 93 93 93 92 91 89 87 87 85 87 88 91 90 93 93 93 93 93 93 94 94 94 94 95 95 95 95 96 96 96 97 97 98 98 99 100 100 97 97 96 95 93 95 95 98 101 104 106 107 107 108 107 108 108 109 109 109 109 109 109 109 109 110 110 111 111 111 112 113 115 116 118 113 104 96 87 76 69 66 0 0 0 0 0 0 0 0 0 69 70 72 74 75 79 83 87 94 90 
73 73 72 72 72 72 72 72 71 72 72 72 72 72 72 72 73 74 75 75 75 75 75 76 77 78 79 79 79 80 81 82 82 83 83 82 83 84 83 83 84 84 84 84 84 84 84 83 83 82 82 82 82 82 82 81 81 79 80 81 82 83 86 85 85 86 85 85 85 84 84 86 88 90 93 94 94 94 93 93 93 90 88 86 83 82 82 84 86 89 88 91 91 91 91 92 92 92 89 89 90 90 91 94 94 94 94 94 95 95 96 96 96 97 98 95 95 93 92 90 92 91 95 98 102 104 107 107 107 107 107 108 109 108 109 108 109 108 109 109 109 109 109 110 109 110 111 112 114 116 112 102 95 87 76 66 0 0 0 0 0 0 0 0 0 0 0 69 71 73 75 78 82 86 93 93 
68 73 72 72 73 72 73 73 73 73 74 74 74 75 75 75 75 76 77 77 77 77 77 78 78 79 79 79 80 80 81 81 81 81 81 80 80 80 79 79 79 79 79 79 79 79 79 80 81 81 81 81 81 81 80 80 79 78 78 79 80 82 84 83 83 83 83 82 82 80 81 84 86 88 92 93 93 93 93 93 92 88 86 83 79 77 77 78 81 85 84 89 89 89 89 89 89 89 85 85 86 86 87 90 90 90 91 91 92 92 93 92 93 94 95 90 91 88 86 84 86 86 91 95 100 102 106 106 107 107 107 107 108 108 108 108 108 108 108 109 108 108 108 108 107 108 110 111 112 114 111 101 96 90 77 63 0 0 0 0 0 0 0 0 0 0 0 68 70 72 74 77 81 85 84 89 
66 69 72 72 73 73 74 75 75 75 76 76 77 77 77 76 77 77 77 77 77 78 78 78 78 78 78 79 79 80 80 80 80 79 79 78 78 78 78 78 78 78 77 77 77 77 77 78 79 80 79 79 79 79 78 77 75 74 74 76 77 79 82 80 79 79 78 78 78 75 78 81 84 87 92 93 94 94 93 93 92 86 83 79 72 67 66 67 71 75 75 82 82 81 81 81 81 81 75 75 74 75 75 81 81 81 81 82 83 84 86 85 85 86 86 79 81 77 75 72 75 77 86 92 97 100 105 106 107 106 107 107 107 107 107 107 108 108 108 108 108 108 107 108 107 107 108 109 111 113 111 101 98 92 80 63 0 0 0 0 0 0 0 0 0 0 0 68 69 72 73 77 81 85 89 98 
73 76 73 73 74 74 75 75 76 76 77 77 77 77 77 76 76 76 76 77 77 77 77 77 77 78 78 78 79 80 80 80 79 78 77 76 76 76 76 75 75 75 75 75 74 75 74 75 76 77 75 75 74 74 72 71 69 66 66 67 68 70 73 70 68 68 67 67 67 66 74 79 82 85 91 92 93 93 93 93 92 85 81 75 66 53 45 0 0 0 0 0 0 0 0 0 0 0 0 0 0 0 0 0 0 0 0 0 0 0 0 0 0 0 0 0 0 0 0 50 54 66 80 88 94 98 104 105 106 106 107 106 107 106 107 107 107 107 107 108 107 107 107 107 106 106 107 107 108 110 109 100 98 93 82 65 0 0 0 0 0 0 0 0 0 0 0 67 69 71 73 76 80 85 88 95 
74 78 73 74 75 74 75 76 76 76 76 77 76 76 76 76 76 76 76 76 76 77 77 77 77 78 77 78 78 79 79 79 76 75 74 73 72 73 73 73 72 72 72 71 68 69 67 67 67 67 64 65 65 65 62 60 56 52 49 0 0 0 0 0 0 0 0 0 0 65 76 80 83 85 91 92 93 93 93 93 92 85 82 79 72 57 0 0 0 0 0 0 0 0 0 0 0 0 0 0 0 0 0 0 0 0 0 0 0 0 0 0 0 0 0 0 0 0 0 0 0 74 86 92 95 97 103 105 106 106 106 106 106 105 106 106 106 107 107 108 107 107 107 107 106 106 106 106 107 108 108 100 98 94 84 65 0 0 0 0 0 0 0 0 0 0 0 67 69 71 73 76 80 85 91 99 
72 71 74 74 74 74 74 74 74 75 75 76 75 76 75 75 74 74 74 74 74 75 76 76 77 77 78 78 79 79 79 78 75 73 71 68 65 65 64 64 62 62 62 61 57 57 0 0 0 0 0 0 0 0 0 0 0 0 0 0 0 0 0 0 0 0 0 0 0 66 76 80 83 85 91 92 93 93 93 93 92 84 82 78 71 57 0 0 0 0 0 0 0 0 0 0 0 0 0 0 0 0 0 0 0 0 0 0 0 0 0 0 0 0 0 0 0 0 0 0 0 74 85 91 95 97 103 105 106 105 106 106 106 105 105 106 106 106 107 107 106 107 107 106 105 105 104 105 106 107 108 101 99 96 88 70 0 0 0 0 0 0 0 0 0 0 0 67 69 71 73 75 79 84 82 92 
75 74 73 73 73 73 73 73 73 73 74 74 74 75 74 74 73 73 72 72 73 74 74 76 76 77 77 78 78 79 78 77 74 72 70 66 59 0 0 0 0 0 0 0 0 0 0 0 0 0 0 0 0 0 0 0 0 0 0 0 0 0 0 0 0 0 0 0 0 67 76 81 83 85 91 92 93 93 93 93 91 84 82 78 71 57 0 0 0 0 0 0 0 0 0 0 0 0 0 0 0 0 0 0 0 0 0 0 0 0 0 0 0 0 0 0 0 0 0 0 0 72 83 90 94 96 103 105 105 105 105 105 105 105 105 106 106 106 106 106 106 106 106 106 105 104 104 104 104 106 107 101 99 97 90 72 0 0 0 0 0 0 0 0 0 0 0 0 71 71 74 76 79 83 85 97 
67 70 72 72 73 72 72 72 72 72 72 73 73 74 74 73 72 71 70 70 72 73 74 75 76 76 77 78 78 79 78 77 73 72 69 64 0 0 0 0 0 0 0 0 0 0 0 0 0 0 0 0 0 0 0 0 0 0 0 0 0 0 0 51 51 51 0 0 0 68 77 81 84 85 91 92 92 93 93 92 91 84 81 78 71 57 0 0 0 0 0 0 0 0 0 0 0 0 0 0 0 0 0 0 0 0 0 0 0 0 0 0 0 0 0 0 0 0 0 0 0 68 81 88 92 95 102 104 105 105 105 105 105 104 105 105 105 106 106 106 106 106 106 105 104 103 103 103 103 105 106 101 100 98 92 74 0 0 0 0 0 0 0 0 0 0 0 0 70 71 73 75 77 82 89 96 
69 75 71 71 72 71 71 71 71 71 72 73 73 73 73 72 71 70 68 68 70 72 73 75 76 76 76 77 78 78 78 76 73 72 69 63 0 0 0 0 0 0 0 0 0 0 0 0 0 0 0 0 0 0 0 0 0 0 0 0 0 0 53 51 51 51 50 0 0 70 78 82 84 86 91 92 92 93 92 92 90 83 81 77 70 57 0 0 0 0 0 0 0 0 0 0 0 0 0 0 0 0 0 0 0 0 0 0 0 0 0 0 0 0 0 0 0 0 0 0 0 67 80 88 92 95 102 104 105 104 104 104 104 104 105 105 105 105 106 106 106 105 105 104 103 102 102 102 103 104 106 101 100 98 93 77 0 0 0 0 0 0 0 0 0 0 0 0 68 69 72 73 77 82 84 90 
66 66 71 71 71 70 70 70 71 71 72 72 73 73 72 70 68 67 64 65 68 71 72 75 75 76 77 78 78 79 79 76 75 73 70 64 0 0 0 0 0 0 0 0 0 0 0 0 0 0 0 0 0 0 0 0 0 0 0 0 0 51 51 50 49 50 49 46 0 71 79 83 84 86 90 92 92 92 92 92 90 83 81 78 70 57 0 0 0 0 0 0 0 0 0 0 0 0 0 0 0 0 0 0 0 0 0 0 0 0 0 0 0 0 0 0 0 0 0 0 0 63 77 86 90 93 102 104 104 104 104 104 104 104 105 105 105 105 106 105 105 105 104 103 103 102 102 102 102 104 106 102 99 97 91 75 0 0 0 0 0 0 0 0 0 0 0 65 67 68 70 72 76 80 79 94 
65 71 70 70 70 70 70 70 71 70 71 71 71 72 72 69 68 66 64 66 69 72 73 74 74 75 76 77 78 79 79 76 76 74 72 66 0 0 0 0 0 0 0 0 0 0 0 0 0 0 0 0 0 0 0 0 0 0 0 0 0 51 51 50 49 50 49 46 0 71 79 83 85 87 91 92 92 92 92 92 90 83 81 78 71 57 0 0 0 0 0 0 0 0 0 0 0 0 0 0 0 0 0 0 0 0 0 0 0 0 0 0 0 0 0 0 0 0 0 0 0 59 75 85 89 92 101 104 104 104 104 104 104 104 105 105 105 105 105 105 104 104 104 104 103 102 102 101 102 103 106 102 97 95 89 74 0 0 0 0 0 0 0 0 0 0 0 63 66 67 69 71 75 80 88 92 
73 77 70 70 70 70 70 70 70 70 71 71 71 72 71 69 68 67 66 67 70 73 74 74 75 75 76 76 77 78 78 76 76 75 72 65 0 0 0 0 0 0 0 0 0 0 0 0 0 0 0 0 0 0 0 0 0 0 0 0 0 51 52 51 50 50 49 46 0 70 79 83 85 87 91 92 92 92 92 92 90 83 81 78 70 56 0 0 0 0 0 0 0 0 0 0 0 0 0 0 0 0 0 0 0 0 0 0 0 0 0 0 0 0 0 0 0 0 0 0 0 55 73 83 88 92 101 104 104 104 104 104 104 104 105 105 105 105 105 104 104 104 104 103 103 102 101 101 101 103 106 103 96 94 89 74 0 0 0 0 0 0 0 0 0 0 0 63 66 67 68 70 75 79 89 81 
68 75 70 70 70 70 70 70 70 70 71 71 71 71 71 70 68 68 67 68 70 72 73 74 75 75 75 76 77 77 78 76 75 75 73 65 0 0 0 0 0 0 0 0 0 0 0 0 0 0 0 0 0 0 0 0 0 0 0 0 0 49 50 50 49 49 48 46 0 72 80 84 86 87 91 92 92 92 91 91 89 82 80 77 70 55 0 0 0 0 0 0 0 0 0 0 0 0 0 0 0 0 0 0 0 0 0 0 0 0 0 0 0 0 0 0 0 0 0 0 0 52 70 82 87 91 100 104 104 103 104 104 104 104 105 104 105 104 104 103 103 103 103 103 103 102 101 101 102 103 106 103 96 93 88 75 55 0 0 0 0 0 0 0 0 0 0 62 65 66 68 70 74 79 92 92 
71 68 70 69 70 70 70 70 70 70 70 71 71 71 71 70 69 69 68 69 71 72 73 74 74 75 75 76 76 77 77 75 75 75 72 66 0 0 0 0 0 0 0 0 0 0 0 0 0 0 0 0 0 0 0 0 0 0 0 0 0 0 0 48 47 47 0 0 0 68 78 83 85 86 91 92 92 91 91 91 89 82 80 77 70 55 0 0 0 0 0 0 0 0 0 0 0 0 0 0 0 0 0 0 0 0 0 0 0 0 0 0 0 0 0 0 0 0 0 0 0 50 69 80 86 89 100 103 104 104 104 104 104 104 105 104 105 104 104 103 104 104 104 104 103 102 101 101 102 104 106 105 95 93 88 76 58 0 0 0 0 0 0 0 0 0 0 63 65 66 68 70 74 77 80 86 
74 72 69 69 70 70 70 70 70 69 69 70 70 71 71 70 70 70 70 70 71 72 73 73 74 74 75 75 76 76 77 75 75 74 72 67 0 0 0 0 0 0 0 0 0 0 0 0 0 0 0 0 0 0 0 0 0 0 0 0 0 0 0 0 0 0 0 0 0 65 77 82 84 86 91 92 92 92 91 91 89 82 80 77 69 54 0 0 0 0 0 0 0 0 0 0 0 0 0 0 0 0 0 0 0 0 0 0 0 0 0 0 0 0 0 0 0 0 0 0 0 48 67 79 85 89 100 104 104 104 104 104 104 104 104 104 104 104 104 103 103 103 103 103 103 102 101 101 102 103 105 105 96 94 90 80 62 0 0 0 0 0 0 0 0 0 0 61 64 66 67 69 73 77 82 87 
69 65 69 69 70 70 70 70 70 69 70 70 71 71 71 71 71 71 72 72 72 72 73 73 74 74 75 75 75 76 77 75 75 74 72 66 0 0 0 0 0 0 0 0 0 0 0 0 0 0 0 0 0 0 0 0 0 0 0 0 0 0 0 0 0 0 0 0 0 65 77 82 84 85 91 92 92 92 92 91 89 82 80 77 69 55 0 0 0 0 0 0 0 0 0 0 0 0 0 0 0 0 0 0 0 0 0 0 0 0 0 0 0 0 0 0 0 0 0 0 0 46 65 78 84 88 99 103 104 104 104 104 104 104 104 104 104 104 103 103 104 103 103 103 103 102 102 102 102 103 104 105 97 96 93 84 66 0 0 0 0 0 0 0 0 0 0 0 65 66 67 69 72 76 78 82 
67 68 68 69 69 69 69 69 69 69 70 70 70 71 70 70 71 71 71 71 72 72 73 73 74 75 75 75 76 76 76 74 74 74 71 65 0 0 0 0 0 0 0 0 0 0 0 0 0 0 0 0 0 0 0 0 0 0 0 0 0 0 0 0 0 0 0 0 0 67 77 82 84 85 90 91 91 91 91 91 89 82 80 77 69 56 0 0 0 0 0 0 0 0 0 0 0 0 0 0 0 0 0 0 0 0 0 0 0 0 0 0 0 0 0 0 0 0 0 0 0 44 64 76 83 87 99 103 103 104 104 104 104 104 104 103 104 104 103 103 103 103 103 103 103 102 102 102 102 103 104 105 98 97 94 87 68 0 0 0 0 0 0 0 0 0 0 0 64 66 67 69 72 75 76 88 
69 69 68 68 69 68 69 69 68 69 69 69 70 70 70 71 71 71 71 71 72 72 73 73 74 74 75 75 76 76 76 74 74 73 70 64 0 0 0 0 0 0 0 0 0 0 0 0 0 0 0 0 0 0 0 0 0 0 0 0 0 0 0 0 0 0 0 0 0 64 76 80 83 84 90 91 91 91 91 91 89 83 81 77 70 57 0 0 0 0 0 0 0 0 0 0 0 0 0 0 0 0 0 0 0 0 0 0 0 0 0 0 0 0 0 0 0 0 0 0 0 44 65 78 85 89 99 103 103 104 104 104 104 104 104 104 104 104 104 104 104 103 103 102 102 102 102 102 102 103 104 105 99 98 95 89 70 0 0 0 0 0 0 0 0 0 0 0 64 65 66 69 71 75 75 82 
67 70 67 68 68 68 69 69 69 69 69 69 70 70 70 70 71 71 72 72 72 73 73 73 74 74 75 75 76 77 77 74 73 72 69 63 0 0 0 0 0 0 0 0 0 0 0 0 0 0 0 0 0 0 0 0 0 0 0 0 0 0 0 0 0 0 0 0 0 65 77 81 84 85 91 91 91 91 91 91 89 82 80 77 70 56 0 0 0 0 0 0 0 0 0 0 0 0 0 0 0 0 0 0 0 0 0 0 0 0 0 0 0 0 0 0 0 0 0 0 0 0 67 80 87 90 98 103 103 103 104 104 104 104 104 104 104 104 103 103 103 103 102 102 102 102 102 102 102 102 103 105 99 98 95 90 70 0 0 0 0 0 0 0 0 0 0 0 63 66 67 69 71 75 89 83 
66 65 68 68 68 69 69 69 69 69 69 69 69 70 69 70 70 70 71 72 72 73 74 73 74 75 75 75 76 77 76 73 72 70 67 59 0 0 0 0 0 0 0 0 0 0 0 0 0 0 0 0 0 0 0 0 0 0 0 0 0 0 0 0 0 0 0 0 0 67 78 82 84 86 91 91 91 91 91 91 89 83 80 77 70 56 0 0 0 0 0 0 0 0 0 0 0 0 0 0 0 0 0 0 0 0 0 0 0 0 0 0 0 0 0 0 0 0 0 0 0 0 69 82 89 92 98 102 103 103 103 104 104 105 104 104 104 104 103 103 103 103 102 102 102 102 101 102 102 102 103 106 99 99 97 91 71 0 0 0 0 0 0 0 0 0 0 0 64 66 67 69 71 75 77 82 
64 68 67 68 68 69 69 70 69 69 69 69 69 69 69 70 70 70 71 71 72 73 73 73 74 75 75 75 76 76 75 72 71 69 65 56 0 0 0 0 0 0 0 0 0 0 0 0 0 0 0 0 0 0 0 0 0 0 0 0 0 0 0 0 0 0 0 0 0 68 78 83 85 86 91 91 91 91 91 91 89 83 81 77 71 57 0 0 0 0 0 0 0 0 0 0 0 0 0 0 0 0 0 0 0 0 0 0 0 0 0 0 0 0 0 0 0 0 0 0 0 0 72 85 90 94 97 102 103 103 103 104 104 105 104 104 104 104 103 103 103 102 101 101 101 101 101 101 101 102 103 106 100 99 97 91 72 0 0 0 0 0 0 0 0 0 0 0 0 66 66 69 71 75 76 87 
69 69 67 68 68 68 69 69 69 69 69 69 69 69 69 69 69 70 71 71 72 73 73 73 74 75 75 75 76 76 75 71 70 68 64 54 0 0 0 0 0 0 0 0 0 0 0 0 0 0 0 0 0 0 0 0 0 0 0 0 0 0 0 0 0 0 0 0 0 69 79 83 85 87 91 92 92 92 91 91 90 83 78 75 68 53 0 0 0 0 0 0 0 0 0 0 0 0 0 0 0 0 0 0 0 0 0 0 0 0 0 0 0 0 0 0 0 0 0 0 0 0 77 89 94 96 97 102 103 103 103 103 104 104 105 104 104 104 103 103 103 102 101 102 101 100 101 101 101 102 104 106 101 100 99 94 75 0 0 0 0 0 0 0 0 0 0 0 0 65 66 68 71 74 86 78 
69 65 67 68 68 68 68 69 69 69 69 68 69 69 68 69 69 70 70 71 71 72 73 73 74 74 75 75 76 76 76 72 71 69 64 53 0 0 0 0 0 0 0 0 0 0 0 0 0 0 0 0 0 0 0 0 0 0 0 0 0 0 0 0 0 0 0 0 0 71 80 84 86 87 91 92 92 92 92 91 90 83 78 74 67 52 0 0 0 0 0 0 0 0 0 0 0 0 0 0 0 0 0 0 0 0 0 0 0 0 0 0 0 0 0 0 0 0 0 0 0 0 75 88 93 95 97 102 103 103 103 103 104 104 104 104 104 104 103 103 103 102 101 101 101 100 101 101 101 101 103 105 101 101 100 96 80 0 0 0 0 0 0 0 0 0 0 0 0 65 66 68 70 73 76 89 
62 67 67 67 68 68 68 68 68 69 68 68 68 69 68 69 69 70 70 71 71 72 72 73 74 74 75 75 76 76 75 72 71 69 64 0 0 0 0 0 0 0 0 0 0 0 0 0 0 0 0 0 0 0 0 0 0 0 0 0 0 0 0 0 0 0 0 0 0 71 80 84 85 87 91 91 91 92 92 91 90 83 78 74 67 52 0 0 0 0 0 0 0 0 0 0 0 0 0 0 0 0 0 0 0 0 0 0 0 0 0 0 0 0 0 0 0 0 0 0 0 0 69 83 89 93 96 102 103 103 103 103 104 104 104 104 104 104 103 103 103 102 101 101 101 100 100 100 101 101 103 105 102 100 99 95 80 0 0 0 0 0 0 0 0 0 0 0 0 62 64 67 69 73 81 82 
63 66 66 66 67 67 67 68 68 68 68 68 68 68 69 69 70 70 70 71 72 72 72 73 74 74 74 75 75 75 75 72 71 69 65 0 0 0 0 0 0 0 0 0 0 0 0 0 0 0 0 0 0 0 0 0 0 0 0 0 0 0 0 0 0 0 0 0 0 72 80 84 86 87 90 91 91 92 92 92 90 83 78 75 67 52 0 0 0 0 0 0 0 0 0 0 0 0 0 0 0 0 0 0 0 0 0 0 0 0 0 0 0 0 0 0 0 0 0 0 0 0 64 78 85 90 96 102 103 103 103 104 105 105 105 105 105 104 103 104 103 103 102 102 101 100 100 100 100 101 103 105 103 98 96 92 78 0 0 0 0 0 0 0 0 0 0 0 0 62 64 67 69 73 72 80 
71 65 66 66 66 66 66 67 67 68 68 68 68 68 69 69 70 70 70 70 71 71 71 72 73 73 74 75 75 76 75 74 73 71 67 0 0 0 0 0 0 0 0 0 0 0 0 0 0 0 0 0 0 0 0 0 0 0 0 0 0 0 0 0 0 0 0 0 0 73 81 84 86 87 90 91 91 92 91 92 90 82 78 74 66 50 0 0 0 0 0 0 0 0 0 0 0 0 0 0 0 0 0 0 0 0 0 0 0 0 0 0 0 0 0 0 0 0 0 0 0 0 63 78 86 90 96 102 103 103 103 104 105 105 105 104 104 104 104 104 104 103 102 101 101 100 100 100 100 101 102 105 103 97 95 91 77 0 0 0 0 0 0 0 0 0 0 0 0 61 64 66 68 72 77 90 
67 62 66 66 66 66 67 68 68 68 68 68 68 68 69 69 70 70 70 71 72 72 72 72 73 74 74 75 76 76 75 75 74 73 71 0 0 0 0 0 0 0 0 0 0 0 0 0 0 0 0 0 0 0 0 0 0 0 0 0 0 0 0 0 0 0 0 0 0 73 81 84 86 87 90 91 91 91 91 92 90 82 80 76 69 52 0 0 0 0 0 0 0 0 0 0 0 0 0 0 0 0 0 0 0 0 0 0 0 0 0 0 0 0 0 0 0 0 0 0 0 0 61 77 85 89 95 102 103 103 104 104 105 105 105 104 104 104 104 104 103 103 102 101 100 100 100 100 100 101 102 104 103 96 94 89 76 55 0 0 0 0 0 0 0 0 0 0 0 61 64 67 69 72 81 78 
66 64 66 66 66 66 67 68 68 68 68 68 68 68 68 69 70 70 71 71 72 72 72 73 73 74 74 75 76 75 74 74 73 72 69 0 0 0 0 0 0 0 0 0 0 0 0 0 0 0 0 0 0 0 0 0 0 0 0 0 0 0 0 0 0 0 0 0 0 74 81 84 86 87 90 91 91 91 91 91 90 82 80 76 69 52 0 0 0 0 0 0 0 0 0 0 0 0 0 0 0 0 0 0 0 0 0 0 0 0 0 0 0 0 0 0 0 0 0 0 0 0 60 77 85 89 95 103 103 104 104 104 105 105 105 104 104 104 104 103 103 103 102 101 101 100 100 101 101 102 102 104 103 95 93 88 77 57 0 0 0 0 0 0 0 0 0 0 0 61 64 67 69 73 76 80 
63 66 66 66 66 66 67 67 68 68 68 68 68 68 69 69 69 70 71 71 72 73 73 73 73 74 74 75 76 76 74 74 73 72 69 0 0 0 0 0 0 0 0 0 0 0 0 0 0 0 0 0 0 0 0 0 0 0 0 0 0 0 0 0 0 0 0 0 0 75 82 85 87 87 90 91 91 91 91 91 90 82 78 74 66 49 0 0 0 0 0 0 0 0 0 0 0 0 0 0 0 0 0 0 0 0 0 0 0 0 0 0 0 0 0 0 0 0 0 0 0 0 60 77 85 89 96 103 103 104 104 104 105 105 104 103 104 104 104 104 104 103 102 101 100 100 100 100 101 101 102 104 103 95 94 89 79 60 0 0 0 0 0 0 0 0 0 0 0 62 64 67 69 72 76 82 
67 63 66 66 66 66 66 67 68 68 68 68 68 68 69 69 70 70 71 71 72 72 72 73 74 74 75 76 76 76 74 74 73 72 68 0 0 0 0 0 0 0 0 0 0 0 0 0 0 0 0 0 0 0 0 0 0 0 0 0 0 0 0 0 0 0 0 0 0 69 78 82 84 87 90 90 90 90 91 91 90 82 77 72 64 48 0 0 0 0 0 0 0 0 0 39 39 39 44 0 0 0 0 0 0 0 0 0 0 0 0 0 0 0 0 0 0 0 0 0 0 0 60 77 85 89 96 103 104 104 104 104 104 104 104 103 103 103 103 103 104 103 102 101 100 100 100 101 101 102 102 104 104 96 94 90 81 62 0 0 0 0 0 0 0 0 0 0 0 62 64 67 69 72 74 79 
71 69 65 66 66 66 66 67 68 68 68 68 68 68 69 69 70 71 71 71 72 72 73 73 74 75 75 76 76 76 74 74 73 71 66 0 0 0 0 0 0 0 0 0 0 0 0 0 0 0 0 0 0 0 0 0 0 0 0 0 0 0 0 0 0 0 0 0 0 69 78 82 84 87 90 90 90 91 91 91 91 83 75 70 62 47 0 0 0 0 0 0 0 0 0 39 39 39 44 0 0 0 0 0 0 0 0 0 0 0 0 0 0 0 0 0 0 0 0 0 0 0 59 76 84 89 96 104 105 105 105 105 105 105 104 104 103 103 103 103 103 103 102 101 101 100 100 101 101 101 102 104 104 97 95 92 83 63 0 0 0 0 0 0 0 0 0 0 0 62 64 67 69 72 75 78 
61 65 65 66 66 66 67 67 68 67 67 67 67 68 69 70 70 71 72 72 72 72 73 73 74 75 75 76 76 76 74 73 72 71 64 0 0 0 0 0 0 0 0 0 0 0 0 0 0 0 0 0 0 0 0 0 0 0 0 0 0 0 0 0 0 0 0 0 0 66 75 80 83 88 90 91 91 91 91 92 91 83 74 70 61 46 38 0 0 0 0 0 0 0 0 39 39 39 44 0 0 0 0 0 0 0 0 0 0 0 0 0 0 0 0 0 0 0 0 0 0 0 58 76 84 89 96 104 105 105 105 105 105 105 104 104 103 103 103 103 104 103 102 102 101 100 100 101 101 102 102 104 105 98 96 94 85 65 0 0 0 0 0 0 0 0 0 0 0 61 63 66 68 71 79 82 
61 63 65 65 66 66 67 67 68 67 67 67 67 68 69 70 70 71 71 72 72 72 73 73 74 75 75 75 76 76 74 73 72 70 63 0 0 0 0 0 0 0 0 0 0 0 0 0 0 0 0 0 0 0 0 0 0 0 0 0 0 0 0 0 0 0 0 0 0 66 75 81 83 88 91 91 91 92 92 92 92 84 73 68 60 46 38 0 0 0 0 0 0 0 0 39 39 39 44 0 0 0 0 0 0 0 0 0 0 0 0 0 0 0 0 0 0 0 0 0 0 0 55 73 82 87 96 104 105 105 105 105 105 105 105 104 103 103 103 103 103 103 102 102 101 100 101 101 101 101 102 104 105 98 97 94 85 66 0 0 0 0 0 0 0 0 0 0 0 60 62 64 68 70 77 78 
58 61 63 65 66 66 67 68 67 67 67 68 67 68 69 69 70 70 71 71 71 72 73 73 74 75 75 76 76 76 73 73 71 69 62 0 0 0 0 0 0 0 0 0 0 0 0 0 0 0 0 0 0 0 0 0 0 0 0 0 0 0 0 0 0 0 0 0 38 63 72 78 81 88 91 92 92 92 92 92 92 84 73 68 60 47 39 0 0 0 0 0 0 0 0 0 0 0 0 0 0 0 0 0 0 0 0 0 0 0 0 0 0 0 0 0 0 0 0 0 0 0 54 72 81 86 95 104 106 106 106 106 106 105 105 104 103 103 102 103 103 103 102 102 101 101 101 101 101 102 103 104 105 99 98 95 87 68 0 0 0 0 0 0 0 0 0 0 0 0 63 65 68 71 74 79 
63 64 64 64 66 67 67 68 68 68 68 68 68 68 68 69 69 69 70 71 71 72 72 73 74 74 75 76 76 76 74 73 72 69 62 0 0 0 0 0 0 0 0 0 0 0 0 0 0 0 0 0 0 0 0 0 0 0 0 0 0 0 0 0 0 0 0 0 39 64 74 79 82 89 92 92 92 92 92 92 92 84 74 69 61 48 40 0 0 0 0 0 0 0 0 0 0 0 0 0 0 0 0 0 0 0 0 0 0 0 0 0 0 0 0 0 0 0 0 0 0 0 56 74 83 89 96 104 106 106 106 106 106 105 104 103 103 103 102 103 103 102 101 102 101 101 101 101 101 102 103 104 105 99 98 95 87 68 0 0 0 0 0 0 0 0 0 0 0 0 62 64 67 70 73 78 
63 61 64 64 66 67 67 68 68 67 68 67 68 68 68 68 69 69 70 71 71 72 72 73 74 74 75 76 76 77 74 73 71 69 61 0 0 0 0 0 0 0 0 0 0 0 0 0 0 0 0 0 0 0 0 0 0 0 0 0 0 0 0 0 0 0 0 0 38 62 71 77 81 90 92 92 92 92 92 92 92 85 74 70 62 49 41 0 0 0 0 0 0 0 0 0 0 0 0 0 0 0 0 0 0 0 0 0 0 0 0 0 0 0 0 0 0 0 0 0 0 0 54 72 81 87 96 104 105 106 106 106 106 106 104 103 103 102 102 103 103 102 102 102 101 101 101 101 101 102 103 105 106 100 99 96 89 71 0 0 0 0 0 0 0 0 0 0 0 0 0 62 65 69 69 76 
71 62 64 65 66 66 67 67 67 67 68 68 69 69 69 69 70 69 70 71 72 72 73 73 74 74 75 76 76 76 74 73 71 69 63 0 0 0 0 0 0 0 0 0 0 0 0 0 0 0 0 0 0 0 0 0 0 0 0 0 0 0 0 0 0 38 38 0 38 59 71 77 81 90 92 93 93 92 93 93 92 85 74 70 62 49 42 0 0 0 0 0 0 0 0 0 0 0 0 0 0 0 0 0 0 0 0 0 0 0 0 0 0 0 0 0 0 0 0 0 0 40 52 69 79 84 96 104 105 106 106 107 107 106 104 104 103 102 102 103 103 102 102 102 101 101 101 101 101 102 103 104 105 99 98 95 89 70 0 0 0 0 0 0 0 0 0 0 0 0 0 0 64 70 64 75 
63 64 64 64 65 66 66 66 67 67 68 68 69 69 69 69 70 69 70 70 71 72 73 74 75 75 76 76 76 76 74 73 71 69 64 0 0 0 0 0 0 0 0 0 0 0 0 0 0 0 0 0 0 0 0 0 0 0 0 0 0 0 0 0 0 0 0 0 39 58 70 76 79 90 92 93 93 93 93 93 92 85 75 70 63 50 42 0 0 0 0 0 0 0 0 0 0 0 0 0 0 0 0 0 0 0 0 0 0 0 0 0 0 0 0 0 0 0 0 0 0 42 53 69 79 84 95 104 106 106 106 107 107 106 105 104 104 103 103 103 103 102 102 102 101 101 100 100 100 101 102 104 106 100 99 97 90 71 0 0 0 0 0 0 0 0 0 0 0 0 0 0 64 70 57 74 
60 64 65 65 65 66 66 66 67 67 68 68 69 69 69 69 70 70 70 70 71 72 73 74 74 75 75 76 76 76 73 72 71 69 64 0 0 0 0 0 0 0 0 0 0 0 0 0 0 0 0 0 0 0 0 0 0 0 0 0 0 0 0 0 0 0 0 0 39 60 72 78 81 90 92 93 93 93 93 93 92 85 75 71 63 51 43 0 0 0 0 0 0 0 0 0 0 0 0 0 0 0 0 0 0 0 0 0 0 0 0 0 0 0 0 0 0 0 0 0 0 42 52 69 79 85 96 105 106 106 106 107 107 107 106 105 104 104 103 103 102 102 102 102 101 101 100 100 100 101 102 104 106 99 98 96 89 68 0 0 0 0 0 0 0 0 0 0 0 0 0 0 0 70 0 73 
66 64 65 65 66 66 66 66 66 66 67 68 68 69 70 70 71 71 71 72 72 73 74 75 75 75 75 75 76 75 73 72 70 68 63 0 0 0 0 0 0 0 0 0 0 0 0 0 0 0 0 0 0 0 0 0 0 0 0 0 0 0 0 0 0 0 0 0 38 60 72 78 81 90 93 93 93 93 93 93 92 85 75 71 63 51 42 0 0 0 0 0 0 0 0 0 0 0 0 0 0 0 0 0 0 0 0 0 0 0 0 0 0 0 0 0 0 0 0 0 0 42 51 67 77 83 96 105 106 106 106 106 107 107 106 106 105 104 103 103 102 102 102 101 101 100 100 100 100 101 102 104 106 100 99 97 91 70 0 0 0 0 0 0 0 0 0 0 0 0 0 0 0 70 67 71 
63 63 64 65 65 66 66 66 67 67 67 68 69 69 70 70 71 71 71 72 73 73 74 75 75 75 75 75 75 75 73 72 71 69 65 0 0 0 0 0 0 0 0 0 0 0 0 0 0 0 0 0 0 0 0 0 0 0 0 0 0 0 0 0 0 0 0 0 39 61 73 78 82 90 92 93 93 93 93 93 93 86 76 71 64 51 43 0 0 0 0 0 0 0 0 0 0 0 0 0 0 0 0 0 0 0 0 0 0 0 0 0 0 0 0 0 0 0 0 0 0 43 51 67 77 83 96 105 107 107 106 107 107 107 106 106 105 104 104 103 103 102 102 102 101 101 100 100 100 100 101 103 106 100 99 97 92 71 0 0 0 0 0 0 0 0 0 0 0 0 0 0 0 70 0 76 
63 64 65 65 66 66 67 67 67 67 68 68 68 68 69 69 70 70 71 72 72 73 74 74 74 75 75 75 75 75 73 72 71 68 63 0 0 0 0 0 0 0 0 0 0 0 0 0 0 0 0 0 0 0 0 0 0 0 0 0 0 0 0 0 0 0 0 0 40 64 73 78 82 90 92 93 93 92 93 93 92 86 76 72 65 52 44 0 0 0 0 0 0 0 0 0 0 0 0 0 0 0 0 0 0 0 0 0 0 0 0 0 0 0 0 0 0 0 0 0 0 44 52 68 78 84 97 106 107 107 107 107 107 107 106 106 105 105 104 103 103 103 102 102 101 101 100 99 99 100 101 103 106 100 100 98 94 74 0 0 0 0 0 0 0 0 0 0 0 0 0 0 0 69 0 69 
63 63 64 65 66 66 67 67 67 67 67 67 67 67 69 69 70 70 71 71 72 72 73 74 74 74 74 74 75 75 73 72 71 69 64 0 0 0 0 0 0 0 0 0 0 0 0 0 0 0 0 0 0 0 0 0 0 0 0 0 0 0 0 0 0 0 0 0 41 65 74 79 82 90 92 92 93 92 93 93 93 86 77 73 66 53 45 0 0 0 0 0 0 0 0 0 0 0 0 0 0 0 0 0 0 0 0 0 0 0 0 0 0 0 0 0 0 0 0 0 0 44 51 68 78 84 97 106 107 107 107 107 107 107 107 106 105 105 104 103 103 103 102 102 101 101 100 100 100 101 102 103 106 100 99 98 94 74 0 0 0 0 0 0 0 0 0 0 0 0 0 0 0 69 59 75 
66 66 64 65 66 66 67 67 67 66 67 67 67 67 68 69 70 70 71 72 72 73 74 74 74 74 75 74 75 75 73 72 71 69 62 0 0 0 0 0 0 0 0 0 0 0 0 0 0 0 0 0 0 0 0 0 0 0 0 0 0 0 0 0 0 0 0 0 42 63 72 77 80 90 92 92 92 92 92 93 93 87 78 74 67 54 46 0 0 0 0 0 0 0 0 0 0 39 39 39 0 0 0 0 0 0 0 0 0 0 0 0 0 0 0 0 0 0 0 0 0 44 51 68 78 84 96 106 107 106 106 107 107 107 106 105 105 105 104 104 104 103 102 102 102 101 100 100 100 101 102 103 106 101 100 99 95 76 0 0 0 0 0 0 0 0 0 0 0 0 0 0 61 68 59 75 
64 59 64 65 66 66 67 67 67 67 67 67 67 67 68 68 69 70 71 71 72 73 73 74 74 74 75 74 75 75 73 72 71 69 63 0 0 0 0 0 0 0 0 0 0 0 0 0 0 0 0 0 0 0 0 0 0 0 0 0 0 0 0 0 0 0 0 0 43 62 73 78 80 90 92 92 92 92 93 93 93 87 78 74 67 55 47 0 0 0 0 0 0 0 0 0 0 39 39 39 39 39 0 0 0 0 0 0 0 0 0 0 0 0 0 0 0 0 0 0 0 45 52 68 78 84 96 105 107 107 107 107 107 107 106 105 105 105 104 104 104 104 103 103 102 101 100 101 100 101 102 103 105 101 100 99 95 78 0 0 0 0 0 0 0 0 0 0 0 0 0 0 63 69 64 73 
63 62 64 65 66 66 66 66 66 66 67 66 67 67 68 69 69 70 71 72 72 72 73 74 73 74 74 74 75 76 73 72 72 69 62 0 0 0 0 0 0 0 0 0 0 0 0 0 0 0 0 0 0 0 0 0 0 0 0 0 0 0 0 0 0 0 0 0 44 62 73 78 81 90 92 93 93 93 93 94 94 88 79 75 68 56 48 0 0 0 0 0 0 0 0 0 0 39 41 41 41 41 0 0 0 0 0 0 0 0 0 0 0 0 0 0 0 0 0 0 0 46 53 68 78 84 95 105 106 106 106 107 107 107 106 105 105 105 104 104 105 104 103 103 102 101 100 100 100 101 102 103 105 101 100 98 95 77 0 0 0 0 0 0 0 0 0 0 0 0 0 0 63 69 63 77 
64 60 64 65 65 66 66 66 65 66 66 66 67 67 68 69 69 70 71 71 72 72 73 74 73 74 74 75 75 76 73 73 72 69 62 0 0 0 0 0 0 0 0 0 0 0 0 0 0 0 0 0 0 0 0 0 0 0 0 0 0 0 0 0 0 0 0 0 44 62 73 78 81 90 92 93 93 93 94 94 94 89 80 76 70 58 49 0 0 0 0 0 0 0 0 0 0 38 44 44 44 44 0 0 0 0 0 0 0 0 0 0 0 0 0 0 0 0 0 0 0 46 52 68 77 83 95 104 106 106 106 106 107 106 106 105 105 105 104 104 105 104 103 103 102 101 101 101 100 101 102 103 105 101 100 99 95 77 0 0 0 0 0 0 0 0 0 0 0 0 0 0 64 70 69 78 
64 63 65 65 66 66 66 66 66 66 66 67 67 67 68 69 69 70 71 71 72 73 73 74 73 74 75 75 75 76 73 72 71 68 60 0 0 0 0 0 0 0 0 0 0 0 0 0 0 0 0 0 0 0 0 0 0 0 0 0 0 38 38 38 38 0 0 0 44 63 74 79 81 91 92 93 93 93 94 95 95 90 81 77 71 60 51 0 0 0 0 0 0 0 0 0 0 37 48 49 51 51 65 0 0 0 0 0 0 0 0 0 0 0 0 0 0 0 0 0 0 45 52 67 77 83 95 104 106 106 106 106 107 106 106 105 105 105 104 104 105 104 103 103 102 101 100 101 100 101 102 103 105 101 101 100 96 79 0 0 0 0 0 0 0 0 0 0 0 0 0 0 64 70 62 75 
65 66 65 65 66 66 66 66 66 66 67 67 67 67 68 69 70 71 71 72 72 72 73 74 74 74 75 75 76 76 73 73 71 68 61 0 0 0 0 0 0 0 0 0 0 0 0 0 0 0 0 0 0 0 0 0 0 0 0 0 0 0 0 39 39 38 0 0 45 63 74 79 82 91 93 93 93 94 95 95 95 90 81 78 72 60 52 0 0 0 0 0 0 0 0 0 0 37 54 55 56 56 64 0 0 0 0 0 0 0 0 0 0 0 0 0 0 0 0 0 0 45 52 67 77 83 95 104 106 107 106 106 107 106 106 105 105 105 104 104 104 104 103 102 101 100 100 100 100 101 102 103 105 101 101 100 97 80 0 0 0 0 0 0 0 0 0 0 0 0 0 0 63 69 64 77 
62 62 64 65 66 66 66 66 66 66 66 67 67 68 69 70 70 70 71 71 72 72 72 73 73 74 75 75 76 76 73 72 71 68 61 0 0 0 0 0 0 0 0 0 0 0 0 0 0 0 0 0 0 0 0 0 0 0 0 0 0 0 0 39 39 0 0 0 46 65 74 79 82 92 93 94 94 94 95 95 96 91 82 79 73 62 53 0 0 0 0 0 0 0 0 0 0 0 58 62 61 61 66 62 0 0 0 0 0 0 0 0 0 0 0 0 0 0 0 0 0 45 51 67 76 82 95 104 106 107 107 107 107 106 106 105 105 105 104 104 105 104 103 102 101 100 100 100 100 101 102 103 106 102 101 100 97 80 0 0 0 0 0 0 0 0 0 0 0 0 0 0 63 68 62 75 
59 59 64 65 66 66 66 66 66 66 66 67 68 68 69 70 70 70 70 70 71 72 73 73 74 75 75 75 76 75 73 72 71 67 61 0 0 0 0 0 0 0 0 0 0 0 0 0 0 0 0 0 0 0 0 0 0 0 0 0 0 0 0 0 0 0 0 0 46 66 75 80 83 92 94 94 94 94 95 96 96 91 83 79 73 63 55 0 0 0 0 0 0 0 0 0 0 0 62 71 68 68 70 69 0 0 0 0 0 0 0 0 0 0 0 0 0 0 0 0 0 44 51 67 77 83 95 105 107 107 108 107 107 106 106 105 105 104 104 104 104 103 102 101 100 100 100 100 100 101 102 103 105 101 101 101 97 82 0 0 0 0 0 0 0 0 0 0 0 0 0 0 63 68 62 78 
64 60 64 65 66 65 65 66 66 66 66 67 68 68 69 70 70 70 70 71 71 72 73 74 74 75 75 75 76 75 72 71 70 67 59 0 0 0 0 0 0 0 0 0 0 0 0 0 0 0 0 0 0 0 0 0 0 0 0 0 0 0 0 39 39 39 0 0 46 66 75 80 83 93 95 95 95 94 95 96 96 91 83 78 72 62 55 0 0 0 0 0 0 0 0 0 0 0 63 79 75 72 70 71 48 0 0 0 0 0 0 0 0 0 0 0 0 0 0 0 0 45 52 67 77 83 96 105 107 107 107 107 107 106 106 105 105 104 104 104 103 103 102 101 101 100 100 100 101 101 102 103 105 101 98 97 93 77 0 0 0 0 0 0 0 0 0 0 0 0 0 60 63 68 68 74 
62 65 64 65 65 65 65 66 66 66 66 67 68 68 69 70 70 71 71 71 72 72 73 74 75 75 76 75 75 75 72 71 70 67 59 0 0 0 0 0 0 0 0 0 0 0 0 0 0 0 0 0 0 0 0 0 0 0 0 0 0 0 0 0 38 38 0 0 45 66 75 80 84 93 95 96 95 95 95 96 96 91 84 77 71 61 54 0 0 0 0 0 0 0 0 0 0 0 61 90 92 91 87 96 82 64 0 0 0 0 0 0 0 0 0 0 0 0 0 0 0 46 53 68 77 83 96 104 107 107 107 107 107 106 105 105 104 104 104 103 103 102 102 101 100 100 100 100 100 101 101 102 104 100 97 96 92 76 0 0 0 0 0 0 0 0 0 0 0 0 0 61 64 68 67 73 
59 63 64 65 65 65 65 66 66 66 66 67 68 68 69 69 70 70 70 71 72 72 73 73 74 75 75 75 75 75 72 71 70 68 60 0 0 0 0 0 0 0 0 0 0 0 0 0 0 0 0 0 0 0 0 0 0 0 0 0 0 0 0 0 0 0 0 0 45 66 74 80 84 94 96 97 96 95 95 96 97 92 85 80 74 66 63 0 0 0 0 0 0 0 0 0 0 0 58 140 132 160 148 179 157 188 0 0 0 0 0 0 0 0 0 0 0 0 0 0 0 53 57 69 78 84 96 104 107 107 107 107 107 106 105 104 104 103 103 103 102 102 102 101 100 100 100 100 100 100 100 101 103 100 97 96 91 76 0 0 0 0 0 0 0 0 0 0 0 0 0 62 66 70 68 77 
61 63 64 65 65 65 65 65 66 66 66 67 67 68 68 69 70 70 71 72 72 73 73 74 74 74 75 74 75 75 72 71 71 67 59 0 0 0 0 0 0 0 0 0 0 0 0 0 0 0 0 0 0 0 0 0 0 0 0 0 0 0 0 0 0 0 0 0 45 65 74 81 85 96 98 99 98 96 96 97 97 92 88 88 82 78 81 85 0 0 0 0 0 0 0 0 0 0 57 223 203 219 217 255 180 200 126 0 0 0 0 0 0 0 0 0 0 0 0 0 0 70 66 75 83 87 96 105 107 107 107 106 107 106 104 104 103 103 103 102 101 101 101 100 100 100 100 99 100 100 99 100 103 99 97 96 92 77 0 0 0 0 0 0 0 0 0 0 0 0 0 63 66 70 68 79 
62 66 64 65 65 65 66 66 67 68 67 68 68 68 68 69 69 70 70 71 72 73 73 74 74 75 75 74 75 75 72 71 70 67 58 0 0 0 0 0 0 0 0 0 0 0 0 0 0 0 0 0 0 0 0 0 0 0 0 0 0 0 0 0 0 0 0 0 44 65 73 81 87 98 101 102 100 97 96 97 97 92 90 91 85 81 85 86 0 0 0 0 0 0 0 0 0 0 59 273 258 265 258 290 189 193 126 44 0 0 0 0 0 0 0 0 0 0 0 0 0 82 74 80 86 89 96 105 107 107 107 106 106 106 105 104 104 103 102 102 101 101 101 100 100 99 99 99 99 99 99 100 102 99 96 95 91 76 0 0 0 0 0 0 0 0 0 0 0 0 0 64 66 71 74 83 
67 59 64 64 64 65 65 66 66 67 67 67 68 68 68 68 69 69 70 71 72 73 73 74 74 74 74 74 75 75 71 71 70 66 59 0 0 0 0 0 0 0 0 0 0 0 0 0 0 0 0 0 0 0 0 0 0 0 0 0 0 0 0 0 0 0 0 0 45 65 74 81 88 100 103 103 102 98 97 97 97 92 90 90 85 81 85 86 0 0 0 0 0 0 0 0 0 0 57 277 281 332 313 338 260 253 115 45 44 44 44 0 0 0 0 0 0 0 0 0 92 83 76 81 87 90 96 105 107 107 107 106 106 105 104 104 103 103 102 102 101 100 100 99 99 98 98 98 98 98 98 99 101 97 97 96 93 80 0 0 0 0 0 0 0 0 0 0 0 0 0 63 66 70 68 82 
61 62 64 64 64 65 66 66 67 67 67 67 68 68 68 69 69 69 70 71 72 72 73 74 74 75 75 74 75 75 72 71 70 67 60 0 0 0 0 0 0 0 0 0 0 0 0 0 0 0 0 0 0 0 0 0 0 0 0 0 0 0 0 0 0 0 0 0 46 65 73 80 88 100 103 103 102 98 96 96 96 92 89 90 84 81 84 85 0 0 0 0 0 0 0 0 0 0 59 288 276 335 313 310 223 224 104 46 44 44 44 0 0 0 0 0 0 0 0 0 92 83 75 81 87 90 96 105 107 107 107 106 106 105 104 103 103 102 101 100 99 97 96 95 94 93 93 93 94 94 94 95 97 93 93 92 89 77 0 0 0 0 0 0 0 0 0 0 0 0 60 62 66 70 72 80 
61 63 63 63 64 65 65 66 66 67 67 67 67 68 69 69 70 70 70 70 71 72 73 74 75 75 75 75 75 75 72 71 70 67 60 0 0 0 0 0 0 0 0 0 0 0 0 0 0 0 0 0 0 0 0 0 0 0 0 0 0 0 0 0 0 0 0 0 46 64 73 80 87 99 102 103 102 98 96 96 96 92 88 88 82 78 80 83 0 0 0 0 0 0 0 0 0 0 58 280 249 277 262 249 173 174 96 46 44 44 44 0 0 0 0 0 0 0 0 0 0 83 74 81 87 89 96 105 107 107 107 106 106 105 105 103 101 99 95 92 90 89 89 87 88 89 89 88 88 87 86 86 87 86 86 86 84 76 0 0 0 0 0 0 0 0 0 0 0 0 61 62 65 68 74 80 
61 62 63 63 63 64 65 65 66 67 67 67 68 68 69 69 70 70 70 70 71 72 73 74 74 75 75 75 75 75 72 72 70 67 61 0 0 0 0 0 0 0 0 0 0 0 0 0 0 0 0 0 0 0 0 0 0 0 0 0 0 0 0 0 0 0 0 0 46 64 73 79 86 98 101 101 101 98 96 96 96 91 85 80 74 67 64 64 0 0 0 0 0 0 0 0 0 0 0 206 175 221 190 182 152 157 77 48 0 0 0 0 0 0 0 0 0 0 0 0 0 70 66 75 83 86 96 105 107 106 106 106 105 104 103 99 98 95 91 88 87 86 86 84 85 86 86 85 85 84 83 82 83 82 83 83 81 0 0 0 0 0 0 0 0 0 0 0 0 0 60 62 65 67 69 79 
67 62 63 63 63 64 65 65 66 67 67 67 67 68 68 69 70 70 71 71 71 71 72 73 74 74 75 75 75 75 73 72 71 68 61 0 0 0 0 0 0 0 0 0 0 0 0 0 0 0 0 0 0 0 0 0 0 0 0 0 0 0 0 0 0 0 0 0 46 64 73 78 83 95 97 99 99 97 96 96 95 91 83 76 70 60 52 0 0 0 0 0 0 0 0 0 0 0 0 0 118 185 152 147 144 146 61 49 0 0 0 0 0 0 0 0 0 0 0 0 0 54 55 68 78 84 95 105 107 106 106 105 105 102 98 95 93 89 85 82 80 77 77 74 76 78 79 78 81 79 77 77 78 78 78 79 77 0 0 0 0 0 0 0 0 0 0 0 0 58 60 62 64 67 70 74 
59 63 63 64 64 65 65 66 67 67 67 67 66 67 68 69 70 71 71 71 71 71 72 73 73 74 75 75 76 76 73 72 71 69 62 0 0 0 0 0 0 0 0 0 0 0 0 0 0 0 0 0 0 0 0 0 0 0 0 0 0 0 0 0 0 0 0 0 46 63 72 77 82 92 95 96 97 96 95 95 95 91 82 77 71 61 52 0 0 0 0 0 0 0 0 0 0 0 0 0 65 102 94 91 91 96 70 0 0 0 0 0 0 0 0 0 0 0 0 0 0 45 51 66 77 83 95 105 107 106 106 105 104 99 95 90 85 80 78 76 75 75 75 71 70 70 69 66 67 64 62 62 63 65 66 68 0 0 0 0 0 0 0 0 0 0 0 0 0 57 60 62 64 66 71 74 
62 64 64 64 64 65 65 66 67 67 67 67 67 67 68 69 70 71 71 71 71 72 72 72 73 74 75 75 76 76 73 72 71 68 61 0 0 0 0 0 0 0 0 0 0 0 0 0 0 0 0 0 0 0 0 0 0 0 0 0 0 0 0 0 0 0 0 0 45 63 72 77 81 92 95 96 96 96 95 95 95 90 81 78 72 61 53 0 0 0 0 0 0 0 0 0 0 0 0 0 0 93 92 92 92 99 90 0 0 0 0 0 0 0 0 0 0 0 0 0 0 44 50 66 76 82 95 104 106 106 106 105 102 97 92 85 78 74 74 75 77 78 75 71 69 65 58 56 58 59 59 60 60 61 60 60 0 0 0 0 0 0 0 0 0 0 0 0 0 58 61 62 64 66 65 75 
64 65 64 65 65 66 66 66 66 66 66 67 66 67 67 68 69 71 71 72 71 71 71 72 72 74 74 75 75 76 73 72 71 68 60 0 0 0 0 0 0 0 0 0 0 0 0 0 0 0 0 0 0 0 0 0 0 0 0 0 0 0 0 0 0 0 0 0 44 63 72 77 80 91 94 95 96 96 95 95 94 89 81 77 71 60 53 0 0 0 0 0 0 0 0 0 0 0 0 0 0 76 84 82 82 85 88 0 0 0 0 0 0 0 0 0 0 0 0 0 0 43 49 65 75 81 94 103 105 105 105 104 99 94 87 79 73 74 79 84 88 87 82 78 75 68 63 68 73 74 75 74 72 72 70 0 0 0 0 0 0 0 0 0 0 0 0 0 0 59 61 62 64 67 72 78 
61 63 65 65 66 66 66 67 67 66 66 67 67 67 68 69 69 71 71 72 72 72 72 72 73 74 74 75 75 76 72 72 71 68 61 0 0 0 0 0 0 0 0 0 0 0 0 0 0 0 0 0 0 0 0 0 0 0 0 0 0 0 0 0 0 0 0 0 43 62 71 76 80 90 93 95 95 96 95 95 94 89 80 76 70 59 51 0 0 0 0 0 0 0 0 0 0 0 0 0 0 66 78 74 74 74 79 0 0 0 0 0 0 0 0 0 0 0 0 0 0 43 49 64 74 81 93 103 105 105 105 103 98 93 84 78 74 78 84 89 90 88 83 79 74 68 68 74 78 79 80 78 76 76 74 68 0 0 0 0 0 0 0 0 0 0 0 0 0 60 61 62 64 66 70 75 
67 59 64 65 66 66 66 66 66 65 66 66 67 67 68 69 69 71 71 72 72 72 72 72 73 74 75 75 75 76 72 72 71 69 62 0 0 0 0 0 0 0 0 0 0 0 0 0 0 0 0 0 0 0 0 0 0 0 0 0 0 0 0 0 0 0 0 0 42 62 71 76 79 90 93 94 95 95 95 94 94 88 79 75 69 57 49 0 0 0 0 0 0 0 0 0 0 0 0 0 0 0 69 66 66 66 71 0 0 0 0 0 0 0 0 0 0 0 0 0 0 45 50 65 74 81 93 102 104 104 104 102 97 91 84 78 77 83 89 93 95 93 89 83 77 71 72 78 81 83 83 81 79 79 77 71 0 0 0 0 0 0 0 0 0 0 0 0 0 61 62 62 64 67 72 83 
61 67 64 65 66 66 66 66 66 66 66 67 67 68 69 69 70 71 71 71 71 72 72 73 73 74 75 75 76 76 73 73 71 69 64 0 0 0 0 0 0 0 0 0 0 0 0 0 0 0 0 0 0 0 0 0 0 0 0 0 0 0 0 0 0 0 0 0 40 61 70 75 78 89 92 93 94 94 94 94 93 87 78 74 67 55 48 0 0 0 0 0 0 0 0 0 0 0 0 0 0 0 62 58 58 58 62 52 0 0 0 0 0 0 0 0 0 0 0 0 0 45 50 65 74 80 92 102 103 104 103 100 96 90 83 79 81 88 93 96 97 93 89 82 75 73 76 81 85 88 89 88 88 87 85 79 0 0 0 0 0 0 0 0 0 0 0 0 0 63 62 62 64 67 70 78 
64 65 65 65 65 66 65 65 66 65 66 67 67 68 69 69 69 70 70 71 71 72 72 72 73 74 74 75 75 75 73 73 72 70 66 0 0 0 0 0 0 0 0 0 0 0 0 0 0 0 0 0 0 0 0 0 0 0 0 0 0 0 0 0 0 0 0 0 40 60 69 74 78 88 91 93 94 94 94 94 92 86 77 73 66 55 46 0 0 0 0 0 0 0 0 0 0 0 0 0 0 0 56 54 54 54 56 52 0 0 0 0 0 0 0 0 0 0 0 0 0 45 50 64 74 80 91 101 103 103 103 99 96 87 81 79 82 87 94 98 96 93 91 83 77 77 82 85 89 91 93 91 91 90 87 82 0 0 0 0 0 0 0 0 0 0 0 0 0 63 62 62 64 67 73 78 
65 63 65 65 64 65 65 65 65 65 66 67 67 68 68 68 68 68 68 69 70 71 73 73 73 74 74 74 75 75 73 73 72 70 67 0 0 0 0 0 0 0 0 0 0 0 0 0 0 0 0 0 0 0 0 0 0 0 0 0 0 0 0 0 0 0 0 0 41 61 69 74 78 88 91 92 93 93 93 93 92 86 76 72 65 53 44 0 0 0 0 0 0 0 0 0 0 0 0 0 0 0 0 52 52 52 52 0 0 0 0 0 0 0 0 0 0 0 0 0 0 44 49 64 73 79 91 101 103 103 102 98 97 88 82 81 84 87 94 98 94 91 87 79 75 79 84 86 90 92 93 91 91 90 88 84 0 0 0 0 0 0 0 0 0 0 0 0 0 61 61 62 64 67 67 77 
67 64 65 65 64 65 64 64 65 65 66 67 68 67 68 67 67 67 67 68 69 70 71 73 73 74 75 75 76 76 74 74 73 72 67 0 0 0 0 0 0 0 0 0 0 0 0 0 0 0 0 0 0 0 0 0 0 0 0 0 0 0 0 0 0 0 0 0 40 60 69 74 77 88 90 92 92 92 92 92 91 85 75 71 64 52 44 0 0 0 0 0 0 0 0 0 0 0 0 0 0 0 0 0 0 0 0 0 0 0 0 0 0 0 0 0 0 0 0 0 0 43 48 63 73 79 91 101 102 102 101 96 93 84 79 77 79 84 90 93 90 89 83 76 74 79 81 85 89 90 90 89 89 89 87 84 0 0 0 0 0 0 0 0 0 0 0 0 0 61 61 61 64 67 69 78 
64 71 64 65 64 65 64 65 65 66 67 67 67 67 66 65 64 64 64 65 68 69 71 72 73 74 75 75 76 76 75 74 74 72 68 0 0 0 0 0 0 0 0 0 0 0 0 0 0 0 0 0 0 0 0 0 0 0 0 0 0 0 0 0 0 0 0 0 40 59 68 73 77 87 89 91 91 91 91 91 90 84 75 70 64 51 42 0 0 0 0 0 0 0 0 0 0 0 0 0 0 0 0 0 0 0 0 0 0 0 0 0 0 0 0 0 0 0 0 0 0 41 48 63 73 79 91 99 100 98 95 90 86 80 76 74 78 83 88 91 88 87 81 73 72 77 78 82 86 85 85 85 84 83 82 81 0 0 0 0 0 0 0 0 0 0 0 0 0 59 60 62 64 67 75 79 
60 67 64 64 64 64 64 65 65 66 67 67 67 66 65 63 62 61 61 63 67 69 70 73 73 74 75 75 75 76 74 74 74 72 67 0 0 0 0 0 0 0 0 0 0 0 0 0 0 0 0 0 0 0 0 0 0 0 0 0 0 0 0 0 0 0 0 0 41 60 69 73 77 87 89 90 90 90 90 90 90 84 74 69 63 50 41 0 0 0 0 0 0 0 0 0 0 0 0 0 0 0 0 0 0 0 0 0 0 0 0 0 0 0 0 0 0 0 0 0 0 40 49 64 74 80 90 96 96 94 91 86 84 78 74 72 76 81 86 88 85 84 77 71 71 76 77 81 84 83 82 82 82 81 80 79 0 0 0 0 0 0 0 0 0 0 0 0 0 58 60 62 64 67 69 83 
65 61 64 64 64 64 64 65 65 65 66 66 66 65 64 61 60 59 58 61 65 68 69 73 74 74 74 75 75 76 74 73 73 71 64 0 0 0 0 0 0 0 0 0 0 0 0 0 0 0 0 0 0 0 0 0 0 0 0 0 0 0 0 0 0 0 0 0 40 59 68 73 77 87 89 89 89 89 89 90 89 83 73 69 62 49 41 0 0 0 0 0 0 0 0 0 0 0 0 0 0 0 0 0 0 0 0 0 0 0 0 0 0 0 0 0 0 0 0 0 0 0 49 66 75 81 87 93 93 90 86 83 80 76 72 70 73 80 81 83 81 80 72 67 68 73 72 77 81 79 78 79 79 77 78 0 0 0 0 0 0 0 0 0 0 0 0 0 0 58 60 62 64 67 66 74 
62 63 63 64 64 64 64 65 65 66 67 67 67 66 65 62 62 60 59 62 65 68 69 72 73 73 74 75 75 76 74 73 73 71 65 0 0 0 0 0 0 0 0 0 0 0 0 0 0 0 0 0 0 0 0 0 0 0 0 0 0 0 0 0 0 0 0 0 38 60 69 74 78 87 88 89 88 88 88 89 89 83 73 68 61 49 41 0 0 0 0 0 0 0 0 0 0 0 0 0 0 0 0 0 0 0 0 0 0 0 0 0 0 0 0 0 0 0 0 0 0 0 50 68 77 81 85 91 90 85 80 76 72 69 65 62 64 72 72 74 74 0 0 61 62 65 64 67 72 70 70 73 73 72 73 0 0 0 0 0 0 0 0 0 0 0 0 0 0 58 61 63 64 67 70 82 
64 62 64 64 64 64 64 65 65 65 66 66 66 66 64 63 63 62 61 64 67 69 70 72 73 73 74 75 75 76 74 73 72 71 65 0 0 0 0 0 0 0 0 0 0 0 0 0 0 0 0 0 0 0 0 0 0 0 0 0 0 0 0 0 0 0 0 0 0 63 72 76 79 86 88 88 88 88 88 89 89 83 73 69 62 49 40 0 0 0 0 0 0 0 0 0 0 0 0 0 0 0 0 0 0 0 0 0 0 0 0 0 0 0 0 0 0 0 0 0 0 0 52 70 79 81 82 88 86 78 70 63 61 0 0 0 0 0 0 0 0 0 0 0 0 0 0 0 0 0 0 0 0 0 0 0 0 0 0 0 0 0 0 0 0 0 0 0 0 58 62 64 65 67 67 78 
64 74 64 64 64 64 64 65 64 65 66 66 66 66 66 65 64 64 63 65 67 69 70 72 73 73 74 74 74 75 73 72 71 70 63 0 0 0 0 0 0 0 0 0 0 0 0 0 0 0 0 0 0 0 0 0 0 0 0 0 0 0 0 0 0 0 0 0 0 66 74 79 81 86 88 88 88 88 88 89 88 82 72 68 61 48 40 0 0 0 0 0 0 0 0 0 0 0 0 0 0 0 0 0 0 0 0 0 0 0 0 0 0 0 0 0 0 0 0 0 0 0 53 72 81 81 79 84 81 71 57 0 0 0 0 0 0 0 0 0 0 0 0 0 0 0 0 0 0 0 0 0 0 0 0 0 0 0 0 0 0 0 0 0 0 0 0 0 0 58 62 63 65 67 66 74 
68 65 64 64 64 64 64 64 64 65 65 66 66 67 66 66 66 66 66 67 68 69 70 72 72 73 73 74 74 75 73 73 71 70 63 0 0 0 0 0 0 0 0 0 0 0 0 0 0 0 0 0 0 0 0 0 0 0 0 0 0 0 0 0 0 0 0 0 0 70 77 80 82 86 87 88 88 88 88 89 89 82 73 68 60 48 39 0 0 0 0 0 0 0 0 0 0 0 0 0 0 0 0 0 0 0 0 0 0 0 0 0 0 0 0 0 0 0 0 0 0 0 53 72 81 81 77 84 82 71 0 0 0 0 0 0 0 0 0 0 0 0 0 0 0 0 0 0 0 0 0 0 0 0 0 0 0 0 0 0 0 0 0 0 0 0 0 0 0 58 62 63 65 67 71 74 
64 60 64 64 63 63 64 64 64 65 65 65 66 67 67 67 67 67 68 68 69 69 70 71 71 72 73 74 74 75 73 73 71 70 64 0 0 0 0 0 0 0 0 0 0 0 0 0 0 0 0 0 0 0 0 0 0 0 0 0 0 0 0 0 0 0 0 0 0 77 80 83 84 85 87 88 88 88 88 89 88 82 72 68 60 48 40 0 0 0 0 0 0 0 0 0 0 0 0 0 0 0 0 0 0 0 0 0 0 0 0 0 0 0 0 0 0 0 0 0 0 0 54 72 81 81 79 84 82 73 61 0 0 0 0 0 0 0 0 0 0 0 0 0 0 0 0 0 0 0 0 0 0 0 0 0 0 0 0 0 0 0 0 0 0 0 0 0 0 59 62 63 65 66 66 78 
66 63 63 63 63 63 63 64 63 63 64 64 64 65 66 66 67 67 68 69 69 70 71 71 71 72 73 74 74 75 72 72 70 69 62 0 0 0 0 0 0 0 0 0 0 0 0 0 0 0 0 0 0 0 0 0 0 0 0 0 0 0 0 0 0 0 0 0 0 75 79 82 83 84 87 88 88 88 88 89 88 81 73 69 61 47 40 0 0 0 0 0 0 0 0 0 0 0 0 0 0 0 0 0 0 0 0 0 0 0 0 0 0 0 0 0 0 0 0 0 0 0 55 73 81 83 81 86 83 76 67 0 0 0 0 0 0 0 0 0 0 0 0 0 0 0 0 0 0 0 0 0 0 0 0 0 0 0 0 0 0 0 0 0 0 0 0 0 0 59 61 62 64 66 73 71 
62 59 63 63 63 62 62 63 62 63 63 63 63 64 64 64 65 64 65 66 67 68 69 69 70 70 71 72 73 73 71 71 70 69 62 0 0 0 0 0 0 0 0 0 0 0 0 0 0 0 0 0 0 0 0 0 0 0 0 0 0 0 0 0 0 0 0 0 0 74 79 82 83 84 87 88 88 88 88 88 88 81 74 70 62 49 0 0 0 0 0 0 0 0 0 0 0 0 0 0 0 0 0 0 0 0 0 0 0 0 0 0 0 0 0 0 0 0 0 0 0 0 58 74 83 85 83 88 85 79 72 66 60 59 58 60 62 60 57 55 0 0 0 0 0 0 0 0 0 0 0 0 0 0 0 0 0 0 0 0 0 0 0 0 0 0 0 0 0 60 60 61 63 66 68 71 
0 0 63 62 62 62 62 61 61 62 62 62 63 63 63 63 64 64 65 66 67 67 68 68 69 69 69 70 70 70 68 68 67 66 61 0 0 0 0 0 0 0 0 0 0 0 0 0 0 0 0 0 0 0 0 0 0 0 0 0 0 0 0 0 0 0 0 0 0 73 79 81 82 83 87 87 88 88 88 88 87 80 75 72 65 51 0 0 0 0 0 0 0 0 0 0 0 0 0 0 0 0 0 0 0 0 0 0 0 0 0 0 0 0 0 0 0 0 0 0 0 0 58 74 82 86 86 91 89 85 80 75 73 72 71 72 73 73 71 70 67 65 64 0 0 0 0 0 0 0 0 0 0 0 0 0 0 0 0 0 0 0 0 0 0 0 0 0 0 60 60 62 64 66 70 79 
0 0 61 61 61 61 61 61 61 61 62 61 62 62 61 62 63 62 64 65 66 66 68 68 69 69 69 69 68 68 66 66 65 65 60 0 0 0 0 0 0 0 0 0 0 0 0 0 0 0 0 0 0 0 0 0 0 0 0 0 0 0 0 0 0 0 0 0 0 70 76 79 80 81 85 85 86 86 86 86 85 78 75 72 66 52 0 0 0 0 0 0 0 0 0 0 0 0 0 0 0 0 0 0 0 0 0 0 0 0 0 0 0 0 0 0 0 0 0 0 0 0 59 74 81 85 86 91 89 86 82 78 76 75 73 73 73 72 70 69 65 64 63 60 0 0 0 0 0 0 0 0 0 0 0 0 0 0 0 0 0 0 0 0 0 0 0 0 0 59 60 61 63 67 68 77 
0 0 0 0 0 0 58 59 59 58 59 58 59 59 58 59 61 60 62 64 65 65 66 66 67 68 67 67 66 66 64 64 64 64 0 0 0 0 0 0 0 0 0 0 0 0 0 0 0 0 0 0 0 0 0 0 0 0 0 0 0 0 0 0 0 0 0 0 0 68 75 77 77 77 80 81 80 79 79 78 76 72 71 69 66 54 0 0 0 0 0 0 0 0 0 0 0 0 0 0 0 0 0 0 0 0 0 0 0 0 0 0 0 0 0 0 0 0 0 0 0 0 57 69 75 78 80 84 83 80 77 74 72 73 73 73 73 72 70 69 65 64 63 60 0 0 0 0 0 0 0 0 0 0 0 0 0 0 0 0 0 0 0 0 0 0 0 0 0 60 60 62 64 67 70 84 
0 0 0 0 0 0 0 0 0 0 0 0 0 0 0 54 55 55 57 59 61 62 62 63 63 62 61 62 62 61 61 62 61 61 0 0 0 0 0 0 0 0 0 0 0 0 0 0 0 0 0 0 0 0 0 0 0 0 0 0 0 0 0 0 0 0 0 0 0 0 74 77 76 75 79 79 78 77 77 75 73 70 69 68 64 0 0 0 0 0 0 0 0 0 0 0 0 0 0 0 0 0 0 0 0 0 0 0 0 0 0 0 0 0 0 0 0 0 0 0 0 0 57 67 73 76 77 82 82 80 78 75 73 73 73 73 73 72 70 69 65 64 63 60 0 0 0 0 0 0 0 0 0 0 0 0 0 0 0 0 0 0 0 0 0 0 0 0 61 61 61 63 64 68 74 83 
0 0 0 0 0 0 0 0 0 0 0 0 0 0 0 0 0 0 0 0 0 0 0 0 0 0 0 0 0 52 52 54 0 0 0 0 0 0 0 0 0 0 0 0 0 0 0 0 0 0 0 0 0 0 0 0 0 0 0 0 0 0 0 0 0 0 0 0 0 0 71 74 72 71 75 75 74 73 73 71 69 65 65 64 61 0 0 0 0 0 0 0 0 0 0 0 0 0 0 0 0 0 0 0 0 0 0 0 0 0 0 0 0 0 0 0 0 0 0 0 0 0 0 63 68 71 73 78 78 78 78 78 78 80 81 79 78 78 76 74 69 67 65 60 0 0 0 0 0 0 0 0 0 0 0 0 0 0 0 0 0 0 0 0 0 0 0 0 61 61 62 63 64 68 72 74 
0 0 0 0 0 0 0 0 0 0 0 0 0 0 0 0 0 0 0 0 0 0 0 0 0 0 0 0 0 0 0 0 0 0 0 0 0 0 0 0 0 0 0 0 0 0 0 0 0 0 0 0 0 0 0 0 0 0 0 0 0 0 0 0 0 0 0 0 0 0 0 0 66 64 67 67 65 65 65 62 60 58 58 57 0 0 0 0 0 0 0 0 0 0 0 0 0 0 0 0 0 0 0 0 0 0 0 0 0 0 0 0 0 0 0 0 0 0 0 0 0 0 0 59 63 65 66 70 70 69 69 71 72 75 78 75 72 70 68 66 63 61 0 0 0 0 0 0 0 0 0 0 0 0 0 0 0 0 0 0 0 0 0 0 0 0 0 0 63 62 63 64 65 68 66 77 
0 0 0 0 0 0 0 0 0 0 0 0 0 0 0 0 0 0 0 0 0 0 0 0 0 0 0 0 0 0 0 0 0 0 0 0 0 0 0 0 0 0 0 0 0 0 0 0 0 0 0 0 0 0 0 0 0 0 0 0 0 0 0 0 0 0 0 0 0 0 0 0 0 0 0 0 0 0 0 41 42 41 0 0 0 0 0 0 0 0 0 0 0 0 0 0 0 0 0 0 0 0 0 0 0 0 0 0 0 0 0 0 0 0 0 0 0 0 0 0 0 0 0 0 0 48 49 52 51 50 49 0 0 0 0 0 0 0 0 0 0 0 0 0 0 0 53 53 53 53 54 0 0 0 0 0 0 0 0 0 0 0 0 0 0 0 0 0 62 62 63 64 65 68 69 83 
0 0 0 0 0 0 0 0 0 0 0 0 0 0 0 0 0 0 0 0 0 0 0 0 0 0 0 0 0 0 0 0 0 0 0 0 0 0 0 0 0 0 0 0 0 0 0 0 0 0 0 0 0 0 0 0 0 0 0 0 0 0 0 0 0 0 0 0 0 0 0 0 0 0 0 0 0 0 0 0 0 0 0 0 0 0 0 0 0 0 0 0 0 0 0 0 0 0 0 0 0 0 0 0 0 0 0 0 0 0 0 0 0 0 0 0 0 0 0 0 0 0 0 0 0 0 0 0 0 0 0 0 0 0 0 0 0 0 0 0 0 0 0 0 0 0 53 53 53 53 54 0 0 0 0 0 0 0 0 0 0 0 0 0 0 0 0 0 61 62 62 63 65 69 71 77 
0 0 0 0 0 0 0 0 0 0 0 0 0 0 0 0 0 0 0 0 0 0 0 0 0 0 0 0 0 0 0 0 0 0 0 0 0 0 0 0 0 0 0 0 0 0 0 0 0 0 0 0 0 0 0 0 0 0 0 0 0 0 0 0 0 0 0 0 0 0 0 0 0 0 0 0 0 0 0 0 0 0 0 0 0 0 0 0 0 0 0 0 0 0 0 0 0 0 0 0 0 0 0 0 0 0 0 0 0 0 0 0 0 0 0 0 0 0 0 0 0 0 0 0 0 0 0 0 0 0 0 0 0 0 0 0 0 0 0 0 0 0 0 0 0 0 53 53 53 53 0 0 0 0 0 0 0 0 0 0 0 0 0 0 0 0 0 0 60 63 64 64 66 70 74 75 
0 0 0 0 0 0 0 0 0 0 0 0 0 0 0 0 0 0 0 0 0 0 0 0 0 0 0 0 0 0 0 0 0 0 0 0 0 0 0 0 0 0 0 0 0 0 0 0 0 0 0 0 0 0 0 0 0 0 0 0 0 0 0 0 0 0 0 0 0 0 0 0 0 0 0 0 0 0 0 0 0 0 0 0 0 0 0 0 0 0 0 0 0 0 0 0 0 0 0 0 0 0 0 0 0 0 0 0 0 0 0 0 0 0 0 0 0 0 0 0 0 0 0 0 0 0 0 0 0 0 0 0 0 0 0 0 0 0 0 0 0 0 0 0 0 0 52 52 52 52 0 0 0 0 0 0 0 0 0 0 0 0 0 0 0 0 0 0 0 63 64 65 66 70 75 80 
0 0 0 0 0 0 0 0 0 0 0 0 0 0 0 0 0 0 0 0 0 0 0 0 0 0 0 0 0 0 0 0 0 0 0 0 0 0 0 0 0 0 0 0 0 0 0 0 0 0 0 0 0 0 0 0 0 0 0 0 0 0 0 0 0 0 0 0 0 0 0 0 0 0 0 0 0 0 0 0 0 0 0 0 0 0 0 0 0 0 0 0 0 0 0 0 0 0 0 0 0 0 0 0 0 0 0 0 0 0 0 0 0 0 0 0 0 0 0 0 0 0 0 0 0 0 0 0 0 0 0 0 0 0 0 0 0 0 0 0 0 0 0 0 0 0 0 0 0 0 0 0 0 0 0 0 0 0 0 0 0 0 0 0 0 0 0 0 0 62 64 65 67 70 70 80 
0 0 0 0 0 0 0 0 0 0 0 0 0 0 0 0 0 0 0 0 0 0 0 0 0 0 0 0 0 0 0 0 0 0 0 0 0 0 0 0 0 0 0 0 0 0 0 0 0 0 0 0 0 0 0 0 0 0 0 0 0 0 0 0 0 0 0 0 0 0 0 0 0 0 0 0 0 0 0 0 0 0 0 0 0 0 0 0 0 0 0 0 0 0 0 0 0 0 0 0 0 0 0 0 0 0 0 0 0 0 0 0 0 0 0 0 0 0 0 0 0 0 0 0 0 0 0 0 0 0 0 0 0 0 0 0 0 0 0 0 0 0 0 0 0 0 0 0 0 0 0 0 0 0 0 0 0 0 0 0 0 0 0 0 0 0 0 0 0 63 65 65 68 71 71 77 
0 0 0 0 0 0 0 0 0 0 0 0 0 0 0 0 0 0 0 0 0 0 0 0 0 0 0 0 0 0 0 0 0 0 0 0 0 0 0 0 0 0 0 0 0 0 0 0 0 0 0 0 0 0 0 0 0 0 0 0 0 0 0 0 0 0 0 0 0 0 0 0 0 0 0 0 0 0 0 0 0 0 0 0 0 0 0 0 0 0 0 0 0 0 0 0 0 0 0 0 0 0 0 0 0 0 0 0 0 0 0 0 0 0 0 0 0 0 0 0 0 0 0 0 0 0 0 0 0 0 0 0 0 0 0 0 0 0 0 0 0 0 0 0 0 0 0 0 0 0 0 0 0 0 0 0 0 0 0 0 0 0 0 0 0 0 0 0 0 0 67 67 69 71 77 79 
0 0 0 0 0 0 0 0 0 0 0 0 0 0 0 0 0 0 0 0 0 0 0 0 0 0 0 0 0 0 0 0 0 0 0 0 0 0 0 0 0 0 0 0 0 0 0 0 0 0 0 0 0 0 0 0 0 0 0 0 0 0 0 0 0 0 0 0 0 0 0 0 0 0 0 0 0 0 0 0 0 0 0 0 0 0 0 0 0 0 0 0 0 0 0 0 0 0 0 0 0 0 0 0 0 0 0 0 0 0 0 0 0 0 0 0 0 0 0 0 0 0 0 0 0 0 0 0 0 0 0 0 0 0 0 0 0 0 0 0 0 0 0 0 0 0 0 0 0 0 0 0 0 0 0 0 0 0 0 0 0 0 0 0 0 0 0 0 0 0 0 65 69 71 77 71 
0 0 0 0 0 0 0 0 0 0 0 0 0 0 0 0 0 0 0 0 0 0 0 0 0 0 0 0 0 0 0 0 0 0 0 0 0 0 0 0 0 0 0 0 0 0 0 0 0 0 0 0 0 0 0 0 0 0 0 0 0 0 0 0 0 0 0 0 0 0 0 0 0 0 0 0 0 0 0 0 0 0 0 0 0 0 0 0 0 0 0 0 0 0 0 0 0 0 0 0 0 0 0 0 0 0 0 0 0 0 0 0 0 0 0 0 0 0 0 0 0 0 0 0 0 0 0 0 0 0 0 0 0 0 0 0 0 0 0 0 0 0 0 0 0 0 0 0 0 0 0 0 0 0 0 0 0 0 0 0 0 0 0 0 0 0 0 0 0 0 0 0 0 74 0 0 
0 0 0 0 0 0 0 0 0 0 0 0 0 0 0 0 0 0 0 0 0 0 0 0 0 0 0 0 0 0 0 0 0 0 0 0 0 0 0 0 0 0 0 0 0 0 0 0 0 0 0 0 0 0 0 0 0 0 0 0 0 0 0 0 0 0 0 0 0 0 0 0 0 0 0 0 0 0 0 0 0 0 0 0 0 0 0 0 0 0 0 0 0 0 0 0 0 0 0 0 0 0 0 0 0 0 0 0 0 0 0 0 0 0 0 0 0 0 0 0 0 0 0 0 0 0 0 0 0 0 0 0 0 0 0 0 0 0 0 0 0 0 0 0 0 0 0 0 0 0 0 0 0 0 0 0 0 0 0 0 0 0 0 0 0 0 0 0 0 0 0 0 0 0 0 0 
0 0 0 0 0 0 0 0 0 0 0 0 0 0 0 0 0 0 0 0 0 0 0 0 0 0 0 0 0 0 0 0 0 0 0 0 0 0 0 0 0 0 0 0 0 0 0 0 0 0 0 0 0 0 0 0 0 0 0 0 0 0 0 0 0 0 0 0 0 0 0 0 0 0 0 0 0 0 0 0 0 0 0 0 0 0 0 0 0 0 0 0 0 0 0 0 0 0 0 0 0 0 0 0 0 0 0 0 0 0 0 0 0 0 0 0 0 0 0 0 0 0 0 0 0 0 0 0 0 0 0 0 0 0 0 0 0 0 0 0 0 0 0 0 0 0 0 0 0 0 0 0 0 0 0 0 0 0 0 0 0 0 0 0 0 0 0 0 0 0 0 0 0 0 0 0 
0 0 0 0 0 0 0 0 0 0 0 0 0 0 0 0 0 0 0 0 0 0 0 0 0 0 0 0 0 0 0 0 0 0 0 0 0 0 0 0 0 0 0 0 0 0 0 0 0 0 0 0 0 0 0 0 0 0 0 0 0 0 0 0 0 0 0 0 0 0 0 0 0 0 0 0 0 0 0 0 0 0 0 0 0 0 0 0 0 0 0 0 0 0 0 0 0 0 0 0 0 0 0 0 0 0 0 0 0 0 0 0 0 0 0 0 0 0 0 0 0 0 0 0 0 0 0 0 0 0 0 0 0 0 0 0 0 0 0 0 0 0 0 0 0 0 0 0 0 0 0 0 0 0 0 0 0 0 0 0 0 0 0 0 0 0 0 0 0 0 0 0 0 0 0 0 
0 0 0 0 0 0 0 0 0 0 0 0 0 0 0 0 0 0 0 0 0 0 0 0 0 0 0 0 0 0 0 0 0 0 0 0 0 0 0 0 0 0 0 0 0 0 0 0 0 0 0 0 0 0 0 0 0 0 0 0 0 0 0 0 0 0 0 0 0 0 0 0 0 0 0 0 0 0 0 0 0 0 0 0 0 0 0 0 0 0 0 0 0 0 0 0 0 0 0 0 0 0 0 0 0 0 0 0 0 0 0 0 0 0 0 0 0 0 0 0 0 0 0 0 0 0 0 0 0 0 0 0 0 0 0 0 0 0 0 0 0 0 0 0 0 0 0 0 0 0 0 0 0 0 0 0 0 0 0 0 0 0 0 0 0 0 0 0 0 0 0 0 0 0 0 0 
0 0 0 0 0 0 0 0 0 0 0 0 0 0 0 0 0 0 0 0 0 0 0 0 0 0 0 0 0 0 0 0 0 0 0 0 0 0 0 0 0 0 0 0 0 0 0 0 0 0 0 0 0 0 0 0 0 0 0 0 0 0 0 0 0 0 0 0 0 0 0 0 0 0 0 0 0 0 0 0 0 0 0 0 0 0 0 0 0 0 0 0 0 0 0 0 0 0 0 0 0 0 0 0 0 0 0 0 0 0 0 0 0 0 0 0 0 0 0 0 0 0 0 0 0 0 0 0 0 0 0 0 0 0 0 0 0 0 0 0 0 0 0 0 0 0 0 0 0 0 0 0 0 0 0 0 0 0 0 0 0 0 0 0 0 0 0 0 0 0 0 0 0 0 0 0 
0 0 0 0 0 0 0 0 0 0 0 0 0 0 0 0 0 0 0 0 0 0 0 0 0 0 0 0 0 0 0 0 0 0 0 0 0 0 0 0 0 0 0 0 0 0 0 0 0 0 0 0 0 0 0 0 0 0 0 0 0 0 0 0 0 0 0 0 0 0 0 0 0 0 0 0 0 0 0 0 0 0 0 0 0 0 0 0 0 0 0 0 0 0 0 0 0 0 0 0 0 0 0 0 0 0 0 0 0 0 0 0 0 0 0 0 0 0 0 0 0 0 0 0 0 0 0 0 0 0 0 0 0 0 0 0 0 0 0 0 0 0 0 0 0 0 0 0 0 0 0 0 0 0 0 0 0 0 0 0 0 0 0 0 0 0 0 0 0 0 0 0 0 0 0 0 
0 0 0 0 0 0 0 0 0 0 0 0 0 0 0 0 0 0 0 0 0 0 0 0 0 0 0 0 0 0 0 0 0 0 0 0 0 0 0 0 0 0 0 0 0 0 0 0 0 0 0 0 0 0 0 0 0 0 0 0 0 0 0 0 0 0 0 0 0 0 0 0 0 0 0 0 0 0 0 0 0 0 0 0 0 0 0 0 0 0 0 0 0 0 0 0 0 0 0 0 0 0 0 0 0 0 0 0 0 0 0 0 0 0 0 0 0 0 0 0 0 0 0 0 0 0 0 0 0 0 0 0 0 0 0 0 0 0 0 0 0 0 0 0 0 0 0 0 0 0 0 0 0 0 0 0 0 0 0 0 0 0 0 0 0 0 0 0 0 0 0 0 0 0 0 0 
0 0 0 0 0 0 0 0 0 0 0 0 0 0 0 0 0 0 0 0 0 0 0 0 0 0 0 0 0 0 0 0 0 0 0 0 0 0 0 0 0 0 0 0 0 0 0 0 0 0 0 0 0 0 0 0 0 0 0 0 0 0 0 0 0 0 0 0 0 0 0 0 0 0 0 0 0 0 0 0 0 0 0 0 0 0 0 0 0 0 0 0 0 0 0 0 0 0 0 0 0 0 0 0 0 0 0 0 0 0 0 0 0 0 0 0 0 0 0 0 0 0 0 0 0 0 0 0 0 0 0 0 0 0 0 0 0 0 0 0 0 0 0 0 0 0 0 0 0 0 0 0 0 0 0 0 0 0 0 0 0 0 0 0 0 0 0 0 0 0 0 0 0 0 0 0 
0 0 0 0 0 0 0 0 0 0 0 0 0 0 0 0 0 0 0 0 0 0 0 0 0 0 0 0 0 0 0 0 0 0 0 0 0 0 0 0 0 0 0 0 0 0 0 0 0 0 0 0 0 0 0 0 0 0 0 0 0 0 0 0 0 0 0 0 0 0 0 0 0 0 0 0 0 0 0 0 0 0 0 0 0 0 0 0 0 0 0 0 0 0 0 0 0 0 0 0 0 0 0 0 0 0 0 0 0 0 0 0 0 0 0 0 0 0 0 0 0 0 0 0 0 0 0 0 0 0 0 0 0 0 0 0 0 0 0 0 0 0 0 0 0 0 0 0 0 0 0 0 0 0 0 0 0 0 0 0 0 0 0 0 0 0 0 0 0 0 0 0 0 0 0 0 
0 0 0 0 0 0 0 0 0 0 0 0 0 0 0 0 0 0 0 0 0 0 0 0 0 0 0 0 0 0 0 0 0 0 0 0 0 0 0 0 0 0 0 0 0 0 0 0 0 0 0 0 0 0 0 0 0 0 0 0 0 0 0 0 0 0 0 0 0 0 0 0 0 0 0 0 0 0 0 0 0 0 0 0 0 0 0 0 0 0 0 0 0 0 0 0 0 0 0 0 0 0 0 0 0 0 0 0 0 0 0 0 0 0 0 0 0 0 0 0 0 0 0 0 0 0 0 0 0 0 0 0 0 0 0 0 0 0 0 0 0 0 0 0 0 0 0 0 0 0 0 0 0 0 0 0 0 0 0 0 0 0 0 0 0 0 0 0 0 0 0 0 0 0 0 0 
0 0 0 0 0 0 0 0 0 0 0 0 0 0 0 0 0 0 0 0 0 0 0 0 0 0 0 0 0 0 0 0 0 0 0 0 0 0 0 0 0 0 0 0 0 0 0 0 0 0 0 0 0 0 0 0 0 0 0 0 0 0 0 0 0 0 0 0 0 0 0 0 0 0 0 0 0 0 0 0 0 0 0 0 0 0 0 0 0 0 0 0 0 0 0 0 0 0 0 0 0 0 0 0 0 0 0 0 0 0 0 0 0 0 0 0 0 0 0 0 0 0 0 0 0 0 0 0 0 0 0 0 0 0 0 0 0 0 0 0 0 0 0 0 0 0 0 0 0 0 0 0 0 0 0 0 0 0 0 0 0 0 0 0 0 0 0 0 0 0 0 0 0 0 0 70 
0 0 0 0 0 0 0 0 0 0 0 0 0 0 0 0 0 0 0 0 0 0 0 0 0 0 0 0 0 0 0 0 0 0 0 0 0 0 0 0 0 0 0 0 0 0 0 0 0 0 0 0 0 0 0 0 0 0 0 0 0 0 0 0 0 0 0 0 0 0 0 0 0 0 0 0 0 0 0 0 0 0 0 0 0 0 0 0 0 0 0 0 0 0 0 0 0 0 0 0 0 0 0 0 0 0 0 0 0 0 0 0 0 0 0 0 0 0 0 0 0 0 0 0 0 0 0 0 0 0 0 0 0 0 0 0 0 0 0 0 0 0 0 0 0 0 0 0 0 0 0 0 0 0 0 0 0 0 0 0 0 0 0 0 0 0 0 0 0 0 0 0 0 0 0 81 
0 0 0 0 0 0 0 0 0 0 0 0 0 0 0 0 0 0 0 0 0 0 0 0 0 0 0 0 0 0 0 0 0 0 0 0 0 0 0 0 0 0 0 0 0 0 0 0 0 0 0 0 0 0 0 0 0 0 0 0 0 0 0 0 0 0 0 0 0 0 0 0 0 0 0 0 0 0 0 0 0 0 0 0 0 0 0 0 0 0 0 0 0 0 0 0 0 0 0 0 0 0 0 0 0 0 0 0 0 0 0 0 0 0 0 0 0 0 0 0 0 0 0 0 0 0 0 0 0 0 0 0 0 0 0 0 0 0 0 0 0 0 0 0 0 0 0 0 0 0 0 0 0 0 0 0 0 0 0 0 0 0 0 0 0 0 0 0 0 0 0 0 0 0 0 0 
0 0 0 0 0 0 0 0 0 0 0 0 0 0 0 0 0 0 0 0 0 0 0 0 0 0 0 0 0 0 0 0 0 0 0 0 0 0 0 0 0 0 0 0 0 0 0 0 0 0 0 0 0 0 0 0 0 0 0 0 0 0 0 0 0 0 0 0 0 0 0 0 0 0 0 0 0 0 0 0 0 0 0 0 0 0 0 0 0 0 0 0 0 0 0 0 0 0 0 0 0 0 0 0 0 0 0 0 0 0 0 0 0 0 0 0 0 0 0 0 0 0 0 0 0 0 0 0 0 0 0 0 0 0 0 0 0 0 0 0 0 0 0 0 0 0 0 0 0 0 0 0 0 0 0 0 0 0 0 0 0 0 0 0 0 0 0 0 0 0 0 0 0 0 0 0 
0 0 0 0 0 0 0 0 0 0 0 0 0 0 0 0 0 0 0 0 0 0 0 0 0 0 0 0 0 0 0 0 0 0 0 0 0 0 0 0 0 0 0 0 0 0 0 0 0 0 0 0 0 0 0 0 0 0 0 0 0 0 0 0 0 0 0 0 0 0 0 0 0 0 0 0 0 0 0 0 0 0 0 0 0 0 0 0 0 0 0 0 0 0 0 0 0 0 0 0 0 0 0 0 0 0 0 0 0 0 0 0 0 0 0 0 0 0 0 0 0 0 0 0 0 0 0 0 0 0 0 0 0 0 0 0 0 0 0 0 0 0 0 0 0 0 0 0 0 0 0 0 0 0 0 0 0 0 0 0 0 0 0 0 0 0 0 0 0 0 0 0 0 0 0 0 
0 0 0 0 0 0 0 0 0 0 0 0 0 0 0 0 0 0 0 0 0 0 0 0 0 0 0 0 0 0 0 0 0 0 0 0 0 0 0 0 0 0 0 0 0 0 0 0 0 0 0 0 0 0 0 0 0 0 0 0 0 0 0 0 0 0 0 0 0 0 0 0 0 0 0 0 0 0 0 0 0 0 0 0 0 0 0 0 0 0 0 0 0 0 0 0 0 0 0 0 0 0 0 0 0 0 0 0 0 0 0 0 0 0 0 0 0 0 0 0 0 0 0 0 0 0 0 0 0 0 0 0 0 0 0 0 0 0 0 0 0 0 0 0 0 0 0 0 0 0 0 0 0 0 0 0 0 0 0 0 0 0 0 0 0 0 0 0 0 0 0 0 0 0 0 0 
0 0 0 0 0 0 0 0 0 0 0 0 0 0 0 0 0 0 0 0 0 0 0 0 0 0 0 0 0 0 0 0 0 0 0 0 0 0 0 0 0 0 0 0 0 0 0 0 0 0 0 0 0 0 0 0 0 0 0 0 0 0 0 0 0 0 0 0 0 0 0 0 0 0 0 0 0 0 0 0 0 0 0 0 0 0 0 0 0 0 0 0 0 0 0 0 0 0 0 0 0 0 0 0 0 0 0 0 0 0 0 0 0 0 0 0 0 0 0 0 0 0 0 0 0 0 0 0 0 0 0 0 0 0 0 0 0 0 0 0 0 0 0 0 0 0 0 0 0 0 0 0 0 0 0 0 0 0 0 0 0 0 0 0 0 0 0 0 0 0 0 0 0 0 0 0 
0 0 0 0 0 0 0 0 0 0 0 0 0 0 0 0 0 0 0 0 0 0 0 0 0 0 0 0 0 0 0 0 0 0 0 0 0 0 0 0 0 0 0 0 0 0 0 0 0 0 0 0 0 0 0 0 0 0 0 0 0 0 0 0 0 0 0 0 0 0 0 0 0 0 0 0 0 0 0 0 0 0 0 0 0 0 0 0 0 0 0 0 0 0 0 0 0 0 0 0 0 0 0 0 0 0 0 0 0 0 0 0 0 0 0 0 0 0 0 0 0 0 0 0 0 0 0 0 0 0 0 0 0 0 0 0 0 0 0 0 0 0 0 0 0 0 0 0 0 0 0 0 0 0 0 0 0 0 0 0 0 0 0 0 0 0 0 0 0 0 0 0 0 0 0 0 
0 0 0 0 0 0 0 0 0 0 0 0 0 0 0 0 0 0 0 0 0 0 0 0 0 0 0 0 0 0 0 0 0 0 0 0 0 0 0 0 0 0 0 0 0 0 0 0 0 0 0 0 0 0 0 0 0 0 0 0 0 0 0 0 0 0 0 0 0 0 0 0 0 0 0 0 0 0 0 0 0 0 0 0 0 0 0 0 0 0 0 0 0 0 0 0 0 0 0 0 0 0 0 0 0 0 0 0 0 0 0 0 0 0 0 0 0 0 0 0 0 0 0 0 0 0 0 0 0 0 0 0 0 0 0 0 0 0 0 0 0 0 0 0 0 0 0 0 0 0 0 0 0 0 0 0 0 0 0 0 0 0 0 0 0 0 0 0 0 0 0 0 0 0 0 0 
0 0 0 0 0 0 0 0 0 0 0 0 0 0 0 0 0 0 0 0 0 0 0 0 0 0 0 0 0 0 0 0 0 0 0 0 0 0 0 0 0 0 0 0 0 0 0 0 0 0 0 0 0 0 0 0 0 0 0 0 0 0 0 0 0 0 0 0 0 0 0 0 0 0 0 0 0 0 0 0 0 0 0 0 0 0 0 0 0 0 0 0 0 0 0 0 0 0 0 0 0 0 0 0 0 0 0 0 0 0 0 0 0 0 0 0 0 0 0 0 0 0 0 0 0 0 0 0 0 0 0 0 0 0 0 0 0 0 0 0 0 0 0 0 0 0 0 0 0 0 0 0 0 0 0 0 0 0 0 0 0 0 0 0 0 0 0 0 0 0 0 0 0 0 0 0 
0 0 0 0 0 0 0 0 0 0 0 0 0 0 0 0 0 0 0 0 0 0 0 0 0 0 0 0 0 0 0 0 0 0 0 0 0 0 0 0 0 0 0 0 0 0 0 0 0 0 0 0 0 0 0 0 0 0 0 0 0 0 0 0 0 0 0 0 0 0 0 0 0 0 0 0 0 0 0 0 0 0 0 0 0 0 0 0 0 0 0 0 0 0 0 0 0 0 0 0 0 0 0 0 0 0 0 0 0 0 0 0 0 0 0 0 0 0 0 0 0 0 0 0 0 0 0 0 0 0 0 0 0 0 0 0 0 0 0 0 0 0 0 0 0 0 0 0 0 0 0 0 0 0 0 0 0 0 0 0 0 0 0 0 0 0 0 0 0 0 0 0 0 0 0 0 
0 0 0 0 0 0 0 0 0 0 0 0 0 0 0 0 0 0 0 0 0 0 0 0 0 0 0 0 0 0 0 0 0 0 0 0 0 0 0 0 0 0 0 0 0 0 0 0 0 0 0 0 0 0 0 0 0 0 0 0 0 0 0 0 0 0 0 0 0 0 0 0 0 0 0 0 0 0 0 0 0 0 0 0 0 0 0 0 0 0 0 0 0 0 0 0 0 0 0 0 0 0 0 0 0 0 0 0 0 0 0 0 0 0 0 0 0 0 0 0 0 0 0 0 0 0 0 0 0 0 0 0 0 0 0 0 0 0 0 0 0 0 0 0 0 0 0 0 0 0 0 0 0 0 0 0 0 0 0 0 0 0 0 0 0 0 0 0 0 0 0 0 0 0 0 0 
0 0 0 0 0 0 0 0 0 0 0 0 0 0 0 0 0 0 0 0 0 0 0 0 0 0 0 0 0 0 0 0 0 0 0 0 0 0 0 0 0 0 0 0 0 0 0 0 0 0 0 0 0 0 0 0 0 0 0 0 0 0 0 0 0 0 0 0 0 0 0 0 0 0 0 0 0 0 0 0 0 0 0 0 0 0 0 0 0 0 0 0 0 0 0 0 0 0 0 0 0 0 0 0 0 0 0 0 0 0 0 0 0 0 0 0 0 0 0 0 0 0 0 0 0 0 0 0 0 0 0 0 0 0 0 0 0 0 0 0 0 0 0 0 0 0 0 0 0 0 0 0 0 0 0 0 0 0 0 0 0 0 0 0 0 0 0 0 0 0 0 0 0 0 0 0 
0 0 0 0 0 0 0 0 0 0 0 0 0 0 0 0 0 0 0 0 0 0 0 0 0 0 0 0 0 0 0 0 0 0 0 0 0 0 0 0 0 0 0 0 0 0 0 0 0 0 0 0 0 0 0 0 0 0 0 0 0 0 0 0 0 0 0 0 0 0 0 0 0 0 0 0 0 0 0 0 0 0 0 0 0 0 0 0 0 0 0 0 0 0 0 0 0 0 0 0 0 0 0 0 0 0 0 0 0 0 0 0 0 0 0 0 0 0 0 0 0 0 0 0 0 0 0 0 0 0 0 0 0 0 0 0 0 0 0 0 0 0 0 0 0 0 0 0 0 0 0 0 0 0 0 0 0 0 0 0 0 0 0 0 0 0 0 0 0 0 0 0 0 0 0 0 
0 0 0 0 0 0 0 0 0 0 0 0 0 0 0 0 0 0 0 0 0 0 0 0 0 0 0 0 0 0 0 0 0 0 0 0 0 0 0 0 0 0 0 0 0 0 0 0 0 0 0 0 0 0 0 0 0 0 0 0 0 0 0 0 0 0 0 0 0 0 0 0 0 0 0 0 0 0 0 0 0 0 0 0 0 0 0 0 0 0 0 0 0 0 0 0 0 0 0 0 0 0 0 0 0 0 0 0 0 0 0 0 0 0 0 0 0 0 0 0 0 0 0 0 0 0 0 0 0 0 0 0 0 0 0 0 0 0 0 0 0 0 0 0 0 0 0 0 0 0 0 0 0 0 0 0 0 0 0 0 0 0 0 0 0 0 0 0 0 0 0 0 0 0 0 0 
