88 85 90 95 90 84 86 79 80 77 88 89 85 84 89 89 80 77 80 86 81 80 83 73 76 76 77 79 75 75 74 84 81 73 69 79 79 77 78 83 84 81 78 80 75 80 77 79 81 76 73 79 78 81 79 77 76 79 76 72 69 69 76 83 78 74 73 78 75 79 76 79 80 80 77 82 75 80 74 78 78 79 82 80 77 69 69 69 79 76 72 78 78 82 76 76 77 83 77 83 76 76 78 79 82 77 78 80 78 76 78 68 70 82 79 88 76 84 85 88 88 88 89 89 88 87 88 90 93 88 92 98 91 96 94 95 83 87 94 92 93 98 99 98 98 100 98 105 105 107 113 104 112 100 109 90 75 78 76 74 73 75 75 69 0 73 91 84 78 83 91 87 93 103 99 100 
85 82 92 90 88 86 89 84 78 85 84 79 83 84 83 84 75 73 73 78 76 75 77 76 80 85 77 83 81 75 76 81 75 74 71 70 71 73 78 78 80 78 75 71 78 79 80 70 72 72 75 77 72 74 75 77 77 79 74 76 68 63 73 72 74 80 73 76 76 78 76 76 76 76 76 79 75 78 74 81 78 83 77 74 81 74 69 72 75 76 79 80 79 79 78 79 77 79 77 77 77 81 84 78 76 81 75 79 79 82 72 64 75 84 81 81 85 85 93 89 84 82 89 94 90 88 89 84 93 89 92 89 96 96 96 92 75 89 89 92 91 93 95 105 100 98 95 100 103 107 108 103 109 113 94 84 69 73 73 75 73 72 71 0 0 0 75 85 77 88 86 95 98 98 99 102 
84 91 84 84 83 82 81 80 79 79 79 78 78 78 78 78 78 78 77 77 77 78 78 78 78 78 78 77 77 77 77 76 75 75 73 72 71 72 72 73 74 74 74 74 74 74 74 74 73 73 74 74 74 75 74 75 74 75 74 72 71 71 71 72 73 74 74 74 74 75 75 75 75 76 75 76 76 76 76 77 77 77 78 77 75 73 74 73 74 75 77 77 77 77 77 77 77 77 77 77 78 78 78 79 78 78 78 78 78 77 75 76 77 78 80 82 82 83 83 84 85 85 86 86 86 87 87 87 88 88 89 90 91 90 89 89 89 89 90 92 94 94 95 96 97 97 98 99 101 102 103 101 98 92 86 80 77 74 73 73 73 71 70 71 74 76 78 79 81 83 86 90 94 96 100 102 
78 79 81 81 81 80 80 79 79 78 77 76 76 76 75 75 76 75 75 75 75 76 77 77 77 77 77 76 76 76 76 75 75 74 73 71 70 70 70 70 71 72 72 73 73 73 72 72 72 72 72 72 72 72 72 72 72 73 72 71 71 70 70 71 72 73 74 75 75 75 76 76 76 76 76 77 77 78 78 79 79 79 80 80 79 78 78 78 79 80 81 81 82 82 81 82 82 82 82 82 83 83 83 84 83 83 83 83 83 83 82 83 83 84 85 87 87 87 87 87 88 88 89 89 89 89 89 89 89 89 89 90 90 89 89 89 89 89 91 92 93 94 94 95 96 96 97 98 99 99 100 97 93 87 81 76 74 73 72 72 71 70 69 69 72 74 76 77 79 81 85 88 92 95 95 100 
76 81 78 79 78 78 78 78 77 77 76 75 74 74 73 74 74 74 74 74 74 75 76 76 76 75 75 74 75 74 75 75 74 73 73 71 69 69 68 68 69 70 70 70 71 71 70 70 70 71 71 71 71 71 71 71 72 72 72 72 72 73 73 74 75 76 77 78 78 79 79 80 80 80 80 81 81 82 82 83 84 83 84 84 84 83 83 83 84 85 86 86 86 86 86 86 87 87 87 87 87 88 88 88 88 88 88 88 89 89 89 89 90 90 91 92 92 92 91 92 92 92 93 94 93 94 94 93 94 94 94 94 94 93 93 93 93 94 95 95 96 96 96 96 97 97 98 99 99 99 98 94 88 83 77 74 72 72 71 71 71 69 67 0 0 72 74 75 77 79 84 87 91 94 102 101 
74 73 76 77 77 77 77 77 77 76 76 75 74 74 73 73 73 72 72 73 73 74 74 74 74 74 74 73 73 73 73 73 73 72 71 70 68 68 66 67 67 68 68 69 69 69 70 70 70 71 73 73 74 74 75 75 76 76 76 77 77 78 78 79 80 80 81 82 82 83 83 83 83 83 83 84 85 86 86 87 88 88 88 88 89 88 88 88 89 89 90 90 90 90 91 91 92 92 92 92 92 92 93 93 93 94 93 94 93 94 94 94 95 96 96 97 97 96 96 97 96 97 98 98 98 98 98 98 98 98 98 99 98 98 98 98 98 99 99 99 100 100 100 101 102 102 103 103 104 104 100 94 88 81 75 72 72 71 70 70 70 68 0 0 0 72 73 75 76 79 83 86 90 93 91 99 
76 72 75 76 75 76 76 76 76 76 75 74 73 73 71 71 70 69 69 71 71 72 73 72 72 72 71 71 71 71 71 71 71 71 71 70 69 69 68 68 69 70 70 72 72 72 73 73 74 75 76 76 77 77 77 78 79 80 80 81 82 82 82 83 84 85 85 86 87 87 87 87 87 87 87 88 89 90 91 91 91 91 92 93 93 93 93 93 94 95 95 95 95 96 96 96 97 97 97 97 97 97 98 98 98 99 98 99 99 100 100 100 101 102 102 102 102 102 102 102 102 103 103 104 103 103 102 102 103 103 102 102 102 102 102 102 102 102 103 103 103 104 105 106 106 106 107 108 109 108 103 96 89 81 75 72 71 70 69 68 68 0 0 0 0 71 72 73 75 77 81 85 89 92 91 96 
75 80 75 75 75 75 76 76 75 75 74 73 73 72 71 70 69 68 68 69 69 70 70 70 70 70 70 70 71 70 71 72 72 73 73 72 72 72 72 72 73 74 74 75 75 75 76 77 77 78 79 79 80 81 81 82 83 84 83 84 86 86 86 87 88 89 89 90 91 92 92 92 92 92 92 93 94 94 95 95 96 95 96 96 97 97 98 98 98 98 99 99 99 99 100 100 101 101 101 102 102 102 102 102 102 103 103 103 104 104 105 105 106 106 107 107 107 107 106 107 107 108 108 108 108 108 107 107 107 108 107 107 107 107 107 107 107 107 107 107 108 108 109 110 110 110 111 112 113 112 107 99 91 82 75 72 71 70 68 68 0 0 0 0 0 70 70 72 74 76 79 83 87 91 97 89 
75 82 74 74 74 74 75 75 74 74 74 73 72 71 70 69 68 67 67 67 68 68 69 70 70 71 71 72 72 72 73 74 74 75 75 75 75 75 75 76 76 77 77 78 78 79 79 80 80 81 82 82 84 85 85 86 88 88 88 89 90 90 90 91 92 93 93 94 94 95 94 95 94 94 94 95 96 96 97 97 97 96 97 97 97 98 98 98 99 98 99 98 98 98 99 99 100 100 100 101 101 101 101 101 101 102 102 103 103 103 104 105 105 106 107 107 107 107 107 107 107 108 108 109 109 109 109 109 109 110 110 110 110 111 111 111 111 111 111 111 111 112 113 114 114 114 115 116 118 117 111 103 93 83 75 72 70 69 68 0 0 0 0 0 0 0 69 71 73 75 78 83 86 90 98 100 
73 69 74 73 73 73 74 73 73 72 72 71 70 70 69 68 68 67 67 67 68 69 70 71 72 72 73 73 73 74 75 76 76 77 77 78 78 79 79 80 80 80 81 82 82 83 84 84 84 85 86 86 88 88 89 90 91 91 91 92 92 92 92 92 92 93 93 93 94 94 93 94 94 94 94 94 95 95 95 95 95 95 96 96 97 97 97 98 98 98 98 98 98 98 98 99 99 99 99 100 100 100 100 100 101 101 102 102 103 103 103 104 104 105 106 106 106 106 106 107 107 108 108 108 107 108 108 108 108 108 108 108 109 110 110 111 111 112 111 112 112 113 114 114 114 116 116 118 119 119 113 105 95 84 75 71 70 68 68 0 0 0 0 0 0 0 68 71 72 75 77 82 85 89 91 99 
74 77 73 72 72 72 72 71 71 71 71 71 70 70 70 70 69 70 69 70 70 71 71 73 73 73 74 75 75 76 77 78 78 80 80 81 81 82 83 83 84 84 84 85 86 86 86 87 87 87 87 87 88 89 89 89 90 90 90 90 91 90 90 91 91 91 92 92 92 92 92 93 93 94 94 95 95 95 95 95 95 95 95 95 94 94 94 95 94 95 94 94 94 94 94 95 95 95 95 95 95 95 96 96 96 97 98 98 99 99 99 100 100 101 101 102 102 102 103 103 103 105 105 106 106 107 107 107 107 107 107 107 108 109 109 109 110 111 111 112 111 112 112 113 112 114 114 116 118 119 114 105 95 85 75 70 68 67 0 0 0 0 0 0 0 0 67 70 71 74 76 80 84 89 94 95 
75 69 71 70 71 71 71 71 71 71 71 72 72 72 72 72 72 72 72 72 72 73 73 74 75 75 76 78 78 79 80 81 81 82 83 83 83 84 84 84 84 84 85 85 86 86 86 86 86 86 86 87 87 87 88 88 88 88 88 88 88 87 86 86 86 86 86 86 86 87 88 90 91 93 94 95 94 94 94 95 94 93 91 89 89 89 89 91 93 93 93 93 93 93 93 94 94 94 94 94 95 94 95 95 96 96 97 97 98 98 98 99 100 100 100 101 101 101 100 98 96 97 98 100 103 106 107 107 107 107 108 108 108 109 109 109 110 110 111 111 111 110 110 110 110 111 111 113 116 118 113 105 96 86 75 69 67 0 0 0 0 0 0 0 0 63 66 69 71 73 75 79 83 87 81 91 
74 66 71 70 71 71 71 72 72 72 72 72 72 73 73 74 74 74 74 75 75 76 76 77 78 78 79 80 79 80 81 82 82 83 83 83 83 83 83 83 83 83 83 83 84 84 83 83 83 82 82 82 83 82 82 81 81 82 83 84 85 86 85 85 84 84 85 84 84 84 85 87 89 91 93 94 94 93 93 94 93 91 89 87 85 85 87 90 92 92 92 91 92 92 92 93 93 93 90 89 89 89 89 93 94 94 95 95 95 96 96 97 98 99 99 99 99 100 97 95 93 93 94 98 101 104 106 106 106 107 107 108 108 108 108 109 110 110 110 111 110 109 109 108 108 109 110 112 114 115 112 103 95 87 76 67 65 0 0 0 0 0 0 0 0 0 66 69 71 73 75 78 82 86 99 93 
75 66 72 72 72 73 72 72 72 72 72 74 74 75 75 76 76 76 76 77 78 78 78 79 79 79 79 80 80 80 81 81 81 82 81 81 81 80 80 80 79 79 79 78 78 79 79 79 80 81 81 81 81 81 80 79 79 79 80 81 83 84 84 83 82 81 82 81 82 80 82 84 87 89 92 94 94 93 93 94 92 89 87 83 81 80 83 86 90 90 90 89 89 90 90 90 90 90 85 85 85 85 85 90 91 92 92 92 93 92 93 94 95 95 95 96 96 97 94 91 89 87 90 94 99 102 106 106 106 107 107 108 108 108 108 109 109 109 109 109 109 108 108 108 108 109 109 111 113 115 111 102 96 89 77 65 0 0 0 0 0 0 0 0 0 0 65 68 69 71 73 77 81 85 85 86 
72 75 73 73 73 73 73 73 73 74 74 75 76 77 77 77 78 78 78 79 79 79 79 79 79 79 79 79 79 80 80 80 80 79 79 79 79 78 79 78 77 77 78 77 76 77 77 77 78 80 79 79 79 78 77 76 75 76 77 78 80 82 80 79 78 77 77 77 77 74 78 82 85 87 92 93 94 93 93 94 92 87 84 79 74 70 74 79 84 84 83 82 82 82 83 82 82 82 75 74 74 73 73 80 80 82 82 82 82 83 83 84 86 86 86 87 88 89 84 80 79 79 85 92 97 100 105 106 106 106 107 107 107 108 108 108 109 109 109 108 108 108 107 107 107 108 108 109 111 113 111 102 97 91 78 62 0 0 0 0 0 0 0 0 0 0 65 67 68 70 72 76 80 84 91 88 
73 79 73 73 74 74 74 75 75 75 75 76 77 78 77 78 78 77 77 78 78 78 78 78 78 78 78 79 79 79 80 80 78 78 77 76 77 77 77 77 76 75 75 74 74 74 74 75 75 77 77 75 75 73 72 70 68 69 70 71 73 77 73 70 68 65 64 66 67 67 74 79 83 85 91 93 93 93 93 93 91 85 81 76 69 57 0 0 0 0 0 0 0 0 0 0 0 0 0 0 0 0 0 0 0 0 0 0 0 0 0 0 0 0 0 0 0 0 0 0 0 68 81 90 96 99 105 106 106 106 107 107 107 108 108 107 108 107 107 107 107 107 106 106 106 107 106 108 109 111 109 101 98 93 81 63 0 0 0 0 0 0 0 0 0 0 0 67 68 69 71 75 79 83 91 88 
77 75 74 75 75 75 75 76 75 75 75 76 77 77 77 78 78 77 77 77 77 77 77 77 77 77 78 78 79 79 79 79 77 76 75 74 73 74 74 73 72 71 71 69 67 67 67 66 67 70 68 66 64 64 61 59 57 56 0 0 0 0 0 0 0 0 0 0 0 67 76 80 83 85 90 92 93 93 93 93 91 84 82 79 72 59 0 0 0 0 0 0 0 0 0 0 0 0 0 0 0 0 0 0 0 0 0 0 0 0 0 0 0 0 0 0 0 0 0 0 0 75 86 93 96 98 103 105 105 106 106 106 107 107 107 107 107 107 106 106 106 106 106 106 106 106 106 106 107 109 108 100 99 95 84 67 0 0 0 0 0 0 0 0 0 0 0 67 68 70 72 75 79 83 81 97 
76 73 74 75 75 75 75 75 75 75 75 76 77 77 77 77 76 75 74 75 75 76 76 77 77 77 78 78 79 79 79 79 75 73 72 69 66 67 68 66 64 63 64 60 58 57 54 0 0 0 0 0 0 0 0 0 0 0 0 0 0 0 0 0 0 0 0 0 0 71 78 82 84 86 90 92 93 93 93 93 92 84 83 79 73 58 0 0 0 0 0 0 0 0 0 0 0 0 0 0 0 0 0 0 0 0 0 0 0 0 0 0 0 0 0 0 0 0 0 0 0 74 85 92 95 97 103 105 105 105 106 106 107 107 107 106 107 106 106 106 106 106 106 106 106 105 105 106 107 109 109 102 101 97 88 72 0 0 0 0 0 0 0 0 0 0 0 67 68 70 72 75 79 83 87 90 
71 77 73 74 74 74 74 75 75 75 74 74 75 76 76 75 74 74 72 72 73 75 75 76 76 76 77 77 78 78 79 78 74 72 70 66 60 0 0 0 0 0 0 0 0 0 0 0 0 0 0 0 0 0 0 0 0 0 0 0 0 0 0 0 0 0 0 0 0 73 79 82 85 86 90 92 93 93 93 93 91 84 82 78 72 57 0 0 0 0 0 0 0 0 0 0 0 0 0 0 0 0 0 0 0 0 0 0 0 0 0 0 0 0 0 0 0 0 0 0 0 74 84 91 95 97 102 105 105 105 105 106 106 106 106 106 106 106 106 105 106 106 106 106 105 105 104 105 106 107 108 102 101 99 91 76 0 0 0 0 0 0 0 0 0 0 0 67 68 70 72 75 79 83 89 92 
67 72 73 73 73 74 74 74 74 73 73 73 75 75 75 74 73 71 69 69 71 73 74 76 76 76 76 77 77 78 79 78 74 73 71 65 0 0 0 0 0 0 0 0 0 0 0 0 0 0 0 0 0 0 0 0 0 0 0 0 0 0 0 0 50 50 0 0 0 72 79 82 85 86 90 92 92 93 93 92 91 84 82 78 72 58 0 0 0 0 0 0 0 0 0 0 0 0 0 0 0 0 0 0 0 0 0 0 0 0 0 0 0 0 0 0 0 0 0 0 0 70 81 89 93 95 102 105 105 105 106 106 106 106 106 106 106 105 105 105 105 105 105 105 105 104 104 104 105 107 108 103 102 100 94 79 0 0 0 0 0 0 0 0 0 0 0 67 68 70 72 74 78 82 89 94 
71 79 72 73 73 74 73 73 73 73 73 73 74 74 74 73 71 69 67 68 69 72 74 76 77 77 77 77 77 78 78 77 75 73 71 66 0 0 0 0 0 0 0 0 0 0 0 0 0 0 0 0 0 0 0 0 0 0 0 0 0 0 53 52 50 50 49 47 0 70 78 82 84 86 90 92 92 92 92 93 91 84 82 79 72 57 0 0 0 0 0 0 0 0 0 0 0 0 0 0 0 0 0 0 0 0 0 0 0 0 0 0 0 0 0 0 0 0 0 0 0 67 79 87 92 94 101 104 104 104 105 106 106 107 106 106 106 105 105 105 105 105 105 105 105 104 104 104 105 106 108 104 103 102 97 82 0 0 0 0 0 0 0 0 0 0 0 66 67 69 71 73 77 81 86 90 
70 77 72 72 72 73 73 73 73 73 72 72 73 72 72 71 68 65 63 64 67 70 73 76 77 77 77 77 77 78 78 77 75 74 72 66 0 0 0 0 0 0 0 0 0 0 0 0 0 0 0 0 0 0 0 0 0 0 0 0 0 53 52 52 50 49 48 46 44 65 78 82 85 86 91 92 92 92 92 92 90 83 81 78 71 57 0 0 0 0 0 0 0 0 0 0 0 0 0 0 0 0 0 0 0 0 0 0 0 0 0 0 0 0 0 0 0 0 0 0 0 63 77 85 90 93 101 103 104 104 105 105 105 106 105 105 105 105 105 105 105 105 104 104 104 104 103 104 105 107 108 104 103 101 97 84 0 0 0 0 0 0 0 0 0 0 0 0 65 69 70 72 76 80 88 90 
70 69 72 72 72 72 72 73 73 72 72 71 72 72 71 70 68 64 63 64 67 70 73 76 77 77 77 77 77 77 78 76 75 75 74 68 0 0 0 0 0 0 0 0 0 0 0 0 0 0 0 0 0 0 0 0 0 0 0 0 0 53 52 52 50 49 48 46 44 63 77 81 84 85 90 91 92 92 92 92 90 83 81 78 71 58 0 0 0 0 0 0 0 0 0 0 0 0 0 0 0 0 0 0 0 0 0 0 0 0 0 0 0 0 0 0 0 0 0 0 0 60 74 83 89 92 101 104 104 104 104 104 105 105 105 104 105 104 104 104 104 104 104 104 104 103 103 104 105 106 107 103 103 101 97 84 0 0 0 0 0 0 0 0 0 0 0 0 66 69 71 72 75 80 79 88 
71 69 71 71 71 71 71 72 72 72 72 72 72 72 71 70 68 65 65 66 68 70 73 76 76 77 77 77 77 77 78 75 75 74 72 65 0 0 0 0 0 0 0 0 0 0 0 0 0 0 0 0 0 0 0 0 0 0 0 0 0 53 52 52 50 49 48 46 44 60 75 80 83 85 90 91 92 92 92 92 91 84 82 78 71 59 0 0 0 0 0 0 0 0 0 0 0 0 0 0 0 0 0 0 0 0 0 0 0 0 0 0 0 0 0 0 0 0 0 0 0 55 72 82 87 91 101 103 104 104 104 104 105 105 105 105 105 104 104 104 103 103 102 103 102 102 102 103 104 105 107 104 101 99 95 83 0 0 0 0 0 0 0 0 0 0 0 0 65 68 70 72 74 79 82 89 
74 69 70 70 71 71 71 71 71 71 72 71 72 72 71 70 69 67 66 67 69 71 73 75 76 76 76 77 77 77 77 74 74 73 70 63 0 0 0 0 0 0 0 0 0 0 0 0 0 0 0 0 0 0 0 0 0 0 0 0 0 0 52 51 50 49 47 46 0 59 75 80 83 85 90 91 92 92 92 92 91 84 82 78 72 58 0 0 0 0 0 0 0 0 0 0 0 0 0 0 0 0 0 0 0 0 0 0 0 0 0 0 0 0 0 0 0 0 0 0 0 53 71 81 87 90 100 103 103 103 103 104 104 105 105 105 105 104 104 104 103 103 102 102 102 102 101 102 103 105 106 104 100 98 93 82 0 0 0 0 0 0 0 0 0 0 0 0 65 67 69 71 74 78 81 93 
66 69 70 70 71 70 70 71 71 71 71 71 71 71 71 70 69 68 68 68 70 71 73 74 75 76 76 76 77 77 77 74 73 72 70 63 0 0 0 0 0 0 0 0 0 0 0 0 0 0 0 0 0 0 0 0 0 0 0 0 0 0 0 0 0 47 0 0 0 59 74 80 83 84 90 91 91 91 92 92 91 84 82 78 71 57 0 0 0 0 0 0 0 0 0 0 0 0 0 0 0 0 0 0 0 0 0 0 0 0 0 0 0 0 0 0 0 0 0 0 0 49 68 80 86 89 100 103 103 103 104 104 104 104 104 104 105 104 104 104 103 102 102 101 101 101 101 102 103 104 106 104 99 97 93 82 0 0 0 0 0 0 0 0 0 0 0 0 65 68 69 71 74 79 77 85 
70 71 69 70 71 70 70 70 70 70 71 71 71 71 72 71 71 70 70 70 71 73 74 74 75 75 75 76 76 77 76 74 73 71 69 62 0 0 0 0 0 0 0 0 0 0 0 0 0 0 0 0 0 0 0 0 0 0 0 0 0 0 0 0 0 0 0 0 0 60 74 79 83 84 90 91 91 91 92 92 91 84 82 78 71 56 0 0 0 0 0 0 0 0 0 0 0 0 0 0 0 0 0 0 0 0 0 0 0 0 0 0 0 0 0 0 0 0 0 0 0 47 69 82 87 91 100 104 104 104 104 104 104 104 104 104 104 104 103 104 103 103 102 102 102 102 101 101 102 104 105 104 98 96 92 83 65 0 0 0 0 0 0 0 0 0 0 0 64 66 68 70 73 77 80 90 
65 72 69 69 70 70 69 70 70 70 71 71 71 71 72 71 71 72 72 72 72 73 73 74 74 75 75 76 76 76 76 73 72 71 68 61 0 0 0 0 0 0 0 0 0 0 0 0 0 0 0 0 0 0 0 0 0 0 0 0 0 0 0 0 0 0 0 0 0 61 75 80 83 85 91 91 92 92 92 92 91 84 81 78 71 56 0 0 0 0 0 0 0 0 0 0 0 0 0 0 0 0 0 0 0 0 0 0 0 0 0 0 0 0 0 0 0 0 0 0 0 0 71 83 89 92 100 103 104 104 104 104 104 104 104 104 105 105 104 104 103 103 102 102 102 102 101 101 102 103 105 105 98 96 92 83 66 0 0 0 0 0 0 0 0 0 0 0 64 66 67 69 72 76 82 89 
66 62 69 70 70 70 70 70 70 69 70 70 70 71 71 71 72 72 72 72 73 73 73 74 74 75 75 75 76 76 76 73 72 70 68 61 0 0 0 0 0 0 0 0 0 0 0 0 0 0 0 0 0 0 0 0 0 0 0 0 0 0 0 0 0 0 0 0 0 63 76 81 84 85 91 92 91 91 91 92 90 83 81 78 71 56 0 0 0 0 0 0 0 0 0 0 0 0 0 0 0 0 0 0 0 0 0 0 0 0 0 0 0 0 0 0 0 0 0 0 0 0 74 86 91 94 100 104 104 104 104 104 104 104 103 103 104 104 104 104 104 103 103 102 102 102 101 101 102 103 104 105 99 97 94 86 69 0 0 0 0 0 0 0 0 0 0 0 65 66 67 69 71 75 76 85 
67 70 69 69 70 70 70 70 69 69 70 70 70 71 71 71 71 72 72 72 73 74 73 74 74 75 75 76 76 77 76 73 72 71 68 60 0 0 0 0 0 0 0 0 0 0 0 0 0 0 0 0 0 0 0 0 0 0 0 0 0 0 0 0 0 0 0 0 0 65 77 82 84 86 91 92 91 91 91 91 90 83 81 77 71 57 0 0 0 0 0 0 0 0 0 0 0 0 0 0 0 0 0 0 0 0 0 0 0 0 0 0 0 0 0 0 0 0 0 0 0 0 76 88 93 96 99 104 104 104 104 104 104 104 103 103 104 104 104 104 103 103 103 103 102 102 101 101 102 102 104 106 99 98 95 88 70 0 0 0 0 0 0 0 0 0 0 0 65 66 67 68 71 75 76 87 
72 74 69 69 69 69 69 69 69 69 69 70 71 71 71 71 71 72 72 73 73 74 73 74 74 75 75 76 76 76 76 72 71 70 66 57 0 0 0 0 0 0 0 0 0 0 0 0 0 0 0 0 0 0 0 0 0 0 0 0 0 0 0 0 0 0 0 0 0 66 77 82 85 86 91 92 91 91 91 91 90 83 81 78 72 58 0 0 0 0 0 0 0 0 0 0 0 0 0 0 0 0 0 0 0 0 0 0 0 0 0 0 0 0 0 0 0 0 0 0 0 0 82 91 96 98 99 104 104 104 104 104 104 104 103 104 104 104 103 104 103 103 103 103 102 102 101 101 102 102 104 106 100 98 96 90 71 0 0 0 0 0 0 0 0 0 0 0 66 67 67 69 71 74 78 83 
65 70 68 69 68 69 69 69 69 69 69 70 71 71 71 71 71 71 72 72 73 74 73 74 75 75 75 75 76 76 76 72 71 69 65 56 0 0 0 0 0 0 0 0 0 0 0 0 0 0 0 0 0 0 0 0 0 0 0 0 0 0 0 0 0 0 0 0 0 67 77 82 85 86 91 92 92 92 91 91 90 82 80 77 71 56 0 0 0 0 0 0 0 0 0 0 0 0 0 0 0 0 0 0 0 0 0 0 0 0 0 0 0 0 0 0 0 0 0 0 0 0 78 89 94 97 98 103 104 104 104 103 104 104 103 104 104 104 103 104 103 103 102 102 101 101 101 101 101 102 103 105 99 99 96 91 72 0 0 0 0 0 0 0 0 0 0 0 67 67 68 69 71 74 77 84 
69 74 69 69 68 69 69 69 69 69 68 69 69 70 69 70 70 71 72 73 73 74 74 74 75 75 75 76 76 76 76 72 70 68 64 54 0 0 0 0 0 0 0 0 0 0 0 0 0 0 0 0 0 0 0 0 0 0 0 0 0 0 0 0 0 0 0 0 0 68 78 83 85 86 91 92 92 92 91 91 90 82 80 77 71 56 0 0 0 0 0 0 0 0 0 0 0 0 0 0 0 0 0 0 0 0 0 0 0 0 0 0 0 0 0 0 0 0 0 0 0 0 77 89 93 96 98 103 103 104 104 103 104 104 103 104 104 104 103 103 103 103 102 102 102 102 101 101 101 102 103 105 100 100 98 93 75 0 0 0 0 0 0 0 0 0 0 0 67 67 68 69 71 74 79 83 
64 67 68 68 68 69 68 69 69 69 68 69 70 70 70 70 71 71 72 72 73 74 74 75 75 75 76 76 76 76 76 71 70 68 63 53 0 0 0 0 0 0 0 0 0 0 0 0 0 0 0 0 0 0 0 0 0 0 0 0 0 0 0 0 0 0 0 0 0 69 78 83 85 86 91 91 92 92 92 91 90 83 81 78 71 57 0 0 0 0 0 0 0 0 0 0 0 0 0 0 0 0 0 0 0 0 0 0 0 0 0 0 0 0 0 0 0 0 0 0 0 0 75 88 92 95 97 102 103 104 104 104 105 104 104 104 104 104 104 104 103 103 102 102 102 101 101 101 101 102 103 105 100 100 99 95 77 0 0 0 0 0 0 0 0 0 0 0 64 65 66 68 70 74 71 88 
72 72 67 67 68 68 67 68 68 68 68 69 69 70 70 70 71 71 71 72 73 73 74 74 75 75 75 75 76 76 75 72 70 68 63 52 0 0 0 0 0 0 0 0 0 0 0 0 0 0 0 0 0 0 0 0 0 0 0 0 0 0 0 0 0 0 0 0 0 70 79 83 85 86 91 91 92 92 92 92 91 83 81 78 71 55 0 0 0 0 0 0 0 0 0 0 0 0 0 0 0 0 0 0 0 0 0 0 0 0 0 0 0 0 0 0 0 0 0 0 0 0 73 86 91 95 96 102 103 104 104 104 105 105 104 104 104 103 103 103 103 103 102 103 102 102 101 101 101 102 103 105 101 101 100 97 82 0 0 0 0 0 0 0 0 0 0 0 63 64 66 68 70 74 81 85 
64 63 67 66 67 68 67 68 68 68 68 68 69 70 70 70 71 72 72 72 73 73 73 74 74 75 75 76 76 77 76 73 71 69 64 0 0 0 0 0 0 0 0 0 0 0 0 0 0 0 0 0 0 0 0 0 0 0 0 0 0 0 0 0 0 0 0 0 0 71 79 83 85 87 91 91 92 92 92 92 91 83 81 77 70 54 0 0 0 0 0 0 0 0 0 0 0 0 0 0 0 0 0 0 0 0 0 0 0 0 0 0 0 0 0 0 0 0 0 0 0 0 66 81 87 91 95 102 103 104 104 105 105 105 104 104 104 104 103 103 103 103 103 103 102 102 102 102 101 102 103 105 102 100 98 95 80 0 0 0 0 0 0 0 0 0 0 0 0 63 65 67 69 74 80 82 
65 63 67 66 67 68 67 68 68 68 68 68 69 69 70 70 71 71 72 72 73 73 73 74 74 75 75 75 75 76 75 73 72 70 65 0 0 0 0 0 0 0 0 0 0 0 0 0 0 0 0 0 0 0 0 0 0 0 0 0 0 0 0 0 0 0 0 0 0 72 81 84 86 87 91 91 91 91 91 91 90 83 81 77 70 55 0 0 0 0 0 0 0 0 0 0 0 0 0 0 0 0 0 0 0 0 0 0 0 0 0 0 0 0 0 0 0 0 0 0 0 0 66 81 87 91 95 102 103 104 104 105 105 105 104 104 104 103 103 103 103 103 103 103 103 102 101 101 101 102 103 105 103 99 97 94 79 0 0 0 0 0 0 0 0 0 0 0 0 63 65 66 69 73 75 86 
71 64 66 66 67 67 67 68 68 68 68 69 69 70 70 70 71 72 72 72 73 73 73 74 74 74 74 75 75 76 76 75 74 73 68 0 0 0 0 0 0 0 0 0 0 0 0 0 0 0 0 0 0 0 0 0 0 0 0 0 0 0 0 0 0 0 0 0 0 73 82 84 86 87 91 91 91 91 91 91 90 83 81 77 70 54 0 0 0 0 0 0 0 0 0 0 0 0 0 0 0 0 0 0 0 0 0 0 0 0 0 0 0 0 0 0 0 0 0 0 0 0 65 80 87 91 95 102 103 104 104 105 105 105 104 104 104 103 103 103 103 103 103 103 102 102 101 101 101 102 103 106 104 98 96 91 77 0 0 0 0 0 0 0 0 0 0 0 63 63 65 66 69 73 80 85 
66 67 66 66 66 67 67 67 68 68 68 69 69 69 70 70 71 72 72 72 73 73 73 73 73 73 74 75 75 76 76 76 75 74 72 0 0 0 0 0 0 0 0 0 0 0 0 0 0 0 0 0 0 0 0 0 0 0 0 0 0 0 0 0 0 0 0 0 0 75 82 85 87 88 91 91 92 92 91 91 90 82 80 76 69 52 0 0 0 0 0 0 0 0 0 0 0 0 0 0 0 0 0 0 0 0 0 0 0 0 0 0 0 0 0 0 0 0 0 0 0 0 61 76 84 88 95 102 104 104 104 105 105 105 104 104 104 103 103 103 103 103 103 103 103 102 101 101 101 102 103 106 104 96 94 90 76 57 0 0 0 0 0 0 0 0 0 0 64 64 65 67 69 73 77 82 
67 64 66 66 66 67 67 67 67 67 67 68 69 69 69 70 71 71 71 72 73 73 73 73 73 73 74 75 76 77 76 76 75 74 71 0 0 0 0 0 0 0 0 0 0 0 0 0 0 0 0 0 0 0 0 0 0 0 0 0 0 0 0 0 0 0 0 0 0 76 83 85 87 88 91 91 92 91 91 91 90 82 78 74 66 50 0 0 0 0 0 0 0 0 0 0 0 0 0 0 0 0 0 0 0 0 0 0 0 0 0 0 0 0 0 0 0 0 0 0 0 0 60 76 83 88 95 102 103 104 104 104 105 105 104 104 104 104 103 103 103 103 103 103 102 102 101 101 101 102 103 106 105 95 93 89 76 58 0 0 0 0 0 0 0 0 0 0 62 63 65 66 68 72 75 83 
64 68 66 67 67 67 67 67 68 68 68 68 69 70 70 70 71 71 71 72 73 73 73 73 73 74 74 75 76 77 75 75 74 73 69 0 0 0 0 0 0 0 0 0 0 0 0 0 0 0 0 0 0 0 0 0 0 0 0 0 0 0 0 0 0 0 0 0 0 77 83 85 87 88 91 92 92 92 91 92 90 83 78 74 66 50 0 0 0 0 0 0 0 0 0 0 0 0 0 0 0 0 0 0 0 0 0 0 0 0 0 0 0 0 0 0 0 0 0 0 0 0 63 79 87 91 96 103 104 104 104 104 105 105 104 104 103 103 103 103 103 103 103 103 103 102 101 101 102 102 103 105 105 96 94 90 78 60 0 0 0 0 0 0 0 0 0 0 62 63 64 66 68 72 79 84 
65 63 66 67 67 67 67 67 67 67 67 68 69 70 70 70 71 71 72 72 73 73 73 73 73 74 75 76 77 77 75 75 74 72 68 0 0 0 0 0 0 0 0 0 0 0 0 0 0 0 0 0 0 0 0 0 0 0 0 0 0 0 0 0 0 0 0 0 0 77 82 85 87 88 91 92 92 92 92 92 91 83 77 72 64 48 0 0 0 0 0 0 0 0 0 0 0 0 0 0 0 0 0 0 0 0 0 0 0 0 0 0 0 0 0 0 0 0 0 0 0 0 62 78 87 91 95 103 104 105 105 105 105 105 104 104 103 103 103 103 103 104 103 103 103 102 102 101 102 102 103 105 105 96 94 91 81 62 0 0 0 0 0 0 0 0 0 0 0 64 65 67 69 73 74 78 
64 67 65 66 67 67 67 67 67 67 67 68 69 70 70 71 71 71 71 72 72 73 73 73 74 74 75 76 77 78 75 75 74 72 66 0 0 0 0 0 0 0 0 0 0 0 0 0 0 0 0 0 0 0 0 0 0 0 0 0 0 0 0 0 0 0 0 0 0 72 79 83 85 88 91 92 92 92 92 92 91 83 75 71 63 48 0 0 0 0 0 0 0 0 0 0 0 0 0 0 0 0 0 0 0 0 0 0 0 0 0 0 0 0 0 0 0 0 0 0 0 0 60 77 86 90 95 103 105 105 105 105 105 105 104 103 103 103 103 103 103 104 103 103 103 103 102 102 102 102 102 104 105 97 95 93 83 64 0 0 0 0 0 0 0 0 0 0 0 62 64 67 69 72 75 81 
68 63 65 66 67 67 67 67 67 67 67 68 70 70 70 71 71 71 71 72 72 73 73 73 74 74 75 76 77 78 75 75 74 71 66 0 0 0 0 0 0 0 0 0 0 0 0 0 0 0 0 0 0 0 0 0 0 0 0 0 0 0 0 0 0 0 0 0 0 67 76 80 83 88 91 92 92 92 92 92 91 83 74 70 61 47 40 0 0 0 0 0 0 0 0 0 0 0 0 0 0 0 0 0 0 0 0 0 0 0 0 0 0 0 0 0 0 0 0 0 0 0 64 82 89 93 95 103 104 105 105 105 105 105 104 104 104 103 103 103 104 104 103 103 103 102 102 102 102 102 102 104 105 98 97 94 85 67 0 0 0 0 0 0 0 0 0 0 0 61 63 66 68 72 80 88 
64 60 65 65 66 67 67 67 67 67 67 68 70 70 70 70 70 70 71 72 72 73 73 73 74 75 75 76 77 77 75 74 73 70 64 0 0 0 0 0 0 0 0 0 0 0 0 0 0 0 0 0 0 0 0 0 0 0 0 0 0 0 0 0 0 0 0 0 0 67 76 80 83 88 91 92 92 92 92 92 91 84 74 70 62 47 40 0 0 0 0 0 0 0 0 0 0 0 0 0 0 0 0 0 0 0 0 0 0 0 0 0 0 0 0 0 0 0 0 0 0 0 64 82 89 93 95 103 105 105 105 105 105 105 104 104 104 104 103 103 103 103 102 102 102 102 101 101 102 102 102 104 105 98 97 95 87 68 0 0 0 0 0 0 0 0 0 0 0 62 63 66 69 71 76 80 
68 61 65 65 66 66 66 66 66 67 67 68 69 69 69 70 70 70 71 72 73 73 74 73 74 75 76 76 77 77 74 74 72 69 63 0 0 0 0 0 0 0 0 0 0 0 0 0 0 0 0 0 0 0 0 0 0 0 0 0 0 0 0 0 0 0 0 0 0 64 73 78 81 88 91 92 92 92 92 92 91 84 73 68 61 47 39 0 0 0 0 0 0 0 0 0 0 0 0 0 0 0 0 0 0 0 0 0 0 0 0 0 0 0 0 0 0 0 0 0 0 0 62 80 88 93 95 104 105 105 105 105 105 105 105 104 104 104 103 103 103 103 102 102 102 101 101 101 101 102 102 105 106 99 98 95 87 68 0 0 0 0 0 0 0 0 0 0 0 0 63 65 68 71 79 85 
68 70 65 65 66 66 67 67 67 67 67 68 69 69 69 70 70 71 71 72 73 73 73 73 74 75 75 76 77 77 74 73 72 69 62 0 0 0 0 0 0 0 0 0 0 0 0 0 0 0 0 0 0 0 0 0 0 0 0 0 0 0 0 0 0 0 0 0 40 61 71 76 80 88 91 92 92 92 93 93 92 84 74 69 61 48 39 0 0 0 0 0 0 0 0 0 0 0 0 0 0 0 0 0 0 0 0 0 0 0 0 0 0 0 0 0 0 0 0 0 0 0 59 77 86 91 96 104 105 106 106 105 105 105 105 105 104 104 104 103 103 103 102 102 102 101 101 101 101 102 103 105 106 99 98 95 87 68 0 0 0 0 0 0 0 0 0 0 0 0 61 63 67 71 74 75 
63 67 65 65 65 66 67 67 67 67 67 68 69 69 69 69 70 71 72 73 73 73 74 73 74 75 75 76 77 77 74 73 72 69 62 0 0 0 0 0 0 0 0 0 0 0 0 0 0 0 0 0 0 0 0 0 0 0 0 0 0 0 0 0 0 0 0 0 40 61 71 77 80 89 91 92 92 92 93 93 92 85 74 69 62 48 40 0 0 0 0 0 0 0 0 0 0 0 0 0 0 0 0 0 0 0 0 0 0 0 0 0 0 0 0 0 0 0 0 0 0 0 57 75 84 89 96 105 106 106 106 106 106 106 105 105 104 104 104 103 103 103 102 102 102 101 101 101 101 102 103 105 106 100 99 96 89 70 0 0 0 0 0 0 0 0 0 0 0 0 0 61 67 71 68 81 
69 67 65 66 66 66 67 67 67 67 67 68 68 68 69 69 70 70 71 72 73 73 74 73 74 75 75 75 76 76 73 73 72 69 62 0 0 0 0 0 0 0 0 0 0 0 0 0 0 0 0 0 0 0 0 0 0 0 0 0 0 0 0 0 0 0 0 0 40 62 71 77 80 89 91 92 92 93 93 93 92 85 74 70 62 49 41 0 0 0 0 0 0 0 0 0 0 0 0 0 0 0 0 0 0 0 0 0 0 0 0 0 0 0 0 0 0 0 0 0 0 0 55 72 81 87 96 105 107 107 106 106 106 106 105 105 104 104 103 103 103 103 102 102 101 101 101 101 101 102 103 105 106 100 98 96 89 69 0 0 0 0 0 0 0 0 0 0 0 0 0 0 68 72 75 84 
67 66 66 67 67 67 67 67 67 67 67 68 69 68 68 69 70 70 71 72 73 73 74 74 74 75 75 75 76 76 74 73 72 70 63 0 0 0 0 0 0 0 0 0 0 0 0 0 0 0 0 0 0 0 0 0 0 0 0 0 0 0 0 0 0 0 0 0 39 58 70 76 79 89 92 92 92 93 93 94 93 86 75 70 62 50 42 0 0 0 0 0 0 0 0 0 0 0 0 0 0 0 0 0 0 0 0 0 0 0 0 0 0 0 0 0 0 0 0 0 0 42 53 70 79 85 97 106 107 107 107 106 106 105 105 104 104 104 103 103 103 103 102 102 101 101 101 101 101 102 102 105 106 99 98 97 89 70 0 0 0 0 0 0 0 0 0 0 0 0 0 0 70 74 67 77 
63 62 65 66 67 67 67 67 67 67 67 67 68 68 69 70 70 71 71 72 72 73 73 73 74 74 75 76 76 76 74 73 72 70 63 0 0 0 0 0 0 0 0 0 0 0 0 0 0 0 0 0 0 0 0 0 0 0 0 0 0 0 0 0 0 0 0 0 39 59 71 76 79 90 92 92 93 93 93 94 93 86 75 71 63 51 43 0 0 0 0 0 0 0 0 0 0 0 0 0 0 0 0 0 0 0 0 0 0 0 0 0 0 0 0 0 0 0 0 0 0 42 52 68 78 84 97 106 108 107 107 106 106 105 105 105 105 104 104 104 104 103 103 103 102 102 101 101 101 102 103 105 106 100 99 98 91 72 0 0 0 0 0 0 0 0 0 0 0 0 0 0 68 73 69 73 
66 69 65 66 66 66 66 67 67 67 67 68 68 68 69 69 70 70 71 72 72 73 73 74 74 74 75 75 76 76 74 74 73 71 64 0 0 0 0 0 0 0 0 0 0 0 0 0 0 0 0 0 0 0 0 0 0 0 0 0 0 0 0 0 0 0 0 0 40 59 71 77 80 90 92 93 93 93 93 94 93 86 75 71 63 51 43 0 0 0 0 0 0 0 0 0 0 0 0 0 0 0 0 0 0 0 0 0 0 0 0 0 0 0 0 0 0 0 0 0 0 42 52 68 77 83 96 106 108 107 107 107 106 106 106 105 105 104 104 104 103 103 103 102 101 101 101 101 101 102 102 104 106 101 100 99 93 74 0 0 0 0 0 0 0 0 0 0 0 0 0 0 64 70 0 74 
62 62 65 66 67 66 66 67 66 67 67 68 68 69 69 70 70 71 71 72 72 73 73 73 74 75 75 75 75 76 74 73 73 71 65 0 0 0 0 0 0 0 0 0 0 0 0 0 0 0 0 0 0 0 0 0 0 0 0 0 0 0 0 0 0 0 0 0 41 60 71 77 80 90 92 93 93 93 93 94 93 86 76 72 64 52 44 0 0 0 0 0 0 0 0 0 0 0 0 0 0 0 0 0 0 0 0 0 0 0 0 0 0 0 0 0 0 0 0 0 0 43 51 68 77 83 96 106 107 107 108 107 107 106 106 105 105 104 104 104 103 103 102 102 101 101 101 101 101 101 102 104 106 100 100 98 92 73 0 0 0 0 0 0 0 0 0 0 0 0 0 0 62 69 59 79 
68 61 65 66 66 67 66 67 67 67 67 68 68 69 69 70 71 71 71 71 72 72 72 73 74 75 75 76 76 76 74 74 73 71 65 0 0 0 0 0 0 0 0 0 0 0 0 0 0 0 0 0 0 0 0 0 0 0 0 0 0 0 0 0 0 0 0 0 41 60 72 77 80 91 93 93 93 93 93 93 93 86 76 72 64 52 45 0 0 0 0 0 0 0 0 0 0 0 0 0 0 0 0 0 0 0 0 0 0 0 0 0 0 0 0 0 0 0 0 0 0 43 51 68 78 83 96 106 108 108 108 108 107 106 106 105 105 104 104 104 104 103 103 102 102 101 101 101 101 101 102 103 106 101 100 99 94 75 0 0 0 0 0 0 0 0 0 0 0 0 0 0 59 68 59 69 
62 64 65 65 66 66 66 67 67 67 67 68 68 69 69 70 71 71 71 71 72 72 72 73 74 75 75 75 76 76 74 74 73 71 65 0 0 0 0 0 0 0 0 0 0 0 0 0 0 0 0 0 0 0 0 0 0 0 0 0 0 0 0 0 0 0 0 0 43 63 72 78 81 91 93 93 93 93 93 94 93 87 77 73 65 53 45 0 0 0 0 0 0 0 0 0 0 0 0 0 0 0 0 0 0 0 0 0 0 0 0 0 0 0 0 0 0 0 0 0 0 43 51 68 78 83 96 106 107 108 108 108 108 107 107 106 105 105 104 104 104 103 103 102 102 101 101 101 100 101 102 103 106 101 101 100 95 77 0 0 0 0 0 0 0 0 0 0 0 0 0 0 58 67 60 75 
66 64 65 65 66 66 66 67 67 68 68 69 69 69 69 70 70 71 71 71 72 73 72 73 74 74 74 75 76 76 74 74 73 70 65 0 0 0 0 0 0 0 0 0 0 0 0 0 0 0 0 0 0 0 0 0 0 0 0 0 0 0 0 0 0 0 0 0 43 64 73 78 81 91 93 93 93 93 93 93 93 87 77 73 66 54 46 0 0 0 0 0 0 0 0 0 0 0 0 0 0 0 0 0 0 0 0 0 0 0 0 0 0 0 0 0 0 0 0 0 0 43 52 68 77 83 96 106 107 107 108 108 107 107 106 105 105 104 104 104 104 103 103 102 101 101 101 100 100 101 101 103 106 101 100 99 95 76 0 0 0 0 0 0 0 0 0 0 0 0 0 0 59 67 56 78 
61 68 64 65 66 66 66 67 67 67 67 68 68 69 69 70 70 71 71 71 72 73 73 73 74 74 75 75 76 76 74 73 73 70 61 0 0 0 0 0 0 0 0 0 0 0 0 0 0 0 0 0 0 0 0 0 0 0 0 0 0 0 0 0 0 0 0 0 44 64 73 78 81 91 93 93 93 93 93 93 93 87 78 74 68 55 47 0 0 0 0 0 0 0 0 0 0 0 0 0 0 0 0 0 0 0 0 0 0 0 0 0 0 0 0 0 0 0 0 0 0 43 52 68 77 84 96 106 108 108 108 108 107 107 106 105 106 105 105 104 104 103 103 103 102 102 101 101 101 101 101 103 106 101 101 100 96 78 0 0 0 0 0 0 0 0 0 0 0 0 0 0 60 68 57 78 
62 60 64 65 66 67 67 67 67 67 67 68 68 69 69 70 70 71 71 71 72 73 73 73 74 74 74 75 76 76 73 73 72 69 57 0 0 0 0 0 0 0 0 0 0 0 0 0 0 0 0 0 0 0 0 0 0 0 0 0 0 0 0 0 38 0 0 0 44 65 74 79 82 91 93 93 93 93 94 94 94 88 78 75 68 56 47 0 0 0 0 0 0 0 0 0 0 40 44 44 44 44 0 0 0 0 0 0 0 0 0 0 0 0 0 0 0 0 0 0 0 43 52 67 77 84 96 106 107 108 107 108 107 107 106 106 105 105 105 105 105 104 104 104 103 102 102 101 101 101 101 103 105 101 101 100 97 80 0 0 0 0 0 0 0 0 0 0 0 0 0 0 61 69 63 77 
64 62 64 65 66 67 67 67 67 67 67 67 68 68 69 69 70 71 72 72 73 73 73 73 74 74 74 75 76 76 73 73 72 69 56 0 0 0 0 0 0 0 0 0 0 0 0 0 0 0 0 0 0 0 0 0 0 0 0 0 0 0 0 0 38 0 0 0 44 65 74 79 82 92 93 94 94 94 94 94 94 88 79 76 69 57 48 0 0 0 0 0 0 0 0 0 0 42 47 47 47 47 0 0 0 0 0 0 0 0 0 0 0 0 0 0 0 0 0 0 0 44 52 67 77 83 95 105 107 107 107 108 107 106 106 106 106 105 105 105 105 104 103 103 102 101 101 101 100 100 101 102 105 101 101 100 97 80 0 0 0 0 0 0 0 0 0 0 0 0 0 0 63 70 63 75 
63 67 64 65 66 67 67 68 67 67 67 67 68 68 68 69 70 71 71 72 73 73 73 73 74 74 74 74 75 76 73 72 72 69 56 0 0 0 0 0 0 0 0 0 0 0 0 0 0 0 0 0 0 0 0 0 0 0 0 0 0 0 40 40 39 0 0 0 43 64 74 79 82 92 93 93 94 94 94 95 94 89 80 77 70 59 50 0 0 0 0 0 0 0 0 0 0 42 51 52 52 52 60 0 0 0 0 0 0 0 0 0 0 0 0 0 0 0 0 0 0 45 52 67 77 83 95 104 107 107 107 107 107 106 106 106 106 105 105 105 105 104 103 103 103 102 101 101 100 100 101 102 104 101 101 100 97 81 0 0 0 0 0 0 0 0 0 0 0 0 0 0 65 72 64 78 
59 62 64 65 66 66 67 67 67 67 67 66 67 68 68 69 70 70 70 71 72 72 73 73 73 74 74 75 75 76 73 72 71 68 56 0 0 0 0 0 0 0 0 0 0 0 0 0 0 0 0 0 0 0 0 0 0 0 0 0 0 0 40 40 40 0 0 0 45 65 75 79 82 92 93 93 94 94 94 95 95 90 81 78 72 60 51 0 0 0 0 0 0 0 0 0 0 40 52 56 55 55 62 0 0 0 0 0 0 0 0 0 0 0 0 0 0 0 0 0 0 45 52 67 77 83 95 104 106 107 107 107 107 106 106 105 105 105 105 105 105 104 104 104 103 102 102 101 100 100 100 101 104 100 100 100 97 82 0 0 0 0 0 0 0 0 0 0 0 0 0 0 65 71 65 77 
65 66 64 65 65 66 66 67 67 67 67 67 67 68 68 69 70 70 70 71 71 72 72 73 73 74 74 74 75 75 72 72 71 68 58 0 0 0 0 0 0 0 0 0 0 0 0 0 0 0 0 0 0 0 0 0 0 0 0 0 0 0 0 39 39 39 0 0 45 65 75 79 82 92 94 94 94 95 95 96 96 91 82 79 72 61 52 0 0 0 0 0 0 0 0 0 0 40 54 60 60 58 65 58 0 0 0 0 0 0 0 0 0 0 0 0 0 0 0 0 0 46 54 68 78 83 95 104 106 106 106 107 107 106 106 105 105 105 105 105 105 104 104 104 103 102 101 100 100 100 100 102 104 101 101 101 98 83 0 0 0 0 0 0 0 0 0 0 0 0 0 0 66 72 71 82 
63 63 64 65 65 65 66 66 66 66 66 67 67 68 68 69 69 70 70 70 71 71 72 73 74 74 75 75 76 76 73 72 70 67 60 0 0 0 0 0 0 0 0 0 0 0 0 0 0 0 0 0 0 0 0 0 0 0 0 0 0 0 0 39 39 0 0 0 46 65 75 80 83 92 94 94 95 95 95 96 97 91 83 80 74 62 54 0 0 0 0 0 0 0 0 39 39 39 52 63 63 62 67 64 41 0 0 0 0 0 0 0 0 0 0 0 0 0 0 0 0 47 54 68 78 83 95 104 106 106 106 106 107 106 105 105 105 105 105 105 105 104 103 103 102 101 101 100 100 100 101 102 105 102 102 101 99 83 0 0 0 0 0 0 0 0 0 0 0 0 0 0 67 71 71 78 
62 65 64 65 65 65 66 65 65 66 66 67 67 68 69 69 69 70 70 70 71 71 72 73 74 74 75 75 76 75 72 72 70 67 60 0 0 0 0 0 0 0 0 0 0 0 0 0 0 0 0 0 0 0 0 0 0 0 0 0 0 0 0 39 39 0 0 0 47 65 75 80 83 92 94 95 95 96 96 97 97 92 84 79 72 61 52 0 0 0 0 0 0 0 0 39 39 38 52 71 72 69 75 79 47 0 0 0 0 0 0 0 0 0 0 0 0 0 0 0 0 47 54 67 77 83 95 104 106 106 106 106 107 106 105 105 105 105 105 105 105 104 103 103 102 101 100 100 99 100 101 102 104 101 102 101 98 84 0 0 0 0 0 0 0 0 0 0 0 0 0 0 66 70 70 77 
62 67 64 65 65 65 65 65 65 65 66 67 68 69 69 69 69 70 70 71 71 72 73 73 74 75 75 76 76 76 73 72 70 67 60 0 0 0 0 0 0 0 0 0 0 0 0 0 0 0 0 0 0 0 0 0 0 0 0 0 0 0 0 37 37 0 0 0 47 65 75 80 83 93 95 95 95 96 96 97 98 92 84 78 71 61 52 0 0 0 0 0 0 0 0 0 0 38 49 75 88 87 91 103 85 60 0 0 0 0 0 0 0 0 0 0 0 0 0 0 0 48 54 68 78 83 95 104 106 107 107 107 107 106 105 105 105 104 104 105 104 104 103 103 101 101 100 100 99 100 100 102 104 101 99 97 94 78 0 0 0 0 0 0 0 0 0 0 0 0 0 60 66 70 75 73 
67 63 64 64 65 65 65 65 65 65 66 67 68 69 69 70 70 70 70 71 72 72 73 74 74 75 75 75 76 76 73 73 71 68 59 0 0 0 0 0 0 0 0 0 0 0 0 0 0 0 0 0 0 0 0 0 0 0 0 0 0 0 0 37 37 0 0 0 47 65 75 80 83 93 95 96 96 96 97 97 98 92 85 80 74 66 62 0 0 0 0 0 0 0 0 0 0 38 49 111 124 153 160 187 155 165 69 0 0 0 0 0 0 0 0 0 0 0 0 0 0 55 57 70 79 85 96 105 107 107 107 107 107 107 106 105 105 104 104 104 103 103 102 102 101 100 100 100 100 100 101 102 104 101 99 97 93 78 0 0 0 0 0 0 0 0 0 0 0 0 0 61 65 69 65 77 
60 63 64 64 65 65 65 65 65 66 66 67 68 68 69 69 69 70 71 72 72 73 73 74 74 75 75 75 76 76 72 72 70 67 58 0 0 0 0 0 0 0 0 0 0 0 0 0 0 0 0 0 0 0 0 0 0 0 0 0 0 38 38 38 38 0 0 0 47 65 74 80 84 94 97 98 98 97 96 97 97 92 88 87 82 78 80 85 0 0 0 0 0 0 0 0 0 0 51 193 191 218 236 270 195 222 128 0 0 0 0 0 0 0 0 0 0 0 0 0 0 70 66 75 83 87 96 105 107 107 107 107 107 106 106 105 105 104 104 103 103 103 102 101 101 100 100 100 99 99 99 101 103 100 97 96 92 77 0 0 0 0 0 0 0 0 0 0 0 0 0 61 64 69 69 81 
70 55 64 64 65 66 65 65 65 66 66 67 68 69 69 70 70 71 71 72 73 73 74 74 74 75 75 75 75 75 72 71 70 66 58 0 0 0 0 0 0 0 0 0 0 0 0 0 0 0 0 0 0 0 0 0 0 0 0 0 0 38 38 38 38 0 0 0 47 65 74 80 86 98 100 101 100 97 96 97 97 92 89 90 84 80 84 84 0 0 0 0 0 0 0 0 0 0 55 255 243 265 283 307 204 210 129 47 0 0 0 0 0 0 0 0 0 0 0 0 0 82 74 81 87 89 96 105 106 107 107 106 107 106 106 105 104 104 104 103 102 102 102 101 100 100 99 99 99 99 98 99 101 98 95 94 91 75 0 0 0 0 0 0 0 0 0 0 0 0 0 62 64 68 65 77 
59 58 64 64 65 65 65 65 65 66 66 67 68 68 69 70 70 70 71 72 72 73 73 74 74 75 75 75 75 75 71 71 69 66 57 0 0 0 0 0 0 0 0 0 0 0 0 0 0 0 0 0 0 0 0 0 0 0 0 0 0 38 38 38 38 38 0 0 46 65 73 81 88 99 102 103 102 98 96 97 97 92 89 90 84 81 85 87 0 0 0 0 0 0 0 0 0 0 55 258 265 316 314 324 246 237 111 49 0 0 0 0 0 0 0 0 0 0 0 0 92 84 76 82 88 91 97 105 106 106 107 106 106 106 106 104 104 104 104 103 102 102 101 100 100 99 99 98 98 98 98 98 100 96 94 93 89 73 0 0 0 0 0 0 0 0 0 0 0 0 0 62 65 68 67 77 
63 64 64 64 65 66 65 65 66 66 66 67 68 68 69 69 70 70 71 71 72 73 73 73 74 74 74 75 75 75 72 71 69 66 58 0 0 0 0 0 0 0 0 0 0 0 0 0 0 0 0 0 0 0 0 0 0 0 0 0 0 38 38 38 38 0 0 0 45 64 73 80 88 100 102 104 102 98 96 96 96 92 89 92 86 83 88 93 0 0 0 0 0 0 0 0 0 0 56 266 258 317 315 299 214 213 101 48 46 0 0 0 0 0 0 0 0 0 0 0 92 84 76 82 88 91 97 105 106 106 107 106 106 106 105 104 104 103 103 101 100 99 97 96 95 94 93 93 93 94 94 95 97 93 92 91 88 73 0 0 0 0 0 0 0 0 0 0 0 0 59 62 64 67 63 79 
67 61 64 64 65 65 65 65 66 66 66 67 68 68 69 69 70 70 71 71 72 73 73 74 74 75 75 75 75 75 72 71 69 66 57 0 0 0 0 0 0 0 0 0 0 0 0 0 0 0 0 0 0 0 0 0 0 0 0 0 0 0 39 39 39 0 0 0 45 64 73 80 88 100 102 104 102 98 96 96 96 92 88 90 84 80 83 91 0 0 0 0 0 0 0 0 0 0 60 281 251 280 265 252 176 177 99 49 46 0 0 0 0 0 0 0 0 0 0 0 0 84 75 81 87 90 96 105 106 106 106 106 106 105 105 103 101 99 97 93 91 89 88 89 89 90 91 91 89 88 88 87 88 86 86 86 84 72 0 0 0 0 0 0 0 0 0 0 0 0 59 61 63 67 74 75 
64 64 64 64 65 65 65 65 66 66 66 68 68 68 69 69 70 70 71 71 72 73 73 73 74 75 75 75 76 75 72 71 70 66 58 0 0 0 0 0 0 0 0 0 0 0 0 0 0 0 0 0 0 0 0 0 0 0 0 0 0 37 37 37 37 0 0 0 45 64 73 80 86 98 100 102 100 97 96 96 96 92 85 83 76 68 66 0 0 0 0 0 0 0 0 0 0 0 0 206 177 223 192 185 155 159 78 49 0 0 0 0 0 0 0 0 0 0 0 0 0 71 66 76 83 87 96 105 106 106 106 106 105 104 103 99 97 95 92 89 88 85 85 85 86 87 89 88 86 86 86 85 85 83 83 82 81 0 0 0 0 0 0 0 0 0 0 0 0 0 59 61 63 67 71 75 
61 62 64 64 64 65 65 65 66 66 66 67 68 67 68 68 69 70 71 71 72 72 72 73 74 75 75 76 76 76 72 72 70 67 61 0 0 0 0 0 0 0 0 0 0 0 0 0 0 0 0 0 0 0 0 0 0 0 0 0 0 0 38 38 38 0 0 0 45 64 72 78 84 95 97 98 98 96 96 96 96 92 83 79 73 62 54 0 0 0 0 0 0 0 0 0 0 0 0 0 121 188 153 149 146 148 62 50 0 0 0 0 0 0 0 0 0 0 0 0 0 55 56 69 78 84 95 105 106 106 106 106 105 103 101 97 95 89 85 81 78 75 75 75 75 77 80 81 81 81 81 81 81 80 80 78 76 0 0 0 0 0 0 0 0 0 0 0 0 58 60 61 64 66 66 83 
64 64 64 64 65 65 65 65 66 66 66 67 67 67 68 68 69 70 71 71 72 72 73 73 74 75 75 76 76 76 73 72 70 67 61 0 0 0 0 0 0 0 0 0 0 0 0 0 0 0 0 0 0 0 0 0 0 0 0 0 0 0 0 0 0 0 0 0 44 63 72 78 82 92 95 96 96 96 95 96 96 91 83 79 73 62 53 0 0 0 0 0 0 0 0 0 0 0 0 0 70 104 95 93 92 96 70 0 0 0 0 0 0 0 0 0 0 0 0 0 0 46 52 67 77 82 94 104 106 106 106 105 104 99 97 92 86 80 77 74 73 72 72 70 69 68 69 67 68 66 66 65 66 67 68 68 0 0 0 0 0 0 0 0 0 0 0 0 0 58 60 61 64 66 73 77 
64 62 64 65 65 65 66 66 66 66 66 66 67 66 67 68 70 70 71 72 72 72 73 74 74 75 75 76 76 76 72 72 70 66 60 0 0 0 0 0 0 0 0 0 0 0 0 0 0 0 0 0 0 0 0 0 0 0 0 0 0 0 0 0 0 0 0 0 43 62 71 77 81 91 94 96 96 95 95 96 95 91 82 78 72 61 53 0 0 0 0 0 0 0 0 0 0 0 0 0 0 95 94 94 94 99 92 0 0 0 0 0 0 0 0 0 0 0 0 0 0 46 51 66 76 82 94 104 105 105 105 105 102 97 94 88 80 74 73 73 74 74 73 70 68 65 61 57 61 61 62 62 62 62 63 62 0 0 0 0 0 0 0 0 0 0 0 0 0 58 60 61 64 66 74 71 
62 62 64 65 65 66 66 66 66 66 66 66 67 66 67 69 70 70 71 72 72 72 72 73 74 75 75 76 76 75 73 72 70 67 62 0 0 0 0 0 0 0 0 0 0 0 0 0 0 0 0 0 0 0 0 0 0 0 0 0 0 0 0 0 0 0 0 0 42 62 71 76 80 91 94 95 95 95 95 95 95 90 81 78 71 61 52 0 0 0 0 0 0 0 0 0 0 0 0 0 0 84 89 86 86 90 87 0 0 0 0 0 0 0 0 0 0 0 0 0 0 45 51 66 75 81 93 103 105 105 105 104 100 95 89 81 75 74 78 83 86 84 82 77 73 66 63 65 73 73 74 73 73 72 71 0 0 0 0 0 0 0 0 0 0 0 0 0 0 59 61 62 64 67 71 76 
63 64 64 65 66 66 66 66 66 66 65 65 66 66 67 69 70 70 71 71 72 72 73 74 74 74 75 75 76 75 73 72 70 67 61 0 0 0 0 0 0 0 0 0 0 0 0 0 0 0 0 0 0 0 0 0 0 0 0 0 0 0 0 0 0 0 0 0 41 61 70 76 79 90 94 95 95 95 95 95 95 89 81 77 70 59 51 0 0 0 0 0 0 0 0 0 0 0 0 0 0 0 83 77 77 77 78 0 0 0 0 0 0 0 0 0 0 0 0 0 0 46 51 66 75 81 93 103 105 105 105 104 99 93 87 81 76 79 84 88 89 85 83 78 72 65 67 71 77 79 80 79 78 77 77 74 0 0 0 0 0 0 0 0 0 0 0 0 0 60 62 62 64 67 69 80 
68 61 64 65 66 66 66 66 66 65 65 66 67 67 68 70 70 71 71 71 72 72 73 74 74 74 75 75 75 75 72 71 70 67 59 0 0 0 0 0 0 0 0 0 0 0 0 0 0 0 0 0 0 0 0 0 0 0 0 0 0 0 0 0 0 0 0 0 40 60 70 75 79 90 93 94 95 94 94 94 94 89 80 76 70 58 50 0 0 0 0 0 0 0 0 0 0 0 0 0 0 0 73 67 67 67 69 0 0 0 0 0 0 0 0 0 0 0 0 0 0 46 51 66 75 81 93 102 104 104 104 102 97 90 83 79 77 83 90 94 95 93 89 83 75 69 72 77 81 83 83 81 81 80 79 76 0 0 0 0 0 0 0 0 0 0 0 0 0 62 63 63 64 67 66 83 
65 60 65 65 65 65 65 65 65 65 66 66 67 68 69 70 70 70 70 71 71 72 73 74 74 74 75 76 76 76 73 72 71 68 60 0 0 0 0 0 0 0 0 0 0 0 0 0 0 0 0 0 0 0 0 0 0 0 0 0 0 0 0 0 0 0 0 0 40 61 70 75 79 90 93 94 94 94 94 94 93 88 79 75 69 57 50 0 0 0 0 0 0 0 0 0 0 0 0 0 0 0 67 59 59 59 60 49 0 0 0 0 0 0 0 0 0 0 0 0 0 45 50 65 74 80 92 102 103 104 103 100 96 89 82 79 81 87 93 98 98 93 89 83 75 71 77 81 85 88 89 89 89 89 87 83 0 0 0 0 0 0 0 0 0 0 0 0 0 62 62 62 64 66 70 74 
65 60 64 65 65 65 65 65 65 65 66 66 67 68 69 70 70 70 70 71 71 72 73 73 74 74 75 76 76 76 73 72 71 68 61 0 0 0 0 0 0 0 0 0 0 0 0 0 0 0 0 0 0 0 0 0 0 0 0 0 0 0 0 0 0 0 0 0 40 61 70 75 79 90 93 94 94 94 94 94 93 87 78 75 68 57 48 0 0 0 0 0 0 0 0 0 0 0 0 0 0 0 0 54 54 54 54 49 0 0 0 0 0 0 0 0 0 0 0 0 0 44 50 66 75 81 92 102 103 104 103 99 97 87 80 79 83 87 95 99 97 92 90 82 75 75 82 84 88 91 93 92 92 91 90 86 0 0 0 0 0 0 0 0 0 0 0 0 0 62 62 63 64 67 69 74 
67 72 65 65 65 65 65 65 65 65 66 66 67 68 68 69 68 68 68 69 70 71 72 73 74 74 75 75 76 76 73 72 71 68 61 0 0 0 0 0 0 0 0 0 0 0 0 0 0 0 0 0 0 0 0 0 0 0 0 0 0 0 0 0 0 0 0 0 40 61 70 75 79 89 92 93 94 94 94 94 93 87 77 73 66 55 47 0 0 0 0 0 0 0 0 0 0 0 0 0 0 0 0 50 50 50 50 0 0 0 0 0 0 0 0 0 0 0 0 0 0 43 49 66 75 81 92 101 103 103 103 99 98 88 82 81 85 88 95 99 94 91 86 79 73 77 83 87 90 93 94 92 92 92 90 88 0 0 0 0 0 0 0 0 0 0 0 0 0 62 62 63 65 67 69 72 
61 66 64 64 64 64 64 64 65 65 66 67 68 67 67 67 66 65 65 67 68 70 72 73 73 74 75 76 76 76 73 72 71 69 63 0 0 0 0 0 0 0 0 0 0 0 0 0 0 0 0 0 0 0 0 0 0 0 0 0 0 0 0 0 0 0 0 0 40 60 69 75 78 89 91 92 93 93 93 93 92 86 76 72 66 54 46 0 0 0 0 0 0 0 0 0 0 0 0 0 0 0 0 0 0 0 0 0 0 0 0 0 0 0 0 0 0 0 0 0 0 44 50 66 75 81 91 101 102 102 101 97 94 84 78 76 80 84 90 93 90 88 82 75 73 78 81 85 89 90 91 89 89 88 87 82 0 0 0 0 0 0 0 0 0 0 0 0 0 62 61 63 65 67 71 76 
64 68 64 65 64 64 64 64 65 65 66 67 68 67 66 65 65 63 63 65 67 69 71 72 73 74 74 75 76 76 74 73 72 70 65 0 0 0 0 0 0 0 0 0 0 0 0 0 0 0 0 0 0 0 0 0 0 0 0 0 0 0 0 0 0 0 0 0 40 60 69 74 78 88 90 91 92 92 92 92 91 85 75 71 64 52 44 0 0 0 0 0 0 0 0 0 0 0 0 0 0 0 0 0 0 0 0 0 0 0 0 0 0 0 0 0 0 0 0 0 0 43 48 65 74 80 90 99 99 98 96 91 88 81 76 75 77 81 86 89 85 86 79 72 71 76 79 83 86 85 85 83 82 82 82 79 0 0 0 0 0 0 0 0 0 0 0 0 0 60 60 62 64 66 74 78 
65 63 64 65 64 64 65 65 65 66 67 67 68 66 65 63 63 61 60 63 66 68 70 72 73 74 74 75 75 75 73 73 72 70 65 0 0 0 0 0 0 0 0 0 0 0 0 0 0 0 0 0 0 0 0 0 0 0 0 0 0 0 0 0 0 0 0 0 39 62 71 76 79 88 90 90 90 90 90 91 91 85 75 71 64 51 43 0 0 0 0 0 0 0 0 0 0 0 0 0 0 0 0 0 0 0 0 0 0 0 0 0 0 0 0 0 0 0 0 0 0 43 49 65 74 80 89 95 96 94 91 88 86 81 75 73 74 80 83 86 82 83 75 69 69 74 77 82 85 83 82 80 79 79 80 77 0 0 0 0 0 0 0 0 0 0 0 0 0 60 60 62 65 67 69 76 
64 68 64 65 65 64 65 65 65 66 67 67 68 67 64 62 60 58 57 61 64 67 69 72 73 73 74 75 75 75 73 72 72 69 64 0 0 0 0 0 0 0 0 0 0 0 0 0 0 0 0 0 0 0 0 0 0 0 0 0 0 0 0 0 0 0 0 0 0 64 73 78 81 88 89 89 89 89 90 91 91 85 75 70 63 50 42 0 0 0 0 0 0 0 0 0 0 0 0 0 0 0 0 0 0 0 0 0 0 0 0 0 0 0 0 0 0 0 0 0 0 43 49 64 74 79 85 92 91 89 86 85 82 79 74 71 70 76 78 80 77 79 69 65 66 71 73 79 81 78 77 76 75 75 76 0 0 0 0 0 0 0 0 0 0 0 0 0 0 60 60 62 65 67 70 74 
60 66 64 64 64 64 64 64 65 66 67 67 67 66 64 62 61 59 58 62 64 67 68 71 72 73 74 75 76 75 73 72 71 68 63 0 0 0 0 0 0 0 0 0 0 0 0 0 0 0 0 0 0 0 0 0 0 0 0 0 0 0 0 0 0 0 0 0 0 67 76 80 82 87 88 88 88 88 88 90 90 84 74 70 62 49 41 0 0 0 0 0 0 0 0 0 0 0 0 0 0 0 0 0 0 0 0 0 0 0 0 0 0 0 0 0 0 0 0 0 0 0 51 66 76 79 84 89 88 84 80 78 75 71 67 64 60 67 68 69 69 0 0 60 61 64 65 70 71 68 69 68 67 68 71 0 0 0 0 0 0 0 0 0 0 0 0 0 0 59 60 62 64 67 76 79 
64 60 64 64 64 64 64 64 64 65 66 66 66 66 65 64 63 62 61 64 66 67 68 71 72 73 74 75 75 75 73 72 71 68 62 0 0 0 0 0 0 0 0 0 0 0 0 0 0 0 0 0 0 0 0 0 0 0 0 0 0 0 0 0 0 0 0 0 0 71 79 82 84 87 88 88 88 88 88 90 90 84 74 69 62 49 41 0 0 0 0 0 0 0 0 0 0 0 0 0 0 0 0 0 0 0 0 0 0 0 0 0 0 0 0 0 0 0 0 0 0 0 51 68 77 79 81 87 84 76 69 65 63 0 0 0 0 0 0 0 0 0 0 0 0 0 0 0 0 0 0 57 57 0 0 0 0 0 0 0 0 0 0 0 0 0 0 0 0 60 61 62 65 67 69 78 
65 66 64 64 64 64 64 64 64 65 66 65 66 66 65 64 64 64 63 65 67 68 69 71 73 74 74 75 75 75 72 72 70 67 60 0 0 0 0 0 0 0 0 0 0 0 0 0 0 0 0 0 0 0 0 0 0 0 0 0 0 0 0 0 0 0 0 0 0 70 79 82 84 87 89 88 88 88 89 90 90 83 73 69 61 49 40 0 0 0 0 0 0 0 0 0 0 0 0 0 0 0 0 0 0 0 0 0 0 0 0 0 0 0 0 0 0 0 0 0 0 0 52 69 78 78 79 83 80 69 54 0 0 0 0 0 0 0 0 0 0 0 0 0 0 0 0 0 0 0 0 0 0 0 0 0 0 0 0 0 0 0 0 0 0 0 0 0 0 61 63 63 65 68 66 81 
60 61 64 64 64 63 64 63 64 64 65 65 66 66 66 65 66 66 66 67 68 69 69 71 72 73 74 75 75 75 73 72 70 67 60 0 0 0 0 0 0 0 0 0 0 0 0 0 0 0 0 0 0 0 0 0 0 0 0 0 0 0 0 0 0 0 0 0 0 69 78 81 83 86 88 88 88 88 89 90 89 82 74 70 62 49 40 0 0 0 0 0 0 0 0 0 0 0 0 0 0 0 0 0 0 0 0 0 0 0 0 0 0 0 0 0 0 0 0 0 0 0 55 71 80 80 78 84 81 70 0 0 0 0 0 0 0 0 0 0 0 0 0 0 0 0 0 0 0 0 0 0 0 0 0 0 0 0 0 0 0 0 0 0 0 0 0 0 0 60 62 63 64 67 74 77 
62 69 64 63 63 63 63 63 64 64 65 65 66 66 66 67 68 68 68 68 69 69 70 71 72 73 73 75 75 75 73 72 71 68 61 0 0 0 0 0 0 0 0 0 0 0 0 0 0 0 0 0 0 0 0 0 0 0 0 0 0 0 0 0 0 0 0 0 0 69 77 81 83 85 88 88 88 89 89 90 89 82 73 69 61 48 40 0 0 0 0 0 0 0 0 0 0 0 0 0 0 0 0 0 0 0 0 0 0 0 0 0 0 0 0 0 0 0 0 0 0 0 55 71 80 80 80 85 84 75 66 0 0 0 0 0 0 0 0 0 0 0 0 0 0 0 0 0 0 0 0 0 0 0 0 0 0 0 0 0 0 0 0 0 0 0 0 0 0 60 61 63 64 67 67 81 
60 61 63 63 63 63 63 63 63 64 64 65 65 65 66 66 67 68 68 69 70 70 70 71 72 73 74 75 75 76 73 73 71 69 62 0 0 0 0 0 0 0 0 0 0 0 0 0 0 0 0 0 0 0 0 0 0 0 0 0 0 0 0 0 0 0 0 0 0 68 76 80 82 85 88 88 89 89 90 89 89 82 74 70 63 48 0 0 0 0 0 0 0 0 0 0 0 0 0 0 0 0 0 0 0 0 0 0 0 0 0 0 0 0 0 0 0 0 0 0 0 0 55 72 80 82 82 87 84 78 71 0 0 0 0 0 0 0 0 0 0 0 0 0 0 0 0 0 0 0 0 0 0 0 0 0 0 0 0 0 0 0 0 0 0 0 0 0 0 60 61 63 65 67 67 76 
73 60 64 63 63 63 64 63 64 64 65 65 66 65 65 65 66 65 66 67 67 67 68 69 70 71 72 73 74 75 73 72 71 69 61 0 0 0 0 0 0 0 0 0 0 0 0 0 0 0 0 0 0 0 0 0 0 0 0 0 0 0 0 0 0 0 0 0 0 68 75 79 81 84 87 88 89 89 90 89 89 81 74 69 62 47 0 0 0 0 0 0 0 0 0 0 0 0 0 0 0 0 0 0 0 0 0 0 0 0 0 0 0 0 0 0 0 0 0 0 0 0 57 73 81 84 84 89 87 81 75 70 61 57 56 56 58 57 56 52 50 0 0 0 0 0 0 0 0 0 0 0 0 0 0 0 0 0 0 0 0 0 0 0 0 0 0 0 0 58 60 62 64 67 73 83 
0 0 63 62 63 62 63 63 64 64 64 65 66 65 65 65 65 65 65 66 66 67 68 68 68 68 68 68 68 69 68 68 67 66 60 0 0 0 0 0 0 0 0 0 0 0 0 0 0 0 0 0 0 0 0 0 0 0 0 0 0 0 0 0 0 0 0 0 0 72 78 81 83 84 87 88 88 88 89 89 88 81 75 71 64 48 0 0 0 0 0 0 0 0 0 0 0 0 0 0 0 0 0 0 0 0 0 0 0 0 0 0 0 0 0 0 0 0 0 0 0 0 62 76 84 87 88 92 91 87 82 77 72 71 70 71 72 72 70 66 62 60 58 0 0 0 0 0 0 0 0 0 0 0 0 0 0 0 0 0 0 0 0 0 0 0 0 0 0 58 60 62 64 67 70 76 
0 0 64 62 62 62 63 63 64 64 64 64 64 64 64 64 64 63 64 65 65 65 67 68 67 67 67 67 66 68 66 66 66 65 59 0 0 0 0 0 0 0 0 0 0 0 0 0 0 0 0 0 0 0 0 0 0 0 0 0 0 0 0 0 0 0 0 0 0 69 75 78 80 81 84 86 86 86 87 86 86 79 74 70 64 49 0 0 0 0 0 0 0 0 0 0 0 0 0 0 0 0 0 0 0 0 0 0 0 0 0 0 0 0 0 0 0 0 0 0 0 0 63 76 83 86 88 92 91 88 84 79 75 74 73 72 72 72 69 67 63 62 60 58 0 0 0 0 0 0 0 0 0 0 0 0 0 0 0 0 0 0 0 0 0 0 0 0 0 58 60 62 64 67 71 76 
0 0 0 0 0 0 0 0 62 63 62 62 62 61 61 62 62 61 62 63 63 63 65 66 64 65 65 64 64 65 64 64 64 63 0 0 0 0 0 0 0 0 0 0 0 0 0 0 0 0 0 0 0 0 0 0 0 0 0 0 0 0 0 0 0 0 0 0 0 67 74 77 77 76 78 77 76 76 77 77 76 73 70 67 63 51 0 0 0 0 0 0 0 0 0 0 0 0 0 0 0 0 0 0 0 0 0 0 0 0 0 0 0 0 0 0 0 0 0 0 0 0 64 73 78 80 82 85 83 80 77 74 71 71 72 72 72 72 69 67 63 62 60 58 0 0 0 0 0 0 0 0 0 0 0 0 0 0 0 0 0 0 0 0 0 0 0 0 0 59 61 62 64 67 69 77 
0 0 0 0 0 0 0 0 0 0 0 0 0 0 0 0 0 56 57 57 57 58 60 60 59 59 59 59 59 60 60 60 60 60 0 0 0 0 0 0 0 0 0 0 0 0 0 0 0 0 0 0 0 0 0 0 0 0 0 0 0 0 0 0 0 0 0 0 0 0 73 76 75 74 75 75 73 73 74 74 73 71 68 66 62 51 0 0 0 0 0 0 0 0 0 0 0 0 0 0 0 0 0 0 0 0 0 0 0 0 0 0 0 0 0 0 0 0 0 0 0 0 0 71 76 78 80 83 82 80 77 74 72 71 72 72 72 72 69 67 63 62 60 58 0 0 0 0 0 0 0 0 0 0 0 0 0 0 0 0 0 0 0 0 0 0 0 0 60 60 61 62 64 67 76 80 
0 0 0 0 0 0 0 0 0 0 0 0 0 0 0 0 0 0 0 0 0 0 0 0 0 0 0 47 48 50 51 51 0 0 0 0 0 0 0 0 0 0 0 0 0 0 0 0 0 0 0 0 0 0 0 0 0 0 0 0 0 0 0 0 0 0 0 0 0 0 70 74 72 70 71 70 68 68 69 69 68 67 66 65 63 0 0 0 0 0 0 0 0 0 0 0 0 0 0 0 0 0 0 0 0 0 0 0 0 0 0 0 0 0 0 0 0 0 0 0 0 0 0 68 73 75 76 78 79 78 76 76 75 77 79 81 79 79 76 74 69 67 64 61 0 0 0 0 0 0 0 0 0 0 0 0 0 0 0 0 0 0 0 0 0 0 0 0 60 61 61 63 65 68 71 74 
0 0 0 0 0 0 0 0 0 0 0 0 0 0 0 0 0 0 0 0 0 0 0 0 0 0 0 0 0 0 0 0 0 0 0 0 0 0 0 0 0 0 0 0 0 0 0 0 0 0 0 0 0 0 0 0 0 0 0 0 0 0 0 0 0 0 0 0 0 0 0 0 64 62 61 60 58 59 60 60 60 60 59 59 0 0 0 0 0 0 0 0 0 0 0 0 0 0 0 0 0 0 0 0 0 0 0 0 0 0 0 0 0 0 0 0 0 0 0 0 0 0 0 0 65 67 68 69 69 69 68 69 69 72 74 75 73 71 68 67 65 64 0 0 0 0 0 0 0 0 0 0 0 0 0 0 0 0 0 0 0 0 0 0 0 0 0 0 61 62 62 63 65 69 74 81 
0 0 0 0 0 0 0 0 0 0 0 0 0 0 0 0 0 0 0 0 0 0 0 0 0 0 0 0 0 0 0 0 0 0 0 0 0 0 0 0 0 0 0 0 0 0 0 0 0 0 0 0 0 0 0 0 0 0 0 0 0 0 0 0 0 0 0 0 0 0 0 0 0 0 0 38 38 40 41 42 42 43 0 0 0 0 0 0 0 0 0 0 0 0 0 0 0 0 0 0 0 0 0 0 0 0 0 0 0 0 0 0 0 0 0 0 0 0 0 0 0 0 0 0 0 0 50 51 51 51 50 49 0 0 0 0 0 0 0 0 0 0 0 0 0 0 58 58 58 58 61 0 0 0 0 0 0 0 0 0 0 0 0 0 0 0 0 0 61 61 62 63 66 69 75 81 
0 0 0 0 0 0 0 0 0 0 0 0 0 0 0 0 0 0 0 0 0 0 0 0 0 0 0 0 0 0 0 0 0 0 0 0 0 0 0 0 0 0 0 0 0 0 0 0 0 0 0 0 0 0 0 0 0 0 0 0 0 0 0 0 0 0 0 0 0 0 0 0 0 0 0 0 0 0 0 0 0 0 0 0 0 0 0 0 0 0 0 0 0 0 0 0 0 0 0 0 0 0 0 0 0 0 0 0 0 0 0 0 0 0 0 0 0 0 0 0 0 0 0 0 0 0 0 0 0 0 0 0 0 0 0 0 0 0 0 0 0 0 0 0 0 0 58 58 58 58 61 0 0 0 0 0 0 0 0 0 0 0 0 0 0 0 0 0 61 62 62 64 66 70 78 77 
0 0 0 0 0 0 0 0 0 0 0 0 0 0 0 0 0 0 0 0 0 0 0 0 0 0 0 0 0 0 0 0 0 0 0 0 0 0 0 0 0 0 0 0 0 0 0 0 0 0 0 0 0 0 0 0 0 0 0 0 0 0 0 0 0 0 0 0 0 0 0 0 0 0 0 0 0 0 0 0 0 0 0 0 0 0 0 0 0 0 0 0 0 0 0 0 0 0 0 0 0 0 0 0 0 0 0 0 0 0 0 0 0 0 0 0 0 0 0 0 0 0 0 0 0 0 0 0 0 0 0 0 0 0 0 0 0 0 0 0 0 0 0 0 0 0 57 57 57 57 0 0 0 0 0 0 0 0 0 0 0 0 0 0 0 0 0 0 0 62 63 64 67 70 75 83 
0 0 0 0 0 0 0 0 0 0 0 0 0 0 0 0 0 0 0 0 0 0 0 0 0 0 0 0 0 0 0 0 0 0 0 0 0 0 0 0 0 0 0 0 0 0 0 0 0 0 0 0 0 0 0 0 0 0 0 0 0 0 0 0 0 0 0 0 0 0 0 0 0 0 0 0 0 0 0 0 0 0 0 0 0 0 0 0 0 0 0 0 0 0 0 0 0 0 0 0 0 0 0 0 0 0 0 0 0 0 0 0 0 0 0 0 0 0 0 0 0 0 0 0 0 0 0 0 0 0 0 0 0 0 0 0 0 0 0 0 0 0 0 0 0 0 0 0 0 0 0 0 0 0 0 0 0 0 0 0 0 0 0 0 0 0 0 0 0 61 63 64 67 70 77 82 
0 0 0 0 0 0 0 0 0 0 0 0 0 0 0 0 0 0 0 0 0 0 0 0 0 0 0 0 0 0 0 0 0 0 0 0 0 0 0 0 0 0 0 0 0 0 0 0 0 0 0 0 0 0 0 0 0 0 0 0 0 0 0 0 0 0 0 0 0 0 0 0 0 0 0 0 0 0 0 0 0 0 0 0 0 0 0 0 0 0 0 0 0 0 0 0 0 0 0 0 0 0 0 0 0 0 0 0 0 0 0 0 0 0 0 0 0 0 0 0 0 0 0 0 0 0 0 0 0 0 0 0 0 0 0 0 0 0 0 0 0 0 0 0 0 0 0 0 0 0 0 0 0 0 0 0 0 0 0 0 0 0 0 0 0 0 0 0 0 61 62 64 67 70 74 72 
0 0 0 0 0 0 0 0 0 0 0 0 0 0 0 0 0 0 0 0 0 0 0 0 0 0 0 0 0 0 0 0 0 0 0 0 0 0 0 0 0 0 0 0 0 0 0 0 0 0 0 0 0 0 0 0 0 0 0 0 0 0 0 0 0 0 0 0 0 0 0 0 0 0 0 0 0 0 0 0 0 0 0 0 0 0 0 0 0 0 0 0 0 0 0 0 0 0 0 0 0 0 0 0 0 0 0 0 0 0 0 0 0 0 0 0 0 0 0 0 0 0 0 0 0 0 0 0 0 0 0 0 0 0 0 0 0 0 0 0 0 0 0 0 0 0 0 0 0 0 0 0 0 0 0 0 0 0 0 0 0 0 0 0 0 0 0 0 0 0 63 65 67 69 73 85 
0 0 0 0 0 0 0 0 0 0 0 0 0 0 0 0 0 0 0 0 0 0 0 0 0 0 0 0 0 0 0 0 0 0 0 0 0 0 0 0 0 0 0 0 0 0 0 0 0 0 0 0 0 0 0 0 0 0 0 0 0 0 0 0 0 0 0 0 0 0 0 0 0 0 0 0 0 0 0 0 0 0 0 0 0 0 0 0 0 0 0 0 0 0 0 0 0 0 0 0 0 0 0 0 0 0 0 0 0 0 0 0 0 0 0 0 0 0 0 0 0 0 0 0 0 0 0 0 0 0 0 0 0 0 0 0 0 0 0 0 0 0 0 0 0 0 0 0 0 0 0 0 0 0 0 0 0 0 0 0 0 0 0 0 0 0 0 0 0 0 62 64 66 68 70 73 
0 0 0 0 0 0 0 0 0 0 0 0 0 0 0 0 0 0 0 0 0 0 0 0 0 0 0 0 0 0 0 0 0 0 0 0 0 0 0 0 0 0 0 0 0 0 0 0 0 0 0 0 0 0 0 0 0 0 0 0 0 0 0 0 0 0 0 0 0 0 0 0 0 0 0 0 0 0 0 0 0 0 0 0 0 0 0 0 0 0 0 0 0 0 0 0 0 0 0 0 0 0 0 0 0 0 0 0 0 0 0 0 0 0 0 0 0 0 0 0 0 0 0 0 0 0 0 0 0 0 0 0 0 0 0 0 0 0 0 0 0 0 0 0 0 0 0 0 0 0 0 0 0 0 0 0 0 0 0 0 0 0 0 0 0 0 0 0 0 0 0 63 65 68 63 73 
0 0 0 0 0 0 0 0 0 0 0 0 0 0 0 0 0 0 0 0 0 0 0 0 0 0 0 0 0 0 0 0 0 0 0 0 0 0 0 0 0 0 0 0 0 0 0 0 0 0 0 0 0 0 0 0 0 0 0 0 0 0 0 0 0 0 0 0 0 0 0 0 0 0 0 0 0 0 0 0 0 0 0 0 0 0 0 0 0 0 0 0 0 0 0 0 0 0 0 0 0 0 0 0 0 0 0 0 0 0 0 0 0 0 0 0 0 0 0 0 0 0 0 0 0 0 0 0 0 0 0 0 0 0 0 0 0 0 0 0 0 0 0 0 0 0 0 0 0 0 0 0 0 0 0 0 0 0 0 0 0 0 0 0 0 0 0 0 0 0 0 0 64 66 0 61 
0 0 0 0 0 0 0 0 0 0 0 0 0 0 0 0 0 0 0 0 0 0 0 0 0 0 0 0 0 0 0 0 0 0 0 0 0 0 0 0 0 0 0 0 0 0 0 0 0 0 0 0 0 0 0 0 0 0 0 0 0 0 0 0 0 0 0 0 0 0 0 0 0 0 0 0 0 0 0 0 0 0 0 0 0 0 0 0 0 0 0 0 0 0 0 0 0 0 0 0 0 0 0 0 0 0 0 0 0 0 0 0 0 0 0 0 0 0 0 0 0 0 0 0 0 0 0 0 0 0 0 0 0 0 0 0 0 0 0 0 0 0 0 0 0 0 0 0 0 0 0 0 0 0 0 0 0 0 0 0 0 0 0 0 0 0 0 0 0 0 0 0 0 65 0 0 
0 0 0 0 0 0 0 0 0 0 0 0 0 0 0 0 0 0 0 0 0 0 0 0 0 0 0 0 0 0 0 0 0 0 0 0 0 0 0 0 0 0 0 0 0 0 0 0 0 0 0 0 0 0 0 0 0 0 0 0 0 0 0 0 0 0 0 0 0 0 0 0 0 0 0 0 0 0 0 0 0 0 0 0 0 0 0 0 0 0 0 0 0 0 0 0 0 0 0 0 0 0 0 0 0 0 0 0 0 0 0 0 0 0 0 0 0 0 0 0 0 0 0 0 0 0 0 0 0 0 0 0 0 0 0 0 0 0 0 0 0 0 0 0 0 0 0 0 0 0 0 0 0 0 0 0 0 0 0 0 0 0 0 0 0 0 0 0 0 0 0 0 0 0 0 0 
0 0 0 0 0 0 0 0 0 0 0 0 0 0 0 0 0 0 0 0 0 0 0 0 0 0 0 0 0 0 0 0 0 0 0 0 0 0 0 0 0 0 0 0 0 0 0 0 0 0 0 0 0 0 0 0 0 0 0 0 0 0 0 0 0 0 0 0 0 0 0 0 0 0 0 0 0 0 0 0 0 0 0 0 0 0 0 0 0 0 0 0 0 0 0 0 0 0 0 0 0 0 0 0 0 0 0 0 0 0 0 0 0 0 0 0 0 0 0 0 0 0 0 0 0 0 0 0 0 0 0 0 0 0 0 0 0 0 0 0 0 0 0 0 0 0 0 0 0 0 0 0 0 0 0 0 0 0 0 0 0 0 0 0 0 0 0 0 0 0 0 0 0 0 0 0 
0 0 0 0 0 0 0 0 0 0 0 0 0 0 0 0 0 0 0 0 0 0 0 0 0 0 0 0 0 0 0 0 0 0 0 0 0 0 0 0 0 0 0 0 0 0 0 0 0 0 0 0 0 0 0 0 0 0 0 0 0 0 0 0 0 0 0 0 0 0 0 0 0 0 0 0 0 0 0 0 0 0 0 0 0 0 0 0 0 0 0 0 0 0 0 0 0 0 0 0 0 0 0 0 0 0 0 0 0 0 0 0 0 0 0 0 0 0 0 0 0 0 0 0 0 0 0 0 0 0 0 0 0 0 0 0 0 0 0 0 0 0 0 0 0 0 0 0 0 0 0 0 0 0 0 0 0 0 0 0 0 0 0 0 0 0 0 0 0 0 0 0 0 0 0 0 
0 0 0 0 0 0 0 0 0 0 0 0 0 0 0 0 0 0 0 0 0 0 0 0 0 0 0 0 0 0 0 0 0 0 0 0 0 0 0 0 0 0 0 0 0 0 0 0 0 0 0 0 0 0 0 0 0 0 0 0 0 0 0 0 0 0 0 0 0 0 0 0 0 0 0 0 0 0 0 0 0 0 0 0 0 0 0 0 0 0 0 0 0 0 0 0 0 0 0 0 0 0 0 0 0 0 0 0 0 0 0 0 0 0 0 0 0 0 0 0 0 0 0 0 0 0 0 0 0 0 0 0 0 0 0 0 0 0 0 0 0 0 0 0 0 0 0 0 0 0 0 0 0 0 0 0 0 0 0 0 0 0 0 0 0 0 0 0 0 0 0 0 0 0 0 0 
0 0 0 0 0 0 0 0 0 0 0 0 0 0 0 0 0 0 0 0 0 0 0 0 0 0 0 0 0 0 0 0 0 0 0 0 0 0 0 0 0 0 0 0 0 0 0 0 0 0 0 0 0 0 0 0 0 0 0 0 0 0 0 0 0 0 0 0 0 0 0 0 0 0 0 0 0 0 0 0 0 0 0 0 0 0 0 0 0 0 0 0 0 0 0 0 0 0 0 0 0 0 0 0 0 0 0 0 0 0 0 0 0 0 0 0 0 0 0 0 0 0 0 0 0 0 0 0 0 0 0 0 0 0 0 0 0 0 0 0 0 0 0 0 0 0 0 0 0 0 0 0 0 0 0 0 0 0 0 0 0 0 0 0 0 0 0 0 0 0 0 0 0 0 0 0 
0 0 0 0 0 0 0 0 0 0 0 0 0 0 0 0 0 0 0 0 0 0 0 0 0 0 0 0 0 0 0 0 0 0 0 0 0 0 0 0 0 0 0 0 0 0 0 0 0 0 0 0 0 0 0 0 0 0 0 0 0 0 0 0 0 0 0 0 0 0 0 0 0 0 0 0 0 0 0 0 0 0 0 0 0 0 0 0 0 0 0 0 0 0 0 0 0 0 0 0 0 0 0 0 0 0 0 0 0 0 0 0 0 0 0 0 0 0 0 0 0 0 0 0 0 0 0 0 0 0 0 0 0 0 0 0 0 0 0 0 0 0 0 0 0 0 0 0 0 0 0 0 0 0 0 0 0 0 0 0 0 0 0 0 0 0 0 0 0 0 0 0 0 0 0 0 
0 0 0 0 0 0 0 0 0 0 0 0 0 0 0 0 0 0 0 0 0 0 0 0 0 0 0 0 0 0 0 0 0 0 0 0 0 0 0 0 0 0 0 0 0 0 0 0 0 0 0 0 0 0 0 0 0 0 0 0 0 0 0 0 0 0 0 0 0 0 0 0 0 0 0 0 0 0 0 0 0 0 0 0 0 0 0 0 0 0 0 0 0 0 0 0 0 0 0 0 0 0 0 0 0 0 0 0 0 0 0 0 0 0 0 0 0 0 0 0 0 0 0 0 0 0 0 0 0 0 0 0 0 0 0 0 0 0 0 0 0 0 0 0 0 0 0 0 0 0 0 0 0 0 0 0 0 0 0 0 0 0 0 0 0 0 0 0 0 0 0 0 0 0 0 0 
0 0 0 0 0 0 0 0 0 0 0 0 0 0 0 0 0 0 0 0 0 0 0 0 0 0 0 0 0 0 0 0 0 0 0 0 0 0 0 0 0 0 0 0 0 0 0 0 0 0 0 0 0 0 0 0 0 0 0 0 0 0 0 0 0 0 0 0 0 0 0 0 0 0 0 0 0 0 0 0 0 0 0 0 0 0 0 0 0 0 0 0 0 0 0 0 0 0 0 0 0 0 0 0 0 0 0 0 0 0 0 0 0 0 0 0 0 0 0 0 0 0 0 0 0 0 0 0 0 0 0 0 0 0 0 0 0 0 0 0 0 0 0 0 0 0 0 0 0 0 0 0 0 0 0 0 0 0 0 0 0 0 0 0 0 0 0 0 0 0 0 0 0 0 0 0 
0 0 0 0 0 0 0 0 0 0 0 0 0 0 0 0 0 0 0 0 0 0 0 0 0 0 0 0 0 0 0 0 0 0 0 0 0 0 0 0 0 0 0 0 0 0 0 0 0 0 0 0 0 0 0 0 0 0 0 0 0 0 0 0 0 0 0 0 0 0 0 0 0 0 0 0 0 0 0 0 0 0 0 0 0 0 0 0 0 0 0 0 0 0 0 0 0 0 0 0 0 0 0 0 0 0 0 0 0 0 0 0 0 0 0 0 0 0 0 0 0 0 0 0 0 0 0 0 0 0 0 0 0 0 0 0 0 0 0 0 0 0 0 0 0 0 0 0 0 0 0 0 0 0 0 0 0 0 0 0 0 0 0 0 0 0 0 0 0 0 0 0 0 0 0 0 
0 0 0 0 0 0 0 0 0 0 0 0 0 0 0 0 0 0 0 0 0 0 0 0 0 0 0 0 0 0 0 0 0 0 0 0 0 0 0 0 0 0 0 0 0 0 0 0 0 0 0 0 0 0 0 0 0 0 0 0 0 0 0 0 0 0 0 0 0 0 0 0 0 0 0 0 0 0 0 0 0 0 0 0 0 0 0 0 0 0 0 0 0 0 0 0 0 0 0 0 0 0 0 0 0 0 0 0 0 0 0 0 0 0 0 0 0 0 0 0 0 0 0 0 0 0 0 0 0 0 0 0 0 0 0 0 0 0 0 0 0 0 0 0 0 0 0 0 0 0 0 0 0 0 0 0 0 0 0 0 0 0 0 0 0 0 0 0 0 0 0 0 0 0 0 73 
0 0 0 0 0 0 0 0 0 0 0 0 0 0 0 0 0 0 0 0 0 0 0 0 0 0 0 0 0 0 0 0 0 0 0 0 0 0 0 0 0 0 0 0 0 0 0 0 0 0 0 0 0 0 0 0 0 0 0 0 0 0 0 0 0 0 0 0 0 0 0 0 0 0 0 0 0 0 0 0 0 0 0 0 0 0 0 0 0 0 0 0 0 0 0 0 0 0 0 0 0 0 0 0 0 0 0 0 0 0 0 0 0 0 0 0 0 0 0 0 0 0 0 0 0 0 0 0 0 0 0 0 0 0 0 0 0 0 0 0 0 0 0 0 0 0 0 0 0 0 0 0 0 0 0 0 0 0 0 0 0 0 0 0 0 0 0 0 0 0 0 0 0 0 0 77 
0 0 0 0 0 0 0 0 0 0 0 0 0 0 0 0 0 0 0 0 0 0 0 0 0 0 0 0 0 0 0 0 0 0 0 0 0 0 0 0 0 0 0 0 0 0 0 0 0 0 0 0 0 0 0 0 0 0 0 0 0 0 0 0 0 0 0 0 0 0 0 0 0 0 0 0 0 0 0 0 0 0 0 0 0 0 0 0 0 0 0 0 0 0 0 0 0 0 0 0 0 0 0 0 0 0 0 0 0 0 0 0 0 0 0 0 0 0 0 0 0 0 0 0 0 0 0 0 0 0 0 0 0 0 0 0 0 0 0 0 0 0 0 0 0 0 0 0 0 0 0 0 0 0 0 0 0 0 0 0 0 0 0 0 0 0 0 0 0 0 0 0 0 0 0 0 
0 0 0 0 0 0 0 0 0 0 0 0 0 0 0 0 0 0 0 0 0 0 0 0 0 0 0 0 0 0 0 0 0 0 0 0 0 0 0 0 0 0 0 0 0 0 0 0 0 0 0 0 0 0 0 0 0 0 0 0 0 0 0 0 0 0 0 0 0 0 0 0 0 0 0 0 0 0 0 0 0 0 0 0 0 0 0 0 0 0 0 0 0 0 0 0 0 0 0 0 0 0 0 0 0 0 0 0 0 0 0 0 0 0 0 0 0 0 0 0 0 0 0 0 0 0 0 0 0 0 0 0 0 0 0 0 0 0 0 0 0 0 0 0 0 0 0 0 0 0 0 0 0 0 0 0 0 0 0 0 0 0 0 0 0 0 0 0 0 0 0 0 0 0 0 0 
0 0 0 0 0 0 0 0 0 0 0 0 0 0 0 0 0 0 0 0 0 0 0 0 0 0 0 0 0 0 0 0 0 0 0 0 0 0 0 0 0 0 0 0 0 0 0 0 0 0 0 0 0 0 0 0 0 0 0 0 0 0 0 0 0 0 0 0 0 0 0 0 0 0 0 0 0 0 0 0 0 0 0 0 0 0 0 0 0 0 0 0 0 0 0 0 0 0 0 0 0 0 0 0 0 0 0 0 0 0 0 0 0 0 0 0 0 0 0 0 0 0 0 0 0 0 0 0 0 0 0 0 0 0 0 0 0 0 0 0 0 0 0 0 0 0 0 0 0 0 0 0 0 0 0 0 0 0 0 0 0 0 0 0 0 0 0 0 0 0 0 0 0 0 0 0 
0 0 0 0 0 0 0 0 0 0 0 0 0 0 0 0 0 0 0 0 0 0 0 0 0 0 0 0 0 0 0 0 0 0 0 0 0 0 0 0 0 0 0 0 0 0 0 0 0 0 0 0 0 0 0 0 0 0 0 0 0 0 0 0 0 0 0 0 0 0 0 0 0 0 0 0 0 0 0 0 0 0 0 0 0 0 0 0 0 0 0 0 0 0 0 0 0 0 0 0 0 0 0 0 0 0 0 0 0 0 0 0 0 0 0 0 0 0 0 0 0 0 0 0 0 0 0 0 0 0 0 0 0 0 0 0 0 0 0 0 0 0 0 0 0 0 0 0 0 0 0 0 0 0 0 0 0 0 0 0 0 0 0 0 0 0 0 0 0 0 0 0 0 0 0 0 
0 0 0 0 0 0 0 0 0 0 0 0 0 0 0 0 0 0 0 0 0 0 0 0 0 0 0 0 0 0 0 0 0 0 0 0 0 0 0 0 0 0 0 0 0 0 0 0 0 0 0 0 0 0 0 0 0 0 0 0 0 0 0 0 0 0 0 0 0 0 0 0 0 0 0 0 0 0 0 0 0 0 0 0 0 0 0 0 0 0 0 0 0 0 0 0 0 0 0 0 0 0 0 0 0 0 0 0 0 0 0 0 0 0 0 0 0 0 0 0 0 0 0 0 0 0 0 0 0 0 0 0 0 0 0 0 0 0 0 0 0 0 0 0 0 0 0 0 0 0 0 0 0 0 0 0 0 0 0 0 0 0 0 0 0 0 0 0 0 0 0 0 0 0 0 0 
0 0 0 0 0 0 0 0 0 0 0 0 0 0 0 0 0 0 0 0 0 0 0 0 0 0 0 0 0 0 0 0 0 0 0 0 0 0 0 0 0 0 0 0 0 0 0 0 0 0 0 0 0 0 0 0 0 0 0 0 0 0 0 0 0 0 0 0 0 0 0 0 0 0 0 0 0 0 0 0 0 0 0 0 0 0 0 0 0 0 0 0 0 0 0 0 0 0 0 0 0 0 0 0 0 0 0 0 0 0 0 0 0 0 0 0 0 0 0 0 0 0 0 0 0 0 0 0 0 0 0 0 0 0 0 0 0 0 0 0 0 0 0 0 0 0 0 0 0 0 0 0 0 0 0 0 0 0 0 0 0 0 0 0 0 0 0 0 0 0 0 0 0 0 0 0 
0 0 0 0 0 0 0 0 0 0 0 0 0 0 0 0 0 0 0 0 0 0 0 0 0 0 0 0 0 0 0 0 0 0 0 0 0 0 0 0 0 0 0 0 0 0 0 0 0 0 0 0 0 0 0 0 0 0 0 0 0 0 0 0 0 0 0 0 0 0 0 0 0 0 0 0 0 0 0 0 0 0 0 0 0 0 0 0 0 0 0 0 0 0 0 0 0 0 0 0 0 0 0 0 0 0 0 0 0 0 0 0 0 0 0 0 0 0 0 0 0 0 0 0 0 0 0 0 0 0 0 0 0 0 0 0 0 0 0 0 0 0 0 0 0 0 0 0 0 0 0 0 0 0 0 0 0 0 0 0 0 0 0 0 0 0 0 0 0 0 0 0 0 0 0 0 
0 0 0 0 0 0 0 0 0 0 0 0 0 0 0 0 0 0 0 0 0 0 0 0 0 0 0 0 0 0 0 0 0 0 0 0 0 0 0 0 0 0 0 0 0 0 0 0 0 0 0 0 0 0 0 0 0 0 0 0 0 0 0 0 0 0 0 0 0 0 0 0 0 0 0 0 0 0 0 0 0 0 0 0 0 0 0 0 0 0 0 0 0 0 0 0 0 0 0 0 0 0 0 0 0 0 0 0 0 0 0 0 0 0 0 0 0 0 0 0 0 0 0 0 0 0 0 0 0 0 0 0 0 0 0 0 0 0 0 0 0 0 0 0 0 0 0 0 0 0 0 0 0 0 0 0 0 0 0 0 0 0 0 0 0 0 0 0 0 0 0 0 0 0 0 0 
0 0 0 0 0 0 0 0 0 0 0 0 0 0 0 0 0 0 0 0 0 0 0 0 0 0 0 0 0 0 0 0 0 0 0 0 0 0 0 0 0 0 0 0 0 0 0 0 0 0 0 0 0 0 0 0 0 0 0 0 0 0 0 0 0 0 0 0 0 0 0 0 0 0 0 0 0 0 0 0 0 0 0 0 0 0 0 0 0 0 0 0 0 0 0 0 0 0 0 0 0 0 0 0 0 0 0 0 0 0 0 0 0 0 0 0 0 0 0 0 0 0 0 0 0 0 0 0 0 0 0 0 0 0 0 0 0 0 0 0 0 0 0 0 0 0 0 0 0 0 0 0 0 0 0 0 0 0 0 0 0 0 0 0 0 0 0 0 0 0 0 0 0 0 0 0 
0 0 0 0 0 0 0 0 0 0 0 0 0 0 0 0 0 0 0 0 0 0 0 0 0 0 0 0 0 0 0 0 0 0 0 0 0 0 0 0 0 0 0 0 0 0 0 0 0 0 0 0 0 0 0 0 0 0 0 0 0 0 0 0 0 0 0 0 0 0 0 0 0 0 0 0 0 0 0 0 0 0 0 0 0 0 0 0 0 0 0 0 0 0 0 0 0 0 0 0 0 0 0 0 0 0 0 0 0 0 0 0 0 0 0 0 0 0 0 0 0 0 0 0 0 0 0 0 0 0 0 0 0 0 0 0 0 0 0 0 0 0 0 0 0 0 0 0 0 0 0 0 0 0 0 0 0 0 0 0 0 0 0 0 0 0 0 0 0 0 0 0 0 0 0 0 
0 0 0 0 0 0 0 0 0 0 0 0 0 0 0 0 0 0 0 0 0 0 0 0 0 0 0 0 0 0 0 0 0 0 0 0 0 0 0 0 0 0 0 0 0 0 0 0 0 0 0 0 0 0 0 0 0 0 0 0 0 0 0 0 0 0 0 0 0 0 0 0 0 0 0 0 0 0 0 0 0 0 0 0 0 0 0 0 0 0 0 0 0 0 0 0 0 0 0 0 0 0 0 0 0 0 0 0 0 0 0 0 0 0 0 0 0 0 0 0 0 0 0 0 0 0 0 0 0 0 0 0 0 0 0 0 0 0 0 0 0 0 0 0 0 0 0 0 0 0 0 0 0 0 0 0 0 0 0 0 0 0 0 0 0 0 0 0 0 0 0 0 0 0 0 0 
0 0 0 0 0 0 0 0 0 0 0 0 0 0 0 0 0 0 0 0 0 0 0 0 0 0 0 0 0 0 0 0 0 0 0 0 0 0 0 0 0 0 0 0 0 0 0 0 0 0 0 0 0 0 0 0 0 0 0 0 0 0 0 0 0 0 0 0 0 0 0 0 0 0 0 0 0 0 0 0 0 0 0 0 0 0 0 0 0 0 0 0 0 0 0 0 0 0 0 0 0 0 0 0 0 0 0 0 0 0 0 0 0 0 0 0 0 0 0 0 0 0 0 0 0 0 0 0 0 0 0 0 0 0 0 0 0 0 0 0 0 0 0 0 0 0 0 0 0 0 0 0 0 0 0 0 0 0 0 0 0 0 0 0 0 0 0 0 0 0 0 0 0 0 0 0 
0 0 0 0 0 0 0 0 0 0 0 0 0 0 0 0 0 0 0 0 0 0 0 0 0 0 0 0 0 0 0 0 0 0 0 0 0 0 0 0 0 0 0 0 0 0 0 0 0 0 0 0 0 0 0 0 0 0 0 0 0 0 0 0 0 0 0 0 0 0 0 0 0 0 0 0 0 0 0 0 0 0 0 0 0 0 0 0 0 0 0 0 0 0 0 0 0 0 0 0 0 0 0 0 0 0 0 0 0 0 0 0 0 0 0 0 0 0 0 0 0 0 0 0 0 0 0 0 0 0 0 0 0 0 0 0 0 0 0 0 0 0 0 0 0 0 0 0 0 0 0 0 0 0 0 0 0 0 0 0 0 0 0 0 0 0 0 0 0 0 0 0 0 0 0 0 
