90 90 86 84 97 96 89 94 93 93 83 78 80 86 86 86 83 71 80 80 76 77 76 78 88 79 84 88 83 89 83 84 90 73 83 86 73 73 75 84 81 85 81 76 76 82 82 83 80 83 82 84 81 76 82 76 81 82 78 81 79 80 71 64 74 83 84 74 80 78 83 79 83 77 82 80 79 81 78 81 80 78 80 82 85 87 83 81 67 68 81 80 83 83 80 81 81 75 84 78 81 76 79 82 79 82 84 82 80 85 85 82 86 83 65 76 82 85 84 90 91 88 86 84 87 94 91 88 92 88 92 90 93 88 93 93 96 94 95 82 90 91 101 96 96 96 97 98 100 103 98 103 103 110 108 112 112 110 107 87 86 75 88 85 89 84 88 81 79 86 88 88 93 100 101 108 
96 88 89 85 87 84 85 92 83 87 81 78 73 77 82 75 77 76 90 80 81 83 86 85 88 85 83 83 83 84 84 84 83 85 85 82 80 72 72 75 82 78 84 80 82 79 80 79 76 81 76 80 79 72 79 82 74 81 78 80 79 79 77 66 72 78 81 83 83 82 80 82 76 81 77 79 80 79 79 79 79 78 83 80 80 84 84 80 69 71 72 82 83 80 80 84 82 83 79 79 82 82 79 79 78 83 85 84 81 79 80 86 83 75 68 75 87 87 87 88 85 86 88 87 86 91 88 92 85 93 92 90 96 91 95 95 92 88 86 82 91 94 96 94 102 101 98 97 101 106 100 99 109 105 112 108 112 105 90 79 82 84 78 78 76 79 79 78 79 83 86 86 91 99 101 98 
82 89 85 84 84 84 85 84 83 83 81 81 81 80 79 79 79 79 79 81 82 81 82 82 82 82 83 83 83 82 82 81 81 81 81 80 79 77 76 75 75 76 76 77 77 77 77 77 77 78 78 77 77 78 77 77 77 77 77 77 77 76 74 73 74 74 76 78 79 79 78 79 78 79 78 78 78 79 78 78 78 79 79 80 80 81 79 77 76 75 76 77 79 80 80 80 80 79 78 79 79 79 79 79 80 80 80 81 82 82 82 81 78 77 77 77 79 83 84 85 85 85 85 86 87 88 88 89 89 89 90 90 91 92 92 91 90 89 88 88 90 92 94 95 96 96 97 98 98 100 101 103 104 105 103 100 96 91 86 83 81 79 79 78 78 79 78 79 81 82 85 88 91 95 96 100 
82 76 83 82 82 82 82 82 82 82 81 81 81 79 78 78 78 78 79 80 81 81 81 82 81 81 81 81 81 80 79 80 80 79 80 79 78 77 76 74 74 74 75 75 76 76 76 76 76 76 76 75 75 75 75 75 75 75 75 76 76 76 74 73 74 74 75 77 78 78 78 79 78 79 79 80 80 80 80 81 81 81 81 82 82 83 82 80 79 79 79 80 81 83 82 82 82 82 81 81 82 82 82 82 83 83 83 84 84 84 84 82 80 79 79 80 81 84 84 84 85 85 85 86 87 87 87 88 88 88 88 89 90 91 91 90 89 88 87 88 90 91 93 94 95 96 96 98 98 99 100 102 102 101 99 95 90 85 82 80 78 78 77 76 75 76 76 77 79 81 84 86 90 93 99 98 
82 78 81 81 81 81 81 79 80 80 80 80 81 80 78 77 77 77 77 79 79 80 79 80 79 80 79 79 79 78 78 78 78 78 78 78 77 76 75 73 72 72 72 73 73 74 74 74 74 74 74 74 75 75 76 76 76 76 77 77 78 79 78 77 78 78 79 81 82 82 82 83 83 84 84 84 85 85 85 85 86 86 86 87 87 87 87 85 85 84 85 85 86 87 87 87 87 87 86 86 87 87 87 88 88 88 88 89 89 90 89 88 86 86 85 85 87 88 88 89 89 89 89 90 90 90 90 90 89 89 90 90 90 91 90 90 88 88 88 89 90 91 92 93 93 94 95 96 96 98 99 100 99 97 93 88 84 81 78 78 77 76 76 75 74 75 74 75 78 80 82 85 88 93 90 102 
79 80 80 80 80 80 80 78 79 79 78 79 80 79 77 76 75 74 75 76 77 78 78 78 78 78 77 77 77 77 77 76 77 76 76 76 76 75 74 73 72 71 72 73 74 75 76 76 76 77 77 78 78 79 79 79 79 80 80 81 83 83 83 82 83 83 84 85 86 86 87 87 87 88 88 88 89 89 89 90 90 90 91 92 92 92 92 91 90 90 90 90 90 91 92 92 92 91 91 91 92 92 93 93 93 93 94 94 95 95 94 93 92 92 92 92 93 94 93 93 93 93 93 94 95 95 95 95 94 94 94 94 94 94 94 93 93 93 93 94 94 94 94 95 94 95 96 97 97 98 98 98 96 93 88 84 80 79 77 76 75 75 74 73 73 74 0 75 77 80 82 84 87 92 93 102 
81 75 79 79 80 79 79 78 78 78 77 78 78 77 76 75 73 73 72 73 74 75 75 76 76 76 75 75 75 76 76 76 76 76 76 76 77 77 77 76 75 75 76 77 78 80 80 80 80 81 81 81 82 83 83 83 83 84 84 85 86 87 88 88 88 88 89 89 90 90 91 91 91 92 92 93 93 93 94 94 95 95 96 96 96 96 96 96 95 95 95 95 95 96 97 97 97 96 96 96 96 97 97 98 98 98 99 99 99 99 99 98 97 97 97 97 98 99 98 98 98 98 98 98 99 99 99 99 99 98 98 99 98 98 97 97 98 98 98 99 100 99 98 99 99 100 100 101 101 102 101 99 95 91 86 81 78 77 76 75 74 73 72 72 72 0 0 72 75 77 80 82 86 91 99 105 
79 77 79 78 78 78 77 77 77 77 76 76 76 76 75 75 74 73 72 71 71 72 73 73 74 74 74 74 75 76 77 77 78 78 78 79 80 80 80 80 79 79 80 80 81 83 84 84 84 85 85 86 87 87 87 87 88 88 88 89 91 91 92 92 93 93 94 95 95 95 95 96 96 97 97 98 98 98 99 99 99 100 101 100 101 100 100 101 100 100 100 100 100 101 102 102 102 102 101 101 102 102 103 103 104 104 104 104 104 104 104 103 103 104 104 104 104 104 104 104 104 104 103 103 104 104 103 104 103 102 102 103 102 102 102 102 102 102 103 103 104 103 103 104 104 104 105 105 105 106 106 102 97 91 85 79 77 75 74 73 73 72 71 71 0 0 0 0 74 76 78 81 85 90 88 99 
80 79 77 77 77 76 76 75 75 74 74 73 73 73 73 73 73 72 71 71 71 72 74 74 76 77 77 77 78 79 80 80 81 81 81 81 83 83 83 83 83 83 84 85 85 86 87 88 88 89 89 90 91 92 92 92 93 92 93 94 95 95 96 96 97 97 97 98 98 98 98 99 99 100 100 100 101 101 101 101 101 101 102 102 103 103 102 102 102 102 102 102 102 103 103 103 104 104 103 103 104 104 104 105 105 105 105 105 106 106 106 106 106 107 107 107 108 108 108 108 108 108 107 107 108 108 108 108 108 107 107 107 107 107 106 106 107 107 108 108 108 108 107 108 107 108 109 109 110 111 111 106 99 92 85 78 75 74 73 71 71 70 70 0 0 0 0 0 73 75 77 80 84 89 96 102 
83 74 75 75 74 74 74 74 74 73 73 73 72 73 73 74 74 74 74 73 73 74 75 76 77 79 79 79 80 81 83 82 83 83 84 84 85 86 87 87 87 88 88 89 90 91 92 92 93 93 94 94 95 95 95 95 95 94 94 95 95 96 97 97 97 97 97 97 97 97 97 98 98 99 99 100 100 100 100 100 99 100 100 101 101 102 101 101 102 102 102 102 102 102 102 102 103 103 102 102 102 103 103 103 104 104 104 104 104 105 105 105 105 106 107 107 107 108 108 108 108 108 108 108 109 109 109 110 110 109 109 110 110 110 110 110 110 110 111 112 112 112 112 112 112 113 113 114 114 116 115 110 103 95 87 78 75 73 71 69 69 68 0 0 0 0 0 0 72 74 77 79 82 87 100 100 
69 72 73 73 72 72 73 74 74 74 74 74 74 74 75 76 76 77 77 76 76 77 78 78 80 81 82 82 83 84 85 85 86 86 87 87 89 89 90 90 91 91 92 92 93 93 93 93 94 94 94 94 95 95 95 95 95 94 94 94 95 95 96 96 96 96 96 96 96 96 96 96 96 97 98 99 99 100 99 99 99 99 99 100 100 100 99 99 99 100 100 100 100 101 100 100 100 101 100 100 101 101 101 101 102 102 102 102 102 102 103 103 104 105 105 105 105 106 106 106 107 108 107 107 108 108 108 108 108 108 109 109 109 109 109 109 110 110 111 112 112 113 113 113 114 115 116 116 117 119 119 114 107 98 87 78 74 71 69 68 66 0 0 0 0 0 0 0 70 73 75 77 81 86 93 100 
74 0 73 72 72 73 74 75 76 76 76 76 76 76 77 78 79 79 79 78 78 79 80 82 83 84 85 85 85 86 87 87 88 89 89 89 90 90 90 90 91 91 92 91 92 92 92 92 93 93 93 93 93 93 93 93 93 92 92 92 91 91 91 90 91 91 91 92 92 92 91 91 92 94 95 97 98 99 99 98 98 99 99 98 97 96 95 93 93 93 93 93 93 93 93 93 93 93 93 93 94 94 94 94 95 96 96 97 97 97 97 98 98 99 99 99 99 99 99 100 101 102 102 104 105 106 107 108 108 108 108 108 108 109 109 109 109 109 110 110 110 111 112 112 112 114 114 115 116 118 119 115 108 98 88 78 73 70 68 66 0 0 0 0 0 0 0 0 69 73 75 77 80 85 85 95 
77 72 74 74 74 75 75 77 77 77 77 77 78 79 79 80 81 81 81 81 82 83 84 85 86 87 86 87 86 86 87 88 88 89 89 89 89 89 89 89 90 89 90 89 89 89 88 87 88 88 87 87 87 87 86 85 86 87 88 89 90 90 90 89 89 90 90 90 90 91 90 89 90 92 93 95 98 98 99 98 98 99 99 96 96 94 92 90 91 91 92 91 91 91 90 90 90 91 91 92 92 92 92 92 93 94 94 95 96 96 96 96 97 97 97 97 97 97 96 98 99 100 99 100 101 102 103 106 107 107 108 108 108 109 109 108 108 109 109 109 109 110 110 110 110 111 111 113 114 116 117 114 107 99 90 79 72 69 67 0 0 0 0 0 0 0 0 0 68 72 74 76 78 83 90 90 
71 74 75 74 75 76 76 78 78 79 79 79 80 81 82 82 83 83 83 83 84 84 85 85 86 86 86 86 86 86 87 87 88 88 87 87 86 85 84 84 84 83 84 84 85 86 87 86 87 87 86 86 86 85 84 83 84 85 86 87 89 88 88 87 87 88 88 89 89 90 88 85 86 89 91 93 97 98 98 98 98 98 98 94 93 91 88 85 87 88 88 88 87 87 87 86 86 87 87 88 88 88 88 88 89 91 92 92 93 93 93 93 93 94 93 93 93 93 93 95 97 98 97 96 99 100 101 104 107 107 107 107 108 108 108 108 108 108 108 109 109 109 109 109 109 110 110 111 112 113 115 113 105 98 91 80 71 68 0 0 0 0 0 0 0 0 0 0 67 71 73 75 78 82 94 90 
79 82 76 77 77 78 79 80 80 81 81 81 82 82 82 83 83 82 83 83 83 84 84 85 85 85 84 85 85 85 86 87 87 86 86 85 84 83 83 82 82 80 81 81 83 84 86 84 85 85 84 84 83 82 81 80 80 82 83 84 86 85 84 83 83 85 85 86 86 87 84 79 82 86 89 91 96 98 98 97 98 98 98 93 91 87 83 78 81 81 81 80 80 80 79 79 79 80 80 81 81 81 82 82 83 85 86 87 88 88 87 87 88 89 88 88 88 87 87 89 92 93 92 90 94 97 100 103 107 107 107 107 108 108 108 108 108 108 107 108 108 108 108 108 108 108 108 109 110 111 113 112 104 99 92 82 70 0 0 0 0 0 0 0 0 0 0 0 68 70 72 74 77 80 82 95 
86 69 78 79 79 80 80 81 81 81 81 81 82 82 82 82 82 81 82 82 83 83 84 84 84 83 83 84 85 85 86 87 87 85 84 83 82 80 81 79 79 77 77 77 78 80 82 80 81 81 80 79 78 76 74 72 72 74 75 76 79 76 74 72 71 74 75 76 78 79 76 72 78 83 87 90 96 97 98 98 98 98 97 91 89 85 78 69 69 68 66 66 66 66 66 65 65 65 65 66 66 66 67 68 69 72 74 76 77 79 77 76 78 78 75 75 75 73 72 75 78 80 78 80 89 93 97 101 106 106 107 107 107 108 107 107 108 107 107 107 107 107 106 106 106 106 106 107 108 109 111 111 104 100 96 86 71 0 0 0 0 0 0 0 0 0 0 0 0 68 72 74 77 80 89 87 
79 81 79 79 80 79 80 80 80 80 80 80 80 80 80 81 81 80 81 81 82 82 83 83 83 83 83 84 85 85 86 87 86 84 82 81 78 76 77 75 73 70 70 68 69 70 72 69 69 69 69 68 67 66 62 58 56 0 0 0 0 0 0 0 0 0 0 0 0 0 0 67 78 84 88 90 96 97 97 97 97 97 97 91 90 87 81 68 0 0 0 0 0 0 0 0 0 0 0 0 0 0 0 0 0 0 0 0 0 0 0 0 0 0 0 0 0 0 0 0 0 0 0 71 85 91 94 98 105 105 106 106 107 107 107 107 108 107 106 107 106 106 106 106 105 105 104 105 105 107 109 110 103 102 99 89 73 0 0 0 0 0 0 0 0 0 0 0 0 68 72 74 77 79 81 93 
79 79 78 78 78 79 79 80 80 80 80 80 80 80 80 80 79 79 79 79 79 80 81 81 83 82 83 83 84 85 86 86 86 82 80 77 73 67 67 64 62 58 56 0 0 0 0 0 0 0 0 0 0 0 0 0 0 0 0 0 0 0 0 0 0 0 0 0 0 0 0 68 79 85 88 90 96 97 97 96 97 97 96 90 89 86 80 69 0 0 0 0 0 0 0 0 0 0 0 0 0 0 0 0 0 0 0 0 0 0 0 0 0 0 0 0 0 0 0 0 0 0 0 69 85 92 95 97 105 105 106 106 106 107 106 107 107 107 106 106 106 105 105 105 104 104 104 104 104 106 108 109 102 101 98 89 73 0 0 0 0 0 0 0 0 0 0 0 0 67 72 74 76 79 84 85 
78 74 78 79 79 78 78 79 79 79 80 80 80 80 80 79 78 77 76 75 77 78 79 80 82 82 82 83 83 85 85 86 85 80 79 77 72 61 0 0 0 0 0 0 0 0 0 0 0 0 0 0 0 0 0 0 0 0 0 0 0 0 0 0 0 0 0 0 0 0 0 73 82 86 89 91 96 97 97 96 96 96 96 90 89 86 81 70 0 0 0 0 0 0 0 0 0 0 0 0 0 0 0 0 0 0 0 0 0 0 0 0 0 0 0 0 0 0 0 0 0 0 0 71 85 92 95 97 104 105 105 105 106 106 106 106 106 106 106 105 105 105 105 104 104 104 103 103 104 105 107 108 102 101 99 91 75 0 0 0 0 0 0 0 0 0 0 0 0 66 70 72 75 78 82 92 
72 83 77 77 77 77 77 78 78 78 79 79 79 79 79 78 77 75 72 71 73 75 78 80 82 82 83 83 83 85 85 85 84 79 77 75 70 58 0 0 0 0 0 0 0 0 0 0 0 0 0 0 0 0 0 0 0 0 0 0 0 0 50 50 49 49 0 0 0 0 0 73 82 86 89 91 95 96 97 96 96 96 95 90 89 87 82 72 0 0 0 0 0 0 0 0 0 0 0 0 0 0 0 0 0 0 0 0 0 0 0 0 0 0 0 0 0 0 0 0 0 0 0 68 84 90 93 95 103 104 105 105 105 105 105 105 106 106 106 105 105 104 104 103 102 102 102 102 103 104 106 107 102 102 99 94 78 0 0 0 0 0 0 0 0 0 0 0 0 66 70 72 74 77 83 85 
75 82 76 76 76 76 77 77 78 78 78 78 78 78 78 77 76 74 71 68 71 73 77 79 82 82 83 83 83 84 84 84 84 80 77 75 69 57 0 0 0 0 0 0 0 0 0 0 0 0 0 0 0 0 0 0 0 0 0 0 0 52 53 52 50 50 49 45 0 0 0 74 83 87 90 91 95 96 96 95 95 96 95 90 89 86 81 69 0 0 0 0 0 0 0 0 0 0 0 0 0 0 0 0 0 0 0 0 0 0 0 0 0 0 0 0 0 0 0 0 0 0 0 69 84 91 93 96 103 104 104 104 104 104 104 105 105 105 105 105 105 105 105 104 103 103 103 103 103 104 105 106 101 101 99 94 79 0 0 0 0 0 0 0 0 0 0 0 0 0 68 71 73 76 76 90 
72 75 76 76 75 76 76 76 77 78 78 78 78 78 78 77 75 73 69 66 69 73 76 79 81 82 83 83 83 84 84 84 83 78 76 74 67 52 0 0 0 0 0 0 0 0 0 0 0 0 0 0 0 0 0 0 0 0 0 0 50 52 52 51 50 50 49 46 0 0 0 73 83 87 89 91 95 96 96 96 96 96 95 89 88 85 80 68 0 0 0 0 0 0 0 0 0 0 0 0 0 0 0 0 0 0 0 0 0 0 0 0 0 0 0 0 0 0 0 0 0 0 0 70 84 90 94 96 103 105 105 104 104 104 103 103 104 104 105 105 105 105 104 104 103 103 103 103 103 104 104 106 102 99 97 93 78 0 0 0 0 0 0 0 0 0 0 0 0 0 68 71 73 76 80 79 
79 78 75 75 74 75 75 75 76 77 77 77 77 77 77 76 75 72 69 68 71 73 76 79 81 82 83 83 83 84 84 84 83 78 77 74 67 0 0 0 0 0 0 0 0 0 0 0 0 0 0 0 0 0 0 0 0 0 0 0 50 52 52 51 50 50 49 46 0 0 0 72 82 87 89 91 96 96 96 96 96 96 95 90 88 85 79 67 0 0 0 0 0 0 0 0 0 0 0 0 0 0 0 0 0 0 0 0 0 0 0 0 0 0 0 0 0 0 0 0 0 0 0 70 83 90 93 95 102 104 104 104 104 104 103 103 104 104 104 104 105 105 104 104 103 103 103 103 103 103 104 105 102 98 96 92 78 0 0 0 0 0 0 0 0 0 0 0 0 0 68 71 73 76 83 84 
79 75 74 74 74 74 74 75 76 76 76 76 76 76 77 76 76 74 72 71 73 75 78 80 81 82 83 83 83 84 84 84 82 79 78 75 68 0 0 0 0 0 0 0 0 0 0 0 0 0 0 0 0 0 0 0 0 0 0 0 50 53 53 52 51 51 49 46 0 0 0 69 81 86 89 90 96 96 96 96 96 96 95 89 87 84 77 63 0 0 0 0 0 0 0 0 0 0 0 0 0 0 0 0 0 0 0 0 0 0 0 0 0 0 0 0 0 0 0 0 0 0 0 66 81 88 92 94 102 104 104 105 104 104 104 104 104 104 104 105 104 105 104 103 103 102 102 102 102 102 103 105 103 98 96 92 79 0 0 0 0 0 0 0 0 0 0 0 0 0 68 71 74 76 77 89 
76 73 73 73 73 74 74 75 75 75 75 76 76 76 76 76 76 76 76 75 77 77 79 80 81 81 82 83 83 83 84 84 82 80 79 77 69 0 0 0 0 0 0 0 0 0 0 0 0 0 0 0 0 0 0 0 0 0 0 0 0 54 54 52 51 51 48 46 0 0 0 69 81 87 89 90 96 96 96 96 96 96 95 88 86 82 76 60 0 0 0 0 0 0 0 0 0 0 0 0 0 0 0 0 0 0 0 0 0 0 0 0 0 0 0 0 0 0 0 0 0 0 0 65 79 87 91 94 102 104 104 104 105 104 103 104 103 103 104 104 104 104 104 103 103 103 102 102 102 102 103 105 104 97 96 92 80 61 0 0 0 0 0 0 0 0 0 0 0 0 68 71 74 76 80 83 
74 72 73 73 73 74 75 75 75 75 75 75 75 76 76 76 76 76 76 76 77 78 79 79 80 81 81 82 83 83 84 84 82 79 78 76 66 0 0 0 0 0 0 0 0 0 0 0 0 0 0 0 0 0 0 0 0 0 0 0 0 0 51 50 51 50 0 0 0 0 0 67 81 87 89 90 96 96 96 96 96 96 95 88 86 83 77 61 0 0 0 0 0 0 0 0 0 0 0 0 0 0 0 0 0 0 0 0 0 0 0 0 0 0 0 0 0 0 0 0 0 0 0 61 76 85 90 93 102 104 104 104 104 104 103 104 103 103 103 104 103 103 103 102 102 102 102 101 102 101 102 105 105 97 95 92 81 64 0 0 0 0 0 0 0 0 0 0 0 0 69 72 74 76 80 83 
70 65 72 72 73 73 74 75 75 75 75 75 75 76 76 77 77 77 78 78 78 78 79 79 80 80 81 81 83 83 84 84 82 80 79 77 69 0 0 0 0 0 0 0 0 0 0 0 0 0 0 0 0 0 0 0 0 0 0 0 0 0 0 0 0 0 0 0 0 0 0 67 81 86 88 90 95 96 96 96 96 96 95 88 86 82 76 60 0 0 0 0 0 0 0 0 0 0 0 0 0 0 0 0 0 0 0 0 0 0 0 0 0 0 0 0 0 0 0 0 0 0 0 57 74 84 89 92 101 104 104 104 104 104 104 104 104 104 103 104 103 103 102 102 102 101 101 100 100 100 102 105 105 98 97 93 83 65 0 0 0 0 0 0 0 0 0 0 0 0 68 71 73 75 79 77 
69 72 72 73 73 73 73 74 75 75 75 75 76 76 76 77 78 78 78 78 78 79 79 79 80 80 81 81 82 83 83 84 81 80 79 77 68 0 0 0 0 0 0 0 0 0 0 0 0 0 0 0 0 0 0 0 0 0 0 0 0 0 0 0 0 0 0 0 0 0 0 68 81 86 88 90 95 96 96 96 96 96 95 88 86 83 76 60 0 0 0 0 0 0 0 0 0 0 0 0 0 0 0 0 0 0 0 0 0 0 0 0 0 0 0 0 0 0 0 0 0 0 0 54 73 83 89 92 102 104 104 104 104 103 103 103 104 104 104 104 103 102 102 102 101 101 101 100 100 100 102 104 105 99 98 95 87 71 0 0 0 0 0 0 0 0 0 0 0 0 68 71 73 74 74 80 
74 70 72 73 73 73 73 74 74 74 75 76 76 76 77 77 77 78 78 78 78 79 79 79 80 80 81 81 83 83 83 84 81 80 78 76 66 0 0 0 0 0 0 0 0 0 0 0 0 0 0 0 0 0 0 0 0 0 0 0 0 0 0 0 0 0 0 0 0 0 0 68 81 86 88 90 95 96 96 96 96 96 95 88 86 83 76 61 0 0 0 0 0 0 0 0 0 0 0 0 0 0 0 0 0 0 0 0 0 0 0 0 0 0 0 0 0 0 0 0 0 0 0 52 71 82 88 91 101 104 104 104 104 103 103 103 103 103 104 103 103 102 102 102 102 101 101 101 100 100 102 104 106 100 99 96 89 73 0 0 0 0 0 0 0 0 0 0 0 0 67 70 72 73 71 73 
71 75 73 73 73 73 73 73 74 74 75 76 76 77 76 77 77 77 77 77 78 78 78 79 80 81 81 82 83 83 83 84 81 80 78 76 68 0 0 0 0 0 0 0 0 0 0 0 0 0 0 0 0 0 0 0 0 0 0 0 0 0 0 0 0 0 0 0 0 0 0 68 81 86 88 90 96 96 96 96 96 96 95 88 87 84 77 62 0 0 0 0 0 0 0 0 0 0 0 0 0 0 0 0 0 0 0 0 0 0 0 0 0 0 0 0 0 0 0 0 0 0 0 50 70 81 87 90 101 104 104 104 103 103 103 103 104 104 104 103 103 102 102 101 101 101 100 100 100 100 102 104 105 100 99 96 90 74 0 0 0 0 0 0 0 0 0 0 0 0 67 69 72 73 78 78 
72 75 72 73 73 72 72 72 73 74 75 76 77 77 77 77 77 77 77 77 78 78 79 80 80 81 81 82 83 83 83 83 80 79 78 75 68 0 0 0 0 0 0 0 0 0 0 0 0 0 0 0 0 0 0 0 0 0 0 0 0 0 0 0 0 0 0 0 0 0 0 68 82 86 89 90 96 96 96 96 96 96 95 88 86 83 76 60 0 0 0 0 0 0 0 0 0 0 0 0 0 0 0 0 0 0 0 0 0 0 0 0 0 0 0 0 0 0 0 0 0 0 0 49 70 82 88 91 101 104 104 104 104 104 104 103 104 104 104 104 103 102 102 101 101 101 101 100 100 100 102 104 105 100 100 97 92 75 0 0 0 0 0 0 0 0 0 0 0 0 0 68 71 72 79 76 
71 72 73 73 73 73 73 72 73 74 75 75 76 77 76 76 76 76 77 77 78 79 80 80 81 81 81 82 83 83 83 83 80 79 78 75 67 0 0 0 0 0 0 0 0 0 0 0 0 0 0 0 0 0 0 0 0 0 0 0 0 0 0 0 0 0 0 0 0 0 0 70 83 87 89 91 96 96 96 96 96 96 95 88 86 82 75 59 0 0 0 0 0 0 0 0 0 0 0 0 0 0 0 0 0 0 0 0 0 0 0 0 0 0 0 0 0 0 0 0 0 0 0 0 72 84 89 93 100 104 104 104 104 104 104 103 104 104 104 103 103 103 102 101 101 101 101 101 100 100 102 103 105 100 100 98 93 78 0 0 0 0 0 0 0 0 0 0 0 0 0 68 71 72 77 72 
72 70 73 73 73 73 73 73 73 74 74 75 76 76 76 76 76 76 77 78 79 80 80 81 81 81 81 82 82 83 83 83 79 79 77 74 64 0 0 0 0 0 0 0 0 0 0 0 0 0 0 0 0 0 0 0 0 0 0 0 0 0 0 0 0 0 0 0 0 0 0 71 83 88 90 91 96 96 96 96 96 96 95 88 86 82 75 59 0 0 0 0 0 0 0 0 0 0 0 0 0 0 0 0 0 0 0 0 0 0 0 0 0 0 0 0 0 0 0 0 0 0 0 0 70 82 88 92 99 103 104 104 104 104 104 103 103 104 103 103 103 102 102 102 102 102 101 101 101 100 102 103 105 101 101 99 95 79 0 0 0 0 0 0 0 0 0 0 0 0 0 68 71 72 73 73 
75 75 72 72 73 74 74 74 74 75 74 74 75 75 75 76 76 77 77 78 79 80 80 81 82 82 82 82 82 83 83 83 80 79 77 74 64 0 0 0 0 0 0 0 0 0 0 0 0 0 0 0 0 0 0 0 0 0 0 0 0 0 0 0 0 0 0 0 0 0 0 72 83 88 90 91 96 96 96 96 96 96 95 88 86 82 75 59 0 0 0 0 0 0 0 0 0 0 0 0 0 0 0 0 0 0 0 0 0 0 0 0 0 0 0 0 0 0 0 0 0 0 0 0 72 85 90 93 99 103 103 104 104 104 104 103 104 104 103 103 103 102 102 101 101 101 101 101 101 100 101 102 104 101 98 97 92 79 0 0 0 0 0 0 0 0 0 0 0 0 0 69 71 73 71 78 
71 72 72 72 72 73 73 73 74 74 74 74 75 75 76 76 77 77 78 78 79 80 80 81 82 82 82 82 83 83 83 83 79 78 76 72 61 0 0 0 0 0 0 0 0 0 0 0 0 0 0 0 0 0 0 0 0 0 0 0 0 0 0 0 0 0 0 0 0 0 0 73 83 88 90 91 96 96 96 96 96 96 95 87 85 81 74 57 0 0 0 0 0 0 0 0 0 0 0 0 0 0 0 0 0 0 0 0 0 0 0 0 0 0 0 0 0 0 0 0 0 0 0 0 75 88 93 95 99 103 103 103 104 104 103 103 103 103 103 103 103 103 102 102 102 102 101 101 101 100 101 102 104 101 97 96 91 78 0 0 0 0 0 0 0 0 0 0 0 0 0 69 71 72 71 74 
71 71 72 71 72 73 74 73 74 74 74 74 74 75 75 76 77 78 78 79 79 80 80 81 81 82 82 82 83 83 84 84 79 78 76 72 60 0 0 0 0 0 0 0 0 0 0 0 0 0 0 0 0 0 0 0 0 0 0 0 0 0 0 0 0 0 0 0 0 0 0 74 83 88 90 91 95 96 95 96 96 96 95 88 83 79 72 55 0 0 0 0 0 0 0 0 0 0 0 0 0 0 0 0 0 0 0 0 0 0 0 0 0 0 0 0 0 0 0 0 0 0 0 0 74 87 92 95 99 103 103 103 103 103 103 103 103 103 103 103 103 102 102 101 101 101 100 101 100 101 101 103 104 102 97 95 90 78 0 0 0 0 0 0 0 0 0 0 0 0 0 68 70 72 73 78 
69 71 71 71 71 72 73 73 73 73 73 74 74 74 75 75 76 77 78 79 79 80 80 80 81 81 82 82 82 83 83 83 78 77 75 70 58 0 0 0 0 0 0 0 0 0 0 0 0 0 0 0 0 0 0 0 0 0 0 0 0 0 0 0 0 0 0 0 0 0 0 75 84 88 90 91 96 96 96 96 96 96 95 88 82 77 69 53 0 0 0 0 0 0 0 0 0 0 0 0 0 0 0 0 0 0 0 0 0 0 0 0 0 0 0 0 0 0 0 0 0 0 0 0 73 86 91 94 98 103 103 103 103 103 103 103 103 103 103 103 103 102 102 102 101 101 100 101 100 101 101 103 104 103 96 94 89 78 58 0 0 0 0 0 0 0 0 0 0 0 0 66 69 71 76 74 
71 75 70 71 71 72 72 73 73 74 74 74 74 74 74 75 76 77 78 79 78 79 80 80 81 81 81 82 82 83 83 83 77 76 74 69 57 0 0 0 0 0 0 0 0 0 0 0 0 0 0 0 0 0 0 0 0 0 0 0 0 0 0 0 0 0 0 0 0 0 0 77 85 89 90 91 95 96 96 96 96 96 95 88 80 75 67 52 0 0 0 0 0 0 0 0 0 0 0 0 0 0 0 0 0 0 0 0 0 0 0 0 0 0 0 0 0 0 0 0 0 0 0 0 77 89 94 96 97 102 103 103 103 103 103 103 103 103 103 103 103 102 102 102 101 100 100 100 100 101 101 103 104 103 94 92 88 77 59 0 0 0 0 0 0 0 0 0 0 0 0 64 68 70 70 76 
65 68 70 70 71 71 72 72 73 73 74 74 74 74 74 75 75 77 78 79 78 79 79 80 80 81 81 82 82 83 83 82 76 75 72 67 54 0 0 0 0 0 0 0 0 0 0 0 0 0 0 0 0 0 0 0 0 0 0 0 0 0 0 0 0 0 0 0 0 0 0 77 85 89 90 91 95 96 96 96 96 96 95 88 78 73 65 50 41 0 0 0 0 0 0 0 0 0 0 0 0 0 0 0 0 0 0 0 0 0 0 0 0 0 0 0 0 0 0 0 0 0 0 0 76 88 93 95 97 102 103 103 103 103 103 103 104 103 103 103 103 102 102 102 101 101 100 100 100 100 101 102 104 103 95 93 89 78 59 0 0 0 0 0 0 0 0 0 0 0 0 64 68 70 71 73 
67 73 70 71 71 71 72 72 72 73 74 74 74 74 74 75 75 76 77 78 78 79 79 80 80 80 81 82 82 83 83 82 76 75 72 66 53 0 0 0 0 0 0 0 0 0 0 0 0 0 0 0 0 0 0 0 0 0 0 0 0 0 0 0 0 0 0 0 0 0 0 78 85 89 91 92 95 96 96 95 96 96 95 88 77 72 64 50 41 0 0 0 0 0 0 0 0 0 0 0 0 0 0 0 0 0 0 0 0 0 0 0 0 0 0 0 0 0 0 0 0 0 0 0 77 87 93 95 97 102 103 103 103 104 103 103 104 103 102 102 102 102 102 102 101 101 100 100 100 101 102 103 104 104 96 94 90 81 62 0 0 0 0 0 0 0 0 0 0 0 0 63 67 69 74 72 
67 65 70 71 71 71 71 72 72 73 74 74 74 74 74 74 75 76 77 78 79 80 80 80 81 81 81 82 83 83 83 81 77 75 73 66 0 0 0 0 0 0 0 0 0 0 0 0 0 0 0 0 0 0 0 0 0 0 0 0 0 0 39 39 39 0 0 0 0 0 0 78 86 89 91 92 95 96 96 96 96 96 95 88 77 72 64 50 40 0 0 0 0 0 0 0 0 0 0 0 0 0 0 0 0 0 0 0 0 0 0 0 0 0 0 0 0 0 0 0 0 0 0 0 75 87 92 95 96 102 103 103 103 104 103 104 104 103 102 102 102 102 102 102 101 101 100 99 100 100 101 102 104 103 96 94 91 82 64 0 0 0 0 0 0 0 0 0 0 0 0 63 67 69 68 77 
71 71 70 71 71 71 71 72 72 73 74 74 75 75 75 75 76 76 77 78 79 80 80 81 81 81 82 83 83 84 84 82 79 77 74 68 0 0 0 0 0 0 0 0 0 0 0 0 0 0 0 0 0 0 0 0 0 0 0 0 0 0 39 39 39 0 0 0 0 0 0 72 82 86 89 92 96 96 96 96 96 96 96 89 78 73 64 50 41 0 0 0 0 0 0 0 0 0 0 0 0 0 0 0 0 0 0 0 0 0 0 0 0 0 0 0 0 0 0 0 0 0 0 0 74 87 92 95 97 102 103 103 103 104 104 104 104 103 102 103 102 102 102 101 101 100 99 99 100 100 101 102 104 104 97 96 92 83 66 0 0 0 0 0 0 0 0 0 0 0 0 64 68 70 74 69 
71 69 70 70 71 71 71 72 72 73 74 74 74 74 75 75 76 77 77 78 79 80 81 81 81 82 82 83 84 85 85 83 81 79 77 71 0 0 0 0 0 0 0 0 0 0 0 0 0 0 0 0 0 0 0 0 0 0 0 0 0 0 39 39 39 39 0 0 0 0 0 69 79 84 87 93 96 97 97 96 96 97 96 89 78 73 65 51 41 0 0 0 0 0 0 0 0 0 0 0 0 0 0 0 0 0 0 0 0 0 0 0 0 0 0 0 0 0 0 0 0 0 0 0 73 87 93 95 97 103 103 103 103 104 103 103 104 103 102 103 102 102 101 101 101 100 99 100 100 100 100 102 104 104 97 96 93 85 66 0 0 0 0 0 0 0 0 0 0 0 0 64 68 69 67 74 
73 66 70 70 71 71 71 72 72 73 73 74 75 75 75 76 77 77 77 78 79 80 80 81 82 82 82 83 84 84 85 82 82 81 79 74 0 0 0 0 0 0 0 0 0 0 0 0 0 0 0 0 0 0 0 0 0 0 0 0 0 0 39 39 39 0 0 0 0 0 0 66 77 82 86 94 97 97 97 97 97 97 96 89 79 74 66 52 42 0 0 0 0 0 0 0 0 0 0 0 0 0 0 0 0 0 0 0 0 0 0 0 0 0 0 0 0 0 0 0 0 0 0 0 72 87 92 95 97 103 103 103 103 104 104 104 104 104 103 103 102 102 101 101 101 101 100 100 100 99 100 101 103 105 98 97 94 86 67 0 0 0 0 0 0 0 0 0 0 0 0 63 67 69 76 73 
70 71 70 70 71 71 71 72 72 73 73 74 75 75 76 76 77 77 78 78 79 80 80 81 82 82 82 83 84 84 85 82 82 81 79 74 0 0 0 0 0 0 0 0 0 0 0 0 0 0 0 0 0 0 0 0 0 0 0 0 0 0 0 39 39 39 39 0 0 0 39 63 74 80 84 94 97 98 98 98 98 98 97 90 79 74 66 53 42 0 0 0 0 0 0 0 0 0 0 0 0 0 0 0 0 0 0 0 0 0 0 0 0 0 0 0 0 0 0 0 0 0 0 0 70 86 92 95 96 103 103 103 103 104 104 103 104 104 103 103 102 102 101 101 100 100 99 100 99 99 100 101 104 105 99 98 95 87 68 0 0 0 0 0 0 0 0 0 0 0 0 0 68 69 71 71 
73 67 70 70 71 71 71 72 72 73 73 74 75 75 76 77 77 77 78 78 79 80 80 80 82 82 82 83 83 83 84 82 82 80 79 73 0 0 0 0 0 0 0 0 0 0 0 0 0 0 0 0 0 0 0 0 0 0 0 0 0 0 0 0 0 0 0 0 0 0 39 61 72 78 82 94 97 98 98 98 98 98 97 90 80 75 67 54 43 0 0 0 0 0 0 0 0 0 0 0 0 0 0 0 0 0 0 0 0 0 0 0 0 0 0 0 0 0 0 0 0 0 0 0 69 85 91 95 96 103 104 104 104 104 104 104 104 104 103 103 103 102 101 101 101 100 100 100 99 99 99 101 103 105 99 98 96 88 68 0 0 0 0 0 0 0 0 0 0 0 0 0 68 69 68 67 
72 69 70 70 71 72 71 72 73 73 73 74 75 75 75 76 76 77 78 78 78 79 80 80 81 82 82 82 83 83 83 81 81 79 78 71 0 0 0 0 0 0 0 0 0 0 0 0 0 0 0 0 0 0 0 0 0 0 0 0 0 0 0 0 0 0 40 40 0 0 39 62 73 79 83 95 97 97 98 98 98 99 98 91 80 76 68 55 45 0 0 0 0 0 0 0 0 0 0 0 0 0 0 0 0 0 0 0 0 0 0 0 0 0 0 0 0 0 0 0 0 0 0 0 68 84 91 94 96 103 104 104 104 104 104 104 104 104 103 103 102 102 101 101 100 100 100 100 99 99 99 100 103 105 99 98 96 89 68 0 0 0 0 0 0 0 0 0 0 0 0 0 67 68 70 66 
72 67 70 70 71 72 72 72 73 73 73 74 74 75 76 76 77 77 78 78 78 79 80 80 81 81 81 82 82 82 83 81 80 79 77 69 0 0 0 0 0 0 0 0 0 0 0 0 0 0 0 0 0 0 0 0 0 0 0 0 0 0 0 0 0 0 0 0 0 0 40 62 73 79 83 95 97 98 98 98 98 99 98 92 81 76 69 56 46 0 0 0 0 0 0 0 0 0 0 0 0 0 0 0 0 0 0 0 0 0 0 0 0 0 0 0 0 0 0 0 0 0 0 0 67 83 91 94 96 103 104 104 104 104 104 103 103 103 103 103 102 102 101 101 101 100 99 99 99 99 99 101 103 105 99 98 96 89 69 0 0 0 0 0 0 0 0 0 0 0 0 0 0 68 0 0 
71 68 70 70 71 72 71 72 73 73 73 74 74 75 75 76 77 77 77 78 78 79 80 80 81 81 81 81 82 82 83 81 80 79 76 69 0 0 0 0 0 0 0 0 0 0 0 0 0 0 0 0 0 0 0 0 0 0 0 0 39 39 39 38 40 0 39 39 0 0 41 63 73 80 83 95 97 98 98 98 98 99 98 92 81 75 68 55 46 0 0 0 0 0 0 0 0 0 0 0 0 0 0 0 0 0 0 0 0 0 0 0 0 0 0 0 0 0 0 0 0 0 0 0 66 82 90 93 95 103 104 104 104 104 103 103 103 103 103 103 103 102 101 101 100 99 99 99 99 99 100 101 103 105 99 98 97 91 71 0 0 0 0 0 0 0 0 0 0 0 0 0 0 0 0 0 
69 68 70 70 71 71 71 72 73 73 73 74 74 75 75 76 76 77 77 78 78 79 80 80 80 81 81 81 82 83 83 80 80 78 76 68 0 0 0 0 0 0 0 0 0 0 0 0 0 0 0 0 0 0 0 0 0 0 0 39 38 38 38 38 0 0 0 0 0 0 42 64 74 80 84 95 98 98 98 98 98 98 98 92 82 76 69 57 48 0 0 0 0 0 0 0 0 0 0 0 0 0 0 0 0 0 0 0 0 0 0 0 0 0 0 0 0 0 0 0 0 0 0 0 66 83 90 93 96 104 105 105 105 105 104 103 103 103 103 103 102 102 101 101 100 100 99 99 99 99 99 100 102 104 99 98 97 91 71 0 0 0 0 0 0 0 0 0 0 0 0 0 0 0 0 0 
70 66 69 70 71 71 71 72 73 73 73 74 74 75 75 75 76 76 77 78 78 79 79 79 80 81 81 81 82 83 83 80 79 78 75 67 0 0 0 0 0 0 0 0 0 0 0 0 0 0 0 0 0 0 0 0 0 0 0 39 38 38 38 38 39 0 0 0 0 0 43 64 75 80 84 95 98 98 99 98 98 99 98 92 83 77 70 58 49 0 0 0 0 0 0 0 0 0 0 0 0 0 0 0 0 0 0 0 0 0 0 0 0 0 0 0 0 0 0 0 0 0 0 0 65 82 89 93 95 104 105 105 105 105 104 103 103 103 102 102 102 101 101 100 100 100 99 99 99 99 100 101 102 104 99 98 96 91 72 0 0 0 0 0 0 0 0 0 0 0 0 0 0 0 0 0 
68 71 69 70 70 71 71 72 73 73 73 73 74 75 75 76 76 76 77 78 78 79 80 80 80 80 81 81 82 83 83 79 79 77 74 65 0 0 0 0 0 0 0 0 0 0 0 0 0 0 0 0 0 0 0 0 0 0 0 39 39 38 38 38 0 0 0 0 0 0 43 64 75 80 84 96 98 98 99 99 99 99 99 93 83 77 70 59 50 0 0 0 0 0 0 0 0 0 0 0 0 0 0 0 0 0 0 0 0 0 0 0 0 0 0 0 0 0 0 0 0 0 0 0 64 81 89 93 95 104 105 105 105 105 104 103 103 103 103 103 103 101 101 100 100 99 99 99 99 100 100 101 102 105 99 99 97 92 73 0 0 0 0 0 0 0 0 0 0 0 0 0 0 0 0 0 
64 71 69 70 71 71 71 72 73 73 74 74 75 75 75 75 76 76 77 77 78 79 79 79 80 81 81 82 82 82 83 79 79 77 75 66 0 0 0 0 0 0 0 0 0 0 0 0 0 0 0 0 0 0 0 0 0 0 0 38 38 38 38 38 0 0 0 0 0 0 42 64 75 81 84 96 98 98 98 99 99 99 99 93 84 78 72 60 51 0 0 0 0 0 0 0 0 0 0 0 0 0 0 0 0 0 0 0 0 0 0 0 0 0 0 0 0 0 0 0 0 0 0 0 62 80 88 92 95 103 105 105 105 105 104 103 103 103 103 103 102 101 101 100 99 100 100 100 99 100 100 100 102 104 99 99 98 93 75 0 0 0 0 0 0 0 0 0 0 0 0 0 0 0 0 0 
63 71 68 70 70 71 71 72 72 73 74 74 75 75 75 76 76 76 78 78 78 79 80 79 80 81 81 82 83 83 83 79 78 76 74 65 0 0 0 0 0 0 0 0 0 0 0 0 0 0 0 0 0 0 0 0 0 0 0 38 38 38 38 38 0 0 0 0 0 0 42 64 75 81 84 96 98 99 99 99 99 99 99 94 85 79 73 61 52 0 0 0 0 0 0 0 0 0 0 0 0 0 0 0 0 0 0 0 0 0 0 0 0 0 0 0 0 0 0 0 0 0 0 0 61 80 88 92 95 103 105 105 105 105 104 104 104 103 103 102 102 101 101 100 99 100 99 99 99 100 100 100 102 105 100 100 99 94 77 0 0 0 0 0 0 0 0 0 0 0 0 0 0 0 0 0 
68 70 68 69 70 71 72 72 73 73 74 75 75 75 76 76 76 76 78 78 78 79 80 79 80 81 81 82 83 82 82 79 77 75 73 64 0 0 0 0 0 0 0 0 0 0 0 0 0 0 0 0 0 0 0 0 0 0 0 38 38 38 38 38 0 0 0 0 0 0 42 65 76 81 85 96 98 99 99 100 100 100 100 95 86 79 72 61 51 0 0 0 0 0 0 0 0 0 0 0 0 0 0 0 0 0 0 0 0 0 0 0 0 0 0 0 0 0 0 0 0 0 0 0 57 76 85 89 94 103 104 104 104 104 104 104 104 104 103 102 102 101 101 100 99 99 99 99 99 100 100 101 103 105 101 100 99 95 79 0 0 0 0 0 0 0 0 0 0 0 0 0 0 0 0 0 
67 64 68 70 70 71 72 72 73 73 74 74 75 75 76 76 76 77 78 78 78 79 79 79 80 80 81 82 82 82 82 79 77 76 73 65 0 0 0 0 0 0 0 0 0 0 0 0 0 0 0 0 0 0 0 0 0 0 0 0 0 0 0 0 0 0 0 0 0 0 42 65 76 82 85 97 99 100 100 100 101 101 101 96 87 78 72 61 51 0 0 0 0 0 0 0 0 0 0 0 0 0 0 0 0 0 0 0 0 0 0 0 0 0 0 0 0 0 0 0 0 0 0 0 56 73 82 87 94 103 104 104 104 104 105 104 104 104 103 102 102 101 101 100 99 99 99 99 99 100 100 101 103 105 101 101 100 96 80 0 0 0 0 0 0 0 0 0 0 0 0 0 0 0 0 0 
66 70 69 70 70 71 71 72 73 73 74 74 75 74 75 76 76 77 78 78 78 79 79 79 80 81 81 82 82 82 82 79 77 76 74 66 0 0 0 0 0 0 0 0 0 0 0 0 0 0 0 0 0 0 0 0 0 0 0 0 0 0 0 0 0 0 0 0 0 0 43 66 76 82 86 97 99 100 100 101 101 101 101 97 88 77 71 60 51 40 0 0 0 0 0 0 0 0 0 0 0 0 0 0 0 0 0 0 0 0 0 0 0 0 0 0 0 0 0 0 0 0 0 0 53 70 79 85 94 103 104 104 104 105 105 105 104 104 103 102 102 101 101 100 100 99 99 99 99 100 100 101 102 104 101 98 97 92 77 0 0 0 0 0 0 0 0 0 0 0 0 0 0 0 0 0 
71 69 69 70 71 71 71 72 73 73 73 74 74 74 75 76 76 77 78 78 78 79 80 80 81 81 81 82 82 82 82 79 77 76 73 65 0 0 0 0 0 0 0 0 0 0 0 0 0 0 0 0 0 0 0 0 0 0 0 0 0 0 0 0 0 0 0 0 0 0 45 68 77 83 87 97 100 101 101 101 102 102 102 97 89 76 70 60 51 40 0 0 43 43 43 43 0 0 0 0 0 0 0 0 0 0 0 0 0 0 0 0 0 0 0 0 0 0 0 0 0 0 0 41 52 69 77 83 94 103 104 104 104 104 104 104 104 103 103 102 101 101 101 100 100 100 99 99 99 100 100 101 103 105 101 97 94 89 74 0 0 0 0 0 0 0 0 0 0 0 0 0 0 0 0 0 
67 70 70 71 71 71 71 72 72 72 73 73 74 73 75 75 76 76 77 78 78 79 80 80 81 81 81 81 82 82 82 79 78 77 74 67 0 0 0 0 0 0 0 0 0 0 0 0 0 0 0 0 0 0 0 0 0 0 0 0 0 0 0 0 0 0 0 0 0 0 45 68 78 83 87 98 100 101 101 102 102 102 102 98 90 78 71 61 52 41 0 47 49 49 49 49 0 0 0 0 0 0 0 0 0 0 0 0 0 0 0 0 0 0 0 0 0 0 0 0 0 0 0 41 51 67 76 81 94 102 103 104 104 104 104 104 103 103 102 102 101 101 101 100 100 100 99 99 99 99 99 100 102 104 101 94 92 86 70 0 0 0 0 0 0 0 0 0 0 0 0 0 0 0 0 0 
66 69 70 71 71 71 71 71 72 72 72 73 73 73 74 75 75 76 77 77 78 79 80 80 81 81 81 81 82 82 82 79 78 78 75 69 0 0 0 0 0 0 0 0 0 0 0 0 0 0 0 0 0 0 0 0 0 0 0 0 0 0 0 0 0 0 0 0 0 0 48 68 78 84 87 98 101 102 102 102 103 103 103 99 92 79 72 62 53 39 0 46 53 53 53 53 0 0 0 0 0 0 0 0 0 0 0 0 0 0 0 0 0 0 0 0 0 0 0 0 0 0 0 40 50 66 75 81 94 102 103 104 104 104 104 104 103 102 102 102 101 101 101 100 100 100 99 99 99 98 99 100 101 104 101 92 90 84 68 50 0 0 0 0 0 0 0 0 0 0 0 0 0 0 0 0 
70 70 70 71 71 72 71 72 72 71 71 72 72 73 74 75 75 76 77 77 78 79 80 80 81 81 81 81 81 81 82 79 78 78 75 68 0 0 0 0 0 0 0 0 0 0 0 0 0 0 0 0 0 0 0 0 0 0 0 0 0 0 0 0 0 0 0 0 0 0 51 70 79 85 88 99 102 102 102 103 103 103 104 100 93 80 73 63 54 39 0 48 59 57 57 57 66 0 0 0 0 0 0 0 0 0 0 0 0 0 0 0 0 0 0 0 0 0 0 0 0 0 0 40 50 66 75 81 94 102 103 104 104 104 103 103 102 102 101 101 100 100 100 99 99 99 99 98 98 98 98 99 101 104 101 92 90 84 69 50 0 0 0 0 0 0 0 0 0 0 0 0 0 0 0 0 
72 64 70 70 71 72 72 72 72 72 72 72 72 73 74 74 75 76 77 77 78 79 80 80 81 81 80 81 81 81 82 80 79 78 75 69 0 0 0 0 0 0 0 0 0 0 0 0 0 0 0 0 0 0 0 0 0 0 0 0 0 0 0 0 0 0 0 0 0 0 50 69 79 84 88 99 102 103 103 104 104 104 105 101 95 81 75 65 55 39 0 48 63 61 61 61 69 0 0 0 0 0 0 0 0 0 0 0 0 0 0 0 0 0 0 0 0 0 0 0 0 0 0 41 50 66 75 81 93 102 103 103 103 103 103 103 102 102 101 101 100 100 99 99 99 99 98 98 98 98 98 99 101 104 101 94 92 87 71 50 0 0 0 0 0 0 0 0 0 0 0 0 0 0 0 0 
67 70 70 70 71 71 71 72 72 72 72 73 73 73 74 75 75 76 77 77 78 79 79 80 80 81 80 81 81 81 81 80 79 78 75 70 0 0 0 0 0 0 0 0 0 0 0 0 0 0 0 0 0 0 0 0 0 0 0 0 0 0 0 0 0 37 0 0 0 0 49 68 78 83 87 98 102 103 104 105 105 106 106 103 96 83 77 66 56 39 0 48 69 69 66 66 75 61 0 0 0 0 0 0 0 0 0 0 0 0 0 0 0 0 0 0 0 0 0 0 0 0 0 41 51 66 75 81 93 102 103 103 104 103 103 103 102 101 101 100 100 100 99 99 99 99 98 98 98 98 98 99 101 104 101 97 95 90 75 0 0 0 0 0 0 0 0 0 0 0 0 0 0 0 0 0 
70 68 69 69 70 71 71 71 72 72 72 72 73 73 74 75 76 76 77 77 78 79 79 80 80 81 80 80 81 81 81 80 79 78 75 70 0 0 0 0 0 0 0 0 0 0 0 0 0 0 0 0 0 0 0 0 0 0 0 0 0 0 0 0 0 0 0 0 0 0 51 69 78 84 87 98 102 104 105 106 106 107 108 104 98 84 78 68 57 40 0 0 73 78 73 72 79 70 0 0 0 0 0 0 0 0 0 0 0 0 0 0 0 0 0 0 0 0 0 0 0 0 0 41 51 66 75 80 92 102 103 103 104 104 103 103 102 101 101 100 100 99 99 98 99 98 98 98 98 98 98 100 101 104 101 97 95 90 75 0 0 0 0 0 0 0 0 0 0 0 0 0 0 0 0 0 
70 69 69 70 71 72 72 72 73 72 72 73 74 73 74 75 76 76 78 78 78 79 79 80 80 81 80 81 81 81 81 79 79 78 75 70 0 0 0 0 0 0 0 0 0 0 0 0 0 0 0 0 0 0 0 0 0 0 0 0 0 0 38 37 37 37 37 36 0 0 51 70 79 84 88 98 102 104 105 106 107 108 108 105 99 85 79 69 58 40 0 0 69 86 85 83 88 88 69 0 0 0 0 0 0 0 0 0 0 0 0 0 0 0 0 0 0 0 0 0 0 0 0 42 50 64 73 80 92 101 102 103 103 103 102 103 102 101 101 101 100 99 99 98 98 98 98 98 98 98 98 99 101 103 101 99 97 93 79 0 0 0 0 0 0 0 0 0 0 0 0 0 0 0 0 0 
62 69 69 70 70 71 71 71 72 73 73 73 74 74 75 75 76 77 78 78 79 79 79 79 80 80 80 81 81 82 81 80 79 78 76 71 0 0 0 0 0 0 0 0 0 0 0 0 0 0 0 0 0 0 0 0 0 0 0 0 0 38 38 38 37 37 37 36 0 0 50 69 79 84 88 98 101 104 105 107 108 109 110 106 100 86 80 70 59 40 0 0 67 186 166 173 182 205 111 125 0 0 0 0 0 0 0 0 0 0 0 0 0 0 0 0 0 0 0 0 0 0 0 44 50 64 72 80 92 101 103 103 103 103 102 102 102 102 101 101 101 100 99 99 99 98 98 98 98 98 98 99 100 103 100 98 97 93 79 0 0 0 0 0 0 0 0 0 0 0 0 0 0 0 0 0 
67 73 69 69 70 71 71 71 72 72 72 73 74 74 75 75 76 77 78 78 79 79 79 79 80 80 81 81 81 82 81 79 79 78 76 71 0 0 0 0 0 0 0 0 0 0 0 0 0 0 0 0 0 0 0 0 0 0 0 0 0 0 38 38 37 37 37 36 0 0 51 70 79 84 88 98 101 104 106 108 110 111 111 107 100 87 81 71 61 43 0 0 80 205 180 266 270 293 238 291 53 0 0 0 0 0 0 0 0 0 0 0 0 0 0 0 0 0 0 0 0 0 0 56 57 68 75 81 92 101 102 102 103 103 103 102 102 101 101 101 101 100 100 99 99 98 97 97 97 97 97 98 100 102 99 97 95 92 78 0 0 0 0 0 0 0 0 0 0 0 0 0 0 0 0 0 
64 71 68 69 70 71 71 71 71 71 72 72 73 74 75 75 76 77 78 78 78 79 79 79 79 80 81 81 81 82 82 79 79 78 75 70 0 0 0 0 0 0 0 0 0 0 0 0 0 0 0 0 0 0 0 0 0 0 0 0 0 0 38 38 37 37 37 0 0 0 52 70 79 85 88 98 102 105 108 112 114 115 115 110 101 87 82 72 62 45 0 39 83 205 190 338 345 358 312 347 57 0 0 0 0 0 0 0 0 0 0 0 0 0 0 0 0 0 0 0 0 0 87 69 65 73 79 82 92 101 102 103 103 103 102 102 102 102 101 101 101 100 100 99 99 98 97 97 97 96 97 97 99 101 98 96 95 91 77 0 0 0 0 0 0 0 0 0 0 0 0 0 0 0 0 0 
68 70 68 69 69 71 71 71 72 72 72 72 73 74 75 75 76 77 78 78 78 79 79 79 79 80 80 81 82 82 82 79 79 78 76 70 0 0 0 0 0 0 0 0 0 0 0 0 0 0 0 0 0 0 0 0 0 0 0 0 0 0 38 38 37 37 37 0 0 0 51 70 79 85 88 98 101 104 109 113 116 117 116 110 101 88 82 73 63 47 0 39 79 249 255 406 395 414 345 354 56 0 0 0 0 0 0 0 0 0 0 0 0 0 0 0 0 0 0 0 0 0 85 71 66 74 79 83 92 101 102 103 103 102 102 102 102 101 101 101 101 100 100 99 99 98 97 96 96 95 95 96 98 100 97 97 97 94 82 0 0 0 0 0 0 0 0 0 0 0 0 0 0 0 0 0 
68 66 68 68 69 70 70 71 71 72 72 73 73 74 75 75 76 77 77 78 78 78 79 79 79 80 80 81 82 82 82 80 80 79 76 71 0 0 0 0 0 0 0 0 0 0 0 0 0 0 0 0 0 0 0 0 0 0 0 0 0 0 0 0 0 0 0 0 0 0 51 70 79 84 88 98 101 104 108 113 116 117 117 111 101 87 82 73 63 47 0 0 88 274 277 442 427 430 370 384 59 0 0 0 0 0 0 0 0 0 0 0 0 0 0 0 0 0 0 0 0 0 86 71 66 74 79 82 92 101 102 102 103 102 102 101 101 101 100 100 100 100 99 98 97 96 94 93 93 93 92 93 94 97 94 95 94 92 81 0 0 0 0 0 0 0 0 0 0 0 0 0 0 0 0 0 
65 70 68 68 69 70 71 71 71 72 72 72 73 74 75 75 76 76 77 78 78 78 79 79 79 80 80 81 82 82 82 80 79 78 76 70 0 0 0 0 0 0 0 0 0 0 0 0 0 0 0 0 0 0 0 0 0 0 0 0 0 0 0 0 0 0 0 0 0 0 52 70 79 84 87 98 100 103 107 113 115 116 116 110 100 86 81 72 62 47 0 0 98 178 192 385 370 374 372 417 62 0 0 0 0 0 0 0 0 0 0 0 0 0 0 0 0 0 0 0 0 0 94 72 67 74 80 82 91 101 102 102 102 102 101 101 101 100 100 100 99 98 96 94 91 89 86 85 84 84 83 84 86 89 87 88 89 88 76 0 0 0 0 0 0 0 0 0 0 0 0 0 0 0 0 0 
69 67 68 69 69 70 71 71 71 71 71 72 73 74 75 76 76 76 77 78 78 78 79 79 79 80 80 81 82 82 83 80 80 79 77 71 0 0 0 0 0 0 0 0 0 0 0 0 0 0 0 0 0 0 0 0 0 0 0 0 0 0 0 0 0 0 0 0 0 0 52 70 79 84 87 97 100 102 106 110 113 114 114 108 99 85 80 70 60 44 0 0 0 202 195 289 262 269 252 281 58 0 0 0 0 0 0 0 0 0 0 0 0 0 0 0 0 0 0 0 0 0 0 64 62 71 77 81 91 101 102 102 102 102 101 101 101 100 100 98 96 94 92 89 87 86 84 82 81 81 80 81 83 86 85 86 87 87 75 0 0 0 0 0 0 0 0 0 0 0 0 0 0 0 0 0 
65 68 69 69 70 70 70 71 71 72 72 73 73 74 75 75 76 76 77 77 77 78 79 79 79 80 80 81 81 82 82 80 80 79 77 71 0 0 0 0 0 0 0 0 0 0 0 0 0 0 0 0 0 0 0 0 0 0 0 0 0 0 0 0 0 0 0 0 0 0 53 71 79 84 87 97 100 101 103 107 108 109 110 106 98 84 78 69 58 42 0 0 0 0 201 203 176 184 154 151 0 0 0 0 0 0 0 0 0 0 0 0 0 0 0 0 0 0 0 0 0 0 0 48 53 65 73 79 91 100 102 102 102 102 101 101 100 100 98 96 93 92 88 84 81 79 75 74 73 72 72 74 76 80 81 83 84 84 0 0 0 0 0 0 0 0 0 0 0 0 0 0 0 0 0 0 
66 68 69 69 70 70 70 70 71 71 72 73 74 75 75 76 76 76 76 77 77 77 78 79 80 80 81 81 82 82 82 80 79 78 76 71 0 0 0 0 0 0 0 0 0 0 0 0 0 0 0 0 0 0 0 0 0 0 0 0 0 0 0 0 0 37 37 37 0 0 53 71 79 84 87 97 99 101 102 104 106 108 108 105 97 83 77 67 56 39 0 0 0 0 85 111 102 102 106 112 0 0 0 0 0 0 0 0 0 0 0 0 0 0 0 0 0 0 0 0 0 0 0 41 49 63 72 79 91 100 102 102 102 102 102 101 100 98 96 94 90 86 82 78 75 73 72 71 71 69 68 68 69 72 74 76 78 79 0 0 0 0 0 0 0 0 0 0 0 0 0 0 0 0 0 0 
65 68 69 69 70 70 69 70 70 71 72 73 74 75 76 76 76 76 76 77 77 77 78 79 80 81 81 82 82 82 82 80 79 78 76 70 0 0 0 0 0 0 0 0 0 0 0 0 0 0 0 0 0 0 0 0 0 0 0 0 0 0 0 0 0 0 0 0 0 0 53 70 78 84 87 97 100 101 102 104 105 106 107 103 96 84 77 68 57 38 0 0 0 0 0 105 96 96 96 104 79 0 0 0 0 0 0 0 0 0 0 0 0 0 0 0 0 0 0 0 0 0 0 40 50 66 76 81 92 100 102 102 102 102 102 101 100 98 96 93 86 80 76 74 73 74 74 73 72 69 67 64 61 62 62 64 65 66 0 0 0 0 0 0 0 0 0 0 0 0 0 0 0 0 0 69 
69 70 69 69 69 70 69 70 70 71 72 73 74 75 75 75 76 76 76 76 77 77 78 79 80 81 82 82 82 82 82 80 79 78 76 71 0 0 0 0 0 0 0 0 0 0 0 0 0 0 0 0 0 0 0 0 0 0 0 0 0 0 0 0 0 0 0 0 0 0 52 69 78 84 87 97 100 101 101 103 104 106 106 103 95 85 78 69 58 0 0 0 0 0 0 92 87 84 84 88 75 0 0 0 0 0 0 0 0 0 0 0 0 0 0 0 0 0 0 0 0 0 0 0 51 68 78 83 92 101 102 101 101 101 101 100 99 96 94 88 81 76 77 78 81 84 84 83 80 77 75 70 66 69 69 69 73 73 0 0 0 0 0 0 0 0 0 0 0 0 0 0 0 63 0 60 
64 72 69 69 69 70 69 70 71 71 72 73 74 75 75 75 76 76 76 76 77 77 78 79 79 80 81 82 82 82 82 79 79 78 75 70 0 0 0 0 0 0 0 0 0 0 0 0 0 0 0 0 0 0 0 0 0 0 0 0 0 0 0 0 0 0 0 0 0 0 52 69 78 83 87 97 100 101 101 102 103 105 105 102 95 84 78 68 57 0 0 0 0 0 0 81 83 78 78 80 75 0 0 0 0 0 0 0 0 0 0 0 0 0 0 0 0 0 0 0 0 0 0 0 53 70 80 85 92 100 101 101 101 100 100 100 98 95 92 87 81 79 82 84 86 86 86 84 82 79 76 70 69 75 75 75 80 78 0 0 0 0 0 0 0 0 0 0 0 0 0 0 0 63 0 60 
71 69 69 69 69 70 70 70 71 71 72 73 74 74 75 75 76 76 76 77 77 77 78 79 80 81 81 82 82 82 82 80 79 78 76 71 0 0 0 0 0 0 0 0 0 0 0 0 0 0 0 0 0 0 0 0 0 0 0 0 0 0 0 0 0 0 0 0 0 0 51 68 77 82 86 96 99 100 100 101 103 104 104 101 93 83 76 66 56 0 0 0 0 0 0 0 75 70 70 70 69 0 0 0 0 0 0 0 0 0 0 0 0 0 0 0 0 0 0 0 0 0 0 0 52 70 79 84 91 100 101 100 100 100 100 99 96 93 90 84 80 81 85 88 90 91 92 90 87 85 81 74 75 81 79 80 83 81 69 0 0 0 0 0 0 0 0 0 0 0 0 0 0 63 0 63 
71 65 68 68 69 69 70 70 71 71 72 72 73 73 74 74 75 75 76 77 77 77 78 79 79 80 81 81 81 82 82 79 79 78 75 70 0 0 0 0 0 0 0 0 0 0 0 0 0 0 0 0 0 0 0 0 0 0 0 0 0 0 0 0 0 0 0 0 0 0 50 67 76 82 85 95 99 100 100 101 102 103 103 100 92 83 77 67 56 0 0 0 0 0 0 0 66 61 61 61 61 52 0 0 0 0 0 0 0 0 0 0 0 0 0 0 0 0 0 0 0 0 0 0 55 73 82 86 91 99 100 100 100 99 99 99 94 92 87 82 79 85 88 91 93 94 93 89 87 85 80 73 79 86 81 82 85 82 69 0 0 0 0 0 0 0 0 0 0 0 0 0 0 64 0 64 
69 65 68 68 69 69 70 70 71 71 71 72 72 73 73 74 75 75 76 77 77 77 78 79 79 80 80 81 81 82 82 79 79 78 75 69 0 0 0 0 0 0 0 0 0 0 0 0 0 0 0 0 0 0 0 0 0 0 0 0 0 0 0 0 0 0 0 0 0 0 48 67 76 82 85 95 98 99 99 99 101 102 102 98 91 82 76 65 55 0 0 0 0 0 0 0 61 57 57 57 57 52 0 0 0 0 0 0 0 0 0 0 0 0 0 0 0 0 0 0 0 0 0 0 57 74 83 87 91 99 100 99 99 98 98 98 92 90 85 80 79 87 89 92 94 94 93 88 87 84 78 74 81 87 85 86 88 87 72 0 0 0 0 0 0 0 0 0 0 0 0 0 0 64 0 70 
66 61 67 68 69 70 70 71 71 71 71 71 72 73 73 74 75 75 75 76 77 77 78 79 79 80 80 81 81 82 82 79 78 77 74 68 0 0 0 0 0 0 0 0 0 0 0 0 0 0 0 0 0 0 0 0 0 0 0 0 0 0 0 0 0 0 0 0 0 0 46 66 76 81 84 95 97 98 98 98 100 101 102 97 89 79 72 61 52 0 0 0 0 0 0 0 0 54 54 54 54 0 0 0 0 0 0 0 0 0 0 0 0 0 0 0 0 0 0 0 0 0 0 0 57 74 82 86 91 99 100 99 99 99 99 98 93 91 84 80 80 86 88 93 94 93 91 87 85 81 76 77 85 89 87 89 90 87 72 0 0 0 0 0 0 0 0 0 0 0 0 0 0 64 0 62 
66 62 67 68 69 69 69 70 70 71 71 71 72 72 71 72 72 72 71 73 74 75 77 78 79 80 80 81 81 82 82 79 78 77 74 66 0 0 0 0 0 0 0 0 0 0 0 0 0 0 0 0 0 0 0 0 0 0 0 0 0 0 0 0 0 0 0 0 0 0 45 65 75 80 84 95 97 97 97 97 98 99 100 95 87 79 72 61 52 0 0 0 0 0 0 0 0 48 48 48 48 0 0 0 0 0 0 0 0 0 0 0 0 0 0 0 0 0 0 0 0 0 0 0 57 74 82 87 91 99 100 99 99 99 98 97 91 90 82 78 78 83 85 89 90 89 86 84 82 77 73 77 82 86 85 87 87 84 69 0 0 0 0 0 0 0 0 0 0 0 0 0 0 63 59 65 
66 67 68 68 69 68 69 69 70 70 71 71 72 72 70 70 70 68 67 69 71 73 75 77 79 79 79 80 81 82 82 79 78 76 73 65 0 0 0 0 0 0 0 0 0 0 0 0 0 0 0 0 0 0 0 0 0 0 0 0 0 0 0 0 0 0 0 0 0 0 44 65 75 81 84 95 96 97 96 96 97 98 98 94 86 80 73 62 53 0 0 0 0 0 0 0 0 0 0 0 0 0 0 0 0 0 0 0 0 0 0 0 0 0 0 0 0 0 0 0 0 0 0 0 62 78 86 90 92 99 100 100 99 97 95 93 87 85 79 77 74 80 82 85 86 88 85 82 81 75 70 74 80 82 82 85 83 80 68 0 0 0 0 0 0 0 0 0 0 0 0 0 0 63 0 63 
71 61 68 69 69 69 70 70 70 71 71 71 72 72 70 68 68 65 64 66 70 71 75 77 78 79 80 81 82 82 82 79 77 76 73 64 0 0 0 0 0 0 0 0 0 0 0 0 0 0 0 0 0 0 0 0 0 0 0 0 0 0 0 0 0 0 0 0 0 0 43 65 75 80 84 94 95 96 95 95 95 96 97 92 84 78 72 60 51 0 0 0 0 0 0 0 0 0 0 0 0 0 0 0 0 0 0 0 0 0 0 0 0 0 0 0 0 0 0 0 0 0 0 0 61 78 86 89 91 99 100 99 96 95 90 88 83 82 77 76 73 78 79 82 84 86 83 82 81 74 70 74 78 80 80 83 81 78 0 0 0 0 0 0 0 0 0 0 0 0 0 0 60 64 57 66 
64 68 68 69 70 70 70 70 70 71 71 72 72 72 69 67 66 63 60 62 66 69 73 76 78 79 79 81 81 82 82 78 77 75 72 63 0 0 0 0 0 0 0 0 0 0 0 0 0 0 0 0 0 0 0 0 0 0 0 0 0 0 0 0 0 0 0 0 0 0 43 64 74 79 83 93 95 95 94 94 94 95 96 91 82 77 70 58 49 0 0 0 0 0 0 0 0 0 0 0 0 0 0 0 0 0 0 0 0 0 0 0 0 0 0 0 0 0 0 0 0 0 0 0 59 77 84 88 90 99 99 97 94 92 87 84 81 79 74 74 70 73 74 77 79 82 79 78 77 71 67 72 76 77 77 80 79 75 0 0 0 0 0 0 0 0 0 0 0 0 0 0 63 65 60 71 
64 67 68 69 70 70 69 70 70 70 71 72 73 73 70 67 65 62 59 61 65 68 72 76 78 79 80 81 81 81 81 77 76 75 72 63 0 0 0 0 0 0 0 0 0 0 0 0 0 0 0 0 0 0 0 0 0 0 0 0 0 0 0 0 0 0 0 0 0 0 43 63 73 79 82 93 94 94 93 93 92 94 94 90 81 77 70 58 49 0 0 0 0 0 0 0 0 0 0 0 0 0 0 0 0 0 0 0 0 0 0 0 0 0 0 0 0 0 0 0 0 0 0 0 62 78 85 89 91 99 98 95 92 89 82 78 74 72 69 70 62 64 66 67 68 74 72 72 0 0 62 64 67 69 69 73 72 0 0 0 0 0 0 0 0 0 0 0 0 0 0 0 63 66 65 69 
64 66 68 69 70 70 70 70 70 71 71 72 72 73 71 69 67 65 62 64 67 69 73 76 78 79 80 81 81 81 81 77 76 75 71 64 0 0 0 0 0 0 0 0 0 0 0 0 0 0 0 0 0 0 0 0 0 0 0 0 0 0 0 0 0 0 0 0 0 0 43 63 73 78 81 92 93 93 92 92 92 94 94 89 80 77 70 57 48 0 0 0 0 0 0 0 0 0 0 0 0 0 0 0 0 0 0 0 0 0 0 0 0 0 0 0 0 0 0 0 0 0 0 0 62 78 85 89 91 98 97 94 90 86 76 69 64 61 58 0 0 0 0 0 0 0 0 0 0 0 0 0 0 0 0 0 0 0 0 0 0 0 0 0 0 0 0 0 0 0 0 0 64 66 67 69 
66 68 68 69 69 70 69 70 70 70 71 72 72 73 72 71 69 68 66 67 69 72 74 77 79 79 80 81 81 81 81 77 76 75 72 64 0 0 0 0 0 0 0 0 0 0 0 0 0 0 0 0 0 0 0 0 0 0 0 0 0 0 0 0 0 0 0 0 0 0 42 62 72 77 80 91 93 93 92 92 92 93 94 88 79 75 68 56 47 0 0 0 0 0 0 0 0 0 0 0 0 0 0 0 0 0 0 0 0 0 0 0 0 0 0 0 0 0 0 0 0 0 0 0 64 78 85 88 90 97 95 91 86 82 70 56 0 0 0 0 0 0 0 0 0 0 0 0 0 0 0 0 0 0 0 0 0 0 0 0 0 0 0 0 0 0 0 0 0 0 0 0 65 67 63 69 
66 70 68 69 69 69 69 69 69 69 70 71 72 73 73 73 72 71 69 70 71 73 75 77 79 79 80 80 80 80 81 77 76 76 73 65 0 0 0 0 0 0 0 0 0 0 0 0 0 0 0 0 0 0 0 0 0 0 0 0 0 0 0 0 0 0 0 0 0 0 41 60 70 76 80 90 93 93 92 92 92 93 93 88 78 74 67 54 46 0 0 0 0 0 0 0 0 0 0 0 0 0 0 0 0 0 0 0 0 0 0 0 0 0 0 0 0 0 0 0 0 0 0 0 66 79 85 88 90 97 95 90 87 83 73 0 0 0 0 0 0 0 0 0 0 0 0 0 0 0 0 0 0 0 0 0 0 0 0 0 0 0 0 0 0 0 0 0 0 0 0 0 64 66 65 69 
63 69 68 68 69 69 69 68 68 69 69 70 70 72 72 73 72 72 72 72 73 75 76 78 79 79 80 80 80 80 81 78 77 76 74 67 0 0 0 0 0 0 0 0 0 0 0 0 0 0 0 0 0 0 0 0 0 0 0 0 0 0 0 0 0 0 0 0 0 0 40 59 70 76 79 90 92 93 93 93 93 93 93 87 78 74 67 54 45 0 0 0 0 0 0 0 0 0 0 0 0 0 0 0 0 0 0 0 0 0 0 0 0 0 0 0 0 0 0 0 0 0 0 0 67 80 85 89 90 97 95 92 88 82 74 64 0 0 0 0 0 0 0 0 0 0 0 0 0 0 0 0 0 0 0 0 0 0 0 0 0 0 0 0 0 0 0 0 0 0 0 0 63 65 68 69 
65 71 66 67 67 67 67 67 67 67 66 67 68 69 70 72 72 73 73 73 74 76 77 78 79 79 80 80 80 80 81 78 77 76 74 68 0 0 0 0 0 0 0 0 0 0 0 0 0 0 0 0 0 0 0 0 0 0 0 0 0 0 0 0 0 0 0 0 0 0 39 61 72 77 81 90 93 93 93 93 93 93 93 87 77 73 66 53 44 0 0 0 0 0 0 0 0 0 0 0 0 0 0 0 0 0 0 0 0 0 0 0 0 0 0 0 0 0 0 0 0 0 0 0 66 79 85 88 90 96 96 92 89 84 78 71 67 0 0 0 0 0 0 0 0 0 0 0 0 0 0 0 0 0 0 0 0 0 0 0 0 0 0 0 0 0 0 0 0 0 0 62 64 65 62 68 
64 63 66 67 67 67 67 66 65 65 65 65 66 68 68 70 71 71 72 73 73 75 76 77 78 78 79 79 80 80 81 78 78 77 75 69 0 0 0 0 0 0 0 0 0 0 0 0 0 0 0 0 0 0 0 0 0 0 0 0 0 0 0 0 0 0 0 0 0 0 0 63 73 79 82 89 92 93 92 93 93 93 93 86 76 72 64 51 43 0 0 0 0 0 0 0 0 0 0 0 0 0 0 0 0 0 0 0 0 0 0 0 0 0 0 0 0 0 0 0 0 0 0 0 66 79 85 88 89 96 96 93 91 86 82 76 73 66 63 58 57 57 60 61 59 58 0 0 0 0 0 0 0 0 0 0 0 0 0 0 0 0 0 0 0 0 0 0 0 0 0 63 64 66 62 70 
0 59 65 66 66 66 67 66 64 64 64 63 64 67 67 69 70 71 71 72 72 72 72 73 73 75 76 76 77 77 78 76 75 74 73 69 0 0 0 0 0 0 0 0 0 0 0 0 0 0 0 0 0 0 0 0 0 0 0 0 0 0 0 0 0 0 0 0 0 0 0 66 75 81 83 88 92 92 92 92 93 93 92 86 75 71 64 50 42 0 0 0 0 0 0 0 0 0 0 0 0 0 0 0 0 0 0 0 0 0 0 0 0 0 0 0 0 0 0 0 0 0 0 0 63 77 83 87 88 95 96 95 93 89 86 82 78 73 71 69 69 69 71 72 70 69 68 66 0 0 0 0 0 0 0 0 0 0 0 0 0 0 0 0 0 0 0 0 0 0 0 64 64 66 67 67 
0 0 64 64 65 65 66 64 62 62 61 61 62 64 64 67 68 70 71 72 71 71 72 72 72 74 75 76 76 77 77 75 74 74 73 69 0 0 0 0 0 0 0 0 0 0 0 0 0 0 0 0 0 0 0 0 0 0 0 0 0 0 0 0 0 0 0 0 0 0 0 71 78 83 84 87 90 91 91 91 91 91 91 84 74 70 62 49 42 0 0 0 0 0 0 0 0 0 0 0 0 0 0 0 0 0 0 0 0 0 0 0 0 0 0 0 0 0 0 0 0 0 0 0 62 76 82 85 87 93 94 94 92 88 85 82 77 73 71 69 68 68 69 70 69 68 68 67 65 0 0 0 0 0 0 0 0 0 0 0 0 0 0 0 0 0 0 0 0 0 0 65 65 67 67 73 
0 0 61 61 62 61 61 60 59 59 59 59 60 62 62 65 67 69 70 71 70 69 69 69 69 71 73 74 75 76 75 74 73 72 71 0 0 0 0 0 0 0 0 0 0 0 0 0 0 0 0 0 0 0 0 0 0 0 0 0 0 0 0 0 0 0 0 0 0 0 0 72 76 79 80 81 84 84 84 84 84 84 84 78 69 65 59 47 40 0 0 0 0 0 0 0 0 0 0 0 0 0 0 0 0 0 0 0 0 0 0 0 0 0 0 0 0 0 0 0 0 0 0 0 58 70 75 78 79 84 85 85 85 85 84 82 80 75 71 69 68 68 69 70 69 68 68 67 65 0 0 0 0 0 0 0 0 0 0 0 0 0 0 0 0 0 0 0 0 0 0 65 66 67 65 69 
0 0 0 0 0 0 0 0 0 0 84 81 78 74 63 64 64 65 67 69 66 64 65 65 65 68 70 71 73 74 73 72 72 71 69 0 0 0 0 0 0 0 0 0 0 0 0 0 0 0 0 0 0 0 0 0 0 0 0 0 0 0 0 0 0 0 0 0 0 0 0 70 74 77 78 79 81 82 82 82 82 82 82 76 66 63 56 46 40 0 0 0 0 0 0 0 0 0 0 0 0 0 0 0 0 0 0 0 0 0 0 0 0 0 0 0 0 0 0 0 0 0 0 0 56 68 73 75 77 82 82 82 83 84 84 82 81 76 71 69 68 68 69 70 69 68 68 67 65 0 0 0 0 0 0 0 0 0 0 0 0 0 0 0 0 0 0 0 0 0 0 66 66 68 66 70 
0 0 0 0 0 0 0 0 0 96 85 82 82 85 68 0 0 0 0 0 0 0 0 56 58 62 64 66 65 66 65 65 63 0 0 0 0 0 0 0 0 0 0 0 0 0 0 0 0 0 0 0 0 0 0 0 0 0 0 0 0 0 0 0 0 0 0 0 0 0 0 0 71 75 75 76 78 80 79 79 79 79 79 74 64 61 55 45 40 0 0 0 0 0 0 0 0 0 0 0 0 0 0 0 0 0 0 0 0 0 0 0 0 0 0 0 0 0 0 0 0 0 0 0 0 65 69 72 73 77 78 77 78 79 81 81 82 79 76 74 73 73 73 74 74 72 71 71 68 0 0 0 0 0 0 0 0 0 0 0 0 0 0 0 0 0 0 0 0 0 0 65 66 68 64 77 
0 0 0 0 0 0 0 0 73 93 87 83 83 87 73 0 0 0 0 0 0 0 0 0 0 0 0 0 0 0 0 0 0 0 0 0 0 0 0 0 0 0 0 0 0 0 0 0 0 0 0 0 0 0 0 0 0 0 0 0 0 0 0 0 0 0 0 0 0 0 0 0 67 69 70 70 73 74 73 73 74 73 73 68 60 57 53 44 0 0 0 0 0 0 0 0 0 0 0 0 0 0 0 0 0 0 0 0 0 0 0 0 0 0 0 0 0 0 0 0 0 0 0 0 0 61 63 65 66 69 70 69 70 70 72 73 75 72 70 68 66 65 65 65 65 66 67 0 0 0 0 0 0 0 0 0 0 0 0 0 0 0 0 0 0 0 0 0 0 0 0 65 66 69 70 72 
0 0 0 0 0 0 0 0 72 89 88 83 83 87 75 67 0 0 0 0 0 0 0 0 0 0 0 0 0 0 0 0 0 0 0 0 0 0 0 0 0 0 0 0 0 0 0 0 0 0 0 0 0 0 0 0 0 0 0 0 0 0 0 0 0 0 0 0 0 0 0 0 0 0 55 56 58 59 58 59 59 59 59 57 51 49 47 0 0 0 0 0 0 0 0 0 0 0 0 0 0 0 0 0 0 0 0 0 0 0 0 0 0 0 0 0 0 0 0 0 0 0 0 0 0 0 0 51 51 52 51 51 50 0 0 0 0 0 0 0 0 0 0 0 0 0 0 0 0 0 0 56 56 56 56 0 0 0 0 0 0 0 0 0 0 0 0 0 0 0 0 64 66 69 63 70 
0 0 0 0 0 0 0 64 71 86 93 86 87 91 81 66 0 0 0 0 0 0 0 0 0 0 0 0 0 0 0 0 0 0 0 0 0 0 0 0 0 0 0 0 0 0 0 0 0 0 0 0 0 0 0 0 0 0 0 0 0 0 0 0 0 0 0 0 0 0 0 0 0 0 0 0 0 0 0 0 0 0 0 0 0 0 0 0 0 0 0 0 0 0 0 0 0 0 0 0 0 0 0 0 0 0 0 0 0 0 0 0 0 0 0 0 0 0 0 0 0 0 0 0 0 0 0 0 0 0 0 0 0 0 0 0 0 0 0 0 0 0 0 0 0 0 0 0 0 0 0 56 56 56 56 0 0 0 0 0 0 0 0 0 0 0 0 0 0 0 0 63 65 68 72 78 
0 0 0 0 69 66 65 65 68 78 90 87 87 91 87 69 0 0 0 0 0 0 0 0 0 0 0 0 0 0 0 0 0 0 0 0 0 0 0 0 0 0 0 0 0 0 0 0 0 0 0 0 0 0 0 0 0 0 0 0 0 0 0 0 0 0 0 0 0 0 0 0 0 0 0 0 0 0 0 0 0 0 0 0 0 0 0 0 0 0 0 0 0 0 0 0 0 0 0 0 0 0 0 0 0 0 0 0 0 0 0 0 0 0 0 0 0 0 0 0 0 0 0 0 0 0 0 0 0 0 0 0 0 0 0 0 0 0 0 0 0 0 0 0 0 0 0 0 0 0 0 0 0 0 0 0 0 0 0 0 0 0 0 0 0 0 0 0 0 0 0 62 64 67 64 77 
0 0 74 73 71 69 68 68 70 76 89 87 87 90 90 70 0 0 0 0 0 0 0 0 0 0 0 0 0 0 0 0 0 0 0 0 0 0 0 0 0 0 0 0 0 0 0 0 0 0 0 0 0 0 0 0 0 0 0 0 0 0 0 0 0 0 0 0 0 0 0 0 0 0 0 0 0 0 0 0 0 0 0 0 0 0 0 0 0 0 0 0 0 0 0 0 0 0 0 0 0 0 0 0 0 0 0 0 0 0 0 0 0 0 0 0 0 0 0 0 0 0 0 0 0 0 0 0 0 0 0 0 0 0 0 0 0 0 0 0 0 0 0 0 0 0 0 0 0 0 0 0 0 0 0 0 0 0 0 0 0 0 0 0 0 0 0 0 0 0 0 62 64 67 69 68 
0 0 74 73 73 71 70 70 71 74 86 87 86 88 90 75 0 0 0 0 0 0 0 0 0 0 0 0 0 0 0 0 0 0 0 0 0 0 0 0 0 0 0 0 0 0 0 0 0 0 0 0 0 0 0 0 0 0 0 0 0 0 0 0 0 0 0 0 0 0 0 0 0 0 0 0 0 0 0 0 0 0 0 0 0 0 0 0 0 0 0 0 0 0 0 0 0 0 0 0 0 0 0 0 0 0 0 0 0 0 0 0 0 0 0 0 0 0 0 0 0 0 0 0 0 0 0 0 0 0 0 0 0 0 0 0 0 0 0 0 0 0 0 0 0 0 0 0 0 0 0 0 0 0 0 0 0 0 0 0 0 0 0 0 0 0 0 0 0 0 0 0 63 66 64 69 
0 0 74 74 74 73 72 71 72 74 83 87 85 87 90 79 60 0 0 0 0 0 0 0 0 0 0 0 0 0 0 0 0 0 0 0 0 0 0 0 0 0 0 0 0 0 0 0 0 0 0 0 0 0 0 0 0 0 0 0 0 0 0 0 0 0 0 0 0 0 0 0 0 0 0 0 0 0 0 0 0 0 0 0 0 0 0 0 0 0 0 0 0 0 0 0 0 0 0 0 0 0 0 0 0 0 0 0 0 0 0 0 0 0 0 0 0 0 0 0 0 0 0 0 0 0 0 0 0 0 0 0 0 0 0 0 0 0 0 0 0 0 0 0 0 0 0 0 0 0 0 0 0 0 0 0 0 0 0 0 0 0 0 0 0 0 0 0 0 0 0 0 63 65 62 69 
0 61 72 73 73 73 73 72 73 74 80 86 83 85 87 81 60 0 0 0 0 0 0 0 0 0 0 0 0 0 0 0 0 0 0 0 0 0 0 0 0 0 0 0 0 0 0 0 0 0 0 0 0 0 0 0 0 0 0 0 0 0 0 0 0 0 0 0 0 0 0 0 0 0 0 0 0 0 0 0 0 0 0 0 0 0 0 0 0 0 0 0 0 0 0 0 0 0 0 0 0 0 0 0 0 0 0 0 0 0 0 0 0 0 0 0 0 0 0 0 0 0 0 0 0 0 0 0 0 0 0 0 0 0 0 0 0 0 0 0 0 0 0 0 0 0 0 0 0 0 0 0 0 0 0 0 0 0 0 0 0 0 0 0 0 0 0 0 0 0 0 0 0 65 0 0 
0 0 72 73 74 74 73 73 73 73 76 81 79 80 83 82 61 0 0 0 0 0 0 0 0 0 0 0 0 0 0 0 0 0 0 0 0 0 0 0 0 0 0 0 0 0 0 0 0 0 0 0 0 0 0 0 0 0 0 0 0 0 0 0 0 0 0 0 0 0 0 0 0 0 0 0 0 0 0 0 0 0 0 0 0 0 0 0 0 0 0 0 0 0 0 0 0 0 0 0 0 0 0 0 0 0 0 0 0 0 0 0 0 0 0 0 0 0 0 0 0 0 0 0 0 0 0 0 0 0 0 0 0 0 0 0 0 0 0 0 0 0 0 0 0 0 0 0 0 0 0 0 0 0 0 0 0 0 0 0 0 0 0 0 0 0 0 0 0 0 0 0 0 0 0 0 
0 65 72 73 74 74 74 73 72 72 72 78 77 79 81 84 0 0 0 0 0 0 0 0 0 0 0 0 0 0 0 0 0 0 0 0 0 0 0 0 0 0 0 0 0 0 0 0 0 0 0 0 0 0 0 0 0 0 0 0 0 0 0 0 0 0 0 0 0 0 0 0 0 0 0 0 0 0 0 0 0 0 0 0 0 0 0 0 0 0 0 0 0 0 0 0 0 0 0 0 0 0 0 0 0 0 0 0 0 0 0 0 0 0 0 0 0 0 0 0 0 0 0 0 0 0 0 0 0 0 0 0 0 0 0 0 0 0 0 0 0 0 0 0 0 0 0 0 0 0 0 0 0 0 0 0 0 0 0 0 0 0 0 0 0 0 0 0 0 0 0 0 0 0 0 0 
67 62 71 72 73 72 72 72 71 71 71 76 75 77 78 82 0 0 0 0 0 0 0 0 0 0 0 0 0 0 0 0 0 0 0 0 0 0 0 0 0 0 0 0 0 0 0 0 0 0 0 0 0 0 0 0 0 0 0 0 0 0 0 0 0 0 0 0 0 0 0 0 0 0 0 0 0 0 0 0 0 0 0 0 0 0 0 0 0 0 0 0 0 0 0 0 0 0 0 0 0 0 0 0 0 0 0 0 0 0 0 0 0 0 0 0 0 0 0 0 0 0 0 0 0 0 0 0 0 0 0 0 0 0 0 0 0 0 0 0 0 0 0 0 0 0 0 0 0 0 0 0 0 0 0 0 0 0 0 0 0 0 0 0 0 0 0 0 0 0 0 0 0 0 0 0 
0 75 102 88 81 74 71 71 70 70 69 70 72 92 112 143 171 171 160 150 129 0 0 0 0 0 0 0 0 0 0 0 0 0 0 0 0 0 0 0 0 0 0 0 0 0 0 0 0 0 0 0 0 0 0 0 0 0 0 0 0 0 0 0 0 0 0 0 0 0 0 0 0 0 0 0 0 0 0 0 0 0 0 0 0 0 0 0 0 0 0 0 0 0 0 0 0 0 0 0 0 0 0 0 0 0 0 0 0 0 0 0 0 0 0 0 0 0 0 0 0 0 0 0 0 0 0 0 0 0 0 0 0 0 0 0 0 0 0 0 0 0 0 0 0 0 0 0 0 0 0 0 0 0 0 0 0 0 0 0 0 0 0 0 0 0 0 0 0 0 0 0 0 0 0 0 
85 0 188 166 148 129 119 116 114 120 133 155 192 257 301 337 319 264 236 198 143 0 0 0 0 0 0 0 0 0 0 0 0 0 0 0 0 0 0 0 0 0 0 0 0 0 0 0 0 0 0 0 0 0 0 0 0 0 0 0 0 0 0 0 0 0 0 0 0 0 0 0 0 0 0 0 0 0 0 0 0 0 0 0 0 0 0 0 0 0 0 0 0 0 0 0 0 0 0 0 0 0 0 0 0 0 0 0 0 0 0 0 0 0 0 0 0 0 0 0 0 0 0 0 0 0 0 0 0 0 0 0 0 0 0 0 0 0 0 0 0 0 0 0 0 0 0 0 0 0 0 0 0 0 0 0 0 0 0 0 0 0 0 0 0 0 0 0 0 0 0 0 0 0 0 0 
341 228 283 261 245 228 223 233 241 267 307 325 354 399 408 404 365 295 260 211 141 85 0 0 0 0 0 0 0 0 0 0 0 0 0 0 0 0 0 0 0 0 0 0 0 0 0 0 0 0 0 0 0 0 0 0 0 0 0 0 0 0 0 0 0 0 0 0 0 0 0 0 0 0 0 0 0 0 0 0 0 0 0 0 0 0 0 0 0 0 0 0 0 0 0 0 0 0 0 0 0 0 0 0 0 0 0 0 0 0 0 0 0 0 0 0 0 0 0 0 0 0 0 0 0 0 0 0 0 0 0 0 0 0 0 0 0 0 0 0 0 0 0 0 0 0 0 0 0 0 0 0 0 0 0 0 0 0 0 0 0 0 0 0 0 0 0 0 0 0 0 0 0 0 0 0 
493 476 350 342 327 312 313 336 354 377 408 407 413 429 436 425 375 311 272 216 141 85 0 0 0 0 0 0 0 0 0 0 0 0 0 0 0 0 0 0 0 0 0 0 0 0 0 0 0 0 0 0 0 0 0 0 0 0 0 0 0 0 0 0 0 0 0 0 0 0 0 0 0 0 0 0 0 0 0 0 0 0 0 0 0 0 0 0 0 0 0 0 0 0 0 0 0 0 0 0 0 0 0 0 0 0 0 0 0 0 0 0 0 0 0 0 0 0 0 0 0 0 0 0 0 0 0 0 0 0 0 0 0 0 0 0 0 0 0 0 0 0 0 0 0 0 0 0 0 0 0 0 0 0 0 0 0 0 0 0 0 0 0 0 0 0 0 0 0 0 0 0 0 0 0 0 
437 443 380 375 375 376 381 393 396 401 410 411 418 432 437 422 380 332 293 235 153 0 0 0 0 0 0 0 0 0 0 0 0 0 0 0 0 0 0 0 0 0 0 0 0 0 0 0 0 0 0 0 0 0 0 0 0 0 0 0 0 0 0 0 0 0 0 0 0 0 0 0 0 0 0 0 0 0 0 0 0 0 0 0 0 0 0 0 0 0 0 0 0 0 0 0 0 0 0 0 0 0 0 0 0 0 0 0 0 0 0 0 0 0 0 0 0 0 0 0 0 0 0 0 0 0 0 0 0 0 0 0 0 0 0 0 0 0 0 0 0 0 0 0 0 0 0 0 0 0 0 0 0 0 0 0 0 0 0 0 0 0 0 0 0 0 0 0 0 0 0 0 0 0 0 0 
398 408 415 411 406 401 395 393 394 399 406 422 442 464 476 462 399 349 303 230 137 0 0 0 0 0 0 0 0 0 0 0 0 0 0 0 0 0 0 0 0 0 0 0 0 0 0 0 0 0 0 0 0 0 0 0 0 0 0 0 0 0 0 0 0 0 0 0 0 0 0 0 0 0 0 0 0 0 0 0 0 0 0 0 0 0 0 0 0 0 0 0 0 0 0 0 0 0 0 0 0 0 0 0 0 0 0 0 0 0 0 0 0 0 0 0 0 0 0 0 0 0 0 0 0 0 0 0 0 0 0 0 0 0 0 0 0 0 0 0 0 0 0 0 0 0 0 0 0 0 0 0 0 0 0 0 0 0 0 0 0 0 0 0 0 0 0 0 0 0 0 0 0 0 0 0 
384 395 395 404 410 415 417 420 424 429 433 442 452 459 458 427 358 318 272 199 115 0 0 0 0 0 0 0 0 0 0 0 0 0 0 0 0 0 0 0 0 0 0 0 0 0 0 0 0 0 0 0 0 0 0 0 0 0 0 0 0 0 0 0 0 0 0 0 0 0 0 0 0 0 0 0 0 0 0 0 0 0 0 0 0 0 0 0 0 0 0 0 0 0 0 0 0 0 0 0 0 0 0 0 0 0 0 0 0 0 0 0 0 0 0 0 0 0 0 0 0 0 0 0 0 0 0 0 0 0 0 0 0 0 0 0 0 0 0 0 0 0 0 0 0 0 0 0 0 0 0 0 0 0 0 0 0 0 0 0 0 0 0 0 0 0 0 0 0 0 0 0 0 0 0 0 
351 366 351 371 383 390 392 394 396 399 403 411 420 423 419 383 316 286 242 168 97 0 0 0 0 0 0 0 0 0 0 0 0 0 0 0 0 0 0 0 0 0 0 0 0 0 0 0 0 0 0 0 0 0 0 0 0 0 0 0 0 0 0 0 0 0 0 0 0 0 0 0 0 0 0 0 0 0 0 0 0 0 0 0 0 0 0 0 0 0 0 0 0 0 0 0 0 0 0 0 0 0 0 0 0 0 0 0 0 0 0 0 0 0 0 0 0 0 0 0 0 0 0 0 0 0 0 0 0 0 0 0 0 0 0 0 0 0 0 0 0 0 0 0 0 0 0 0 0 0 0 0 0 0 0 0 0 0 0 0 0 0 0 0 0 0 0 0 0 0 0 0 0 0 0 0 
250 329 324 345 358 373 379 379 379 380 383 388 394 393 386 345 282 251 210 138 84 0 0 0 0 0 0 0 0 0 0 0 0 0 0 0 0 0 0 0 0 0 0 0 0 0 0 0 0 0 0 0 0 0 0 0 0 0 0 0 0 0 0 0 0 0 0 0 0 0 0 0 0 0 0 0 0 0 0 0 0 0 0 0 0 0 0 0 0 0 0 0 0 0 0 0 0 0 0 0 0 0 0 0 0 0 0 0 0 0 0 0 0 0 0 0 0 0 0 0 0 0 0 0 0 0 0 0 0 0 0 0 0 0 0 0 0 0 0 0 0 0 0 0 0 0 0 0 0 0 0 0 0 0 0 0 0 0 0 0 0 0 0 0 0 0 0 0 0 0 0 0 0 0 0 0 
75 170 291 318 331 345 359 363 363 365 368 373 378 374 364 320 267 237 197 124 79 0 0 0 0 0 0 0 0 0 0 0 0 0 0 0 0 0 0 0 0 0 0 0 0 0 0 0 0 0 0 0 0 0 0 0 0 0 0 0 0 0 0 0 0 0 0 0 0 0 0 0 0 0 0 0 0 0 0 0 0 0 0 0 0 0 0 0 0 0 0 0 0 0 0 0 0 0 0 0 0 0 0 0 0 0 0 0 0 0 0 0 0 0 0 0 0 0 0 0 0 0 0 0 0 0 0 0 0 0 0 0 0 0 0 0 0 0 0 0 0 0 0 0 0 0 0 0 0 0 0 0 0 0 0 0 0 0 0 0 0 0 0 0 0 0 0 0 0 0 0 0 0 0 0 0 
0 0 252 281 297 312 324 337 342 345 348 351 355 350 340 295 253 224 184 110 0 0 0 0 0 0 0 0 0 0 0 0 0 0 0 0 0 0 0 0 0 0 0 0 0 0 0 0 0 0 0 0 0 0 0 0 0 0 0 0 0 0 0 0 0 0 0 0 0 0 0 0 0 0 0 0 0 0 0 0 0 0 0 0 0 0 0 0 0 0 0 0 0 0 0 0 0 0 0 0 0 0 0 0 0 0 0 0 0 0 0 0 0 0 0 0 0 0 0 0 0 0 0 0 0 0 0 0 0 0 0 0 0 0 0 0 0 0 0 0 0 0 0 0 0 0 0 0 0 0 0 0 0 0 0 0 0 0 0 0 0 0 0 0 0 0 0 0 0 0 0 0 0 0 0 0 
0 0 214 253 263 276 286 296 296 305 312 318 325 323 310 275 242 214 172 104 0 0 0 0 0 0 0 0 0 0 0 0 0 0 0 0 0 0 0 0 0 0 0 0 0 0 0 0 0 0 0 0 0 0 0 0 0 0 0 0 0 0 0 0 0 0 0 0 0 0 0 0 0 0 0 0 0 0 0 0 0 0 0 0 0 0 0 0 0 0 0 0 0 0 0 0 0 0 0 0 0 0 0 0 0 0 0 0 0 0 0 0 0 0 0 0 0 0 0 0 0 0 0 0 0 0 0 0 0 0 0 0 0 0 0 0 0 0 0 0 0 0 0 0 0 0 0 0 0 0 0 0 0 0 0 0 0 0 0 0 0 0 0 0 0 0 0 0 0 0 0 0 0 0 0 0 
0 0 186 222 230 249 266 278 280 291 299 304 302 291 278 247 221 199 168 100 0 0 0 0 0 0 0 0 0 0 0 0 0 0 0 0 0 0 0 0 0 0 0 0 0 0 0 0 0 0 0 0 0 0 0 0 0 0 0 0 0 0 0 0 0 0 0 0 0 0 0 0 0 0 0 0 0 0 0 0 0 0 0 0 0 0 0 0 0 0 0 0 0 0 0 0 0 0 0 0 0 0 0 0 0 0 0 0 0 0 0 0 0 0 0 0 0 0 0 0 0 0 0 0 0 0 0 0 0 0 0 0 0 0 0 0 0 0 0 0 0 0 0 0 0 0 0 0 0 0 0 0 0 0 0 0 0 0 0 0 0 0 0 0 0 0 0 0 0 0 0 0 0 0 0 0 
0 0 0 186 195 207 228 247 250 265 276 285 281 271 258 231 213 195 167 0 0 0 0 0 0 0 0 0 0 0 0 0 0 0 0 0 0 0 0 0 0 0 0 0 0 0 0 0 0 0 0 0 0 0 0 0 0 0 0 0 0 0 0 0 0 0 0 0 0 0 0 0 0 0 0 0 0 0 0 0 0 0 0 0 0 0 0 0 0 0 0 0 0 0 0 0 0 0 0 0 0 0 0 0 0 0 0 0 0 0 0 0 0 0 0 0 0 0 0 0 0 0 0 0 0 0 0 0 0 0 0 0 0 0 0 0 0 0 0 0 0 0 0 0 0 0 0 0 0 0 0 0 0 0 0 0 0 0 0 0 0 0 0 0 0 0 0 0 0 0 0 0 0 0 0 0 
0 0 0 0 143 163 180 203 211 231 244 253 250 239 225 205 188 173 0 0 0 0 0 0 0 0 0 0 0 0 0 0 0 0 0 0 0 0 0 0 0 0 0 0 0 0 0 0 0 0 0 0 0 0 0 0 0 0 0 0 0 0 0 0 0 0 0 0 0 0 0 0 0 0 0 0 0 0 0 0 0 0 0 0 0 0 0 0 0 0 0 0 0 0 0 0 0 0 0 0 0 0 0 0 0 0 0 0 0 0 0 0 0 0 0 0 0 0 0 0 0 0 0 0 0 0 0 0 0 0 0 0 0 0 0 0 0 0 0 0 0 0 0 0 0 0 0 0 0 0 0 0 0 0 0 0 0 0 0 0 0 0 0 0 0 0 0 0 0 0 0 0 0 0 0 0 
0 0 0 0 0 0 0 131 142 174 199 218 215 202 185 175 156 0 0 0 0 0 0 0 0 0 0 0 0 0 0 0 0 0 0 0 0 0 0 0 0 0 0 0 0 0 0 0 0 0 0 0 0 0 0 0 0 0 0 0 0 0 0 0 0 0 0 0 0 0 0 0 0 0 0 0 0 0 0 0 0 0 0 0 0 0 0 0 0 0 0 0 0 0 0 0 0 0 0 0 0 0 0 0 0 0 0 0 0 0 0 0 0 0 0 0 0 0 0 0 0 0 0 0 0 0 0 0 0 0 0 0 0 0 0 0 0 0 0 0 0 0 0 0 0 0 0 0 0 0 0 0 0 0 0 0 0 0 0 0 0 0 0 0 0 0 0 0 0 0 0 0 0 0 0 0 
0 0 0 0 0 0 0 0 0 0 0 0 0 0 0 0 0 0 0 0 0 0 0 0 0 0 0 0 0 0 0 0 0 0 0 0 0 0 0 0 0 0 0 0 0 0 0 0 0 0 0 0 0 0 0 0 0 0 0 0 0 0 0 0 0 0 0 0 0 0 0 0 0 0 0 0 0 0 0 0 0 0 0 0 0 0 0 0 0 0 0 0 0 0 0 0 0 0 0 0 0 0 0 0 0 0 0 0 0 0 0 0 0 0 0 0 0 0 0 0 0 0 0 0 0 0 0 0 0 0 0 0 0 0 0 0 0 0 0 0 0 0 0 0 0 0 0 0 0 0 0 0 0 0 0 0 0 0 0 0 0 0 0 0 0 0 0 0 0 0 0 0 0 0 0 0 
0 0 0 0 0 0 0 0 0 0 0 0 0 0 0 0 0 0 0 0 0 0 0 0 0 0 0 0 0 0 0 0 0 0 0 0 0 0 0 0 0 0 0 0 0 0 0 0 0 0 0 0 0 0 0 0 0 0 0 0 0 0 0 0 0 0 0 0 0 0 0 0 0 0 0 0 0 0 0 0 0 0 0 0 0 0 0 0 0 0 0 0 0 0 0 0 0 0 0 0 0 0 0 0 0 0 0 0 0 0 0 0 0 0 0 0 0 0 0 0 0 0 0 0 0 0 0 0 0 0 0 0 0 0 0 0 0 0 0 0 0 0 0 0 0 0 0 0 0 0 0 0 0 0 0 0 0 0 0 0 0 0 0 0 0 0 0 0 0 0 0 0 0 0 0 0 
0 0 0 0 0 0 0 0 0 0 0 0 0 0 0 0 0 0 0 0 0 0 0 0 0 0 0 0 0 0 0 0 0 0 0 0 0 0 0 0 0 0 0 0 0 0 0 0 0 0 0 0 0 0 0 0 0 0 0 0 0 0 0 0 0 0 0 0 0 0 0 0 0 0 0 0 0 0 0 0 0 0 0 0 0 0 0 0 0 0 0 0 0 0 0 0 0 0 0 0 0 0 0 0 0 0 0 0 0 0 0 0 0 0 0 0 0 0 0 0 0 0 0 0 0 0 0 0 0 0 0 0 0 0 0 0 0 0 0 0 0 0 0 0 0 0 0 0 0 0 0 0 0 0 0 0 0 0 0 0 0 0 0 0 0 0 0 0 0 0 0 0 0 0 0 0 
0 0 0 0 0 0 0 0 0 0 0 0 0 0 0 0 0 0 0 0 0 0 0 0 0 0 0 0 0 0 0 0 0 0 0 0 0 0 0 0 0 0 0 0 0 0 0 0 0 0 0 0 0 0 0 0 0 0 0 0 0 0 0 0 0 0 0 0 0 0 0 0 0 0 0 0 0 0 0 0 0 0 0 0 0 0 0 0 0 0 0 0 0 0 0 0 0 0 0 0 0 0 0 0 0 0 0 0 0 0 0 0 0 0 0 0 0 0 0 0 0 0 0 0 0 0 0 0 0 0 0 0 0 0 0 0 0 0 0 0 0 0 0 0 0 0 0 0 0 0 0 0 0 0 0 0 0 0 0 0 0 0 0 0 0 0 0 0 0 0 0 0 0 0 0 0 
0 0 0 0 0 0 0 0 0 0 0 0 0 0 0 0 0 0 0 0 0 0 0 0 0 0 0 0 0 0 0 0 0 0 0 0 0 0 0 0 0 0 0 0 0 0 0 0 0 0 0 0 0 0 0 0 0 0 0 0 0 0 0 0 0 0 0 0 0 0 0 0 0 0 0 0 0 0 0 0 0 0 0 0 0 0 0 0 0 0 0 0 0 0 0 0 0 0 0 0 0 0 0 0 0 0 0 0 0 0 0 0 0 0 0 0 0 0 0 0 0 0 0 0 0 0 0 0 0 0 0 0 0 0 0 0 0 0 0 0 0 0 0 0 0 0 0 0 0 0 0 0 0 0 0 0 0 0 0 0 0 0 0 0 0 0 0 0 0 0 0 0 0 0 0 0 
0 0 0 0 0 0 0 0 0 0 0 0 0 0 0 0 0 0 0 0 0 0 0 0 0 0 0 0 0 0 0 0 0 0 0 0 0 0 0 0 0 0 0 0 0 0 0 0 0 0 0 0 0 0 0 0 0 0 0 0 0 0 0 0 0 0 0 0 0 0 0 0 0 0 0 0 0 0 0 0 0 0 0 0 0 0 0 0 0 0 0 0 0 0 0 0 0 0 0 0 0 0 0 0 0 0 0 0 0 0 0 0 0 0 0 0 0 0 0 0 0 0 0 0 0 0 0 0 0 0 0 0 0 0 0 0 0 0 0 0 0 0 0 0 0 0 0 0 0 0 0 0 0 0 0 0 0 0 0 0 0 0 0 0 0 0 0 0 0 0 0 0 0 0 0 0 
0 0 0 0 0 0 0 0 0 0 0 0 0 0 0 0 0 0 0 0 0 0 0 0 0 0 0 0 0 0 0 0 0 0 0 0 0 0 0 0 0 0 0 0 0 0 0 0 0 0 0 0 0 0 0 0 0 0 0 0 0 0 0 0 0 0 0 0 0 0 0 0 0 0 0 0 0 0 0 0 0 0 0 0 0 0 0 0 0 0 0 0 0 0 0 0 0 0 0 0 0 0 0 0 0 0 0 0 0 0 0 0 0 0 0 0 0 0 0 0 0 0 0 0 0 0 0 0 0 0 0 0 0 0 0 0 0 0 0 0 0 0 0 0 0 0 0 0 0 0 0 0 0 0 0 0 0 0 0 0 0 0 0 0 0 0 0 0 0 0 0 0 0 0 0 0 
0 0 0 0 0 0 0 0 0 0 0 0 0 0 0 0 0 0 0 0 0 0 0 0 0 0 0 0 0 0 0 0 0 0 0 0 0 0 0 0 0 0 0 0 0 0 0 0 0 0 0 0 0 0 0 0 0 0 0 0 0 0 0 0 0 0 0 0 0 0 0 0 0 0 0 0 0 0 0 0 0 0 0 0 0 0 0 0 0 0 0 0 0 0 0 0 0 0 0 0 0 0 0 0 0 0 0 0 0 0 0 0 0 0 0 0 0 0 0 0 0 0 0 0 0 0 0 0 0 0 0 0 0 0 0 0 0 0 0 0 0 0 0 0 0 0 0 0 0 0 0 0 0 0 0 0 0 0 0 0 0 0 0 0 0 0 0 0 0 0 0 0 0 0 0 0 
