85 86 91 88 84 86 77 76 77 83 89 88 85 81 88 79 85 77 83 80 80 74 75 75 72 83 82 79 74 80 77 81 76 65 72 73 70 78 80 81 75 80 81 84 75 88 78 78 82 72 79 77 76 80 73 82 77 71 74 64 64 72 68 76 78 77 79 77 72 79 75 77 73 79 82 76 78 76 74 79 79 81 73 82 80 70 68 75 75 76 80 80 81 73 77 81 77 75 80 82 75 82 84 78 78 74 76 78 81 78 75 69 66 83 85 84 83 83 89 92 83 86 89 87 88 90 94 89 87 92 91 93 94 96 96 89 90 83 89 96 91 95 98 93 96 97 100 98 99 100 101 112 102 110 103 91 75 75 72 78 69 71 68 0 0 0 84 75 81 84 84 94 94 104 98 100 
82 95 82 89 80 87 91 76 82 79 81 84 84 82 82 83 72 78 81 79 69 75 72 77 78 81 83 77 79 79 79 82 82 77 76 70 75 73 77 81 76 72 74 75 76 78 78 75 72 79 76 81 75 71 75 72 72 74 73 73 66 64 73 80 74 77 74 76 74 79 76 76 74 76 80 79 77 72 77 84 82 76 77 77 79 77 64 73 78 77 78 75 78 78 78 84 83 77 79 84 77 81 77 78 80 77 79 81 83 84 79 74 72 77 83 81 84 90 85 82 88 86 92 90 87 95 89 84 86 93 94 89 91 92 90 94 85 87 92 96 99 96 95 101 100 99 107 103 97 100 107 107 107 112 98 81 71 73 79 81 71 72 65 67 0 0 69 80 79 81 82 99 87 94 97 104 
88 79 83 83 82 81 79 79 78 78 78 78 78 78 78 78 78 78 78 78 78 77 76 77 78 78 78 78 78 77 77 77 77 75 73 72 72 72 72 73 75 75 75 75 75 75 74 75 74 74 74 74 74 73 73 74 74 73 72 71 70 70 71 71 73 75 74 74 75 74 74 74 75 75 75 75 75 75 76 76 77 77 77 77 75 74 74 74 74 76 77 77 77 77 77 77 77 78 78 78 78 78 78 78 78 78 79 79 79 77 76 76 77 78 80 82 83 83 84 85 85 86 86 87 87 87 87 88 88 89 89 90 90 89 88 87 87 88 90 91 93 94 94 95 96 97 98 99 100 102 102 102 98 92 85 80 75 74 73 73 72 72 70 70 71 73 76 77 79 82 86 90 93 95 94 104 
84 80 80 80 80 80 79 79 78 77 76 75 75 75 75 75 76 76 76 77 77 76 77 77 78 77 77 77 77 76 76 76 76 74 73 72 71 70 70 71 72 73 73 73 73 72 73 74 73 74 73 73 72 72 72 72 72 72 72 71 69 70 70 70 72 74 74 74 75 75 74 75 75 76 76 76 76 77 78 78 79 80 80 80 79 78 79 79 79 80 81 81 81 81 82 82 82 82 82 82 83 83 83 83 84 84 85 85 85 83 82 82 83 83 84 86 86 87 87 88 88 89 89 90 89 89 89 89 89 90 90 91 90 89 88 88 88 88 90 92 92 92 93 93 94 96 97 98 100 101 100 98 93 86 80 76 73 72 72 72 72 71 71 70 70 72 75 76 78 81 85 89 92 95 98 95 
75 78 78 78 78 78 78 77 76 76 75 74 74 73 73 73 74 74 75 75 76 76 76 76 76 76 75 75 75 75 74 74 75 73 72 71 70 69 69 69 70 71 71 71 71 70 70 71 71 71 71 71 71 71 71 72 72 72 73 72 71 72 73 73 75 76 77 78 79 79 79 80 80 80 80 80 80 81 82 82 83 84 84 84 84 83 84 84 84 85 85 85 85 86 86 86 86 86 86 87 87 87 87 88 89 89 90 90 90 89 88 88 89 89 90 91 91 92 92 92 93 93 93 94 93 93 94 94 93 94 95 95 94 93 92 92 92 93 94 95 95 95 95 95 95 97 97 99 100 101 98 95 88 82 76 73 71 71 71 71 71 71 72 0 0 72 74 76 78 80 84 88 91 94 93 95 
80 74 77 76 76 76 76 76 75 75 74 73 73 72 72 72 72 72 72 73 74 74 75 75 75 75 75 74 74 74 73 73 73 71 71 70 69 68 68 68 68 68 69 69 70 70 70 71 72 72 73 74 73 73 74 75 76 76 77 77 76 76 78 78 79 80 81 82 83 83 84 84 84 84 84 84 84 85 85 86 87 87 88 88 89 89 89 89 89 89 89 89 90 90 90 90 90 90 90 91 91 92 92 92 93 93 94 94 94 94 94 95 96 96 96 96 97 97 97 97 97 97 97 98 97 97 98 98 97 98 99 99 99 98 97 97 96 97 98 99 99 99 99 100 100 101 101 103 104 104 99 95 87 80 75 72 71 70 70 69 69 68 0 0 0 72 75 76 78 80 83 87 90 92 90 95 
73 76 75 75 75 74 75 75 75 75 74 73 73 71 70 70 70 69 70 71 71 72 73 74 74 73 73 72 72 71 71 71 70 70 70 70 69 69 68 68 68 69 70 72 72 73 74 75 75 76 77 77 77 77 78 78 79 79 80 81 81 81 82 83 83 84 85 86 87 88 88 88 88 89 88 89 89 89 89 90 91 92 92 93 93 93 93 94 94 94 94 95 95 95 95 96 96 95 96 97 97 97 98 98 98 99 100 100 100 101 100 101 102 102 102 102 102 102 102 102 102 102 102 103 102 102 102 102 102 103 103 103 103 103 102 102 102 103 103 103 103 103 103 104 104 105 106 108 109 108 103 96 89 80 74 72 70 69 69 68 68 0 0 0 0 0 75 75 77 79 82 86 89 92 92 98 
82 76 74 74 75 74 74 74 74 74 74 73 73 71 70 69 69 67 68 68 69 70 71 71 71 71 71 70 71 71 70 71 71 71 71 72 72 73 72 72 72 73 73 74 75 76 77 78 78 78 80 81 81 81 82 82 83 83 84 84 84 85 86 87 88 89 90 90 91 92 92 93 93 94 93 93 94 94 94 95 96 96 97 97 98 98 98 98 99 99 98 98 99 99 99 99 99 99 99 100 101 101 101 102 102 103 103 104 104 105 105 106 106 107 106 106 106 107 106 107 108 107 107 107 107 107 107 107 107 108 108 108 109 109 109 109 108 108 107 107 108 108 108 109 109 110 111 113 114 113 106 98 90 81 74 71 70 68 67 67 66 0 0 0 0 0 74 74 76 78 81 85 89 91 92 95 
70 75 73 73 73 73 72 72 73 73 73 72 72 70 68 68 67 66 66 67 68 68 69 70 71 71 71 72 72 73 73 73 73 73 74 75 75 76 76 76 76 76 77 78 79 80 80 80 81 81 82 83 84 85 86 86 86 87 88 88 89 90 90 91 92 92 93 94 94 95 96 95 95 96 95 95 96 96 95 96 97 97 98 98 98 99 99 98 99 99 98 98 98 98 98 98 98 98 99 100 100 101 101 101 101 102 102 102 103 104 104 105 106 106 106 106 107 107 107 108 109 109 108 109 109 109 109 110 110 110 111 111 111 112 112 112 112 112 111 112 112 113 113 114 114 115 115 117 118 117 110 102 93 82 74 71 69 67 66 66 0 0 0 0 0 0 71 72 74 76 79 83 87 90 94 90 
70 72 72 72 72 72 71 71 71 71 71 71 70 69 68 67 67 67 67 68 69 70 70 71 72 73 73 74 74 75 74 75 75 76 77 78 78 79 79 79 79 80 81 82 83 83 84 84 84 85 86 87 88 89 89 89 89 90 90 90 91 91 91 92 93 93 93 93 94 94 94 94 95 95 94 94 95 95 95 96 96 97 97 97 97 98 98 98 98 98 97 98 98 97 97 97 98 98 98 99 99 100 100 100 101 101 101 101 102 102 102 103 104 105 105 106 106 106 106 107 107 107 108 109 108 109 109 109 109 110 110 111 111 112 112 112 112 112 111 112 112 113 113 114 114 115 117 118 120 120 114 105 95 84 75 70 69 67 66 0 0 0 0 0 0 67 69 71 73 75 78 82 87 89 95 93 
70 70 71 71 71 71 69 69 70 70 70 70 70 69 68 68 69 69 70 70 71 72 72 73 74 75 75 76 76 77 77 77 78 79 79 80 81 82 82 83 83 84 85 86 86 87 87 87 86 86 86 87 88 89 89 89 89 89 89 90 90 90 90 91 92 92 92 92 92 92 93 92 93 94 94 93 94 94 94 95 96 96 96 96 95 95 95 94 95 94 94 94 94 94 94 94 95 95 94 95 95 95 96 96 97 97 97 97 97 98 98 99 100 101 101 102 102 103 102 103 104 105 106 107 107 107 108 108 108 109 109 109 109 111 111 111 111 111 111 111 111 111 111 112 112 114 115 116 119 119 114 105 96 86 75 69 68 66 0 0 0 0 0 0 0 0 68 70 72 74 77 81 86 89 93 93 
0 67 71 71 71 70 69 70 70 70 70 71 71 70 70 70 71 71 72 72 73 74 74 75 76 77 77 78 79 80 80 80 81 82 83 83 84 85 84 84 85 84 85 86 86 86 86 86 86 85 86 87 87 88 88 88 87 87 87 87 87 87 87 87 87 87 87 87 87 87 88 89 90 93 93 93 94 94 94 94 95 94 92 90 90 89 90 92 94 93 93 93 93 93 93 93 93 93 93 94 94 94 94 95 95 96 95 95 96 96 96 98 98 99 100 100 101 99 97 96 95 96 98 102 104 106 107 108 108 108 108 108 108 109 110 110 111 110 110 110 109 110 110 110 110 111 112 114 116 117 113 104 96 86 75 67 67 0 0 0 0 0 0 0 0 64 67 69 71 73 75 80 84 88 94 93 
72 72 71 71 71 71 70 71 71 71 72 72 72 71 71 72 73 74 74 75 75 76 76 77 79 79 80 81 82 82 82 82 83 83 83 83 83 84 83 83 84 84 83 84 84 84 84 84 82 82 82 82 82 83 83 82 81 80 81 82 83 85 86 86 86 86 86 86 86 84 85 86 88 90 93 93 94 94 94 94 94 92 89 87 86 85 87 90 92 91 91 91 91 91 92 92 92 92 91 92 92 92 92 93 94 94 93 93 94 94 95 96 96 97 98 99 99 97 94 92 91 91 95 99 102 104 107 107 107 107 107 108 108 109 109 109 110 110 109 109 109 109 109 109 109 109 110 111 113 115 112 103 96 88 77 66 0 0 0 0 0 0 0 0 0 0 66 69 71 72 75 78 83 87 94 94 
68 68 71 72 72 72 72 72 73 72 73 74 74 74 74 74 75 76 77 77 77 78 78 79 80 80 81 81 82 82 82 81 82 82 82 82 81 81 80 80 80 80 79 79 80 80 81 81 82 81 81 81 81 81 81 80 79 78 79 80 81 83 85 84 85 84 83 84 83 80 82 84 86 88 92 93 93 93 93 93 93 89 87 83 81 79 83 86 90 89 89 89 89 89 89 90 90 89 88 89 89 88 89 90 90 90 89 90 91 91 92 93 94 95 95 96 97 93 89 87 85 85 90 95 99 102 106 107 107 107 107 107 108 108 108 109 109 109 108 108 108 108 108 107 108 108 108 110 112 114 111 101 97 91 78 63 0 0 0 0 0 0 0 0 0 0 66 68 70 72 74 77 82 86 87 94 
72 69 73 73 73 73 73 73 74 74 75 75 75 76 76 76 77 77 77 77 77 78 78 78 79 80 80 81 81 81 81 81 80 80 79 79 79 79 80 79 79 78 78 78 78 79 80 81 81 79 79 79 79 79 80 78 77 75 76 76 78 81 82 81 81 80 79 79 78 74 78 81 84 87 92 92 93 93 93 93 92 87 83 79 75 70 74 78 83 81 81 82 82 82 82 83 83 82 80 81 81 80 81 81 81 81 80 81 81 83 84 85 86 87 87 87 89 83 80 77 76 76 85 92 97 100 104 105 106 106 106 107 107 108 108 109 108 108 108 107 108 108 107 107 107 107 107 109 110 112 110 100 97 92 79 61 0 0 0 0 0 0 0 0 0 0 0 69 70 71 73 76 81 86 91 98 
74 75 73 74 74 74 74 75 75 75 76 76 76 76 76 75 76 76 76 76 76 77 77 77 78 79 79 79 80 80 80 80 79 77 77 77 76 78 78 78 77 77 75 76 76 76 77 78 79 77 76 76 75 75 75 73 70 68 68 68 70 73 75 72 72 69 68 69 69 66 73 79 82 85 91 92 92 93 93 93 91 85 81 75 68 55 0 0 0 0 0 0 0 0 0 0 0 0 0 0 0 0 0 0 0 0 0 0 0 0 0 0 0 0 0 0 0 0 0 0 53 65 80 89 95 98 104 105 106 106 106 106 107 107 108 108 107 107 106 106 107 107 107 107 107 106 106 107 108 110 109 100 97 93 81 63 0 0 0 0 0 0 0 0 0 0 0 69 69 70 72 75 79 84 97 94 
71 79 74 74 74 74 75 75 75 75 76 76 76 76 76 75 76 76 76 76 77 77 77 77 77 78 78 79 79 80 80 79 77 75 74 73 72 75 76 75 73 73 72 71 70 71 70 72 72 69 68 68 66 66 66 62 59 56 54 0 0 0 0 0 0 0 0 0 0 64 74 80 82 85 90 92 92 93 93 93 92 84 82 78 70 56 0 0 0 0 0 0 0 0 0 0 0 0 0 0 0 0 0 0 0 0 0 0 0 0 0 0 0 0 0 0 0 0 0 0 0 74 85 93 96 97 103 105 105 106 106 107 107 107 107 107 107 107 106 106 107 107 106 106 106 105 105 106 107 109 108 100 98 95 84 66 0 0 0 0 0 0 0 0 0 0 0 69 69 70 72 75 79 84 89 96 
73 74 75 74 74 74 75 75 75 75 76 75 75 76 75 74 75 74 74 74 75 75 76 76 77 77 77 77 78 79 79 78 76 73 71 69 66 67 69 69 66 65 64 62 59 0 0 0 0 0 0 0 0 0 0 0 0 0 0 0 0 0 0 0 0 0 0 0 0 68 76 81 84 85 90 92 92 93 93 93 92 84 82 78 70 56 0 0 0 0 0 0 0 0 0 0 0 0 0 0 0 0 0 0 0 0 0 0 0 0 0 0 0 0 0 0 0 0 0 0 0 73 84 91 94 96 103 104 105 106 106 106 107 107 107 107 106 106 106 106 106 106 106 105 105 105 105 105 106 108 108 100 99 95 86 68 0 0 0 0 0 0 0 0 0 0 0 67 68 69 71 74 78 83 89 93 
80 74 74 74 73 73 74 74 73 74 75 74 74 75 74 73 74 73 73 73 75 75 75 76 76 76 76 77 78 78 78 77 75 72 70 66 58 0 0 0 0 0 0 0 0 0 0 0 0 0 0 0 0 0 0 0 0 0 0 0 0 0 0 0 0 0 0 0 0 69 77 81 84 85 90 92 92 92 93 93 92 84 82 78 70 56 0 0 0 0 0 0 0 0 0 0 0 0 0 0 0 0 0 0 0 0 0 0 0 0 0 0 0 0 0 0 0 0 0 0 0 71 83 90 93 95 102 104 105 106 106 106 106 106 106 106 106 106 106 106 106 106 106 105 105 104 104 105 106 107 107 101 99 96 89 71 0 0 0 0 0 0 0 0 0 0 0 67 68 69 71 74 78 83 87 94 
81 77 73 73 72 73 73 74 73 74 74 74 73 74 74 72 72 71 70 70 72 72 74 76 76 76 77 77 78 78 78 77 75 74 71 67 0 0 0 0 0 0 0 0 0 0 0 0 0 0 0 0 0 0 0 0 0 0 0 0 0 0 0 0 48 48 0 0 0 71 78 82 84 86 90 91 91 92 92 93 91 84 82 78 70 56 0 0 0 0 0 0 0 0 0 0 0 0 0 0 0 0 0 0 0 0 0 0 0 0 0 0 0 0 0 0 0 0 0 0 0 69 81 89 92 94 102 104 105 106 106 106 106 106 105 105 105 106 105 106 106 106 105 105 104 104 104 104 105 106 107 101 101 98 92 76 0 0 0 0 0 0 0 0 0 0 0 67 68 69 70 73 77 82 86 95 
74 74 73 73 72 73 73 73 73 73 73 73 73 73 73 71 71 70 68 68 71 72 73 76 76 76 76 77 77 77 78 76 75 74 72 68 0 0 0 0 0 0 0 0 0 0 0 0 0 0 0 0 0 0 0 0 0 0 0 0 0 0 52 51 49 49 48 46 0 70 78 83 84 86 90 91 91 92 92 92 91 84 82 78 71 57 0 0 0 0 0 0 0 0 0 0 0 0 0 0 0 0 0 0 0 0 0 0 0 0 0 0 0 0 0 0 0 0 0 0 0 66 79 87 91 94 101 104 105 106 106 106 106 105 105 105 105 106 105 106 106 106 105 105 104 104 104 104 104 105 106 101 101 99 94 78 0 0 0 0 0 0 0 0 0 0 0 66 68 69 70 73 77 81 87 87 
69 75 73 72 72 73 72 72 72 72 72 72 72 72 72 70 69 67 65 65 68 71 73 76 76 76 76 77 77 77 77 76 75 75 74 69 0 0 0 0 0 0 0 0 0 0 0 0 0 0 0 0 0 0 0 0 0 0 0 0 0 51 52 51 50 50 50 48 0 70 78 83 85 86 90 91 91 91 92 92 91 83 81 78 70 56 0 0 0 0 0 0 0 0 0 0 0 0 0 0 0 0 0 0 0 0 0 0 0 0 0 0 0 0 0 0 0 0 0 0 0 61 75 84 89 92 101 104 104 105 105 105 105 105 104 104 105 105 105 106 106 105 105 104 104 103 104 103 104 105 106 102 99 98 92 76 0 0 0 0 0 0 0 0 0 0 0 64 66 68 70 73 76 80 82 87 
76 71 72 72 72 72 71 72 71 72 72 73 72 72 71 69 67 65 63 64 68 71 73 75 76 76 76 77 77 77 77 75 75 74 72 67 0 0 0 0 0 0 0 0 0 0 0 0 0 0 0 0 0 0 0 0 0 0 0 0 0 51 52 51 50 50 50 48 0 68 77 82 84 85 90 91 91 91 91 91 90 83 81 77 70 55 0 0 0 0 0 0 0 0 0 0 0 0 0 0 0 0 0 0 0 0 0 0 0 0 0 0 0 0 0 0 0 0 0 0 0 58 73 83 88 91 100 103 104 104 105 105 105 105 104 104 105 106 105 106 106 105 104 104 104 103 104 103 103 104 107 102 98 97 91 75 0 0 0 0 0 0 0 0 0 0 0 64 66 68 70 72 75 79 86 80 
71 71 71 71 71 71 71 71 71 71 71 72 71 71 71 69 67 66 64 65 68 71 73 75 75 76 76 76 76 77 77 74 74 74 71 66 0 0 0 0 0 0 0 0 0 0 0 0 0 0 0 0 0 0 0 0 0 0 0 0 0 51 52 51 50 50 50 48 0 66 77 82 84 85 90 91 91 92 92 92 91 83 81 77 69 53 0 0 0 0 0 0 0 0 0 0 0 0 0 0 0 0 0 0 0 0 0 0 0 0 0 0 0 0 0 0 0 0 0 0 0 56 71 81 86 90 99 102 103 104 104 105 105 105 105 104 105 105 105 105 105 104 103 103 103 103 103 102 102 104 106 103 97 96 90 76 0 0 0 0 0 0 0 0 0 0 0 63 65 68 69 71 75 78 80 89 
71 72 70 71 71 70 70 70 70 70 70 71 70 71 70 69 68 68 67 68 70 73 73 75 76 75 75 76 76 76 77 74 74 73 71 65 0 0 0 0 0 0 0 0 0 0 0 0 0 0 0 0 0 0 0 0 0 0 0 0 0 50 51 51 51 51 51 0 0 63 75 81 83 85 90 91 91 92 92 92 90 82 80 76 69 54 0 0 0 0 0 0 0 0 0 0 0 0 0 0 0 0 0 0 0 0 0 0 0 0 0 0 0 0 0 0 0 0 0 0 0 53 71 82 88 91 99 103 103 104 104 104 105 105 104 104 104 105 104 104 104 104 103 103 102 102 102 102 102 103 105 103 96 94 89 76 57 0 0 0 0 0 0 0 0 0 0 62 64 67 68 70 74 77 82 86 
64 67 69 70 70 70 70 70 70 70 70 70 70 71 70 69 68 68 68 69 71 73 73 74 75 74 75 76 76 76 77 74 73 72 70 63 0 0 0 0 0 0 0 0 0 0 0 0 0 0 0 0 0 0 0 0 0 0 0 0 0 0 0 52 52 0 0 0 0 63 75 80 83 85 91 91 91 91 91 91 90 83 80 77 70 54 0 0 0 0 0 0 0 0 0 0 0 0 0 0 0 0 0 0 0 0 0 0 0 0 0 0 0 0 0 0 0 0 0 0 0 49 69 81 87 90 99 102 103 104 104 104 104 105 104 104 104 104 104 104 104 103 102 102 102 102 101 102 102 103 105 104 96 94 89 78 60 0 0 0 0 0 0 0 0 0 0 62 64 67 67 69 73 77 82 87 
68 66 69 69 70 69 69 69 69 70 70 70 70 71 70 69 69 70 70 71 72 73 73 74 74 74 75 76 76 76 77 74 73 72 70 64 0 0 0 0 0 0 0 0 0 0 0 0 0 0 0 0 0 0 0 0 0 0 0 0 0 0 0 0 0 0 0 0 0 63 75 80 82 85 90 91 91 91 91 91 90 83 81 77 70 55 0 0 0 0 0 0 0 0 0 0 0 0 0 0 0 0 0 0 0 0 0 0 0 0 0 0 0 0 0 0 0 0 0 0 0 0 72 83 88 92 99 102 103 104 104 105 105 105 104 104 104 104 104 104 104 103 102 102 102 102 101 102 101 102 104 104 97 95 92 82 64 0 0 0 0 0 0 0 0 0 0 63 65 66 67 69 72 76 82 88 
67 65 68 68 69 69 69 69 69 69 69 69 69 70 70 70 70 71 71 71 73 73 73 74 74 74 75 76 76 76 76 74 73 73 70 65 0 0 0 0 0 0 0 0 0 0 0 0 0 0 0 0 0 0 0 0 0 0 0 0 0 0 0 0 0 0 0 0 0 63 75 80 83 85 90 91 91 91 91 91 91 83 81 78 72 57 0 0 0 0 0 0 0 0 0 0 0 0 0 0 0 0 0 0 0 0 0 0 0 0 0 0 0 0 0 0 0 0 0 0 0 0 74 85 91 94 99 103 104 104 104 104 104 104 104 104 104 103 103 103 103 103 102 102 102 101 101 102 101 102 104 104 97 96 94 85 67 0 0 0 0 0 0 0 0 0 0 0 64 66 67 68 72 76 84 80 
67 68 69 68 68 69 68 68 69 69 70 70 70 70 70 70 70 71 71 71 73 73 73 74 74 74 75 75 76 76 76 74 73 72 70 65 0 0 0 0 0 0 0 0 0 0 0 0 0 0 0 0 0 0 0 0 0 0 0 0 0 0 0 0 0 0 0 0 0 64 76 81 83 85 90 91 91 91 91 91 91 84 82 79 72 58 0 0 0 0 0 0 0 0 0 0 0 0 0 0 0 0 0 0 0 0 0 0 0 0 0 0 0 0 0 0 0 0 0 0 0 0 78 88 93 96 99 103 103 104 103 104 104 104 104 104 103 103 103 103 103 103 103 103 102 101 101 102 101 102 104 104 99 98 96 89 73 0 0 0 0 0 0 0 0 0 0 0 64 66 67 68 71 75 77 86 
73 65 69 68 68 68 67 67 68 69 69 70 70 70 70 69 70 70 71 71 72 73 73 73 74 74 74 75 76 76 76 74 73 72 69 65 0 0 0 0 0 0 0 0 0 0 0 0 0 0 0 0 0 0 0 0 0 0 0 0 0 0 0 0 0 0 0 0 0 65 76 81 84 86 91 91 92 92 91 92 91 84 82 79 73 59 0 0 0 0 0 0 0 0 0 0 0 0 0 0 0 0 0 0 0 0 0 0 0 0 0 0 0 0 0 0 0 0 0 0 0 0 77 87 92 95 98 103 104 104 103 104 104 104 104 103 104 104 103 103 104 103 103 103 102 101 102 102 101 102 103 104 99 99 97 91 74 0 0 0 0 0 0 0 0 0 0 0 63 65 66 68 71 75 84 81 
0 72 68 68 67 68 67 67 68 69 69 70 70 70 70 70 70 70 70 71 72 73 73 73 74 74 74 75 76 77 76 74 73 72 68 63 0 0 0 0 0 0 0 0 0 0 0 0 0 0 0 0 0 0 0 0 0 0 0 0 0 0 0 0 0 0 0 0 0 65 76 81 83 85 90 91 92 92 92 92 91 84 82 80 73 59 0 0 0 0 0 0 0 0 0 0 0 0 0 0 0 0 0 0 0 0 0 0 0 0 0 0 0 0 0 0 0 0 0 0 0 0 82 91 95 98 98 103 104 104 103 103 103 103 104 104 104 104 104 103 104 103 103 103 102 102 102 102 101 102 103 104 99 99 97 92 75 0 0 0 0 0 0 0 0 0 0 0 62 65 66 68 71 75 76 85 
72 67 68 67 67 67 66 67 68 69 69 70 70 70 70 70 70 70 70 71 71 73 73 73 74 74 74 75 76 77 76 73 73 71 67 60 0 0 0 0 0 0 0 0 0 0 0 0 0 0 0 0 0 0 0 0 0 0 0 0 0 0 0 0 0 0 0 0 0 66 77 81 84 86 91 92 92 92 92 92 91 84 82 79 73 58 0 0 0 0 0 0 0 0 0 0 0 0 0 0 0 0 0 0 0 0 0 0 0 0 0 0 0 0 0 0 0 0 0 0 0 0 74 85 91 94 98 103 104 104 103 104 103 103 103 103 103 103 103 103 104 103 103 103 103 102 102 101 101 101 103 105 100 100 98 93 76 0 0 0 0 0 0 0 0 0 0 0 61 65 66 68 70 75 76 89 
64 68 67 67 67 67 66 67 68 68 68 70 70 70 70 70 70 70 71 71 72 73 73 73 74 74 74 75 76 77 77 73 73 70 66 58 0 0 0 0 0 0 0 0 0 0 0 0 0 0 0 0 0 0 0 0 0 0 0 0 0 0 0 0 0 0 0 0 0 67 77 82 84 86 90 91 92 92 92 92 91 84 81 78 71 56 0 0 0 0 0 0 0 0 0 0 0 0 0 0 0 0 0 0 0 0 0 0 0 0 0 0 0 0 0 0 0 0 0 0 0 0 73 84 91 94 98 103 104 104 104 104 103 103 103 103 103 103 103 103 104 104 103 103 102 102 101 101 101 102 103 105 101 100 99 94 77 0 0 0 0 0 0 0 0 0 0 0 61 65 66 69 70 75 80 85 
71 61 66 66 66 67 66 67 68 68 68 69 70 69 70 70 70 70 71 71 72 73 73 74 74 74 75 76 76 77 77 73 72 69 64 55 0 0 0 0 0 0 0 0 0 0 0 0 0 0 0 0 0 0 0 0 0 0 0 0 0 0 0 0 0 0 0 0 0 68 78 82 84 86 90 91 92 92 92 92 91 83 81 77 71 56 0 0 0 0 0 0 0 0 0 0 0 0 0 0 0 0 0 0 0 0 0 0 0 0 0 0 0 0 0 0 0 0 0 0 0 0 71 84 90 93 97 103 104 104 104 104 104 103 103 103 103 103 103 103 103 103 103 102 102 102 101 101 101 102 103 105 101 101 100 95 78 0 0 0 0 0 0 0 0 0 0 0 61 64 66 68 70 74 80 80 
63 65 66 66 66 66 66 67 68 69 68 69 69 69 69 70 70 70 71 71 72 73 73 74 74 74 75 76 76 77 77 73 72 69 64 53 0 0 0 0 0 0 0 0 0 0 0 0 0 0 0 0 0 0 0 0 0 0 0 0 0 0 0 0 0 0 0 0 0 69 78 82 84 86 90 91 91 92 92 92 91 83 81 77 70 54 0 0 0 0 0 0 0 0 0 0 0 0 0 0 0 0 0 0 0 0 0 0 0 0 0 0 0 0 0 0 0 0 0 0 0 0 70 83 90 93 97 102 104 103 103 104 104 104 103 103 103 103 103 103 104 103 103 102 102 101 101 101 101 102 103 105 102 102 101 98 82 0 0 0 0 0 0 0 0 0 0 0 60 64 66 68 70 74 77 84 
65 68 66 66 66 66 67 67 68 69 68 69 69 69 70 70 70 71 72 72 73 74 74 75 75 75 75 76 76 77 76 73 72 70 65 0 0 0 0 0 0 0 0 0 0 0 0 0 0 0 0 0 0 0 0 0 0 0 0 0 0 0 0 0 0 0 0 0 0 71 80 83 85 87 91 91 91 91 91 91 91 83 78 74 67 50 0 0 0 0 0 0 0 0 0 0 0 0 0 0 0 0 0 0 0 0 0 0 0 0 0 0 0 0 0 0 0 0 0 0 0 0 68 82 89 92 96 102 104 103 104 104 104 104 103 103 103 103 103 103 103 103 103 102 102 102 102 101 102 102 103 105 102 103 102 100 88 0 0 0 0 0 0 0 0 0 0 0 60 64 65 67 69 74 75 82 
63 69 66 66 66 66 66 67 67 68 67 68 68 68 69 69 70 70 71 72 73 73 74 74 74 74 75 76 76 77 76 74 73 71 67 0 0 0 0 0 0 0 0 0 0 0 0 0 0 0 0 0 0 0 0 0 0 0 0 0 0 0 0 0 0 0 0 0 0 71 80 83 85 86 90 91 91 91 91 91 90 82 76 72 64 49 0 0 0 0 0 0 0 0 0 0 0 0 0 0 0 0 0 0 0 0 0 0 0 0 0 0 0 0 0 0 0 0 0 0 0 0 71 85 92 94 96 102 103 103 103 103 104 104 103 103 103 103 103 103 103 103 103 102 102 102 102 102 102 102 103 105 102 101 100 97 85 0 0 0 0 0 0 0 0 0 0 0 60 64 65 67 69 73 79 82 
66 68 66 66 66 66 66 66 67 67 67 68 68 68 68 69 70 70 71 72 73 73 74 74 74 74 75 76 76 76 75 74 73 71 67 0 0 0 0 0 0 0 0 0 0 0 0 0 0 0 0 0 0 0 0 0 0 0 0 0 0 0 0 0 0 0 0 0 0 71 80 83 85 86 90 91 91 91 91 91 90 82 76 72 65 50 0 0 0 0 0 0 0 0 0 0 0 0 0 0 0 0 0 0 0 0 0 0 0 0 0 0 0 0 0 0 0 0 0 0 0 0 69 84 91 94 95 102 103 103 103 104 104 104 104 103 103 103 103 103 103 103 103 102 102 102 102 102 102 102 103 104 103 100 99 96 84 0 0 0 0 0 0 0 0 0 0 0 60 63 64 66 68 73 78 84 
66 66 66 66 66 66 66 66 66 67 67 68 69 68 69 70 70 70 71 72 73 73 73 74 74 74 75 75 75 76 75 74 74 72 69 0 0 0 0 0 0 0 0 0 0 0 0 0 0 0 0 0 0 0 0 0 0 0 0 0 0 0 0 0 0 0 0 0 0 73 81 84 86 87 90 91 91 91 91 91 90 82 75 70 62 48 0 0 0 0 0 0 0 0 0 0 0 0 0 0 0 0 0 0 0 0 0 0 0 0 0 0 0 0 0 0 0 0 0 0 0 0 69 83 90 94 96 102 104 103 103 104 104 104 104 104 104 104 104 104 104 103 102 102 102 102 102 102 102 102 103 105 103 98 97 93 81 0 0 0 0 0 0 0 0 0 0 0 59 62 64 66 68 73 79 84 
66 62 65 66 66 66 66 67 67 68 68 68 69 68 69 69 70 70 71 72 73 73 74 75 75 74 75 75 75 75 74 74 74 72 69 0 0 0 0 0 0 0 0 0 0 0 0 0 0 0 0 0 0 0 0 0 0 0 0 0 0 0 0 0 0 0 0 0 0 74 81 84 86 87 91 91 91 91 91 91 90 82 75 70 62 47 0 0 0 0 0 0 0 0 0 0 0 0 0 0 0 0 0 0 0 0 0 0 0 0 0 0 0 0 0 0 0 0 0 0 0 0 67 83 90 94 96 103 104 103 104 104 104 104 104 104 103 104 103 103 103 103 102 102 102 102 101 102 101 102 102 104 103 97 95 91 80 59 0 0 0 0 0 0 0 0 0 0 59 62 63 65 67 72 77 83 
63 66 65 65 65 66 65 66 67 67 67 68 69 69 69 70 70 70 71 71 72 73 73 74 74 74 75 75 75 76 74 74 73 72 68 0 0 0 0 0 0 0 0 0 0 0 0 0 0 0 0 0 0 0 0 0 0 0 0 0 0 0 0 0 0 0 0 0 0 75 82 84 86 88 91 91 91 91 91 91 90 82 76 72 63 48 0 0 0 0 0 0 0 0 0 0 0 0 0 0 0 0 0 0 0 0 0 0 0 0 0 0 0 0 0 0 0 0 0 0 0 0 67 83 90 94 95 103 104 104 104 104 104 104 104 104 104 104 104 104 104 104 103 102 101 101 101 101 101 102 103 105 104 96 95 90 80 61 0 0 0 0 0 0 0 0 0 0 60 61 62 64 67 71 73 84 
67 65 65 65 65 66 66 67 67 67 68 68 69 69 69 70 70 70 70 71 72 73 74 75 75 75 75 75 75 75 74 73 73 71 66 0 0 0 0 0 0 0 0 0 0 0 0 0 0 0 0 0 0 0 0 0 0 0 0 0 0 0 0 0 0 0 0 0 0 77 83 85 87 88 91 91 92 92 92 92 91 83 77 72 63 48 0 0 0 0 0 0 0 0 0 0 0 0 0 0 0 0 0 0 0 0 0 0 0 0 0 0 0 0 0 0 0 0 0 0 0 0 67 82 91 94 96 103 105 104 104 104 104 103 104 104 104 104 105 104 104 104 103 102 101 101 101 101 102 102 103 105 105 97 95 91 81 63 0 0 0 0 0 0 0 0 0 0 58 61 62 64 66 72 82 83 
66 72 65 66 66 66 67 67 67 68 68 68 69 69 69 70 70 70 70 71 71 72 73 75 75 76 76 76 75 76 74 73 73 72 66 0 0 0 0 0 0 0 0 0 0 0 0 0 0 0 0 0 0 0 0 0 0 0 0 0 0 0 0 0 0 0 0 0 0 78 84 86 87 89 91 91 92 92 92 92 91 83 76 70 62 47 0 0 0 0 0 0 0 0 0 0 0 0 0 0 0 0 0 0 0 0 0 0 0 0 0 0 0 0 0 0 0 0 0 0 0 0 62 79 87 91 96 103 105 104 104 104 104 104 104 104 104 105 105 104 104 104 103 102 101 101 101 101 101 102 103 105 105 97 96 93 84 66 0 0 0 0 0 0 0 0 0 0 59 61 62 64 66 71 73 86 
60 64 65 66 66 66 67 67 67 68 68 68 69 69 69 69 70 70 70 71 72 73 74 75 75 75 76 75 75 76 74 73 72 71 64 0 0 0 0 0 0 0 0 0 0 0 0 0 0 0 0 0 0 0 0 0 0 0 0 0 0 0 0 0 0 0 0 0 0 72 80 83 86 89 92 91 92 91 92 92 91 83 76 71 62 47 0 0 0 0 0 0 0 0 0 0 0 0 0 0 0 0 0 0 0 0 0 0 0 0 0 0 0 0 0 0 0 0 0 0 0 0 58 75 84 89 96 103 105 105 104 104 104 104 104 104 104 105 105 104 104 104 103 102 102 102 101 102 102 102 103 105 105 99 97 95 87 70 0 0 0 0 0 0 0 0 0 0 0 62 63 64 67 71 75 86 
66 61 65 66 66 66 67 67 67 67 67 67 68 69 69 69 70 70 70 71 72 73 74 75 75 76 76 75 76 76 73 73 72 70 63 0 0 0 0 0 0 0 0 0 0 0 0 0 0 0 0 0 0 0 0 0 0 0 0 0 0 0 0 0 0 0 0 0 0 72 80 84 86 89 92 92 92 92 92 92 91 84 74 69 61 47 38 0 0 0 0 0 0 0 0 0 0 0 0 0 0 0 0 0 0 0 0 0 0 0 0 0 0 0 0 0 0 0 0 0 0 0 56 73 82 87 96 104 105 105 104 104 104 104 104 105 105 105 105 104 104 104 103 102 102 101 100 101 101 102 103 105 105 100 98 96 89 72 0 0 0 0 0 0 0 0 0 0 0 61 62 64 66 71 73 83 
69 61 65 66 67 67 68 68 68 67 68 67 68 68 69 69 70 70 71 71 72 73 74 75 75 76 75 75 76 76 73 72 71 69 62 0 0 0 0 0 0 0 0 0 0 0 0 0 0 0 0 0 0 0 0 0 0 0 0 0 0 41 41 41 41 0 0 0 0 67 77 81 84 89 91 92 92 92 92 92 91 84 73 68 60 47 39 0 0 0 0 0 0 0 0 0 0 0 0 0 0 0 0 0 0 0 0 0 0 0 0 0 0 0 0 0 0 0 0 0 0 41 54 70 80 85 96 104 105 105 105 105 105 105 105 105 105 105 104 104 104 103 103 102 102 101 101 101 101 102 103 105 106 100 98 96 90 72 0 0 0 0 0 0 0 0 0 0 0 61 63 64 67 71 76 85 
60 61 65 66 66 67 67 67 67 67 68 67 68 69 69 69 70 70 71 72 72 73 74 74 75 75 75 75 76 76 73 72 70 67 59 0 0 0 0 0 0 0 0 0 0 0 0 0 0 0 0 0 0 0 0 0 0 0 0 0 0 0 0 0 0 0 0 0 0 64 74 79 82 89 92 92 92 92 92 92 91 84 73 69 61 48 40 0 0 0 0 0 0 0 0 0 0 0 0 0 0 0 0 0 0 0 0 0 0 0 0 0 0 0 0 0 0 0 0 0 0 41 53 70 79 85 96 104 105 106 106 106 105 106 105 105 105 105 104 104 103 103 102 102 102 101 101 100 100 101 102 105 106 100 99 97 91 73 0 0 0 0 0 0 0 0 0 0 0 0 64 64 66 70 72 79 
63 63 66 66 66 67 67 67 67 68 68 68 69 69 69 69 70 70 71 71 72 73 74 74 75 75 74 75 75 76 72 72 70 66 58 0 0 0 0 0 0 0 0 0 0 0 0 0 0 0 0 0 0 0 0 0 0 0 0 0 0 0 0 0 0 0 0 0 42 62 72 77 81 89 92 93 93 93 93 93 92 84 74 69 61 48 41 0 0 0 0 0 0 0 0 0 0 0 0 0 0 0 0 0 0 0 0 0 0 0 0 0 0 0 0 0 0 0 0 0 0 41 53 70 80 85 96 105 106 106 106 106 106 106 106 105 105 105 104 104 103 103 102 102 102 101 100 100 100 101 103 105 107 101 100 98 92 74 0 0 0 0 0 0 0 0 0 0 0 0 0 62 66 70 66 70 
66 64 65 65 66 66 67 66 67 67 67 67 69 69 69 70 71 71 71 72 72 73 73 74 74 75 75 75 76 76 73 72 70 66 58 0 0 0 0 0 0 0 0 0 0 0 0 0 0 0 0 0 0 0 0 0 0 0 0 0 0 0 0 0 0 0 0 0 41 62 72 77 80 89 92 93 93 93 93 93 92 85 74 69 62 48 42 0 0 0 0 0 0 0 0 0 0 0 0 0 0 0 0 0 0 0 0 0 0 0 0 0 0 0 0 0 0 0 0 0 0 41 53 70 80 85 96 105 107 107 107 107 106 106 106 106 106 105 104 104 103 102 102 102 102 101 100 101 101 102 103 105 107 101 100 98 92 74 0 0 0 0 0 0 0 0 0 0 0 0 0 0 64 70 63 75 
65 65 65 66 66 66 66 66 67 68 68 68 70 70 70 70 71 71 71 72 73 73 73 74 74 75 75 75 76 76 72 72 70 67 59 0 0 0 0 0 0 0 0 0 0 0 0 0 0 0 0 0 0 0 0 0 0 0 0 0 0 0 0 0 0 0 0 0 41 60 70 76 79 89 92 92 92 93 93 93 92 85 75 70 62 49 43 0 0 0 0 0 0 0 0 0 0 0 0 0 0 0 0 0 0 0 0 0 0 0 0 0 0 0 0 0 0 0 0 0 0 42 53 69 80 85 96 106 108 107 108 108 107 106 106 106 105 105 104 104 103 102 102 103 102 101 101 101 101 102 103 105 107 101 100 98 92 73 0 0 0 0 0 0 0 0 0 0 0 0 0 0 63 69 0 74 
69 63 65 65 65 66 66 66 67 67 67 68 69 70 70 71 72 72 71 72 72 72 73 74 74 75 75 75 76 76 73 72 71 68 62 0 0 0 0 0 0 0 0 0 0 0 0 0 0 0 0 0 0 0 0 0 0 0 0 0 0 0 0 0 0 0 0 0 42 61 71 76 80 89 92 92 93 93 93 93 93 85 75 70 62 49 43 0 0 0 0 0 0 0 0 0 0 0 0 0 0 0 0 0 0 0 0 0 0 0 0 0 0 0 0 0 0 0 0 0 0 41 52 69 79 85 96 106 108 108 108 108 107 106 106 105 105 105 104 104 103 102 102 102 101 101 101 101 101 102 103 105 107 101 100 98 92 73 0 0 0 0 0 0 0 0 0 0 0 0 0 0 61 69 64 80 
65 65 65 65 65 66 66 67 67 68 68 68 69 70 70 71 71 71 71 72 72 72 73 74 74 75 75 75 76 76 73 73 72 69 63 0 0 0 0 0 0 0 0 0 0 0 0 0 0 0 0 0 0 0 0 0 0 0 0 0 0 0 0 0 0 0 0 0 43 62 71 77 80 90 92 92 93 93 93 93 92 85 75 70 62 50 42 0 0 0 0 0 0 0 0 0 0 0 0 0 0 0 0 0 0 0 0 0 0 0 0 0 0 0 0 0 0 0 0 0 0 41 51 67 77 83 96 106 108 108 108 108 107 107 106 105 105 104 104 103 104 102 102 102 102 101 101 101 101 102 103 105 107 101 100 98 92 72 0 0 0 0 0 0 0 0 0 0 0 0 0 0 60 69 58 75 
66 63 65 65 65 65 65 66 67 68 68 68 69 70 70 71 71 71 71 72 72 73 73 74 74 75 75 75 76 76 74 73 73 71 67 0 0 0 0 0 0 0 0 0 0 0 0 0 0 0 0 0 0 0 0 0 0 0 0 0 0 0 38 38 38 0 0 0 42 62 71 77 80 90 92 92 93 93 94 94 93 86 75 71 63 51 42 0 0 0 0 0 0 0 0 0 0 0 0 0 0 0 0 0 0 0 0 0 0 0 0 0 0 0 0 0 0 0 0 0 0 40 51 67 77 83 97 106 108 108 108 108 107 106 106 105 105 104 104 103 104 103 102 102 102 101 101 101 101 101 102 104 106 100 99 97 91 70 0 0 0 0 0 0 0 0 0 0 0 0 0 0 60 68 58 74 
64 65 65 65 65 65 65 66 67 67 68 69 69 69 70 70 70 71 71 71 72 72 73 74 74 75 75 75 76 76 74 73 72 71 67 0 0 0 0 0 0 0 0 0 0 0 0 0 0 0 0 0 0 0 0 0 0 0 0 0 0 0 0 37 37 0 0 0 43 62 72 77 80 90 92 92 93 93 93 94 93 86 76 71 64 52 43 0 0 0 0 0 0 0 0 0 0 0 0 0 0 0 0 0 0 0 0 0 0 0 0 0 0 0 0 0 0 0 0 0 0 40 51 67 77 83 96 106 108 108 108 108 107 107 106 105 104 104 104 103 103 103 102 102 102 101 101 101 101 101 102 103 106 100 99 97 92 71 0 0 0 0 0 0 0 0 0 0 0 0 0 0 60 68 62 72 
67 65 65 65 65 65 65 66 67 67 68 69 68 69 69 70 70 70 70 71 72 72 73 74 75 75 76 76 76 76 74 73 73 71 67 0 0 0 0 0 0 0 0 0 0 0 0 0 0 0 0 0 0 0 0 0 0 0 0 0 0 0 37 37 37 37 0 0 44 63 72 77 81 90 92 93 93 93 93 94 93 86 76 72 65 52 44 0 0 0 0 0 0 0 0 0 0 0 0 0 0 0 0 0 0 0 0 0 0 0 0 0 0 0 0 0 0 0 0 0 0 41 51 67 77 83 96 106 107 108 107 107 107 107 106 105 104 104 104 103 103 103 102 102 102 101 101 101 101 101 102 103 106 100 99 98 92 72 0 0 0 0 0 0 0 0 0 0 0 0 0 0 60 67 60 78 
66 61 65 65 66 66 66 66 67 67 68 68 68 69 69 69 69 70 71 71 72 73 73 73 74 74 75 76 76 76 74 73 72 70 65 0 0 0 0 0 0 0 0 0 0 0 0 0 0 0 0 0 0 0 0 0 0 0 0 0 0 0 37 37 37 38 38 0 44 64 73 78 81 91 93 93 93 93 94 94 93 87 77 73 65 53 44 0 0 0 0 0 0 0 0 0 0 0 0 0 0 0 0 0 0 0 0 0 0 0 0 0 0 0 0 0 0 0 0 0 0 41 51 66 77 83 96 105 107 108 108 108 107 107 106 105 104 104 104 103 103 103 102 102 102 102 102 101 101 101 102 103 106 100 100 98 93 74 0 0 0 0 0 0 0 0 0 0 0 0 0 0 61 69 61 76 
65 59 65 65 66 66 66 66 66 67 68 68 68 68 69 69 70 70 71 71 72 73 74 74 75 75 75 76 76 76 74 73 72 69 60 0 0 0 0 0 0 0 0 0 0 0 0 0 0 0 0 0 0 0 0 0 0 0 0 0 0 0 37 37 37 37 38 0 43 64 73 78 81 91 93 93 94 94 94 94 94 88 78 74 67 54 45 0 0 0 0 0 0 0 0 0 0 0 42 41 41 41 0 0 0 0 0 0 0 0 0 0 0 0 0 0 0 0 0 0 0 42 51 66 77 83 96 105 107 107 107 107 107 107 106 106 105 104 104 104 104 103 103 102 102 102 101 101 101 101 101 103 105 100 100 99 94 76 0 0 0 0 0 0 0 0 0 0 0 0 0 0 60 69 58 75 
64 64 65 65 66 66 66 66 67 67 68 68 68 68 68 69 70 70 70 71 72 72 73 74 74 75 75 75 76 76 73 72 71 68 58 0 0 0 0 0 0 0 0 0 0 0 0 0 0 0 0 0 0 0 0 0 0 0 0 0 0 0 37 37 38 38 0 0 44 65 74 79 82 91 93 93 93 94 94 94 94 88 79 75 68 55 48 0 0 0 0 0 0 0 0 0 0 42 43 43 43 43 0 0 0 0 0 0 0 0 0 0 0 0 0 0 0 0 0 0 0 43 51 66 76 82 95 105 107 107 107 108 107 107 106 106 105 104 104 104 103 103 103 102 102 102 101 101 101 101 102 103 105 101 101 100 95 79 0 0 0 0 0 0 0 0 0 0 0 0 0 0 62 70 63 83 
69 63 65 65 66 66 66 66 67 67 68 68 68 68 69 69 70 70 70 71 72 72 74 74 75 75 75 75 76 76 73 72 71 68 58 0 0 0 0 0 0 0 0 0 0 0 0 0 0 0 0 0 0 0 0 0 0 0 0 0 0 0 37 37 38 38 0 0 44 65 74 79 82 92 94 94 94 95 95 95 95 89 80 76 69 57 49 0 0 0 0 0 0 0 0 0 0 42 46 46 46 46 0 0 0 0 0 0 0 0 0 0 0 0 0 0 0 0 0 0 0 44 52 67 76 83 95 105 107 108 107 107 107 107 106 106 105 104 103 103 103 103 103 102 102 101 101 100 101 101 101 103 105 101 101 100 96 80 0 0 0 0 0 0 0 0 0 0 0 0 0 0 62 70 59 79 
57 67 65 65 65 65 66 66 66 67 68 68 68 68 69 69 70 70 71 71 72 73 73 74 74 75 75 76 76 76 73 72 71 68 58 0 0 0 0 0 0 0 0 0 0 0 0 0 0 0 0 0 0 0 0 0 0 0 0 0 0 0 37 37 38 38 38 0 44 66 75 80 82 92 94 94 94 95 95 96 96 90 81 77 70 58 50 0 0 0 0 0 0 0 0 0 0 40 49 49 49 51 60 0 0 0 0 0 0 0 0 0 0 0 0 0 0 0 0 0 0 45 52 67 77 83 95 105 107 108 107 107 107 107 106 106 105 105 104 104 104 103 103 102 101 101 100 100 101 101 101 103 106 102 102 101 97 82 0 0 0 0 0 0 0 0 0 0 0 0 0 0 63 70 66 77 
63 63 65 65 65 65 65 66 66 67 67 68 68 68 69 70 70 70 71 71 71 72 73 74 74 75 75 76 76 76 73 72 70 67 57 0 0 0 0 0 0 0 0 0 0 0 0 0 0 0 0 0 0 0 0 0 0 0 0 0 0 0 37 37 37 37 0 0 45 65 75 80 83 92 94 94 94 95 95 96 97 91 81 78 71 59 52 0 0 0 0 0 0 0 0 0 0 40 53 56 56 58 66 0 0 0 0 0 0 0 0 0 0 0 0 0 0 0 0 0 0 45 53 67 77 83 95 105 107 108 107 107 107 106 105 105 105 104 104 105 104 103 103 102 101 100 100 99 100 100 101 103 106 102 102 101 97 82 0 0 0 0 0 0 0 0 0 0 0 0 0 0 63 70 62 75 
60 60 64 65 65 65 65 66 66 67 67 67 67 68 69 70 70 70 71 71 72 72 73 73 74 74 75 76 76 76 73 71 70 67 60 0 0 0 0 0 0 0 0 0 0 0 0 0 0 0 0 0 0 0 0 0 0 0 0 0 0 0 37 37 37 37 0 0 46 66 75 80 83 92 94 94 94 95 96 96 97 91 82 78 72 60 52 0 0 0 0 0 0 0 0 0 0 41 59 62 64 67 75 0 0 0 0 0 0 0 0 0 0 0 0 0 0 0 0 0 0 47 54 68 77 83 95 105 107 108 107 107 107 106 105 105 105 104 104 104 104 103 102 101 101 100 99 99 100 100 101 103 106 102 102 101 98 83 0 0 0 0 0 0 0 0 0 0 0 0 0 0 65 71 63 75 
61 68 64 65 65 66 66 66 66 66 66 67 67 68 69 69 70 70 71 71 72 72 72 73 73 74 75 76 77 76 73 72 70 67 60 0 0 0 0 0 0 0 0 0 0 0 0 0 0 0 0 0 0 0 0 0 0 0 0 0 0 0 37 37 37 37 0 0 45 64 74 79 82 92 94 94 95 95 96 97 98 92 83 79 73 61 53 0 0 0 0 0 0 0 0 0 0 0 61 69 70 73 76 80 0 0 0 0 0 0 0 0 0 0 0 0 0 0 0 0 0 48 54 68 77 83 95 105 107 107 107 106 106 106 105 105 105 104 104 104 104 103 103 101 101 100 100 99 100 100 101 102 106 102 102 102 98 83 0 0 0 0 0 0 0 0 0 0 0 0 0 0 65 70 66 80 
63 67 64 65 65 65 66 66 66 66 66 67 67 68 68 69 70 70 71 71 72 72 72 73 73 74 75 76 76 76 73 71 70 67 59 0 0 0 0 0 0 0 0 0 0 0 0 0 0 0 0 0 0 0 0 0 0 0 0 0 0 0 36 36 36 36 0 0 46 65 74 80 83 92 94 94 95 95 96 97 98 92 84 80 75 63 55 0 0 0 0 0 0 0 0 0 0 0 60 76 76 80 80 89 0 0 0 0 0 0 0 0 0 0 0 0 0 0 0 0 0 48 54 68 78 83 96 105 107 107 107 106 106 106 105 105 105 104 104 104 104 103 102 101 100 100 99 99 100 100 101 102 105 102 102 101 99 84 0 0 0 0 0 0 0 0 0 0 0 0 0 0 66 70 66 77 
61 64 64 65 65 66 65 65 66 66 66 67 67 68 68 69 70 70 70 71 72 72 72 73 73 74 75 76 76 76 73 72 70 67 58 0 0 0 0 0 0 0 0 0 0 0 0 0 0 0 0 0 0 0 0 0 0 0 0 0 0 0 36 36 36 0 0 0 47 65 74 79 83 92 94 95 95 95 96 97 98 93 85 80 74 63 56 0 0 0 0 0 0 0 0 0 0 0 59 85 99 100 97 114 114 0 0 0 0 0 0 0 0 0 0 0 0 0 0 0 0 47 54 68 78 84 96 105 107 107 107 106 107 106 105 104 105 104 104 103 103 102 102 101 100 99 99 99 99 99 100 101 104 101 101 101 98 84 0 0 0 0 0 0 0 0 0 0 0 0 0 63 65 70 70 79 
58 67 64 65 65 66 65 65 66 66 67 68 68 69 69 69 70 70 71 72 72 72 72 73 73 74 75 75 76 76 73 72 71 68 60 0 0 0 0 0 0 0 0 0 0 0 0 0 0 0 0 0 0 0 0 0 0 0 0 0 0 0 0 0 0 0 0 0 48 65 74 79 83 92 95 95 96 96 96 97 98 93 86 82 77 69 66 0 0 0 0 0 0 0 0 0 0 0 56 130 137 174 165 196 182 212 0 0 0 0 0 0 0 0 0 0 0 0 0 0 0 55 57 70 79 85 96 105 107 107 107 106 106 106 105 104 104 104 103 103 103 102 102 100 100 99 99 99 99 99 100 102 104 101 101 101 98 84 0 0 0 0 0 0 0 0 0 0 0 0 0 62 65 69 70 77 
64 66 64 65 65 65 65 65 66 67 67 68 69 69 69 69 70 70 70 71 72 72 72 73 73 74 75 75 76 77 73 73 71 68 59 0 0 0 0 0 0 0 0 0 0 0 0 0 0 0 0 0 0 0 0 0 0 0 0 0 0 0 0 0 0 0 0 0 47 65 73 79 84 94 96 97 97 96 96 98 98 93 89 90 85 81 85 94 0 0 0 0 0 0 0 0 0 0 56 220 201 228 234 267 192 218 123 0 0 0 0 0 0 0 0 0 0 0 0 0 0 70 66 75 82 87 96 105 107 107 107 106 106 106 105 104 104 103 103 103 102 102 101 100 100 99 99 99 99 99 100 101 104 101 101 100 98 84 0 0 0 0 0 0 0 0 0 0 0 0 0 61 64 68 63 79 
64 61 63 64 64 65 65 66 67 68 68 69 70 70 70 70 70 70 70 71 72 72 73 74 74 75 75 75 76 76 73 72 71 67 59 0 0 0 0 0 0 0 0 0 0 0 0 0 0 0 0 0 0 0 0 0 0 0 0 0 0 0 0 0 0 0 0 0 49 66 74 81 87 98 100 101 100 98 96 97 98 93 91 93 86 83 88 90 0 0 0 0 0 0 0 0 0 0 56 254 243 264 281 304 201 207 127 45 0 0 0 0 0 0 0 0 0 0 0 0 0 82 74 81 86 89 96 105 106 107 107 106 106 106 105 104 104 103 103 103 102 101 101 100 99 99 98 98 99 99 100 101 104 100 100 99 97 82 0 0 0 0 0 0 0 0 0 0 0 0 0 62 65 68 65 73 
62 62 63 64 64 65 65 66 67 68 68 69 70 70 70 70 70 70 70 71 72 73 73 74 74 74 75 75 76 76 73 72 71 67 58 0 0 0 0 0 0 0 0 0 0 0 0 0 0 0 0 0 0 0 0 0 0 0 0 0 0 0 0 0 0 0 0 0 48 65 73 80 88 99 101 102 101 98 97 97 98 93 90 91 84 81 84 84 0 0 0 0 0 0 0 0 0 0 54 242 250 299 312 321 243 233 109 46 0 0 0 0 0 0 0 0 0 0 0 0 88 82 75 81 86 90 96 104 106 107 106 106 106 105 104 104 103 102 102 102 102 101 100 99 99 98 98 98 98 98 99 100 102 98 98 97 94 80 0 0 0 0 0 0 0 0 0 0 0 0 0 63 65 68 70 77 
63 61 63 64 64 65 65 66 67 67 68 69 69 69 70 69 70 70 71 71 73 73 73 74 74 74 74 75 76 75 72 72 71 66 59 0 0 0 0 0 0 0 0 0 0 0 0 0 0 0 0 0 0 0 0 0 0 0 0 0 0 0 0 0 0 0 0 0 47 65 73 80 88 99 102 103 102 98 96 97 97 93 90 90 84 80 83 82 0 0 0 0 0 0 0 0 0 0 54 247 243 299 313 296 221 222 103 46 0 0 0 0 0 0 0 0 0 0 0 0 88 82 74 80 86 89 96 104 106 106 106 106 106 105 104 103 103 102 101 100 99 97 96 95 94 93 93 93 94 94 95 96 98 94 93 92 90 74 0 0 0 0 0 0 0 0 0 0 0 0 60 63 65 67 70 76 
60 62 63 64 64 65 65 65 66 67 67 68 68 69 69 69 69 70 70 71 72 73 73 73 74 74 74 75 76 75 72 71 70 65 59 0 0 0 0 0 0 0 0 0 0 0 0 0 0 0 0 0 0 0 0 0 0 0 0 0 0 0 0 0 0 0 0 0 45 64 73 80 87 99 102 102 101 97 96 97 97 93 89 88 82 77 79 80 0 0 0 0 0 0 0 0 0 0 52 232 217 248 263 248 181 185 101 47 0 0 0 0 0 0 0 0 0 0 0 0 0 80 73 80 85 88 95 104 106 107 106 106 106 105 103 102 100 98 95 93 90 89 89 89 90 92 92 90 88 87 87 86 89 87 87 87 86 72 0 0 0 0 0 0 0 0 0 0 0 0 60 62 65 67 74 72 
66 64 64 64 64 65 65 65 65 66 66 67 68 69 69 69 69 70 70 71 72 73 73 73 74 74 74 75 76 75 72 71 70 65 58 0 0 0 0 0 0 0 0 0 0 0 0 0 0 0 0 0 0 0 0 0 0 0 0 0 0 0 0 0 0 0 0 0 46 64 73 79 86 97 100 101 100 97 96 96 96 92 86 81 74 66 63 62 0 0 0 0 0 0 0 0 0 0 47 159 151 197 191 183 159 167 82 49 0 0 0 0 0 0 0 0 0 0 0 0 0 68 65 74 81 86 95 104 106 106 106 105 105 104 102 99 97 94 91 89 87 86 86 87 88 89 89 87 85 84 83 83 85 83 83 83 82 0 0 0 0 0 0 0 0 0 0 0 0 0 60 62 65 67 66 76 
58 59 64 64 64 65 65 65 65 66 66 67 67 68 69 69 69 70 71 72 72 73 73 73 74 74 74 75 76 75 72 71 69 64 58 0 0 0 0 0 0 0 0 0 0 0 0 0 0 0 0 0 0 0 0 0 0 0 0 0 0 0 0 0 0 0 0 0 44 62 73 78 83 94 97 98 98 96 96 96 96 91 83 76 71 60 52 0 0 0 0 0 0 0 0 0 0 0 0 81 108 174 152 147 150 155 62 0 0 0 0 0 0 0 0 0 0 0 0 0 0 51 55 67 76 83 94 104 106 106 106 105 104 102 98 94 92 88 84 82 79 78 77 76 75 77 78 78 77 78 77 77 79 79 79 79 78 0 0 0 0 0 0 0 0 0 0 0 0 60 61 62 65 67 70 73 
69 66 64 64 64 64 65 65 65 66 66 66 67 68 68 69 69 70 71 72 72 73 73 73 74 74 75 75 76 75 72 71 69 65 58 0 0 0 0 0 0 0 0 0 0 0 0 0 0 0 0 0 0 0 0 0 0 0 0 0 0 0 0 0 0 0 0 0 43 61 72 77 82 92 95 96 96 95 95 95 95 91 82 77 71 60 52 0 0 0 0 0 0 0 0 0 0 0 0 0 66 102 94 90 94 99 73 0 0 0 0 0 0 0 0 0 0 0 0 0 0 46 52 66 75 82 94 104 106 106 105 104 103 99 94 90 84 80 77 77 75 76 74 72 69 69 67 65 64 65 64 63 65 66 67 69 0 0 0 0 0 0 0 0 0 0 0 0 0 60 61 62 64 67 75 72 
65 69 64 64 63 64 64 64 65 66 67 66 67 68 68 69 69 70 71 71 71 72 72 73 74 74 74 76 76 75 72 71 69 65 58 0 0 0 0 0 0 0 0 0 0 0 0 0 0 0 0 0 0 0 0 0 0 0 0 0 0 0 0 0 0 0 0 0 42 60 72 77 80 91 94 95 95 96 95 95 95 90 82 78 72 61 53 0 0 0 0 0 0 0 0 0 0 0 0 0 0 92 91 91 91 98 90 0 0 0 0 0 0 0 0 0 0 0 0 0 0 45 51 66 75 82 94 103 105 106 105 104 101 97 92 85 78 74 73 75 77 78 75 72 67 64 57 55 56 60 60 61 62 63 63 63 0 0 0 0 0 0 0 0 0 0 0 0 0 60 61 62 64 66 72 81 
67 63 65 64 64 64 65 65 66 66 67 67 68 68 68 69 69 70 71 71 71 72 72 73 74 74 74 76 76 76 73 72 70 65 58 0 0 0 0 0 0 0 0 0 0 0 0 0 0 0 0 0 0 0 0 0 0 0 0 0 0 0 0 0 0 0 0 0 43 61 72 77 80 91 94 94 95 96 96 96 96 90 81 77 71 60 52 0 0 0 0 0 0 0 0 0 0 0 0 0 0 83 88 85 85 89 87 0 0 0 0 0 0 0 0 0 0 0 0 0 0 45 51 65 75 81 93 103 105 105 104 103 99 94 87 80 74 75 78 85 89 88 83 78 71 64 60 65 70 74 75 74 73 73 71 0 0 0 0 0 0 0 0 0 0 0 0 0 0 61 61 62 65 67 74 74 
63 61 64 64 64 64 65 65 66 66 67 67 67 67 68 69 69 70 70 71 71 72 72 73 74 74 74 76 76 76 73 72 69 66 59 0 0 0 0 0 0 0 0 0 0 0 0 0 0 0 0 0 0 0 0 0 0 0 0 0 0 0 0 0 0 0 0 0 42 60 71 76 80 90 93 94 95 95 95 95 95 89 80 76 70 58 51 0 0 0 0 0 0 0 0 0 0 0 0 0 0 0 81 77 77 77 78 0 0 0 0 0 0 0 0 0 0 0 0 0 0 45 51 65 75 81 93 102 104 105 104 102 98 93 85 79 75 78 84 90 90 87 83 78 70 64 65 71 75 80 80 78 77 77 74 69 0 0 0 0 0 0 0 0 0 0 0 0 0 60 61 62 64 67 69 74 
64 62 64 63 63 64 64 65 65 66 66 67 67 67 68 69 69 69 70 70 71 72 72 73 73 73 73 75 76 75 73 72 70 67 61 0 0 0 0 0 0 0 0 0 0 0 0 0 0 0 0 0 0 0 0 0 0 0 0 0 0 0 0 0 0 0 0 0 42 61 70 76 79 89 92 93 94 94 95 95 94 88 79 75 68 57 49 0 0 0 0 0 0 0 0 0 0 0 0 0 0 0 71 67 67 67 69 0 0 0 0 0 0 0 0 0 0 0 0 0 0 43 50 65 74 80 92 102 104 104 104 102 98 90 84 79 77 83 90 94 95 92 89 84 76 70 73 79 81 83 84 82 80 80 77 72 0 0 0 0 0 0 0 0 0 0 0 0 0 58 61 62 64 66 72 78 
64 66 64 64 64 64 64 65 65 66 66 67 67 67 68 69 69 69 69 70 71 72 72 73 73 73 73 75 75 75 73 72 71 68 62 0 0 0 0 0 0 0 0 0 0 0 0 0 0 0 0 0 0 0 0 0 0 0 0 0 0 0 0 0 0 0 0 0 42 60 70 75 78 88 92 92 93 94 94 94 94 88 78 74 68 56 48 0 0 0 0 0 0 0 0 0 0 0 0 0 0 0 66 60 60 60 61 51 0 0 0 0 0 0 0 0 0 0 0 0 0 45 50 65 74 80 92 101 103 103 103 101 97 90 84 80 82 87 93 97 96 92 88 83 76 73 79 83 86 88 89 88 88 87 83 77 0 0 0 0 0 0 0 0 0 0 0 0 0 58 60 62 64 66 67 72 
61 66 64 64 64 64 64 65 66 66 66 67 67 67 68 68 69 69 69 70 71 72 72 73 74 74 74 74 75 75 73 73 71 69 63 0 0 0 0 0 0 0 0 0 0 0 0 0 0 0 0 0 0 0 0 0 0 0 0 0 0 0 0 0 0 0 0 0 42 63 72 77 80 88 91 92 93 93 94 93 93 87 77 73 66 55 47 0 0 0 0 0 0 0 0 0 0 0 0 0 0 0 0 55 55 55 55 51 0 0 0 0 0 0 0 0 0 0 0 0 0 44 49 65 74 80 92 101 102 103 103 100 97 88 82 80 83 88 94 98 96 92 90 84 77 78 84 87 89 92 93 91 90 89 86 79 0 0 0 0 0 0 0 0 0 0 0 0 0 58 60 63 64 67 69 77 
62 65 63 64 64 64 64 65 65 66 66 66 67 67 67 67 68 68 67 69 70 71 72 74 74 74 74 75 75 75 73 72 71 69 63 0 0 0 0 0 0 0 0 0 0 0 0 0 0 0 0 0 0 0 0 0 0 0 0 0 0 0 0 0 0 0 0 0 42 62 71 76 79 88 91 92 92 93 93 93 92 86 76 72 65 54 46 0 0 0 0 0 0 0 0 0 0 0 0 0 0 0 0 51 51 51 51 0 0 0 0 0 0 0 0 0 0 0 0 0 0 44 49 64 74 79 91 101 102 102 103 99 98 89 83 81 85 88 94 97 93 90 85 79 75 81 86 89 91 93 93 91 90 89 87 82 0 0 0 0 0 0 0 0 0 0 0 0 0 60 62 64 65 68 69 79 
64 66 63 65 64 65 65 66 66 66 66 66 67 67 66 65 66 66 65 67 69 71 72 74 74 74 74 74 75 75 73 73 72 70 65 0 0 0 0 0 0 0 0 0 0 0 0 0 0 0 0 0 0 0 0 0 0 0 0 0 0 0 0 0 0 0 0 0 41 61 71 76 79 88 91 91 92 92 92 92 91 85 75 71 64 53 45 0 0 0 0 0 0 0 0 0 0 0 0 0 0 0 0 0 0 0 0 0 0 0 0 0 0 0 0 0 0 0 0 0 0 44 49 64 74 79 91 101 102 102 101 98 97 88 82 79 82 84 90 92 87 86 80 75 74 82 84 87 90 90 90 89 88 87 86 82 0 0 0 0 0 0 0 0 0 0 0 0 0 59 62 64 65 68 71 79 
58 61 64 65 65 65 65 66 65 66 66 66 67 67 65 64 64 63 63 66 68 70 72 74 74 74 74 74 75 75 73 73 72 70 64 0 0 0 0 0 0 0 0 0 0 0 0 0 0 0 0 0 0 0 0 0 0 0 0 0 0 0 0 0 0 0 0 0 41 61 71 76 79 88 90 91 91 91 91 91 91 84 75 70 63 52 43 0 0 0 0 0 0 0 0 0 0 0 0 0 0 0 0 0 0 0 0 0 0 0 0 0 0 0 0 0 0 0 0 0 0 44 49 64 74 79 91 99 99 98 96 91 89 84 79 77 81 84 88 90 85 83 77 72 70 77 78 82 86 86 84 83 82 80 80 76 0 0 0 0 0 0 0 0 0 0 0 0 0 60 62 63 65 67 69 83 
63 66 64 65 65 65 65 66 65 66 66 67 67 67 65 63 63 62 62 65 68 70 71 73 74 74 74 75 75 76 73 73 72 70 64 0 0 0 0 0 0 0 0 0 0 0 0 0 0 0 0 0 0 0 0 0 0 0 0 0 0 0 0 0 0 0 0 0 0 64 73 77 80 87 89 90 90 90 90 91 90 84 74 70 63 51 42 0 0 0 0 0 0 0 0 0 0 0 0 0 0 0 0 0 0 0 0 0 0 0 0 0 0 0 0 0 0 0 0 0 0 41 49 64 74 80 89 96 96 94 92 88 87 83 78 76 80 82 85 88 82 80 74 70 68 75 76 80 84 83 82 81 80 78 79 75 0 0 0 0 0 0 0 0 0 0 0 0 0 60 62 63 65 68 66 77 
73 62 64 64 65 65 65 66 66 66 66 67 67 66 64 61 61 59 58 62 66 68 70 73 73 74 74 74 75 76 73 72 71 69 62 0 0 0 0 0 0 0 0 0 0 0 0 0 0 0 0 0 0 0 0 0 0 0 0 0 0 0 0 0 0 0 0 0 0 63 73 77 80 87 89 89 89 89 89 90 90 84 74 69 62 50 41 0 0 0 0 0 0 0 0 0 0 0 0 0 0 0 0 0 0 0 0 0 0 0 0 0 0 0 0 0 0 0 0 0 0 0 49 66 76 81 86 93 93 90 87 85 84 82 76 74 78 80 80 83 77 75 67 65 64 71 72 76 80 79 78 77 77 74 75 0 0 0 0 0 0 0 0 0 0 0 0 0 0 62 62 64 65 68 69 76 
59 63 64 64 64 64 65 65 65 65 66 66 67 66 65 62 62 60 59 62 65 68 70 72 73 74 73 74 75 75 72 72 71 69 62 0 0 0 0 0 0 0 0 0 0 0 0 0 0 0 0 0 0 0 0 0 0 0 0 0 0 0 0 0 0 0 0 0 0 66 75 79 81 87 88 88 88 88 88 89 89 83 73 68 61 49 41 0 0 0 0 0 0 0 0 0 0 0 0 0 0 0 0 0 0 0 0 0 0 0 0 0 0 0 0 0 0 0 0 0 0 0 51 68 78 81 85 91 90 85 81 79 78 76 71 68 0 71 71 73 67 66 62 60 58 64 64 66 69 70 70 69 68 66 68 0 0 0 0 0 0 0 0 0 0 0 0 0 0 59 61 63 65 67 74 76 
69 63 64 65 64 65 65 66 65 66 66 67 67 66 65 64 64 62 62 64 66 68 70 72 73 74 74 74 75 75 72 72 70 68 60 0 0 0 0 0 0 0 0 0 0 0 0 0 0 0 0 0 0 0 0 0 0 0 0 0 0 0 0 0 0 0 0 0 0 70 78 82 83 86 89 88 88 88 88 89 89 82 72 68 61 48 40 0 0 0 0 0 0 0 0 0 0 0 0 0 0 0 0 0 0 0 0 0 0 0 0 0 0 0 0 0 0 0 0 0 0 0 51 70 80 81 82 88 86 78 71 65 61 0 0 0 0 0 0 0 0 0 0 0 0 0 0 0 0 0 0 0 0 0 0 0 0 0 0 0 0 0 0 0 0 0 0 0 0 60 61 63 65 67 74 77 
63 67 64 65 64 64 65 65 65 65 66 66 66 66 66 66 66 65 64 65 67 68 69 71 72 73 73 74 74 74 72 71 70 68 61 0 0 0 0 0 0 0 0 0 0 0 0 0 0 0 0 0 0 0 0 0 0 0 0 0 0 0 0 0 0 0 0 0 0 77 82 84 86 86 89 88 88 88 88 89 89 82 72 68 60 47 40 0 0 0 0 0 0 0 0 0 0 0 0 0 0 0 0 0 0 0 0 0 0 0 0 0 0 0 0 0 0 0 0 0 0 0 53 73 82 82 80 87 84 75 0 0 0 0 0 0 0 0 0 0 0 0 0 0 0 0 0 0 0 0 0 0 0 0 0 0 0 0 0 0 0 0 0 0 0 0 0 0 0 61 62 63 65 68 69 77 
64 66 64 64 64 64 64 64 65 65 65 65 66 66 67 67 67 66 66 67 68 69 70 71 72 73 74 74 74 74 71 71 70 68 60 0 0 0 0 0 0 0 0 0 0 0 0 0 0 0 0 0 0 0 0 0 0 0 0 0 0 0 0 0 0 0 0 0 0 75 81 84 85 86 89 88 88 88 88 89 88 81 73 68 61 47 40 0 0 0 0 0 0 0 0 0 0 0 0 0 0 0 0 0 0 0 0 0 0 0 0 0 0 0 0 0 0 0 0 0 0 0 55 74 82 82 80 87 85 75 0 0 0 0 0 0 0 0 0 0 0 0 0 0 0 0 0 0 0 0 0 0 0 0 0 0 0 0 0 0 0 0 0 0 0 0 0 0 0 61 61 63 64 67 68 76 
62 65 64 64 64 64 64 64 64 65 65 65 66 67 67 68 68 68 68 69 69 70 70 71 72 73 73 74 74 75 72 71 70 68 61 0 0 0 0 0 0 0 0 0 0 0 0 0 0 0 0 0 0 0 0 0 0 0 0 0 0 0 0 0 0 0 0 0 0 68 77 80 82 86 88 89 88 89 89 89 88 81 72 68 61 48 40 0 0 0 0 0 0 0 0 0 0 0 0 0 0 0 0 0 0 0 0 0 0 0 0 0 0 0 0 0 0 0 0 0 0 0 55 73 82 82 81 88 86 79 0 0 0 0 0 0 0 0 0 0 0 0 0 0 0 0 0 0 0 0 0 0 0 0 0 0 0 0 0 0 0 0 0 0 0 0 0 0 0 60 61 62 64 67 72 81 
63 61 64 64 64 64 64 63 64 64 65 64 65 65 66 67 68 68 68 69 70 70 71 71 72 72 73 74 74 75 72 71 70 68 61 0 0 0 0 0 0 0 0 0 0 0 0 0 0 0 0 0 0 0 0 0 0 0 0 0 0 0 0 0 0 0 0 0 0 68 76 80 82 85 88 89 89 89 89 89 88 81 74 70 62 48 0 0 0 0 0 0 0 0 0 0 0 0 0 0 0 0 0 0 0 0 0 0 0 0 0 0 0 0 0 0 0 0 0 0 0 0 56 74 82 83 83 89 86 80 74 0 0 0 0 0 0 0 0 0 0 0 0 0 0 0 0 0 0 0 0 0 0 0 0 0 0 0 0 0 0 0 0 0 0 0 0 0 0 60 61 62 64 67 67 79 
68 63 64 64 63 63 63 63 63 64 64 64 65 65 65 65 66 65 66 67 68 68 69 70 70 71 72 72 73 74 71 71 70 68 63 0 0 0 0 0 0 0 0 0 0 0 0 0 0 0 0 0 0 0 0 0 0 0 0 0 0 0 0 0 0 0 0 0 0 66 75 79 81 84 88 88 88 89 89 89 88 81 74 70 62 48 0 0 0 0 0 0 0 0 0 0 0 0 0 0 0 0 0 0 0 0 0 0 0 0 0 0 0 0 0 0 0 0 0 0 0 0 56 74 82 85 85 90 88 83 76 68 60 56 55 55 57 57 55 52 50 0 0 0 0 0 0 0 0 0 0 0 0 0 0 0 0 0 0 0 0 0 0 0 0 0 0 0 0 61 62 63 65 67 70 79 
0 0 64 63 63 62 62 62 63 63 64 64 64 64 64 64 65 64 65 66 67 68 69 70 70 71 70 70 70 70 67 67 66 65 60 0 0 0 0 0 0 0 0 0 0 0 0 0 0 0 0 0 0 0 0 0 0 0 0 0 0 0 0 0 0 0 0 0 0 66 74 78 80 84 87 88 88 88 89 89 88 81 75 71 64 49 0 0 0 0 0 0 0 0 0 0 0 0 0 0 0 0 0 0 0 0 0 0 0 0 0 0 0 0 0 0 0 0 0 0 0 0 59 75 82 86 86 91 89 86 81 76 72 70 69 70 71 71 69 67 65 64 64 0 0 0 0 0 0 0 0 0 0 0 0 0 0 0 0 0 0 0 0 0 0 0 0 0 0 60 61 63 65 67 70 78 
0 0 64 63 63 62 62 62 62 63 64 63 64 63 62 63 63 62 64 65 65 67 68 69 69 70 69 69 69 69 66 66 65 64 60 0 0 0 0 0 0 0 0 0 0 0 0 0 0 0 0 0 0 0 0 0 0 0 0 0 0 0 0 0 0 0 0 0 0 63 72 76 78 81 84 85 85 86 86 87 86 79 74 70 63 49 0 0 0 0 0 0 0 0 0 0 0 0 0 0 0 0 0 0 0 0 0 0 0 0 0 0 0 0 0 0 0 0 0 0 0 0 60 75 82 85 87 91 90 87 84 78 75 73 72 71 72 71 69 68 65 64 63 61 0 0 0 0 0 0 0 0 0 0 0 0 0 0 0 0 0 0 0 0 0 0 0 0 0 62 62 64 65 68 74 74 
0 0 0 0 0 0 0 60 60 61 61 61 61 59 60 61 61 60 62 63 64 66 67 68 68 69 68 67 66 66 64 63 63 63 0 0 0 0 0 0 0 0 0 0 0 0 0 0 0 0 0 0 0 0 0 0 0 0 0 0 0 0 0 0 0 0 0 0 0 68 75 78 77 76 78 77 76 76 77 78 77 72 69 66 59 47 0 0 0 0 0 0 0 0 0 0 0 0 0 0 0 0 0 0 0 0 0 0 0 0 0 0 0 0 0 0 0 0 0 0 0 0 58 70 75 77 79 84 82 80 77 73 70 70 69 70 70 69 68 68 65 64 63 61 0 0 0 0 0 0 0 0 0 0 0 0 0 0 0 0 0 0 0 0 0 0 0 0 0 63 63 64 66 68 70 79 
0 0 0 0 0 0 0 0 0 0 0 0 0 0 0 0 55 55 58 59 60 61 63 65 65 65 65 63 61 62 60 60 61 61 0 0 0 0 0 0 0 0 0 0 0 0 0 0 0 0 0 0 0 0 0 0 0 0 0 0 0 0 0 0 0 0 0 0 0 0 74 76 75 74 75 74 72 73 74 75 74 69 66 63 57 46 0 0 0 0 0 0 0 0 0 0 0 0 0 0 0 0 0 0 0 0 0 0 0 0 0 0 0 0 0 0 0 0 0 0 0 0 58 68 73 75 77 82 82 79 77 74 71 70 69 70 70 69 68 68 65 64 63 61 0 0 0 0 0 0 0 0 0 0 0 0 0 0 0 0 0 0 0 0 0 0 0 0 0 63 63 64 66 67 67 77 
0 0 0 0 0 0 0 0 0 0 0 0 0 0 0 0 0 0 0 0 0 0 0 0 0 0 0 0 0 51 51 51 0 0 0 0 0 0 0 0 0 0 0 0 0 0 0 0 0 0 0 0 0 0 0 0 0 0 0 0 0 0 0 0 0 0 0 0 0 0 71 74 71 70 71 69 68 68 69 70 69 65 64 62 56 0 0 0 0 0 0 0 0 0 0 0 0 0 0 0 0 0 0 0 0 0 0 0 0 0 0 0 0 0 0 0 0 0 0 0 0 0 0 66 70 72 73 78 78 77 76 75 75 76 75 76 76 75 74 76 71 70 68 65 0 0 0 0 0 0 0 0 0 0 0 0 0 0 0 0 0 0 0 0 0 0 0 0 67 64 65 65 66 68 72 69 
0 0 0 0 0 0 0 0 0 0 0 0 0 0 0 0 0 0 0 0 0 0 0 0 0 0 0 0 0 0 0 0 0 0 0 0 0 0 0 0 0 0 0 0 0 0 0 0 0 0 0 0 0 0 0 0 0 0 0 0 0 0 0 0 0 0 0 0 0 0 0 0 63 62 61 59 58 59 60 61 61 57 57 55 50 0 0 0 0 0 0 0 0 0 0 0 0 0 0 0 0 0 0 0 0 0 0 0 0 0 0 0 0 0 0 0 0 0 0 0 0 0 0 61 65 65 66 70 70 68 68 68 68 70 68 70 68 67 66 70 65 64 0 0 0 0 0 0 0 0 0 0 0 0 0 0 0 0 0 0 0 0 0 0 0 0 0 0 65 64 65 65 66 69 71 74 
0 0 0 0 0 0 0 0 0 0 0 0 0 0 0 0 0 0 0 0 0 0 0 0 0 0 0 0 0 0 0 0 0 0 0 0 0 0 0 0 0 0 0 0 0 0 0 0 0 0 0 0 0 0 0 0 0 0 0 0 0 0 0 0 0 0 0 0 0 0 0 0 0 0 0 39 39 40 41 43 43 43 43 0 0 0 0 0 0 0 0 0 0 0 0 0 0 0 0 0 0 0 0 0 0 0 0 0 0 0 0 0 0 0 0 0 0 0 0 0 0 0 0 0 0 47 48 51 50 48 48 47 0 0 0 0 0 0 0 0 0 0 0 0 0 0 59 59 59 59 59 0 0 0 0 0 0 0 0 0 0 0 0 0 0 0 0 0 64 63 65 65 66 69 70 81 
0 0 0 0 0 0 0 0 0 0 0 0 0 0 0 0 0 0 0 0 0 0 0 0 0 0 0 0 0 0 0 0 0 0 0 0 0 0 0 0 0 0 0 0 0 0 0 0 0 0 0 0 0 0 0 0 0 0 0 0 0 0 0 0 0 0 0 0 0 0 0 0 0 0 0 0 0 0 0 0 0 0 0 0 0 0 0 0 0 0 0 0 0 0 0 0 0 0 0 0 0 0 0 0 0 0 0 0 0 0 0 0 0 0 0 0 0 0 0 0 0 0 0 0 0 0 0 0 0 0 0 0 0 0 0 0 0 0 0 0 0 0 0 0 0 0 56 56 56 56 59 0 0 0 0 0 0 0 0 0 0 0 0 0 0 0 0 0 64 63 64 65 67 69 74 81 
0 0 0 0 0 0 0 0 0 0 0 0 0 0 0 0 0 0 0 0 0 0 0 0 0 0 0 0 0 0 0 0 0 0 0 0 0 0 0 0 0 0 0 0 0 0 0 0 0 0 0 0 0 0 0 0 0 0 0 0 0 0 0 0 0 0 0 0 0 0 0 0 0 0 0 0 0 0 0 0 0 0 0 0 0 0 0 0 0 0 0 0 0 0 0 0 0 0 0 0 0 0 0 0 0 0 0 0 0 0 0 0 0 0 0 0 0 0 0 0 0 0 0 0 0 0 0 0 0 0 0 0 0 0 0 0 0 0 0 0 0 0 0 0 0 0 56 56 56 56 0 0 0 0 0 0 0 0 0 0 0 0 0 0 0 0 0 0 62 62 64 65 66 70 72 78 
0 0 0 0 0 0 0 0 0 0 0 0 0 0 0 0 0 0 0 0 0 0 0 0 0 0 0 0 0 0 0 0 0 0 0 0 0 0 0 0 0 0 0 0 0 0 0 0 0 0 0 0 0 0 0 0 0 0 0 0 0 0 0 0 0 0 0 0 0 0 0 0 0 0 0 0 0 0 0 0 0 0 0 0 0 0 0 0 0 0 0 0 0 0 0 0 0 0 0 0 0 0 0 0 0 0 0 0 0 0 0 0 0 0 0 0 0 0 0 0 0 0 0 0 0 0 0 0 0 0 0 0 0 0 0 0 0 0 0 0 0 0 0 0 0 0 0 0 0 0 0 0 0 0 0 0 0 0 0 0 0 0 0 0 0 0 0 0 0 61 62 64 66 69 76 72 
0 0 0 0 0 0 0 0 0 0 0 0 0 0 0 0 0 0 0 0 0 0 0 0 0 0 0 0 0 0 0 0 0 0 0 0 0 0 0 0 0 0 0 0 0 0 0 0 0 0 0 0 0 0 0 0 0 0 0 0 0 0 0 0 0 0 0 0 0 0 0 0 0 0 0 0 0 0 0 0 0 0 0 0 0 0 0 0 0 0 0 0 0 0 0 0 0 0 0 0 0 0 0 0 0 0 0 0 0 0 0 0 0 0 0 0 0 0 0 0 0 0 0 0 0 0 0 0 0 0 0 0 0 0 0 0 0 0 0 0 0 0 0 0 0 0 0 0 0 0 0 0 0 0 0 0 0 0 0 0 0 0 0 0 0 0 0 0 0 61 62 64 66 69 71 78 
0 0 0 0 0 0 0 0 0 0 0 0 0 0 0 0 0 0 0 0 0 0 0 0 0 0 0 0 0 0 0 0 0 0 0 0 0 0 0 0 0 0 0 0 0 0 0 0 0 0 0 0 0 0 0 0 0 0 0 0 0 0 0 0 0 0 0 0 0 0 0 0 0 0 0 0 0 0 0 0 0 0 0 0 0 0 0 0 0 0 0 0 0 0 0 0 0 0 0 0 0 0 0 0 0 0 0 0 0 0 0 0 0 0 0 0 0 0 0 0 0 0 0 0 0 0 0 0 0 0 0 0 0 0 0 0 0 0 0 0 0 0 0 0 0 0 0 0 0 0 0 0 0 0 0 0 0 0 0 0 0 0 0 0 0 0 0 0 0 61 61 64 66 69 75 88 
0 0 0 0 0 0 0 0 0 0 0 0 0 0 0 0 0 0 0 0 0 0 0 0 0 0 0 0 0 0 0 0 0 0 0 0 0 0 0 0 0 0 0 0 0 0 0 0 0 0 0 0 0 0 0 0 0 0 0 0 0 0 0 0 0 0 0 0 0 0 0 0 0 0 0 0 0 0 0 0 0 0 0 0 0 0 0 0 0 0 0 0 0 0 0 0 0 0 0 0 0 0 0 0 0 0 0 0 0 0 0 0 0 0 0 0 0 0 0 0 0 0 0 0 0 0 0 0 0 0 0 0 0 0 0 0 0 0 0 0 0 0 0 0 0 0 0 0 0 0 0 0 0 0 0 0 0 0 0 0 0 0 0 0 0 0 0 0 0 0 61 64 66 70 70 77 
0 0 0 0 0 0 0 0 0 0 0 0 0 0 0 0 0 0 0 0 0 0 0 0 0 0 0 0 0 0 0 0 0 0 0 0 0 0 0 0 0 0 0 0 0 0 0 0 0 0 0 0 0 0 0 0 0 0 0 0 0 0 0 0 0 0 0 0 0 0 0 0 0 0 0 0 0 0 0 0 0 0 0 0 0 0 0 0 0 0 0 0 0 0 0 0 0 0 0 0 0 0 0 0 0 0 0 0 0 0 0 0 0 0 0 0 0 0 0 0 0 0 0 0 0 0 0 0 0 0 0 0 0 0 0 0 0 0 0 0 0 0 0 0 0 0 0 0 0 0 0 0 0 0 0 0 0 0 0 0 0 0 0 0 0 0 0 0 0 0 0 65 67 70 71 75 
0 0 0 0 0 0 0 0 0 0 0 0 0 0 0 0 0 0 0 0 0 0 0 0 0 0 0 0 0 0 0 0 0 0 0 0 0 0 0 0 0 0 0 0 0 0 0 0 0 0 0 0 0 0 0 0 0 0 0 0 0 0 0 0 0 0 0 0 0 0 0 0 0 0 0 0 0 0 0 0 0 0 0 0 0 0 0 0 0 0 0 0 0 0 0 0 0 0 0 0 0 0 0 0 0 0 0 0 0 0 0 0 0 0 0 0 0 0 0 0 0 0 0 0 0 0 0 0 0 0 0 0 0 0 0 0 0 0 0 0 0 0 0 0 0 0 0 0 0 0 0 0 0 0 0 0 0 0 0 0 0 0 0 0 0 0 0 0 0 0 0 0 67 69 0 65 
0 0 0 0 0 0 0 0 0 0 0 0 0 0 0 0 0 0 0 0 0 0 0 0 0 0 0 0 0 0 0 0 0 0 0 0 0 0 0 0 0 0 0 0 0 0 0 0 0 0 0 0 0 0 0 0 0 0 0 0 0 0 0 0 0 0 0 0 0 0 0 0 0 0 0 0 0 0 0 0 0 0 0 0 0 0 0 0 0 0 0 0 0 0 0 0 0 0 0 0 0 0 0 0 0 0 0 0 0 0 0 0 0 0 0 0 0 0 0 0 0 0 0 0 0 0 0 0 0 0 0 0 0 0 0 0 0 0 0 0 0 0 0 0 0 0 0 0 0 0 0 0 0 0 0 0 0 0 0 0 0 0 0 0 0 0 0 0 0 0 0 0 0 0 0 0 
0 0 0 0 0 0 0 0 0 0 0 0 0 0 0 0 0 0 0 0 0 0 0 0 0 0 0 0 0 0 0 0 0 0 0 0 0 0 0 0 0 0 0 0 0 0 0 0 0 0 0 0 0 0 0 0 0 0 0 0 0 0 0 0 0 0 0 0 0 0 0 0 0 0 0 0 0 0 0 0 0 0 0 0 0 0 0 0 0 0 0 0 0 0 0 0 0 0 0 0 0 0 0 0 0 0 0 0 0 0 0 0 0 0 0 0 0 0 0 0 0 0 0 0 0 0 0 0 0 0 0 0 0 0 0 0 0 0 0 0 0 0 0 0 0 0 0 0 0 0 0 0 0 0 0 0 0 0 0 0 0 0 0 0 0 0 0 0 0 0 0 0 0 0 0 0 
0 0 0 0 0 0 0 0 0 0 0 0 0 0 0 0 0 0 0 0 0 0 0 0 0 0 0 0 0 0 0 0 0 0 0 0 0 0 0 0 0 0 0 0 0 0 0 0 0 0 0 0 0 0 0 0 0 0 0 0 0 0 0 0 0 0 0 0 0 0 0 0 0 0 0 0 0 0 0 0 0 0 0 0 0 0 0 0 0 0 0 0 0 0 0 0 0 0 0 0 0 0 0 0 0 0 0 0 0 0 0 0 0 0 0 0 0 0 0 0 0 0 0 0 0 0 0 0 0 0 0 0 0 0 0 0 0 0 0 0 0 0 0 0 0 0 0 0 0 0 0 0 0 0 0 0 0 0 0 0 0 0 0 0 0 0 0 0 0 0 0 0 0 0 0 0 
0 0 0 0 0 0 0 0 0 0 0 0 0 0 0 0 0 0 0 0 0 0 0 0 0 0 0 0 0 0 0 0 0 0 0 0 0 0 0 0 0 0 0 0 0 0 0 0 0 0 0 0 0 0 0 0 0 0 0 0 0 0 0 0 0 0 0 0 0 0 0 0 0 0 0 0 0 0 0 0 0 0 0 0 0 0 0 0 0 0 0 0 0 0 0 0 0 0 0 0 0 0 0 0 0 0 0 0 0 0 0 0 0 0 0 0 0 0 0 0 0 0 0 0 0 0 0 0 0 0 0 0 0 0 0 0 0 0 0 0 0 0 0 0 0 0 0 0 0 0 0 0 0 0 0 0 0 0 0 0 0 0 0 0 0 0 0 0 0 0 0 0 0 0 0 0 
0 0 0 0 0 0 0 0 0 0 0 0 0 0 0 0 0 0 0 0 0 0 0 0 0 0 0 0 0 0 0 0 0 0 0 0 0 0 0 0 0 0 0 0 0 0 0 0 0 0 0 0 0 0 0 0 0 0 0 0 0 0 0 0 0 0 0 0 0 0 0 0 0 0 0 0 0 0 0 0 0 0 0 0 0 0 0 0 0 0 0 0 0 0 0 0 0 0 0 0 0 0 0 0 0 0 0 0 0 0 0 0 0 0 0 0 0 0 0 0 0 0 0 0 0 0 0 0 0 0 0 0 0 0 0 0 0 0 0 0 0 0 0 0 0 0 0 0 0 0 0 0 0 0 0 0 0 0 0 0 0 0 0 0 0 0 0 0 0 0 0 0 0 0 0 0 
0 0 0 0 0 0 0 0 0 0 0 0 0 0 0 0 0 0 0 0 0 0 0 0 0 0 0 0 0 0 0 0 0 0 0 0 0 0 0 0 0 0 0 0 0 0 0 0 0 0 0 0 0 0 0 0 0 0 0 0 0 0 0 0 0 0 0 0 0 0 0 0 0 0 0 0 0 0 0 0 0 0 0 0 0 0 0 0 0 0 0 0 0 0 0 0 0 0 0 0 0 0 0 0 0 0 0 0 0 0 0 0 0 0 0 0 0 0 0 0 0 0 0 0 0 0 0 0 0 0 0 0 0 0 0 0 0 0 0 0 0 0 0 0 0 0 0 0 0 0 0 0 0 0 0 0 0 0 0 0 0 0 0 0 0 0 0 0 0 0 0 0 0 0 0 0 
0 0 0 0 0 0 0 0 0 0 0 0 0 0 0 0 0 0 0 0 0 0 0 0 0 0 0 0 0 0 0 0 0 0 0 0 0 0 0 0 0 0 0 0 0 0 0 0 0 0 0 0 0 0 0 0 0 0 0 0 0 0 0 0 0 0 0 0 0 0 0 0 0 0 0 0 0 0 0 0 0 0 0 0 0 0 0 0 0 0 0 0 0 0 0 0 0 0 0 0 0 0 0 0 0 0 0 0 0 0 0 0 0 0 0 0 0 0 0 0 0 0 0 0 0 0 0 0 0 0 0 0 0 0 0 0 0 0 0 0 0 0 0 0 0 0 0 0 0 0 0 0 0 0 0 0 0 0 0 0 0 0 0 0 0 0 0 0 0 0 0 0 0 0 0 0 
0 0 0 0 0 0 0 0 0 0 0 0 0 0 0 0 0 0 0 0 0 0 0 0 0 0 0 0 0 0 0 0 0 0 0 0 0 0 0 0 0 0 0 0 0 0 0 0 0 0 0 0 0 0 0 0 0 0 0 0 0 0 0 0 0 0 0 0 0 0 0 0 0 0 0 0 0 0 0 0 0 0 0 0 0 0 0 0 0 0 0 0 0 0 0 0 0 0 0 0 0 0 0 0 0 0 0 0 0 0 0 0 0 0 0 0 0 0 0 0 0 0 0 0 0 0 0 0 0 0 0 0 0 0 0 0 0 0 0 0 0 0 0 0 0 0 0 0 0 0 0 0 0 0 0 0 0 0 0 0 0 0 0 0 0 0 0 0 0 0 0 0 0 0 0 0 
0 0 0 0 0 0 0 0 0 0 0 0 0 0 0 0 0 0 0 0 0 0 0 0 0 0 0 0 0 0 0 0 0 0 0 0 0 0 0 0 0 0 0 0 0 0 0 0 0 0 0 0 0 0 0 0 0 0 0 0 0 0 0 0 0 0 0 0 0 0 0 0 0 0 0 0 0 0 0 0 0 0 0 0 0 0 0 0 0 0 0 0 0 0 0 0 0 0 0 0 0 0 0 0 0 0 0 0 0 0 0 0 0 0 0 0 0 0 0 0 0 0 0 0 0 0 0 0 0 0 0 0 0 0 0 0 0 0 0 0 0 0 0 0 0 0 0 0 0 0 0 0 0 0 0 0 0 0 0 0 0 0 0 0 0 0 0 0 0 0 0 0 0 0 0 0 
0 0 0 0 0 0 0 0 0 0 0 0 0 0 0 0 0 0 0 0 0 0 0 0 0 0 0 0 0 0 0 0 0 0 0 0 0 0 0 0 0 0 0 0 0 0 0 0 0 0 0 0 0 0 0 0 0 0 0 0 0 0 0 0 0 0 0 0 0 0 0 0 0 0 0 0 0 0 0 0 0 0 0 0 0 0 0 0 0 0 0 0 0 0 0 0 0 0 0 0 0 0 0 0 0 0 0 0 0 0 0 0 0 0 0 0 0 0 0 0 0 0 0 0 0 0 0 0 0 0 0 0 0 0 0 0 0 0 0 0 0 0 0 0 0 0 0 0 0 0 0 0 0 0 0 0 0 0 0 0 0 0 0 0 0 0 0 0 0 0 0 0 0 0 0 0 
0 0 0 0 0 0 0 0 0 0 0 0 0 0 0 0 0 0 0 0 0 0 0 0 0 0 0 0 0 0 0 0 0 0 0 0 0 0 0 0 0 0 0 0 0 0 0 0 0 0 0 0 0 0 0 0 0 0 0 0 0 0 0 0 0 0 0 0 0 0 0 0 0 0 0 0 0 0 0 0 0 0 0 0 0 0 0 0 0 0 0 0 0 0 0 0 0 0 0 0 0 0 0 0 0 0 0 0 0 0 0 0 0 0 0 0 0 0 0 0 0 0 0 0 0 0 0 0 0 0 0 0 0 0 0 0 0 0 0 0 0 0 0 0 0 0 0 0 0 0 0 0 0 0 0 0 0 0 0 0 0 0 0 0 0 0 0 0 0 0 0 0 0 0 0 0 
0 0 0 0 0 0 0 0 0 0 0 0 0 0 0 0 0 0 0 0 0 0 0 0 0 0 0 0 0 0 0 0 0 0 0 0 0 0 0 0 0 0 0 0 0 0 0 0 0 0 0 0 0 0 0 0 0 0 0 0 0 0 0 0 0 0 0 0 0 0 0 0 0 0 0 0 0 0 0 0 0 0 0 0 0 0 0 0 0 0 0 0 0 0 0 0 0 0 0 0 0 0 0 0 0 0 0 0 0 0 0 0 0 0 0 0 0 0 0 0 0 0 0 0 0 0 0 0 0 0 0 0 0 0 0 0 0 0 0 0 0 0 0 0 0 0 0 0 0 0 0 0 0 0 0 0 0 0 0 0 0 0 0 0 0 0 0 0 0 0 0 0 0 0 0 0 
0 0 0 0 0 0 0 0 0 0 0 0 0 0 0 0 0 0 0 0 0 0 0 0 0 0 0 0 0 0 0 0 0 0 0 0 0 0 0 0 0 0 0 0 0 0 0 0 0 0 0 0 0 0 0 0 0 0 0 0 0 0 0 0 0 0 0 0 0 0 0 0 0 0 0 0 0 0 0 0 0 0 0 0 0 0 0 0 0 0 0 0 0 0 0 0 0 0 0 0 0 0 0 0 0 0 0 0 0 0 0 0 0 0 0 0 0 0 0 0 0 0 0 0 0 0 0 0 0 0 0 0 0 0 0 0 0 0 0 0 0 0 0 0 0 0 0 0 0 0 0 0 0 0 0 0 0 0 0 0 0 0 0 0 0 0 0 0 0 0 0 0 0 0 0 0 
0 0 0 0 0 0 0 0 0 0 0 0 0 0 0 0 0 0 0 0 0 0 0 0 0 0 0 0 0 0 0 0 0 0 0 0 0 0 0 0 0 0 0 0 0 0 0 0 0 0 0 0 0 0 0 0 0 0 0 0 0 0 0 0 0 0 0 0 0 0 0 0 0 0 0 0 0 0 0 0 0 0 0 0 0 0 0 0 0 0 0 0 0 0 0 0 0 0 0 0 0 0 0 0 0 0 0 0 0 0 0 0 0 0 0 0 0 0 0 0 0 0 0 0 0 0 0 0 0 0 0 0 0 0 0 0 0 0 0 0 0 0 0 0 0 0 0 0 0 0 0 0 0 0 0 0 0 0 0 0 0 0 0 0 0 0 0 0 0 0 0 0 0 0 0 0 
0 0 0 0 0 0 0 0 0 0 0 0 0 0 0 0 0 0 0 0 0 0 0 0 0 0 0 0 0 0 0 0 0 0 0 0 0 0 0 0 0 0 0 0 0 0 0 0 0 0 0 0 0 0 0 0 0 0 0 0 0 0 0 0 0 0 0 0 0 0 0 0 0 0 0 0 0 0 0 0 0 0 0 0 0 0 0 0 0 0 0 0 0 0 0 0 0 0 0 0 0 0 0 0 0 0 0 0 0 0 0 0 0 0 0 0 0 0 0 0 0 0 0 0 0 0 0 0 0 0 0 0 0 0 0 0 0 0 0 0 0 0 0 0 0 0 0 0 0 0 0 0 0 0 0 0 0 0 0 0 0 0 0 0 0 0 0 0 0 0 0 0 0 0 0 0 
0 0 0 0 0 0 0 0 0 0 0 0 0 0 0 0 0 0 0 0 0 0 0 0 0 0 0 0 0 0 0 0 0 0 0 0 0 0 0 0 0 0 0 0 0 0 0 0 0 0 0 0 0 0 0 0 0 0 0 0 0 0 0 0 0 0 0 0 0 0 0 0 0 0 0 0 0 0 0 0 0 0 0 0 0 0 0 0 0 0 0 0 0 0 0 0 0 0 0 0 0 0 0 0 0 0 0 0 0 0 0 0 0 0 0 0 0 0 0 0 0 0 0 0 0 0 0 0 0 0 0 0 0 0 0 0 0 0 0 0 0 0 0 0 0 0 0 0 0 0 0 0 0 0 0 0 0 0 0 0 0 0 0 0 0 0 0 0 0 0 0 0 0 0 0 0 
0 0 0 0 0 0 0 0 0 0 0 0 0 0 0 0 0 0 0 0 0 0 0 0 0 0 0 0 0 0 0 0 0 0 0 0 0 0 0 0 0 0 0 0 0 0 0 0 0 0 0 0 0 0 0 0 0 0 0 0 0 0 0 0 0 0 0 0 0 0 0 0 0 0 0 0 0 0 0 0 0 0 0 0 0 0 0 0 0 0 0 0 0 0 0 0 0 0 0 0 0 0 0 0 0 0 0 0 0 0 0 0 0 0 0 0 0 0 0 0 0 0 0 0 0 0 0 0 0 0 0 0 0 0 0 0 0 0 0 0 0 0 0 0 0 0 0 0 0 0 0 0 0 0 0 0 0 0 0 0 0 0 0 0 0 0 0 0 0 0 0 0 0 0 0 0 
0 0 0 0 0 0 0 0 0 0 0 0 0 0 0 0 0 0 0 0 0 0 0 0 0 0 0 0 0 0 0 0 0 0 0 0 0 0 0 0 0 0 0 0 0 0 0 0 0 0 0 0 0 0 0 0 0 0 0 0 0 0 0 0 0 0 0 0 0 0 0 0 0 0 0 0 0 0 0 0 0 0 0 0 0 0 0 0 0 0 0 0 0 0 0 0 0 0 0 0 0 0 0 0 0 0 0 0 0 0 0 0 0 0 0 0 0 0 0 0 0 0 0 0 0 0 0 0 0 0 0 0 0 0 0 0 0 0 0 0 0 0 0 0 0 0 0 0 0 0 0 0 0 0 0 0 0 0 0 0 0 0 0 0 0 0 0 0 0 0 0 0 0 0 0 0 
0 0 0 0 0 0 0 0 0 0 0 0 0 0 0 0 0 0 0 0 0 0 0 0 0 0 0 0 0 0 0 0 0 0 0 0 0 0 0 0 0 0 0 0 0 0 0 0 0 0 0 0 0 0 0 0 0 0 0 0 0 0 0 0 0 0 0 0 0 0 0 0 0 0 0 0 0 0 0 0 0 0 0 0 0 0 0 0 0 0 0 0 0 0 0 0 0 0 0 0 0 0 0 0 0 0 0 0 0 0 0 0 0 0 0 0 0 0 0 0 0 0 0 0 0 0 0 0 0 0 0 0 0 0 0 0 0 0 0 0 0 0 0 0 0 0 0 0 0 0 0 0 0 0 0 0 0 0 0 0 0 0 0 0 0 0 0 0 0 0 0 0 0 0 0 0 
0 0 0 0 0 0 0 0 0 0 0 0 0 0 0 0 0 0 0 0 0 0 0 0 0 0 0 0 0 0 0 0 0 0 0 0 0 0 0 0 0 0 0 0 0 0 0 0 0 0 0 0 0 0 0 0 0 0 0 0 0 0 0 0 0 0 0 0 0 0 0 0 0 0 0 0 0 0 0 0 0 0 0 0 0 0 0 0 0 0 0 0 0 0 0 0 0 0 0 0 0 0 0 0 0 0 0 0 0 0 0 0 0 0 0 0 0 0 0 0 0 0 0 0 0 0 0 0 0 0 0 0 0 0 0 0 0 0 0 0 0 0 0 0 0 0 0 0 0 0 0 0 0 0 0 0 0 0 0 0 0 0 0 0 0 0 0 0 0 0 0 0 0 0 0 0 
0 0 0 0 0 0 0 0 0 0 0 0 0 0 0 0 0 0 0 0 0 0 0 0 0 0 0 0 0 0 0 0 0 0 0 0 0 0 0 0 0 0 0 0 0 0 0 0 0 0 0 0 0 0 0 0 0 0 0 0 0 0 0 0 0 0 0 0 0 0 0 0 0 0 0 0 0 0 0 0 0 0 0 0 0 0 0 0 0 0 0 0 0 0 0 0 0 0 0 0 0 0 0 0 0 0 0 0 0 0 0 0 0 0 0 0 0 0 0 0 0 0 0 0 0 0 0 0 0 0 0 0 0 0 0 0 0 0 0 0 0 0 0 0 0 0 0 0 0 0 0 0 0 0 0 0 0 0 0 0 0 0 0 0 0 0 0 0 0 0 0 0 0 0 0 0 
0 0 0 0 0 0 0 0 0 0 0 0 0 0 0 0 0 0 0 0 0 0 0 0 0 0 0 0 0 0 0 0 0 0 0 0 0 0 0 0 0 0 0 0 0 0 0 0 0 0 0 0 0 0 0 0 0 0 0 0 0 0 0 0 0 0 0 0 0 0 0 0 0 0 0 0 0 0 0 0 0 0 0 0 0 0 0 0 0 0 0 0 0 0 0 0 0 0 0 0 0 0 0 0 0 0 0 0 0 0 0 0 0 0 0 0 0 0 0 0 0 0 0 0 0 0 0 0 0 0 0 0 0 0 0 0 0 0 0 0 0 0 0 0 0 0 0 0 0 0 0 0 0 0 0 0 0 0 0 0 0 0 0 0 0 0 0 0 0 0 0 0 0 0 0 0 
0 0 0 0 0 0 0 0 0 0 0 0 0 0 0 0 0 0 0 0 0 0 0 0 0 0 0 0 0 0 0 0 0 0 0 0 0 0 0 0 0 0 0 0 0 0 0 0 0 0 0 0 0 0 0 0 0 0 0 0 0 0 0 0 0 0 0 0 0 0 0 0 0 0 0 0 0 0 0 0 0 0 0 0 0 0 0 0 0 0 0 0 0 0 0 0 0 0 0 0 0 0 0 0 0 0 0 0 0 0 0 0 0 0 0 0 0 0 0 0 0 0 0 0 0 0 0 0 0 0 0 0 0 0 0 0 0 0 0 0 0 0 0 0 0 0 0 0 0 0 0 0 0 0 0 0 0 0 0 0 0 0 0 0 0 0 0 0 0 0 0 0 0 0 0 0 
0 0 0 0 0 0 0 0 0 0 0 0 0 0 0 0 0 0 0 0 0 0 0 0 0 0 0 0 0 0 0 0 0 0 0 0 0 0 0 0 0 0 0 0 0 0 0 0 0 0 0 0 0 0 0 0 0 0 0 0 0 0 0 0 0 0 0 0 0 0 0 0 0 0 0 0 0 0 0 0 0 0 0 0 0 0 0 0 0 0 0 0 0 0 0 0 0 0 0 0 0 0 0 0 0 0 0 0 0 0 0 0 0 0 0 0 0 0 0 0 0 0 0 0 0 0 0 0 0 0 0 0 0 0 0 0 0 0 0 0 0 0 0 0 0 0 0 0 0 0 0 0 0 0 0 0 0 0 0 0 0 0 0 0 0 0 0 0 0 0 0 0 0 0 0 0 
0 0 0 0 0 0 0 0 0 0 0 0 0 0 0 0 0 0 0 0 0 0 0 0 0 0 0 0 0 0 0 0 0 0 0 0 0 0 0 0 0 0 0 0 0 0 0 0 0 0 0 0 0 0 0 0 0 0 0 0 0 0 0 0 0 0 0 0 0 0 0 0 0 0 0 0 0 0 0 0 0 0 0 0 0 0 0 0 0 0 0 0 0 0 0 0 0 0 0 0 0 0 0 0 0 0 0 0 0 0 0 0 0 0 0 0 0 0 0 0 0 0 0 0 0 0 0 0 0 0 0 0 0 0 0 0 0 0 0 0 0 0 0 0 0 0 0 0 0 0 0 0 0 0 0 0 0 0 0 0 0 0 0 0 0 0 0 0 0 0 0 0 0 0 0 0 
