89 94 89 92 95 84 92 90 88 83 79 78 83 84 85 89 88 80 77 82 86 81 84 80 84 84 82 84 82 86 87 84 81 87 85 83 77 73 78 83 79 81 84 75 79 82 74 77 77 79 85 81 81 81 77 82 80 77 81 79 80 78 69 68 73 76 80 82 77 84 80 82 82 82 79 78 78 82 81 80 85 84 81 81 80 81 84 80 69 69 80 80 84 84 78 80 76 79 83 82 78 78 79 83 79 80 81 85 79 78 91 81 81 87 70 75 89 88 91 90 87 87 88 88 89 90 87 95 97 86 95 92 91 98 98 94 90 95 90 89 86 93 99 97 99 96 101 100 98 103 105 104 112 106 110 112 111 112 91 90 75 85 87 82 79 80 78 85 81 88 86 85 93 102 104 107 
84 80 80 91 90 86 87 85 84 88 86 82 73 76 83 81 80 83 83 87 82 81 86 88 84 85 83 83 87 82 82 84 86 86 80 79 81 72 72 74 75 78 81 76 81 81 77 86 77 79 76 79 78 75 82 74 76 74 75 77 77 76 73 66 68 81 83 80 84 82 76 76 83 78 81 83 82 87 80 82 80 80 81 81 82 78 78 81 74 66 80 83 81 80 77 82 83 80 79 83 86 80 81 81 85 81 81 82 79 82 83 83 86 72 64 78 86 89 89 86 84 90 90 91 84 96 94 89 86 93 93 89 92 95 92 98 92 93 83 84 90 95 93 92 94 102 97 102 104 104 104 106 105 106 106 108 111 105 83 83 76 84 82 86 81 80 83 78 80 78 81 88 89 94 94 109 
87 84 84 84 84 84 84 83 83 83 82 82 81 81 80 80 80 80 81 81 82 82 82 82 82 82 82 82 83 83 83 83 82 81 81 79 78 77 75 74 75 75 75 77 77 77 77 77 77 76 76 77 76 77 77 77 77 77 77 77 76 75 73 73 73 74 75 77 78 78 77 77 77 78 78 78 79 80 80 80 79 79 79 79 80 80 79 76 76 76 76 77 79 79 79 79 79 79 80 79 80 80 79 80 80 80 80 81 81 82 81 81 79 77 78 79 80 84 85 85 86 86 87 88 88 89 88 89 89 89 90 91 92 92 92 92 90 89 88 89 90 92 94 95 96 97 97 98 99 101 102 104 105 105 103 100 95 90 84 82 80 80 79 79 80 79 79 80 81 81 83 86 91 95 98 102 
80 86 82 82 82 83 82 82 82 82 82 82 81 80 79 79 78 78 79 80 81 81 81 82 82 82 82 82 82 82 82 81 81 80 79 78 77 76 74 73 73 73 73 75 76 76 76 77 76 75 75 75 75 75 75 75 75 75 76 75 75 74 73 73 73 74 75 77 77 77 77 77 77 78 78 79 80 81 81 81 81 81 80 81 82 82 82 80 80 79 79 79 81 82 82 82 82 82 82 82 82 82 82 82 83 83 83 83 83 84 83 82 80 80 80 80 82 84 85 86 85 86 86 87 87 88 87 87 87 87 88 89 90 90 91 90 89 88 88 88 89 92 93 94 95 96 96 97 98 100 101 102 102 101 98 94 88 84 80 78 78 77 76 77 78 78 79 79 79 80 82 85 89 94 98 99 
79 76 82 81 81 81 81 81 81 81 81 82 81 80 78 78 76 76 77 78 78 79 79 79 79 79 80 80 80 80 80 80 79 78 78 77 77 76 74 73 72 71 71 73 74 74 74 74 74 73 73 74 74 75 75 76 76 77 77 77 78 77 77 76 77 78 79 80 81 81 81 81 82 82 83 83 84 85 85 86 86 85 85 85 86 87 87 86 85 85 85 85 86 86 86 86 87 87 87 87 87 87 87 87 87 88 88 88 88 89 89 88 87 87 87 87 88 90 90 90 89 90 90 90 90 90 90 89 89 89 89 89 90 91 90 90 89 88 88 88 89 91 92 93 93 94 94 95 97 98 99 100 99 97 93 88 83 80 77 76 76 75 74 75 75 75 77 77 78 79 81 84 89 93 102 102 
84 80 80 80 80 80 80 80 80 81 80 81 80 79 77 77 75 74 74 75 75 76 77 78 78 77 78 78 78 78 78 77 77 76 76 75 75 75 74 73 72 72 72 73 75 76 76 76 77 76 77 78 78 79 80 80 80 81 81 81 81 82 82 82 82 83 84 84 85 86 86 86 87 87 87 88 89 90 90 90 90 90 89 90 91 91 92 91 91 90 90 90 91 91 91 91 91 91 91 91 91 91 92 92 92 93 93 93 93 94 93 93 93 93 93 94 94 95 95 95 94 94 94 94 94 95 94 94 95 95 94 95 95 95 94 94 93 92 92 92 93 94 95 95 95 95 95 96 97 98 99 99 96 93 88 82 78 76 74 74 74 74 73 73 73 72 0 74 77 79 81 83 87 92 91 102 
80 86 79 79 80 80 79 79 79 79 78 79 79 78 76 76 74 73 72 73 73 74 75 76 76 76 76 76 76 76 75 75 76 75 76 76 76 77 76 76 76 76 76 77 78 79 80 80 80 80 81 82 82 83 84 84 84 84 85 85 86 87 87 87 88 88 89 89 89 90 90 90 91 92 92 93 93 94 94 95 95 94 94 95 95 96 96 96 96 96 95 95 96 95 95 96 96 96 96 96 96 96 97 97 97 98 98 98 98 98 98 98 98 99 99 99 99 100 99 99 98 99 98 98 99 100 99 99 99 99 99 99 99 99 99 98 98 97 97 97 98 98 99 99 98 99 99 100 101 102 101 100 95 90 84 79 76 75 74 73 73 72 71 71 70 69 0 0 77 79 80 82 86 90 97 110 
75 78 78 77 78 78 78 78 78 77 77 76 77 77 75 74 73 72 71 71 71 72 73 74 75 75 75 76 76 76 76 76 77 78 78 79 80 80 80 80 80 80 81 81 82 83 84 84 84 84 85 86 86 87 87 87 88 88 89 90 90 91 91 92 92 93 94 94 94 95 95 95 96 97 97 97 98 99 99 100 99 99 99 100 100 101 101 101 101 101 101 101 101 101 101 101 101 101 101 101 101 101 101 102 102 103 103 103 103 103 104 104 104 105 105 105 105 105 104 104 104 103 103 103 104 104 104 103 103 103 103 104 104 103 103 103 102 102 101 101 102 102 103 103 103 103 104 105 106 107 106 103 97 90 83 78 75 73 72 72 71 70 70 69 69 0 0 0 77 78 80 81 84 89 94 95 
83 71 76 76 77 77 77 76 76 75 75 74 75 74 73 73 72 71 70 70 71 72 73 75 76 76 77 77 78 78 78 79 80 80 81 82 83 83 84 84 84 85 86 85 86 87 87 88 88 88 89 90 90 91 91 91 92 92 94 94 95 96 96 96 97 97 97 98 98 99 99 99 100 100 100 100 100 101 101 101 101 101 101 101 101 102 102 102 102 102 102 102 102 102 102 102 103 103 103 103 103 103 104 104 104 104 104 105 105 106 106 106 107 108 108 108 108 108 108 107 108 108 108 108 109 109 109 108 108 108 108 108 109 108 108 108 107 107 106 106 107 106 107 106 106 107 108 109 110 112 111 106 100 92 84 78 75 73 72 71 70 70 70 69 0 0 0 0 77 77 78 81 83 88 88 101 
75 76 74 74 75 75 75 74 74 74 74 73 74 74 73 73 73 73 72 73 73 75 76 77 78 79 79 79 80 81 81 82 83 84 84 85 86 86 87 87 88 89 90 90 91 91 92 92 93 92 93 93 94 94 94 94 94 94 95 96 97 97 97 97 97 97 97 97 97 98 98 99 99 99 99 99 99 100 99 100 100 100 100 101 101 101 101 102 102 102 101 101 101 101 101 101 102 102 102 103 103 103 103 104 103 103 104 104 104 104 105 105 106 106 107 107 106 107 107 107 107 108 108 109 109 110 110 110 110 110 110 111 111 111 111 111 111 111 110 110 111 110 111 111 110 111 112 113 115 116 115 110 103 95 86 78 74 72 71 70 68 68 0 0 0 0 0 0 76 76 78 80 82 86 93 93 
71 71 73 73 74 74 74 74 74 74 74 74 75 76 75 76 76 76 75 76 77 78 78 80 80 81 81 81 82 83 84 85 86 87 88 88 89 89 90 90 91 91 93 92 93 94 94 93 93 93 93 93 93 93 93 93 94 94 95 95 96 96 96 96 96 96 96 96 96 96 96 97 97 98 98 98 98 99 98 99 99 100 100 100 100 100 100 100 100 100 99 99 99 99 99 99 100 100 100 101 101 101 101 102 101 101 101 102 102 102 103 104 104 105 105 105 105 105 105 106 106 107 107 108 108 108 108 109 109 109 109 110 110 110 110 110 110 110 110 111 111 111 111 111 111 113 114 116 118 119 119 114 106 97 87 79 75 72 70 70 68 0 0 0 0 0 0 0 74 74 76 79 81 85 93 92 
73 71 73 73 74 75 75 75 76 76 76 76 77 77 77 78 78 78 78 79 80 81 81 82 82 83 84 84 86 86 87 87 88 89 89 90 90 90 91 91 91 91 92 92 92 92 93 92 92 92 92 91 92 91 91 91 92 91 92 92 92 92 91 91 91 91 90 90 91 91 91 92 93 94 95 96 97 98 98 98 98 99 99 98 97 96 95 94 94 94 93 93 92 92 92 92 92 93 93 94 95 95 95 96 95 95 95 95 96 97 98 98 99 100 99 99 99 99 99 100 101 101 102 103 105 106 107 108 108 108 108 109 109 109 109 109 109 109 109 109 109 109 109 110 110 111 113 114 116 118 119 115 107 98 88 79 74 71 70 69 0 0 0 0 0 0 0 0 71 72 75 77 80 84 86 99 
70 73 75 75 76 76 77 76 77 77 77 78 78 79 79 80 80 81 82 83 83 84 84 85 85 85 85 85 86 87 87 87 88 88 88 89 89 89 90 89 89 89 89 89 89 89 88 88 87 87 87 87 87 87 85 84 85 86 88 89 91 91 90 90 90 89 89 89 89 89 90 89 90 91 93 94 97 98 97 98 98 99 99 97 95 95 93 91 92 92 91 91 90 90 90 90 90 90 91 91 93 93 94 94 93 93 93 94 94 95 96 97 98 98 98 98 98 98 97 98 99 100 98 99 101 102 103 106 107 108 108 108 108 108 108 109 109 109 109 109 109 109 109 109 109 110 110 112 114 116 117 113 106 98 89 79 72 69 69 0 0 0 0 0 0 0 0 0 70 71 74 76 78 83 93 95 
73 77 77 77 77 78 78 78 78 78 79 80 81 82 82 82 83 84 84 85 85 85 85 85 85 85 85 85 85 86 86 87 87 87 87 87 86 86 85 84 84 84 83 84 85 86 86 87 86 86 85 85 85 85 83 82 83 84 85 87 89 89 88 88 87 87 86 86 86 86 87 85 86 88 91 92 97 98 98 98 98 98 98 95 94 92 90 87 89 89 88 88 87 87 86 86 86 87 87 88 89 89 90 90 90 90 90 91 92 93 94 94 95 96 95 95 95 95 95 96 97 98 95 96 98 100 100 104 107 107 107 108 108 108 107 108 108 108 108 108 108 108 108 108 108 109 110 111 112 114 115 112 105 98 90 79 71 68 0 0 0 0 0 0 0 0 0 0 70 72 74 76 78 82 81 96 
75 89 78 78 79 80 80 79 80 80 80 81 82 82 82 82 82 83 83 84 84 84 84 84 84 85 84 84 85 85 86 86 87 86 85 85 85 84 84 83 82 82 81 81 83 84 83 85 84 84 83 83 83 82 80 79 79 80 82 84 87 85 84 84 83 82 81 82 82 81 82 78 81 85 88 91 96 98 98 98 98 98 97 93 92 89 85 81 83 82 82 81 81 80 80 79 79 80 80 80 82 83 83 84 84 84 84 85 86 88 89 89 91 91 90 89 90 89 89 91 92 94 90 90 94 97 98 102 106 107 107 107 107 107 107 107 107 107 107 108 108 108 107 108 108 108 109 110 111 112 113 111 103 98 91 81 70 0 0 0 0 0 0 0 0 0 0 0 69 71 73 75 77 81 83 95 
79 78 79 80 81 81 81 80 80 80 80 81 81 81 81 81 81 82 82 83 83 83 84 84 84 84 84 84 85 85 85 86 86 85 84 84 83 82 83 81 80 80 77 78 79 81 79 81 80 80 79 79 79 78 74 72 72 73 74 77 80 78 75 73 71 70 69 70 70 72 73 70 76 83 87 89 96 98 98 97 97 97 97 92 90 87 81 72 71 70 69 68 68 67 67 66 65 65 65 66 68 70 72 72 73 73 74 75 77 79 81 79 81 82 80 78 78 76 75 77 80 83 79 81 89 93 96 101 105 106 107 107 107 107 107 107 108 108 108 107 107 107 106 107 107 107 107 108 109 110 111 110 103 99 95 86 71 0 0 0 0 0 0 0 0 0 0 0 0 71 73 75 76 79 80 93 
79 74 80 80 81 80 80 79 79 79 79 80 80 81 80 81 81 81 81 81 81 82 83 83 83 84 83 84 84 85 85 85 86 84 83 82 81 78 78 76 74 74 70 70 70 68 66 67 65 67 70 66 66 64 58 56 55 0 0 0 0 0 0 0 0 0 0 0 0 0 0 66 77 84 88 90 96 98 98 98 97 97 96 91 90 88 83 71 0 0 0 0 0 0 0 0 0 0 0 0 0 0 0 0 0 0 0 0 0 0 0 0 0 0 0 0 0 0 0 0 0 0 0 71 84 91 94 98 104 105 106 106 107 106 106 107 107 107 107 107 107 107 107 107 107 107 106 107 107 108 109 109 103 101 98 90 75 0 0 0 0 0 0 0 0 0 0 0 0 72 74 75 77 79 80 78 
76 78 78 79 79 79 79 79 79 78 79 79 80 80 80 80 79 79 78 78 78 79 80 82 83 83 83 83 84 84 85 85 85 83 81 79 76 71 69 66 64 62 56 0 0 0 0 0 0 0 0 0 0 0 0 0 0 0 0 0 0 0 0 0 0 0 0 0 0 0 0 69 79 85 88 90 96 98 97 97 97 97 96 91 89 86 81 70 0 0 0 0 0 0 0 0 0 0 0 0 0 0 0 0 0 0 0 0 0 0 0 0 0 0 0 0 0 0 0 0 0 0 0 71 86 92 95 97 104 105 106 106 106 106 106 106 107 106 106 106 106 106 106 106 106 106 106 106 106 107 108 108 103 101 99 92 76 0 0 0 0 0 0 0 0 0 0 0 0 70 73 75 76 78 80 87 
73 83 78 78 78 78 78 78 78 78 78 79 79 80 79 79 78 78 76 76 76 78 79 81 83 83 83 83 84 85 85 85 85 81 80 78 75 67 0 0 0 0 0 0 0 0 0 0 0 0 0 0 0 0 0 0 0 0 0 0 0 0 0 0 0 0 0 0 0 0 0 72 80 86 89 90 95 98 97 97 97 97 96 90 89 86 81 70 0 0 0 0 0 0 0 0 0 0 0 0 0 0 0 0 0 0 0 0 0 0 0 0 0 0 0 0 0 0 0 0 0 0 0 70 85 91 94 97 104 105 105 105 106 106 106 106 106 106 106 105 105 105 106 106 105 105 104 104 105 106 107 108 103 102 100 94 78 0 0 0 0 0 0 0 0 0 0 0 0 70 72 74 75 77 78 88 
76 75 77 77 77 77 76 77 77 77 78 78 79 79 80 79 78 78 76 73 75 77 79 80 83 82 83 83 84 84 85 85 84 80 79 77 73 64 0 0 0 0 0 0 0 0 0 0 0 0 0 0 0 0 0 0 0 0 0 0 0 0 50 49 48 48 48 0 0 0 0 72 81 87 89 91 96 97 97 97 97 97 95 90 88 86 81 71 0 0 0 0 0 0 0 0 0 0 0 0 0 0 0 0 0 0 0 0 0 0 0 0 0 0 0 0 0 0 0 0 0 0 0 71 85 91 94 97 103 105 105 105 106 106 106 106 107 106 106 105 105 105 105 105 105 105 104 104 104 105 106 108 103 103 101 97 81 0 0 0 0 0 0 0 0 0 0 0 0 69 71 72 74 76 79 86 
78 80 76 76 75 76 76 76 77 77 78 78 79 79 79 78 78 77 73 70 73 75 77 80 82 82 83 83 84 84 85 85 84 79 78 75 70 60 0 0 0 0 0 0 0 0 0 0 0 0 0 0 0 0 0 0 0 0 0 0 0 52 52 51 50 49 48 46 0 0 0 71 81 87 89 90 96 97 97 97 97 97 95 90 88 86 80 69 0 0 0 0 0 0 0 0 0 0 0 0 0 0 0 0 0 0 0 0 0 0 0 0 0 0 0 0 0 0 0 0 0 0 0 72 85 91 94 96 103 104 105 105 105 105 105 105 106 105 105 105 105 104 105 105 105 105 104 103 103 104 105 107 103 103 101 97 82 0 0 0 0 0 0 0 0 0 0 0 0 67 70 72 73 76 77 85 
77 81 76 75 75 76 76 76 77 78 78 78 79 79 79 77 77 75 70 67 71 74 76 80 82 82 83 83 84 84 85 85 84 80 78 76 70 58 0 0 0 0 0 0 0 0 0 0 0 0 0 0 0 0 0 0 0 0 0 0 50 51 51 50 49 48 47 45 44 0 0 65 81 86 88 90 96 97 96 97 97 97 96 90 88 85 79 67 0 0 0 0 0 0 0 0 0 0 0 0 0 0 0 0 0 0 0 0 0 0 0 0 0 0 0 0 0 0 0 0 0 0 0 73 86 91 95 96 103 104 105 105 105 105 105 105 105 105 105 105 104 104 104 104 104 104 103 103 103 103 104 107 103 101 99 95 80 0 0 0 0 0 0 0 0 0 0 0 0 0 69 72 73 76 77 85 
76 76 75 75 75 76 76 76 77 77 77 77 78 78 79 77 77 75 72 70 74 76 78 81 83 82 83 84 84 84 85 85 84 80 79 76 70 0 0 0 0 0 0 0 0 0 0 0 0 0 0 0 0 0 0 0 0 0 0 0 50 51 51 50 49 48 47 45 44 0 0 62 80 86 88 90 96 97 96 97 97 97 96 90 88 85 78 65 0 0 0 0 0 0 0 0 0 0 0 0 0 0 0 0 0 0 0 0 0 0 0 0 0 0 0 0 0 0 0 0 0 0 0 72 84 90 93 95 102 104 104 105 106 105 105 105 105 105 105 105 105 104 104 104 104 104 103 102 102 102 103 106 104 100 98 94 81 0 0 0 0 0 0 0 0 0 0 0 0 0 69 72 73 75 77 83 
72 74 75 75 75 76 76 76 77 77 77 77 77 78 78 77 76 76 73 72 75 77 79 81 82 82 82 83 84 84 85 86 84 80 80 77 71 0 0 0 0 0 0 0 0 0 0 0 0 0 0 0 0 0 0 0 0 0 0 0 50 52 52 50 49 49 47 45 44 0 0 60 79 85 88 89 96 96 96 96 97 97 96 90 88 85 78 64 0 0 0 0 0 0 0 0 0 0 0 0 0 0 0 0 0 0 0 0 0 0 0 0 0 0 0 0 0 0 0 0 0 0 0 71 83 90 93 95 102 104 104 104 105 105 105 105 105 105 105 105 104 104 104 104 103 103 103 102 102 102 103 106 104 99 97 93 81 0 0 0 0 0 0 0 0 0 0 0 0 0 68 72 73 75 76 82 
72 74 74 74 75 75 76 77 77 77 77 77 77 77 77 77 76 76 74 74 76 78 79 81 82 82 82 83 84 84 85 86 84 82 81 78 72 0 0 0 0 0 0 0 0 0 0 0 0 0 0 0 0 0 0 0 0 0 0 0 0 52 51 50 49 49 47 45 44 0 0 60 79 84 87 89 96 96 96 96 97 97 96 89 88 84 77 63 0 0 0 0 0 0 0 0 0 0 0 0 0 0 0 0 0 0 0 0 0 0 0 0 0 0 0 0 0 0 0 0 0 0 0 67 81 88 92 94 102 104 105 105 106 105 105 105 105 105 105 105 104 104 103 103 103 103 102 101 101 101 102 105 104 98 96 92 81 64 0 0 0 0 0 0 0 0 0 0 0 0 68 72 73 75 72 85 
78 75 74 74 75 75 76 76 77 76 77 77 77 77 77 77 77 76 76 77 78 79 80 81 82 82 82 83 84 84 85 85 83 82 81 80 73 0 0 0 0 0 0 0 0 0 0 0 0 0 0 0 0 0 0 0 0 0 0 0 0 0 49 48 47 46 45 44 0 0 0 61 80 85 88 89 96 96 96 96 97 97 96 89 88 84 77 64 0 0 0 0 0 0 0 0 0 0 0 0 0 0 0 0 0 0 0 0 0 0 0 0 0 0 0 0 0 0 0 0 0 0 0 62 78 86 90 93 102 104 104 105 105 105 105 105 105 105 105 105 104 104 103 103 102 102 101 101 101 102 103 105 105 97 95 92 82 66 0 0 0 0 0 0 0 0 0 0 0 0 67 71 72 74 77 79 
73 74 73 73 74 74 75 76 76 76 76 77 76 76 77 77 77 77 78 79 79 80 81 81 82 82 82 83 84 85 85 85 83 82 81 79 72 0 0 0 0 0 0 0 0 0 0 0 0 0 0 0 0 0 0 0 0 0 0 0 0 0 0 0 0 0 0 0 0 0 0 67 80 85 88 90 96 96 96 96 96 97 96 89 87 84 77 63 0 0 0 0 0 0 0 0 0 0 0 0 0 0 0 0 0 0 0 0 0 0 0 0 0 0 0 0 0 0 0 0 0 0 0 58 75 84 89 92 101 104 104 105 105 105 105 105 105 105 105 104 104 103 103 102 102 102 101 101 100 101 102 104 105 98 96 93 85 67 0 0 0 0 0 0 0 0 0 0 0 0 66 69 71 73 77 76 
78 74 73 73 74 73 74 75 76 75 76 76 76 76 77 77 77 77 78 79 78 80 80 81 81 82 82 83 84 84 84 85 82 82 80 78 69 0 0 0 0 0 0 0 0 0 0 0 0 0 0 0 0 0 0 0 0 0 0 0 0 0 0 0 0 0 0 0 0 0 0 68 81 86 88 90 95 96 96 96 96 96 95 89 87 84 78 64 0 0 0 0 0 0 0 0 0 0 0 0 0 0 0 0 0 0 0 0 0 0 0 0 0 0 0 0 0 0 0 0 0 0 0 55 73 83 88 91 102 104 105 105 105 105 105 105 105 105 104 104 104 103 103 102 102 101 101 101 101 101 102 104 105 98 97 94 87 69 0 0 0 0 0 0 0 0 0 0 0 0 66 69 71 73 75 74 
70 74 72 72 73 72 73 74 75 74 75 76 76 75 76 77 77 77 78 79 79 80 80 80 81 82 82 82 83 84 84 85 81 81 79 76 67 0 0 0 0 0 0 0 0 0 0 0 0 0 0 0 0 0 0 0 0 0 0 0 0 0 0 0 0 0 0 0 0 0 0 69 81 86 88 90 95 96 96 96 96 96 95 88 86 83 76 62 0 0 0 0 0 0 0 0 0 0 0 0 0 0 0 0 0 0 0 0 0 0 0 0 0 0 0 0 0 0 0 0 0 0 0 50 70 81 86 90 101 104 104 104 104 104 105 105 105 105 105 104 104 103 103 102 102 101 101 100 100 101 102 104 105 99 98 95 89 71 0 0 0 0 0 0 0 0 0 0 0 0 66 69 70 72 71 88 
71 73 72 72 72 72 72 73 74 74 75 75 75 75 76 77 77 78 78 79 78 80 80 81 81 82 82 82 82 83 83 84 80 79 77 75 64 0 0 0 0 0 0 0 0 0 0 0 0 0 0 0 0 0 0 0 0 0 0 0 0 0 0 0 0 0 0 0 0 0 0 70 82 86 89 91 96 96 96 97 97 97 96 88 86 82 74 59 0 0 0 0 0 0 0 0 0 0 0 0 0 0 0 0 0 0 0 0 0 0 0 0 0 0 0 0 0 0 0 0 0 0 0 47 68 80 86 89 101 104 104 104 104 104 104 104 104 104 104 104 104 103 103 102 102 101 101 100 100 101 102 103 105 99 99 97 90 72 0 0 0 0 0 0 0 0 0 0 0 0 67 69 70 72 71 75 
69 70 72 72 72 72 71 73 73 74 74 74 74 74 75 76 77 77 78 78 78 79 80 81 81 82 82 82 82 83 83 84 81 80 78 75 66 0 0 0 0 0 0 0 0 0 0 0 0 0 0 0 0 0 0 0 0 0 0 0 0 0 0 0 0 0 0 0 0 0 0 70 82 86 89 90 95 96 96 96 97 96 95 88 86 82 75 59 0 0 0 0 0 0 0 0 0 0 0 0 0 0 0 0 0 0 0 0 0 0 0 0 0 0 0 0 0 0 0 0 0 0 0 46 69 82 87 91 100 104 104 104 104 104 104 103 104 104 104 104 104 103 103 102 101 101 101 100 100 101 101 103 105 99 99 98 92 74 0 0 0 0 0 0 0 0 0 0 0 0 0 69 70 73 68 77 
73 70 71 71 71 71 71 72 73 73 74 74 74 75 76 77 77 77 78 78 78 79 80 81 81 82 82 82 82 83 83 84 80 80 78 75 66 0 0 0 0 0 0 0 0 0 0 0 0 0 0 0 0 0 0 0 0 0 0 0 0 0 0 0 0 0 0 0 0 0 0 69 81 86 88 90 95 96 96 96 97 96 95 88 83 79 72 56 0 0 0 0 0 0 0 0 0 0 0 0 0 0 0 0 0 0 0 0 0 0 0 0 0 0 0 0 0 0 0 0 0 0 0 45 68 81 86 90 100 103 103 104 104 104 103 104 104 104 104 104 104 104 103 102 101 101 100 100 100 101 101 103 105 100 99 98 93 77 0 0 0 0 0 0 0 0 0 0 0 0 0 69 70 72 72 79 
77 75 71 71 71 71 71 72 73 74 74 74 75 75 76 77 77 77 78 78 79 79 80 81 81 81 82 82 82 83 83 84 81 80 79 76 68 0 0 0 0 0 0 0 0 0 0 0 0 0 0 0 0 0 0 0 0 0 0 0 0 0 0 0 0 0 0 0 0 0 0 69 81 86 88 90 96 96 97 97 97 96 95 88 83 79 72 55 0 0 0 0 0 0 0 0 0 0 0 0 0 0 0 0 0 0 0 0 0 0 0 0 0 0 0 0 0 0 0 0 0 0 0 0 70 83 88 91 99 103 103 104 104 104 104 103 103 104 104 104 104 103 103 102 101 101 101 100 100 101 101 103 105 100 100 99 94 78 0 0 0 0 0 0 0 0 0 0 0 0 0 68 69 71 72 81 
70 66 71 71 72 72 72 73 73 74 74 74 75 76 76 76 77 76 77 78 78 79 80 80 81 82 82 82 82 83 83 84 80 80 78 75 67 0 0 0 0 0 0 0 0 0 0 0 0 0 0 0 0 0 0 0 0 0 0 0 0 0 0 0 0 0 0 0 0 0 0 71 83 87 89 90 96 96 96 96 96 96 95 88 82 77 69 53 0 0 0 0 0 0 0 0 0 0 0 0 0 0 0 0 0 0 0 0 0 0 0 0 0 0 0 0 0 0 0 0 0 0 0 0 74 86 91 94 99 103 104 104 104 104 104 103 103 104 104 104 103 103 102 102 101 101 100 100 100 101 101 102 105 101 100 100 96 82 0 0 0 0 0 0 0 0 0 0 0 0 0 66 69 71 74 69 
68 64 71 71 72 72 72 73 73 74 74 74 75 75 76 76 76 76 77 77 78 78 80 80 81 82 82 82 82 83 83 83 80 80 78 75 67 0 0 0 0 0 0 0 0 0 0 0 0 0 0 0 0 0 0 0 0 0 0 0 0 0 0 0 0 0 0 0 0 0 0 73 84 87 89 91 95 95 96 96 96 95 95 88 80 75 68 51 0 0 0 0 0 0 0 0 0 0 0 0 0 0 0 0 0 0 0 0 0 0 0 0 0 0 0 0 0 0 0 0 0 0 0 0 79 89 93 95 99 102 103 104 104 104 104 104 104 104 103 103 102 102 102 102 101 101 100 100 100 100 101 102 105 102 101 102 99 86 0 0 0 0 0 0 0 0 0 0 0 0 0 66 68 70 69 75 
69 71 71 71 72 72 73 73 73 73 74 74 75 76 76 76 77 77 77 78 78 79 80 80 81 82 82 83 83 83 83 83 79 78 76 72 63 0 0 0 0 0 0 0 0 0 0 0 0 0 0 0 0 0 0 0 0 0 0 0 0 0 0 0 0 0 0 0 0 0 0 74 84 88 89 91 95 95 96 96 96 96 95 87 79 74 67 50 0 0 0 0 0 0 0 0 0 0 0 0 0 0 0 0 0 0 0 0 0 0 0 0 0 0 0 0 0 0 0 0 0 0 0 0 77 87 92 94 98 102 103 104 104 104 104 104 104 103 103 103 103 103 102 102 101 101 100 100 99 100 101 102 105 103 100 100 96 84 0 0 0 0 0 0 0 0 0 0 0 0 0 65 67 69 73 74 
77 70 72 72 72 72 73 73 73 74 74 74 75 75 75 76 77 77 78 79 79 79 80 80 81 82 82 83 83 83 83 83 78 77 74 70 60 0 0 0 0 0 0 0 0 0 0 0 0 0 0 0 0 0 0 0 0 0 0 0 0 0 0 0 0 0 0 0 0 0 0 76 86 89 90 92 95 96 96 96 96 96 96 88 80 75 67 50 0 0 0 0 0 0 0 0 0 0 0 0 0 0 0 0 0 0 0 0 0 0 0 0 0 0 0 0 0 0 0 0 0 0 0 0 81 91 94 96 98 102 103 103 104 104 104 104 103 103 102 103 102 102 102 101 101 100 100 100 99 100 101 102 104 103 99 97 94 81 0 0 0 0 0 0 0 0 0 0 0 0 0 65 67 70 67 73 
70 73 71 71 71 72 72 72 73 74 74 74 75 75 75 76 76 77 78 78 78 79 80 80 81 82 83 83 83 83 83 83 77 76 73 68 56 0 0 0 0 0 0 0 0 0 0 0 0 0 0 0 0 0 0 0 0 0 0 0 0 0 0 0 0 0 0 0 0 0 0 77 86 89 90 91 95 95 96 96 96 96 96 88 78 73 66 49 39 0 0 0 0 0 0 0 0 0 0 0 0 0 0 0 0 0 0 0 0 0 0 0 0 0 0 0 0 0 0 0 0 0 0 0 80 89 94 96 97 102 103 103 104 104 103 104 103 103 102 102 102 102 101 101 100 100 99 100 99 100 101 102 104 103 97 96 92 81 0 0 0 0 0 0 0 0 0 0 0 0 0 64 67 70 69 73 
74 71 71 71 71 71 72 72 73 74 74 74 74 75 75 76 76 78 78 79 79 79 80 80 81 82 83 83 84 84 84 83 77 75 72 67 54 0 0 0 0 0 0 0 0 0 0 0 0 0 0 0 0 0 0 0 0 0 0 0 0 0 0 0 0 0 0 0 0 0 0 78 86 89 91 92 96 96 96 96 97 96 96 89 78 73 66 50 39 0 0 0 0 0 0 0 0 0 0 0 0 0 0 0 0 0 0 0 0 0 0 0 0 0 0 0 0 0 0 0 0 0 0 0 71 84 89 93 97 102 103 103 103 104 103 103 102 102 102 102 102 102 101 101 100 100 100 100 100 101 101 102 104 104 97 96 92 82 61 0 0 0 0 0 0 0 0 0 0 0 0 64 67 70 73 82 
64 68 70 70 70 71 71 72 73 74 74 74 74 75 75 76 77 78 79 80 80 80 80 80 81 82 83 83 84 84 84 82 77 76 73 67 52 0 0 0 0 0 0 0 0 0 0 0 0 0 0 0 0 0 0 0 0 0 0 0 0 0 0 0 0 0 0 0 0 0 0 79 87 90 91 92 96 96 96 97 97 97 96 89 79 74 66 51 39 0 0 0 0 0 0 0 0 0 0 0 0 0 0 0 0 0 0 0 0 0 0 0 0 0 0 0 0 0 0 0 0 0 0 0 69 83 89 92 97 103 103 104 104 104 103 103 103 103 102 102 102 102 101 101 100 100 100 100 100 101 101 102 104 104 96 94 91 81 62 0 0 0 0 0 0 0 0 0 0 0 0 65 68 70 69 79 
72 68 70 70 70 71 72 72 73 74 74 74 74 75 75 76 77 78 78 79 79 80 80 81 81 82 83 83 84 84 84 83 77 76 73 67 50 0 0 0 0 0 0 0 0 0 0 0 0 0 0 0 0 0 0 0 0 0 0 0 0 0 0 0 0 0 0 0 0 0 0 81 88 91 92 93 96 96 96 96 97 97 96 89 78 73 64 50 40 0 0 0 0 0 0 0 0 0 0 0 0 0 0 0 0 0 0 0 0 0 0 0 0 0 0 0 0 0 0 0 0 0 0 0 68 83 89 92 97 103 103 104 103 104 103 103 103 103 102 102 102 101 101 101 100 100 100 100 101 101 101 102 104 104 96 95 92 83 65 0 0 0 0 0 0 0 0 0 0 0 0 65 68 70 68 71 
68 66 69 70 70 71 72 73 73 74 74 73 74 75 75 76 77 78 78 79 79 80 80 81 81 81 83 83 83 84 84 82 78 76 73 67 0 0 0 0 0 0 0 0 0 0 0 0 0 0 0 0 0 0 0 0 0 0 0 0 0 0 0 0 0 0 0 0 0 0 0 81 88 91 92 93 96 96 96 96 96 97 96 89 78 73 65 51 41 0 0 0 0 0 0 0 0 0 0 0 0 0 0 0 0 0 0 0 0 0 0 0 0 0 0 0 0 0 0 0 0 0 0 0 68 83 89 92 97 103 104 104 104 104 103 103 103 103 102 102 102 101 101 101 100 100 100 100 101 101 101 102 104 105 98 97 94 85 66 0 0 0 0 0 0 0 0 0 0 0 0 65 67 69 70 72 
67 71 70 71 71 72 73 73 74 74 74 73 74 74 75 76 78 78 79 79 79 80 80 81 81 82 83 83 83 84 83 82 78 77 74 68 0 0 0 0 0 0 0 0 0 0 0 0 0 0 0 0 0 0 0 0 0 0 0 0 0 0 0 0 0 0 0 0 0 0 0 73 84 88 90 93 96 97 96 97 97 97 96 89 78 73 65 51 41 0 0 0 0 0 0 0 0 0 0 0 0 0 0 0 0 0 0 0 0 0 0 0 0 0 0 0 0 0 0 0 0 0 0 0 67 83 89 93 97 104 104 103 104 104 103 103 103 103 102 102 102 102 101 101 100 100 100 100 100 101 101 102 104 105 99 98 95 86 67 0 0 0 0 0 0 0 0 0 0 0 0 67 69 70 73 75 
67 73 70 71 71 72 73 73 74 74 74 73 74 74 75 76 77 78 78 78 79 79 80 81 81 82 83 83 83 84 83 82 79 78 75 70 0 0 0 0 0 0 0 0 0 0 0 0 0 0 0 0 0 0 0 0 0 0 0 0 0 0 0 0 0 0 0 0 0 0 0 69 80 85 87 93 96 96 96 96 96 97 96 89 79 74 66 52 43 0 0 0 0 0 0 0 0 0 0 0 0 0 0 0 0 0 0 0 0 0 0 0 0 0 0 0 0 0 0 0 0 0 0 0 71 86 92 95 97 103 104 104 104 104 104 103 104 103 103 103 102 102 101 101 101 100 100 100 100 100 100 101 104 105 98 97 95 86 66 0 0 0 0 0 0 0 0 0 0 0 0 67 69 71 69 74 
63 66 71 71 72 73 73 74 74 74 74 74 74 74 75 76 77 77 77 78 78 79 80 81 81 82 82 83 83 84 83 81 79 78 75 70 0 0 0 0 0 0 0 0 0 0 0 0 0 0 0 0 0 0 0 0 0 0 0 0 0 0 0 0 0 0 0 0 0 0 0 69 80 85 87 93 96 97 97 97 97 97 96 90 79 75 67 53 43 0 0 0 0 0 0 0 0 0 0 0 0 0 0 0 0 0 0 0 0 0 0 0 0 0 0 0 0 0 0 0 0 0 0 0 71 86 92 95 97 103 104 104 104 104 103 103 103 103 103 103 103 102 101 101 101 100 100 99 99 100 100 101 104 105 99 98 95 87 68 0 0 0 0 0 0 0 0 0 0 0 0 64 66 69 74 77 
67 72 70 71 71 72 72 73 74 74 74 74 75 74 75 76 77 77 77 78 78 79 80 81 81 82 83 83 83 83 83 81 80 79 77 72 0 0 0 0 0 0 0 0 0 0 0 0 0 0 0 0 0 0 0 0 0 0 0 0 0 0 0 0 0 0 0 0 0 0 0 66 77 83 86 94 97 97 98 98 97 97 97 90 79 75 67 54 43 0 0 0 0 0 0 0 0 0 0 0 0 0 0 0 0 0 0 0 0 0 0 0 0 0 0 0 0 0 0 0 0 0 0 0 71 85 92 95 96 103 104 104 104 104 103 103 103 103 103 103 103 102 101 101 101 100 99 99 99 99 100 101 104 105 99 98 96 88 68 0 0 0 0 0 0 0 0 0 0 0 0 64 66 69 68 74 
74 75 70 71 71 71 72 72 73 74 73 74 75 75 75 77 77 77 77 78 78 79 80 81 81 82 83 83 83 83 83 80 80 79 77 72 0 0 0 0 0 0 0 0 0 0 0 0 0 0 0 0 0 0 0 0 0 0 0 0 0 0 0 0 0 0 0 0 0 0 40 64 75 81 84 94 97 98 98 98 98 98 97 90 80 73 65 52 43 0 0 0 0 0 0 0 0 0 0 0 0 0 0 0 0 0 0 0 0 0 0 0 0 0 0 0 0 0 0 0 0 0 0 0 68 84 91 94 96 103 104 104 104 104 104 104 103 103 103 103 103 102 101 101 101 100 99 99 99 99 100 101 103 105 98 97 95 88 67 0 0 0 0 0 0 0 0 0 0 0 0 0 66 68 62 71 
69 67 69 70 70 71 71 72 73 73 73 75 75 75 75 76 76 77 77 78 78 79 80 80 81 81 82 82 83 83 82 80 79 78 76 71 0 0 0 0 0 0 0 0 0 0 0 0 0 0 0 0 0 0 0 0 0 0 0 0 0 0 0 0 0 0 0 0 0 0 41 64 75 81 84 94 97 98 98 98 98 98 98 91 81 75 67 54 44 0 0 0 0 0 0 0 0 0 0 0 0 0 0 0 0 0 0 0 0 0 0 0 0 0 0 0 0 0 0 0 0 0 0 0 67 83 90 94 96 103 104 104 104 104 104 104 103 104 103 103 103 102 101 101 101 100 100 99 99 99 99 100 103 105 98 97 96 89 67 0 0 0 0 0 0 0 0 0 0 0 0 0 62 66 0 0 
66 71 68 69 70 70 70 71 72 73 73 74 75 75 75 76 76 77 78 78 79 79 80 80 81 81 82 82 82 82 82 79 79 78 75 71 0 0 0 0 0 0 0 0 0 0 0 0 0 0 0 0 0 0 0 0 0 0 0 0 0 0 0 0 0 0 0 0 0 0 41 65 75 81 85 95 97 98 98 98 98 99 99 92 82 75 68 55 45 0 0 0 0 0 0 0 0 0 0 0 0 0 0 0 0 0 0 0 0 0 0 0 0 0 0 0 0 0 0 0 0 0 0 0 65 82 90 93 96 103 104 104 104 104 104 103 103 103 102 102 102 102 101 101 100 100 99 99 99 99 100 101 103 105 99 98 96 90 69 0 0 0 0 0 0 0 0 0 0 0 0 0 0 0 0 0 
69 64 68 68 69 70 70 71 71 72 73 74 75 75 75 76 76 77 78 79 79 79 80 80 81 81 82 81 82 82 81 79 79 77 74 69 0 0 0 0 0 0 0 0 0 0 0 0 0 0 0 0 0 0 0 0 0 0 0 0 0 0 0 0 0 0 0 0 0 0 42 63 74 80 84 95 97 98 98 98 98 99 99 92 82 76 69 56 47 0 0 0 0 0 0 0 0 0 0 0 0 0 0 0 0 0 0 0 0 0 0 0 0 0 0 0 0 0 0 0 0 0 0 0 65 81 89 93 95 103 104 104 104 104 104 104 103 103 102 102 102 102 101 100 100 100 99 99 99 99 99 100 102 104 98 98 96 90 69 0 0 0 0 0 0 0 0 0 0 0 0 0 0 0 0 0 
66 65 68 69 70 71 71 72 72 73 73 74 75 75 75 76 76 77 78 79 79 79 79 79 80 81 81 81 82 82 82 79 79 77 73 67 0 0 0 0 0 0 0 0 0 0 0 0 0 0 0 0 0 0 0 0 0 0 0 0 0 0 0 0 0 0 0 0 0 0 41 63 74 80 84 95 97 98 98 98 98 99 99 93 83 77 69 57 48 0 0 0 0 0 0 0 0 0 0 0 0 0 0 0 0 0 0 0 0 0 0 0 0 0 0 0 0 0 0 0 0 0 0 0 60 77 85 90 95 103 104 105 104 105 104 103 104 103 103 103 102 102 101 100 100 99 98 98 99 99 99 100 102 105 99 98 97 91 69 0 0 0 0 0 0 0 0 0 0 0 0 0 0 0 0 0 
67 71 69 69 70 71 71 72 72 73 73 74 74 75 75 76 76 77 78 79 79 79 79 79 80 80 81 81 82 82 82 78 78 76 72 65 0 0 0 0 0 0 0 0 0 0 0 0 0 0 0 0 0 0 0 0 0 0 0 0 0 0 37 37 0 0 0 0 0 0 42 64 74 80 84 95 98 98 98 98 99 99 99 93 84 80 73 61 53 0 0 0 0 0 0 0 0 0 0 0 0 0 0 0 0 0 0 0 0 0 0 0 0 0 0 0 0 0 0 0 0 0 0 0 59 77 85 90 95 102 104 104 104 104 104 103 104 103 103 102 102 101 101 100 99 99 99 99 99 99 99 100 102 105 99 99 98 93 73 0 0 0 0 0 0 0 0 0 0 0 0 0 0 0 0 0 
65 70 70 70 70 71 71 72 72 72 73 74 75 76 76 76 77 77 78 78 79 79 79 79 81 81 81 81 82 82 82 78 78 76 72 63 0 0 0 0 0 0 0 0 0 0 0 0 0 0 0 0 0 0 0 0 0 0 0 0 0 0 0 37 0 0 0 0 0 0 44 65 75 81 84 95 98 99 98 99 99 99 99 93 84 80 74 62 54 0 0 0 0 0 0 0 0 0 0 0 0 0 0 0 0 0 0 0 0 0 0 0 0 0 0 0 0 0 0 0 0 0 0 0 57 74 83 87 95 103 104 105 104 104 104 103 103 102 102 102 102 101 100 100 99 99 98 99 99 99 100 101 102 105 100 99 99 94 75 0 0 0 0 0 0 0 0 0 0 0 0 0 0 0 0 0 
70 76 70 70 70 71 71 72 73 73 74 74 75 75 75 76 77 77 78 78 79 79 79 80 81 81 81 81 82 82 82 78 77 76 71 62 0 0 0 0 0 0 0 0 0 0 0 0 0 0 0 0 0 0 0 0 0 0 0 0 0 0 0 0 0 0 0 0 0 0 45 65 76 82 85 96 99 99 99 99 99 99 99 94 85 81 75 64 56 0 0 0 0 0 0 0 0 0 0 0 0 0 0 0 0 0 0 0 0 0 0 0 0 0 0 0 0 0 0 0 0 0 0 0 55 71 80 85 94 103 104 105 105 104 104 103 103 102 102 102 102 101 101 100 100 100 99 99 100 100 100 101 102 105 100 100 99 95 77 0 0 0 0 0 0 0 0 0 0 0 0 0 0 0 0 0 
74 73 70 70 71 72 72 72 73 73 73 73 74 75 75 76 77 77 78 78 79 79 79 79 80 81 81 81 82 82 82 79 77 76 72 63 0 0 0 0 0 0 0 0 0 0 0 0 0 0 0 0 0 0 0 0 0 0 0 0 0 0 0 37 0 0 0 0 0 0 45 66 76 82 86 96 99 100 100 100 100 100 100 95 86 82 76 65 56 0 0 0 0 0 0 0 0 0 0 0 0 0 0 0 0 0 0 0 0 0 0 0 0 0 0 0 0 0 0 0 0 0 0 40 52 69 78 83 94 102 104 104 104 104 104 103 103 102 102 102 102 102 101 100 100 100 99 99 99 100 100 101 102 105 101 100 100 96 79 0 0 0 0 0 0 0 0 0 0 0 0 0 0 0 0 0 
64 72 70 70 71 71 71 72 72 72 73 73 74 75 75 76 76 78 78 78 79 80 80 80 81 81 81 81 82 82 83 78 77 76 72 62 0 0 0 0 0 0 0 0 0 0 0 0 0 0 0 0 0 0 0 0 0 0 0 0 0 0 0 39 0 0 0 0 0 0 46 67 77 82 86 97 99 100 100 100 100 100 100 95 87 81 75 64 55 0 0 0 0 0 0 0 0 0 0 0 0 0 0 0 0 0 0 0 0 0 0 0 0 0 0 0 0 0 0 0 0 0 0 40 52 69 78 83 94 103 104 104 104 104 104 103 103 103 102 102 102 102 101 101 100 100 100 100 100 100 99 100 101 104 100 101 100 97 80 0 0 0 0 0 0 0 0 0 0 0 0 0 0 0 0 0 
63 69 70 70 71 71 71 71 71 71 72 73 73 75 75 76 77 78 78 78 79 79 79 80 81 81 81 82 82 83 83 80 79 78 75 67 0 0 0 0 0 0 0 0 0 0 0 0 0 0 0 0 0 0 0 0 0 0 0 0 0 0 0 0 0 0 0 0 0 0 47 67 77 83 86 97 99 100 100 101 101 101 101 96 88 81 75 64 54 0 0 0 0 0 0 0 0 0 0 0 0 0 0 0 0 0 0 0 0 0 0 0 0 0 0 0 0 0 0 0 0 0 0 40 50 66 76 81 93 102 103 104 104 104 104 103 102 102 102 102 102 102 102 101 101 100 99 100 99 99 99 100 101 104 100 101 100 97 81 0 0 0 0 0 0 0 0 0 0 0 0 0 0 0 0 0 
70 69 69 70 71 71 71 71 71 71 72 72 73 74 75 76 77 77 77 78 79 79 79 80 81 81 81 82 82 83 82 79 79 77 75 68 0 0 0 0 0 0 0 0 0 0 0 0 0 0 0 0 0 0 0 0 0 0 0 0 0 0 0 0 0 0 0 0 0 0 48 68 78 83 86 97 100 101 101 101 102 102 102 98 90 80 74 64 54 0 0 0 0 0 0 0 0 0 0 0 0 0 0 0 0 0 0 0 0 0 0 0 0 0 0 0 0 0 0 0 0 0 0 40 51 67 77 82 93 102 103 103 104 104 104 103 103 103 102 102 102 102 101 101 101 101 100 99 99 99 98 99 100 103 99 100 100 97 81 0 0 0 0 0 0 0 0 0 0 0 0 0 0 0 0 0 
69 65 69 70 71 71 71 71 71 71 71 72 73 74 75 76 76 77 77 78 79 79 80 80 81 81 82 82 82 83 82 80 79 78 76 70 0 0 0 0 0 0 0 0 0 0 0 0 0 0 0 0 0 0 0 0 0 0 0 0 0 0 0 0 0 0 0 0 0 0 48 69 78 83 87 97 100 101 102 102 102 103 103 99 91 80 74 63 53 41 0 0 46 46 46 46 0 0 0 0 0 0 0 0 0 0 0 0 0 0 0 0 0 0 0 0 0 0 0 0 0 0 0 0 52 69 79 84 93 102 103 103 104 104 104 103 103 103 102 102 102 102 101 101 100 100 99 99 98 98 98 98 100 102 99 100 100 97 82 0 0 0 0 0 0 0 0 0 0 0 0 0 0 0 0 0 
70 65 69 70 70 70 70 71 71 71 72 72 73 74 75 76 76 77 77 77 78 79 79 80 81 81 82 82 82 83 82 80 79 78 75 71 0 0 0 0 0 0 0 0 0 0 0 0 0 0 0 0 0 0 0 0 0 0 0 0 0 0 0 0 0 0 0 0 0 0 49 69 78 83 87 97 100 102 102 103 103 103 104 100 92 80 74 64 54 41 0 50 52 50 50 50 50 0 0 0 0 0 0 0 0 0 0 0 0 0 0 0 0 0 0 0 0 0 0 0 0 0 0 0 51 69 79 84 93 102 103 103 103 103 103 103 103 102 102 102 102 101 101 100 100 100 99 99 99 99 98 99 100 103 100 98 97 93 78 51 51 51 51 51 0 0 0 0 0 0 0 0 0 0 0 0 
71 72 69 69 69 70 70 70 70 71 72 73 73 74 75 76 76 76 77 77 78 79 80 80 81 81 82 82 82 82 81 80 79 78 75 72 0 0 0 0 0 0 0 0 0 0 0 0 0 0 0 0 0 0 0 0 0 0 0 0 0 0 0 0 0 0 0 0 0 0 50 70 78 84 87 98 101 103 103 104 105 105 105 102 94 82 76 66 55 42 0 48 55 52 52 52 55 0 0 0 0 0 0 0 0 0 0 0 0 0 0 0 0 0 0 0 0 0 0 0 0 0 0 0 51 69 78 84 93 102 103 103 103 103 103 102 102 102 101 101 102 101 100 100 99 99 99 99 98 99 98 99 100 103 100 98 97 93 79 51 51 51 51 51 0 0 0 0 0 0 0 0 0 0 0 0 
68 66 69 69 69 69 69 70 71 72 72 73 73 74 74 75 75 76 76 77 78 79 80 80 81 81 82 82 82 82 81 79 79 77 75 70 0 0 0 0 0 0 0 0 0 0 0 0 0 0 0 0 0 0 0 0 0 0 0 0 0 0 0 0 0 0 0 0 0 0 50 70 79 84 87 98 101 103 104 105 105 105 106 103 95 83 77 67 56 43 0 48 60 59 59 59 64 0 0 0 0 0 0 0 0 0 0 0 0 0 0 0 0 0 0 0 0 0 0 0 0 0 0 0 54 72 81 86 93 102 103 103 103 103 103 103 103 102 101 101 101 101 100 100 99 99 99 99 98 99 98 99 101 103 100 96 94 90 75 50 0 0 0 0 0 0 0 0 0 0 0 0 0 0 0 0 
75 76 69 69 69 70 70 70 71 72 72 73 74 74 74 75 74 75 76 77 78 79 79 80 80 80 81 81 82 82 82 80 79 78 75 71 0 0 0 0 0 0 0 0 0 0 0 0 0 0 0 0 0 0 0 0 0 0 0 0 0 0 0 0 0 0 0 0 0 0 50 70 79 84 88 98 101 103 104 105 106 106 107 103 96 84 78 68 57 43 0 0 67 67 67 67 73 66 0 0 0 0 0 0 0 0 0 0 0 0 0 0 0 0 0 0 0 0 0 0 0 0 0 0 52 69 79 84 93 102 103 103 103 103 103 102 102 102 102 101 102 101 100 100 99 99 99 98 98 98 98 99 101 103 101 95 92 87 72 50 0 0 0 0 0 0 0 0 0 0 0 0 0 0 0 0 
70 71 69 69 69 70 70 70 71 72 72 73 74 74 75 75 75 76 77 77 78 79 80 80 80 80 81 82 82 82 82 79 79 78 76 71 0 0 0 0 0 0 0 0 0 0 0 0 0 0 0 0 0 0 0 0 0 0 0 0 0 0 0 0 0 0 0 0 0 0 52 71 79 85 88 98 102 103 104 106 106 107 107 104 97 85 79 69 59 42 0 0 72 76 74 72 77 73 0 0 0 0 0 0 0 0 0 0 0 0 0 0 0 0 0 0 0 0 0 0 0 0 0 41 51 67 76 82 92 102 103 103 104 104 103 103 103 102 102 101 101 101 100 100 99 99 98 98 98 99 99 99 101 103 101 92 90 84 70 50 0 0 0 0 0 0 0 0 0 0 0 0 0 0 0 0 
66 67 69 69 69 70 70 70 71 72 72 73 74 74 74 74 74 75 76 77 78 79 79 80 80 80 81 81 82 82 81 79 78 77 76 71 0 0 0 0 0 0 0 0 0 0 0 0 0 0 0 0 0 0 0 0 0 0 0 0 0 0 0 0 0 0 0 0 0 0 52 70 79 85 88 98 102 104 105 107 107 108 108 104 98 85 79 70 59 43 0 0 71 91 94 89 89 95 74 0 0 0 0 0 0 0 0 0 0 0 0 0 0 0 0 0 0 0 0 0 0 0 0 41 50 65 74 81 92 101 103 103 104 104 103 103 102 101 101 101 101 101 100 100 100 99 98 98 98 98 98 99 101 103 100 94 92 87 72 0 0 0 0 0 0 0 0 0 0 0 0 0 0 0 0 0 
68 72 69 70 70 71 71 70 71 72 72 73 74 74 74 74 74 76 76 77 78 79 79 79 80 80 81 81 82 82 82 80 79 78 76 71 0 0 0 0 0 0 0 0 0 0 0 0 0 0 0 0 0 0 0 0 0 0 0 0 0 0 0 0 0 0 0 0 0 0 52 71 80 85 88 99 102 104 105 107 108 109 109 106 99 86 80 71 60 43 0 0 72 213 196 197 189 235 131 141 0 0 0 0 0 0 0 0 0 0 0 0 0 0 0 0 0 0 0 0 0 0 0 46 52 66 74 82 92 101 103 103 103 104 103 103 102 101 101 101 100 100 100 99 99 98 97 97 97 98 98 98 100 102 100 93 92 87 72 0 0 0 0 0 0 0 0 0 0 0 0 0 0 0 0 0 
65 70 69 70 70 71 71 71 71 72 72 73 74 74 75 75 75 76 76 77 78 79 79 79 80 80 81 81 82 82 82 80 79 78 76 71 0 0 0 0 0 0 0 0 0 0 0 0 0 0 0 0 0 0 0 0 0 0 0 0 0 0 0 0 0 0 0 0 0 0 53 71 80 85 88 98 102 104 107 109 111 112 112 107 100 87 81 72 62 44 0 0 83 218 201 291 281 329 278 321 59 0 0 0 0 0 0 0 0 0 0 0 0 0 0 0 0 0 0 0 0 0 0 57 57 68 75 81 92 101 103 103 103 103 103 102 101 101 101 100 100 100 99 99 99 98 97 97 97 97 97 98 99 102 99 95 94 90 76 0 0 0 0 0 0 0 0 0 0 0 0 0 0 0 0 0 
65 69 69 69 70 71 71 71 72 72 73 73 74 74 75 75 75 76 77 77 78 79 79 79 80 80 81 81 82 82 82 79 79 78 75 69 0 0 0 0 0 0 0 0 0 0 0 0 0 0 0 0 0 0 0 0 0 0 0 0 0 0 0 0 0 0 0 0 0 0 53 71 80 85 89 99 102 105 109 113 115 116 115 109 101 87 82 73 64 47 0 0 87 219 202 355 344 378 333 375 61 0 0 0 0 0 0 0 0 0 0 0 0 0 0 0 0 0 0 0 0 0 88 69 65 73 79 82 92 101 102 103 103 103 103 102 102 101 100 100 100 100 99 98 98 97 96 97 96 97 97 98 99 101 99 97 96 93 80 0 0 0 0 0 0 0 0 0 0 0 0 0 0 0 0 0 
65 73 68 69 70 70 71 71 72 73 73 73 74 74 74 75 75 76 77 77 77 78 78 79 80 80 80 81 82 82 82 80 79 77 75 68 0 0 0 0 0 0 0 0 0 0 0 0 0 0 0 0 0 0 0 0 0 0 0 0 0 0 0 0 0 0 0 0 0 0 54 72 81 86 89 99 102 104 109 114 117 118 117 111 101 88 82 73 64 49 0 0 85 269 273 428 396 415 347 355 56 0 0 0 0 0 0 0 0 0 0 0 0 0 0 0 0 0 0 0 0 0 86 71 67 74 79 83 92 101 102 102 103 102 102 102 101 101 100 100 99 99 98 98 97 97 96 96 96 96 96 97 98 101 98 99 98 97 85 0 0 0 0 0 0 0 0 0 0 0 0 0 0 0 0 0 
66 68 68 69 70 70 71 71 72 73 73 73 74 74 74 75 75 76 77 78 79 79 79 79 80 80 80 81 82 82 83 80 79 78 74 67 0 0 0 0 0 0 0 0 0 0 0 0 0 0 0 0 0 0 0 0 0 0 0 0 0 0 0 0 0 0 0 0 0 0 54 72 81 85 89 99 101 104 109 114 117 118 117 111 101 87 82 73 64 48 0 0 83 252 259 421 408 431 372 385 59 0 0 0 0 0 0 0 0 0 0 0 0 0 0 0 0 0 0 0 0 0 89 72 68 75 80 83 93 102 103 103 103 102 102 102 102 101 100 100 99 99 98 97 96 95 94 94 93 93 94 94 95 98 96 97 97 95 84 0 0 0 0 0 0 0 0 0 0 0 0 0 0 0 0 0 
61 65 68 68 69 69 70 70 71 72 73 73 74 74 74 75 75 76 77 78 79 79 79 80 80 80 80 81 82 82 82 80 79 78 75 68 0 0 0 0 0 0 0 0 0 0 0 0 0 0 0 0 0 0 0 0 0 0 0 0 0 0 0 0 0 0 0 0 0 0 54 72 81 85 89 98 101 103 108 113 115 117 117 110 100 87 81 72 62 47 0 0 87 159 179 366 353 355 352 385 58 0 0 0 0 0 0 0 0 0 0 0 0 0 0 0 0 0 0 0 0 0 97 73 68 75 81 83 92 101 103 102 102 102 102 101 101 101 100 100 99 98 95 93 91 88 86 85 84 85 85 86 87 90 89 90 90 90 80 0 0 0 0 0 0 0 0 0 0 0 0 0 0 0 0 0 
64 63 67 68 69 69 70 70 71 72 73 73 74 73 74 74 75 76 77 78 79 79 79 79 80 80 80 80 81 82 82 79 79 77 74 68 0 0 0 0 0 0 0 0 0 0 0 0 0 0 0 0 0 0 0 0 0 0 0 0 0 0 0 0 0 0 0 0 0 0 54 71 80 85 88 98 100 102 106 110 112 114 114 109 100 86 80 71 61 45 0 0 70 172 182 276 252 258 241 259 52 0 0 0 0 0 0 0 0 0 0 0 0 0 0 0 0 0 0 0 0 0 0 65 62 71 78 82 93 102 103 102 102 102 101 101 101 101 100 98 96 94 92 90 87 86 84 83 81 82 82 83 84 88 87 87 88 88 78 0 0 0 0 0 0 0 0 0 0 0 0 0 0 0 0 0 
70 63 67 68 69 69 70 70 71 71 72 73 74 73 74 75 75 77 78 78 79 79 79 79 80 80 80 80 81 82 82 80 79 78 75 69 0 0 0 0 0 0 0 0 0 0 0 0 0 0 0 0 0 0 0 0 0 0 0 0 37 37 37 0 0 0 0 0 0 0 53 70 79 84 88 97 100 101 104 107 108 109 111 106 98 85 79 70 59 42 0 0 0 210 185 194 171 178 150 141 56 0 0 0 0 0 0 0 0 0 0 0 0 0 0 0 0 0 0 0 0 0 0 51 53 66 74 81 92 102 103 102 102 101 101 101 100 100 98 97 93 91 88 85 80 78 75 73 73 73 74 75 77 81 82 84 85 85 0 0 0 0 0 0 0 0 0 0 0 0 0 0 0 0 0 0 
69 70 67 68 68 69 69 69 70 71 72 73 74 74 74 75 75 76 77 78 79 79 79 79 79 80 80 81 82 82 82 79 79 77 74 67 0 0 0 0 0 0 0 0 0 0 0 0 0 0 0 0 0 0 0 0 0 0 0 37 37 37 37 37 0 0 0 0 0 0 53 70 79 84 87 97 100 100 102 104 106 107 108 105 97 84 78 68 57 40 0 0 0 0 80 106 100 105 109 114 0 0 0 0 0 0 0 0 0 0 0 0 0 0 0 0 0 0 0 0 0 0 0 45 50 65 75 82 92 102 103 103 102 101 100 100 100 98 96 94 91 86 83 79 75 73 72 71 71 70 70 70 70 73 76 77 79 80 0 0 0 0 0 0 0 0 0 0 0 0 0 0 0 0 0 0 
68 66 67 68 68 69 69 69 70 71 72 73 74 74 74 74 75 76 77 78 78 78 78 78 79 80 80 81 82 82 82 79 78 77 74 67 0 0 0 0 0 0 0 0 0 0 0 0 0 0 0 0 0 0 0 0 0 0 0 37 37 37 37 0 0 0 0 0 0 0 55 71 79 84 87 97 99 100 101 103 105 106 107 103 96 83 76 66 56 38 0 0 0 0 0 110 100 100 100 107 81 0 0 0 0 0 0 0 0 0 0 0 0 0 0 0 0 0 0 0 0 0 0 42 50 66 76 81 92 101 102 102 102 101 100 100 99 96 93 91 84 79 78 75 73 74 73 73 72 70 68 65 62 61 61 62 63 64 0 0 0 0 0 0 0 0 0 0 0 0 0 0 0 0 0 0 
64 68 68 69 69 70 70 70 71 72 73 73 74 74 74 74 75 76 76 77 77 78 78 78 79 80 80 81 82 82 82 79 78 77 73 66 0 0 0 0 0 0 0 0 0 0 0 0 0 0 0 0 0 0 0 0 0 0 0 0 0 0 0 0 0 0 0 0 0 0 53 70 79 84 87 96 99 100 101 102 104 105 106 103 95 83 77 66 57 38 0 0 0 0 0 96 90 86 86 90 75 0 0 0 0 0 0 0 0 0 0 0 0 0 0 0 0 0 0 0 0 0 0 41 50 66 75 81 92 101 102 102 101 101 100 100 98 94 91 86 79 75 77 78 80 82 82 81 81 78 76 73 67 67 69 69 69 72 0 0 0 0 0 0 0 0 0 0 0 0 0 0 0 0 0 64 
64 67 67 68 69 70 70 71 72 72 72 73 75 74 75 75 75 76 76 77 78 78 78 78 79 80 80 81 82 82 82 79 78 77 74 67 0 0 0 0 0 0 0 0 0 0 0 0 0 0 0 0 0 0 0 0 0 0 0 0 0 0 0 0 0 0 0 0 0 0 52 70 79 84 87 96 99 100 100 102 104 105 106 102 95 84 77 67 57 0 0 0 0 0 0 75 80 75 75 78 76 0 0 0 0 0 0 0 0 0 0 0 0 0 0 0 0 0 0 0 0 0 0 0 51 68 77 83 92 101 102 102 101 101 100 100 97 93 87 81 75 74 79 83 84 85 85 83 82 79 77 73 70 74 76 76 76 77 0 0 0 0 0 0 0 0 0 0 0 0 0 0 0 66 0 66 
64 66 67 68 69 70 70 70 72 72 72 73 75 74 75 75 75 76 76 77 78 78 78 79 79 80 81 81 82 82 82 79 78 77 74 66 0 0 0 0 0 0 0 0 0 0 0 0 0 0 0 0 0 0 0 0 0 0 0 0 0 0 0 0 0 0 0 0 0 0 52 69 78 83 86 96 98 99 100 101 103 104 104 101 93 85 78 68 58 0 0 0 0 0 0 66 74 68 68 68 69 0 0 0 0 0 0 0 0 0 0 0 0 0 0 0 0 0 0 0 0 0 0 0 51 68 77 83 92 100 102 101 101 100 100 100 96 91 85 80 75 77 83 87 89 90 91 89 88 85 80 76 75 80 79 80 81 81 72 0 0 0 0 0 0 0 0 0 0 0 0 0 0 66 0 65 
62 64 68 68 70 70 70 71 72 72 72 73 74 74 74 75 75 76 76 77 78 79 79 79 79 80 80 81 81 82 82 79 79 78 76 68 0 0 0 0 0 0 0 0 0 0 0 0 0 0 0 0 0 0 0 0 0 0 0 0 0 0 0 0 0 0 0 0 0 0 50 68 77 82 86 95 98 99 99 100 102 103 103 100 92 86 80 69 60 0 0 0 0 0 0 0 66 60 60 60 61 48 0 0 0 0 0 0 0 0 0 0 0 0 0 0 0 0 0 0 0 0 0 0 51 68 78 83 92 100 101 101 100 100 100 100 95 91 85 79 76 82 86 90 92 93 92 88 86 84 77 74 78 84 81 83 83 82 72 0 0 0 0 0 0 0 0 0 0 0 0 0 0 65 0 69 
66 62 68 69 70 70 70 70 71 72 72 73 74 74 74 75 75 75 77 77 78 79 79 80 80 81 81 81 82 82 82 79 79 77 76 68 0 0 0 0 0 0 0 0 0 0 0 0 0 0 0 0 0 0 0 0 0 0 0 0 0 0 0 0 0 0 0 0 0 0 48 67 76 82 85 95 98 98 99 99 101 102 102 98 90 87 81 70 62 0 0 0 0 0 0 0 59 55 55 55 57 48 0 0 0 0 0 0 0 0 0 0 0 0 0 0 0 0 0 0 0 0 0 0 53 71 79 84 91 99 100 100 100 99 100 99 93 92 84 80 78 85 87 91 93 93 91 87 86 82 75 74 82 87 86 88 89 88 76 0 0 0 0 0 0 0 0 0 0 0 0 0 0 66 0 63 
72 70 68 69 69 70 69 70 71 71 72 72 73 73 74 74 75 75 76 77 77 78 79 79 80 80 80 81 81 81 82 79 79 77 76 68 0 0 0 0 0 0 0 0 0 0 0 0 0 0 0 0 0 0 0 0 0 0 0 0 0 0 0 0 0 0 0 0 0 0 46 65 75 81 84 95 97 98 98 99 99 101 101 96 89 85 79 69 61 0 0 0 0 0 0 0 53 50 50 50 52 48 0 0 0 0 0 0 0 0 0 0 0 0 0 0 0 0 0 0 0 0 0 0 56 74 82 86 91 99 100 100 100 99 100 99 93 92 83 80 79 84 86 91 93 93 90 87 85 80 74 75 83 88 87 89 90 88 74 0 0 0 0 0 0 0 0 0 0 0 0 0 0 65 63 65 
67 69 68 69 70 70 69 70 70 71 71 72 73 73 73 73 73 72 72 73 74 76 78 79 80 80 80 81 81 82 82 79 78 77 74 66 0 0 0 0 0 0 0 0 0 0 0 0 0 0 0 0 0 0 0 0 0 0 0 0 0 0 0 0 0 0 0 0 0 0 45 65 75 80 84 94 97 97 97 97 98 99 99 95 87 83 77 66 58 0 0 0 0 0 0 0 0 48 48 48 48 0 0 0 0 0 0 0 0 0 0 0 0 0 0 0 0 0 0 0 0 0 0 0 58 75 82 86 91 99 100 100 99 99 99 98 92 91 84 80 79 84 84 87 89 88 86 83 82 76 71 75 81 85 85 88 88 86 72 0 0 0 0 0 0 0 0 0 0 0 0 0 0 66 0 70 
65 66 69 69 70 70 69 70 70 71 71 72 72 72 71 70 70 68 68 70 72 74 77 78 80 80 80 81 81 81 82 79 78 77 75 68 0 0 0 0 0 0 0 0 0 0 0 0 0 0 0 0 0 0 0 0 0 0 0 0 0 0 0 0 0 0 0 0 0 0 45 64 74 80 83 94 96 96 96 96 96 98 98 94 86 82 76 64 56 0 0 0 0 0 0 0 0 0 0 0 0 0 0 0 0 0 0 0 0 0 0 0 0 0 0 0 0 0 0 0 0 0 0 0 62 79 85 89 92 99 99 99 98 96 95 93 86 84 79 76 76 82 83 86 87 85 82 80 78 72 71 75 79 82 82 83 82 82 70 0 0 0 0 0 0 0 0 0 0 0 0 0 66 66 63 64 
65 63 68 69 69 70 69 70 70 71 71 72 72 72 70 68 68 65 64 66 69 71 75 78 79 80 80 81 81 81 81 78 78 76 73 66 0 0 0 0 0 0 0 0 0 0 0 0 0 0 0 0 0 0 0 0 0 0 0 0 0 0 0 0 0 0 0 0 0 0 44 64 73 79 83 93 95 95 95 95 95 96 97 93 84 81 74 63 54 0 0 0 0 0 0 0 0 0 0 0 0 0 0 0 0 0 0 0 0 0 0 0 0 0 0 0 0 0 0 0 0 0 0 0 61 78 85 89 92 99 100 99 96 94 92 89 83 83 77 75 74 80 80 83 85 82 80 79 77 71 72 77 78 80 81 81 79 80 0 0 0 0 0 0 0 0 0 0 0 0 0 0 63 65 70 68 
67 67 68 69 70 70 70 70 71 71 72 72 72 72 69 66 66 63 60 62 67 69 74 77 79 79 79 80 81 81 81 78 77 75 73 65 0 0 0 0 0 0 0 0 0 0 0 0 0 0 0 0 0 0 0 0 0 0 0 0 0 0 0 0 0 0 0 0 0 0 43 63 73 78 82 93 94 94 94 94 94 96 96 92 83 80 73 62 53 0 0 0 0 0 0 0 0 0 0 0 0 0 0 0 0 0 0 0 0 0 0 0 0 0 0 0 0 0 0 0 0 0 0 0 63 79 86 90 92 99 99 96 93 91 88 84 81 80 75 72 71 75 77 80 81 78 76 74 72 68 71 77 75 77 77 77 75 76 0 0 0 0 0 0 0 0 0 0 0 0 0 0 63 65 66 65 
68 73 68 69 69 69 70 70 70 71 71 71 72 72 69 66 65 62 59 61 65 68 73 76 79 79 80 80 81 81 81 78 77 75 72 64 0 0 0 0 0 0 0 0 0 0 0 0 0 0 0 0 0 0 0 0 0 0 0 0 0 0 0 0 0 0 0 0 0 0 42 62 72 78 81 92 94 94 93 93 93 95 95 91 82 78 72 60 49 0 0 0 0 0 0 0 0 0 0 0 0 0 0 0 0 0 0 0 0 0 0 0 0 0 0 0 0 0 0 0 0 0 0 0 62 79 85 89 92 99 98 95 92 88 84 79 75 73 69 66 65 0 72 72 73 67 66 65 63 62 0 0 69 70 70 70 68 0 0 0 0 0 0 0 0 0 0 0 0 0 0 0 63 65 59 65 
63 67 69 69 69 69 69 69 70 71 72 71 72 72 70 67 67 65 63 64 68 70 74 76 79 79 79 79 80 81 81 78 77 75 71 63 0 0 0 0 0 0 0 0 0 0 0 0 0 0 0 0 0 0 0 0 0 0 0 0 0 0 0 0 0 0 0 0 0 0 41 62 72 78 81 92 93 93 93 93 93 94 95 90 81 77 71 59 48 0 0 0 0 0 0 0 0 0 0 0 0 0 0 0 0 0 0 0 0 0 0 0 0 0 0 0 0 0 0 0 0 0 0 0 64 79 86 89 91 98 97 94 90 85 78 68 62 58 0 0 0 0 0 0 0 0 0 0 0 0 0 0 0 0 0 0 0 0 0 0 0 0 0 0 0 0 0 0 0 0 0 60 63 65 69 74 
67 72 69 69 69 69 69 69 70 71 71 72 72 72 71 69 69 67 66 66 69 71 74 76 78 79 79 80 80 81 81 77 76 75 71 61 0 0 0 0 0 0 0 0 0 0 0 0 0 0 0 0 0 0 0 0 0 0 0 0 0 0 0 0 0 0 0 0 0 0 41 62 72 77 81 91 93 93 93 92 93 94 94 90 81 76 70 57 47 0 0 0 0 0 0 0 0 0 0 0 0 0 0 0 0 0 0 0 0 0 0 0 0 0 0 0 0 0 0 0 0 0 0 0 66 79 85 89 91 97 96 91 87 83 74 59 0 0 0 0 0 0 0 0 0 0 0 0 0 0 0 0 0 0 0 0 0 0 0 0 0 0 0 0 0 0 0 0 0 0 0 60 62 64 65 62 
62 67 68 69 69 68 69 68 69 70 71 71 72 72 71 71 71 70 70 70 72 73 75 76 78 78 79 79 80 80 81 77 76 75 72 62 0 0 0 0 0 0 0 0 0 0 0 0 0 0 0 0 0 0 0 0 0 0 0 0 0 0 0 0 0 0 0 0 0 0 41 64 74 79 82 91 93 93 92 92 93 94 94 89 80 75 68 55 46 0 0 0 0 0 0 0 0 0 0 0 0 0 0 0 0 0 0 0 0 0 0 0 0 0 0 0 0 0 0 0 0 0 0 0 67 79 85 88 90 97 95 90 85 81 71 55 0 0 0 0 0 0 0 0 0 0 0 0 0 0 0 0 0 0 0 0 0 0 0 0 0 0 0 0 0 0 0 0 0 0 0 62 64 65 70 69 
69 66 68 69 68 68 68 67 67 68 69 69 70 71 71 71 72 72 72 73 74 75 76 77 78 78 79 79 80 80 81 77 76 75 72 63 0 0 0 0 0 0 0 0 0 0 0 0 0 0 0 0 0 0 0 0 0 0 0 0 0 0 0 0 0 0 0 0 0 0 0 66 76 80 83 90 92 93 92 92 93 94 94 88 78 74 67 54 45 0 0 0 0 0 0 0 0 0 0 0 0 0 0 0 0 0 0 0 0 0 0 0 0 0 0 0 0 0 0 0 0 0 0 0 67 79 85 88 90 96 95 91 87 80 72 62 0 0 0 0 0 0 0 0 0 0 0 0 0 0 0 0 0 0 0 0 0 0 0 0 0 0 0 0 0 0 0 0 0 0 0 63 64 65 60 63 
61 64 67 68 68 68 67 66 65 66 66 66 67 68 69 70 72 73 74 74 75 76 76 77 78 78 78 79 79 80 80 77 77 76 73 65 0 0 0 0 0 0 0 0 0 0 0 0 0 0 0 0 0 0 0 0 0 0 0 0 0 0 0 0 0 0 0 0 0 0 0 69 78 82 85 90 92 92 93 93 93 94 94 87 78 73 66 53 44 0 0 0 0 0 0 0 0 0 0 0 0 0 0 0 0 0 0 0 0 0 0 0 0 0 0 0 0 0 0 0 0 0 0 0 66 79 85 88 90 96 95 92 88 82 74 68 63 0 0 0 0 0 0 0 0 0 0 0 0 0 0 0 0 0 0 0 0 0 0 0 0 0 0 0 0 0 0 0 0 0 0 64 64 65 63 71 
67 74 66 67 67 67 67 66 64 65 64 63 64 66 66 68 70 72 72 72 73 74 75 76 77 77 78 79 79 79 80 77 77 76 74 66 0 0 0 0 0 0 0 0 0 0 0 0 0 0 0 0 0 0 0 0 0 0 0 0 0 0 0 0 0 0 0 0 0 0 0 73 81 84 86 89 92 92 93 93 93 93 93 86 76 72 64 51 44 0 0 0 0 0 0 0 0 0 0 0 0 0 0 0 0 0 0 0 0 0 0 0 0 0 0 0 0 0 0 0 0 0 0 0 64 78 84 87 89 96 96 93 89 84 79 74 71 65 62 59 59 60 64 63 61 59 0 0 0 0 0 0 0 0 0 0 0 0 0 0 0 0 0 0 0 0 0 0 0 0 0 64 64 65 65 68 
0 60 66 67 67 67 66 65 63 63 62 61 62 64 64 66 69 71 71 72 72 72 72 72 73 74 75 76 77 77 77 75 74 73 71 66 0 0 0 0 0 0 0 0 0 0 0 0 0 0 0 0 0 0 0 0 0 0 0 0 0 0 0 0 0 0 0 0 0 0 0 78 84 86 88 89 91 91 92 92 92 93 92 85 75 71 63 49 42 0 0 0 0 0 0 0 0 0 0 0 0 0 0 0 0 0 0 0 0 0 0 0 0 0 0 0 0 0 0 0 0 0 0 0 62 77 84 87 89 96 97 95 91 87 83 80 77 74 73 72 71 72 73 73 71 69 68 64 0 0 0 0 0 0 0 0 0 0 0 0 0 0 0 0 0 0 0 0 0 0 0 65 65 67 61 69 
0 0 66 66 66 67 65 64 62 61 59 58 59 61 62 64 68 70 70 71 71 71 70 71 71 73 74 75 76 77 77 74 73 73 71 65 0 0 0 0 0 0 0 0 0 0 0 0 0 0 0 0 0 0 0 0 0 0 0 0 0 0 0 0 0 0 0 0 0 0 0 77 83 85 86 87 90 90 91 91 91 92 91 84 74 70 62 49 41 0 0 0 0 0 0 0 0 0 0 0 0 0 0 0 0 0 0 0 0 0 0 0 0 0 0 0 0 0 0 0 0 0 0 0 63 78 84 87 89 95 95 94 93 88 85 81 78 73 71 70 70 70 72 72 71 69 68 66 65 0 0 0 0 0 0 0 0 0 0 0 0 0 0 0 0 0 0 0 0 0 0 64 65 67 67 70 
0 0 64 64 65 66 64 61 62 61 59 58 59 59 60 62 66 68 69 70 69 69 68 68 69 70 72 74 75 75 76 74 73 72 70 0 0 0 0 0 0 0 0 0 0 0 0 0 0 0 0 0 0 0 0 0 0 0 0 0 0 0 0 0 0 0 0 0 0 0 0 72 77 78 80 81 83 84 84 84 84 85 85 79 70 66 60 48 40 0 0 0 0 0 0 0 0 0 0 0 0 0 0 0 0 0 0 0 0 0 0 0 0 0 0 0 0 0 0 0 0 0 0 0 59 72 77 79 81 86 86 85 84 82 80 78 76 73 71 70 70 70 72 72 71 69 68 66 65 0 0 0 0 0 0 0 0 0 0 0 0 0 0 0 0 0 0 0 0 0 0 64 65 67 67 76 
0 0 0 0 0 0 0 0 0 90 81 75 73 69 60 59 63 65 65 66 65 64 63 63 65 67 69 72 73 73 73 71 70 69 68 0 0 0 0 0 0 0 0 0 0 0 0 0 0 0 0 0 0 0 0 0 0 0 0 0 0 0 0 0 0 0 0 0 0 0 0 70 75 77 78 79 81 82 82 82 83 83 83 78 67 64 58 47 39 0 0 0 0 0 0 0 0 0 0 0 0 0 0 0 0 0 0 0 0 0 0 0 0 0 0 0 0 0 0 0 0 0 0 0 60 70 75 77 79 83 83 83 82 80 80 79 77 75 73 70 70 70 72 72 71 69 68 66 65 0 0 0 0 0 0 0 0 0 0 0 0 0 0 0 0 0 0 0 0 0 0 64 66 68 68 69 
0 0 0 0 0 0 0 0 0 95 89 84 84 85 67 0 0 0 0 0 0 0 0 56 58 61 62 66 67 67 67 64 63 0 0 0 0 0 0 0 0 0 0 0 0 0 0 0 0 0 0 0 0 0 0 0 0 0 0 0 0 0 0 0 0 0 0 0 0 0 0 0 72 74 75 76 78 79 79 79 79 80 79 75 65 61 56 46 38 0 0 0 0 0 0 0 0 0 0 0 0 0 0 0 0 0 0 0 0 0 0 0 0 0 0 0 0 0 0 0 0 0 0 0 0 68 72 74 75 79 79 79 77 75 76 76 76 77 77 76 76 75 76 77 76 73 73 71 69 0 0 0 0 0 0 0 0 0 0 0 0 0 0 0 0 0 0 0 0 0 0 63 65 67 66 71 
0 0 0 0 0 0 0 0 77 93 89 83 83 86 70 0 0 0 0 0 0 0 0 0 0 0 0 0 0 0 0 0 0 0 0 0 0 0 0 0 0 0 0 0 0 0 0 0 0 0 0 0 0 0 0 0 0 0 0 0 0 0 0 0 0 0 0 0 0 0 0 0 67 69 70 70 72 73 73 74 74 75 74 72 62 59 55 46 38 0 0 0 0 0 0 0 0 0 0 0 0 0 0 0 0 0 0 0 0 0 0 0 0 0 0 0 0 0 0 0 0 0 0 0 0 63 65 67 68 70 70 70 68 66 66 66 66 67 68 67 69 67 69 70 71 68 69 0 0 0 0 55 55 55 55 56 0 0 0 0 0 0 0 0 0 0 0 0 0 0 0 65 66 68 69 73 
0 0 0 0 0 0 0 0 72 87 87 82 83 86 74 63 0 0 0 0 0 0 0 0 0 0 0 0 0 0 0 0 0 0 0 0 0 0 0 0 0 0 0 0 0 0 0 0 0 0 0 0 0 0 0 0 0 0 0 0 0 0 0 0 0 0 0 0 0 0 0 0 0 0 57 57 58 60 60 60 60 60 61 61 53 52 50 0 0 0 0 0 0 0 0 0 0 0 0 0 0 0 0 0 0 0 0 0 0 0 0 0 0 0 0 0 0 0 0 0 0 0 0 0 0 0 0 50 51 51 51 51 49 48 47 0 0 0 0 0 0 0 0 0 0 0 0 0 0 0 0 54 54 54 54 56 0 0 0 0 0 0 0 0 0 0 0 0 0 0 0 65 66 67 65 72 
0 0 0 0 0 0 0 59 69 85 89 83 84 86 76 61 0 0 0 0 0 0 0 0 0 0 0 0 0 0 0 0 0 0 0 0 0 0 0 0 0 0 0 0 0 0 0 0 0 0 0 0 0 0 0 0 0 0 0 0 0 0 0 0 0 0 0 0 0 0 0 0 0 0 0 0 0 0 0 0 0 0 0 0 0 0 0 0 0 0 0 0 0 0 0 0 0 0 0 0 0 0 0 0 0 0 0 0 0 0 0 0 0 0 0 0 0 0 0 0 0 0 0 0 0 0 0 0 0 0 0 0 0 0 0 0 0 0 0 0 0 0 0 0 0 0 0 0 0 0 0 54 54 54 54 0 0 0 0 0 0 0 0 0 0 0 0 0 0 0 0 65 65 67 64 71 
0 0 0 0 66 64 64 64 67 78 87 84 84 86 81 64 0 0 0 0 0 0 0 0 0 0 0 0 0 0 0 0 0 0 0 0 0 0 0 0 0 0 0 0 0 0 0 0 0 0 0 0 0 0 0 0 0 0 0 0 0 0 0 0 0 0 0 0 0 0 0 0 0 0 0 0 0 0 0 0 0 0 0 0 0 0 0 0 0 0 0 0 0 0 0 0 0 0 0 0 0 0 0 0 0 0 0 0 0 0 0 0 0 0 0 0 0 0 0 0 0 0 0 0 0 0 0 0 0 0 0 0 0 0 0 0 0 0 0 0 0 0 0 0 0 0 0 0 0 0 0 54 54 54 54 0 0 0 0 0 0 0 0 0 0 0 0 0 0 0 0 64 65 66 64 68 
0 0 69 69 68 67 66 66 68 74 85 84 83 85 84 66 0 0 0 0 0 0 0 0 0 0 0 0 0 0 0 0 0 0 0 0 0 0 0 0 0 0 0 0 0 0 0 0 0 0 0 0 0 0 0 0 0 0 0 0 0 0 0 0 0 0 0 0 0 0 0 0 0 0 0 0 0 0 0 0 0 0 0 0 0 0 0 0 0 0 0 0 0 0 0 0 0 0 0 0 0 0 0 0 0 0 0 0 0 0 0 0 0 0 0 0 0 0 0 0 0 0 0 0 0 0 0 0 0 0 0 0 0 0 0 0 0 0 0 0 0 0 0 0 0 0 0 0 0 0 0 0 0 0 0 0 0 0 0 0 0 0 0 0 0 0 0 0 0 0 0 64 65 66 66 70 
0 0 71 72 71 71 69 69 70 73 83 84 83 85 86 71 61 0 0 0 0 0 0 0 0 0 0 0 0 0 0 0 0 0 0 0 0 0 0 0 0 0 0 0 0 0 0 0 0 0 0 0 0 0 0 0 0 0 0 0 0 0 0 0 0 0 0 0 0 0 0 0 0 0 0 0 0 0 0 0 0 0 0 0 0 0 0 0 0 0 0 0 0 0 0 0 0 0 0 0 0 0 0 0 0 0 0 0 0 0 0 0 0 0 0 0 0 0 0 0 0 0 0 0 0 0 0 0 0 0 0 0 0 0 0 0 0 0 0 0 0 0 0 0 0 0 0 0 0 0 0 0 0 0 0 0 0 0 0 0 0 0 0 0 0 0 0 0 0 0 0 0 64 66 67 69 
0 61 71 72 72 72 71 71 71 72 81 85 82 83 86 74 60 0 0 0 0 0 0 0 0 0 0 0 0 0 0 0 0 0 0 0 0 0 0 0 0 0 0 0 0 0 0 0 0 0 0 0 0 0 0 0 0 0 0 0 0 0 0 0 0 0 0 0 0 0 0 0 0 0 0 0 0 0 0 0 0 0 0 0 0 0 0 0 0 0 0 0 0 0 0 0 0 0 0 0 0 0 0 0 0 0 0 0 0 0 0 0 0 0 0 0 0 0 0 0 0 0 0 0 0 0 0 0 0 0 0 0 0 0 0 0 0 0 0 0 0 0 0 0 0 0 0 0 0 0 0 0 0 0 0 0 0 0 0 0 0 0 0 0 0 0 0 0 0 0 0 0 64 66 0 65 
0 0 70 72 73 73 72 72 72 72 78 83 80 81 84 77 61 0 0 0 0 0 0 0 0 0 0 0 0 0 0 0 0 0 0 0 0 0 0 0 0 0 0 0 0 0 0 0 0 0 0 0 0 0 0 0 0 0 0 0 0 0 0 0 0 0 0 0 0 0 0 0 0 0 0 0 0 0 0 0 0 0 0 0 0 0 0 0 0 0 0 0 0 0 0 0 0 0 0 0 0 0 0 0 0 0 0 0 0 0 0 0 0 0 0 0 0 0 0 0 0 0 0 0 0 0 0 0 0 0 0 0 0 0 0 0 0 0 0 0 0 0 0 0 0 0 0 0 0 0 0 0 0 0 0 0 0 0 0 0 0 0 0 0 0 0 0 0 0 0 0 0 0 65 0 0 
0 60 70 72 74 74 73 73 72 72 75 80 77 79 82 79 60 0 0 0 0 0 0 0 0 0 0 0 0 0 0 0 0 0 0 0 0 0 0 0 0 0 0 0 0 0 0 0 0 0 0 0 0 0 0 0 0 0 0 0 0 0 0 0 0 0 0 0 0 0 0 0 0 0 0 0 0 0 0 0 0 0 0 0 0 0 0 0 0 0 0 0 0 0 0 0 0 0 0 0 0 0 0 0 0 0 0 0 0 0 0 0 0 0 0 0 0 0 0 0 0 0 0 0 0 0 0 0 0 0 0 0 0 0 0 0 0 0 0 0 0 0 0 0 0 0 0 0 0 0 0 0 0 0 0 0 0 0 0 0 0 0 0 0 0 0 0 0 0 0 0 0 0 0 0 0 
0 62 71 73 74 75 75 73 72 71 72 77 75 78 80 80 0 0 0 0 0 0 0 0 0 0 0 0 0 0 0 0 0 0 0 0 0 0 0 0 0 0 0 0 0 0 0 0 0 0 0 0 0 0 0 0 0 0 0 0 0 0 0 0 0 0 0 0 0 0 0 0 0 0 0 0 0 0 0 0 0 0 0 0 0 0 0 0 0 0 0 0 0 0 0 0 0 0 0 0 0 0 0 0 0 0 0 0 0 0 0 0 0 0 0 0 0 0 0 0 0 0 0 0 0 0 0 0 0 0 0 0 0 0 0 0 0 0 0 0 0 0 0 0 0 0 0 0 0 0 0 0 0 0 0 0 0 0 0 0 0 0 0 0 0 0 0 0 0 0 0 0 0 0 0 0 
64 63 70 71 73 73 72 72 70 70 70 74 72 75 77 78 0 0 0 0 0 0 0 0 0 0 0 0 0 0 0 0 0 0 0 0 0 0 0 0 0 0 0 0 0 0 0 0 0 0 0 0 0 0 0 0 0 0 0 0 0 0 0 0 0 0 0 0 0 0 0 0 0 0 0 0 0 0 0 0 0 0 0 0 0 0 0 0 0 0 0 0 0 0 0 0 0 0 0 0 0 0 0 0 0 0 0 0 0 0 0 0 0 0 0 0 0 0 0 0 0 0 0 0 0 0 0 0 0 0 0 0 0 0 0 0 0 0 0 0 0 0 0 0 0 0 0 0 0 0 0 0 0 0 0 0 0 0 0 0 0 0 0 0 0 0 0 0 0 0 0 0 0 0 0 0 
0 70 102 88 81 75 71 71 70 70 69 71 72 96 120 143 173 191 181 174 0 0 0 0 0 0 0 0 0 0 0 0 0 0 0 0 0 0 0 0 0 0 0 0 0 0 0 0 0 0 0 0 0 0 0 0 0 0 0 0 0 0 0 0 0 0 0 0 0 0 0 0 0 0 0 0 0 0 0 0 0 0 0 0 0 0 0 0 0 0 0 0 0 0 0 0 0 0 0 0 0 0 0 0 0 0 0 0 0 0 0 0 0 0 0 0 0 0 0 0 0 0 0 0 0 0 0 0 0 0 0 0 0 0 0 0 0 0 0 0 0 0 0 0 0 0 0 0 0 0 0 0 0 0 0 0 0 0 0 0 0 0 0 0 0 0 0 0 0 0 0 0 0 0 0 0 
82 0 188 166 148 131 117 114 112 117 136 165 207 282 331 340 323 284 256 221 162 0 0 0 0 0 0 0 0 0 0 0 0 0 0 0 0 0 0 0 0 0 0 0 0 0 0 0 0 0 0 0 0 0 0 0 0 0 0 0 0 0 0 0 0 0 0 0 0 0 0 0 0 0 0 0 0 0 0 0 0 0 0 0 0 0 0 0 0 0 0 0 0 0 0 0 0 0 0 0 0 0 0 0 0 0 0 0 0 0 0 0 0 0 0 0 0 0 0 0 0 0 0 0 0 0 0 0 0 0 0 0 0 0 0 0 0 0 0 0 0 0 0 0 0 0 0 0 0 0 0 0 0 0 0 0 0 0 0 0 0 0 0 0 0 0 0 0 0 0 0 0 0 0 0 0 
341 234 283 263 246 230 216 225 231 255 290 326 356 401 410 406 368 311 276 228 155 0 0 0 0 0 0 0 0 0 0 0 0 0 0 0 0 0 0 0 0 0 0 0 0 0 0 0 0 0 0 0 0 0 0 0 0 0 0 0 0 0 0 0 0 0 0 0 0 0 0 0 0 0 0 0 0 0 0 0 0 0 0 0 0 0 0 0 0 0 0 0 0 0 0 0 0 0 0 0 0 0 0 0 0 0 0 0 0 0 0 0 0 0 0 0 0 0 0 0 0 0 0 0 0 0 0 0 0 0 0 0 0 0 0 0 0 0 0 0 0 0 0 0 0 0 0 0 0 0 0 0 0 0 0 0 0 0 0 0 0 0 0 0 0 0 0 0 0 0 0 0 0 0 0 0 
489 478 351 344 328 313 301 322 337 358 387 407 414 431 437 427 379 326 287 232 153 0 0 0 0 0 0 0 0 0 0 0 0 0 0 0 0 0 0 0 0 0 0 0 0 0 0 0 0 0 0 0 0 0 0 0 0 0 0 0 0 0 0 0 0 0 0 0 0 0 0 0 0 0 0 0 0 0 0 0 0 0 0 0 0 0 0 0 0 0 0 0 0 0 0 0 0 0 0 0 0 0 0 0 0 0 0 0 0 0 0 0 0 0 0 0 0 0 0 0 0 0 0 0 0 0 0 0 0 0 0 0 0 0 0 0 0 0 0 0 0 0 0 0 0 0 0 0 0 0 0 0 0 0 0 0 0 0 0 0 0 0 0 0 0 0 0 0 0 0 0 0 0 0 0 0 
433 448 381 377 376 376 380 393 395 400 410 410 419 434 439 425 384 334 295 237 154 0 0 0 0 0 0 0 0 0 0 0 0 0 0 0 0 0 0 0 0 0 0 0 0 0 0 0 0 0 0 0 0 0 0 0 0 0 0 0 0 0 0 0 0 0 0 0 0 0 0 0 0 0 0 0 0 0 0 0 0 0 0 0 0 0 0 0 0 0 0 0 0 0 0 0 0 0 0 0 0 0 0 0 0 0 0 0 0 0 0 0 0 0 0 0 0 0 0 0 0 0 0 0 0 0 0 0 0 0 0 0 0 0 0 0 0 0 0 0 0 0 0 0 0 0 0 0 0 0 0 0 0 0 0 0 0 0 0 0 0 0 0 0 0 0 0 0 0 0 0 0 0 0 0 0 
408 408 417 412 407 401 394 392 393 397 406 422 443 464 478 464 401 351 305 233 137 0 0 0 0 0 0 0 0 0 0 0 0 0 0 0 0 0 0 0 0 0 0 0 0 0 0 0 0 0 0 0 0 0 0 0 0 0 0 0 0 0 0 0 0 0 0 0 0 0 0 0 0 0 0 0 0 0 0 0 0 0 0 0 0 0 0 0 0 0 0 0 0 0 0 0 0 0 0 0 0 0 0 0 0 0 0 0 0 0 0 0 0 0 0 0 0 0 0 0 0 0 0 0 0 0 0 0 0 0 0 0 0 0 0 0 0 0 0 0 0 0 0 0 0 0 0 0 0 0 0 0 0 0 0 0 0 0 0 0 0 0 0 0 0 0 0 0 0 0 0 0 0 0 0 0 
390 395 397 405 410 415 416 419 423 428 433 441 453 460 459 430 361 320 275 202 118 0 0 0 0 0 0 0 0 0 0 0 0 0 0 0 0 0 0 0 0 0 0 0 0 0 0 0 0 0 0 0 0 0 0 0 0 0 0 0 0 0 0 0 0 0 0 0 0 0 0 0 0 0 0 0 0 0 0 0 0 0 0 0 0 0 0 0 0 0 0 0 0 0 0 0 0 0 0 0 0 0 0 0 0 0 0 0 0 0 0 0 0 0 0 0 0 0 0 0 0 0 0 0 0 0 0 0 0 0 0 0 0 0 0 0 0 0 0 0 0 0 0 0 0 0 0 0 0 0 0 0 0 0 0 0 0 0 0 0 0 0 0 0 0 0 0 0 0 0 0 0 0 0 0 0 
358 361 354 371 383 389 391 392 395 399 404 412 421 424 421 385 318 288 245 171 100 0 0 0 0 0 0 0 0 0 0 0 0 0 0 0 0 0 0 0 0 0 0 0 0 0 0 0 0 0 0 0 0 0 0 0 0 0 0 0 0 0 0 0 0 0 0 0 0 0 0 0 0 0 0 0 0 0 0 0 0 0 0 0 0 0 0 0 0 0 0 0 0 0 0 0 0 0 0 0 0 0 0 0 0 0 0 0 0 0 0 0 0 0 0 0 0 0 0 0 0 0 0 0 0 0 0 0 0 0 0 0 0 0 0 0 0 0 0 0 0 0 0 0 0 0 0 0 0 0 0 0 0 0 0 0 0 0 0 0 0 0 0 0 0 0 0 0 0 0 0 0 0 0 0 0 
254 341 326 345 356 371 377 377 378 380 383 388 395 394 388 347 284 253 212 139 85 0 0 0 0 0 0 0 0 0 0 0 0 0 0 0 0 0 0 0 0 0 0 0 0 0 0 0 0 0 0 0 0 0 0 0 0 0 0 0 0 0 0 0 0 0 0 0 0 0 0 0 0 0 0 0 0 0 0 0 0 0 0 0 0 0 0 0 0 0 0 0 0 0 0 0 0 0 0 0 0 0 0 0 0 0 0 0 0 0 0 0 0 0 0 0 0 0 0 0 0 0 0 0 0 0 0 0 0 0 0 0 0 0 0 0 0 0 0 0 0 0 0 0 0 0 0 0 0 0 0 0 0 0 0 0 0 0 0 0 0 0 0 0 0 0 0 0 0 0 0 0 0 0 0 0 
84 178 294 319 330 343 357 361 362 365 369 374 379 375 366 322 269 238 198 124 79 0 0 0 0 0 0 0 0 0 0 0 0 0 0 0 0 0 0 0 0 0 0 0 0 0 0 0 0 0 0 0 0 0 0 0 0 0 0 0 0 0 0 0 0 0 0 0 0 0 0 0 0 0 0 0 0 0 0 0 0 0 0 0 0 0 0 0 0 0 0 0 0 0 0 0 0 0 0 0 0 0 0 0 0 0 0 0 0 0 0 0 0 0 0 0 0 0 0 0 0 0 0 0 0 0 0 0 0 0 0 0 0 0 0 0 0 0 0 0 0 0 0 0 0 0 0 0 0 0 0 0 0 0 0 0 0 0 0 0 0 0 0 0 0 0 0 0 0 0 0 0 0 0 0 0 
0 0 256 283 296 311 324 337 343 346 350 353 356 352 342 297 255 226 185 112 0 0 0 0 0 0 0 0 0 0 0 0 0 0 0 0 0 0 0 0 0 0 0 0 0 0 0 0 0 0 0 0 0 0 0 0 0 0 0 0 0 0 0 0 0 0 0 0 0 0 0 0 0 0 0 0 0 0 0 0 0 0 0 0 0 0 0 0 0 0 0 0 0 0 0 0 0 0 0 0 0 0 0 0 0 0 0 0 0 0 0 0 0 0 0 0 0 0 0 0 0 0 0 0 0 0 0 0 0 0 0 0 0 0 0 0 0 0 0 0 0 0 0 0 0 0 0 0 0 0 0 0 0 0 0 0 0 0 0 0 0 0 0 0 0 0 0 0 0 0 0 0 0 0 0 0 
0 0 219 254 264 275 286 296 298 306 315 321 327 325 313 277 243 215 172 103 0 0 0 0 0 0 0 0 0 0 0 0 0 0 0 0 0 0 0 0 0 0 0 0 0 0 0 0 0 0 0 0 0 0 0 0 0 0 0 0 0 0 0 0 0 0 0 0 0 0 0 0 0 0 0 0 0 0 0 0 0 0 0 0 0 0 0 0 0 0 0 0 0 0 0 0 0 0 0 0 0 0 0 0 0 0 0 0 0 0 0 0 0 0 0 0 0 0 0 0 0 0 0 0 0 0 0 0 0 0 0 0 0 0 0 0 0 0 0 0 0 0 0 0 0 0 0 0 0 0 0 0 0 0 0 0 0 0 0 0 0 0 0 0 0 0 0 0 0 0 0 0 0 0 0 0 
0 0 190 224 232 249 266 279 281 291 300 296 292 283 271 241 222 201 168 99 0 0 0 0 0 0 0 0 0 0 0 0 0 0 0 0 0 0 0 0 0 0 0 0 0 0 0 0 0 0 0 0 0 0 0 0 0 0 0 0 0 0 0 0 0 0 0 0 0 0 0 0 0 0 0 0 0 0 0 0 0 0 0 0 0 0 0 0 0 0 0 0 0 0 0 0 0 0 0 0 0 0 0 0 0 0 0 0 0 0 0 0 0 0 0 0 0 0 0 0 0 0 0 0 0 0 0 0 0 0 0 0 0 0 0 0 0 0 0 0 0 0 0 0 0 0 0 0 0 0 0 0 0 0 0 0 0 0 0 0 0 0 0 0 0 0 0 0 0 0 0 0 0 0 0 0 
0 0 0 189 199 209 229 248 252 266 279 274 271 262 250 224 216 198 168 0 0 0 0 0 0 0 0 0 0 0 0 0 0 0 0 0 0 0 0 0 0 0 0 0 0 0 0 0 0 0 0 0 0 0 0 0 0 0 0 0 0 0 0 0 0 0 0 0 0 0 0 0 0 0 0 0 0 0 0 0 0 0 0 0 0 0 0 0 0 0 0 0 0 0 0 0 0 0 0 0 0 0 0 0 0 0 0 0 0 0 0 0 0 0 0 0 0 0 0 0 0 0 0 0 0 0 0 0 0 0 0 0 0 0 0 0 0 0 0 0 0 0 0 0 0 0 0 0 0 0 0 0 0 0 0 0 0 0 0 0 0 0 0 0 0 0 0 0 0 0 0 0 0 0 0 0 
0 0 0 0 151 168 185 207 216 233 247 240 236 228 215 195 190 175 0 0 0 0 0 0 0 0 0 0 0 0 0 0 0 0 0 0 0 0 0 0 0 0 0 0 0 0 0 0 0 0 0 0 0 0 0 0 0 0 0 0 0 0 0 0 0 0 0 0 0 0 0 0 0 0 0 0 0 0 0 0 0 0 0 0 0 0 0 0 0 0 0 0 0 0 0 0 0 0 0 0 0 0 0 0 0 0 0 0 0 0 0 0 0 0 0 0 0 0 0 0 0 0 0 0 0 0 0 0 0 0 0 0 0 0 0 0 0 0 0 0 0 0 0 0 0 0 0 0 0 0 0 0 0 0 0 0 0 0 0 0 0 0 0 0 0 0 0 0 0 0 0 0 0 0 0 0 
0 0 0 0 0 0 0 135 147 174 202 197 197 188 174 162 158 0 0 0 0 0 0 0 0 0 0 0 0 0 0 0 0 0 0 0 0 0 0 0 0 0 0 0 0 0 0 0 0 0 0 0 0 0 0 0 0 0 0 0 0 0 0 0 0 0 0 0 0 0 0 0 0 0 0 0 0 0 0 0 0 0 0 0 0 0 0 0 0 0 0 0 0 0 0 0 0 0 0 0 0 0 0 0 0 0 0 0 0 0 0 0 0 0 0 0 0 0 0 0 0 0 0 0 0 0 0 0 0 0 0 0 0 0 0 0 0 0 0 0 0 0 0 0 0 0 0 0 0 0 0 0 0 0 0 0 0 0 0 0 0 0 0 0 0 0 0 0 0 0 0 0 0 0 0 0 
0 0 0 0 0 0 0 0 0 0 0 0 0 0 0 0 0 0 0 0 0 0 0 0 0 0 0 0 0 0 0 0 0 0 0 0 0 0 0 0 0 0 0 0 0 0 0 0 0 0 0 0 0 0 0 0 0 0 0 0 0 0 0 0 0 0 0 0 0 0 0 0 0 0 0 0 0 0 0 0 0 0 0 0 0 0 0 0 0 0 0 0 0 0 0 0 0 0 0 0 0 0 0 0 0 0 0 0 0 0 0 0 0 0 0 0 0 0 0 0 0 0 0 0 0 0 0 0 0 0 0 0 0 0 0 0 0 0 0 0 0 0 0 0 0 0 0 0 0 0 0 0 0 0 0 0 0 0 0 0 0 0 0 0 0 0 0 0 0 0 0 0 0 0 0 0 
0 0 0 0 0 0 0 0 0 0 0 0 0 0 0 0 0 0 0 0 0 0 0 0 0 0 0 0 0 0 0 0 0 0 0 0 0 0 0 0 0 0 0 0 0 0 0 0 0 0 0 0 0 0 0 0 0 0 0 0 0 0 0 0 0 0 0 0 0 0 0 0 0 0 0 0 0 0 0 0 0 0 0 0 0 0 0 0 0 0 0 0 0 0 0 0 0 0 0 0 0 0 0 0 0 0 0 0 0 0 0 0 0 0 0 0 0 0 0 0 0 0 0 0 0 0 0 0 0 0 0 0 0 0 0 0 0 0 0 0 0 0 0 0 0 0 0 0 0 0 0 0 0 0 0 0 0 0 0 0 0 0 0 0 0 0 0 0 0 0 0 0 0 0 0 0 
0 0 0 0 0 0 0 0 0 0 0 0 0 0 0 0 0 0 0 0 0 0 0 0 0 0 0 0 0 0 0 0 0 0 0 0 0 0 0 0 0 0 0 0 0 0 0 0 0 0 0 0 0 0 0 0 0 0 0 0 0 0 0 0 0 0 0 0 0 0 0 0 0 0 0 0 0 0 0 0 0 0 0 0 0 0 0 0 0 0 0 0 0 0 0 0 0 0 0 0 0 0 0 0 0 0 0 0 0 0 0 0 0 0 0 0 0 0 0 0 0 0 0 0 0 0 0 0 0 0 0 0 0 0 0 0 0 0 0 0 0 0 0 0 0 0 0 0 0 0 0 0 0 0 0 0 0 0 0 0 0 0 0 0 0 0 0 0 0 0 0 0 0 0 0 0 
0 0 0 0 0 0 0 0 0 0 0 0 0 0 0 0 0 0 0 0 0 0 0 0 0 0 0 0 0 0 0 0 0 0 0 0 0 0 0 0 0 0 0 0 0 0 0 0 0 0 0 0 0 0 0 0 0 0 0 0 0 0 0 0 0 0 0 0 0 0 0 0 0 0 0 0 0 0 0 0 0 0 0 0 0 0 0 0 0 0 0 0 0 0 0 0 0 0 0 0 0 0 0 0 0 0 0 0 0 0 0 0 0 0 0 0 0 0 0 0 0 0 0 0 0 0 0 0 0 0 0 0 0 0 0 0 0 0 0 0 0 0 0 0 0 0 0 0 0 0 0 0 0 0 0 0 0 0 0 0 0 0 0 0 0 0 0 0 0 0 0 0 0 0 0 0 
0 0 0 0 0 0 0 0 0 0 0 0 0 0 0 0 0 0 0 0 0 0 0 0 0 0 0 0 0 0 0 0 0 0 0 0 0 0 0 0 0 0 0 0 0 0 0 0 0 0 0 0 0 0 0 0 0 0 0 0 0 0 0 0 0 0 0 0 0 0 0 0 0 0 0 0 0 0 0 0 0 0 0 0 0 0 0 0 0 0 0 0 0 0 0 0 0 0 0 0 0 0 0 0 0 0 0 0 0 0 0 0 0 0 0 0 0 0 0 0 0 0 0 0 0 0 0 0 0 0 0 0 0 0 0 0 0 0 0 0 0 0 0 0 0 0 0 0 0 0 0 0 0 0 0 0 0 0 0 0 0 0 0 0 0 0 0 0 0 0 0 0 0 0 0 0 
0 0 0 0 0 0 0 0 0 0 0 0 0 0 0 0 0 0 0 0 0 0 0 0 0 0 0 0 0 0 0 0 0 0 0 0 0 0 0 0 0 0 0 0 0 0 0 0 0 0 0 0 0 0 0 0 0 0 0 0 0 0 0 0 0 0 0 0 0 0 0 0 0 0 0 0 0 0 0 0 0 0 0 0 0 0 0 0 0 0 0 0 0 0 0 0 0 0 0 0 0 0 0 0 0 0 0 0 0 0 0 0 0 0 0 0 0 0 0 0 0 0 0 0 0 0 0 0 0 0 0 0 0 0 0 0 0 0 0 0 0 0 0 0 0 0 0 0 0 0 0 0 0 0 0 0 0 0 0 0 0 0 0 0 0 0 0 0 0 0 0 0 0 0 0 0 
0 0 0 0 0 0 0 0 0 0 0 0 0 0 0 0 0 0 0 0 0 0 0 0 0 0 0 0 0 0 0 0 0 0 0 0 0 0 0 0 0 0 0 0 0 0 0 0 0 0 0 0 0 0 0 0 0 0 0 0 0 0 0 0 0 0 0 0 0 0 0 0 0 0 0 0 0 0 0 0 0 0 0 0 0 0 0 0 0 0 0 0 0 0 0 0 0 0 0 0 0 0 0 0 0 0 0 0 0 0 0 0 0 0 0 0 0 0 0 0 0 0 0 0 0 0 0 0 0 0 0 0 0 0 0 0 0 0 0 0 0 0 0 0 0 0 0 0 0 0 0 0 0 0 0 0 0 0 0 0 0 0 0 0 0 0 0 0 0 0 0 0 0 0 0 0 
0 0 0 0 0 0 0 0 0 0 0 0 0 0 0 0 0 0 0 0 0 0 0 0 0 0 0 0 0 0 0 0 0 0 0 0 0 0 0 0 0 0 0 0 0 0 0 0 0 0 0 0 0 0 0 0 0 0 0 0 0 0 0 0 0 0 0 0 0 0 0 0 0 0 0 0 0 0 0 0 0 0 0 0 0 0 0 0 0 0 0 0 0 0 0 0 0 0 0 0 0 0 0 0 0 0 0 0 0 0 0 0 0 0 0 0 0 0 0 0 0 0 0 0 0 0 0 0 0 0 0 0 0 0 0 0 0 0 0 0 0 0 0 0 0 0 0 0 0 0 0 0 0 0 0 0 0 0 0 0 0 0 0 0 0 0 0 0 0 0 0 0 0 0 0 0 
