88 85 87 84 95 85 84 84 82 83 80 84 83 82 92 84 77 86 84 84 80 76 82 73 81 74 76 74 82 80 78 80 83 74 66 79 76 81 77 77 77 77 78 82 79 78 87 78 76 77 77 85 78 73 78 78 75 77 77 68 65 73 72 82 79 81 74 79 73 76 78 80 76 78 75 78 79 81 80 77 77 76 79 73 77 75 70 76 73 75 75 82 77 79 77 76 77 79 76 79 76 82 79 78 81 78 81 78 78 86 77 70 69 78 85 91 88 85 86 90 86 90 90 85 86 89 92 87 91 93 99 93 96 93 93 96 86 84 89 92 94 100 95 95 98 99 99 107 100 103 107 106 110 114 107 93 75 70 73 69 74 72 75 74 0 76 77 75 77 88 88 97 89 100 107 101 
81 83 92 86 83 86 86 82 83 80 76 82 81 82 82 82 73 78 76 78 68 79 77 82 77 78 78 83 78 80 78 86 78 77 75 65 68 75 77 77 80 77 74 76 78 73 72 76 76 79 76 71 77 75 80 73 78 80 73 72 67 59 74 78 71 75 75 78 77 79 75 81 80 75 79 79 85 78 77 79 77 75 81 76 78 73 63 69 77 76 78 79 79 76 77 82 76 83 83 79 76 80 78 82 83 79 79 82 80 80 83 69 72 89 84 86 82 86 90 91 87 86 87 91 90 89 95 93 93 90 83 95 91 98 93 93 85 85 96 100 92 95 94 95 99 98 103 105 98 98 105 103 107 110 90 77 69 76 79 82 82 74 69 0 0 0 70 81 80 76 89 97 94 87 104 109 
83 80 84 83 83 82 81 80 78 78 77 77 77 78 78 78 79 78 78 78 77 77 77 77 77 77 77 77 77 78 78 77 76 75 73 72 73 72 73 74 74 74 74 73 74 75 74 75 75 74 74 74 74 75 74 75 75 74 73 71 70 70 70 72 73 75 75 75 75 76 76 76 76 76 76 77 77 78 77 76 77 76 76 77 75 74 74 73 73 75 77 77 78 78 77 77 78 77 77 78 78 79 79 79 79 80 79 80 80 78 76 77 77 78 81 83 84 84 84 85 86 85 86 86 87 87 88 88 89 89 90 90 91 90 89 88 88 88 89 91 93 93 94 95 96 97 98 99 101 102 102 102 98 93 86 80 76 73 73 73 73 73 73 73 72 76 76 78 80 84 86 90 94 97 107 102 
85 82 81 81 80 80 79 78 77 76 75 76 76 76 75 76 76 76 76 77 76 77 76 76 76 76 76 76 76 76 76 76 75 74 73 72 72 70 71 72 72 71 72 71 71 72 72 72 73 72 72 72 72 73 73 73 73 73 72 71 69 69 69 70 72 73 74 75 75 76 76 76 76 77 78 78 79 80 79 78 79 79 79 80 79 78 78 78 78 80 81 82 82 82 82 82 83 82 82 83 83 83 84 84 84 85 84 84 84 83 82 82 83 84 85 87 88 87 88 88 89 88 88 89 89 89 90 90 89 89 90 90 90 90 89 88 88 89 89 91 92 92 93 94 94 96 97 98 99 100 100 98 93 87 80 76 73 72 72 72 72 73 73 0 0 75 76 77 79 83 85 88 92 96 96 103 
84 82 80 79 78 78 77 76 76 75 75 75 75 74 74 75 74 75 75 76 76 76 75 75 74 74 74 74 74 74 74 74 74 73 73 72 71 70 69 69 70 69 70 70 70 71 70 71 71 71 70 71 71 71 71 72 72 73 73 73 72 72 73 73 74 76 77 77 78 79 80 80 80 81 82 82 83 84 83 83 84 84 84 84 84 83 84 84 84 85 86 86 87 86 87 87 87 86 87 87 87 88 88 89 89 89 89 89 89 89 88 88 89 89 90 91 92 92 92 93 93 93 93 93 93 93 93 93 93 94 94 95 95 94 93 92 92 92 93 94 95 95 95 95 96 97 98 99 100 100 99 95 89 83 77 74 72 71 71 71 70 70 71 0 0 74 75 77 78 81 84 88 92 95 96 102 
79 75 78 77 76 76 76 75 76 75 75 75 74 73 73 73 73 73 74 74 74 75 74 74 73 73 72 72 72 72 72 72 72 72 72 71 70 69 68 68 68 68 68 69 69 70 70 71 71 71 72 73 73 74 75 75 76 76 77 77 76 77 78 78 79 80 81 81 82 83 84 84 84 85 85 86 86 87 87 87 88 88 88 89 89 89 89 89 89 90 91 91 92 92 92 92 92 91 91 91 91 92 93 93 93 94 94 94 94 94 94 94 95 95 96 96 97 96 97 97 98 98 98 98 98 97 97 97 98 98 98 99 99 98 97 98 97 98 98 99 99 99 99 100 100 102 102 104 105 104 100 95 88 81 75 72 71 70 69 69 68 69 0 0 0 74 75 76 77 80 83 87 90 94 96 99 
79 78 76 75 75 75 75 75 75 75 74 75 74 72 72 71 70 71 72 72 73 73 73 72 72 72 71 71 71 70 71 71 71 71 71 70 70 70 69 70 70 70 71 72 73 74 74 74 74 74 75 76 77 77 78 79 79 79 80 81 81 82 83 83 83 84 85 85 86 87 87 87 88 89 89 90 91 92 91 91 92 92 92 93 93 93 94 94 94 95 95 96 96 96 97 97 97 96 96 96 96 96 97 98 99 100 100 100 100 100 100 100 101 101 101 101 102 102 102 103 103 103 103 103 103 103 103 103 103 103 103 103 103 103 102 103 103 103 103 103 103 103 103 104 105 106 107 108 110 108 103 96 89 81 75 72 71 70 69 68 67 0 0 0 0 73 74 76 78 80 83 87 90 93 101 100 
74 73 75 75 74 75 75 74 74 74 73 73 73 71 71 70 69 69 69 70 70 71 70 70 70 69 69 69 70 70 70 71 72 72 73 73 73 72 72 73 73 73 74 76 76 77 77 78 78 78 78 79 80 80 81 82 82 83 84 85 85 86 87 87 88 88 89 89 90 91 91 92 92 93 94 95 95 96 96 96 96 96 96 96 97 97 98 98 99 99 99 99 100 100 100 100 101 100 100 100 100 100 101 102 102 103 104 103 103 104 104 104 105 106 105 105 105 106 106 107 108 108 108 108 108 107 108 108 108 108 108 108 108 108 107 108 108 108 108 108 108 108 108 108 109 110 112 113 114 112 106 99 91 82 75 73 71 70 69 68 67 0 0 0 0 0 73 75 76 78 82 85 89 92 96 94 
71 73 75 74 74 74 74 73 73 73 72 72 71 70 70 69 67 67 67 67 68 69 69 70 70 70 70 71 71 72 73 73 74 75 75 75 75 76 75 76 76 77 78 80 80 81 82 82 82 82 82 83 84 84 85 86 86 87 88 89 90 91 91 92 92 92 92 93 93 94 94 94 94 95 96 96 97 97 97 97 97 97 97 97 97 98 98 98 99 99 99 99 99 99 99 99 100 99 100 100 100 100 100 101 102 102 103 103 103 103 104 104 105 105 105 105 106 106 107 108 109 109 109 109 109 109 110 110 110 111 111 111 111 111 111 112 112 113 112 113 112 112 112 112 113 115 116 117 118 117 111 102 94 84 76 73 71 70 69 68 0 0 0 0 0 0 72 74 75 77 80 84 87 91 87 102 
72 73 73 73 72 72 72 72 71 71 71 70 70 69 69 68 68 68 68 68 69 70 71 72 72 72 73 73 74 74 75 76 77 77 77 78 78 79 79 80 80 81 81 83 84 85 85 85 86 86 86 87 88 88 89 89 90 90 90 91 91 92 92 93 93 93 93 93 93 94 93 94 93 94 95 95 96 96 96 96 96 96 96 96 97 97 98 98 98 98 98 98 99 99 99 99 99 99 99 99 99 99 100 100 101 101 102 102 101 102 102 103 104 104 104 104 105 105 106 107 107 108 108 108 108 109 110 110 110 110 110 109 110 111 111 111 112 112 112 112 112 112 112 113 114 116 117 119 121 120 114 105 95 85 77 72 70 69 67 0 0 0 0 0 0 0 72 74 75 76 79 83 86 90 88 98 
88 74 72 72 71 71 71 70 69 70 69 69 69 70 70 70 70 70 70 70 71 71 72 73 74 74 75 75 76 77 77 78 80 80 80 81 81 82 82 83 83 84 85 86 87 88 88 88 88 87 87 88 88 88 89 89 89 89 90 90 91 91 92 92 92 92 91 92 92 92 92 92 92 93 94 94 95 95 95 95 95 95 95 95 95 95 95 95 95 95 95 95 95 95 95 95 95 95 95 94 95 95 96 96 97 97 97 97 97 98 98 99 100 100 100 101 101 102 102 103 104 104 105 106 107 108 109 109 109 109 109 109 109 110 111 111 111 111 111 112 111 111 111 112 112 114 115 117 119 120 114 105 97 87 77 72 70 70 0 0 0 0 0 0 0 0 70 73 74 75 78 82 85 89 94 96 
73 70 72 71 71 71 71 71 70 70 70 70 70 71 72 72 72 72 72 72 73 73 74 75 76 76 77 77 78 79 80 81 82 83 83 84 84 84 84 85 84 85 85 86 86 87 87 87 88 88 87 87 87 87 87 88 88 87 88 87 88 87 87 87 87 86 86 86 87 87 88 89 90 92 93 94 95 95 95 95 95 93 91 89 87 87 88 90 92 94 94 94 94 94 94 94 94 94 94 94 94 94 95 95 96 95 96 96 96 97 97 98 99 99 97 95 95 94 92 93 94 94 97 100 104 106 108 108 108 108 108 108 109 109 110 110 110 110 111 111 110 110 110 110 110 112 113 115 117 118 113 104 97 88 77 70 68 0 0 0 0 0 0 0 0 0 68 71 72 73 76 79 83 88 93 98 
69 0 72 71 71 71 71 71 71 72 71 72 72 73 74 74 75 75 74 75 76 76 77 78 78 78 79 79 80 81 82 82 83 84 83 84 84 84 84 84 83 84 84 84 84 85 85 84 84 83 83 83 83 83 83 82 82 83 83 85 86 86 86 86 85 85 85 85 85 85 86 87 89 90 92 93 93 94 94 94 94 91 89 86 84 83 85 88 90 93 93 93 93 93 93 93 93 93 93 92 92 93 93 93 94 94 94 94 95 95 96 96 97 98 95 92 93 91 89 90 91 90 94 98 101 104 107 107 107 108 108 108 108 109 109 110 110 109 109 110 109 109 109 109 109 110 111 113 114 116 112 102 96 88 76 67 0 0 0 0 0 0 0 0 0 0 68 71 71 73 75 79 82 87 95 92 
77 68 71 71 72 72 72 73 72 73 73 73 74 75 76 76 77 77 77 77 78 78 79 80 79 79 79 79 80 81 81 82 82 82 82 82 82 81 80 80 79 79 79 78 79 81 81 82 83 82 81 82 81 81 82 81 81 81 82 83 85 85 84 84 83 83 82 83 83 81 82 85 87 88 91 92 92 93 94 94 94 90 87 84 80 78 80 83 86 90 90 90 90 90 91 91 90 90 89 88 88 89 90 90 91 91 90 90 91 91 92 93 94 95 91 87 88 86 83 84 85 84 89 95 99 102 106 107 107 107 107 108 108 108 108 108 108 108 108 109 108 109 108 108 108 109 109 111 112 114 111 101 96 90 77 63 0 0 0 0 0 0 0 0 0 0 67 70 71 72 75 78 82 86 90 96 
0 70 72 73 73 73 74 74 74 74 74 75 76 76 77 77 78 78 78 78 78 78 78 79 78 78 79 79 79 81 81 81 81 80 80 79 79 79 79 79 78 78 78 77 78 79 80 80 82 80 80 80 79 79 79 78 78 78 79 80 82 81 80 79 78 78 77 78 78 75 78 83 85 87 91 93 93 93 93 93 93 87 84 79 73 68 70 73 77 83 83 82 81 82 82 82 82 82 82 80 80 81 82 81 82 82 82 82 83 84 84 85 86 86 80 75 76 73 70 71 74 74 83 91 96 100 105 106 106 107 107 107 108 108 108 108 108 108 108 108 108 108 108 107 108 107 108 109 110 112 110 100 97 93 79 64 0 0 0 0 0 0 0 0 0 0 66 69 70 71 74 77 81 85 90 86 
73 66 73 74 74 74 75 75 75 76 76 76 77 77 78 77 77 77 77 78 78 78 78 78 78 78 78 79 79 80 80 80 79 78 78 77 77 77 78 78 77 76 76 74 74 76 77 77 79 77 77 77 75 75 74 72 72 73 73 74 77 74 72 70 68 67 66 68 69 67 75 80 83 85 91 92 93 93 93 93 92 85 81 76 67 55 0 0 0 0 0 0 0 0 0 0 0 0 0 0 0 0 0 0 0 0 0 0 0 0 0 0 0 0 0 0 0 0 48 49 51 64 79 88 95 99 105 106 106 106 107 107 107 108 107 108 108 108 108 108 108 108 107 106 107 107 107 108 108 110 109 100 97 93 81 63 0 0 0 0 0 0 0 0 0 0 0 68 69 70 73 76 80 83 85 91 
70 83 75 75 75 75 75 75 76 76 76 76 76 76 77 76 76 76 76 77 78 78 78 78 78 78 78 78 79 79 79 79 77 76 75 74 73 74 75 74 72 71 71 69 69 70 70 71 71 68 69 68 66 66 65 61 58 0 0 0 0 0 0 0 0 0 0 0 0 66 77 81 84 86 91 92 93 93 93 93 91 84 82 78 71 59 0 0 0 0 0 0 0 0 0 0 0 0 0 0 0 0 0 0 0 0 0 0 0 0 0 0 0 0 0 0 0 0 0 0 0 73 85 92 95 97 104 106 106 106 106 107 107 107 107 107 107 107 107 107 107 107 107 106 106 106 105 106 106 108 108 100 98 95 84 65 0 0 0 0 0 0 0 0 0 0 0 67 69 71 73 76 80 83 94 88 
79 75 75 75 75 75 75 75 75 75 75 75 76 76 76 75 75 74 74 75 75 76 77 78 78 78 78 78 78 79 79 78 75 74 72 69 66 67 67 66 66 64 63 60 57 0 0 0 0 0 0 0 0 0 0 0 0 0 0 0 0 0 0 0 0 0 0 0 0 67 77 82 84 86 92 93 93 94 93 93 91 85 82 79 71 59 0 0 0 0 0 0 0 0 0 0 0 0 0 0 0 0 0 0 0 0 0 0 0 0 0 0 0 0 0 0 0 0 0 0 0 74 86 92 95 98 104 106 106 106 106 106 106 106 106 107 106 107 107 107 107 107 106 106 106 105 105 105 105 107 108 101 100 98 89 71 0 0 0 0 0 0 0 0 0 0 0 67 69 70 72 75 79 82 83 87 
77 76 74 74 73 73 74 74 73 74 74 74 75 75 75 73 73 72 72 72 74 75 76 77 77 78 78 78 78 79 78 78 75 73 71 67 59 0 0 0 0 0 0 0 0 0 0 0 0 0 0 0 0 0 0 0 0 0 0 0 0 0 0 0 0 0 0 0 0 67 77 82 85 87 92 93 93 93 93 93 91 84 82 78 71 58 0 0 0 0 0 0 0 0 0 0 0 0 0 0 0 0 0 0 0 0 0 0 0 0 0 0 0 0 0 0 0 0 0 0 0 73 84 91 94 97 103 106 106 106 105 105 105 105 106 106 106 106 107 107 106 106 106 106 105 105 104 104 104 106 107 102 101 99 92 75 0 0 0 0 0 0 0 0 0 0 0 67 69 70 72 74 78 81 89 91 
73 72 74 74 73 73 73 73 73 73 74 74 74 74 74 72 71 70 69 70 72 74 75 77 77 77 77 78 78 79 78 77 74 73 71 66 0 0 0 0 0 0 0 0 0 0 0 0 0 0 0 0 0 0 0 0 0 0 0 0 0 0 48 47 47 47 47 0 0 68 78 82 85 87 92 92 93 93 93 92 91 84 82 78 71 56 0 0 0 0 0 0 0 0 0 0 0 0 0 0 0 0 0 0 0 0 0 0 0 0 0 0 0 0 0 0 0 0 0 0 0 72 83 90 94 96 102 105 106 105 105 105 105 105 106 106 106 106 107 106 106 106 106 105 105 105 104 103 104 105 107 102 101 99 93 77 0 0 0 0 0 0 0 0 0 0 0 67 70 70 72 74 77 80 83 88 
79 70 73 73 73 73 73 73 72 72 73 73 73 74 74 72 70 68 66 66 69 71 74 76 77 77 77 77 77 78 78 77 75 74 71 67 0 0 0 0 0 0 0 0 0 0 0 0 0 0 0 0 0 0 0 0 0 0 0 0 0 52 52 50 49 49 48 45 0 71 79 83 86 87 91 92 92 92 92 92 91 84 82 78 72 57 0 0 0 0 0 0 0 0 0 0 0 0 0 0 0 0 0 0 0 0 0 0 0 0 0 0 0 0 0 0 0 0 0 0 0 68 81 88 92 95 102 105 106 106 105 105 105 105 105 106 106 106 106 106 106 106 106 106 105 104 103 103 103 105 106 102 102 100 95 79 0 0 0 0 0 0 0 0 0 0 0 67 69 70 71 73 77 80 76 93 
72 72 72 72 73 72 72 72 71 72 72 72 73 73 73 72 69 67 63 63 66 70 72 75 76 76 76 77 77 78 78 76 75 74 72 67 0 0 0 0 0 0 0 0 0 0 0 0 0 0 0 0 0 0 0 0 0 0 0 0 0 51 51 50 49 48 48 45 0 66 78 83 85 86 91 92 92 92 92 92 91 84 82 78 72 57 0 0 0 0 0 0 0 0 0 0 0 0 0 0 0 0 0 0 0 0 0 0 0 0 0 0 0 0 0 0 0 0 0 0 0 64 78 86 91 94 102 105 106 105 105 105 104 104 105 105 105 105 105 105 105 106 105 105 105 104 103 103 104 105 107 103 103 102 97 83 0 0 0 0 0 0 0 0 0 0 0 66 69 69 70 72 75 79 85 84 
73 69 72 72 72 72 72 71 71 71 71 71 72 73 72 70 68 66 62 63 66 69 71 75 75 76 76 77 77 78 78 76 75 74 72 67 0 0 0 0 0 0 0 0 0 0 0 0 0 0 0 0 0 0 0 0 0 0 0 0 0 51 51 50 49 48 48 45 0 64 77 82 84 86 90 91 91 91 92 92 91 84 82 78 71 56 0 0 0 0 0 0 0 0 0 0 0 0 0 0 0 0 0 0 0 0 0 0 0 0 0 0 0 0 0 0 0 0 0 0 0 59 75 84 89 92 102 105 105 105 105 105 105 104 105 105 106 106 106 105 105 105 104 104 103 103 102 103 103 104 107 103 103 103 99 85 0 0 0 0 0 0 0 0 0 0 0 64 67 67 69 71 75 78 85 91 
75 72 72 72 72 72 71 71 71 70 70 71 71 72 72 71 68 67 64 65 68 71 72 75 75 75 76 76 77 78 78 75 75 73 71 64 0 0 0 0 0 0 0 0 0 0 0 0 0 0 0 0 0 0 0 0 0 0 0 0 0 51 52 50 50 49 48 45 0 63 77 81 84 85 90 91 91 92 92 92 91 84 81 78 71 55 0 0 0 0 0 0 0 0 0 0 0 0 0 0 0 0 0 0 0 0 0 0 0 0 0 0 0 0 0 0 0 0 0 0 0 56 73 83 88 92 101 104 105 104 105 104 104 104 105 105 105 105 105 105 105 105 104 104 103 103 102 103 103 104 107 104 102 101 98 84 0 0 0 0 0 0 0 0 0 0 0 63 66 67 68 71 75 79 87 88 
70 73 71 71 71 71 71 71 71 70 70 71 72 72 72 72 69 68 67 67 68 71 72 74 75 75 75 76 76 77 77 75 74 73 70 62 0 0 0 0 0 0 0 0 0 0 0 0 0 0 0 0 0 0 0 0 0 0 0 0 0 52 53 51 50 49 48 45 0 62 77 81 83 85 90 91 91 92 92 92 91 84 82 78 71 57 0 0 0 0 0 0 0 0 0 0 0 0 0 0 0 0 0 0 0 0 0 0 0 0 0 0 0 0 0 0 0 0 0 0 0 52 71 81 87 90 101 104 105 104 105 104 104 104 104 105 105 105 105 105 105 104 103 104 103 103 103 103 103 104 107 104 101 100 96 83 0 0 0 0 0 0 0 0 0 0 0 63 65 66 68 70 74 78 80 83 
74 73 71 71 71 71 71 70 70 70 70 70 71 71 71 71 69 69 69 69 70 72 72 74 74 74 75 76 76 77 77 74 74 72 69 61 0 0 0 0 0 0 0 0 0 0 0 0 0 0 0 0 0 0 0 0 0 0 0 0 0 0 0 49 49 47 0 0 0 59 76 81 83 84 91 91 92 92 92 92 91 84 81 78 71 56 0 0 0 0 0 0 0 0 0 0 0 0 0 0 0 0 0 0 0 0 0 0 0 0 0 0 0 0 0 0 0 0 0 0 0 49 69 80 86 89 101 104 104 104 104 104 104 104 104 104 105 105 105 105 104 104 103 103 103 103 102 103 103 104 106 105 100 99 95 84 0 0 0 0 0 0 0 0 0 0 0 0 65 66 68 70 74 78 79 98 
69 71 71 71 71 70 70 70 70 69 69 70 70 70 71 71 70 70 71 71 72 73 73 74 74 75 75 76 76 77 77 75 75 73 70 64 0 0 0 0 0 0 0 0 0 0 0 0 0 0 0 0 0 0 0 0 0 0 0 0 0 0 0 0 0 0 0 0 0 62 76 81 84 85 91 92 92 92 92 93 91 84 82 78 71 56 0 0 0 0 0 0 0 0 0 0 0 0 0 0 0 0 0 0 0 0 0 0 0 0 0 0 0 0 0 0 0 0 0 0 0 48 70 81 87 91 101 104 104 104 104 104 105 104 104 105 105 105 105 105 104 103 103 103 103 103 102 102 102 103 105 105 99 98 94 84 65 0 0 0 0 0 0 0 0 0 0 0 63 65 67 70 73 77 80 85 
70 71 70 70 70 69 69 70 69 69 70 70 70 71 71 72 71 72 72 73 73 74 74 74 75 75 75 76 76 77 77 74 74 73 70 64 0 0 0 0 0 0 0 0 0 0 0 0 0 0 0 0 0 0 0 0 0 0 0 0 0 0 0 0 0 0 0 0 0 63 77 82 84 85 91 92 92 92 92 93 91 84 82 79 71 57 0 0 0 0 0 0 0 0 0 0 0 0 0 0 0 0 0 0 0 0 0 0 0 0 0 0 0 0 0 0 0 0 0 0 0 0 71 83 88 92 100 103 104 105 105 104 105 105 105 105 105 104 105 104 103 103 103 103 102 102 102 102 102 103 104 104 98 96 94 85 68 0 0 0 0 0 0 0 0 0 0 0 63 65 67 70 73 77 83 84 
72 74 70 69 70 69 69 70 70 69 70 70 70 71 71 72 71 72 72 72 72 73 73 74 75 76 76 76 77 77 77 75 74 73 71 65 0 0 0 0 0 0 0 0 0 0 0 0 0 0 0 0 0 0 0 0 0 0 0 0 0 0 0 0 0 0 0 0 0 64 77 82 84 86 91 92 91 92 92 92 91 84 82 79 71 56 0 0 0 0 0 0 0 0 0 0 0 0 0 0 0 0 0 0 0 0 0 0 0 0 0 0 0 0 0 0 0 0 0 0 0 0 73 84 90 93 99 103 105 105 105 105 106 105 105 105 105 104 104 104 103 103 102 103 102 102 102 102 102 102 104 104 98 97 95 87 71 0 0 0 0 0 0 0 0 0 0 0 65 65 66 69 72 75 79 85 
72 69 69 69 69 69 70 70 69 69 70 70 70 71 71 71 71 72 71 72 72 73 73 74 75 76 76 77 77 78 77 75 74 73 70 66 0 0 0 0 0 0 0 0 0 0 0 0 0 0 0 0 0 0 0 0 0 0 0 0 0 0 0 0 0 0 0 0 0 65 78 83 85 86 91 92 92 92 92 92 91 84 81 78 71 55 0 0 0 0 0 0 0 0 0 0 0 0 0 0 0 0 0 0 0 0 0 0 0 0 0 0 0 0 0 0 0 0 0 0 0 0 73 85 90 93 99 103 104 104 105 105 106 105 105 105 104 104 103 103 103 103 102 102 102 102 101 102 101 102 104 105 99 98 96 89 72 0 0 0 0 0 0 0 0 0 0 0 65 65 66 69 71 75 84 85 
71 66 69 69 68 68 69 69 69 69 70 70 70 71 71 71 71 72 71 72 72 73 74 74 75 76 76 76 77 77 76 74 73 71 68 63 0 0 0 0 0 0 0 0 0 0 0 0 0 0 0 0 0 0 0 0 0 0 0 0 0 0 0 0 0 0 0 0 0 67 79 83 85 87 92 92 92 92 92 92 90 83 81 77 70 54 0 0 0 0 0 0 0 0 0 0 0 0 0 0 0 0 0 0 0 0 0 0 0 0 0 0 0 0 0 0 0 0 0 0 0 0 76 87 92 94 98 102 103 104 105 105 105 105 105 105 104 103 103 103 102 102 102 102 102 102 101 101 102 102 104 105 100 99 97 91 73 0 0 0 0 0 0 0 0 0 0 0 65 65 66 68 70 74 82 81 
69 70 68 67 67 68 68 68 69 69 69 70 70 71 71 71 71 71 71 72 72 73 74 74 74 75 75 76 77 77 76 72 71 69 66 59 0 0 0 0 0 0 0 0 0 0 0 0 0 0 0 0 0 0 0 0 0 0 0 0 0 0 0 0 0 0 0 0 0 68 79 83 85 86 91 92 92 92 92 91 90 82 80 76 69 54 0 0 0 0 0 0 0 0 0 0 0 0 0 0 0 0 0 0 0 0 0 0 0 0 0 0 0 0 0 0 0 0 0 0 0 0 75 86 91 94 98 102 103 104 104 104 104 104 104 105 105 104 104 103 103 102 102 102 102 102 102 101 101 103 104 106 101 100 99 94 75 0 0 0 0 0 0 0 0 0 0 0 64 65 66 68 70 74 78 81 
67 65 67 67 67 67 68 68 69 69 69 70 70 70 70 71 70 71 71 72 72 73 73 74 74 75 75 75 76 76 76 72 71 68 65 56 0 0 0 0 0 0 0 0 0 0 0 0 0 0 0 0 0 0 0 0 0 0 0 0 0 0 0 0 0 0 0 0 0 70 80 83 85 87 91 92 92 92 92 92 90 82 79 75 68 52 0 0 0 0 0 0 0 0 0 0 0 0 0 0 0 0 0 0 0 0 0 0 0 0 0 0 0 0 0 0 0 0 0 0 0 0 73 86 91 93 97 102 103 104 104 104 104 104 104 105 105 104 104 103 103 102 102 103 102 102 102 101 101 102 104 106 101 100 98 93 75 0 0 0 0 0 0 0 0 0 0 0 64 64 66 67 69 73 82 83 
68 66 67 67 67 67 67 68 68 69 69 70 70 70 70 71 71 71 71 72 72 73 73 74 74 75 75 75 76 76 76 71 70 67 63 53 0 0 0 0 0 0 0 0 0 0 0 0 0 0 0 0 0 0 0 0 0 0 0 0 0 0 0 0 0 0 0 0 0 70 80 84 86 87 91 92 92 92 92 92 90 82 79 75 68 53 0 0 0 0 0 0 0 0 0 0 0 0 0 0 0 0 0 0 0 0 0 0 0 0 0 0 0 0 0 0 0 0 0 0 0 0 71 84 90 93 96 102 103 104 104 104 104 104 105 105 105 105 104 103 103 103 103 103 102 102 102 101 102 103 104 106 101 101 99 95 76 0 0 0 0 0 0 0 0 0 0 0 63 65 66 68 70 74 81 83 
65 64 67 66 67 67 67 67 67 68 68 69 69 70 70 71 70 71 72 72 72 73 73 73 74 74 74 75 76 76 75 72 70 67 63 51 0 0 0 0 0 0 0 0 0 0 0 0 0 0 0 0 0 0 0 0 0 0 0 0 0 0 0 0 0 0 0 0 0 71 80 84 86 87 91 91 92 92 92 92 90 82 80 76 68 52 0 0 0 0 0 0 0 0 0 0 0 0 0 0 0 0 0 0 0 0 0 0 0 0 0 0 0 0 0 0 0 0 0 0 0 0 74 87 92 94 96 102 103 104 104 104 104 104 104 104 105 104 104 103 103 103 103 103 103 103 102 101 101 102 103 106 102 102 101 97 80 0 0 0 0 0 0 0 0 0 0 0 62 64 66 67 69 73 70 78 
72 65 66 66 66 66 67 67 67 68 68 69 69 69 70 70 70 71 72 72 73 73 74 73 74 75 75 75 76 76 75 71 70 67 62 49 0 0 0 0 0 0 0 0 0 0 0 0 0 0 0 0 0 0 0 0 0 0 0 0 0 0 0 0 0 0 0 0 0 71 80 83 85 86 90 91 92 92 92 92 90 83 80 76 69 53 0 0 0 0 0 0 0 0 0 0 0 0 0 0 0 0 0 0 0 0 0 0 0 0 0 0 0 0 0 0 0 0 0 0 0 0 66 82 88 91 96 102 103 103 104 104 104 104 104 104 105 105 104 104 103 103 103 103 102 103 102 101 101 101 102 105 102 103 102 99 84 0 0 0 0 0 0 0 0 0 0 0 62 63 65 66 69 73 82 87 
65 68 67 67 67 67 67 68 67 68 68 69 69 69 70 71 71 71 72 72 72 73 73 73 74 75 75 76 76 76 76 72 71 68 62 0 0 0 0 0 0 0 0 0 0 0 0 0 0 0 0 0 0 0 0 0 0 0 0 0 0 0 0 0 0 0 0 0 0 73 81 84 85 87 90 91 92 92 92 92 90 82 80 76 68 52 0 0 0 0 0 0 0 0 0 0 0 0 0 0 0 0 0 0 0 0 0 0 0 0 0 0 0 0 0 0 0 0 0 0 0 0 65 81 87 91 95 102 103 103 104 103 104 104 104 104 105 104 104 104 103 103 103 102 102 102 101 101 100 101 102 105 102 100 99 95 81 0 0 0 0 0 0 0 0 0 0 0 62 62 64 66 68 72 77 86 
66 65 67 67 67 67 67 68 67 68 68 68 69 69 70 71 71 71 73 73 72 73 73 73 74 74 75 75 76 77 75 73 72 69 63 0 0 0 0 0 0 0 0 0 0 0 0 0 0 0 0 0 0 0 0 0 0 0 0 0 0 0 0 0 0 0 0 0 0 74 81 84 86 87 90 91 91 91 91 92 90 82 78 74 65 49 0 0 0 0 0 0 0 0 0 0 0 0 0 0 0 0 0 0 0 0 0 0 0 0 0 0 0 0 0 0 0 0 0 0 0 0 61 77 84 88 95 102 103 103 103 103 104 104 104 104 104 104 104 104 104 103 103 102 102 102 101 101 101 101 102 105 103 99 98 94 80 0 0 0 0 0 0 0 0 0 0 0 62 62 65 66 69 73 77 84 
71 67 66 67 67 67 67 67 67 68 68 67 69 69 70 71 72 72 73 73 73 73 73 74 74 74 75 75 76 76 75 73 73 70 65 0 0 0 0 0 0 0 0 0 0 0 0 0 0 0 0 0 0 0 0 0 0 0 0 0 0 0 0 0 0 0 0 0 0 75 82 85 86 87 91 91 92 92 91 91 90 82 78 74 65 49 0 0 0 0 0 0 0 0 0 0 0 0 0 0 0 0 0 0 0 0 0 0 0 0 0 0 0 0 0 0 0 0 0 0 0 0 60 76 84 88 95 102 103 103 103 103 104 104 103 103 104 104 104 104 104 103 103 102 102 102 102 101 101 101 102 105 104 98 97 93 81 0 0 0 0 0 0 0 0 0 0 0 61 61 63 65 67 72 78 87 
62 68 66 66 66 67 67 67 67 68 68 67 69 69 70 71 71 71 72 72 73 73 74 74 75 75 76 76 76 77 75 73 72 70 64 0 0 0 0 0 0 0 0 0 0 0 0 0 0 0 0 0 0 0 0 0 0 0 0 0 0 0 0 0 0 0 0 0 0 69 79 82 85 88 91 91 92 91 91 92 90 82 77 72 64 48 0 0 0 0 0 0 0 0 0 0 0 0 0 0 0 0 0 0 0 0 0 0 0 0 0 0 0 0 0 0 0 0 0 0 0 0 60 76 84 89 95 102 103 103 104 104 104 104 104 103 104 104 104 104 104 104 103 102 102 102 101 101 101 101 103 105 104 97 96 92 81 59 0 0 0 0 0 0 0 0 0 0 0 62 64 66 68 72 77 81 
63 65 67 67 66 66 67 67 67 68 68 67 69 69 70 70 71 71 72 72 73 73 74 74 74 75 75 76 76 77 75 74 74 72 67 0 0 0 0 0 0 0 0 0 0 0 0 0 0 0 0 0 0 0 0 0 0 0 0 0 0 0 0 0 0 0 0 0 0 70 79 82 85 88 91 91 92 91 91 92 91 83 75 71 62 47 0 0 0 0 0 0 0 0 0 0 0 0 0 0 0 0 0 0 0 0 0 0 0 0 0 0 0 0 0 0 0 0 0 0 0 0 63 79 87 91 96 103 104 104 104 104 104 104 104 104 104 104 104 104 104 103 103 102 102 102 101 101 101 101 102 105 105 96 95 91 80 60 0 0 0 0 0 0 0 0 0 0 0 62 64 66 68 72 74 77 
67 63 66 66 66 66 67 66 67 67 68 67 68 69 69 69 71 71 71 72 73 73 74 74 75 75 76 76 76 77 75 74 73 72 66 0 0 0 0 0 0 0 0 0 0 0 0 0 0 0 0 0 0 0 0 0 0 0 0 0 0 0 0 0 0 0 0 0 0 71 79 83 85 89 91 92 92 92 92 92 91 83 76 71 62 47 0 0 0 0 0 0 0 0 0 0 0 0 0 0 0 0 0 0 0 0 0 0 0 0 0 0 0 0 0 0 0 0 0 0 0 0 62 78 87 91 96 103 104 104 105 105 105 105 104 104 104 104 104 104 104 104 103 103 102 102 102 102 102 102 103 105 105 97 96 92 82 62 0 0 0 0 0 0 0 0 0 0 0 63 64 66 68 71 75 81 
61 76 66 66 66 66 66 66 67 67 68 68 69 69 69 70 70 71 71 72 73 73 74 74 75 75 76 75 76 76 74 74 73 72 66 0 0 0 0 0 0 0 0 0 0 0 0 0 0 0 0 0 0 0 0 0 0 0 0 0 0 0 0 0 0 0 0 0 0 71 79 83 86 89 92 92 92 92 92 92 91 84 76 72 63 48 0 0 0 0 0 0 0 0 0 0 0 0 0 0 0 0 0 0 0 0 0 0 0 0 0 0 0 0 0 0 0 0 0 0 0 0 66 82 90 93 96 103 105 105 106 105 105 105 105 104 104 104 104 104 104 103 103 103 102 102 102 102 102 102 103 105 106 98 97 94 85 65 0 0 0 0 0 0 0 0 0 0 0 63 64 65 68 71 78 79 
68 68 66 66 66 66 66 66 67 67 68 68 68 69 69 69 70 70 71 72 73 73 74 74 75 75 75 76 76 76 74 73 72 71 64 0 0 0 0 0 0 0 0 0 0 0 0 0 0 0 0 0 0 0 0 0 0 0 0 0 0 0 0 0 0 38 0 0 0 66 79 83 85 88 91 92 91 91 92 92 92 84 75 70 62 47 39 0 0 0 0 0 0 0 0 0 0 0 0 0 0 0 0 0 0 0 0 0 0 0 0 0 0 0 0 0 0 0 0 0 0 0 65 82 90 93 96 104 105 105 106 105 105 105 105 105 105 105 104 104 103 103 102 102 102 102 102 101 101 102 102 105 106 99 97 95 87 67 0 0 0 0 0 0 0 0 0 0 0 62 64 65 68 71 77 83 
67 63 66 66 66 66 65 66 67 67 68 68 68 69 69 69 70 71 71 72 72 73 74 74 74 75 75 76 76 76 74 73 72 70 63 0 0 0 0 0 0 0 0 0 0 0 0 0 0 0 0 0 0 0 0 0 0 0 0 0 0 0 0 0 0 38 0 0 0 71 83 86 87 88 91 92 92 92 92 92 92 84 75 70 62 47 38 0 0 0 0 0 0 0 0 0 0 0 0 0 0 0 0 0 0 0 0 0 0 0 0 0 0 0 0 0 0 0 0 0 0 0 64 81 89 93 96 104 105 106 106 106 106 106 105 105 105 105 104 103 103 102 102 102 102 103 102 102 102 102 102 105 106 99 98 96 88 70 0 0 0 0 0 0 0 0 0 0 0 61 63 64 67 70 79 82 
67 61 66 65 66 66 65 65 66 67 67 68 68 69 69 69 70 71 71 72 73 73 74 74 75 75 76 76 76 76 74 73 72 70 63 0 0 0 0 0 0 0 0 0 0 0 0 0 0 0 0 0 0 0 0 0 0 0 0 0 0 0 0 0 0 39 0 0 0 67 80 83 85 88 91 92 92 92 92 92 92 84 75 70 62 47 39 0 0 0 0 0 0 0 0 0 0 0 0 0 0 0 0 0 0 0 0 0 0 0 0 0 0 0 0 0 0 0 0 0 0 0 64 81 89 93 96 104 105 106 106 106 106 106 105 105 105 105 104 104 103 102 102 102 102 102 102 101 102 102 102 105 106 100 99 96 89 70 0 0 0 0 0 0 0 0 0 0 0 0 63 64 68 71 74 82 
65 67 66 66 66 66 66 66 67 67 67 68 68 68 69 70 70 71 72 73 73 74 74 74 74 75 76 76 77 77 73 73 71 69 61 0 0 0 0 0 0 0 0 0 0 0 0 0 0 0 0 0 0 0 0 0 0 0 0 0 0 0 0 0 0 0 0 0 0 64 77 81 83 88 91 91 92 92 92 93 92 84 74 69 61 47 41 0 0 0 0 0 0 0 0 0 0 0 0 0 0 0 0 0 0 0 0 0 0 0 0 0 0 0 0 0 0 0 0 0 0 0 59 78 87 91 96 105 105 106 106 106 106 106 105 105 105 105 104 104 103 102 102 102 101 102 102 101 101 101 102 104 105 99 99 96 89 71 0 0 0 0 0 0 0 0 0 0 0 0 64 65 68 72 69 73 
65 70 66 66 66 66 66 66 67 67 67 68 69 69 69 69 70 71 71 72 72 73 74 74 75 76 76 76 77 77 74 73 71 68 61 0 0 0 0 0 0 0 0 0 0 0 0 0 0 0 0 0 0 0 0 0 0 0 0 0 0 0 0 0 0 0 0 0 40 62 74 79 81 88 91 92 92 93 93 93 92 84 74 69 61 48 41 0 0 0 0 0 0 0 0 0 0 0 0 0 0 0 0 0 0 0 0 0 0 0 0 0 0 0 0 0 0 0 0 0 0 0 56 74 84 89 96 105 105 105 105 105 105 106 105 105 105 105 104 104 103 103 102 102 101 101 101 101 101 101 102 104 105 99 98 96 90 70 0 0 0 0 0 0 0 0 0 0 0 0 0 65 68 72 74 83 
69 71 66 66 66 67 66 66 67 67 67 68 69 69 69 70 70 71 71 72 73 73 74 74 75 76 76 76 77 77 74 74 72 69 63 0 0 0 0 0 0 0 0 0 0 0 0 0 0 0 0 0 0 0 0 0 0 0 0 0 0 0 0 0 40 40 0 0 40 63 72 77 80 89 91 92 93 93 93 93 92 84 74 69 61 48 41 0 0 0 0 0 0 0 0 0 0 0 0 0 0 0 0 0 0 0 0 0 0 0 0 0 0 0 0 0 0 0 0 0 0 0 54 72 82 87 96 105 106 106 105 106 105 106 106 105 105 105 104 104 104 103 102 102 101 101 101 101 101 101 102 104 106 99 99 97 90 69 0 0 0 0 0 0 0 0 0 0 0 0 0 0 66 72 67 82 
62 65 66 67 67 67 67 67 67 67 67 68 69 69 69 69 70 70 71 72 73 73 74 74 75 75 76 76 76 76 74 73 72 70 64 0 0 0 0 0 0 0 0 0 0 0 0 0 0 0 0 0 0 0 0 0 0 0 0 0 0 0 0 0 40 40 0 0 40 61 70 75 79 89 92 92 93 93 93 93 92 85 74 70 62 49 41 0 0 0 0 0 0 0 0 0 0 0 0 0 0 0 0 0 0 0 0 0 0 0 0 0 0 0 0 0 0 0 0 0 0 42 52 69 79 85 96 105 106 106 106 106 106 106 106 105 105 105 105 104 104 104 103 102 101 101 100 101 100 101 102 104 106 99 98 96 89 67 0 0 0 0 0 0 0 0 0 0 0 0 0 0 64 71 0 75 
67 69 65 66 67 67 67 67 68 68 68 68 69 68 69 69 70 70 71 72 73 73 74 74 75 75 76 76 76 76 74 73 72 70 64 0 0 0 0 0 0 0 0 0 0 0 0 0 0 0 0 0 0 0 0 0 0 0 0 0 0 0 0 0 0 0 0 0 40 61 71 76 79 90 92 93 93 93 93 93 92 85 74 70 62 49 42 0 0 0 0 0 0 0 0 0 0 0 0 0 0 0 0 0 0 0 0 0 0 0 0 0 0 0 0 0 0 0 0 0 0 43 52 68 78 84 96 106 107 107 107 107 106 106 106 105 105 105 104 104 104 104 103 102 101 100 100 100 100 101 102 104 106 100 99 97 90 68 0 0 0 0 0 0 0 0 0 0 0 0 0 0 60 69 57 74 
62 64 64 66 66 67 67 67 67 68 68 68 69 69 68 69 70 70 71 72 72 73 74 74 75 75 76 75 75 76 74 73 73 71 66 0 0 0 0 0 0 0 0 0 0 0 0 0 0 0 0 0 0 0 0 0 0 0 0 0 0 0 0 39 39 39 0 0 40 61 71 76 79 90 93 93 93 94 93 93 92 86 75 71 63 50 42 0 0 0 0 0 0 0 0 0 0 0 0 0 0 0 0 0 0 0 0 0 0 0 0 0 0 0 0 0 0 0 0 0 0 43 52 68 78 84 97 107 108 107 107 108 107 107 106 106 105 105 104 104 104 104 103 102 102 101 101 100 101 101 102 104 107 101 100 98 91 70 0 0 0 0 0 0 0 0 0 0 0 0 0 0 58 67 57 74 
63 59 64 65 66 66 66 67 68 68 68 69 69 69 69 70 70 71 72 72 73 73 74 74 75 75 75 75 75 76 74 73 72 71 65 0 0 0 0 0 0 0 0 0 0 0 0 0 0 0 0 0 0 0 0 0 0 0 0 0 0 0 0 39 39 39 0 0 40 61 71 76 80 90 92 93 93 93 94 94 93 86 76 72 64 51 43 0 0 0 0 0 0 0 0 0 0 0 0 0 0 0 0 0 0 0 0 0 0 0 0 0 0 0 0 0 0 0 0 0 0 42 51 68 78 85 97 107 108 108 108 108 107 108 107 106 105 105 105 104 104 104 103 102 101 101 101 100 100 101 102 104 107 101 100 99 92 72 0 0 0 0 0 0 0 0 0 0 0 0 0 0 59 67 60 73 
62 62 64 65 66 66 66 67 67 67 67 68 68 68 69 70 70 71 72 72 72 73 73 74 74 75 75 75 75 75 73 73 71 70 65 0 0 0 0 0 0 0 0 0 0 0 0 0 0 0 0 0 0 0 0 0 0 0 0 0 0 0 0 0 0 0 0 0 42 62 71 77 80 90 92 92 93 93 94 94 94 87 76 72 64 51 44 0 0 0 0 0 0 0 0 0 0 0 0 0 0 0 0 0 0 0 0 0 0 0 0 0 0 0 0 0 0 0 0 0 0 44 52 68 79 85 97 107 108 108 108 108 107 107 106 106 105 105 105 105 104 104 103 102 101 101 101 101 100 101 102 104 107 101 101 99 93 73 0 0 0 0 0 0 0 0 0 0 0 0 0 0 61 69 59 74 
63 62 64 64 65 65 66 66 67 67 67 67 68 68 69 70 71 71 72 72 73 73 73 73 74 74 75 76 76 76 74 73 72 70 63 0 0 0 0 0 0 0 0 0 0 0 0 0 0 0 0 0 0 0 0 0 0 0 0 0 0 0 0 0 0 0 0 0 44 63 72 77 80 90 92 92 92 93 94 94 94 87 77 73 65 53 46 0 0 0 0 0 0 0 0 0 0 0 0 0 0 0 0 0 0 0 0 0 0 0 0 0 0 0 0 0 0 0 0 0 0 44 53 69 79 85 97 107 108 108 108 108 107 108 107 106 106 105 105 105 104 104 103 102 102 101 101 101 101 101 102 104 106 101 101 99 94 75 0 0 0 0 0 0 0 0 0 0 0 0 0 0 62 70 61 77 
65 64 65 65 65 65 66 66 67 67 67 67 68 69 69 70 71 71 72 72 73 73 73 73 74 74 75 75 76 76 73 73 72 70 64 0 0 0 0 0 0 0 0 0 0 0 0 0 0 0 0 0 0 0 0 0 0 0 0 0 0 0 39 39 39 0 0 0 44 64 73 77 80 90 92 92 92 93 94 94 94 87 78 74 66 54 47 0 0 0 0 0 0 0 0 0 0 0 0 0 0 0 0 0 0 0 0 0 0 0 0 0 0 0 0 0 0 0 0 0 0 43 52 69 78 84 97 107 108 108 108 107 107 107 107 106 106 106 105 105 104 104 103 103 102 102 102 101 101 102 102 104 107 101 101 100 95 77 0 0 0 0 0 0 0 0 0 0 0 0 0 0 63 70 67 87 
68 67 65 65 66 66 66 67 67 67 67 68 69 69 70 71 71 71 72 72 73 73 74 74 74 75 75 75 76 76 73 73 72 69 59 0 0 0 0 0 0 0 0 0 0 0 0 0 0 0 0 0 0 0 0 0 0 0 0 0 0 0 0 0 0 0 0 0 45 64 73 78 81 90 92 92 93 93 94 94 94 88 78 74 67 55 47 0 0 0 0 0 0 0 0 0 0 0 0 0 0 0 0 0 0 0 0 0 0 0 0 0 0 0 0 0 0 0 0 0 0 44 53 69 78 84 97 106 107 108 108 107 107 107 106 106 106 106 105 104 104 104 103 103 102 101 101 101 101 101 102 104 106 101 101 100 96 77 0 0 0 0 0 0 0 0 0 0 0 0 0 0 63 71 63 78 
63 63 65 65 66 66 66 67 67 67 67 67 68 68 69 70 71 71 72 72 73 73 74 74 74 74 75 75 76 76 73 72 71 68 58 0 0 0 0 0 0 0 0 0 0 0 0 0 0 0 0 0 0 0 0 0 0 0 0 0 0 0 0 0 0 0 0 0 46 65 74 79 82 91 93 93 94 94 94 95 94 88 78 74 67 56 48 0 0 0 0 0 0 0 0 0 0 0 0 0 0 0 0 0 0 0 0 0 0 0 0 0 0 0 0 0 0 0 0 0 0 45 53 69 78 84 96 106 107 108 108 107 107 107 106 106 105 105 105 104 104 104 103 103 102 101 101 101 101 101 102 103 106 101 101 100 96 78 0 0 0 0 0 0 0 0 0 0 0 0 0 0 64 71 62 70 
63 69 65 66 66 66 67 67 67 67 67 67 68 68 69 70 71 71 72 72 73 73 73 74 74 75 75 76 76 76 73 73 71 68 58 0 0 0 0 0 0 0 0 0 0 0 0 0 0 0 0 0 0 0 0 0 0 0 0 0 0 0 0 0 0 0 0 0 45 65 75 80 83 92 94 94 94 94 94 95 94 89 80 76 69 58 50 0 0 0 0 0 0 0 0 0 0 0 46 46 46 46 0 0 0 0 0 0 0 0 0 0 0 0 0 0 0 0 0 0 0 43 52 68 77 83 96 105 107 107 107 107 107 107 106 106 105 105 104 104 104 104 103 102 102 102 101 101 101 101 101 103 105 100 101 100 95 79 0 0 0 0 0 0 0 0 0 0 0 0 0 0 65 71 63 79 
58 66 65 66 66 66 67 67 68 68 68 68 68 68 69 69 70 70 71 71 72 73 73 74 74 75 75 76 76 76 73 73 71 68 59 0 0 0 0 0 0 0 0 0 0 0 0 0 0 0 0 0 0 0 0 0 0 0 0 0 0 0 0 0 0 0 0 0 46 66 75 80 83 92 94 94 94 94 95 95 95 89 81 77 70 59 51 0 0 0 0 0 0 0 0 0 0 0 49 48 48 48 51 0 0 0 0 0 0 0 0 0 0 0 0 0 0 0 0 0 0 44 52 67 76 82 95 105 107 107 107 107 107 106 106 106 105 104 104 103 103 103 103 102 102 101 101 100 101 101 101 102 105 101 101 101 97 81 0 0 0 0 0 0 0 0 0 0 0 0 0 0 66 72 65 79 
62 63 64 65 66 66 66 67 67 67 67 68 68 68 69 69 70 70 71 71 72 72 73 73 74 75 75 76 76 76 73 73 71 68 58 0 0 0 0 0 0 0 0 0 0 0 0 0 0 0 0 0 0 0 0 0 0 0 0 0 0 0 0 0 0 0 0 0 46 66 75 80 83 93 95 95 95 95 96 96 96 90 82 78 72 61 52 0 0 0 0 0 0 0 0 0 0 0 52 54 53 53 57 0 0 0 0 0 0 0 0 0 0 0 0 0 0 0 0 0 0 44 52 67 77 83 95 105 107 108 107 108 107 107 106 106 105 105 104 103 103 103 103 102 101 101 100 100 100 100 101 102 105 101 102 101 98 81 0 0 0 0 0 0 0 0 0 0 0 0 0 0 67 73 70 81 
69 61 64 65 66 65 65 66 67 67 67 68 68 68 68 69 69 70 71 71 71 71 72 73 74 74 75 76 76 76 73 73 71 68 62 0 0 0 0 0 0 0 0 0 0 0 0 0 0 0 0 0 0 0 0 0 0 0 0 0 0 0 0 0 0 0 0 0 47 67 76 81 84 93 95 95 95 95 96 96 96 91 83 79 73 62 53 0 0 0 0 0 0 0 0 0 0 0 60 66 62 62 65 65 0 0 0 0 0 0 0 0 0 0 0 0 0 0 0 0 0 44 52 67 77 83 95 105 107 107 107 107 107 106 106 106 106 105 104 104 103 104 103 102 101 101 100 100 100 100 101 102 105 101 102 101 98 82 0 0 0 0 0 0 0 0 0 0 0 0 0 0 68 73 70 82 
59 62 64 65 65 65 65 66 66 66 67 68 68 68 69 69 69 70 70 71 71 71 72 72 73 74 75 76 76 76 74 73 72 69 63 0 0 0 0 0 0 0 0 0 0 0 0 0 0 0 0 0 0 0 0 0 0 0 0 0 0 0 0 37 37 37 0 0 48 67 76 80 83 93 95 94 95 95 96 96 97 92 84 80 75 63 54 0 0 0 0 0 0 0 0 0 0 0 62 72 67 67 69 71 48 0 0 0 0 0 0 0 0 0 0 0 0 0 0 0 0 44 52 67 76 83 95 104 107 107 107 107 107 107 106 106 105 105 104 104 104 104 103 102 101 100 100 100 100 100 100 102 105 102 102 102 99 84 0 0 0 0 0 0 0 0 0 0 0 0 0 0 69 73 69 76 
65 64 64 65 65 65 65 65 66 66 67 68 68 68 69 69 69 70 70 71 71 72 72 73 74 74 75 76 76 76 74 73 71 69 63 0 0 0 0 0 0 0 0 0 0 0 0 0 0 0 0 0 0 0 0 0 0 0 0 0 0 0 0 37 37 37 0 0 49 67 76 80 83 93 95 95 95 95 96 96 97 92 84 79 73 62 53 0 0 0 0 0 0 0 0 0 0 0 60 78 71 71 74 79 52 0 0 0 0 0 0 0 0 0 0 0 0 0 0 0 0 45 53 68 78 83 96 105 106 106 106 106 106 106 106 106 105 105 105 104 103 104 103 102 101 100 99 99 100 100 101 102 105 102 102 102 100 85 0 0 0 0 0 0 0 0 0 0 0 0 0 0 68 72 71 76 
62 64 64 64 65 65 65 65 65 66 66 68 69 69 69 70 70 70 70 71 71 72 73 73 74 74 75 75 76 76 74 73 72 69 62 0 0 0 0 0 0 0 0 0 0 0 0 0 0 0 0 0 0 0 0 0 0 0 0 0 0 0 0 0 0 0 0 0 48 67 76 81 84 93 96 96 96 96 96 96 97 92 85 78 72 62 54 0 0 0 0 0 0 0 0 0 0 0 62 93 98 99 96 111 93 0 0 0 0 0 0 0 0 0 0 0 0 0 0 0 0 45 53 69 78 84 96 105 106 106 106 106 106 106 106 106 106 105 105 104 103 103 102 102 101 100 99 99 99 100 101 102 105 102 102 102 99 85 0 0 0 0 0 0 0 0 0 0 0 0 0 64 66 70 69 77 
57 63 64 64 65 65 65 65 65 66 66 67 68 69 69 69 70 70 71 71 72 73 73 73 74 74 74 76 76 76 73 72 71 68 62 0 0 0 0 0 0 0 0 0 0 0 0 0 0 0 0 0 0 0 0 0 0 0 0 0 0 0 0 0 0 0 0 0 50 68 76 81 85 94 96 96 96 96 96 96 97 92 86 80 75 67 63 0 0 0 0 0 0 0 0 0 0 0 56 133 127 161 161 189 156 187 70 0 0 0 0 0 0 0 0 0 0 0 0 0 0 54 57 70 79 84 96 105 106 106 106 106 106 106 106 106 105 105 105 104 104 103 102 101 100 100 99 99 99 99 100 102 104 101 101 101 99 85 0 0 0 0 0 0 0 0 0 0 0 0 0 65 67 70 65 79 
63 63 63 64 65 65 65 65 65 66 66 67 68 69 68 69 70 70 71 72 72 73 73 73 74 74 75 76 76 76 73 72 70 68 62 0 0 0 0 0 0 0 0 0 0 0 0 0 0 0 0 0 0 0 0 0 0 0 0 0 0 0 0 0 0 0 0 0 50 67 75 81 86 95 97 98 98 96 96 97 97 92 88 88 83 78 81 86 0 0 0 0 0 0 0 0 0 0 56 208 193 219 238 270 182 200 114 42 0 0 0 0 0 0 0 0 0 0 0 0 0 70 67 76 83 87 96 105 106 106 106 106 106 106 106 106 105 105 104 104 104 104 103 102 100 99 98 98 99 99 100 101 103 101 100 100 98 85 0 0 0 0 0 0 0 0 0 0 0 0 0 64 66 69 66 79 
61 62 63 64 65 65 65 66 66 66 66 66 67 68 68 69 70 70 71 71 72 73 73 73 74 74 75 76 77 76 73 72 70 67 61 0 0 0 0 0 0 0 0 0 0 0 0 0 0 0 0 0 0 0 0 0 0 0 0 0 0 0 0 0 0 0 0 0 51 67 75 82 88 98 101 101 100 97 96 97 97 92 90 91 84 81 85 86 0 0 0 0 0 0 0 0 0 0 57 256 244 266 284 307 204 211 128 44 0 0 0 0 0 0 0 0 0 0 0 0 0 82 74 81 87 90 97 105 107 106 106 106 106 106 106 105 105 104 104 104 103 102 102 101 100 99 98 98 98 99 99 100 103 99 99 98 96 81 0 0 0 0 0 0 0 0 0 0 0 0 0 64 65 68 73 71 
66 65 63 64 65 65 65 66 66 66 66 67 68 68 68 69 70 70 71 72 72 73 72 73 73 74 75 76 76 76 73 72 69 67 60 0 0 0 0 0 0 0 0 0 0 0 0 0 0 0 0 0 0 0 0 0 0 0 0 0 0 0 0 0 0 0 0 0 50 67 75 82 89 100 102 103 102 98 96 97 97 92 89 91 85 82 86 88 0 0 0 0 0 0 0 0 0 0 56 259 265 316 314 324 246 237 110 46 43 43 43 0 0 0 0 0 0 0 0 0 87 80 74 80 86 90 96 105 107 107 107 107 107 106 106 105 105 104 104 104 103 101 101 100 98 98 98 98 97 98 98 99 101 97 97 96 93 78 0 0 0 0 0 0 0 0 0 0 0 0 62 64 65 68 68 76 
65 69 63 64 64 65 65 66 66 66 67 67 68 68 67 68 69 70 71 72 72 73 73 73 74 75 75 77 77 77 74 73 70 68 60 0 0 0 0 0 0 0 0 0 0 0 0 0 0 0 0 0 0 0 0 0 0 0 0 0 0 0 0 0 0 0 0 0 49 66 74 81 89 100 103 103 102 98 96 97 97 92 89 90 84 81 84 86 0 0 0 0 0 0 0 0 0 0 55 267 259 317 315 298 213 212 100 46 43 43 43 0 0 0 0 0 0 0 0 0 87 80 74 80 86 90 96 105 107 107 107 107 107 106 105 105 104 103 103 102 100 98 97 95 94 93 93 93 93 94 94 95 97 93 92 91 88 73 0 0 0 0 0 0 0 0 0 0 0 0 61 63 65 68 65 77 
61 64 63 64 64 65 65 66 66 66 67 67 67 67 68 68 69 70 71 72 72 73 73 73 74 75 75 76 76 76 73 73 70 68 61 0 0 0 0 0 0 0 0 0 0 0 0 0 0 0 0 0 0 0 0 0 0 0 0 0 0 0 0 0 0 0 0 0 48 66 74 81 88 100 102 103 102 98 96 96 97 92 88 89 82 78 80 84 0 0 0 0 0 0 0 0 0 0 59 281 252 280 265 252 176 176 98 46 43 43 43 0 0 0 0 0 0 0 0 0 0 78 72 80 86 90 97 105 108 107 107 107 107 105 104 103 102 99 97 94 91 90 90 90 90 92 91 89 88 87 86 86 88 86 85 85 84 70 0 0 0 0 0 0 0 0 0 0 0 0 62 63 64 67 70 79 
59 66 63 64 64 65 65 66 66 66 67 67 67 67 67 68 69 70 71 72 72 73 73 74 74 75 75 76 76 76 74 73 71 69 62 0 0 0 0 0 0 0 0 0 0 0 0 0 0 0 0 0 0 0 0 0 0 0 0 0 0 0 0 0 0 0 0 0 47 65 74 80 87 98 101 102 101 98 96 96 96 91 84 81 74 67 64 65 0 0 0 0 0 0 0 0 0 0 0 207 179 223 193 185 155 158 78 48 0 0 0 0 0 0 0 0 0 0 0 0 0 66 63 73 81 87 96 105 108 108 107 106 106 105 102 100 98 95 92 90 87 85 85 86 87 89 89 87 85 84 83 82 84 82 82 82 80 0 0 0 0 0 0 0 0 0 0 0 0 61 62 63 64 67 72 84 
65 56 63 64 65 64 64 65 65 66 67 67 67 67 67 68 69 70 71 72 72 73 73 74 74 75 75 76 76 76 74 74 72 69 62 0 0 0 0 0 0 0 0 0 0 0 0 0 0 0 0 0 0 0 0 0 0 0 0 0 0 0 0 0 0 0 0 0 46 64 73 78 84 94 97 98 98 96 95 96 96 91 83 76 70 60 52 0 0 0 0 0 0 0 0 0 0 0 0 0 122 188 153 149 146 146 61 48 0 0 0 0 0 0 0 0 0 0 0 0 0 50 54 67 77 84 96 105 108 108 107 106 106 103 100 98 95 89 86 82 79 76 77 76 77 80 81 80 80 79 78 77 79 77 77 77 76 0 0 0 0 0 0 0 0 0 0 0 0 61 62 63 64 67 64 75 
61 65 63 64 64 64 64 65 65 66 66 67 67 67 68 68 69 70 71 71 72 73 73 74 74 75 75 76 76 76 74 73 72 69 63 0 0 0 0 0 0 0 0 0 0 0 0 0 0 0 0 0 0 0 0 0 0 0 0 0 0 0 0 0 0 0 0 0 45 64 73 78 82 93 96 96 97 96 95 96 96 90 82 77 70 60 51 0 0 0 0 0 0 0 0 0 0 0 0 0 73 105 96 93 92 95 69 0 0 0 0 0 0 0 0 0 0 0 0 0 0 46 52 67 77 83 96 105 107 107 107 106 104 99 96 93 87 81 79 76 74 74 75 71 70 70 68 67 66 64 63 63 65 66 67 69 0 0 0 0 0 0 0 0 0 0 0 0 0 60 60 62 63 66 65 79 
62 60 63 64 64 64 64 66 65 65 66 67 67 67 68 68 69 70 70 71 71 72 73 73 74 74 74 75 75 75 73 73 71 69 63 0 0 0 0 0 0 0 0 0 0 0 0 0 0 0 0 0 0 0 0 0 0 0 0 0 0 0 0 0 0 0 0 0 46 64 73 78 82 92 95 96 96 96 95 96 95 90 82 78 72 61 53 0 0 0 0 0 0 0 0 0 0 0 0 0 0 97 94 90 90 94 82 0 0 0 0 0 0 0 0 0 0 0 0 0 0 46 52 67 77 83 96 105 107 107 107 106 103 98 95 88 81 75 75 75 76 77 76 72 70 67 61 57 57 60 61 61 62 64 63 64 0 0 0 0 0 0 0 0 0 0 0 0 0 60 60 62 63 66 64 75 
63 60 64 64 64 64 64 65 65 65 66 67 67 68 68 68 69 69 70 70 71 72 73 74 74 74 74 75 75 75 73 72 71 69 64 0 0 0 0 0 0 0 0 0 0 0 0 0 0 0 0 0 0 0 0 0 0 0 0 0 0 0 38 38 38 0 0 0 44 63 72 77 81 91 94 95 96 96 95 96 95 90 81 77 71 60 52 0 0 0 0 0 0 0 0 0 0 0 0 0 0 85 90 83 83 86 81 0 0 0 0 0 0 0 0 0 0 0 0 0 0 46 51 66 77 83 95 104 106 106 106 105 101 96 90 83 77 75 80 84 87 86 83 78 74 67 63 67 72 73 75 74 73 74 73 0 0 0 0 0 0 0 0 0 0 0 0 0 0 58 60 62 63 66 68 79 
72 65 64 64 64 64 64 65 65 65 66 67 67 68 68 69 69 69 70 70 71 72 72 73 73 74 74 75 75 75 72 72 71 68 62 0 0 0 0 0 0 0 0 0 0 0 0 0 0 0 0 0 0 0 0 0 0 0 0 0 0 0 0 37 37 0 0 0 43 62 72 77 80 91 94 94 95 95 95 95 95 89 80 77 70 58 50 0 0 0 0 0 0 0 0 0 0 0 0 0 0 0 82 75 75 75 74 0 0 0 0 0 0 0 0 0 0 0 0 0 0 45 51 66 76 82 94 104 106 106 105 104 100 94 88 81 77 79 85 88 89 86 83 78 72 66 67 72 77 79 80 78 77 77 75 69 0 0 0 0 0 0 0 0 0 0 0 0 0 58 60 62 64 67 65 79 
64 63 65 64 64 64 64 65 65 65 66 67 67 68 69 68 69 69 69 70 71 71 72 73 74 74 74 75 75 75 72 72 72 69 63 0 0 0 0 0 0 0 0 0 0 0 0 0 0 0 0 0 0 0 0 0 0 0 0 0 0 38 38 38 38 0 0 0 42 62 71 77 80 90 93 94 94 95 95 94 94 88 79 76 69 57 49 0 0 0 0 0 0 0 0 0 0 0 0 0 0 0 73 66 66 66 67 55 0 0 0 0 0 0 0 0 0 0 0 0 0 45 51 66 76 82 93 103 105 105 104 103 99 91 84 79 77 83 90 94 95 92 89 83 75 69 72 77 81 83 84 81 80 79 77 70 0 0 0 0 0 0 0 0 0 0 0 0 0 60 61 62 64 67 69 79 
0 68 65 65 65 65 64 65 65 65 66 67 67 68 68 68 68 69 69 70 71 72 72 73 74 74 74 75 75 76 73 73 72 69 62 0 0 0 0 0 0 0 0 0 0 0 0 0 0 0 0 0 0 0 0 0 0 0 0 0 0 38 38 38 38 0 0 0 41 61 70 75 79 89 93 94 94 94 94 94 94 88 79 75 68 56 47 0 0 0 0 0 0 0 0 0 0 0 0 0 0 0 67 60 60 60 60 52 0 0 0 0 0 0 0 0 0 0 0 0 0 45 51 67 77 83 93 103 104 105 104 101 98 91 84 80 82 87 93 97 97 93 89 82 75 72 77 81 85 88 90 88 88 87 84 77 0 0 0 0 0 0 0 0 0 0 0 0 0 60 61 63 64 67 72 76 
70 61 65 65 65 65 64 64 64 65 66 67 67 68 68 68 69 69 70 70 71 72 72 73 73 74 74 75 76 76 74 73 73 69 63 0 0 0 0 0 0 0 0 0 0 0 0 0 0 0 0 0 0 0 0 0 0 0 0 0 0 39 39 38 38 38 0 0 40 60 70 75 78 89 92 93 94 94 94 93 92 87 77 73 67 55 46 0 0 0 0 0 0 0 0 0 0 0 0 0 0 0 0 58 58 58 58 55 0 0 0 0 0 0 0 0 0 0 0 0 0 44 50 66 75 82 92 102 104 104 103 100 97 87 81 79 83 88 95 99 97 93 90 82 76 76 82 85 89 92 93 91 90 89 86 78 0 0 0 0 0 0 0 0 0 0 0 0 0 61 63 63 65 68 72 82 
64 66 65 65 65 65 64 65 65 65 66 67 67 68 68 68 68 68 68 69 70 71 72 73 73 74 74 75 75 76 73 73 73 70 64 0 0 0 0 0 0 0 0 0 0 0 0 0 0 0 0 0 0 0 0 0 0 0 0 0 0 0 0 38 38 0 0 0 40 61 70 75 78 89 92 93 93 93 94 93 92 86 77 72 66 54 45 0 0 0 0 0 0 0 0 0 0 0 0 0 0 0 0 54 54 54 54 0 0 0 0 0 0 0 0 0 0 0 0 0 0 42 49 65 75 81 92 101 103 103 102 98 98 88 82 81 85 88 95 98 94 91 86 78 74 78 83 87 91 94 94 91 90 89 86 80 0 0 0 0 0 0 0 0 0 0 0 0 0 60 62 63 65 68 69 81 
63 64 64 64 65 64 64 65 65 65 66 67 68 68 68 67 66 65 66 67 68 69 71 73 74 74 74 75 75 76 74 74 73 71 66 0 0 0 0 0 0 0 0 0 0 0 0 0 0 0 0 0 0 0 0 0 0 0 0 0 0 0 0 0 0 0 0 0 41 60 70 75 78 88 91 92 92 93 93 93 91 85 76 72 65 53 44 0 0 0 0 0 0 0 0 0 0 0 0 0 0 0 0 0 0 0 0 0 0 0 0 0 0 0 0 0 0 0 0 0 0 41 48 65 75 80 91 100 102 102 101 97 94 85 78 76 80 84 90 92 89 88 82 76 74 79 81 86 90 91 91 89 89 88 86 83 0 0 0 0 0 0 0 0 0 0 0 0 0 60 62 63 65 68 73 76 
59 66 64 64 65 65 64 65 65 65 66 67 68 67 66 65 64 63 63 65 68 70 72 73 74 74 74 75 75 76 74 74 73 70 65 0 0 0 0 0 0 0 0 0 0 0 0 0 0 0 0 0 0 0 0 0 0 0 0 0 0 0 0 0 0 0 0 0 41 60 69 74 78 88 90 91 91 92 92 92 91 85 75 71 63 52 42 0 0 0 0 0 0 0 0 0 0 0 0 0 0 0 0 0 0 0 0 0 0 0 0 0 0 0 0 0 0 0 0 0 0 40 47 64 74 80 91 99 99 98 96 91 87 81 76 75 79 84 88 91 87 86 79 72 70 74 77 80 82 83 83 81 81 82 81 79 0 0 0 0 0 0 0 0 0 0 0 0 0 59 61 63 65 68 67 79 
66 62 64 64 65 65 64 65 65 65 66 67 68 67 66 64 62 61 61 63 66 69 71 73 73 74 74 74 75 75 73 73 72 70 65 0 0 0 0 0 0 0 0 0 0 0 0 0 0 0 0 0 0 0 0 0 0 0 0 0 0 0 0 0 0 0 0 0 42 62 72 76 79 87 90 90 90 91 91 92 91 85 74 70 62 50 41 0 0 0 0 0 0 0 0 0 0 0 0 0 0 0 0 0 0 0 0 0 0 0 0 0 0 0 0 0 0 0 0 0 0 40 48 64 74 79 89 96 96 93 91 87 84 80 75 73 76 82 85 88 86 84 77 71 69 72 74 78 79 80 80 78 78 79 79 76 0 0 0 0 0 0 0 0 0 0 0 0 0 59 61 63 65 67 69 78 
62 62 64 64 65 65 64 65 65 65 66 67 67 66 65 63 61 58 57 61 65 68 70 73 73 74 73 74 74 75 72 72 72 69 63 0 0 0 0 0 0 0 0 0 0 0 0 0 0 0 0 0 0 0 0 0 0 0 0 0 0 0 0 0 0 0 0 0 0 64 74 78 81 87 89 89 89 89 90 91 91 84 74 69 62 49 40 0 0 0 0 0 0 0 0 0 0 0 0 0 0 0 0 0 0 0 0 0 0 0 0 0 0 0 0 0 0 0 0 0 0 0 49 65 76 80 86 93 92 89 86 84 81 79 73 70 73 79 79 82 80 78 70 66 64 67 70 73 74 75 76 74 75 75 76 0 0 0 0 0 0 0 0 0 0 0 0 0 0 58 60 63 64 67 72 79 
61 64 64 64 65 65 64 65 66 65 66 66 66 66 65 63 62 59 58 62 65 67 70 73 73 74 74 74 75 75 73 72 71 68 62 0 0 0 0 0 0 0 0 0 0 0 0 0 0 0 0 0 0 0 0 0 0 0 0 0 0 0 0 0 0 0 0 0 0 63 73 78 81 87 89 89 88 88 89 90 90 84 73 69 61 48 40 0 0 0 0 0 0 0 0 0 0 0 0 0 0 0 0 0 0 0 0 0 0 0 0 0 0 0 0 0 0 0 0 0 0 0 48 64 74 78 84 90 89 84 80 78 74 71 67 63 63 70 70 72 72 0 0 61 59 60 62 64 64 65 67 66 67 69 71 0 0 0 0 0 0 0 0 0 0 0 0 0 0 59 60 63 65 67 68 75 
62 64 64 65 65 65 65 65 65 65 65 66 66 66 65 64 64 62 61 64 67 69 71 73 73 73 74 74 75 75 72 72 70 67 60 0 0 0 0 0 0 0 0 0 0 0 0 0 0 0 0 0 0 0 0 0 0 0 0 0 0 0 0 0 0 0 0 0 0 66 75 80 83 87 89 89 88 88 88 90 90 83 73 68 60 47 39 0 0 0 0 0 0 0 0 0 0 0 0 0 0 0 0 0 0 0 0 0 0 0 0 0 0 0 0 0 0 0 0 0 0 0 50 66 76 79 82 87 85 77 68 63 61 0 0 0 0 0 0 0 0 0 0 0 0 0 0 46 47 47 49 51 53 0 0 0 0 0 0 0 0 0 0 0 0 0 0 0 0 60 61 64 65 68 69 75 
68 66 64 64 64 64 64 65 65 65 65 65 66 66 66 66 66 65 64 66 68 69 70 72 73 73 74 74 75 75 72 71 70 67 58 0 0 0 0 0 0 0 0 0 0 0 0 0 0 0 0 0 0 0 0 0 0 0 0 0 0 0 0 0 0 0 0 0 0 70 78 82 84 87 89 89 88 88 89 90 90 83 73 68 60 47 39 0 0 0 0 0 0 0 0 0 0 0 0 0 0 0 0 0 0 0 0 0 0 0 0 0 0 0 0 0 0 0 0 0 0 0 51 68 78 80 80 86 84 75 0 0 0 0 0 0 0 0 0 0 0 0 0 0 0 0 0 0 0 0 0 0 0 0 0 0 0 0 0 0 0 0 0 0 0 0 0 0 0 60 61 64 65 67 70 78 
63 62 63 64 64 64 64 65 66 65 65 66 66 66 66 66 67 67 66 68 69 69 71 72 72 73 74 75 76 76 72 71 70 66 58 0 0 0 0 0 0 0 0 0 0 0 0 0 0 0 0 0 0 0 0 0 0 0 0 0 0 0 0 0 0 0 0 0 0 70 77 82 84 86 89 89 88 88 89 89 89 83 72 68 60 46 39 0 0 0 0 0 0 0 0 0 0 0 0 0 0 0 0 0 0 0 0 0 0 0 0 0 0 0 0 0 0 0 0 0 0 0 51 69 78 80 79 87 86 76 0 0 0 0 0 0 0 0 0 0 0 0 0 0 0 0 0 0 0 0 0 0 0 0 0 0 0 0 0 0 0 0 0 0 0 0 0 0 0 59 61 63 65 67 73 79 
58 62 63 64 64 64 65 65 65 65 65 65 65 66 66 67 68 69 69 70 70 71 71 72 72 73 74 75 75 75 72 71 70 67 59 0 0 0 0 0 0 0 0 0 0 0 0 0 0 0 0 0 0 0 0 0 0 0 0 0 0 0 0 0 0 0 0 0 0 69 77 81 83 86 88 88 88 88 89 89 89 82 73 69 60 46 39 0 0 0 0 0 0 0 0 0 0 0 0 0 0 0 0 0 0 0 0 0 0 0 0 0 0 0 0 0 0 0 0 0 0 0 51 69 78 80 81 88 88 80 0 0 0 0 0 0 0 0 0 0 0 0 0 0 0 0 0 0 0 0 0 0 0 0 0 0 0 0 0 0 0 0 0 0 0 0 0 0 0 60 62 63 65 68 68 75 
63 62 63 63 63 63 63 64 64 64 64 64 65 65 66 67 68 69 70 71 71 71 71 72 72 72 74 74 75 75 72 72 70 67 60 0 0 0 0 0 0 0 0 0 0 0 0 0 0 0 0 0 0 0 0 0 0 0 0 0 0 0 0 0 0 0 0 0 0 74 80 83 84 85 88 88 88 88 89 89 89 81 73 68 60 46 39 0 0 0 0 0 0 0 0 0 0 0 0 0 0 0 0 0 0 0 0 0 0 0 0 0 0 0 0 0 0 0 0 0 0 0 54 72 81 84 83 89 86 81 72 0 0 0 0 0 0 0 0 0 0 0 0 0 0 0 0 0 0 0 0 0 0 0 0 0 0 0 0 0 0 0 0 0 0 0 0 0 0 60 62 63 65 68 68 77 
59 63 62 63 63 63 63 64 64 64 64 64 64 64 64 65 66 66 67 68 68 69 70 70 70 71 72 73 74 74 72 71 70 68 61 0 0 0 0 0 0 0 0 0 0 0 0 0 0 0 0 0 0 0 0 0 0 0 0 0 0 0 0 0 0 0 0 0 0 74 79 82 84 84 87 88 88 88 89 89 89 81 72 68 60 45 38 0 0 0 0 0 0 0 0 0 0 0 0 0 0 0 0 0 0 0 0 0 0 0 0 0 0 0 0 0 0 0 0 0 0 0 56 73 82 86 86 91 89 83 75 67 59 59 59 61 63 64 60 56 53 0 0 0 0 0 0 0 0 0 0 0 0 0 0 0 0 0 0 0 0 0 0 0 0 0 0 0 0 61 63 63 65 67 74 77 
0 0 62 63 63 63 63 63 64 64 64 64 64 64 64 64 65 65 66 67 68 68 69 70 70 70 71 70 70 70 68 67 67 66 60 0 0 0 0 0 0 0 0 0 0 0 0 0 0 0 0 0 0 0 0 0 0 0 0 0 0 0 0 0 0 0 0 0 0 72 78 81 83 84 87 88 88 88 88 89 88 80 73 69 61 45 0 0 0 0 0 0 0 0 0 0 0 0 0 0 0 0 0 0 0 0 0 0 0 0 0 0 0 0 0 0 0 0 0 0 0 0 60 75 83 87 87 92 90 86 81 75 72 72 72 73 75 74 72 68 65 63 61 0 0 0 0 0 0 0 0 0 0 0 0 0 0 0 0 0 0 0 0 0 0 0 0 0 0 61 63 63 65 67 68 78 
0 0 63 64 63 63 62 62 63 63 63 63 63 63 63 63 64 64 64 65 66 67 68 69 69 70 69 68 68 68 66 66 66 65 60 0 0 0 0 0 0 0 0 0 0 0 0 0 0 0 0 0 0 0 0 0 0 0 0 0 0 0 0 0 0 0 0 0 0 69 76 78 80 81 85 85 86 86 86 86 86 79 74 70 63 47 0 0 0 0 0 0 0 0 0 0 0 0 0 0 0 0 0 0 0 0 0 0 0 0 0 0 0 0 0 0 0 0 0 0 0 0 62 75 82 86 87 92 90 87 83 78 76 75 74 74 74 73 71 68 65 63 61 58 0 0 0 0 0 0 0 0 0 0 0 0 0 0 0 0 0 0 0 0 0 0 0 0 0 0 63 63 65 68 75 76 
0 0 0 0 0 0 0 58 60 61 61 62 63 61 61 61 61 62 63 64 65 66 67 67 68 68 68 67 67 66 65 65 65 64 0 0 0 0 0 0 0 0 0 0 0 0 0 0 0 0 0 0 0 0 0 0 0 0 0 0 0 0 0 0 0 0 0 0 0 68 75 78 77 79 80 79 77 78 76 77 77 71 67 64 58 46 0 0 0 0 0 0 0 0 0 0 0 0 0 0 0 0 0 0 0 0 0 0 0 0 0 0 0 0 0 0 0 0 0 0 0 0 63 72 78 80 82 84 83 82 78 73 71 72 71 72 74 73 71 68 65 63 61 58 0 0 0 0 0 0 0 0 0 0 0 0 0 0 0 0 0 0 0 0 0 0 0 0 0 64 64 64 66 69 68 74 
0 0 0 0 0 0 0 0 0 0 0 0 0 0 0 0 0 54 56 59 61 62 64 64 65 65 64 62 61 61 60 61 61 62 0 0 0 0 0 0 0 0 0 0 0 0 0 0 0 0 0 0 0 0 0 0 0 0 0 0 0 0 0 0 0 0 0 0 0 0 74 76 75 77 78 76 75 75 73 74 74 69 66 64 59 47 0 0 0 0 0 0 0 0 0 0 0 0 0 0 0 0 0 0 0 0 0 0 0 0 0 0 0 0 0 0 0 0 0 0 0 0 0 72 77 79 80 83 83 82 79 74 72 72 71 72 74 73 71 68 65 63 61 58 0 0 0 0 0 0 0 0 0 0 0 0 0 0 0 0 0 0 0 0 0 0 0 0 0 63 63 64 66 69 72 82 
0 0 0 0 0 0 0 0 0 0 0 0 0 0 0 0 0 0 0 0 0 0 0 0 0 0 0 0 0 51 52 52 0 0 0 0 0 0 0 0 0 0 0 0 0 0 0 0 0 0 0 0 0 0 0 0 0 0 0 0 0 0 0 0 0 0 0 0 0 0 72 75 72 74 74 72 70 71 69 69 69 65 64 62 59 0 0 0 0 0 0 0 0 0 0 0 0 0 0 0 0 0 0 0 0 0 0 0 0 0 0 0 0 0 0 0 0 0 0 0 0 0 0 71 74 75 77 78 79 80 79 76 76 77 76 77 80 78 77 74 69 67 65 61 0 0 0 0 0 0 0 0 0 0 0 0 0 0 0 0 0 0 0 0 0 0 0 0 0 63 63 65 66 69 76 80 
0 0 0 0 0 0 0 0 0 0 0 0 0 0 0 0 0 0 0 0 0 0 0 0 0 0 0 0 0 0 0 0 0 0 0 0 0 0 0 0 0 0 0 0 0 0 0 0 0 0 0 0 0 0 0 0 0 0 0 0 0 0 0 0 0 0 0 0 0 0 0 0 65 67 66 63 60 61 59 59 60 58 57 57 55 0 0 0 0 0 0 0 0 0 0 0 0 0 0 0 0 0 0 0 0 0 0 0 0 0 0 0 0 0 0 0 0 0 0 0 0 0 0 0 68 68 70 70 71 72 72 69 70 72 69 70 74 71 69 67 64 63 0 0 0 0 0 0 0 0 0 0 0 0 0 0 0 0 0 0 0 0 0 0 0 0 0 0 62 62 63 65 66 70 72 72 
0 0 0 0 0 0 0 0 0 0 0 0 0 0 0 0 0 0 0 0 0 0 0 0 0 0 0 0 0 0 0 0 0 0 0 0 0 0 0 0 0 0 0 0 0 0 0 0 0 0 0 0 0 0 0 0 0 0 0 0 0 0 0 0 0 0 0 0 0 0 0 0 0 0 0 0 40 40 41 41 41 41 41 0 0 0 0 0 0 0 0 0 0 0 0 0 0 0 0 0 0 0 0 0 0 0 0 0 0 0 0 0 0 0 0 0 0 0 0 0 0 0 0 0 0 0 53 53 52 52 51 48 0 0 0 0 0 0 0 0 0 0 0 0 0 0 57 57 57 57 57 0 0 0 0 0 0 0 0 0 0 0 0 0 0 0 0 0 63 63 63 64 66 69 71 82 
0 0 0 0 0 0 0 0 0 0 0 0 0 0 0 0 0 0 0 0 0 0 0 0 0 0 0 0 0 0 0 0 0 0 0 0 0 0 0 0 0 0 0 0 0 0 0 0 0 0 0 0 0 0 0 0 0 0 0 0 0 0 0 0 0 0 0 0 0 0 0 0 0 0 0 0 0 0 0 0 0 0 0 0 0 0 0 0 0 0 0 0 0 0 0 0 0 0 0 0 0 0 0 0 0 0 0 0 0 0 0 0 0 0 0 0 0 0 0 0 0 0 0 0 0 0 0 0 0 0 0 0 0 0 0 0 0 0 0 0 0 0 0 0 0 0 57 57 57 57 57 0 0 0 0 0 0 0 0 0 0 0 0 0 0 0 0 0 61 62 62 64 66 69 74 82 
0 0 0 0 0 0 0 0 0 0 0 0 0 0 0 0 0 0 0 0 0 0 0 0 0 0 0 0 0 0 0 0 0 0 0 0 0 0 0 0 0 0 0 0 0 0 0 0 0 0 0 0 0 0 0 0 0 0 0 0 0 0 0 0 0 0 0 0 0 0 0 0 0 0 0 0 0 0 0 0 0 0 0 0 0 0 0 0 0 0 0 0 0 0 0 0 0 0 0 0 0 0 0 0 0 0 0 0 0 0 0 0 0 0 0 0 0 0 0 0 0 0 0 0 0 0 0 0 0 0 0 0 0 0 0 0 0 0 0 0 0 0 0 0 0 0 0 0 0 0 0 0 0 0 0 0 0 0 0 0 0 0 0 0 0 0 0 0 61 62 62 63 65 69 73 76 
0 0 0 0 0 0 0 0 0 0 0 0 0 0 0 0 0 0 0 0 0 0 0 0 0 0 0 0 0 0 0 0 0 0 0 0 0 0 0 0 0 0 0 0 0 0 0 0 0 0 0 0 0 0 0 0 0 0 0 0 0 0 0 0 0 0 0 0 0 0 0 0 0 0 0 0 0 0 0 0 0 0 0 0 0 0 0 0 0 0 0 0 0 0 0 0 0 0 0 0 0 0 0 0 0 0 0 0 0 0 0 0 0 0 0 0 0 0 0 0 0 0 0 0 0 0 0 0 0 0 0 0 0 0 0 0 0 0 0 0 0 0 0 0 0 0 0 0 0 0 0 0 0 0 0 0 0 0 0 0 0 0 0 0 0 0 0 0 62 62 62 63 65 69 74 82 
0 0 0 0 0 0 0 0 0 0 0 0 0 0 0 0 0 0 0 0 0 0 0 0 0 0 0 0 0 0 0 0 0 0 0 0 0 0 0 0 0 0 0 0 0 0 0 0 0 0 0 0 0 0 0 0 0 0 0 0 0 0 0 0 0 0 0 0 0 0 0 0 0 0 0 0 0 0 0 0 0 0 0 0 0 0 0 0 0 0 0 0 0 0 0 0 0 0 0 0 0 0 0 0 0 0 0 0 0 0 0 0 0 0 0 0 0 0 0 0 0 0 0 0 0 0 0 0 0 0 0 0 0 0 0 0 0 0 0 0 0 0 0 0 0 0 0 0 0 0 0 0 0 0 0 0 0 0 0 0 0 0 0 0 0 0 0 0 64 62 62 63 65 69 70 79 
0 0 0 0 0 0 0 0 0 0 0 0 0 0 0 0 0 0 0 0 0 0 0 0 0 0 0 0 0 0 0 0 0 0 0 0 0 0 0 0 0 0 0 0 0 0 0 0 0 0 0 0 0 0 0 0 0 0 0 0 0 0 0 0 0 0 0 0 0 0 0 0 0 0 0 0 0 0 0 0 0 0 0 0 0 0 0 0 0 0 0 0 0 0 0 0 0 0 0 0 0 0 0 0 0 0 0 0 0 0 0 0 0 0 0 0 0 0 0 0 0 0 0 0 0 0 0 0 0 0 0 0 0 0 0 0 0 0 0 0 0 0 0 0 0 0 0 0 0 0 0 0 0 0 0 0 0 0 0 0 0 0 0 0 0 0 0 0 0 62 62 63 65 69 70 82 
0 0 0 0 0 0 0 0 0 0 0 0 0 0 0 0 0 0 0 0 0 0 0 0 0 0 0 0 0 0 0 0 0 0 0 0 0 0 0 0 0 0 0 0 0 0 0 0 0 0 0 0 0 0 0 0 0 0 0 0 0 0 0 0 0 0 0 0 0 0 0 0 0 0 0 0 0 0 0 0 0 0 0 0 0 0 0 0 0 0 0 0 0 0 0 0 0 0 0 0 0 0 0 0 0 0 0 0 0 0 0 0 0 0 0 0 0 0 0 0 0 0 0 0 0 0 0 0 0 0 0 0 0 0 0 0 0 0 0 0 0 0 0 0 0 0 0 0 0 0 0 0 0 0 0 0 0 0 0 0 0 0 0 0 0 0 0 0 0 63 62 64 65 69 76 80 
0 0 0 0 0 0 0 0 0 0 0 0 0 0 0 0 0 0 0 0 0 0 0 0 0 0 0 0 0 0 0 0 0 0 0 0 0 0 0 0 0 0 0 0 0 0 0 0 0 0 0 0 0 0 0 0 0 0 0 0 0 0 0 0 0 0 0 0 0 0 0 0 0 0 0 0 0 0 0 0 0 0 0 0 0 0 0 0 0 0 0 0 0 0 0 0 0 0 0 0 0 0 0 0 0 0 0 0 0 0 0 0 0 0 0 0 0 0 0 0 0 0 0 0 0 0 0 0 0 0 0 0 0 0 0 0 0 0 0 0 0 0 0 0 0 0 0 0 0 0 0 0 0 0 0 0 0 0 0 0 0 0 0 0 0 0 0 0 0 0 62 65 66 69 61 71 
0 0 0 0 0 0 0 0 0 0 0 0 0 0 0 0 0 0 0 0 0 0 0 0 0 0 0 0 0 0 0 0 0 0 0 0 0 0 0 0 0 0 0 0 0 0 0 0 0 0 0 0 0 0 0 0 0 0 0 0 0 0 0 0 0 0 0 0 0 0 0 0 0 0 0 0 0 0 0 0 0 0 0 0 0 0 0 0 0 0 0 0 0 0 0 0 0 0 0 0 0 0 0 0 0 0 0 0 0 0 0 0 0 0 0 0 0 0 0 0 0 0 0 0 0 0 0 0 0 0 0 0 0 0 0 0 0 0 0 0 0 0 0 0 0 0 0 0 0 0 0 0 0 0 0 0 0 0 0 0 0 0 0 0 0 0 0 0 0 0 0 0 66 69 0 0 
0 0 0 0 0 0 0 0 0 0 0 0 0 0 0 0 0 0 0 0 0 0 0 0 0 0 0 0 0 0 0 0 0 0 0 0 0 0 0 0 0 0 0 0 0 0 0 0 0 0 0 0 0 0 0 0 0 0 0 0 0 0 0 0 0 0 0 0 0 0 0 0 0 0 0 0 0 0 0 0 0 0 0 0 0 0 0 0 0 0 0 0 0 0 0 0 0 0 0 0 0 0 0 0 0 0 0 0 0 0 0 0 0 0 0 0 0 0 0 0 0 0 0 0 0 0 0 0 0 0 0 0 0 0 0 0 0 0 0 0 0 0 0 0 0 0 0 0 0 0 0 0 0 0 0 0 0 0 0 0 0 0 0 0 0 0 0 0 0 0 0 0 0 0 0 0 
0 0 0 0 0 0 0 0 0 0 0 0 0 0 0 0 0 0 0 0 0 0 0 0 0 0 0 0 0 0 0 0 0 0 0 0 0 0 0 0 0 0 0 0 0 0 0 0 0 0 0 0 0 0 0 0 0 0 0 0 0 0 0 0 0 0 0 0 0 0 0 0 0 0 0 0 0 0 0 0 0 0 0 0 0 0 0 0 0 0 0 0 0 0 0 0 0 0 0 0 0 0 0 0 0 0 0 0 0 0 0 0 0 0 0 0 0 0 0 0 0 0 0 0 0 0 0 0 0 0 0 0 0 0 0 0 0 0 0 0 0 0 0 0 0 0 0 0 0 0 0 0 0 0 0 0 0 0 0 0 0 0 0 0 0 0 0 0 0 0 0 0 0 0 0 0 
0 0 0 0 0 0 0 0 0 0 0 0 0 0 0 0 0 0 0 0 0 0 0 0 0 0 0 0 0 0 0 0 0 0 0 0 0 0 0 0 0 0 0 0 0 0 0 0 0 0 0 0 0 0 0 0 0 0 0 0 0 0 0 0 0 0 0 0 0 0 0 0 0 0 0 0 0 0 0 0 0 0 0 0 0 0 0 0 0 0 0 0 0 0 0 0 0 0 0 0 0 0 0 0 0 0 0 0 0 0 0 0 0 0 0 0 0 0 0 0 0 0 0 0 0 0 0 0 0 0 0 0 0 0 0 0 0 0 0 0 0 0 0 0 0 0 0 0 0 0 0 0 0 0 0 0 0 0 0 0 0 0 0 0 0 0 0 0 0 0 0 0 0 0 0 0 
0 0 0 0 0 0 0 0 0 0 0 0 0 0 0 0 0 0 0 0 0 0 0 0 0 0 0 0 0 0 0 0 0 0 0 0 0 0 0 0 0 0 0 0 0 0 0 0 0 0 0 0 0 0 0 0 0 0 0 0 0 0 0 0 0 0 0 0 0 0 0 0 0 0 0 0 0 0 0 0 0 0 0 0 0 0 0 0 0 0 0 0 0 0 0 0 0 0 0 0 0 0 0 0 0 0 0 0 0 0 0 0 0 0 0 0 0 0 0 0 0 0 0 0 0 0 0 0 0 0 0 0 0 0 0 0 0 0 0 0 0 0 0 0 0 0 0 0 0 0 0 0 0 0 0 0 0 0 0 0 0 0 0 0 0 0 0 0 0 0 0 0 0 0 0 0 
0 0 0 0 0 0 0 0 0 0 0 0 0 0 0 0 0 0 0 0 0 0 0 0 0 0 0 0 0 0 0 0 0 0 0 0 0 0 0 0 0 0 0 0 0 0 0 0 0 0 0 0 0 0 0 0 0 0 0 0 0 0 0 0 0 0 0 0 0 0 0 0 0 0 0 0 0 0 0 0 0 0 0 0 0 0 0 0 0 0 0 0 0 0 0 0 0 0 0 0 0 0 0 0 0 0 0 0 0 0 0 0 0 0 0 0 0 0 0 0 0 0 0 0 0 0 0 0 0 0 0 0 0 0 0 0 0 0 0 0 0 0 0 0 0 0 0 0 0 0 0 0 0 0 0 0 0 0 0 0 0 0 0 0 0 0 0 0 0 0 0 0 0 0 0 0 
0 0 0 0 0 0 0 0 0 0 0 0 0 0 0 0 0 0 0 0 0 0 0 0 0 0 0 0 0 0 0 0 0 0 0 0 0 0 0 0 0 0 0 0 0 0 0 0 0 0 0 0 0 0 0 0 0 0 0 0 0 0 0 0 0 0 0 0 0 0 0 0 0 0 0 0 0 0 0 0 0 0 0 0 0 0 0 0 0 0 0 0 0 0 0 0 0 0 0 0 0 0 0 0 0 0 0 0 0 0 0 0 0 0 0 0 0 0 0 0 0 0 0 0 0 0 0 0 0 0 0 0 0 0 0 0 0 0 0 0 0 0 0 0 0 0 0 0 0 0 0 0 0 0 0 0 0 0 0 0 0 0 0 0 0 0 0 0 0 0 0 0 0 0 0 0 
0 0 0 0 0 0 0 0 0 0 0 0 0 0 0 0 0 0 0 0 0 0 0 0 0 0 0 0 0 0 0 0 0 0 0 0 0 0 0 0 0 0 0 0 0 0 0 0 0 0 0 0 0 0 0 0 0 0 0 0 0 0 0 0 0 0 0 0 0 0 0 0 0 0 0 0 0 0 0 0 0 0 0 0 0 0 0 0 0 0 0 0 0 0 0 0 0 0 0 0 0 0 0 0 0 0 0 0 0 0 0 0 0 0 0 0 0 0 0 0 0 0 0 0 0 0 0 0 0 0 0 0 0 0 0 0 0 0 0 0 0 0 0 0 0 0 0 0 0 0 0 0 0 0 0 0 0 0 0 0 0 0 0 0 0 0 0 0 0 0 0 0 0 0 0 0 
0 0 0 0 0 0 0 0 0 0 0 0 0 0 0 0 0 0 0 0 0 0 0 0 0 0 0 0 0 0 0 0 0 0 0 0 0 0 0 0 0 0 0 0 0 0 0 0 0 0 0 0 0 0 0 0 0 0 0 0 0 0 0 0 0 0 0 0 0 0 0 0 0 0 0 0 0 0 0 0 0 0 0 0 0 0 0 0 0 0 0 0 0 0 0 0 0 0 0 0 0 0 0 0 0 0 0 0 0 0 0 0 0 0 0 0 0 0 0 0 0 0 0 0 0 0 0 0 0 0 0 0 0 0 0 0 0 0 0 0 0 0 0 0 0 0 0 0 0 0 0 0 0 0 0 0 0 0 0 0 0 0 0 0 0 0 0 0 0 0 0 0 0 0 0 0 
0 0 0 0 0 0 0 0 0 0 0 0 0 0 0 0 0 0 0 0 0 0 0 0 0 0 0 0 0 0 0 0 0 0 0 0 0 0 0 0 0 0 0 0 0 0 0 0 0 0 0 0 0 0 0 0 0 0 0 0 0 0 0 0 0 0 0 0 0 0 0 0 0 0 0 0 0 0 0 0 0 0 0 0 0 0 0 0 0 0 0 0 0 0 0 0 0 0 0 0 0 0 0 0 0 0 0 0 0 0 0 0 0 0 0 0 0 0 0 0 0 0 0 0 0 0 0 0 0 0 0 0 0 0 0 0 0 0 0 0 0 0 0 0 0 0 0 0 0 0 0 0 0 0 0 0 0 0 0 0 0 0 0 0 0 0 0 0 0 0 0 0 0 0 0 0 
0 0 0 0 0 0 0 0 0 0 0 0 0 0 0 0 0 0 0 0 0 0 0 0 0 0 0 0 0 0 0 0 0 0 0 0 0 0 0 0 0 0 0 0 0 0 0 0 0 0 0 0 0 0 0 0 0 0 0 0 0 0 0 0 0 0 0 0 0 0 0 0 0 0 0 0 0 0 0 0 0 0 0 0 0 0 0 0 0 0 0 0 0 0 0 0 0 0 0 0 0 0 0 0 0 0 0 0 0 0 0 0 0 0 0 0 0 0 0 0 0 0 0 0 0 0 0 0 0 0 0 0 0 0 0 0 0 0 0 0 0 0 0 0 0 0 0 0 0 0 0 0 0 0 0 0 0 0 0 0 0 0 0 0 0 0 0 0 0 0 0 0 0 0 0 0 
0 0 0 0 0 0 0 0 0 0 0 0 0 0 0 0 0 0 0 0 0 0 0 0 0 0 0 0 0 0 0 0 0 0 0 0 0 0 0 0 0 0 0 0 0 0 0 0 0 0 0 0 0 0 0 0 0 0 0 0 0 0 0 0 0 0 0 0 0 0 0 0 0 0 0 0 0 0 0 0 0 0 0 0 0 0 0 0 0 0 0 0 0 0 0 0 0 0 0 0 0 0 0 0 0 0 0 0 0 0 0 0 0 0 0 0 0 0 0 0 0 0 0 0 0 0 0 0 0 0 0 0 0 0 0 0 0 0 0 0 0 0 0 0 0 0 0 0 0 0 0 0 0 0 0 0 0 0 0 0 0 0 0 0 0 0 0 0 0 0 0 0 0 0 0 0 
0 0 0 0 0 0 0 0 0 0 0 0 0 0 0 0 0 0 0 0 0 0 0 0 0 0 0 0 0 0 0 0 0 0 0 0 0 0 0 0 0 0 0 0 0 0 0 0 0 0 0 0 0 0 0 0 0 0 0 0 0 0 0 0 0 0 0 0 0 0 0 0 0 0 0 0 0 0 0 0 0 0 0 0 0 0 0 0 0 0 0 0 0 0 0 0 0 0 0 0 0 0 0 0 0 0 0 0 0 0 0 0 0 0 0 0 0 0 0 0 0 0 0 0 0 0 0 0 0 0 0 0 0 0 0 0 0 0 0 0 0 0 0 0 0 0 0 0 0 0 0 0 0 0 0 0 0 0 0 0 0 0 0 0 0 0 0 0 0 0 0 0 0 0 0 0 
0 0 0 0 0 0 0 0 0 0 0 0 0 0 0 0 0 0 0 0 0 0 0 0 0 0 0 0 0 0 0 0 0 0 0 0 0 0 0 0 0 0 0 0 0 0 0 0 0 0 0 0 0 0 0 0 0 0 0 0 0 0 0 0 0 0 0 0 0 0 0 0 0 0 0 0 0 0 0 0 0 0 0 0 0 0 0 0 0 0 0 0 0 0 0 0 0 0 0 0 0 0 0 0 0 0 0 0 0 0 0 0 0 0 0 0 0 0 0 0 0 0 0 0 0 0 0 0 0 0 0 0 0 0 0 0 0 0 0 0 0 0 0 0 0 0 0 0 0 0 0 0 0 0 0 0 0 0 0 0 0 0 0 0 0 0 0 0 0 0 0 0 0 0 0 0 
0 0 0 0 0 0 0 0 0 0 0 0 0 0 0 0 0 0 0 0 0 0 0 0 0 0 0 0 0 0 0 0 0 0 0 0 0 0 0 0 0 0 0 0 0 0 0 0 0 0 0 0 0 0 0 0 0 0 0 0 0 0 0 0 0 0 0 0 0 0 0 0 0 0 0 0 0 0 0 0 0 0 0 0 0 0 0 0 0 0 0 0 0 0 0 0 0 0 0 0 0 0 0 0 0 0 0 0 0 0 0 0 0 0 0 0 0 0 0 0 0 0 0 0 0 0 0 0 0 0 0 0 0 0 0 0 0 0 0 0 0 0 0 0 0 0 0 0 0 0 0 0 0 0 0 0 0 0 0 0 0 0 0 0 0 0 0 0 0 0 0 0 0 0 0 0 
0 0 0 0 0 0 0 0 0 0 0 0 0 0 0 0 0 0 0 0 0 0 0 0 0 0 0 0 0 0 0 0 0 0 0 0 0 0 0 0 0 0 0 0 0 0 0 0 0 0 0 0 0 0 0 0 0 0 0 0 0 0 0 0 0 0 0 0 0 0 0 0 0 0 0 0 0 0 0 0 0 0 0 0 0 0 0 0 0 0 0 0 0 0 0 0 0 0 0 0 0 0 0 0 0 0 0 0 0 0 0 0 0 0 0 0 0 0 0 0 0 0 0 0 0 0 0 0 0 0 0 0 0 0 0 0 0 0 0 0 0 0 0 0 0 0 0 0 0 0 0 0 0 0 0 0 0 0 0 0 0 0 0 0 0 0 0 0 0 0 0 0 0 0 0 0 
0 0 0 0 0 0 0 0 0 0 0 0 0 0 0 0 0 0 0 0 0 0 0 0 0 0 0 0 0 0 0 0 0 0 0 0 0 0 0 0 0 0 0 0 0 0 0 0 0 0 0 0 0 0 0 0 0 0 0 0 0 0 0 0 0 0 0 0 0 0 0 0 0 0 0 0 0 0 0 0 0 0 0 0 0 0 0 0 0 0 0 0 0 0 0 0 0 0 0 0 0 0 0 0 0 0 0 0 0 0 0 0 0 0 0 0 0 0 0 0 0 0 0 0 0 0 0 0 0 0 0 0 0 0 0 0 0 0 0 0 0 0 0 0 0 0 0 0 0 0 0 0 0 0 0 0 0 0 0 0 0 0 0 0 0 0 0 0 0 0 0 0 0 0 0 0 
0 0 0 0 0 0 0 0 0 0 0 0 0 0 0 0 0 0 0 0 0 0 0 0 0 0 0 0 0 0 0 0 0 0 0 0 0 0 0 0 0 0 0 0 0 0 0 0 0 0 0 0 0 0 0 0 0 0 0 0 0 0 0 0 0 0 0 0 0 0 0 0 0 0 0 0 0 0 0 0 0 0 0 0 0 0 0 0 0 0 0 0 0 0 0 0 0 0 0 0 0 0 0 0 0 0 0 0 0 0 0 0 0 0 0 0 0 0 0 0 0 0 0 0 0 0 0 0 0 0 0 0 0 0 0 0 0 0 0 0 0 0 0 0 0 0 0 0 0 0 0 0 0 0 0 0 0 0 0 0 0 0 0 0 0 0 0 0 0 0 0 0 0 0 0 0 
0 0 0 0 0 0 0 0 0 0 0 0 0 0 0 0 0 0 0 0 0 0 0 0 0 0 0 0 0 0 0 0 0 0 0 0 0 0 0 0 0 0 0 0 0 0 0 0 0 0 0 0 0 0 0 0 0 0 0 0 0 0 0 0 0 0 0 0 0 0 0 0 0 0 0 0 0 0 0 0 0 0 0 0 0 0 0 0 0 0 0 0 0 0 0 0 0 0 0 0 0 0 0 0 0 0 0 0 0 0 0 0 0 0 0 0 0 0 0 0 0 0 0 0 0 0 0 0 0 0 0 0 0 0 0 0 0 0 0 0 0 0 0 0 0 0 0 0 0 0 0 0 0 0 0 0 0 0 0 0 0 0 0 0 0 0 0 0 0 0 0 0 0 0 0 0 
0 0 0 0 0 0 0 0 0 0 0 0 0 0 0 0 0 0 0 0 0 0 0 0 0 0 0 0 0 0 0 0 0 0 0 0 0 0 0 0 0 0 0 0 0 0 0 0 0 0 0 0 0 0 0 0 0 0 0 0 0 0 0 0 0 0 0 0 0 0 0 0 0 0 0 0 0 0 0 0 0 0 0 0 0 0 0 0 0 0 0 0 0 0 0 0 0 0 0 0 0 0 0 0 0 0 0 0 0 0 0 0 0 0 0 0 0 0 0 0 0 0 0 0 0 0 0 0 0 0 0 0 0 0 0 0 0 0 0 0 0 0 0 0 0 0 0 0 0 0 0 0 0 0 0 0 0 0 0 0 0 0 0 0 0 0 0 0 0 0 0 0 0 0 0 0 
0 0 0 0 0 0 0 0 0 0 0 0 0 0 0 0 0 0 0 0 0 0 0 0 0 0 0 0 0 0 0 0 0 0 0 0 0 0 0 0 0 0 0 0 0 0 0 0 0 0 0 0 0 0 0 0 0 0 0 0 0 0 0 0 0 0 0 0 0 0 0 0 0 0 0 0 0 0 0 0 0 0 0 0 0 0 0 0 0 0 0 0 0 0 0 0 0 0 0 0 0 0 0 0 0 0 0 0 0 0 0 0 0 0 0 0 0 0 0 0 0 0 0 0 0 0 0 0 0 0 0 0 0 0 0 0 0 0 0 0 0 0 0 0 0 0 0 0 0 0 0 0 0 0 0 0 0 0 0 0 0 0 0 0 0 0 0 0 0 0 0 0 0 0 0 0 
0 0 0 0 0 0 0 0 0 0 0 0 0 0 0 0 0 0 0 0 0 0 0 0 0 0 0 0 0 0 0 0 0 0 0 0 0 0 0 0 0 0 0 0 0 0 0 0 0 0 0 0 0 0 0 0 0 0 0 0 0 0 0 0 0 0 0 0 0 0 0 0 0 0 0 0 0 0 0 0 0 0 0 0 0 0 0 0 0 0 0 0 0 0 0 0 0 0 0 0 0 0 0 0 0 0 0 0 0 0 0 0 0 0 0 0 0 0 0 0 0 0 0 0 0 0 0 0 0 0 0 0 0 0 0 0 0 0 0 0 0 0 0 0 0 0 0 0 0 0 0 0 0 0 0 0 0 0 0 0 0 0 0 0 0 0 0 0 0 0 0 0 0 0 0 0 
0 0 0 0 0 0 0 0 0 0 0 0 0 0 0 0 0 0 0 0 0 0 0 0 0 0 0 0 0 0 0 0 0 0 0 0 0 0 0 0 0 0 0 0 0 0 0 0 0 0 0 0 0 0 0 0 0 0 0 0 0 0 0 0 0 0 0 0 0 0 0 0 0 0 0 0 0 0 0 0 0 0 0 0 0 0 0 0 0 0 0 0 0 0 0 0 0 0 0 0 0 0 0 0 0 0 0 0 0 0 0 0 0 0 0 0 0 0 0 0 0 0 0 0 0 0 0 0 0 0 0 0 0 0 0 0 0 0 0 0 0 0 0 0 0 0 0 0 0 0 0 0 0 0 0 0 0 0 0 0 0 0 0 0 0 0 0 0 0 0 0 0 0 0 0 0 
0 0 0 0 0 0 0 0 0 0 0 0 0 0 0 0 0 0 0 0 0 0 0 0 0 0 0 0 0 0 0 0 0 0 0 0 0 0 0 0 0 0 0 0 0 0 0 0 0 0 0 0 0 0 0 0 0 0 0 0 0 0 0 0 0 0 0 0 0 0 0 0 0 0 0 0 0 0 0 0 0 0 0 0 0 0 0 0 0 0 0 0 0 0 0 0 0 0 0 0 0 0 0 0 0 0 0 0 0 0 0 0 0 0 0 0 0 0 0 0 0 0 0 0 0 0 0 0 0 0 0 0 0 0 0 0 0 0 0 0 0 0 0 0 0 0 0 0 0 0 0 0 0 0 0 0 0 0 0 0 0 0 0 0 0 0 0 0 0 0 0 0 0 0 0 0 
0 0 0 0 0 0 0 0 0 0 0 0 0 0 0 0 0 0 0 0 0 0 0 0 0 0 0 0 0 0 0 0 0 0 0 0 0 0 0 0 0 0 0 0 0 0 0 0 0 0 0 0 0 0 0 0 0 0 0 0 0 0 0 0 0 0 0 0 0 0 0 0 0 0 0 0 0 0 0 0 0 0 0 0 0 0 0 0 0 0 0 0 0 0 0 0 0 0 0 0 0 0 0 0 0 0 0 0 0 0 0 0 0 0 0 0 0 0 0 0 0 0 0 0 0 0 0 0 0 0 0 0 0 0 0 0 0 0 0 0 0 0 0 0 0 0 0 0 0 0 0 0 0 0 0 0 0 0 0 0 0 0 0 0 0 0 0 0 0 0 0 0 0 0 0 0 
0 0 0 0 0 0 0 0 0 0 0 0 0 0 0 0 0 0 0 0 0 0 0 0 0 0 0 0 0 0 0 0 0 0 0 0 0 0 0 0 0 0 0 0 0 0 0 0 0 0 0 0 0 0 0 0 0 0 0 0 0 0 0 0 0 0 0 0 0 0 0 0 0 0 0 0 0 0 0 0 0 0 0 0 0 0 0 0 0 0 0 0 0 0 0 0 0 0 0 0 0 0 0 0 0 0 0 0 0 0 0 0 0 0 0 0 0 0 0 0 0 0 0 0 0 0 0 0 0 0 0 0 0 0 0 0 0 0 0 0 0 0 0 0 0 0 0 0 0 0 0 0 0 0 0 0 0 0 0 0 0 0 0 0 0 0 0 0 0 0 0 0 0 0 0 0 
