86 85 89 83 91 92 89 97 85 92 83 88 83 85 89 84 86 84 85 79 82 83 80 82 80 80 83 84 89 81 79 92 84 87 84 81 76 73 75 79 81 86 83 83 83 79 87 80 86 75 81 79 79 83 82 78 81 80 78 80 80 76 75 68 75 79 76 79 78 83 79 82 82 82 83 77 83 77 86 83 83 80 84 84 84 83 78 83 68 65 73 81 78 76 80 79 77 75 81 80 81 81 81 80 80 81 82 84 86 84 85 83 84 76 71 73 82 81 90 87 95 87 89 86 95 90 91 93 92 91 96 92 89 90 92 95 93 92 94 88 91 87 95 100 95 103 104 101 97 99 102 103 105 113 110 109 112 109 102 85 79 84 91 82 82 86 83 85 81 82 84 95 92 102 99 100 
85 87 84 86 94 87 82 80 90 89 80 78 78 74 77 76 76 81 83 82 88 86 89 77 84 90 86 84 82 84 79 86 85 81 87 79 81 73 69 76 81 77 81 74 74 75 76 81 77 76 82 79 75 78 77 78 79 81 74 83 73 78 79 66 74 77 77 80 81 83 77 82 80 80 78 83 80 80 81 85 81 84 80 84 78 83 82 84 72 72 77 79 82 86 82 80 81 79 78 79 82 79 81 83 79 88 85 80 82 85 81 78 81 82 66 73 84 85 83 87 87 89 88 89 86 91 87 90 88 86 88 93 90 96 96 93 91 93 89 82 85 98 94 96 93 97 96 99 98 103 103 107 107 108 110 116 105 100 88 78 79 81 78 83 82 83 74 83 75 90 82 87 101 98 102 105 
89 89 84 84 84 84 84 85 84 84 83 82 81 80 79 80 81 81 82 83 83 82 82 82 82 82 83 82 82 82 82 81 81 81 81 79 78 76 75 75 75 76 76 77 78 77 78 77 78 77 77 77 77 77 77 78 77 77 77 76 76 75 74 74 74 74 75 77 78 78 78 79 79 79 79 79 79 79 80 80 80 81 80 81 81 81 79 77 76 75 75 77 78 79 79 79 78 79 79 79 80 80 80 80 80 81 81 81 82 82 82 80 78 77 78 78 80 83 84 85 85 86 86 87 87 88 88 88 89 90 90 91 92 92 92 92 91 90 89 89 90 92 94 96 96 97 98 99 99 101 103 104 105 105 103 100 95 90 86 82 81 80 79 79 79 78 79 80 81 84 86 88 92 96 99 100 
86 86 83 83 83 82 82 83 83 83 82 81 80 79 78 78 78 79 81 81 81 81 81 81 81 81 82 81 81 81 81 79 80 80 79 79 78 76 75 73 73 73 73 74 76 76 76 76 76 76 76 76 76 76 75 75 75 75 75 75 75 74 73 73 73 74 75 78 78 78 79 79 79 79 80 80 80 80 81 81 82 82 82 83 83 83 82 81 80 79 79 80 81 82 82 82 82 82 82 82 83 83 83 83 83 83 83 83 84 84 84 82 80 79 80 80 82 84 85 85 85 85 85 86 86 86 87 87 88 88 88 89 90 90 90 90 89 88 88 89 90 92 93 95 95 96 97 99 99 101 103 104 103 102 98 94 89 84 81 79 78 77 77 77 76 76 77 77 79 82 84 87 91 95 100 105 
75 75 82 82 81 81 81 81 82 82 82 81 81 79 78 78 78 78 79 79 79 79 80 79 80 80 81 80 80 79 79 78 78 78 78 78 77 76 74 72 72 72 72 73 74 74 75 75 75 75 75 75 75 75 75 75 75 76 76 76 77 77 76 77 78 79 79 81 82 82 83 84 84 84 84 84 84 85 85 85 86 86 86 87 87 87 86 86 85 85 85 86 86 87 87 87 87 87 87 87 88 87 88 88 87 88 88 88 88 89 89 87 86 86 87 87 88 90 89 89 89 89 89 89 89 89 89 89 90 90 90 90 90 90 90 89 88 88 88 89 90 92 93 94 94 94 96 97 98 100 101 101 100 97 93 88 83 80 78 77 77 76 75 75 74 73 75 75 77 80 82 84 89 94 96 100 
77 79 80 80 79 79 79 80 81 81 81 81 80 79 77 76 76 76 76 76 77 77 77 78 78 78 79 78 78 77 77 76 77 76 76 76 75 75 74 72 72 72 72 73 75 76 76 77 77 77 78 78 78 79 79 79 80 81 81 81 82 82 81 82 82 83 84 85 86 87 87 88 88 88 88 89 89 89 89 90 90 90 90 91 92 92 92 91 91 90 90 90 91 91 90 91 91 91 92 92 92 92 93 92 92 93 93 93 94 94 94 93 92 92 93 93 94 95 94 93 94 93 93 94 94 94 94 94 94 94 93 94 94 94 93 93 92 92 92 92 93 94 95 95 95 96 97 98 99 100 100 100 97 93 88 83 79 77 76 76 76 76 74 73 72 70 0 71 75 79 81 83 88 93 97 112 
89 78 78 79 79 79 79 79 79 79 79 79 78 77 76 75 75 74 74 74 74 74 75 75 76 76 76 76 76 76 76 75 76 76 75 76 76 76 76 76 75 76 76 76 78 79 79 80 81 81 82 82 83 83 84 84 85 86 86 86 86 86 86 87 87 88 89 89 90 91 91 92 92 92 93 93 93 94 93 94 94 94 94 95 96 96 96 97 96 96 95 95 95 95 95 95 96 96 96 97 96 96 97 97 97 98 98 98 98 98 98 98 98 98 99 98 100 100 99 99 99 99 98 99 99 98 98 98 97 97 97 98 98 98 97 97 96 96 97 97 97 98 99 99 100 100 101 102 102 104 103 101 97 92 85 80 77 75 75 75 75 75 74 73 71 0 0 71 74 77 80 82 87 92 100 102 
75 79 78 78 78 77 77 77 77 77 77 77 77 77 76 75 74 73 72 71 71 72 73 73 74 75 75 76 76 77 77 78 78 78 78 79 79 80 80 80 80 80 80 81 82 83 83 84 84 85 86 86 86 87 87 87 88 89 89 90 91 90 91 92 93 93 94 95 95 96 96 97 97 97 97 98 98 99 98 99 99 99 99 100 100 100 100 101 101 101 100 101 101 101 100 101 101 101 101 101 101 101 102 102 102 103 103 104 104 104 104 103 104 104 104 104 105 104 104 104 104 104 104 104 104 103 103 103 102 102 102 102 102 102 102 102 102 102 102 102 102 102 102 102 103 104 105 106 107 108 107 103 98 92 84 79 75 74 73 73 72 72 72 72 0 0 0 0 73 76 78 81 85 90 97 98 
75 79 77 77 76 76 75 75 75 75 75 75 75 75 74 73 73 72 72 72 72 72 74 75 75 76 77 77 78 79 79 80 81 81 81 81 81 82 83 83 84 85 85 85 86 87 87 88 89 89 90 90 90 91 92 92 93 94 94 95 95 96 96 97 97 97 98 98 98 99 99 99 100 100 100 100 101 101 100 101 101 101 101 102 102 102 102 102 102 102 101 102 102 102 102 102 102 102 102 103 103 103 103 104 104 105 105 106 106 106 106 106 106 107 108 108 108 108 108 108 109 109 109 109 109 109 108 107 107 107 107 107 107 108 107 107 107 107 106 106 106 106 106 105 106 107 108 109 111 112 112 107 100 93 85 78 75 73 72 72 71 71 72 0 0 0 0 0 73 76 78 80 84 88 96 94 
0 73 74 75 74 74 74 74 73 73 74 74 74 74 74 74 74 74 74 75 75 75 76 77 77 78 79 79 80 81 81 82 83 83 83 84 84 86 86 87 88 89 89 90 90 91 92 92 92 93 94 94 94 95 95 96 96 97 97 97 97 97 97 97 97 97 97 98 98 99 98 99 99 99 99 99 100 100 100 100 100 100 101 101 101 102 102 102 102 101 101 101 101 101 101 102 101 101 102 102 102 103 103 103 104 104 105 105 105 105 105 105 105 106 106 107 107 107 107 108 109 109 109 110 109 109 109 108 109 109 109 110 111 111 111 111 111 111 110 110 110 110 109 109 110 111 112 113 115 116 116 111 103 95 87 78 74 73 71 70 69 70 0 0 0 0 0 0 73 76 77 79 82 86 96 97 
72 79 73 74 73 73 73 74 73 74 74 74 74 75 75 75 75 75 76 77 77 78 79 79 79 80 81 82 83 84 85 85 86 86 86 87 87 89 89 90 91 91 92 92 92 93 93 93 93 94 94 94 94 95 95 95 95 96 96 96 96 97 96 96 96 96 96 97 96 97 97 97 97 98 98 98 99 99 99 99 100 100 100 101 100 100 100 100 100 99 99 99 99 99 99 100 100 100 100 100 100 101 101 101 102 102 103 103 103 103 103 103 103 104 105 105 105 106 106 107 108 108 108 109 108 108 108 107 108 108 109 110 110 111 111 111 111 111 111 110 110 111 111 111 112 112 114 116 117 119 120 114 106 98 88 78 74 71 70 68 67 0 0 0 0 0 0 0 72 75 76 79 81 85 82 90 
72 71 73 73 73 73 74 75 74 75 76 76 76 77 77 77 77 77 78 79 80 80 81 82 82 83 84 85 86 86 87 87 88 88 89 89 89 90 90 90 91 91 91 91 91 92 92 92 92 93 93 93 93 93 93 93 93 93 92 92 92 93 91 91 91 91 91 92 92 93 93 93 93 94 95 96 97 98 98 99 99 99 100 99 98 96 95 93 93 92 92 92 92 92 92 93 93 93 93 93 94 94 95 95 96 96 97 97 97 97 97 97 97 97 98 98 98 99 99 100 101 102 103 104 105 106 106 107 107 108 108 109 109 110 110 110 110 109 109 109 109 109 109 109 110 110 112 114 116 117 119 115 107 98 89 79 73 70 69 67 0 0 0 0 0 0 0 0 70 73 75 77 79 84 88 97 
73 79 74 75 74 75 75 76 76 77 77 77 77 79 79 79 79 80 80 82 83 83 84 85 85 85 86 86 87 87 87 87 87 88 88 89 89 89 89 89 89 89 89 89 88 89 88 87 87 88 88 88 88 88 87 86 85 86 87 88 89 91 90 90 89 89 89 90 90 91 91 90 90 92 93 94 96 98 98 98 99 99 99 97 96 94 92 90 91 90 90 89 89 89 90 91 91 91 91 91 92 92 93 93 93 94 95 95 95 95 96 96 96 96 96 96 96 97 97 99 100 100 99 99 100 102 103 105 107 108 108 108 109 109 109 109 109 109 109 108 109 108 108 109 109 109 110 112 113 115 117 114 106 99 90 79 72 69 67 0 0 0 0 0 0 0 0 0 70 73 75 76 79 83 95 97 
76 76 75 75 75 76 77 78 78 79 79 80 80 81 81 81 81 82 82 83 84 84 85 84 85 85 86 86 86 86 86 86 87 87 87 86 86 86 85 84 83 83 84 84 85 87 86 85 85 86 86 86 87 87 85 84 83 84 84 86 87 90 88 88 87 87 87 88 88 89 90 86 86 89 90 91 96 98 97 98 98 99 98 95 94 92 89 86 87 87 87 86 86 86 86 87 88 87 88 88 88 88 89 89 90 91 92 92 93 92 93 93 93 93 93 92 92 93 93 95 97 98 96 95 97 99 101 104 107 107 108 108 108 108 109 108 109 108 108 108 108 108 108 108 108 108 109 110 111 112 115 112 105 99 91 80 71 67 0 0 0 0 0 0 0 0 0 0 69 72 74 75 78 82 84 95 
74 83 78 78 78 78 78 79 80 81 81 82 82 82 82 82 82 82 82 82 83 84 84 84 84 85 85 85 86 86 86 86 87 86 86 85 85 83 84 83 81 81 82 83 83 86 84 83 83 83 83 84 84 84 82 80 79 80 80 82 84 86 85 84 82 82 82 84 84 85 86 80 82 86 88 90 95 97 97 98 98 99 98 94 91 88 84 79 80 80 80 79 79 79 79 80 81 81 81 81 82 82 83 84 84 85 86 87 87 87 88 88 88 88 87 86 86 87 87 89 91 92 90 89 93 96 99 102 106 107 107 107 108 108 108 108 108 108 108 108 108 108 108 108 108 108 108 109 110 111 113 112 104 99 93 83 70 0 0 0 0 0 0 0 0 0 0 0 69 71 74 76 78 82 89 90 
82 81 79 79 79 80 80 81 81 81 81 81 81 82 82 82 82 82 82 82 82 83 84 84 84 85 85 85 85 85 85 86 86 85 85 84 83 81 82 81 79 79 79 79 81 83 81 80 79 79 79 79 80 79 76 74 71 71 71 72 75 78 75 73 70 69 71 74 75 77 79 71 77 83 87 89 95 97 97 98 98 98 97 92 90 86 79 70 68 66 66 66 65 64 65 66 67 67 67 68 69 70 72 73 73 74 76 77 77 78 79 79 77 76 75 72 72 73 74 77 79 80 77 79 88 93 96 100 106 106 106 107 107 107 107 107 108 108 108 108 108 107 107 107 107 107 107 107 107 109 111 110 103 100 96 87 72 0 0 0 0 0 0 0 0 0 0 0 0 70 74 75 77 80 82 90 
78 82 80 80 80 80 80 80 80 80 80 81 81 81 81 82 81 81 81 80 81 82 83 83 84 84 85 85 85 85 85 86 86 84 83 81 79 76 77 76 73 71 71 72 72 75 73 67 65 65 64 65 69 67 64 60 57 54 0 0 0 0 0 0 0 0 0 0 0 0 0 66 78 85 87 90 96 97 97 97 97 98 97 91 90 87 81 69 0 0 0 0 0 0 0 0 0 0 0 0 0 0 0 0 0 0 0 0 0 0 0 0 0 0 0 0 0 0 0 0 0 0 0 69 84 91 95 99 106 106 106 106 107 107 107 107 107 107 107 107 108 107 107 107 106 106 106 106 106 108 109 110 103 101 98 90 73 0 0 0 0 0 0 0 0 0 0 0 0 71 73 75 77 80 84 88 
81 80 79 79 79 79 79 79 80 80 80 81 81 81 81 81 80 80 79 77 78 80 80 81 83 84 84 84 84 84 85 85 85 82 81 79 75 68 67 66 62 59 0 0 0 0 0 0 0 0 0 0 0 0 0 0 0 0 0 0 0 0 0 0 0 0 0 0 0 0 0 69 80 85 87 90 95 96 96 97 96 97 96 91 89 86 81 69 0 0 0 0 0 0 0 0 0 0 0 0 0 0 0 0 0 0 0 0 0 0 0 0 0 0 0 0 0 0 0 0 0 0 0 72 86 93 96 98 105 106 106 106 106 106 106 107 107 107 107 106 107 107 106 106 106 105 105 105 105 107 108 108 102 101 98 91 74 0 0 0 0 0 0 0 0 0 0 0 0 69 72 74 76 78 79 89 
78 79 78 78 78 79 78 79 79 79 80 80 80 81 81 81 78 78 77 74 75 78 79 80 82 83 83 83 84 84 84 85 85 81 80 78 73 63 0 0 0 0 0 0 0 0 0 0 0 0 0 0 0 0 0 0 0 0 0 0 0 0 0 0 0 0 0 0 0 0 0 70 80 86 88 90 95 96 96 96 96 96 96 90 89 86 81 69 0 0 0 0 0 0 0 0 0 0 0 0 0 0 0 0 0 0 0 0 0 0 0 0 0 0 0 0 0 0 0 0 0 0 0 73 86 93 96 98 104 106 106 106 106 106 106 106 106 106 107 106 106 106 105 105 105 105 104 104 104 106 107 109 103 102 99 93 76 0 0 0 0 0 0 0 0 0 0 0 0 68 72 74 76 79 83 83 
74 75 77 77 77 78 78 78 79 78 78 79 80 80 80 80 78 76 74 72 73 75 78 79 82 83 83 83 84 84 84 85 85 80 79 77 72 60 0 0 0 0 0 0 0 0 0 0 0 0 0 0 0 0 0 0 0 0 0 0 0 0 54 52 52 51 0 0 0 0 0 71 81 86 88 90 95 96 95 96 95 95 95 89 87 85 79 66 0 0 0 0 0 0 0 0 0 0 0 0 0 0 0 0 0 0 0 0 0 0 0 0 0 0 0 0 0 0 0 0 0 0 0 74 87 93 96 98 104 106 105 106 106 106 106 106 106 106 106 105 105 105 104 104 104 104 103 103 104 105 106 108 102 102 99 94 78 0 0 0 0 0 0 0 0 0 0 0 0 69 72 73 75 78 81 91 
78 75 76 76 77 77 77 78 78 78 78 79 79 80 79 79 77 75 72 69 71 74 77 79 82 82 83 83 84 84 84 85 85 80 79 77 71 59 0 0 0 0 0 0 0 0 0 0 0 0 0 0 0 0 0 0 0 0 0 0 0 54 53 51 51 50 48 0 0 0 0 69 80 85 87 89 95 95 95 96 95 95 95 89 87 84 79 66 0 0 0 0 0 0 0 0 0 0 0 0 0 0 0 0 0 0 0 0 0 0 0 0 0 0 0 0 0 0 0 0 0 0 0 75 86 93 96 98 104 106 106 106 106 105 106 106 106 105 105 104 104 104 104 104 103 103 103 103 103 104 105 107 102 99 97 91 75 0 0 0 0 0 0 0 0 0 0 0 0 0 71 72 75 78 82 95 
80 74 75 76 76 76 77 78 78 77 78 78 79 79 79 78 75 72 69 66 68 73 76 79 81 82 82 83 84 84 84 85 84 80 80 77 71 0 0 0 0 0 0 0 0 0 0 0 0 0 0 0 0 0 0 0 0 0 0 0 52 55 53 52 51 51 48 45 0 0 0 68 79 85 87 89 95 95 95 96 95 95 95 89 87 84 79 65 0 0 0 0 0 0 0 0 0 0 0 0 0 0 0 0 0 0 0 0 0 0 0 0 0 0 0 0 0 0 0 0 0 0 0 77 87 93 96 98 103 105 105 106 106 105 106 106 105 105 105 104 104 104 104 104 103 103 103 102 102 103 104 106 102 98 96 90 75 0 0 0 0 0 0 0 0 0 0 0 0 0 70 71 74 77 84 81 
73 75 75 76 76 76 76 77 77 77 78 77 78 79 78 77 75 73 70 69 72 75 78 80 82 82 82 83 84 84 85 86 84 81 81 78 72 0 0 0 0 0 0 0 0 0 0 0 0 0 0 0 0 0 0 0 0 0 0 0 52 55 53 52 51 51 48 45 0 0 0 65 77 84 87 89 95 96 95 95 95 95 95 89 87 84 78 64 0 0 0 0 0 0 0 0 0 0 0 0 0 0 0 0 0 0 0 0 0 0 0 0 0 0 0 0 0 0 0 0 0 0 0 75 85 91 94 96 102 104 105 105 105 105 105 105 105 105 105 104 104 104 103 104 103 103 103 102 102 103 104 106 103 97 96 90 76 0 0 0 0 0 0 0 0 0 0 0 0 0 71 72 74 77 79 85 
73 77 75 75 75 75 76 77 77 77 77 77 77 78 78 77 76 74 73 72 75 77 80 81 83 83 83 83 84 84 85 85 84 82 81 79 73 0 0 0 0 0 0 0 0 0 0 0 0 0 0 0 0 0 0 0 0 0 0 0 52 55 54 52 52 51 48 45 0 0 0 66 78 84 87 89 95 96 95 95 95 95 95 89 87 84 78 64 0 0 0 0 0 0 0 0 0 0 0 0 0 0 0 0 0 0 0 0 0 0 0 0 0 0 0 0 0 0 0 0 0 0 0 71 82 90 93 96 102 104 104 105 105 105 105 105 104 105 105 104 104 104 104 104 103 103 103 102 102 103 104 105 104 97 95 89 77 58 0 0 0 0 0 0 0 0 0 0 0 0 71 71 73 75 74 87 
73 77 74 75 74 74 75 76 76 77 77 77 77 78 77 77 76 75 74 74 76 79 80 81 82 82 82 83 84 84 84 85 83 82 82 80 74 0 0 0 0 0 0 0 0 0 0 0 0 0 0 0 0 0 0 0 0 0 0 0 0 54 53 52 51 50 47 46 0 0 0 64 78 84 87 89 95 96 95 95 95 96 94 89 87 84 79 65 0 0 0 0 0 0 0 0 0 0 0 0 0 0 0 0 0 0 0 0 0 0 0 0 0 0 0 0 0 0 0 0 0 0 0 67 80 87 92 94 101 104 104 105 105 105 105 105 104 105 105 105 104 104 104 104 103 104 103 102 102 102 104 105 105 97 95 90 80 62 0 0 0 0 0 0 0 0 0 0 0 0 71 72 74 76 74 76 
73 73 73 73 73 73 74 74 75 76 77 77 77 77 77 77 75 75 75 75 77 79 80 82 82 82 82 82 83 83 84 84 82 82 81 79 72 0 0 0 0 0 0 0 0 0 0 0 0 0 0 0 0 0 0 0 0 0 0 0 0 0 0 53 51 51 0 0 0 0 0 65 79 84 87 89 95 96 96 95 95 96 94 88 87 83 76 62 0 0 0 0 0 0 0 0 0 0 0 0 0 0 0 0 0 0 0 0 0 0 0 0 0 0 0 0 0 0 0 0 0 0 0 63 77 86 90 93 101 104 105 105 105 105 105 105 105 105 105 105 105 105 104 104 104 104 103 103 102 102 103 105 105 97 96 92 83 65 0 0 0 0 0 0 0 0 0 0 0 0 70 71 73 75 77 80 
70 76 74 74 74 73 74 74 74 75 75 76 76 77 76 76 76 77 77 78 79 80 81 82 82 83 82 82 83 83 84 84 82 81 80 78 71 0 0 0 0 0 0 0 0 0 0 0 0 0 0 0 0 0 0 0 0 0 0 0 0 0 0 0 0 0 0 0 0 0 0 66 79 84 87 89 95 96 96 96 96 96 95 88 87 83 76 61 0 0 0 0 0 0 0 0 0 0 0 0 0 0 0 0 0 0 0 0 0 0 0 0 0 0 0 0 0 0 0 0 0 0 0 60 75 84 89 92 101 104 105 105 104 104 104 105 104 105 105 105 105 104 104 104 103 103 103 103 103 103 103 105 105 98 97 93 86 68 0 0 0 0 0 0 0 0 0 0 0 0 71 72 73 75 81 78 
70 71 74 73 74 73 73 74 74 75 75 76 76 77 76 76 76 77 77 78 79 81 81 81 82 82 82 82 82 83 83 84 81 81 79 77 69 0 0 0 0 0 0 0 0 0 0 0 0 0 0 0 0 0 0 0 0 0 0 0 0 0 0 0 0 0 0 0 0 0 0 66 80 84 88 89 95 96 96 96 96 96 95 88 86 83 75 60 0 0 0 0 0 0 0 0 0 0 0 0 0 0 0 0 0 0 0 0 0 0 0 0 0 0 0 0 0 0 0 0 0 0 0 57 74 83 89 92 102 105 105 105 105 104 104 104 104 105 105 105 104 104 104 103 103 102 102 102 103 102 103 104 104 98 97 95 88 71 0 0 0 0 0 0 0 0 0 0 0 0 0 71 73 74 73 79 
73 73 74 73 74 73 73 73 74 75 75 75 76 76 75 76 76 76 77 78 79 80 80 81 81 82 82 82 82 83 83 84 81 80 79 76 67 0 0 0 0 0 0 0 0 0 0 0 0 0 0 0 0 0 0 0 0 0 0 0 0 0 0 0 0 0 0 0 0 0 0 65 79 84 87 89 95 96 96 96 96 96 95 88 86 83 75 59 0 0 0 0 0 0 0 0 0 0 0 0 0 0 0 0 0 0 0 0 0 0 0 0 0 0 0 0 0 0 0 0 0 0 0 55 72 82 88 91 101 104 105 104 104 104 104 104 104 105 105 104 104 104 103 102 102 102 102 102 102 102 102 103 104 98 97 95 89 72 0 0 0 0 0 0 0 0 0 0 0 0 0 71 72 74 75 80 
76 73 74 74 75 74 73 74 74 74 74 75 75 75 75 75 76 76 77 77 78 79 80 81 81 82 82 82 82 83 84 84 81 80 79 75 65 0 0 0 0 0 0 0 0 0 0 0 0 0 0 0 0 0 0 0 0 0 0 0 0 0 0 0 0 0 0 0 0 0 0 68 80 85 88 89 95 96 96 96 96 96 95 88 86 82 75 59 0 0 0 0 0 0 0 0 0 0 0 0 0 0 0 0 0 0 0 0 0 0 0 0 0 0 0 0 0 0 0 0 0 0 0 52 71 81 87 91 102 104 104 104 104 103 104 104 104 104 104 104 104 103 103 102 101 101 101 101 102 102 102 103 104 98 97 95 89 71 0 0 0 0 0 0 0 0 0 0 0 0 0 68 70 72 70 78 
77 72 74 74 74 74 74 74 74 74 74 75 75 75 75 76 76 76 77 78 78 79 79 80 80 81 81 82 82 83 84 84 81 81 79 76 67 0 0 0 0 0 0 0 0 0 0 0 0 0 0 0 0 0 0 0 0 0 0 0 0 0 0 0 0 0 0 0 0 0 0 69 81 86 89 90 95 96 96 96 96 96 95 88 86 82 75 60 0 0 0 0 0 0 0 0 0 0 0 0 0 0 0 0 0 0 0 0 0 0 0 0 0 0 0 0 0 0 0 0 0 0 0 49 69 80 86 90 101 104 104 103 103 103 104 103 104 104 103 103 103 103 102 102 101 101 101 101 101 102 102 103 105 99 98 97 91 73 0 0 0 0 0 0 0 0 0 0 0 0 0 69 70 72 71 72 
67 76 73 73 74 74 74 74 75 75 75 75 76 76 75 76 76 77 77 78 78 79 79 80 80 81 81 82 82 83 83 84 80 80 78 75 65 0 0 0 0 0 0 0 0 0 0 0 0 0 0 0 0 0 0 0 0 0 0 0 0 0 0 0 0 0 0 0 0 0 0 70 82 86 89 90 96 96 96 96 96 96 94 87 85 81 74 60 0 0 0 0 0 0 0 0 0 0 0 0 0 0 0 0 0 0 0 0 0 0 0 0 0 0 0 0 0 0 0 0 0 0 0 48 69 81 87 91 100 104 104 104 104 104 104 104 104 104 103 103 103 103 102 101 101 101 101 101 101 101 102 103 105 100 100 99 94 76 0 0 0 0 0 0 0 0 0 0 0 0 0 68 70 71 72 79 
69 76 73 73 74 74 74 74 74 74 74 75 75 75 75 76 76 77 78 78 78 79 79 80 81 82 82 82 82 82 83 83 80 79 78 75 66 0 0 0 0 0 0 0 0 0 0 0 0 0 0 0 0 0 0 0 0 0 0 0 0 0 0 0 0 0 0 0 0 0 0 72 83 87 89 91 96 96 96 96 97 96 95 87 85 81 74 59 0 0 0 0 0 0 0 0 0 0 0 0 0 0 0 0 0 0 0 0 0 0 0 0 0 0 0 0 0 0 0 0 0 0 0 0 71 83 89 92 100 103 103 104 104 104 105 104 104 104 104 103 103 103 102 101 101 101 101 101 101 101 102 103 106 101 101 100 96 78 0 0 0 0 0 0 0 0 0 0 0 0 0 67 69 71 78 75 
73 72 72 72 73 74 73 73 74 73 74 75 75 75 75 76 76 77 77 78 78 79 79 80 81 82 82 82 83 83 83 83 80 79 78 74 65 0 0 0 0 0 0 0 0 0 0 0 0 0 0 0 0 0 0 0 0 0 0 0 0 0 0 0 0 0 0 0 0 0 0 73 83 87 90 91 96 97 97 97 96 96 94 87 84 81 73 58 0 0 0 0 0 0 0 0 0 0 0 0 0 0 0 0 0 0 0 0 0 0 0 0 0 0 0 0 0 0 0 0 0 0 0 0 73 85 91 94 100 103 103 104 104 104 104 104 104 104 103 103 103 102 101 101 101 101 100 100 100 101 102 103 106 102 100 99 95 78 0 0 0 0 0 0 0 0 0 0 0 0 0 65 68 70 75 75 
68 68 71 71 72 73 73 74 74 74 74 74 75 75 75 76 76 77 77 78 78 79 80 80 81 82 82 82 83 82 82 83 79 78 78 74 66 0 0 0 0 0 0 0 0 0 0 0 0 0 0 0 0 0 0 0 0 0 0 0 0 0 0 0 0 0 0 0 0 0 0 73 83 88 90 91 96 97 96 96 96 96 94 87 82 78 69 54 0 0 0 0 0 0 0 0 0 0 0 0 0 0 0 0 0 0 0 0 0 0 0 0 0 0 0 0 0 0 0 0 0 0 0 0 76 87 92 95 99 103 103 104 104 104 104 104 104 104 103 103 103 102 101 101 101 101 101 101 101 101 102 104 107 104 99 98 93 78 0 0 0 0 0 0 0 0 0 0 0 0 0 65 69 70 74 75 
75 73 71 71 72 73 73 74 75 74 74 74 75 74 75 76 76 77 77 78 78 79 80 80 81 82 83 83 83 83 82 82 78 77 76 72 62 0 0 0 0 0 0 0 0 0 0 0 0 0 0 0 0 0 0 0 0 0 0 0 0 0 0 0 0 0 0 0 0 0 0 68 84 88 90 91 96 97 96 96 96 96 94 87 80 76 67 52 0 0 0 0 0 0 0 0 0 0 0 0 0 0 0 0 0 0 0 0 0 0 0 0 0 0 0 0 0 0 0 0 0 0 0 0 82 91 95 97 98 103 103 103 104 103 103 104 104 104 104 103 102 102 101 101 101 101 100 100 100 100 101 102 106 104 98 95 91 76 0 0 0 0 0 0 0 0 0 0 0 0 0 64 68 70 66 73 
67 71 71 71 71 72 72 73 74 74 74 74 75 75 75 76 76 76 77 77 78 79 79 80 81 82 82 83 83 83 83 83 79 78 77 73 61 0 0 0 0 0 0 0 0 0 0 0 0 0 0 0 0 0 0 0 0 0 0 0 0 0 0 0 0 0 0 0 0 0 0 69 84 88 90 92 96 97 96 96 96 96 94 87 81 76 68 52 0 0 0 0 0 0 0 0 0 0 0 0 0 0 0 0 0 0 0 0 0 0 0 0 0 0 0 0 0 0 0 0 0 0 0 0 80 90 95 97 98 103 103 103 103 103 103 103 103 103 103 103 102 101 101 101 100 100 100 100 99 100 100 102 105 104 96 94 90 76 57 0 0 0 0 0 0 0 0 0 0 0 0 65 68 70 77 70 
72 74 71 71 71 72 72 73 74 74 74 75 76 76 76 76 76 76 77 77 78 79 79 80 80 81 82 83 83 83 83 83 79 79 77 73 0 0 0 0 0 0 0 0 0 0 0 0 0 0 0 0 0 0 0 0 0 0 0 0 0 0 0 0 0 0 0 0 0 0 0 69 84 89 90 92 96 97 96 96 96 96 94 87 81 77 68 53 0 0 0 0 0 0 0 0 0 0 0 0 0 0 0 0 0 0 0 0 0 0 0 0 0 0 0 0 0 0 0 0 0 0 0 0 79 90 94 96 98 103 103 103 103 103 103 103 103 103 102 102 102 101 101 101 101 101 100 100 99 100 100 102 105 104 95 93 89 76 59 0 0 0 0 0 0 0 0 0 0 0 0 64 67 69 71 78 
76 73 71 71 71 71 72 73 74 74 74 75 76 76 76 77 76 76 76 77 78 79 79 80 81 81 82 83 83 83 84 83 79 78 76 70 0 0 0 0 0 0 0 0 0 0 0 0 0 0 0 0 0 0 0 0 0 0 0 0 0 0 0 0 0 0 0 0 0 0 0 71 85 89 91 92 96 96 96 96 96 95 94 87 79 74 66 51 0 0 0 0 0 0 0 0 0 0 0 0 0 0 0 0 0 0 0 0 0 0 0 0 0 0 0 0 0 0 0 0 0 0 0 0 77 88 93 96 97 102 103 103 103 103 103 103 103 103 102 102 102 101 100 101 100 100 100 99 99 100 100 102 105 104 96 95 90 79 63 0 0 0 0 0 0 0 0 0 0 0 0 65 68 70 64 74 
71 67 71 71 70 71 71 72 73 74 74 75 76 76 76 76 77 76 77 77 78 78 79 79 80 81 82 83 83 83 84 82 78 76 73 67 0 0 0 0 0 0 0 0 0 0 0 0 0 0 0 0 0 0 0 0 0 0 0 0 0 0 0 0 0 0 0 0 0 0 0 71 85 89 91 92 96 97 96 96 96 96 95 88 79 75 67 52 0 0 0 0 0 0 0 0 0 0 0 0 0 0 0 0 0 0 0 0 0 0 0 0 0 0 0 0 0 0 0 0 0 0 0 0 77 88 93 95 97 102 103 103 103 103 103 103 103 103 102 102 101 101 101 101 100 100 99 99 99 99 99 101 104 104 97 96 92 82 66 0 0 0 0 0 0 0 0 0 0 0 0 65 67 70 67 75 
75 71 71 70 70 70 71 72 73 74 74 75 76 76 76 76 76 76 77 78 79 79 79 80 81 81 82 82 83 83 84 82 79 78 75 68 0 0 0 0 0 0 0 0 0 0 0 0 0 0 0 0 0 0 0 0 0 0 0 0 0 0 0 0 0 0 0 0 0 0 0 78 85 89 91 92 96 97 96 97 96 96 95 88 80 75 67 53 0 0 0 0 0 0 0 0 0 0 0 0 0 0 0 0 0 0 0 0 0 0 0 0 0 0 0 0 0 0 0 0 0 0 0 0 75 87 92 95 97 102 103 103 103 104 104 103 103 103 102 102 101 101 100 101 100 100 100 99 99 100 100 101 104 104 98 97 94 85 70 0 0 0 0 0 0 0 0 0 0 0 0 64 67 69 74 76 
69 69 71 70 71 71 72 72 73 74 74 75 75 75 76 76 76 77 77 78 79 80 80 80 81 81 82 82 83 83 83 82 79 78 75 68 0 0 0 0 0 0 0 0 0 0 0 0 0 0 0 0 0 0 0 0 0 0 0 0 0 0 0 0 0 0 0 0 0 0 0 73 82 87 89 92 96 97 96 97 97 97 96 89 79 74 66 52 40 0 0 0 0 0 0 0 0 0 0 0 0 0 0 0 0 0 0 0 0 0 0 0 0 0 0 0 0 0 0 0 0 0 0 0 74 87 92 95 97 102 103 103 104 104 104 103 103 103 102 101 101 101 100 100 100 100 99 99 99 100 99 101 104 104 98 97 95 87 71 0 0 0 0 0 0 0 0 0 0 0 0 64 67 69 74 73 
74 68 71 70 71 71 72 73 73 74 74 74 74 75 75 75 76 77 77 78 79 80 80 81 81 82 82 82 83 83 83 82 79 78 74 67 0 0 0 0 0 0 0 0 0 0 0 0 0 0 0 0 0 0 0 0 0 0 0 0 0 0 0 0 0 0 0 0 0 0 0 69 79 84 87 93 96 97 97 97 97 97 96 89 78 73 65 51 41 0 0 0 0 0 0 0 0 0 0 0 0 0 0 0 0 0 0 0 0 0 0 0 0 0 0 0 0 0 0 0 0 0 0 0 72 86 92 95 96 103 104 104 104 104 104 103 103 103 102 101 101 101 100 100 100 100 99 99 99 100 99 101 104 104 99 98 96 88 72 0 0 0 0 0 0 0 0 0 0 0 0 66 69 70 71 69 
71 70 70 70 70 71 72 73 73 74 74 74 74 74 75 75 76 77 77 78 79 80 80 81 81 82 82 82 83 84 84 82 81 80 77 71 0 0 0 0 0 0 0 0 0 0 0 0 0 0 0 0 0 0 0 0 0 0 0 0 0 0 0 0 0 0 0 0 0 0 0 66 77 82 85 93 96 97 97 97 98 97 97 90 79 74 66 52 42 0 0 0 0 0 0 0 0 0 0 0 0 0 0 0 0 0 0 0 0 0 0 0 0 0 0 0 0 0 0 0 0 0 0 0 72 86 92 95 97 103 104 104 104 104 104 103 103 102 101 101 101 101 101 101 100 100 99 99 99 100 100 102 104 105 99 98 96 88 71 0 0 0 0 0 0 0 0 0 0 0 0 66 68 69 67 69 
67 71 69 69 70 71 72 73 73 73 73 74 74 75 75 76 77 77 78 79 79 80 81 81 82 82 82 82 83 83 84 82 82 81 79 75 0 0 0 0 0 0 0 0 0 0 0 0 0 0 0 0 0 0 0 0 0 0 0 0 0 0 0 0 0 0 0 0 0 0 0 66 77 82 85 93 96 97 97 97 98 98 97 90 80 75 67 53 43 0 0 0 0 0 0 0 0 0 0 0 0 0 0 0 0 0 0 0 0 0 0 0 0 0 0 0 0 0 0 0 0 0 0 0 70 85 92 95 97 104 105 105 105 104 104 103 103 102 101 101 101 101 101 101 100 100 99 98 99 99 99 101 103 105 99 98 96 89 70 0 0 0 0 0 0 0 0 0 0 0 0 65 66 68 70 74 
67 68 69 69 70 71 72 73 73 74 74 74 74 75 76 76 77 78 78 79 79 80 81 81 82 82 83 82 83 84 84 82 82 81 79 73 0 0 0 0 0 0 0 0 0 0 0 0 0 0 0 0 0 0 0 0 0 0 0 0 0 0 0 0 0 0 0 0 0 0 39 64 75 80 84 93 96 97 97 97 98 98 97 91 80 75 68 54 42 0 0 0 0 0 0 0 0 0 0 0 0 0 0 0 0 0 0 0 0 0 0 0 0 0 0 0 0 0 0 0 0 0 0 0 69 84 91 94 96 103 105 104 104 104 104 103 103 102 101 101 101 101 101 101 100 100 99 98 99 100 100 101 103 105 98 98 95 88 68 0 0 0 0 0 0 0 0 0 0 0 0 66 66 68 68 77 
69 70 69 69 70 71 72 73 73 74 74 74 75 75 75 75 76 77 77 78 79 79 81 81 81 82 83 83 83 84 84 82 81 80 78 72 0 0 0 0 0 0 0 0 0 0 0 0 0 0 0 0 0 0 0 0 0 0 0 0 0 0 0 0 0 0 0 0 0 0 39 64 75 81 84 94 97 97 98 98 98 98 97 91 80 76 68 55 44 0 0 0 0 0 0 0 0 0 0 0 0 0 0 0 0 0 0 0 0 0 0 0 0 0 0 0 0 0 0 0 0 0 0 0 68 84 91 94 96 103 104 105 105 104 104 103 103 102 101 102 102 101 101 101 100 100 99 99 100 100 100 102 103 105 98 98 95 89 68 0 0 0 0 0 0 0 0 0 0 0 0 0 66 68 61 65 
69 71 68 69 70 70 71 72 73 73 73 74 75 75 75 75 76 77 77 78 79 79 80 81 82 82 83 83 83 83 84 81 81 79 78 71 0 0 0 0 0 0 0 0 0 0 0 0 0 0 0 0 0 0 0 0 0 0 0 0 0 0 0 0 0 0 0 0 0 0 40 65 76 82 85 95 97 98 98 98 98 98 98 91 81 74 66 54 44 0 0 0 0 0 0 0 0 0 0 0 0 0 0 0 0 0 0 0 0 0 0 0 0 0 0 0 0 0 0 0 0 0 0 0 68 84 90 94 96 104 105 105 105 104 104 103 103 102 102 102 102 101 101 101 100 100 99 99 100 100 100 101 103 105 98 97 95 89 68 0 0 0 0 0 0 0 0 0 0 0 0 0 63 66 0 0 
69 70 68 69 69 70 71 72 73 73 74 74 74 75 75 75 76 77 77 78 79 79 80 81 81 82 82 83 83 83 83 80 80 79 77 69 0 0 0 0 0 0 0 0 0 0 0 0 0 0 0 0 0 0 0 0 0 0 0 0 0 0 0 0 0 0 0 0 0 0 40 65 76 82 85 95 97 98 98 99 99 99 98 92 81 75 67 55 45 0 0 0 0 0 0 0 0 0 0 0 0 0 0 0 0 0 0 0 0 0 0 0 0 0 0 0 0 0 0 0 0 0 0 0 67 83 90 94 96 104 104 104 104 104 104 104 104 103 102 102 102 101 101 101 100 100 100 99 99 99 100 101 103 105 99 98 96 90 69 0 0 0 0 0 0 0 0 0 0 0 0 0 0 0 0 0 
64 74 69 70 70 71 71 72 72 73 73 75 75 75 75 75 75 76 77 78 78 79 79 79 80 81 81 82 83 82 83 80 80 79 77 69 0 0 0 0 0 0 0 0 0 0 0 0 0 0 0 0 0 0 0 0 0 0 0 0 0 0 0 0 0 0 0 0 0 0 41 64 74 80 84 95 98 98 98 99 99 99 98 92 82 76 68 56 46 0 0 0 0 0 0 0 0 0 0 0 0 0 0 0 0 0 0 0 0 0 0 0 0 0 0 0 0 0 0 0 0 0 0 0 67 84 90 94 96 104 104 104 104 104 104 104 104 103 102 102 102 101 101 100 100 100 100 100 100 99 100 101 102 105 99 98 97 91 70 0 0 0 0 0 0 0 0 0 0 0 0 0 0 0 0 0 
69 68 69 70 71 71 71 72 72 73 73 75 75 75 74 74 74 75 76 77 78 79 78 79 80 80 81 82 82 82 83 80 79 78 76 68 0 0 0 0 0 0 0 0 0 0 0 0 0 0 0 0 0 0 0 0 0 0 0 0 0 0 0 0 0 0 0 0 0 0 41 65 75 81 84 96 98 98 98 99 99 99 98 93 83 76 70 58 48 0 0 0 0 0 0 0 0 0 0 0 0 0 0 0 0 0 0 0 0 0 0 0 0 0 0 0 0 0 0 0 0 0 0 0 66 84 91 94 96 104 105 105 105 105 104 104 104 104 103 102 102 101 100 100 100 100 99 99 99 99 99 100 102 105 99 99 98 93 73 0 0 0 0 0 0 0 0 0 0 0 0 0 0 0 0 0 
65 67 69 71 71 71 71 72 71 72 72 74 75 75 75 75 75 76 77 78 79 79 78 79 80 80 81 82 83 82 83 80 79 78 75 67 0 0 0 0 0 0 0 0 0 0 0 0 0 0 0 0 0 0 0 0 0 0 0 0 0 0 0 0 0 0 0 0 0 0 41 64 75 81 84 95 98 98 98 98 99 99 98 93 83 77 71 59 50 0 0 0 0 0 0 0 0 0 0 0 0 0 0 0 0 0 0 0 0 0 0 0 0 0 0 0 0 0 0 0 0 0 0 0 61 79 87 91 96 104 105 105 105 104 104 104 104 104 103 102 102 101 101 101 100 100 99 99 99 98 99 100 101 104 100 99 98 93 75 0 0 0 0 0 0 0 0 0 0 0 0 0 0 0 0 0 
70 68 69 71 71 72 71 72 72 73 73 74 75 75 75 75 75 76 77 78 79 79 79 80 80 80 81 82 82 82 83 80 79 77 74 65 0 0 0 0 0 0 0 0 0 0 0 0 0 0 0 0 0 0 0 0 0 0 0 0 0 0 0 0 0 0 0 0 0 0 42 65 75 81 84 95 98 98 98 98 99 99 99 94 84 81 74 63 54 0 0 0 0 0 0 0 0 0 0 0 0 0 0 0 0 0 0 0 0 0 0 0 0 0 0 0 0 0 0 0 0 0 0 0 58 76 84 89 96 104 104 104 105 104 104 104 104 103 102 102 101 101 100 100 100 99 99 99 99 99 99 100 102 105 100 100 99 95 78 0 0 0 0 0 0 0 0 0 0 0 0 0 0 0 0 0 
72 68 70 71 72 72 72 72 72 72 72 74 75 75 75 75 75 76 76 78 79 79 79 80 80 81 81 82 83 83 83 81 80 78 76 68 0 0 0 0 0 0 0 0 0 0 0 0 0 0 0 0 0 0 0 0 0 0 0 0 0 0 0 0 0 0 0 0 0 0 42 64 75 81 85 96 98 99 98 99 99 100 99 94 85 81 75 64 55 0 0 0 0 0 0 0 0 0 0 0 0 0 0 0 0 0 0 0 0 0 0 0 0 0 0 0 0 0 0 0 0 0 0 0 57 74 83 88 95 103 104 105 105 105 105 104 104 103 102 102 101 100 100 100 99 99 98 99 98 99 99 100 102 105 100 100 99 96 80 0 0 0 0 0 0 0 0 0 0 0 0 0 0 0 0 0 
63 70 70 71 71 72 72 72 72 72 72 73 74 74 75 75 75 76 76 78 79 79 79 80 81 81 82 83 83 83 83 81 80 78 76 70 0 0 0 0 0 0 0 0 0 0 0 0 0 0 0 0 0 0 0 0 0 0 0 0 0 0 0 0 0 0 0 0 0 0 43 64 75 81 85 96 99 100 99 99 100 100 100 95 86 82 76 65 57 0 0 0 0 0 0 0 0 0 0 0 0 0 0 0 0 0 0 0 0 0 0 0 0 0 0 0 0 0 0 0 0 0 0 0 57 72 81 86 95 103 105 105 105 105 104 104 103 103 102 102 101 100 100 100 99 99 99 99 99 99 99 100 102 105 101 101 100 96 81 0 0 0 0 0 0 0 0 0 0 0 0 0 0 0 0 0 
68 74 69 70 71 72 72 72 72 72 72 73 73 74 74 75 75 76 77 78 78 79 80 80 81 82 82 83 83 83 82 80 80 79 76 71 0 0 0 0 0 0 0 0 0 0 0 0 0 0 0 0 0 0 0 0 0 0 0 0 0 0 0 0 0 0 0 0 0 0 45 66 76 82 85 96 99 100 100 100 100 101 100 95 87 81 75 64 55 0 0 0 0 0 0 0 0 0 0 0 0 0 0 0 0 0 0 0 0 0 0 0 0 0 0 0 0 0 0 0 0 0 0 43 54 69 78 84 95 103 105 105 105 105 104 104 103 103 102 102 101 101 100 100 99 99 99 99 99 100 99 100 102 104 100 101 100 96 82 0 0 0 0 0 0 0 0 0 0 0 0 0 0 0 0 0 
65 68 69 70 70 71 71 72 72 72 72 73 73 74 74 74 75 76 76 77 78 79 80 80 81 82 82 83 83 83 82 80 79 78 76 70 0 0 0 0 0 0 0 0 0 0 0 0 0 0 0 0 0 0 0 0 0 0 0 0 0 0 0 0 0 0 0 0 0 0 48 67 77 83 86 97 100 101 101 101 101 102 101 96 88 80 74 63 54 0 0 0 0 0 0 0 0 0 0 0 0 0 0 0 0 0 0 0 0 0 0 0 0 0 0 0 0 0 0 0 0 0 0 43 54 69 78 84 94 103 104 105 105 105 104 104 103 103 102 102 101 101 100 99 99 99 98 99 99 99 99 101 102 104 101 101 100 97 82 0 0 0 0 0 0 0 0 0 0 0 0 0 0 0 0 0 
70 67 69 70 70 71 71 72 72 72 72 72 73 73 74 74 75 76 77 78 78 79 80 80 81 82 82 82 82 82 82 80 79 78 76 69 0 0 0 0 0 0 0 0 0 0 0 0 0 0 0 0 0 0 0 0 0 0 0 0 0 0 0 0 0 0 0 0 0 0 50 68 78 83 86 97 100 101 101 102 102 102 102 97 90 80 73 63 53 0 0 0 40 40 40 40 0 0 0 0 0 0 0 0 0 0 0 0 0 0 0 0 0 0 0 0 0 0 0 0 0 0 0 42 53 68 77 83 94 103 104 105 105 105 104 104 103 102 102 102 101 101 100 99 99 99 99 99 99 99 99 100 102 103 100 98 96 92 76 0 0 0 0 0 0 0 0 0 0 0 0 0 0 0 0 0 
64 69 69 69 70 70 70 71 71 72 72 73 73 73 74 74 75 76 77 78 79 80 80 80 81 81 82 82 82 82 82 79 78 77 74 66 0 0 0 0 0 0 0 0 0 0 0 0 0 0 0 0 0 0 0 0 0 0 0 0 0 0 0 0 0 0 0 0 0 0 51 69 79 83 87 97 100 101 102 102 102 103 103 98 91 81 75 64 55 0 0 48 46 46 46 46 0 0 0 0 0 0 0 0 0 0 0 0 0 0 0 0 0 0 0 0 0 0 0 0 0 0 0 42 52 67 76 81 94 103 104 105 105 104 104 104 103 102 102 102 101 101 101 100 99 99 99 99 99 99 99 100 101 103 100 98 97 93 74 51 0 0 0 0 0 0 0 0 0 0 0 0 0 0 0 0 
68 70 69 70 70 70 70 71 72 72 73 73 73 74 74 75 76 77 78 79 79 79 80 80 81 81 82 81 82 82 82 79 78 77 73 65 0 0 0 0 0 0 0 0 0 0 0 0 0 0 0 0 0 0 0 0 0 0 0 0 0 0 0 0 0 0 0 0 0 0 52 70 79 84 87 98 101 102 103 104 104 104 104 99 92 80 74 64 54 37 0 49 50 50 50 50 0 0 0 0 0 0 0 0 0 0 0 0 0 0 0 0 0 0 0 0 0 0 0 0 0 0 0 40 51 68 77 82 94 103 104 104 104 104 104 103 103 102 102 102 101 101 101 100 99 99 99 99 99 99 99 100 101 103 100 98 97 93 71 52 51 51 51 0 0 0 0 0 0 0 0 0 0 0 0 0 
63 70 68 69 70 70 70 71 72 72 73 73 73 74 75 75 76 77 77 78 79 79 79 80 81 81 81 81 82 82 82 78 78 76 73 65 0 0 0 0 0 0 0 0 0 0 0 0 0 0 0 0 0 0 0 0 0 0 0 0 0 0 0 0 0 0 0 0 0 0 52 69 79 84 87 97 101 102 103 104 105 105 105 101 94 82 76 65 56 38 0 50 55 53 53 53 56 0 0 0 0 0 0 0 0 0 0 0 0 0 0 0 0 0 0 0 0 0 0 0 0 0 0 40 51 68 77 82 93 103 104 104 104 104 103 103 102 101 101 101 100 101 101 100 100 99 98 98 99 99 99 100 101 104 101 98 97 94 71 52 51 51 51 0 0 0 0 0 0 0 0 0 0 0 0 0 
65 67 68 69 70 70 71 72 72 73 73 74 74 74 75 75 76 77 77 78 79 79 79 80 80 80 81 81 81 82 82 79 78 77 74 66 0 0 0 0 0 0 0 0 0 0 0 0 0 0 0 0 0 0 0 0 0 0 0 0 0 0 0 0 0 0 0 0 0 0 51 69 79 84 87 98 101 103 104 105 106 106 106 102 95 83 77 67 57 40 0 53 62 60 60 60 64 0 0 0 0 0 0 0 0 0 0 0 0 0 0 0 0 0 0 0 0 0 0 0 0 0 0 40 50 68 77 82 93 102 103 103 103 103 103 102 102 101 100 101 100 101 101 101 100 100 99 99 98 98 99 99 101 104 101 97 95 91 70 51 52 52 52 0 0 0 0 0 0 0 0 0 0 0 0 0 
66 62 68 69 70 70 71 72 72 73 73 73 74 74 75 75 76 77 77 78 78 79 79 79 80 80 81 81 82 82 82 79 78 77 74 66 0 0 0 0 0 0 0 0 0 0 0 0 0 0 0 0 0 0 0 0 0 0 0 0 0 0 0 0 0 0 0 0 0 0 51 69 79 84 87 98 102 103 104 105 106 106 107 103 96 84 78 68 58 39 0 0 69 70 67 67 72 63 0 0 0 0 0 0 0 0 0 0 0 0 0 0 0 0 0 0 0 0 0 0 0 0 0 40 51 68 77 83 94 103 104 104 103 103 102 102 101 101 100 101 100 100 100 100 100 100 99 99 99 98 99 99 100 103 101 99 99 96 73 51 0 0 0 0 0 0 0 0 0 0 0 0 0 0 0 0 
63 65 68 69 70 70 71 72 73 73 74 74 74 75 75 75 76 76 77 77 78 79 79 80 81 81 81 81 82 82 82 79 78 77 74 68 0 0 0 0 0 0 0 0 0 0 0 0 0 0 0 0 0 0 0 0 0 0 0 0 0 38 38 38 0 0 0 0 0 0 51 69 79 85 88 98 102 104 105 106 107 107 107 104 97 83 77 67 57 39 0 0 73 79 73 72 76 71 0 0 0 0 0 0 0 0 0 0 0 0 0 0 0 0 0 0 0 0 0 0 0 0 0 42 52 68 77 83 94 102 104 104 104 103 102 102 101 101 100 100 100 100 100 100 100 100 99 99 99 98 98 98 100 103 100 98 98 95 75 0 0 0 0 0 0 0 0 0 0 0 0 0 0 0 0 0 
72 64 69 69 70 71 72 72 73 73 74 74 74 75 75 75 75 76 76 77 78 78 79 79 81 81 81 82 82 82 82 79 79 77 74 68 0 0 0 0 0 0 0 0 0 0 0 0 0 0 0 0 0 0 0 0 0 0 0 0 0 38 38 38 0 0 0 0 0 0 51 70 80 85 88 98 102 104 105 106 108 108 108 105 98 85 79 69 58 41 0 0 74 91 90 86 86 88 68 0 0 0 0 0 0 0 0 0 0 0 0 0 0 0 0 0 0 0 0 0 0 0 0 41 49 64 73 81 93 102 104 104 104 103 102 102 101 101 100 100 100 100 100 100 100 100 99 99 98 98 98 97 99 102 100 98 97 94 79 0 0 0 0 0 0 0 0 0 0 0 0 0 0 0 0 0 
65 72 69 69 70 71 72 72 72 72 73 73 74 74 75 75 75 76 77 77 78 78 79 79 80 81 82 82 83 82 82 79 78 77 74 68 0 0 0 0 0 0 0 0 0 0 0 0 0 0 0 0 0 0 0 0 0 0 0 0 0 37 37 37 37 0 0 0 0 0 51 71 80 85 89 99 102 104 105 107 108 109 109 106 99 86 80 70 59 42 0 0 73 210 183 186 180 217 119 140 0 0 0 0 0 0 0 0 0 0 0 0 0 0 0 0 0 0 0 0 0 0 0 45 51 64 73 81 93 102 103 103 104 103 102 102 102 101 101 101 100 100 100 100 99 99 99 98 98 97 97 97 99 102 100 96 95 91 77 0 0 0 0 0 0 0 0 0 0 0 0 0 0 0 0 0 
72 71 69 70 71 72 72 72 72 73 73 74 74 74 75 75 76 76 77 77 78 79 79 79 80 81 81 82 83 82 82 79 78 76 73 68 0 0 0 0 0 0 0 0 0 0 0 0 0 0 0 0 0 0 0 0 0 0 0 0 0 37 37 37 37 0 0 0 0 0 52 71 80 85 89 99 102 105 107 109 111 111 111 107 100 86 81 71 62 44 0 0 84 218 189 277 268 308 256 321 60 0 0 0 0 0 0 0 0 0 0 0 0 0 0 0 0 0 0 0 0 0 0 57 58 69 76 82 93 102 103 103 104 103 103 103 102 101 101 100 100 99 99 99 99 99 99 98 98 97 97 97 99 102 99 96 94 90 76 0 0 0 0 0 0 0 0 0 0 0 0 0 0 0 0 0 
66 61 69 70 71 72 72 72 72 72 73 74 74 74 75 75 75 76 76 77 78 79 79 80 81 81 81 82 83 82 81 79 78 76 75 71 0 0 0 0 0 0 0 0 0 0 0 0 0 0 0 0 0 0 0 0 0 0 0 0 0 37 37 37 37 0 0 0 0 0 53 72 81 86 89 99 102 106 109 113 115 115 114 109 101 87 82 73 64 48 0 0 87 218 200 353 343 377 333 375 62 0 0 0 0 0 0 0 0 0 0 0 0 0 0 0 0 0 0 0 0 0 89 69 65 73 79 82 92 102 103 103 103 103 103 102 102 101 101 100 99 99 99 99 99 99 98 97 97 96 96 97 98 101 99 93 91 87 72 0 0 0 0 0 0 0 0 0 0 0 0 0 0 0 0 0 
68 67 69 70 71 72 72 72 72 71 72 73 74 74 75 75 75 76 76 77 78 78 79 79 80 81 81 82 82 82 81 79 78 77 75 71 0 0 0 0 0 0 0 0 0 0 0 0 0 0 0 0 0 0 0 0 0 0 0 0 0 0 0 0 0 0 0 0 0 0 55 72 81 86 89 99 101 105 109 114 116 117 116 110 101 88 82 73 65 49 0 0 85 267 270 426 394 435 368 381 60 0 0 0 0 0 0 0 0 0 0 0 0 0 0 0 0 0 0 0 0 0 86 71 67 74 80 83 93 102 103 102 103 102 102 102 102 101 101 100 99 99 99 98 98 98 97 96 96 95 96 96 98 101 98 91 88 83 69 52 0 0 0 0 0 0 0 0 0 0 0 0 0 0 0 0 
68 65 69 70 71 72 71 71 72 71 72 73 73 74 75 75 75 76 76 76 77 78 79 80 81 81 81 81 81 81 81 79 78 77 75 72 0 0 0 0 0 0 0 0 0 0 0 0 0 0 0 0 0 0 0 0 0 0 0 0 0 0 0 0 0 0 0 0 0 0 51 72 80 85 89 99 102 105 109 114 116 117 116 110 100 87 81 72 64 48 0 0 82 251 257 419 406 454 397 417 64 0 0 0 0 0 0 0 0 0 0 0 0 0 0 0 0 0 0 0 0 0 87 72 67 74 80 83 92 101 102 102 102 102 102 102 102 101 100 100 99 99 98 98 97 96 95 94 93 93 93 94 96 99 97 89 87 83 68 52 0 0 0 0 0 0 0 0 0 0 0 0 0 0 0 0 
64 66 69 70 71 72 72 72 72 72 73 73 73 74 74 74 75 75 76 76 77 78 79 80 81 81 81 81 81 81 81 79 79 78 76 72 0 0 0 0 0 0 0 0 0 0 0 0 0 0 0 0 0 0 0 0 0 0 0 0 0 0 0 0 0 0 0 0 0 0 52 72 80 85 89 99 102 104 109 114 116 117 116 110 100 86 80 71 62 46 0 0 88 160 177 364 334 353 350 385 59 0 0 0 0 0 0 0 0 0 0 0 0 0 0 0 0 0 0 0 0 0 94 76 69 76 82 84 92 101 103 102 103 102 102 101 101 100 100 99 98 97 95 93 91 89 89 87 86 86 86 86 87 90 89 84 83 80 67 0 0 0 0 0 0 0 0 0 0 0 0 0 0 0 0 0 
62 71 68 69 70 71 71 72 72 72 72 72 73 73 74 74 74 75 76 77 77 78 78 79 80 81 81 81 81 81 81 79 79 78 75 71 0 0 0 0 0 0 0 0 0 0 0 0 0 0 0 0 0 0 0 0 0 0 0 0 0 0 0 0 0 0 0 0 0 0 51 71 80 85 88 98 101 103 107 111 113 115 115 109 99 85 79 69 60 44 0 0 70 172 178 274 239 257 240 261 57 0 0 0 0 0 0 0 0 0 0 0 0 0 0 0 0 0 0 0 0 0 0 67 63 72 79 83 92 101 103 102 103 103 102 101 100 100 99 98 95 92 90 88 86 85 87 85 83 83 83 82 84 87 86 83 83 80 67 0 0 0 0 0 0 0 0 0 0 0 0 0 0 0 0 0 
68 64 68 69 70 71 71 72 72 72 72 73 73 73 74 74 75 76 76 77 77 78 78 79 80 81 81 81 81 81 81 79 78 77 75 70 0 0 0 0 0 0 0 0 0 0 0 0 0 0 0 0 0 0 0 0 0 0 0 0 39 39 39 0 0 0 0 0 0 0 50 71 80 85 88 98 100 101 104 107 109 110 111 106 98 84 78 68 57 40 0 0 0 210 182 192 162 177 148 142 59 0 0 0 0 0 0 0 0 0 0 0 0 0 0 0 0 0 0 0 0 0 0 50 54 66 75 82 92 101 103 103 103 103 102 101 100 99 97 95 93 89 86 83 79 77 77 75 75 74 75 75 78 82 82 81 81 78 67 0 0 0 0 0 0 0 0 0 0 0 0 0 0 0 0 0 
71 69 68 69 70 70 70 72 72 72 73 73 73 74 73 74 75 76 76 77 77 78 79 79 80 80 81 81 81 81 81 79 78 77 75 70 0 0 0 0 0 0 0 0 0 0 0 0 0 0 0 0 0 0 0 0 0 0 0 0 0 0 0 0 0 0 0 0 0 0 50 71 80 84 88 98 100 101 103 105 107 108 109 105 97 83 77 67 56 39 0 0 0 0 78 105 95 100 104 107 68 0 0 0 0 0 0 0 0 0 0 0 0 0 0 0 0 0 0 0 0 0 0 42 51 66 75 83 92 101 103 103 103 103 102 101 100 97 95 93 90 83 80 76 73 72 74 73 72 70 69 68 69 72 75 77 78 78 0 0 0 0 0 0 0 0 0 0 0 0 0 0 0 0 0 0 
66 64 68 68 69 70 70 71 72 72 73 74 73 74 74 74 74 75 75 77 77 78 79 80 80 81 81 81 81 81 81 79 78 77 74 68 0 0 0 0 0 0 0 0 0 0 0 0 0 0 0 0 0 0 0 0 0 0 0 0 0 0 0 0 0 0 0 0 0 0 51 69 79 84 87 97 100 100 102 104 105 107 108 104 97 83 76 66 55 38 0 0 0 0 0 106 93 93 93 99 73 0 0 0 0 0 0 0 0 0 0 0 0 0 0 0 0 0 0 0 0 0 0 0 53 70 79 85 92 101 103 103 103 103 102 100 99 97 94 92 86 78 76 73 72 73 76 74 73 70 67 64 60 60 61 63 64 64 0 0 0 0 0 0 0 0 0 0 0 0 0 0 0 0 0 68 
67 67 68 68 69 70 70 71 72 72 73 74 73 74 74 74 75 75 76 77 77 78 78 79 80 80 81 81 81 82 81 79 78 77 74 68 0 0 0 0 0 0 0 0 0 0 0 0 0 0 0 0 0 0 0 0 0 0 0 0 38 38 38 38 0 0 0 0 0 0 49 69 78 83 86 97 99 100 101 103 105 106 107 103 96 82 75 65 55 39 0 0 0 0 0 94 90 85 85 89 76 0 0 0 0 0 0 0 0 0 0 0 0 0 0 0 0 0 0 0 0 0 0 0 54 71 80 85 92 101 103 103 102 102 101 100 98 95 93 88 81 74 75 76 78 81 83 82 80 76 74 69 64 66 69 69 72 72 0 0 0 0 0 0 0 0 0 0 0 0 0 0 0 0 0 0 
68 67 69 69 69 70 70 71 71 72 73 73 74 74 74 74 75 75 75 77 77 78 79 79 80 81 81 81 82 82 82 79 78 77 75 69 0 0 0 0 0 0 0 0 0 0 0 0 0 0 0 0 0 0 0 0 0 0 0 0 0 0 0 38 0 0 0 0 0 0 49 68 78 83 86 97 99 100 101 102 104 105 106 102 95 81 74 64 54 38 0 0 0 0 0 80 83 77 77 79 74 0 0 0 0 0 0 0 0 0 0 0 0 0 0 0 0 0 0 0 0 0 0 0 56 74 82 87 92 100 102 102 101 101 100 100 97 94 88 83 77 75 79 83 85 86 85 83 81 78 75 69 67 73 75 75 79 78 0 0 0 0 0 0 0 0 0 0 0 0 0 0 0 0 0 0 
70 68 69 69 70 70 70 71 71 72 73 73 73 74 74 74 75 75 75 77 77 78 79 79 80 81 81 81 81 81 81 79 78 77 75 69 0 0 0 0 0 0 0 0 0 0 0 0 0 0 0 0 0 0 0 0 0 0 0 0 0 0 0 0 0 0 0 0 0 0 48 68 77 82 85 96 99 99 100 101 103 104 105 101 93 81 75 64 54 39 0 0 0 0 0 0 76 68 68 68 68 0 0 0 0 0 0 0 0 0 0 0 0 0 0 0 0 0 0 0 0 0 0 0 57 75 83 88 92 100 101 101 100 100 100 99 96 93 87 81 77 78 82 87 89 91 91 89 87 83 78 72 72 79 78 79 82 80 69 0 0 0 0 0 0 0 0 0 0 0 0 0 0 0 0 0 
74 72 69 69 70 70 71 71 72 72 72 73 73 74 74 74 75 75 75 76 76 77 78 79 79 80 81 81 81 81 81 79 78 77 74 68 0 0 0 0 0 0 0 0 0 0 0 0 0 0 0 0 0 0 0 0 0 0 0 0 0 0 0 0 0 0 0 0 0 0 48 68 77 82 86 96 99 99 100 100 102 103 104 100 92 82 75 65 55 0 0 0 0 0 0 0 66 59 59 59 60 47 0 0 0 0 0 0 0 0 0 0 0 0 0 0 0 0 0 0 0 0 0 0 57 75 83 88 92 100 101 100 100 99 99 99 94 93 86 80 77 82 85 90 93 94 93 90 87 85 78 73 78 84 80 82 84 82 70 0 0 0 0 0 0 0 0 0 0 0 0 0 0 65 0 63 
67 66 69 69 70 70 70 71 71 72 72 72 73 74 74 74 75 75 76 76 76 77 78 78 79 80 80 80 81 81 81 78 78 77 75 69 0 0 0 0 0 0 0 0 0 0 0 0 0 0 0 0 0 0 0 0 0 0 0 0 0 0 0 0 0 0 0 0 0 0 48 68 77 82 86 96 98 99 99 99 100 101 102 98 90 80 73 63 53 0 0 0 0 0 0 0 62 53 53 53 54 45 0 0 0 0 0 0 0 0 0 0 0 0 0 0 0 0 0 0 0 0 0 0 58 75 83 88 92 99 100 99 99 98 98 98 93 91 84 79 78 84 86 91 93 94 92 89 87 83 77 73 80 86 84 85 88 87 72 0 0 0 0 0 0 0 0 0 0 0 0 0 0 66 0 66 
66 66 69 69 70 70 70 70 71 71 72 72 73 73 74 74 75 75 75 75 76 76 77 78 79 80 80 80 80 81 80 78 78 77 75 69 0 0 0 0 0 0 0 0 0 0 0 0 0 0 0 0 0 0 0 0 0 0 0 0 0 0 0 0 0 0 0 0 0 0 48 67 76 81 85 95 97 98 98 98 99 100 101 97 89 81 74 63 54 0 0 0 0 0 0 0 0 51 51 51 51 47 0 0 0 0 0 0 0 0 0 0 0 0 0 0 0 0 0 0 0 0 0 0 57 75 83 87 92 100 100 99 99 98 98 97 93 91 82 79 78 83 85 92 93 93 91 88 87 81 76 76 83 88 87 89 90 87 72 0 0 0 0 0 0 0 0 0 0 0 0 0 0 65 60 70 
68 63 69 69 69 70 70 70 71 71 71 72 73 73 73 72 73 72 71 72 74 74 76 78 79 80 80 80 80 80 80 78 77 76 74 68 0 0 0 0 0 0 0 0 0 0 0 0 0 0 0 0 0 0 0 0 0 0 0 0 0 0 0 0 0 0 0 0 0 0 47 66 76 81 84 95 97 97 97 97 98 99 99 96 87 81 75 64 54 0 0 0 0 0 0 0 0 46 46 46 46 0 0 0 0 0 0 0 0 0 0 0 0 0 0 0 0 0 0 0 0 0 0 0 58 76 84 88 92 100 100 99 99 98 97 97 92 90 84 80 78 83 84 88 89 89 87 85 84 78 74 76 82 86 85 88 88 84 68 0 0 0 0 0 0 0 0 0 0 0 0 0 0 65 0 68 
66 68 68 68 69 69 70 70 71 71 71 72 73 73 72 71 70 68 67 68 71 72 74 77 78 79 80 80 80 81 80 78 77 76 73 67 0 0 0 0 0 0 0 0 0 0 0 0 0 0 0 0 0 0 0 0 0 0 0 0 0 0 0 0 0 0 0 0 0 0 45 65 75 81 84 94 97 96 96 96 97 98 98 94 86 80 73 62 53 0 0 0 0 0 0 0 0 0 0 0 0 0 0 0 0 0 0 0 0 0 0 0 0 0 0 0 0 0 0 0 0 0 0 0 62 79 86 89 91 99 100 99 98 97 95 92 87 84 79 77 77 82 84 85 86 86 84 81 83 76 73 77 82 84 85 86 85 81 68 0 0 0 0 0 0 0 0 0 0 0 0 0 60 64 61 66 
69 74 68 68 69 69 70 69 70 71 70 71 73 73 71 69 68 65 64 65 69 70 74 77 79 79 80 80 80 80 80 77 77 76 73 66 0 0 0 0 0 0 0 0 0 0 0 0 0 0 0 0 0 0 0 0 0 0 0 0 0 0 0 0 0 0 0 0 0 0 44 64 74 80 83 94 95 95 94 94 95 96 97 93 85 79 72 61 52 0 0 0 0 0 0 0 0 0 0 0 0 0 0 0 0 0 0 0 0 0 0 0 0 0 0 0 0 0 0 0 0 0 0 0 64 79 86 90 92 99 100 98 95 94 91 89 84 83 78 76 75 80 82 82 83 83 81 79 82 74 73 77 80 82 83 84 83 79 0 0 0 0 0 0 0 0 0 0 0 0 0 0 60 64 61 68 
70 63 68 68 69 69 70 69 70 70 70 70 72 72 70 67 66 63 60 62 67 69 73 76 79 79 79 80 80 80 81 77 76 75 72 64 0 0 0 0 0 0 0 0 0 0 0 0 0 0 0 0 0 0 0 0 0 0 0 0 0 0 0 0 0 0 0 0 0 0 43 63 73 79 82 93 94 94 93 93 94 95 96 92 83 80 73 62 54 0 0 0 0 0 0 0 0 0 0 0 0 0 0 0 0 0 0 0 0 0 0 0 0 0 0 0 0 0 0 0 0 0 0 0 64 79 86 89 91 99 99 96 93 91 88 84 82 81 76 73 72 76 78 77 79 79 77 75 79 73 72 76 80 81 81 81 80 76 0 0 0 0 0 0 0 0 0 0 0 0 0 0 60 64 57 69 
64 68 68 68 69 70 70 69 70 70 70 71 72 72 69 66 65 61 58 60 65 68 72 76 79 79 79 80 80 81 81 77 76 75 71 63 0 0 0 0 0 0 0 0 0 0 0 0 0 0 0 0 0 0 0 0 0 0 0 0 0 0 0 0 0 0 0 0 0 0 42 63 73 79 82 93 94 93 92 92 92 94 95 91 82 79 72 60 52 0 0 0 0 0 0 0 0 0 0 0 0 0 0 0 0 0 0 0 0 0 0 0 0 0 0 0 0 0 0 0 0 0 0 0 63 78 85 88 90 98 98 94 91 89 84 79 76 75 72 69 67 0 73 68 68 68 67 65 0 0 0 0 75 75 75 75 73 0 0 0 0 0 0 0 0 0 0 0 0 0 0 0 61 64 60 68 
70 61 68 68 69 70 70 69 70 70 71 71 72 73 70 68 67 64 62 63 67 69 73 76 79 79 80 80 80 81 81 78 77 76 72 64 0 0 0 0 0 0 0 0 0 0 0 0 0 0 0 0 0 0 0 0 0 0 0 0 0 0 0 0 0 0 0 0 0 0 41 62 72 78 81 92 93 93 92 91 92 94 95 90 81 78 71 59 51 0 0 0 0 0 0 0 0 0 0 0 0 0 0 0 0 0 0 0 0 0 0 0 0 0 0 0 0 0 0 0 0 0 0 0 64 79 85 88 90 97 97 93 89 86 78 69 66 63 0 0 0 0 0 0 0 0 0 0 0 0 0 0 0 0 0 0 0 0 0 0 0 0 0 0 0 0 0 0 0 0 0 0 62 65 61 69 
66 70 68 68 69 70 70 69 69 70 70 71 72 72 70 69 69 67 65 67 70 71 74 76 79 79 79 80 80 81 81 78 77 76 72 65 0 0 0 0 0 0 0 0 0 0 0 0 0 0 0 0 0 0 0 0 0 0 0 0 0 0 0 0 0 0 0 0 0 0 40 61 71 77 81 91 93 92 92 92 92 93 94 89 80 77 70 57 49 0 0 0 0 0 0 0 0 0 0 0 0 0 0 0 0 0 0 0 0 0 0 0 0 0 0 0 0 0 0 0 0 0 0 0 65 79 85 88 90 97 96 90 86 82 72 54 0 0 0 0 0 0 0 0 0 0 0 0 0 0 0 0 0 0 0 0 0 0 0 0 0 0 0 0 0 0 0 0 0 0 0 0 63 65 63 65 
68 64 68 68 69 69 69 69 69 70 70 71 72 72 71 70 70 69 69 70 71 73 75 77 78 79 79 80 81 81 81 78 77 76 73 66 0 0 0 0 0 0 0 0 0 0 0 0 0 0 0 0 0 0 0 0 0 0 0 0 0 0 0 0 0 0 0 0 0 0 39 60 70 76 80 90 92 92 92 92 92 93 94 89 79 75 69 56 48 0 0 0 0 0 0 0 0 0 0 0 0 0 0 0 0 0 0 0 0 0 0 0 0 0 0 0 0 0 0 0 0 0 0 0 63 78 84 87 89 97 95 89 85 80 70 51 0 0 0 0 0 0 0 0 0 0 0 0 0 0 0 0 0 0 0 0 0 0 0 0 0 0 0 0 0 0 0 0 0 0 0 63 64 65 65 68 
67 69 67 68 69 70 69 68 68 68 69 70 71 72 71 72 72 72 71 73 73 75 76 77 78 78 79 80 81 81 81 78 78 76 74 67 0 0 0 0 0 0 0 0 0 0 0 0 0 0 0 0 0 0 0 0 0 0 0 0 0 0 0 0 0 0 0 0 0 0 39 63 73 78 81 90 92 92 92 92 93 93 93 87 78 74 67 54 46 0 0 0 0 0 0 0 0 0 0 0 0 0 0 0 0 0 0 0 0 0 0 0 0 0 0 0 0 0 0 0 0 0 0 0 63 78 84 87 89 96 95 92 87 84 76 65 0 0 0 0 0 0 0 0 0 0 0 0 0 0 0 0 0 0 0 0 0 0 0 0 0 0 0 0 0 0 0 0 0 0 0 62 64 65 64 68 
67 64 66 66 67 68 67 66 66 66 66 66 67 69 70 71 73 73 74 74 75 75 76 77 78 78 79 80 80 80 80 78 77 76 75 69 0 0 0 0 0 0 0 0 0 0 0 0 0 0 0 0 0 0 0 0 0 0 0 0 0 0 0 0 0 0 0 0 0 0 39 62 72 77 80 89 91 92 92 92 93 93 93 86 77 72 65 53 45 0 0 0 0 0 0 0 0 0 0 0 0 0 0 0 0 0 0 0 0 0 0 0 0 0 0 0 0 0 0 0 0 0 0 0 64 79 84 88 90 96 96 92 88 84 78 71 66 0 0 0 0 0 0 0 0 0 0 0 0 0 0 0 0 0 0 0 0 0 0 0 0 0 0 0 0 0 0 0 0 0 0 64 65 66 70 71 
65 62 65 66 66 67 67 66 65 64 64 64 65 66 67 69 70 71 72 72 73 74 75 76 76 77 78 79 80 80 80 78 78 77 76 70 0 0 0 0 0 0 0 0 0 0 0 0 0 0 0 0 0 0 0 0 0 0 0 0 0 0 0 0 0 0 0 0 0 0 38 61 71 76 80 89 91 92 93 93 93 93 92 86 76 71 64 51 44 0 0 0 0 0 0 0 0 0 0 0 0 0 0 0 0 0 0 0 0 0 0 0 0 0 0 0 0 0 0 0 0 0 0 0 62 77 83 87 89 96 96 93 89 86 82 77 74 70 65 61 57 55 57 58 60 60 0 0 0 0 0 0 0 0 0 0 0 0 0 0 0 0 0 0 0 0 0 0 0 0 0 63 65 66 64 68 
0 63 65 65 66 67 66 65 64 63 62 62 63 65 66 68 69 70 71 71 72 72 72 72 74 74 75 76 77 77 77 75 75 74 73 69 0 0 0 0 0 0 0 0 0 0 0 0 0 0 0 0 0 0 0 0 0 0 0 0 0 0 0 0 0 0 0 0 0 0 0 63 73 78 81 88 91 92 92 92 92 92 91 85 76 71 64 51 43 0 0 0 0 0 0 0 0 0 0 0 0 0 0 0 0 0 0 0 0 0 0 0 0 0 0 0 0 0 0 0 0 0 0 0 61 77 83 86 89 95 96 95 91 89 86 83 80 78 74 72 70 68 69 70 70 70 70 70 0 0 0 0 0 0 0 0 0 0 0 0 0 0 0 0 0 0 0 0 0 0 0 62 64 66 67 64 
0 0 64 65 66 66 65 64 62 60 59 59 60 62 64 67 68 70 71 70 71 71 71 71 72 73 74 75 75 76 76 75 74 74 73 70 0 0 0 0 0 0 0 0 0 0 0 0 0 0 0 0 0 0 0 0 0 0 0 0 0 0 0 0 0 0 0 0 0 0 0 66 75 79 82 88 90 91 91 91 91 91 90 83 75 70 63 49 41 0 0 0 0 0 0 0 0 0 0 0 0 0 0 0 0 0 0 0 0 0 0 0 0 0 0 0 0 0 0 0 0 0 0 0 62 76 82 85 87 93 94 94 92 90 87 84 81 76 73 71 69 67 68 68 68 68 69 68 68 0 0 0 0 0 0 0 0 0 0 0 0 0 0 0 0 0 0 0 0 0 0 63 63 65 69 65 
0 0 63 62 63 63 62 61 61 59 58 58 58 59 61 65 66 68 69 68 69 69 69 69 71 71 72 73 74 75 74 74 74 74 73 0 0 0 0 0 0 0 0 0 0 0 0 0 0 0 0 0 0 0 0 0 0 0 0 0 0 0 0 0 0 0 0 0 0 0 0 61 70 74 76 81 84 84 85 85 85 85 85 78 72 68 62 49 0 0 0 0 0 0 0 0 0 0 0 0 0 0 0 0 0 0 0 0 0 0 0 0 0 0 0 0 0 0 0 0 0 0 0 0 59 71 76 79 80 85 85 85 84 83 82 81 79 76 73 71 69 67 68 68 68 68 69 68 68 0 0 0 0 0 0 0 0 0 0 0 0 0 0 0 0 0 0 0 0 0 0 64 65 66 60 75 
0 0 0 0 0 0 0 0 0 79 73 71 70 67 61 61 61 62 64 63 65 65 65 66 68 68 69 71 71 72 72 72 72 72 70 0 0 0 0 0 0 0 0 0 0 0 0 0 0 0 0 0 0 0 0 0 0 0 0 0 0 0 0 0 0 0 0 0 0 0 0 62 70 74 76 79 82 83 83 83 83 83 83 76 71 67 61 48 0 0 0 0 0 0 0 0 0 0 0 0 0 0 0 0 0 0 0 0 0 0 0 0 0 0 0 0 0 0 0 0 0 0 0 0 59 69 74 76 78 82 83 82 81 81 82 81 81 78 74 71 69 67 68 68 68 68 69 68 68 0 0 0 0 0 0 0 0 0 0 0 0 0 0 0 0 0 0 0 0 0 0 64 65 66 60 65 
0 0 0 0 0 0 0 0 0 91 82 79 79 80 65 0 0 0 0 0 0 0 0 56 59 61 62 63 63 65 63 64 64 0 0 0 0 0 0 0 0 0 0 0 0 0 0 0 0 0 0 0 0 0 0 0 0 0 0 0 0 0 0 0 0 0 0 0 0 0 0 0 71 74 75 76 79 79 80 80 80 80 80 74 70 67 61 48 0 0 0 0 0 0 0 0 0 0 0 0 0 0 0 0 0 0 0 0 0 0 0 0 0 0 0 0 0 0 0 0 0 0 0 0 0 67 71 73 74 78 79 77 76 77 78 78 80 81 78 76 74 73 73 73 72 72 72 70 69 0 0 0 0 0 0 0 0 0 0 0 0 0 0 0 0 0 0 0 0 0 0 65 65 66 70 68 
0 0 0 0 0 0 0 0 75 90 86 81 81 83 71 0 0 0 0 0 0 0 0 0 0 0 0 0 0 0 0 0 0 0 0 0 0 0 0 0 0 0 0 0 0 0 0 0 0 0 0 0 0 0 0 0 0 0 0 0 0 0 0 0 0 0 0 0 0 0 0 0 65 68 69 71 73 73 74 74 74 74 75 69 65 62 57 0 0 0 0 0 0 0 0 0 0 0 0 0 0 0 0 0 0 0 0 0 0 0 0 0 0 0 0 0 0 0 0 0 0 0 0 0 0 61 65 67 68 70 71 69 68 68 68 68 70 73 71 69 67 65 65 65 65 66 67 0 0 0 0 0 0 0 0 0 0 0 0 0 0 0 0 0 0 0 0 0 0 0 0 66 66 66 66 68 
0 0 0 0 0 0 0 0 71 86 85 80 81 84 74 62 0 0 0 0 0 0 0 0 0 0 0 0 0 0 0 0 0 0 0 0 0 0 0 0 0 0 0 0 0 0 0 0 0 0 0 0 0 0 0 0 0 0 0 0 0 0 0 0 0 0 0 0 0 0 0 0 0 0 55 56 58 59 60 61 62 62 63 59 57 0 0 0 0 0 0 0 0 0 0 0 0 0 0 0 0 0 0 0 0 0 0 0 0 0 0 0 0 0 0 0 0 0 0 0 0 0 0 0 0 0 0 54 54 54 54 53 50 49 0 0 0 0 0 0 0 0 0 0 0 0 0 0 0 0 0 53 53 53 53 0 0 0 0 0 0 0 0 0 0 0 0 0 0 0 0 66 66 67 67 66 
0 0 0 0 0 0 0 60 69 85 90 84 86 89 80 63 0 0 0 0 0 0 0 0 0 0 0 0 0 0 0 0 0 0 0 0 0 0 0 0 0 0 0 0 0 0 0 0 0 0 0 0 0 0 0 0 0 0 0 0 0 0 0 0 0 0 0 0 0 0 0 0 0 0 0 0 0 0 0 0 0 0 0 0 0 0 0 0 0 0 0 0 0 0 0 0 0 0 0 0 0 0 0 0 0 0 0 0 0 0 0 0 0 0 0 0 0 0 0 0 0 0 0 0 0 0 0 0 0 0 0 0 0 0 0 0 0 0 0 0 0 0 0 0 0 0 0 0 0 0 0 0 0 0 0 0 0 0 0 0 0 0 0 0 0 0 0 0 0 0 0 64 65 65 64 69 
0 0 0 0 67 66 64 65 67 78 88 84 85 89 84 65 0 0 0 0 0 0 0 0 0 0 0 0 0 0 0 0 0 0 0 0 0 0 0 0 0 0 0 0 0 0 0 0 0 0 0 0 0 0 0 0 0 0 0 0 0 0 0 0 0 0 0 0 0 0 0 0 0 0 0 0 0 0 0 0 0 0 0 0 0 0 0 0 0 0 0 0 0 0 0 0 0 0 0 0 0 0 0 0 0 0 0 0 0 0 0 0 0 0 0 0 0 0 0 0 0 0 0 0 0 0 0 0 0 0 0 0 0 0 0 0 0 0 0 0 0 0 0 0 0 0 0 0 0 0 0 0 0 0 0 0 0 0 0 0 0 0 0 0 0 0 0 0 0 0 0 62 63 64 66 65 
0 0 74 74 71 69 68 68 69 75 87 85 85 89 89 68 0 0 0 0 0 0 0 0 0 0 0 0 0 0 0 0 0 0 0 0 0 0 0 0 0 0 0 0 0 0 0 0 0 0 0 0 0 0 0 0 0 0 0 0 0 0 0 0 0 0 0 0 0 0 0 0 0 0 0 0 0 0 0 0 0 0 0 0 0 0 0 0 0 0 0 0 0 0 0 0 0 0 0 0 0 0 0 0 0 0 0 0 0 0 0 0 0 0 0 0 0 0 0 0 0 0 0 0 0 0 0 0 0 0 0 0 0 0 0 0 0 0 0 0 0 0 0 0 0 0 0 0 0 0 0 0 0 0 0 0 0 0 0 0 0 0 0 0 0 0 0 0 0 0 0 61 63 64 64 65 
0 0 72 74 73 72 71 70 70 73 83 85 85 88 89 73 0 0 0 0 0 0 0 0 0 0 0 0 0 0 0 0 0 0 0 0 0 0 0 0 0 0 0 0 0 0 0 0 0 0 0 0 0 0 0 0 0 0 0 0 0 0 0 0 0 0 0 0 0 0 0 0 0 0 0 0 0 0 0 0 0 0 0 0 0 0 0 0 0 0 0 0 0 0 0 0 0 0 0 0 0 0 0 0 0 0 0 0 0 0 0 0 0 0 0 0 0 0 0 0 0 0 0 0 0 0 0 0 0 0 0 0 0 0 0 0 0 0 0 0 0 0 0 0 0 0 0 0 0 0 0 0 0 0 0 0 0 0 0 0 0 0 0 0 0 0 0 0 0 0 0 60 62 64 63 71 
0 0 72 74 73 73 72 71 71 73 82 86 84 86 89 78 60 0 0 0 0 0 0 0 0 0 0 0 0 0 0 0 0 0 0 0 0 0 0 0 0 0 0 0 0 0 0 0 0 0 0 0 0 0 0 0 0 0 0 0 0 0 0 0 0 0 0 0 0 0 0 0 0 0 0 0 0 0 0 0 0 0 0 0 0 0 0 0 0 0 0 0 0 0 0 0 0 0 0 0 0 0 0 0 0 0 0 0 0 0 0 0 0 0 0 0 0 0 0 0 0 0 0 0 0 0 0 0 0 0 0 0 0 0 0 0 0 0 0 0 0 0 0 0 0 0 0 0 0 0 0 0 0 0 0 0 0 0 0 0 0 0 0 0 0 0 0 0 0 0 0 59 62 63 67 64 
60 61 71 73 74 75 74 73 73 74 79 84 82 84 87 80 60 0 0 0 0 0 0 0 0 0 0 0 0 0 0 0 0 0 0 0 0 0 0 0 0 0 0 0 0 0 0 0 0 0 0 0 0 0 0 0 0 0 0 0 0 0 0 0 0 0 0 0 0 0 0 0 0 0 0 0 0 0 0 0 0 0 0 0 0 0 0 0 0 0 0 0 0 0 0 0 0 0 0 0 0 0 0 0 0 0 0 0 0 0 0 0 0 0 0 0 0 0 0 0 0 0 0 0 0 0 0 0 0 0 0 0 0 0 0 0 0 0 0 0 0 0 0 0 0 0 0 0 0 0 0 0 0 0 0 0 0 0 0 0 0 0 0 0 0 0 0 0 0 0 0 0 62 63 0 0 
0 0 71 73 74 75 74 74 73 73 76 81 79 81 84 84 0 0 0 0 0 0 0 0 0 0 0 0 0 0 0 0 0 0 0 0 0 0 0 0 0 0 0 0 0 0 0 0 0 0 0 0 0 0 0 0 0 0 0 0 0 0 0 0 0 0 0 0 0 0 0 0 0 0 0 0 0 0 0 0 0 0 0 0 0 0 0 0 0 0 0 0 0 0 0 0 0 0 0 0 0 0 0 0 0 0 0 0 0 0 0 0 0 0 0 0 0 0 0 0 0 0 0 0 0 0 0 0 0 0 0 0 0 0 0 0 0 0 0 0 0 0 0 0 0 0 0 0 0 0 0 0 0 0 0 0 0 0 0 0 0 0 0 0 0 0 0 0 0 0 0 0 0 0 0 0 
61 69 71 73 75 76 75 74 72 72 72 77 77 79 82 86 0 0 0 0 0 0 0 0 0 0 0 0 0 0 0 0 0 0 0 0 0 0 0 0 0 0 0 0 0 0 0 0 0 0 0 0 0 0 0 0 0 0 0 0 0 0 0 0 0 0 0 0 0 0 0 0 0 0 0 0 0 0 0 0 0 0 0 0 0 0 0 0 0 0 0 0 0 0 0 0 0 0 0 0 0 0 0 0 0 0 0 0 0 0 0 0 0 0 0 0 0 0 0 0 0 0 0 0 0 0 0 0 0 0 0 0 0 0 0 0 0 0 0 0 0 0 0 0 0 0 0 0 0 0 0 0 0 0 0 0 0 0 0 0 0 0 0 0 0 0 0 0 0 0 0 0 0 0 0 0 
0 67 71 72 73 74 72 72 71 70 70 75 75 76 78 0 0 0 0 0 0 0 0 0 0 0 0 0 0 0 0 0 0 0 0 0 0 0 0 0 0 0 0 0 0 0 0 0 0 0 0 0 0 0 0 0 0 0 0 0 0 0 0 0 0 0 0 0 0 0 0 0 0 0 0 0 0 0 0 0 0 0 0 0 0 0 0 0 0 0 0 0 0 0 0 0 0 0 0 0 0 0 0 0 0 0 0 0 0 0 0 0 0 0 0 0 0 0 0 0 0 0 0 0 0 0 0 0 0 0 0 0 0 0 0 0 0 0 0 0 0 0 0 0 0 0 0 0 0 0 0 0 0 0 0 0 0 0 0 0 0 0 0 0 0 0 0 0 0 0 0 0 0 0 0 0 
0 68 103 89 82 75 71 71 70 69 69 70 73 89 111 146 180 180 178 170 0 0 0 0 0 0 0 0 0 0 0 0 0 0 0 0 0 0 0 0 0 0 0 0 0 0 0 0 0 0 0 0 0 0 0 0 0 0 0 0 0 0 0 0 0 0 0 0 0 0 0 0 0 0 0 0 0 0 0 0 0 0 0 0 0 0 0 0 0 0 0 0 0 0 0 0 0 0 0 0 0 0 0 0 0 0 0 0 0 0 0 0 0 0 0 0 0 0 0 0 0 0 0 0 0 0 0 0 0 0 0 0 0 0 0 0 0 0 0 0 0 0 0 0 0 0 0 0 0 0 0 0 0 0 0 0 0 0 0 0 0 0 0 0 0 0 0 0 0 0 0 0 0 0 0 0 
82 0 195 167 149 130 116 113 110 115 128 155 193 253 296 331 314 276 254 217 159 0 0 0 0 0 0 0 0 0 0 0 0 0 0 0 0 0 0 0 0 0 0 0 0 0 0 0 0 0 0 0 0 0 0 0 0 0 0 0 0 0 0 0 0 0 0 0 0 0 0 0 0 0 0 0 0 0 0 0 0 0 0 0 0 0 0 0 0 0 0 0 0 0 0 0 0 0 0 0 0 0 0 0 0 0 0 0 0 0 0 0 0 0 0 0 0 0 0 0 0 0 0 0 0 0 0 0 0 0 0 0 0 0 0 0 0 0 0 0 0 0 0 0 0 0 0 0 0 0 0 0 0 0 0 0 0 0 0 0 0 0 0 0 0 0 0 0 0 0 0 0 0 0 0 0 
345 231 283 263 246 228 215 222 229 253 288 324 355 396 404 400 362 305 273 225 153 0 0 0 0 0 0 0 0 0 0 0 0 0 0 0 0 0 0 0 0 0 0 0 0 0 0 0 0 0 0 0 0 0 0 0 0 0 0 0 0 0 0 0 0 0 0 0 0 0 0 0 0 0 0 0 0 0 0 0 0 0 0 0 0 0 0 0 0 0 0 0 0 0 0 0 0 0 0 0 0 0 0 0 0 0 0 0 0 0 0 0 0 0 0 0 0 0 0 0 0 0 0 0 0 0 0 0 0 0 0 0 0 0 0 0 0 0 0 0 0 0 0 0 0 0 0 0 0 0 0 0 0 0 0 0 0 0 0 0 0 0 0 0 0 0 0 0 0 0 0 0 0 0 0 0 
479 491 350 343 326 311 299 320 336 358 386 406 414 427 433 422 373 320 284 228 150 0 0 0 0 0 0 0 0 0 0 0 0 0 0 0 0 0 0 0 0 0 0 0 0 0 0 0 0 0 0 0 0 0 0 0 0 0 0 0 0 0 0 0 0 0 0 0 0 0 0 0 0 0 0 0 0 0 0 0 0 0 0 0 0 0 0 0 0 0 0 0 0 0 0 0 0 0 0 0 0 0 0 0 0 0 0 0 0 0 0 0 0 0 0 0 0 0 0 0 0 0 0 0 0 0 0 0 0 0 0 0 0 0 0 0 0 0 0 0 0 0 0 0 0 0 0 0 0 0 0 0 0 0 0 0 0 0 0 0 0 0 0 0 0 0 0 0 0 0 0 0 0 0 0 0 
427 442 380 376 375 375 379 392 395 400 410 410 418 431 436 421 379 330 292 234 153 0 0 0 0 0 0 0 0 0 0 0 0 0 0 0 0 0 0 0 0 0 0 0 0 0 0 0 0 0 0 0 0 0 0 0 0 0 0 0 0 0 0 0 0 0 0 0 0 0 0 0 0 0 0 0 0 0 0 0 0 0 0 0 0 0 0 0 0 0 0 0 0 0 0 0 0 0 0 0 0 0 0 0 0 0 0 0 0 0 0 0 0 0 0 0 0 0 0 0 0 0 0 0 0 0 0 0 0 0 0 0 0 0 0 0 0 0 0 0 0 0 0 0 0 0 0 0 0 0 0 0 0 0 0 0 0 0 0 0 0 0 0 0 0 0 0 0 0 0 0 0 0 0 0 0 
404 409 415 412 405 400 393 391 392 397 406 422 443 464 476 462 400 349 303 231 136 0 0 0 0 0 0 0 0 0 0 0 0 0 0 0 0 0 0 0 0 0 0 0 0 0 0 0 0 0 0 0 0 0 0 0 0 0 0 0 0 0 0 0 0 0 0 0 0 0 0 0 0 0 0 0 0 0 0 0 0 0 0 0 0 0 0 0 0 0 0 0 0 0 0 0 0 0 0 0 0 0 0 0 0 0 0 0 0 0 0 0 0 0 0 0 0 0 0 0 0 0 0 0 0 0 0 0 0 0 0 0 0 0 0 0 0 0 0 0 0 0 0 0 0 0 0 0 0 0 0 0 0 0 0 0 0 0 0 0 0 0 0 0 0 0 0 0 0 0 0 0 0 0 0 0 
381 392 395 404 409 414 416 418 423 428 433 442 453 460 459 429 360 319 274 200 117 0 0 0 0 0 0 0 0 0 0 0 0 0 0 0 0 0 0 0 0 0 0 0 0 0 0 0 0 0 0 0 0 0 0 0 0 0 0 0 0 0 0 0 0 0 0 0 0 0 0 0 0 0 0 0 0 0 0 0 0 0 0 0 0 0 0 0 0 0 0 0 0 0 0 0 0 0 0 0 0 0 0 0 0 0 0 0 0 0 0 0 0 0 0 0 0 0 0 0 0 0 0 0 0 0 0 0 0 0 0 0 0 0 0 0 0 0 0 0 0 0 0 0 0 0 0 0 0 0 0 0 0 0 0 0 0 0 0 0 0 0 0 0 0 0 0 0 0 0 0 0 0 0 0 0 
354 364 353 371 383 389 390 392 395 398 403 412 421 424 421 385 318 288 245 170 102 0 0 0 0 0 0 0 0 0 0 0 0 0 0 0 0 0 0 0 0 0 0 0 0 0 0 0 0 0 0 0 0 0 0 0 0 0 0 0 0 0 0 0 0 0 0 0 0 0 0 0 0 0 0 0 0 0 0 0 0 0 0 0 0 0 0 0 0 0 0 0 0 0 0 0 0 0 0 0 0 0 0 0 0 0 0 0 0 0 0 0 0 0 0 0 0 0 0 0 0 0 0 0 0 0 0 0 0 0 0 0 0 0 0 0 0 0 0 0 0 0 0 0 0 0 0 0 0 0 0 0 0 0 0 0 0 0 0 0 0 0 0 0 0 0 0 0 0 0 0 0 0 0 0 0 
249 332 325 344 356 371 377 377 378 380 382 388 395 394 388 348 284 253 212 140 88 0 0 0 0 0 0 0 0 0 0 0 0 0 0 0 0 0 0 0 0 0 0 0 0 0 0 0 0 0 0 0 0 0 0 0 0 0 0 0 0 0 0 0 0 0 0 0 0 0 0 0 0 0 0 0 0 0 0 0 0 0 0 0 0 0 0 0 0 0 0 0 0 0 0 0 0 0 0 0 0 0 0 0 0 0 0 0 0 0 0 0 0 0 0 0 0 0 0 0 0 0 0 0 0 0 0 0 0 0 0 0 0 0 0 0 0 0 0 0 0 0 0 0 0 0 0 0 0 0 0 0 0 0 0 0 0 0 0 0 0 0 0 0 0 0 0 0 0 0 0 0 0 0 0 0 
107 171 293 318 331 344 358 362 362 365 367 372 378 375 366 323 270 239 199 126 83 0 0 0 0 0 0 0 0 0 0 0 0 0 0 0 0 0 0 0 0 0 0 0 0 0 0 0 0 0 0 0 0 0 0 0 0 0 0 0 0 0 0 0 0 0 0 0 0 0 0 0 0 0 0 0 0 0 0 0 0 0 0 0 0 0 0 0 0 0 0 0 0 0 0 0 0 0 0 0 0 0 0 0 0 0 0 0 0 0 0 0 0 0 0 0 0 0 0 0 0 0 0 0 0 0 0 0 0 0 0 0 0 0 0 0 0 0 0 0 0 0 0 0 0 0 0 0 0 0 0 0 0 0 0 0 0 0 0 0 0 0 0 0 0 0 0 0 0 0 0 0 0 0 0 0 
0 0 255 282 296 311 324 337 342 345 347 350 355 351 342 298 256 227 185 112 0 0 0 0 0 0 0 0 0 0 0 0 0 0 0 0 0 0 0 0 0 0 0 0 0 0 0 0 0 0 0 0 0 0 0 0 0 0 0 0 0 0 0 0 0 0 0 0 0 0 0 0 0 0 0 0 0 0 0 0 0 0 0 0 0 0 0 0 0 0 0 0 0 0 0 0 0 0 0 0 0 0 0 0 0 0 0 0 0 0 0 0 0 0 0 0 0 0 0 0 0 0 0 0 0 0 0 0 0 0 0 0 0 0 0 0 0 0 0 0 0 0 0 0 0 0 0 0 0 0 0 0 0 0 0 0 0 0 0 0 0 0 0 0 0 0 0 0 0 0 0 0 0 0 0 0 
0 0 218 253 264 277 287 297 297 306 312 318 324 324 311 277 244 214 172 104 0 0 0 0 0 0 0 0 0 0 0 0 0 0 0 0 0 0 0 0 0 0 0 0 0 0 0 0 0 0 0 0 0 0 0 0 0 0 0 0 0 0 0 0 0 0 0 0 0 0 0 0 0 0 0 0 0 0 0 0 0 0 0 0 0 0 0 0 0 0 0 0 0 0 0 0 0 0 0 0 0 0 0 0 0 0 0 0 0 0 0 0 0 0 0 0 0 0 0 0 0 0 0 0 0 0 0 0 0 0 0 0 0 0 0 0 0 0 0 0 0 0 0 0 0 0 0 0 0 0 0 0 0 0 0 0 0 0 0 0 0 0 0 0 0 0 0 0 0 0 0 0 0 0 0 0 
0 0 187 223 232 251 268 281 281 292 298 293 289 281 269 240 221 200 167 98 0 0 0 0 0 0 0 0 0 0 0 0 0 0 0 0 0 0 0 0 0 0 0 0 0 0 0 0 0 0 0 0 0 0 0 0 0 0 0 0 0 0 0 0 0 0 0 0 0 0 0 0 0 0 0 0 0 0 0 0 0 0 0 0 0 0 0 0 0 0 0 0 0 0 0 0 0 0 0 0 0 0 0 0 0 0 0 0 0 0 0 0 0 0 0 0 0 0 0 0 0 0 0 0 0 0 0 0 0 0 0 0 0 0 0 0 0 0 0 0 0 0 0 0 0 0 0 0 0 0 0 0 0 0 0 0 0 0 0 0 0 0 0 0 0 0 0 0 0 0 0 0 0 0 0 0 
0 0 0 191 200 211 231 251 253 267 277 271 267 259 246 221 214 197 166 0 0 0 0 0 0 0 0 0 0 0 0 0 0 0 0 0 0 0 0 0 0 0 0 0 0 0 0 0 0 0 0 0 0 0 0 0 0 0 0 0 0 0 0 0 0 0 0 0 0 0 0 0 0 0 0 0 0 0 0 0 0 0 0 0 0 0 0 0 0 0 0 0 0 0 0 0 0 0 0 0 0 0 0 0 0 0 0 0 0 0 0 0 0 0 0 0 0 0 0 0 0 0 0 0 0 0 0 0 0 0 0 0 0 0 0 0 0 0 0 0 0 0 0 0 0 0 0 0 0 0 0 0 0 0 0 0 0 0 0 0 0 0 0 0 0 0 0 0 0 0 0 0 0 0 0 0 
0 0 0 0 149 168 184 207 216 234 245 238 233 225 212 193 188 173 0 0 0 0 0 0 0 0 0 0 0 0 0 0 0 0 0 0 0 0 0 0 0 0 0 0 0 0 0 0 0 0 0 0 0 0 0 0 0 0 0 0 0 0 0 0 0 0 0 0 0 0 0 0 0 0 0 0 0 0 0 0 0 0 0 0 0 0 0 0 0 0 0 0 0 0 0 0 0 0 0 0 0 0 0 0 0 0 0 0 0 0 0 0 0 0 0 0 0 0 0 0 0 0 0 0 0 0 0 0 0 0 0 0 0 0 0 0 0 0 0 0 0 0 0 0 0 0 0 0 0 0 0 0 0 0 0 0 0 0 0 0 0 0 0 0 0 0 0 0 0 0 0 0 0 0 0 0 
0 0 0 0 0 0 0 139 149 179 203 194 192 183 168 157 155 0 0 0 0 0 0 0 0 0 0 0 0 0 0 0 0 0 0 0 0 0 0 0 0 0 0 0 0 0 0 0 0 0 0 0 0 0 0 0 0 0 0 0 0 0 0 0 0 0 0 0 0 0 0 0 0 0 0 0 0 0 0 0 0 0 0 0 0 0 0 0 0 0 0 0 0 0 0 0 0 0 0 0 0 0 0 0 0 0 0 0 0 0 0 0 0 0 0 0 0 0 0 0 0 0 0 0 0 0 0 0 0 0 0 0 0 0 0 0 0 0 0 0 0 0 0 0 0 0 0 0 0 0 0 0 0 0 0 0 0 0 0 0 0 0 0 0 0 0 0 0 0 0 0 0 0 0 0 0 
0 0 0 0 0 0 0 0 0 0 0 0 0 0 0 0 0 0 0 0 0 0 0 0 0 0 0 0 0 0 0 0 0 0 0 0 0 0 0 0 0 0 0 0 0 0 0 0 0 0 0 0 0 0 0 0 0 0 0 0 0 0 0 0 0 0 0 0 0 0 0 0 0 0 0 0 0 0 0 0 0 0 0 0 0 0 0 0 0 0 0 0 0 0 0 0 0 0 0 0 0 0 0 0 0 0 0 0 0 0 0 0 0 0 0 0 0 0 0 0 0 0 0 0 0 0 0 0 0 0 0 0 0 0 0 0 0 0 0 0 0 0 0 0 0 0 0 0 0 0 0 0 0 0 0 0 0 0 0 0 0 0 0 0 0 0 0 0 0 0 0 0 0 0 0 0 
0 0 0 0 0 0 0 0 0 0 0 0 0 0 0 0 0 0 0 0 0 0 0 0 0 0 0 0 0 0 0 0 0 0 0 0 0 0 0 0 0 0 0 0 0 0 0 0 0 0 0 0 0 0 0 0 0 0 0 0 0 0 0 0 0 0 0 0 0 0 0 0 0 0 0 0 0 0 0 0 0 0 0 0 0 0 0 0 0 0 0 0 0 0 0 0 0 0 0 0 0 0 0 0 0 0 0 0 0 0 0 0 0 0 0 0 0 0 0 0 0 0 0 0 0 0 0 0 0 0 0 0 0 0 0 0 0 0 0 0 0 0 0 0 0 0 0 0 0 0 0 0 0 0 0 0 0 0 0 0 0 0 0 0 0 0 0 0 0 0 0 0 0 0 0 0 
0 0 0 0 0 0 0 0 0 0 0 0 0 0 0 0 0 0 0 0 0 0 0 0 0 0 0 0 0 0 0 0 0 0 0 0 0 0 0 0 0 0 0 0 0 0 0 0 0 0 0 0 0 0 0 0 0 0 0 0 0 0 0 0 0 0 0 0 0 0 0 0 0 0 0 0 0 0 0 0 0 0 0 0 0 0 0 0 0 0 0 0 0 0 0 0 0 0 0 0 0 0 0 0 0 0 0 0 0 0 0 0 0 0 0 0 0 0 0 0 0 0 0 0 0 0 0 0 0 0 0 0 0 0 0 0 0 0 0 0 0 0 0 0 0 0 0 0 0 0 0 0 0 0 0 0 0 0 0 0 0 0 0 0 0 0 0 0 0 0 0 0 0 0 0 0 
0 0 0 0 0 0 0 0 0 0 0 0 0 0 0 0 0 0 0 0 0 0 0 0 0 0 0 0 0 0 0 0 0 0 0 0 0 0 0 0 0 0 0 0 0 0 0 0 0 0 0 0 0 0 0 0 0 0 0 0 0 0 0 0 0 0 0 0 0 0 0 0 0 0 0 0 0 0 0 0 0 0 0 0 0 0 0 0 0 0 0 0 0 0 0 0 0 0 0 0 0 0 0 0 0 0 0 0 0 0 0 0 0 0 0 0 0 0 0 0 0 0 0 0 0 0 0 0 0 0 0 0 0 0 0 0 0 0 0 0 0 0 0 0 0 0 0 0 0 0 0 0 0 0 0 0 0 0 0 0 0 0 0 0 0 0 0 0 0 0 0 0 0 0 0 0 
0 0 0 0 0 0 0 0 0 0 0 0 0 0 0 0 0 0 0 0 0 0 0 0 0 0 0 0 0 0 0 0 0 0 0 0 0 0 0 0 0 0 0 0 0 0 0 0 0 0 0 0 0 0 0 0 0 0 0 0 0 0 0 0 0 0 0 0 0 0 0 0 0 0 0 0 0 0 0 0 0 0 0 0 0 0 0 0 0 0 0 0 0 0 0 0 0 0 0 0 0 0 0 0 0 0 0 0 0 0 0 0 0 0 0 0 0 0 0 0 0 0 0 0 0 0 0 0 0 0 0 0 0 0 0 0 0 0 0 0 0 0 0 0 0 0 0 0 0 0 0 0 0 0 0 0 0 0 0 0 0 0 0 0 0 0 0 0 0 0 0 0 0 0 0 0 
0 0 0 0 0 0 0 0 0 0 0 0 0 0 0 0 0 0 0 0 0 0 0 0 0 0 0 0 0 0 0 0 0 0 0 0 0 0 0 0 0 0 0 0 0 0 0 0 0 0 0 0 0 0 0 0 0 0 0 0 0 0 0 0 0 0 0 0 0 0 0 0 0 0 0 0 0 0 0 0 0 0 0 0 0 0 0 0 0 0 0 0 0 0 0 0 0 0 0 0 0 0 0 0 0 0 0 0 0 0 0 0 0 0 0 0 0 0 0 0 0 0 0 0 0 0 0 0 0 0 0 0 0 0 0 0 0 0 0 0 0 0 0 0 0 0 0 0 0 0 0 0 0 0 0 0 0 0 0 0 0 0 0 0 0 0 0 0 0 0 0 0 0 0 0 0 
0 0 0 0 0 0 0 0 0 0 0 0 0 0 0 0 0 0 0 0 0 0 0 0 0 0 0 0 0 0 0 0 0 0 0 0 0 0 0 0 0 0 0 0 0 0 0 0 0 0 0 0 0 0 0 0 0 0 0 0 0 0 0 0 0 0 0 0 0 0 0 0 0 0 0 0 0 0 0 0 0 0 0 0 0 0 0 0 0 0 0 0 0 0 0 0 0 0 0 0 0 0 0 0 0 0 0 0 0 0 0 0 0 0 0 0 0 0 0 0 0 0 0 0 0 0 0 0 0 0 0 0 0 0 0 0 0 0 0 0 0 0 0 0 0 0 0 0 0 0 0 0 0 0 0 0 0 0 0 0 0 0 0 0 0 0 0 0 0 0 0 0 0 0 0 0 
0 0 0 0 0 0 0 0 0 0 0 0 0 0 0 0 0 0 0 0 0 0 0 0 0 0 0 0 0 0 0 0 0 0 0 0 0 0 0 0 0 0 0 0 0 0 0 0 0 0 0 0 0 0 0 0 0 0 0 0 0 0 0 0 0 0 0 0 0 0 0 0 0 0 0 0 0 0 0 0 0 0 0 0 0 0 0 0 0 0 0 0 0 0 0 0 0 0 0 0 0 0 0 0 0 0 0 0 0 0 0 0 0 0 0 0 0 0 0 0 0 0 0 0 0 0 0 0 0 0 0 0 0 0 0 0 0 0 0 0 0 0 0 0 0 0 0 0 0 0 0 0 0 0 0 0 0 0 0 0 0 0 0 0 0 0 0 0 0 0 0 0 0 0 0 0 
