95 87 92 84 91 86 78 82 80 79 90 85 87 83 88 81 79 82 83 82 83 73 74 81 75 72 78 71 77 78 80 79 80 77 75 70 79 78 74 82 77 76 77 81 79 73 76 76 75 79 80 76 75 76 77 78 74 83 74 73 66 72 75 78 77 76 78 80 81 79 80 75 81 82 76 75 77 76 76 79 76 78 82 72 81 73 70 71 79 77 77 75 79 78 79 74 75 80 80 75 77 79 80 82 80 84 73 78 80 82 82 70 68 75 83 87 82 85 83 84 83 86 93 87 92 92 87 88 89 98 90 91 95 94 96 96 81 86 83 99 87 99 91 101 102 92 92 105 99 103 106 112 112 104 109 94 79 74 77 75 72 70 70 72 0 0 73 78 78 81 90 92 93 93 99 101 
94 86 85 85 84 81 83 78 76 81 79 81 85 89 75 83 78 71 71 72 69 79 75 79 77 75 81 80 82 82 77 81 78 72 74 65 67 71 73 74 75 79 77 72 72 74 79 74 68 75 74 73 73 75 80 75 74 72 73 78 72 66 71 77 76 78 80 69 74 76 76 75 80 82 79 77 75 79 78 81 76 80 77 78 79 74 62 73 81 75 76 78 81 83 76 79 74 78 82 79 79 79 83 77 83 84 80 81 83 79 80 66 71 78 86 88 87 87 85 84 85 89 85 92 90 88 89 88 96 90 87 94 94 96 93 90 84 87 92 96 93 94 99 92 97 101 99 99 101 103 106 106 112 107 95 82 75 73 70 77 72 76 71 0 0 0 0 76 83 86 88 90 91 100 97 103 
83 81 83 82 82 81 81 80 80 79 79 79 78 77 77 77 77 78 77 77 77 77 76 76 76 76 76 77 77 76 77 76 76 75 73 72 71 71 72 73 73 74 74 73 74 73 73 73 73 73 73 74 74 74 74 74 74 75 73 73 71 71 71 71 73 74 75 75 75 75 76 76 76 76 76 76 75 76 76 77 78 78 78 77 75 74 74 73 74 75 76 77 77 77 77 77 77 77 77 78 78 78 79 79 79 79 80 79 79 77 76 76 77 78 81 83 83 84 83 84 84 84 85 86 86 86 88 88 88 88 89 89 89 90 88 88 88 88 89 92 93 94 94 95 95 96 97 98 100 102 104 102 99 93 87 80 77 74 73 73 73 72 71 72 73 75 76 77 79 81 84 88 92 94 100 95 
85 80 80 80 80 79 79 79 79 77 77 76 75 75 75 75 75 76 76 76 76 76 75 76 76 75 75 76 76 76 76 75 75 74 73 71 70 69 70 70 72 72 73 72 73 72 72 72 72 72 72 72 72 72 72 72 73 73 72 72 71 70 70 70 71 72 73 74 74 75 76 76 77 77 77 77 77 78 78 79 80 80 81 80 79 78 78 78 78 79 80 81 81 81 81 82 82 82 82 83 83 83 83 83 84 84 85 85 84 83 82 82 83 84 86 87 87 87 87 87 87 87 87 88 88 88 89 89 89 89 89 89 90 89 88 88 88 89 90 92 93 93 94 94 95 95 97 98 99 100 100 97 93 87 81 76 73 72 71 71 71 71 71 0 0 74 75 77 78 80 83 87 90 93 91 101 
77 77 78 78 78 78 78 78 78 77 75 75 74 73 73 73 74 75 75 75 76 75 75 75 74 74 74 74 74 74 74 74 74 73 73 71 70 69 69 69 69 70 71 71 71 71 71 70 71 71 71 71 71 71 71 72 73 73 73 73 73 72 72 73 74 75 77 77 78 79 79 80 80 81 81 81 81 82 83 83 84 85 85 85 85 84 83 83 84 84 85 85 85 85 86 86 86 86 87 87 88 88 88 88 88 88 89 89 89 88 89 89 89 90 91 91 91 92 92 92 93 92 92 92 92 92 93 93 93 93 94 93 93 93 92 92 93 93 94 95 96 96 96 96 96 97 98 99 100 100 99 94 89 82 77 73 72 71 71 70 70 69 0 0 0 74 74 75 77 79 82 86 90 93 104 100 
70 76 77 77 78 77 76 76 76 75 75 74 74 73 73 72 72 73 73 73 74 74 74 74 73 73 73 73 73 73 73 73 73 73 72 70 69 68 67 67 68 68 69 69 71 71 71 71 72 71 72 72 73 74 74 75 76 77 77 78 77 77 77 78 78 80 81 81 82 83 83 84 84 85 85 85 85 86 86 87 87 88 88 88 89 88 88 88 89 88 89 89 90 90 90 90 91 91 91 91 92 92 93 93 93 93 93 94 94 94 94 94 95 95 96 95 96 96 96 97 97 97 97 97 97 97 98 97 98 98 98 98 98 98 97 97 98 98 99 100 100 100 100 100 100 101 102 103 105 104 100 94 88 80 75 72 71 70 70 69 70 69 0 0 0 0 73 74 77 79 82 86 90 93 90 93 
79 76 76 75 76 75 75 75 75 74 74 74 73 72 72 71 71 70 71 71 72 72 72 72 72 73 73 73 73 72 72 71 72 72 71 70 70 69 68 69 69 70 71 72 73 73 74 74 75 75 76 76 76 77 78 79 80 81 81 82 82 82 82 82 83 84 84 85 85 86 87 87 88 88 88 89 89 89 90 91 92 92 92 93 93 93 93 94 94 94 94 94 95 95 95 95 96 96 97 97 98 98 98 98 98 98 99 99 100 99 100 100 101 101 101 101 102 101 101 102 102 102 103 103 103 102 102 102 103 102 103 102 103 102 103 103 103 103 104 104 103 103 104 104 105 106 107 108 110 109 103 96 89 80 74 71 70 68 68 67 67 0 0 0 0 0 72 73 75 77 81 85 90 93 91 99 
78 75 75 75 76 75 74 74 74 73 73 73 72 72 71 70 69 69 69 70 70 71 71 70 71 71 71 71 72 72 71 71 72 72 73 73 73 72 71 72 72 73 75 76 77 77 78 78 79 79 79 79 80 80 81 82 83 84 84 85 85 86 87 87 88 89 89 89 90 90 91 91 93 93 93 93 94 95 95 95 96 96 96 96 97 98 98 98 98 98 98 99 99 100 100 100 100 100 100 101 101 101 101 102 102 102 103 104 104 104 105 105 106 106 106 106 106 106 106 106 107 107 108 108 108 108 107 107 108 107 108 108 108 108 109 109 108 108 108 108 107 108 108 108 109 110 111 112 114 112 106 98 91 82 75 72 70 68 67 65 0 0 0 0 0 0 71 72 74 77 80 84 88 92 101 93 
74 73 75 75 75 75 74 74 73 72 72 72 71 71 70 69 68 67 67 68 68 69 70 70 70 71 72 73 73 73 73 73 74 74 74 75 75 75 75 75 76 76 77 78 79 80 81 82 83 83 83 83 84 84 85 86 87 87 88 89 89 90 91 92 92 93 92 92 93 94 94 95 96 96 96 95 96 96 96 96 97 97 97 97 98 98 98 98 98 98 98 98 98 99 100 99 100 100 99 100 100 100 101 101 102 102 103 103 104 104 104 104 105 105 105 106 106 106 107 108 108 109 110 110 110 110 110 110 110 110 111 112 112 112 112 112 112 111 111 111 111 111 112 112 113 114 115 117 119 117 111 103 94 83 75 72 71 69 67 65 0 0 0 0 0 0 70 71 74 76 79 83 88 91 100 102 
72 79 73 73 74 73 72 72 72 71 71 71 70 70 69 69 68 67 68 68 69 70 71 72 73 73 74 75 75 75 76 76 76 77 77 78 78 78 78 79 79 80 81 82 83 84 85 86 87 87 87 87 87 87 88 89 89 90 90 91 91 92 92 92 92 93 92 92 93 94 94 94 95 95 94 94 95 95 95 96 96 96 96 96 97 97 97 97 97 97 97 97 98 98 99 99 99 99 99 99 100 99 100 100 100 101 102 102 103 103 103 104 104 104 104 105 105 105 105 106 107 107 109 109 110 110 109 109 110 110 110 111 111 111 112 112 111 112 112 112 111 112 113 113 115 116 117 119 121 121 114 105 95 85 76 72 71 69 65 0 0 0 0 0 0 0 70 71 73 75 78 82 87 90 97 92 
69 71 72 72 72 71 71 71 70 70 70 70 70 70 69 70 69 69 69 70 70 72 72 73 74 75 75 76 77 77 77 78 78 79 79 80 81 81 81 83 83 83 84 85 86 86 87 88 88 88 88 88 87 87 87 88 88 89 90 90 90 91 91 91 91 91 91 91 91 92 92 93 94 94 93 94 95 94 94 95 95 96 96 96 95 95 95 95 95 94 94 94 94 94 95 95 95 95 95 95 95 95 95 96 96 96 97 97 98 98 99 99 100 100 100 101 101 101 102 103 104 105 107 107 108 108 108 108 108 108 109 109 110 110 111 111 111 111 111 111 110 111 111 112 113 114 116 117 119 120 114 105 97 88 77 72 71 69 0 0 0 0 0 0 0 0 69 71 72 74 77 81 85 89 90 100 
81 69 71 71 71 71 71 71 71 71 70 71 70 71 70 71 71 72 72 72 72 73 74 74 76 76 77 78 78 79 80 81 81 82 82 82 83 83 83 84 84 85 85 86 86 86 87 87 88 88 87 87 86 86 86 86 86 87 87 87 87 88 87 87 87 86 86 86 87 87 88 89 91 92 92 93 94 94 94 95 95 94 92 90 90 89 88 89 91 90 90 93 93 93 95 94 94 94 94 94 94 94 94 95 95 95 96 96 97 97 98 99 99 99 99 98 97 95 94 93 94 95 99 102 105 106 107 107 108 108 109 109 109 109 109 109 109 110 110 110 109 110 110 110 111 112 113 115 117 118 113 104 97 89 78 73 74 0 0 0 0 0 0 0 0 0 68 70 72 74 76 80 84 88 92 92 
0 68 71 71 71 71 72 72 72 71 71 71 72 72 72 73 74 74 75 75 75 76 76 77 79 79 79 80 81 81 82 82 82 82 82 82 82 83 83 83 83 83 83 83 83 84 84 84 84 83 83 83 83 82 82 82 81 80 79 80 81 83 84 86 85 84 84 85 85 85 86 87 88 90 92 93 94 94 94 94 94 92 90 87 87 86 85 87 89 88 88 91 91 92 93 92 92 93 92 89 89 89 89 90 92 93 93 94 95 96 96 97 97 97 97 95 95 92 91 90 91 91 95 99 102 104 106 107 107 108 108 109 108 108 108 109 109 109 109 109 109 109 109 109 110 111 111 113 115 116 112 105 99 91 79 72 0 0 0 0 0 0 0 0 0 0 68 69 71 73 75 78 83 87 94 93 
70 73 72 71 72 72 72 73 73 73 72 73 73 74 74 75 76 76 77 77 78 78 79 79 80 80 80 80 81 80 81 81 81 81 81 81 81 80 79 80 79 78 78 78 78 80 80 81 83 82 81 81 81 81 81 80 79 78 77 78 79 81 82 84 84 82 82 83 83 81 83 84 86 88 91 93 93 94 94 94 93 90 87 84 82 81 81 83 87 85 85 89 89 89 90 89 89 89 89 85 85 85 85 85 88 89 89 90 90 92 93 93 94 95 95 91 91 87 84 83 84 84 90 95 99 101 105 106 107 107 107 108 107 108 108 109 108 109 109 109 108 108 108 108 109 109 110 111 113 115 112 105 100 94 81 69 0 0 0 0 0 0 0 0 0 0 68 69 70 72 74 77 82 86 93 83 
76 70 73 72 72 73 74 74 74 74 74 74 74 75 75 76 77 77 77 78 78 78 78 78 78 79 79 80 80 80 81 81 80 79 79 79 78 78 78 79 78 77 77 76 76 77 78 79 81 80 80 80 80 79 79 78 76 75 73 74 75 76 78 80 80 78 78 78 78 75 78 81 84 86 90 92 93 93 93 94 93 88 85 80 76 71 71 74 78 76 76 82 81 81 83 81 81 80 80 73 74 74 74 75 81 81 81 81 81 83 83 84 85 85 86 81 81 76 74 72 74 75 84 91 96 99 104 105 106 106 107 107 107 108 108 108 108 108 108 107 107 107 107 107 108 107 108 109 111 113 111 104 101 96 82 65 0 0 0 0 0 0 0 0 0 0 0 69 70 71 74 77 81 85 92 94 
78 76 74 73 73 74 75 75 75 75 75 74 75 75 76 77 77 78 78 78 78 78 78 78 78 78 78 79 80 80 80 80 79 77 77 76 76 76 77 77 76 76 75 73 73 75 75 76 79 78 76 77 77 77 76 75 71 68 65 65 65 67 68 71 70 67 69 70 70 67 74 79 82 85 91 93 93 93 93 93 92 85 82 77 70 58 0 0 0 0 0 0 0 0 0 0 0 0 0 0 0 0 0 0 0 0 0 0 0 0 0 0 0 0 0 0 0 0 0 49 51 65 79 88 93 97 103 105 106 107 107 107 107 108 108 108 108 108 107 107 106 106 106 106 107 106 107 108 109 111 109 102 100 95 83 64 0 0 0 0 0 0 0 0 0 0 0 68 68 70 72 75 79 84 94 100 
76 75 75 74 73 74 75 75 75 76 75 74 75 75 75 76 77 77 77 78 78 78 78 78 78 78 78 78 79 79 79 79 76 75 74 73 72 73 73 73 72 70 70 68 67 68 68 70 72 70 69 70 71 70 70 67 61 56 52 49 0 0 0 0 0 0 0 0 0 65 75 80 84 86 91 93 94 93 93 93 91 84 82 79 72 60 0 0 0 0 0 0 0 0 0 0 0 0 0 0 0 0 0 0 0 0 0 0 0 0 0 0 0 0 0 0 0 0 0 0 0 74 85 91 95 97 103 105 105 106 106 107 107 108 108 108 107 107 107 106 106 106 106 106 106 106 106 106 107 109 109 102 100 96 86 66 0 0 0 0 0 0 0 0 0 0 0 67 68 69 72 75 79 84 86 92 
77 77 75 74 74 74 75 75 75 75 75 74 74 74 74 75 74 74 74 75 75 76 77 78 78 78 78 78 79 79 79 78 76 74 72 70 67 66 67 65 63 61 60 58 58 0 0 0 0 0 0 0 0 0 0 0 0 0 0 0 0 0 0 0 0 0 0 0 0 66 76 81 84 86 91 93 93 93 93 93 91 84 82 79 71 57 0 0 0 0 0 0 0 0 0 0 0 0 0 0 0 0 0 0 0 0 0 0 0 0 0 0 0 0 0 0 0 0 0 0 0 74 85 92 95 97 104 105 105 106 106 106 107 107 107 107 107 107 106 105 105 105 104 104 105 105 105 106 107 108 108 101 99 96 87 69 0 0 0 0 0 0 0 0 0 0 0 68 68 69 72 75 78 83 82 93 
78 73 74 74 74 74 74 74 73 73 73 73 73 73 73 73 73 73 72 73 73 74 75 77 77 77 77 78 78 79 79 78 75 73 71 67 59 0 0 0 0 0 0 0 0 0 0 0 0 0 0 0 0 0 0 0 0 0 0 0 0 0 0 0 0 0 0 0 0 67 76 82 85 86 91 93 93 92 92 93 91 84 82 78 70 56 0 0 0 0 0 0 0 0 0 0 0 0 0 0 0 0 0 0 0 0 0 0 0 0 0 0 0 0 0 0 0 0 0 0 0 72 83 91 94 96 103 105 105 106 106 106 106 107 107 106 107 106 105 105 105 105 105 104 104 104 104 104 105 106 107 100 99 96 89 70 0 0 0 0 0 0 0 0 0 0 0 67 67 68 71 74 77 82 86 89 
69 70 73 73 74 73 73 73 73 73 73 73 73 74 73 73 72 71 69 69 71 72 74 77 77 77 77 77 78 78 79 77 75 74 72 68 0 0 0 0 0 0 0 0 0 0 0 0 0 0 0 0 0 0 0 0 0 0 0 0 0 0 0 50 50 50 0 0 0 68 77 83 85 86 91 93 92 92 92 92 91 83 81 78 70 56 0 0 0 0 0 0 0 0 0 0 0 0 0 0 0 0 0 0 0 0 0 0 0 0 0 0 0 0 0 0 0 0 0 0 0 70 83 90 93 96 103 105 105 106 106 105 106 106 106 106 107 106 106 105 105 105 104 104 104 104 104 104 105 106 107 100 99 97 91 73 0 0 0 0 0 0 0 0 0 0 0 65 66 68 69 72 76 81 84 102 
71 75 72 73 73 73 73 73 72 72 72 73 73 73 73 72 70 68 65 66 68 70 73 76 76 77 77 77 78 78 79 77 76 75 74 69 0 0 0 0 0 0 0 0 0 0 0 0 0 0 0 0 0 0 0 0 0 0 0 0 0 0 52 50 50 50 49 48 0 70 78 83 85 86 91 92 92 92 92 92 91 83 81 78 71 56 0 0 0 0 0 0 0 0 0 0 0 0 0 0 0 0 0 0 0 0 0 0 0 0 0 0 0 0 0 0 0 0 0 0 0 66 80 88 92 94 102 105 105 105 105 105 105 106 105 105 106 106 105 105 105 104 104 103 103 103 103 104 104 105 106 101 101 99 94 78 0 0 0 0 0 0 0 0 0 0 0 64 66 67 69 71 76 80 85 86 
71 68 72 72 73 72 72 72 71 71 71 72 72 72 72 71 69 66 63 64 67 69 72 75 75 76 76 77 78 79 79 77 77 76 74 70 0 0 0 0 0 0 0 0 0 0 0 0 0 0 0 0 0 0 0 0 0 0 0 0 0 50 51 50 49 50 49 47 0 68 77 82 85 86 91 91 91 91 91 92 90 83 81 78 71 56 0 0 0 0 0 0 0 0 0 0 0 0 0 0 0 0 0 0 0 0 0 0 0 0 0 0 0 0 0 0 0 0 0 0 0 64 78 86 91 93 102 104 105 105 105 104 105 105 105 105 106 105 105 105 105 104 103 103 103 103 103 103 104 105 106 102 101 100 95 81 0 0 0 0 0 0 0 0 0 0 0 64 66 68 69 71 75 80 91 92 
71 75 72 72 72 72 72 72 71 71 71 72 72 73 72 71 68 66 63 64 67 69 72 74 74 75 76 77 77 78 78 76 76 75 73 69 0 0 0 0 0 0 0 0 0 0 0 0 0 0 0 0 0 0 0 0 0 0 0 0 0 50 51 50 49 50 49 47 0 69 78 82 84 86 90 91 91 91 91 91 90 83 81 78 71 57 0 0 0 0 0 0 0 0 0 0 0 0 0 0 0 0 0 0 0 0 0 0 0 0 0 0 0 0 0 0 0 0 0 0 0 59 75 84 89 92 100 103 104 104 104 104 105 105 105 105 105 105 104 105 105 104 103 103 103 103 103 103 104 105 106 102 102 101 98 84 0 0 0 0 0 0 0 0 0 0 0 0 66 67 68 70 75 79 89 89 
72 70 71 71 71 72 71 72 71 72 71 72 72 72 71 71 68 67 65 66 68 71 72 74 74 75 75 76 77 77 77 75 74 73 71 65 0 0 0 0 0 0 0 0 0 0 0 0 0 0 0 0 0 0 0 0 0 0 0 0 0 50 51 50 49 50 49 47 0 66 76 81 84 85 90 92 92 92 92 92 90 83 81 78 71 57 0 0 0 0 0 0 0 0 0 0 0 0 0 0 0 0 0 0 0 0 0 0 0 0 0 0 0 0 0 0 0 0 0 0 0 56 73 83 88 91 100 103 103 103 104 104 105 105 105 105 105 105 104 105 105 104 103 102 102 102 102 103 103 104 106 103 101 100 97 85 0 0 0 0 0 0 0 0 0 0 0 0 65 67 68 70 74 78 86 89 
67 76 72 72 71 72 72 71 71 71 71 71 71 71 71 71 69 68 67 68 70 71 72 73 74 74 75 76 77 77 77 74 73 72 69 63 0 0 0 0 0 0 0 0 0 0 0 0 0 0 0 0 0 0 0 0 0 0 0 0 0 50 50 50 49 49 48 47 0 65 76 81 84 85 91 92 92 93 93 92 91 83 81 77 70 56 0 0 0 0 0 0 0 0 0 0 0 0 0 0 0 0 0 0 0 0 0 0 0 0 0 0 0 0 0 0 0 0 0 0 0 53 70 81 87 90 100 103 103 103 103 104 105 105 105 105 104 104 104 104 104 104 103 102 102 102 102 102 103 104 106 104 101 100 96 85 0 0 0 0 0 0 0 0 0 0 0 0 64 66 67 69 74 78 85 85 
73 77 71 72 71 71 71 70 70 71 71 71 72 72 71 71 70 70 70 70 71 72 71 73 73 73 74 76 76 77 76 74 73 72 69 63 0 0 0 0 0 0 0 0 0 0 0 0 0 0 0 0 0 0 0 0 0 0 0 0 0 0 0 49 48 49 0 0 0 63 75 80 83 85 91 92 92 92 92 92 91 83 81 77 70 56 0 0 0 0 0 0 0 0 0 0 0 0 0 0 0 0 0 0 0 0 0 0 0 0 0 0 0 0 0 0 0 0 0 0 0 50 68 80 86 89 100 103 103 103 103 104 105 104 104 104 104 104 104 104 104 104 104 103 102 102 102 102 103 104 106 104 100 99 95 84 0 0 0 0 0 0 0 0 0 0 0 0 64 65 67 70 73 78 81 88 
73 75 70 70 70 71 70 70 70 71 71 71 72 72 71 71 70 70 70 71 72 73 72 73 73 73 74 75 75 76 76 73 73 71 69 62 0 0 0 0 0 0 0 0 0 0 0 0 0 0 0 0 0 0 0 0 0 0 0 0 0 0 0 0 0 0 0 0 0 63 76 81 83 85 90 91 92 92 92 92 91 83 81 77 70 56 0 0 0 0 0 0 0 0 0 0 0 0 0 0 0 0 0 0 0 0 0 0 0 0 0 0 0 0 0 0 0 0 0 0 0 46 66 78 85 88 100 103 103 103 103 104 105 104 105 104 104 104 104 104 104 104 103 103 102 102 102 102 102 104 105 104 99 98 95 86 69 0 0 0 0 0 0 0 0 0 0 63 64 65 66 69 72 77 88 90 
66 71 69 69 69 69 69 69 69 70 70 70 71 71 71 70 70 71 71 72 72 72 72 72 73 74 74 75 75 76 76 73 72 71 68 61 0 0 0 0 0 0 0 0 0 0 0 0 0 0 0 0 0 0 0 0 0 0 0 0 0 0 0 0 0 0 0 0 0 63 76 81 83 85 91 91 92 92 92 92 90 83 81 77 70 55 0 0 0 0 0 0 0 0 0 0 0 0 0 0 0 0 0 0 0 0 0 0 0 0 0 0 0 0 0 0 0 0 0 0 0 46 68 80 86 90 100 103 104 103 104 104 105 105 105 104 104 104 104 104 104 104 103 103 102 102 102 101 102 103 105 104 99 97 94 86 71 0 0 0 0 0 0 0 0 0 0 63 63 65 66 69 72 77 77 94 
66 71 68 68 68 68 68 68 68 69 70 70 71 71 70 70 70 71 71 72 73 73 73 73 74 74 75 76 76 77 77 74 73 72 69 63 0 0 0 0 0 0 0 0 0 0 0 0 0 0 0 0 0 0 0 0 0 0 0 0 0 0 0 0 0 0 0 0 0 64 76 81 84 85 91 91 91 91 92 92 90 83 81 77 69 55 0 0 0 0 0 0 0 0 0 0 0 0 0 0 0 0 0 0 0 0 0 0 0 0 0 0 0 0 0 0 0 0 0 0 0 0 69 81 87 91 99 103 104 104 104 104 104 104 104 104 104 104 104 104 104 104 104 103 102 102 102 101 102 103 105 105 99 98 95 87 72 0 0 0 0 0 0 0 0 0 0 0 63 65 66 69 72 77 79 84 
65 67 67 67 67 68 68 68 68 69 69 70 70 71 71 70 71 71 72 72 73 73 73 73 73 74 75 75 76 76 76 73 73 72 69 63 0 0 0 0 0 0 0 0 0 0 0 0 0 0 0 0 0 0 0 0 0 0 0 0 0 0 0 0 0 0 0 0 0 64 76 81 84 85 91 91 92 92 92 92 90 83 81 77 70 55 0 0 0 0 0 0 0 0 0 0 0 0 0 0 0 0 0 0 0 0 0 0 0 0 0 0 0 0 0 0 0 0 0 0 0 0 72 83 89 93 99 103 104 104 104 104 104 104 104 104 104 104 104 104 104 104 104 103 102 102 102 101 102 103 104 105 99 98 96 89 72 0 0 0 0 0 0 0 0 0 0 0 63 65 66 69 71 77 85 89 
70 69 67 67 67 67 68 68 68 68 69 69 70 70 70 70 70 71 71 73 73 73 74 74 74 75 76 76 76 77 76 73 72 71 68 60 0 0 0 0 0 0 0 0 0 0 0 0 0 0 0 0 0 0 0 0 0 0 0 0 0 0 0 0 0 0 0 0 0 65 76 81 84 85 91 92 92 92 92 91 90 83 80 77 70 54 0 0 0 0 0 0 0 0 0 0 0 0 0 0 0 0 0 0 0 0 0 0 0 0 0 0 0 0 0 0 0 0 0 0 0 0 74 85 91 94 98 103 104 104 105 105 104 105 104 104 104 104 104 104 104 103 103 103 102 101 101 101 101 102 104 105 100 99 97 90 73 0 0 0 0 0 0 0 0 0 0 0 64 66 67 69 72 76 83 85 
66 61 67 67 67 67 67 68 68 68 68 68 69 69 70 70 71 71 72 73 73 73 74 74 75 76 76 76 77 77 77 73 72 70 67 59 0 0 0 0 0 0 0 0 0 0 0 0 0 0 0 0 0 0 0 0 0 0 0 0 0 0 0 0 0 0 0 0 0 65 76 81 84 85 91 92 92 92 92 91 90 83 81 77 70 54 0 0 0 0 0 0 0 0 0 0 0 0 0 0 0 0 0 0 0 0 0 0 0 0 0 0 0 0 0 0 0 0 0 0 0 0 80 89 94 97 98 103 104 105 105 105 104 104 104 104 104 104 104 104 104 104 103 102 102 101 100 100 101 102 103 106 100 99 97 92 73 0 0 0 0 0 0 0 0 0 0 0 63 66 67 69 72 76 83 86 
68 63 67 67 67 67 67 67 68 68 68 68 69 69 70 70 71 71 72 73 73 73 74 74 75 75 76 76 77 77 77 72 72 70 66 57 0 0 0 0 0 0 0 0 0 0 0 0 0 0 0 0 0 0 0 0 0 0 0 0 0 0 0 0 0 0 0 0 0 66 77 81 84 86 91 92 92 92 92 91 90 82 80 77 69 53 0 0 0 0 0 0 0 0 0 0 0 0 0 0 0 0 0 0 0 0 0 0 0 0 0 0 0 0 0 0 0 0 0 0 0 0 77 88 93 96 97 103 104 105 104 105 104 104 104 104 104 104 104 104 104 103 103 103 102 101 101 101 101 102 103 106 100 100 98 93 74 0 0 0 0 0 0 0 0 0 0 0 62 65 66 68 71 75 79 84 
66 69 66 66 67 67 67 67 68 67 68 68 69 69 70 70 71 71 72 72 73 73 74 74 74 75 75 76 76 77 77 73 72 70 66 55 0 0 0 0 0 0 0 0 0 0 0 0 0 0 0 0 0 0 0 0 0 0 0 0 0 0 0 0 0 0 0 0 0 68 78 82 85 86 91 92 92 92 92 91 90 82 80 76 69 53 0 0 0 0 0 0 0 0 0 0 0 0 0 0 0 0 0 0 0 0 0 0 0 0 0 0 0 0 0 0 0 0 0 0 0 0 71 84 90 93 97 103 104 104 104 104 104 104 104 104 104 103 104 104 103 103 103 103 102 102 101 101 101 102 104 107 101 101 100 95 76 0 0 0 0 0 0 0 0 0 0 0 61 64 65 67 70 74 84 84 
69 68 66 66 67 67 67 67 68 68 68 69 69 69 70 70 70 71 71 72 72 73 73 74 75 75 76 76 77 77 77 72 71 69 64 52 0 0 0 0 0 0 0 0 0 0 0 0 0 0 0 0 0 0 0 0 0 0 0 0 0 0 0 0 0 0 0 0 0 69 79 83 85 86 91 91 91 91 91 91 90 82 80 76 69 52 0 0 0 0 0 0 0 0 0 0 0 0 0 0 0 0 0 0 0 0 0 0 0 0 0 0 0 0 0 0 0 0 0 0 0 0 69 83 89 92 97 103 104 104 104 104 104 104 103 104 104 103 103 103 103 103 103 103 102 102 101 101 101 102 103 106 102 101 100 96 81 0 0 0 0 0 0 0 0 0 0 0 61 63 65 67 69 74 75 82 
67 65 67 66 66 67 67 67 68 68 68 69 69 69 69 69 70 70 71 71 72 72 72 73 74 74 75 75 76 77 77 73 72 70 64 0 0 0 0 0 0 0 0 0 0 0 0 0 0 0 0 0 0 0 0 0 0 0 0 0 0 0 0 0 0 0 0 0 0 70 80 84 85 86 91 91 91 91 91 91 90 82 80 77 69 53 0 0 0 0 0 0 0 0 0 0 0 0 0 0 0 0 0 0 0 0 0 0 0 0 0 0 0 0 0 0 0 0 0 0 0 0 68 83 89 92 97 103 104 104 104 103 104 104 103 104 104 103 104 103 103 103 102 102 102 101 101 100 100 102 103 106 103 103 102 99 85 0 0 0 0 0 0 0 0 0 0 0 59 62 64 66 68 73 78 80 
69 62 66 66 66 67 67 67 68 69 69 69 69 69 69 69 70 70 71 71 72 72 72 73 74 74 75 75 76 77 77 74 73 71 66 0 0 0 0 0 0 0 0 0 0 0 0 0 0 0 0 0 0 0 0 0 0 0 0 0 0 0 0 0 0 0 0 0 0 72 81 84 86 87 91 91 91 91 91 91 90 82 80 76 69 53 0 0 0 0 0 0 0 0 0 0 0 0 0 0 0 0 0 0 0 0 0 0 0 0 0 0 0 0 0 0 0 0 0 0 0 0 67 82 88 91 96 103 103 104 104 104 104 103 103 103 103 103 103 103 102 102 102 102 102 101 101 101 101 102 104 106 104 102 100 97 84 0 0 0 0 0 0 0 0 0 0 0 59 62 64 65 67 72 76 86 
66 68 66 66 66 67 67 67 68 69 70 70 69 69 69 68 69 70 71 71 71 72 72 73 74 74 75 76 77 78 77 76 75 73 67 0 0 0 0 0 0 0 0 0 0 0 0 0 0 0 0 0 0 0 0 0 0 0 0 0 0 0 0 0 0 0 0 0 0 74 82 85 87 87 90 91 91 91 91 91 90 83 80 77 70 54 0 0 0 0 0 0 0 0 0 0 0 0 0 0 0 0 0 0 0 0 0 0 0 0 0 0 0 0 0 0 0 0 0 0 0 0 66 81 88 91 95 102 104 104 104 104 104 104 103 103 103 103 103 103 102 102 102 102 101 101 100 100 101 102 103 106 104 100 98 95 82 0 0 0 0 0 0 0 0 0 0 0 60 62 64 65 68 72 74 82 
62 67 66 66 66 67 67 67 68 69 69 69 69 69 69 69 70 71 71 71 71 71 72 73 74 75 76 77 77 78 77 75 75 72 67 0 0 0 0 0 0 0 0 0 0 0 0 0 0 0 0 0 0 0 0 0 0 0 0 0 0 0 0 0 0 0 0 0 0 74 82 85 86 87 90 91 91 91 91 91 90 82 80 77 69 53 0 0 0 0 0 0 0 0 0 0 0 0 0 0 0 0 0 0 0 0 0 0 0 0 0 0 0 0 0 0 0 0 0 0 0 0 70 83 90 93 95 102 104 104 104 104 104 104 103 103 103 103 103 103 102 102 102 101 101 101 100 100 101 102 103 106 105 99 97 93 80 0 0 0 0 0 0 0 0 0 0 0 60 63 64 65 67 72 76 81 
69 64 66 66 66 66 66 67 67 69 68 69 69 68 68 69 70 71 71 72 72 72 73 73 74 75 76 76 77 77 76 76 75 73 70 0 0 0 0 0 0 0 0 0 0 0 0 0 0 0 0 0 0 0 0 0 0 0 0 0 0 0 0 0 0 0 0 0 0 75 82 85 86 87 91 91 91 91 91 91 90 82 79 76 69 52 0 0 0 0 0 0 0 0 0 0 0 0 0 0 0 0 0 0 0 0 0 0 0 0 0 0 0 0 0 0 0 0 0 0 0 0 69 83 90 93 95 103 104 104 104 105 104 104 103 104 103 103 103 103 102 102 102 101 101 101 100 100 101 101 103 106 105 98 96 92 80 58 0 0 0 0 0 0 0 0 0 0 60 63 64 65 67 72 76 83 
73 69 66 66 66 66 67 67 68 69 69 69 69 69 69 69 70 71 72 72 73 73 73 74 74 75 76 77 78 77 75 75 75 72 68 0 0 0 0 0 0 0 0 0 0 0 0 0 0 0 0 0 0 0 0 0 0 0 0 0 0 0 0 0 0 0 0 0 0 69 78 82 84 88 91 91 91 91 91 91 90 82 79 76 69 50 0 0 0 0 0 0 0 0 0 0 0 0 0 0 0 0 0 0 0 0 0 0 0 0 0 0 0 0 0 0 0 0 0 0 0 0 64 79 87 91 95 102 104 105 105 105 105 104 104 104 103 103 103 103 102 102 102 101 101 101 100 100 101 101 103 105 105 96 94 90 79 58 0 0 0 0 0 0 0 0 0 0 60 62 63 65 67 72 74 89 
67 64 67 66 66 66 67 67 67 69 69 68 69 69 69 69 70 71 71 71 72 73 73 74 75 76 76 77 78 77 75 75 74 72 67 0 0 0 0 0 0 0 0 0 0 0 0 0 0 0 0 0 0 0 0 0 0 0 0 0 0 0 0 0 0 0 0 0 0 69 78 82 84 87 90 91 91 91 91 91 91 82 78 74 66 47 0 0 0 0 0 0 0 0 0 0 0 0 0 0 0 0 0 0 0 0 0 0 0 0 0 0 0 0 0 0 0 0 0 0 0 0 60 75 83 88 95 102 104 104 104 105 105 104 104 104 104 104 103 103 103 103 102 102 101 101 100 100 101 101 102 105 105 96 95 91 81 60 0 0 0 0 0 0 0 0 0 0 60 61 63 64 67 72 80 82 
67 60 66 65 66 66 67 67 67 68 67 67 68 68 68 69 70 71 71 71 72 73 73 74 74 75 75 76 77 77 75 74 73 71 65 0 0 0 0 0 0 0 0 0 0 0 0 0 0 0 0 0 0 0 0 0 0 0 0 0 0 0 0 0 0 0 0 0 0 69 78 82 84 87 91 91 91 91 91 92 91 82 76 72 63 46 0 0 0 0 0 0 0 0 0 0 0 0 0 0 0 0 0 0 0 0 0 0 0 0 0 0 0 0 0 0 0 0 0 0 0 0 56 72 81 86 95 103 105 105 105 105 105 104 104 104 104 104 103 103 103 103 102 102 101 101 101 101 101 101 102 105 106 98 96 93 84 63 0 0 0 0 0 0 0 0 0 0 0 62 63 65 67 71 81 81 
70 63 66 66 66 66 66 66 67 68 67 67 68 68 69 69 70 70 71 71 72 74 73 74 74 75 75 76 76 77 74 73 72 70 63 0 0 0 0 0 0 0 0 0 0 0 0 0 0 0 0 0 0 0 0 0 0 0 0 0 0 0 0 0 0 0 0 0 0 65 75 80 82 88 91 91 92 92 92 92 91 83 76 71 63 47 0 0 0 0 0 0 0 0 0 0 0 0 0 0 0 0 0 0 0 0 0 0 0 0 0 0 0 0 0 0 0 0 0 0 0 0 56 72 81 86 95 103 104 105 105 105 105 105 104 104 104 104 104 103 103 103 102 101 101 101 100 100 101 101 102 105 106 98 98 95 86 67 0 0 0 0 0 0 0 0 0 0 0 61 63 64 67 71 73 87 
66 63 66 65 66 66 66 66 67 68 68 68 68 69 69 69 69 70 71 71 72 74 73 74 74 75 75 76 76 77 74 74 72 70 62 0 0 0 0 0 0 0 0 0 0 0 0 0 0 0 0 0 0 0 0 0 0 0 0 0 0 0 0 0 0 0 0 0 0 66 76 80 83 88 92 92 92 92 92 92 91 83 75 70 62 47 41 0 0 0 0 0 0 0 0 0 0 0 0 0 0 0 0 0 0 0 0 0 0 0 0 0 0 0 0 0 0 0 0 0 0 43 54 70 79 84 95 103 104 104 104 105 105 105 105 105 104 104 104 103 103 103 103 102 101 101 100 100 101 101 102 104 106 99 98 95 87 68 0 0 0 0 0 0 0 0 0 0 0 62 63 64 67 71 75 77 
62 66 66 65 65 65 65 66 66 67 67 68 68 69 69 69 70 71 71 71 72 73 73 74 74 75 75 75 76 77 74 74 73 70 62 0 0 0 0 0 0 0 0 0 0 0 0 0 0 0 0 0 0 0 0 0 0 0 0 0 0 0 0 0 0 0 0 0 0 66 75 80 83 88 92 92 92 92 92 92 91 84 73 69 61 47 40 0 0 0 0 0 0 0 0 0 0 0 0 0 0 0 0 0 0 0 0 0 0 0 0 0 0 0 0 0 0 0 0 0 0 0 56 73 82 87 96 104 105 105 104 105 105 105 105 105 105 104 104 103 103 103 103 102 102 102 101 101 101 101 103 105 106 100 99 97 90 71 0 0 0 0 0 0 0 0 0 0 0 0 63 64 67 71 76 83 
71 66 65 65 65 65 66 66 66 66 67 68 68 69 69 69 70 71 71 72 72 73 73 73 74 75 75 75 75 76 74 73 72 70 63 0 0 0 0 0 0 0 0 0 0 0 0 0 0 0 0 0 0 0 0 0 0 0 0 0 0 0 0 0 0 0 0 0 0 66 76 81 83 89 92 93 93 93 93 92 91 84 74 69 61 48 41 0 0 0 0 0 0 0 0 0 0 0 0 0 0 0 0 0 0 0 0 0 0 0 0 0 0 0 0 0 0 0 0 0 0 0 56 73 82 87 96 105 106 105 105 105 105 105 105 105 105 104 104 103 103 103 103 102 102 102 101 100 101 101 103 105 107 101 100 98 91 73 0 0 0 0 0 0 0 0 0 0 0 0 0 65 67 70 70 81 
63 65 65 66 66 65 66 66 66 67 68 68 68 68 69 69 70 71 72 72 73 73 74 74 75 74 75 75 75 76 74 74 73 71 64 0 0 0 0 0 0 0 0 0 0 0 0 0 0 0 0 0 0 0 0 0 0 0 0 0 0 0 0 0 0 0 0 0 0 63 73 79 81 89 92 93 93 93 93 93 92 84 74 69 62 49 42 0 0 0 0 0 0 0 0 0 0 0 0 0 0 0 0 0 0 0 0 0 0 0 0 0 0 0 0 0 0 0 0 0 0 0 56 73 83 88 97 105 106 105 105 105 105 105 105 105 105 104 104 104 103 103 102 102 102 101 100 100 100 101 103 105 107 101 100 98 91 73 0 0 0 0 0 0 0 0 0 0 0 0 0 0 67 71 66 76 
63 67 65 66 66 66 66 66 66 66 68 68 68 68 69 69 70 71 72 72 73 73 74 74 74 74 75 75 76 76 74 74 73 71 65 0 0 0 0 0 0 0 0 0 0 0 0 0 0 0 0 0 0 0 0 0 0 0 0 0 0 0 0 0 0 0 0 0 0 64 74 79 82 89 92 93 92 92 93 93 91 85 74 69 61 49 40 0 0 0 0 0 0 0 0 0 0 0 0 0 0 0 0 0 0 0 0 0 0 0 0 0 0 0 0 0 0 0 0 0 0 45 56 71 81 87 97 105 106 105 105 105 105 105 106 106 105 104 104 103 103 103 102 102 102 101 100 100 101 101 103 105 107 101 100 98 91 71 0 0 0 0 0 0 0 0 0 0 0 0 0 0 66 71 64 70 
66 65 65 66 67 66 67 67 67 66 68 67 68 69 69 69 70 71 72 72 73 73 73 74 74 74 74 74 75 76 75 75 74 72 67 0 0 0 0 0 0 0 0 0 0 0 0 0 0 0 0 0 0 0 0 0 0 0 0 0 0 0 0 0 0 0 0 0 40 61 72 77 80 89 92 92 92 92 93 93 91 85 74 69 61 49 40 0 0 0 0 0 0 0 0 0 0 0 0 0 0 0 0 0 0 0 0 0 0 0 0 0 0 0 0 0 0 0 0 0 0 44 55 71 81 87 98 106 107 106 106 106 106 106 106 106 105 104 104 103 103 103 102 102 101 101 100 100 100 101 102 104 107 100 100 98 92 71 0 0 0 0 0 0 0 0 0 0 0 0 0 0 0 71 70 76 
61 63 65 66 66 66 67 67 67 67 68 67 68 69 69 69 70 70 71 72 72 73 74 74 74 74 75 75 76 77 75 75 74 72 67 0 0 0 0 0 0 0 0 0 0 0 0 0 0 0 0 0 0 0 0 0 0 0 0 0 0 0 0 0 0 0 0 0 41 63 73 78 81 90 92 93 93 93 93 93 92 85 74 70 62 49 41 0 0 0 0 0 0 0 0 0 0 0 40 40 0 0 0 0 0 0 0 0 0 0 0 0 0 0 0 0 0 0 0 0 0 43 53 68 78 84 97 105 107 106 106 106 107 106 106 106 105 104 104 103 102 102 102 101 101 100 100 100 100 101 102 104 107 100 99 97 90 70 0 0 0 0 0 0 0 0 0 0 0 0 0 0 0 71 0 72 
63 62 65 65 66 66 67 67 67 67 67 68 68 69 69 69 70 70 71 72 72 72 73 74 74 74 75 75 76 77 75 74 74 71 67 0 0 0 0 0 0 0 0 0 0 0 0 0 0 0 0 0 0 0 0 0 0 0 0 0 0 0 0 0 0 0 0 0 41 61 71 76 80 90 92 93 93 93 93 93 92 85 74 70 62 49 40 0 0 0 0 0 0 0 0 0 0 0 0 0 0 0 0 0 0 0 0 0 0 0 0 0 0 0 0 0 0 0 0 0 0 43 53 68 79 84 97 105 107 106 106 107 107 106 106 106 105 104 104 103 103 102 102 101 101 100 100 100 101 101 102 104 106 99 99 97 91 69 0 0 0 0 0 0 0 0 0 0 0 0 0 0 0 73 0 74 
64 63 65 65 66 66 66 66 66 67 67 68 68 69 69 70 70 70 70 71 71 72 73 74 73 74 75 75 76 77 75 74 73 71 66 0 0 0 0 0 0 0 0 0 0 0 0 0 0 0 0 0 0 0 0 0 0 0 0 0 0 0 0 0 0 0 0 0 40 61 71 76 80 90 92 92 92 92 92 92 91 85 75 71 63 50 42 0 0 0 0 0 0 0 0 0 0 0 0 0 0 0 0 0 0 0 0 0 0 0 0 0 0 0 0 0 0 0 0 0 0 43 53 68 79 84 96 105 107 107 107 107 107 107 106 106 105 104 104 103 103 103 102 101 101 100 100 100 101 101 101 103 105 99 99 98 92 70 0 0 0 0 0 0 0 0 0 0 0 0 0 0 0 74 0 72 
68 60 65 65 66 66 66 66 66 67 67 68 68 69 69 69 69 69 70 71 71 72 73 73 73 74 75 76 76 77 75 74 73 71 66 0 0 0 0 0 0 0 0 0 0 0 0 0 0 0 0 0 0 0 0 0 0 0 0 0 0 0 0 0 0 0 0 0 41 62 71 77 80 90 92 92 92 92 92 93 92 85 75 71 64 51 43 0 0 0 0 0 0 0 0 0 0 0 0 0 0 0 0 0 0 0 0 0 0 0 0 0 0 0 0 0 0 0 0 0 0 43 52 68 78 84 96 105 107 107 107 108 108 107 106 106 105 105 104 104 103 103 102 101 101 101 99 100 100 101 102 104 106 100 100 98 93 73 0 0 0 0 0 0 0 0 0 0 0 0 0 0 0 72 0 76 
64 64 65 65 65 65 65 66 66 67 67 68 68 68 68 69 69 69 70 71 71 72 73 73 74 74 75 76 76 76 74 73 72 70 64 0 0 0 0 0 0 0 0 0 0 0 0 0 0 0 0 0 0 0 0 0 0 0 0 0 0 0 0 0 0 0 0 0 43 63 72 77 80 91 92 93 92 93 92 92 92 86 76 72 65 53 44 0 0 0 0 0 0 0 0 0 0 0 0 0 0 0 0 0 0 0 0 0 0 0 0 0 0 0 0 0 0 0 0 0 0 45 53 68 78 84 96 105 107 107 107 107 107 107 106 106 105 105 104 104 104 103 102 102 101 101 100 100 101 101 102 104 107 101 101 100 96 76 0 0 0 0 0 0 0 0 0 0 0 0 0 0 0 72 0 75 
64 62 65 65 65 65 65 66 66 67 67 68 68 68 68 69 69 69 70 71 72 72 73 73 73 74 75 75 76 76 73 73 72 69 63 0 0 0 0 0 0 0 0 0 0 0 0 0 0 0 0 0 0 0 0 0 0 0 0 0 0 0 0 0 0 0 0 0 44 64 73 78 81 91 93 93 92 92 92 92 92 86 77 73 66 54 45 0 0 0 0 0 0 0 0 0 0 0 0 0 0 0 0 0 0 0 0 0 0 0 0 0 0 0 0 0 0 0 0 0 0 45 53 68 78 84 96 105 107 107 107 107 107 107 106 106 106 105 105 105 104 103 103 102 101 100 100 100 100 100 101 103 106 101 101 100 97 78 0 0 0 0 0 0 0 0 0 0 0 0 0 0 0 73 65 73 
68 62 64 65 65 65 65 66 66 67 67 68 68 68 68 69 69 69 70 71 72 73 73 74 74 75 75 75 75 76 73 72 71 69 63 0 0 0 0 0 0 0 0 0 0 0 0 0 0 0 0 0 0 0 0 0 0 0 0 0 0 0 0 0 0 0 0 0 45 65 73 79 81 91 92 93 93 93 93 93 93 87 78 74 67 55 46 0 0 0 0 0 0 0 0 0 0 0 0 0 0 0 0 0 0 0 0 0 0 0 0 0 0 0 0 0 0 0 0 0 0 45 53 68 78 84 96 105 107 107 107 107 107 107 106 106 105 105 104 104 104 103 103 102 101 100 99 99 100 100 101 103 106 101 101 100 96 79 0 0 0 0 0 0 0 0 0 0 0 0 0 0 65 71 63 80 
68 66 64 64 64 65 65 66 66 67 67 68 68 68 68 69 69 70 71 72 72 73 73 74 74 74 75 75 75 75 72 71 70 68 63 0 0 0 0 0 0 0 0 0 0 0 0 0 0 0 0 0 0 0 0 0 0 0 0 0 0 0 0 0 0 0 0 0 46 66 75 80 82 92 93 94 94 94 94 94 94 88 78 74 68 56 47 0 0 0 0 0 0 0 0 0 0 0 42 42 42 42 0 0 0 0 0 0 0 0 0 0 0 0 0 0 0 0 0 0 0 45 52 68 78 84 96 106 107 107 107 107 107 107 107 106 106 105 105 104 104 104 103 102 102 100 100 100 100 100 101 103 105 101 101 99 96 79 0 0 0 0 0 0 0 0 0 0 0 0 0 0 64 71 69 80 
63 64 64 64 64 65 65 66 66 67 67 68 68 68 69 69 70 70 71 72 72 73 73 74 74 74 74 75 75 74 72 71 70 67 62 0 0 0 0 0 0 0 0 0 0 0 0 0 0 0 0 0 0 0 0 0 0 0 0 0 0 0 0 0 0 0 0 0 47 66 75 80 82 92 93 94 94 94 94 94 94 88 79 76 69 57 49 0 0 0 0 0 0 0 0 0 0 0 46 46 46 46 0 0 0 0 0 0 0 0 0 0 0 0 0 0 0 0 0 0 0 44 52 68 77 83 96 105 107 107 107 107 107 107 107 106 106 105 105 105 104 103 103 102 101 100 100 100 100 100 101 103 105 100 100 99 95 79 0 0 0 0 0 0 0 0 0 0 0 0 0 0 64 72 62 73 
69 68 65 65 65 65 65 66 66 67 67 68 68 68 69 69 69 70 71 71 72 73 73 73 74 74 74 75 75 75 72 71 70 67 61 0 0 0 0 0 0 0 0 0 0 0 0 0 0 0 0 0 0 0 0 0 0 0 0 0 0 0 0 0 0 0 0 0 47 66 76 80 82 92 93 93 93 94 94 95 95 89 80 77 70 59 51 0 0 0 0 0 0 0 0 0 0 44 51 52 52 52 58 0 0 0 0 0 0 0 0 0 0 0 0 0 0 0 0 0 0 43 51 67 77 83 96 105 107 107 107 107 108 107 107 106 106 105 105 105 104 104 103 102 101 100 99 100 100 100 101 102 104 100 100 99 95 79 0 0 0 0 0 0 0 0 0 0 0 0 0 0 66 72 62 87 
60 65 65 64 64 65 65 66 67 67 67 68 69 69 69 69 69 70 70 71 71 73 73 73 74 75 74 75 76 75 73 72 71 68 63 0 0 0 0 0 0 0 0 0 0 0 0 0 0 0 0 0 0 0 0 0 0 0 0 0 0 0 0 0 0 0 0 0 47 65 75 80 82 92 94 93 94 95 94 96 96 90 81 78 71 60 52 0 0 0 0 0 0 0 0 0 0 0 58 59 59 56 61 0 0 0 0 0 0 0 0 0 0 0 0 0 0 0 0 0 0 44 52 68 77 83 96 105 107 107 107 107 107 107 106 106 106 105 105 105 104 104 103 102 101 100 100 100 100 100 101 102 104 101 100 99 96 81 0 0 0 0 0 0 0 0 0 0 0 0 0 0 65 72 66 76 
76 68 65 65 65 65 65 65 66 67 67 68 69 69 69 69 70 71 71 71 72 72 72 73 74 74 75 75 76 75 72 71 70 67 61 0 0 0 0 0 0 0 0 0 0 0 0 0 0 0 0 0 0 0 0 0 0 0 0 0 0 0 0 0 0 0 0 0 46 64 75 79 82 92 94 94 94 95 95 96 96 91 82 79 73 62 54 0 0 0 0 0 0 0 0 0 0 0 61 65 67 64 67 63 0 0 0 0 0 0 0 0 0 0 0 0 0 0 0 0 0 45 53 67 77 83 95 105 107 107 107 107 107 107 106 106 106 105 105 105 104 103 103 102 101 101 100 100 100 100 101 102 104 101 101 100 97 82 0 0 0 0 0 0 0 0 0 0 0 0 0 0 66 72 73 78 
67 62 65 65 65 66 66 66 66 67 67 68 69 69 69 69 70 71 71 71 72 73 72 73 74 75 75 76 77 76 73 72 71 67 61 0 0 0 0 0 0 0 0 0 0 0 0 0 0 0 0 0 0 0 0 0 0 0 0 0 0 0 0 0 0 0 0 0 46 64 75 79 82 92 94 94 94 95 95 96 97 92 84 81 74 64 55 0 0 0 0 0 0 0 0 0 0 0 64 73 73 70 71 71 0 0 0 0 0 0 0 0 0 0 0 0 0 0 0 0 0 46 53 67 77 83 95 104 107 107 107 107 107 106 106 106 106 105 105 105 104 103 102 101 101 101 100 100 100 100 100 102 105 101 102 101 98 83 0 0 0 0 0 0 0 0 0 0 0 0 0 0 66 71 64 77 
62 60 65 65 66 66 66 66 67 67 67 68 69 69 69 69 69 70 70 71 72 73 72 73 74 75 75 76 76 76 73 72 70 67 61 0 0 0 0 0 0 0 0 0 0 0 0 0 0 0 0 0 0 0 0 0 0 0 0 0 0 0 0 0 0 0 0 0 46 64 74 80 83 92 95 95 95 96 96 97 97 92 84 81 75 64 57 0 0 0 0 0 0 0 0 0 0 0 61 78 77 72 71 73 50 0 0 0 0 0 0 0 0 0 0 0 0 0 0 0 0 47 54 68 78 84 95 104 107 107 106 106 106 106 105 105 105 105 104 104 104 103 102 101 101 100 100 100 100 100 100 102 105 102 102 101 99 84 0 0 0 0 0 0 0 0 0 0 0 0 0 0 66 70 68 78 
61 64 64 64 65 65 65 66 66 67 67 68 69 69 69 70 70 71 71 72 72 73 73 73 73 74 75 75 76 75 72 71 69 66 60 0 0 0 0 0 0 0 0 0 0 0 0 0 0 0 0 0 0 0 0 0 0 0 0 0 0 0 0 0 0 0 0 0 45 64 74 79 83 93 96 96 96 96 96 97 97 93 85 80 73 63 55 0 0 0 0 0 0 0 0 0 0 0 57 86 98 92 87 96 82 56 0 0 0 0 0 0 0 0 0 0 0 0 0 0 0 49 55 69 79 84 96 105 107 106 106 106 106 106 105 105 105 104 104 104 103 103 102 101 101 100 100 100 100 100 100 102 104 101 101 101 98 84 0 0 0 0 0 0 0 0 0 0 0 0 0 61 65 69 72 76 
65 65 64 65 65 66 65 66 66 67 67 68 68 69 69 69 69 70 71 72 72 73 73 73 74 75 75 76 76 76 72 71 69 66 58 0 0 0 0 0 0 0 0 0 0 0 0 0 0 0 0 0 0 0 0 0 0 0 0 0 0 0 0 0 0 0 0 0 46 64 74 80 84 94 96 96 96 96 96 97 97 92 86 81 76 68 65 0 0 0 0 0 0 0 0 0 0 0 50 123 127 155 149 171 147 165 68 0 0 0 0 0 0 0 0 0 0 0 0 0 0 54 57 70 79 85 96 105 107 106 106 106 106 105 105 104 104 104 103 104 103 102 101 101 100 100 100 100 100 100 100 102 105 101 101 101 99 84 0 0 0 0 0 0 0 0 0 0 0 0 0 60 65 68 70 81 
58 65 64 65 65 65 66 66 66 67 67 67 68 68 68 69 69 70 70 71 72 73 73 74 74 75 75 76 76 76 72 72 70 67 59 0 0 0 0 0 0 0 0 0 0 0 0 0 0 0 0 0 0 0 0 0 0 0 0 0 0 0 0 0 0 0 0 0 48 66 74 80 85 95 98 98 98 96 96 97 97 93 88 89 84 80 84 94 0 0 0 0 0 0 0 0 0 0 54 206 192 209 217 243 169 180 112 0 0 0 0 0 0 0 0 0 0 0 0 0 0 69 66 75 82 87 96 105 107 107 106 106 106 105 104 104 104 103 103 103 103 102 101 101 100 100 99 99 100 100 100 101 104 100 100 99 97 83 0 0 0 0 0 0 0 0 0 0 0 0 0 60 65 68 68 68 
63 67 64 64 64 65 65 66 66 67 67 67 68 68 68 69 69 70 70 71 72 73 73 74 74 74 75 76 76 76 73 72 70 66 59 0 0 0 0 0 0 0 0 0 0 0 0 0 0 0 0 0 0 0 0 0 0 0 0 0 0 0 0 0 0 0 0 0 48 66 74 81 87 98 101 101 100 97 96 97 97 92 89 91 86 83 88 92 0 0 0 0 0 0 0 0 0 0 56 253 241 251 257 276 178 179 118 46 0 0 0 0 0 0 0 0 0 0 0 0 0 81 74 81 87 90 97 105 107 107 107 106 106 105 104 104 104 103 103 103 102 102 101 100 99 99 99 99 99 100 100 101 103 99 98 98 95 81 0 0 0 0 0 0 0 0 0 0 0 0 0 60 64 68 70 75 
65 69 64 64 64 64 65 65 66 67 67 67 67 68 68 69 69 70 71 71 72 72 72 73 73 74 74 75 76 76 73 72 71 67 58 0 0 0 0 0 0 0 0 0 0 0 0 0 0 0 0 0 0 0 0 0 0 0 0 0 0 0 37 37 37 0 0 0 47 65 74 81 88 100 102 103 102 98 96 97 97 92 89 90 84 81 84 85 0 0 0 0 0 0 0 0 0 0 57 257 263 314 312 322 244 235 109 48 0 0 0 0 0 0 0 0 0 0 0 0 88 81 75 80 86 90 97 105 108 107 107 106 106 105 104 104 104 103 103 102 102 101 100 100 99 98 98 98 98 99 99 99 101 98 97 96 94 79 0 0 0 0 0 0 0 0 0 0 0 0 0 61 64 67 70 79 
62 65 64 64 63 64 65 65 66 67 67 67 67 67 68 68 69 70 71 71 72 72 72 73 73 74 74 75 76 76 73 73 71 67 59 0 0 0 0 0 0 0 0 0 0 0 0 0 0 0 0 0 0 0 0 0 0 0 0 0 0 0 37 37 37 0 0 0 47 66 74 81 88 100 102 103 102 98 96 97 97 92 89 91 86 83 88 93 0 0 0 0 0 0 0 0 0 0 59 266 259 316 314 297 224 225 105 48 0 0 0 0 0 0 0 0 0 0 0 0 88 81 74 80 86 90 96 105 108 107 106 106 106 105 104 104 103 102 102 101 99 98 97 95 94 93 93 93 93 94 95 96 98 93 93 92 89 74 0 0 0 0 0 0 0 0 0 0 0 0 60 60 64 67 69 78 
60 69 63 63 63 64 65 65 66 67 67 66 67 67 67 68 69 70 71 71 72 72 72 73 74 74 74 75 76 76 73 73 71 68 60 0 0 0 0 0 0 0 0 0 0 0 0 0 0 0 0 0 0 0 0 0 0 0 0 0 0 0 0 0 0 0 0 0 47 66 74 80 88 99 102 103 102 98 96 97 97 92 88 90 84 80 84 93 0 0 0 0 0 0 0 0 0 0 63 280 250 278 263 249 183 186 103 49 0 0 0 0 0 0 0 0 0 0 0 0 0 81 73 80 86 89 96 105 108 107 107 106 106 105 104 103 101 99 96 93 91 90 88 88 88 89 87 87 86 85 85 86 88 86 85 85 83 71 0 0 0 0 0 0 0 0 0 0 0 0 59 60 63 67 67 79 
63 63 63 63 63 64 65 65 66 66 67 67 67 67 68 68 69 70 71 71 72 72 73 73 74 74 74 75 75 76 73 73 72 68 60 0 0 0 0 0 0 0 0 0 0 0 0 0 0 0 0 0 0 0 0 0 0 0 0 0 0 0 0 0 0 0 0 0 46 65 73 79 86 98 100 101 100 97 95 96 96 92 85 81 74 67 64 65 0 0 0 0 0 0 0 0 0 0 0 208 177 222 192 184 161 168 83 51 0 0 0 0 0 0 0 0 0 0 0 0 0 69 65 74 82 87 96 105 107 107 106 106 106 105 103 100 98 95 92 89 88 87 84 84 85 86 83 84 82 82 81 83 84 83 83 82 80 0 0 0 0 0 0 0 0 0 0 0 0 0 60 61 63 66 72 72 
62 60 64 64 64 64 64 65 65 66 66 66 67 67 68 68 70 70 71 71 72 72 73 74 74 74 74 75 75 76 73 73 72 69 62 0 0 0 0 0 0 0 0 0 0 0 0 0 0 0 0 0 0 0 0 0 0 0 0 0 0 0 0 0 0 0 0 0 45 65 73 78 83 95 97 97 98 96 95 96 96 91 83 76 70 60 52 0 0 0 0 0 0 0 0 0 0 0 0 0 121 187 154 148 152 156 66 0 0 0 0 0 0 0 0 0 0 0 0 0 0 52 55 68 77 84 95 104 107 106 106 106 105 104 99 96 93 89 84 82 80 79 76 75 76 77 75 77 77 76 76 78 79 78 78 78 76 0 0 0 0 0 0 0 0 0 0 0 0 0 60 61 63 66 68 82 
66 71 63 64 64 64 64 65 65 65 66 66 67 67 68 68 70 70 71 71 72 72 73 74 74 75 75 75 75 75 73 73 72 70 64 0 0 0 0 0 0 0 0 0 0 0 0 0 0 0 0 0 0 0 0 0 0 0 0 0 0 0 0 0 0 0 0 0 44 64 73 78 82 93 95 96 96 96 95 96 95 90 82 77 70 60 52 0 0 0 0 0 0 0 0 0 0 0 0 0 69 103 96 93 96 102 77 0 0 0 0 0 0 0 0 0 0 0 0 0 0 46 51 66 76 82 94 104 106 106 106 105 104 100 95 91 86 81 77 76 75 76 73 71 70 69 64 65 65 63 63 64 65 65 66 66 0 0 0 0 0 0 0 0 0 0 0 0 0 60 61 61 64 66 69 73 
71 66 64 65 64 65 65 65 65 65 66 66 67 67 68 69 70 70 71 71 71 72 73 74 74 75 75 75 75 75 73 73 73 70 65 0 0 0 0 0 0 0 0 0 0 0 0 0 0 0 0 0 0 0 0 0 0 0 0 0 0 0 0 0 0 0 0 0 44 66 74 79 82 91 94 95 95 96 95 95 95 90 82 76 70 59 51 0 0 0 0 0 0 0 0 0 0 0 0 0 0 94 94 94 94 101 94 0 0 0 0 0 0 0 0 0 0 0 0 0 0 46 51 66 76 82 94 104 106 105 105 104 102 98 93 86 79 75 73 74 76 79 74 72 70 66 55 54 56 58 59 61 62 62 63 62 0 0 0 0 0 0 0 0 0 0 0 0 0 59 60 62 64 66 68 79 
60 59 64 65 65 65 65 65 65 65 67 67 68 68 69 69 70 71 71 71 71 72 73 74 74 75 74 75 75 76 73 73 72 70 65 0 0 0 0 0 0 0 0 0 0 0 0 0 0 0 0 0 0 0 0 0 0 0 0 0 0 0 0 0 0 0 0 0 44 66 74 79 82 91 93 94 95 95 95 95 94 89 81 75 69 58 50 0 0 0 0 0 0 0 0 0 0 0 0 0 0 84 90 87 87 91 89 0 0 0 0 0 0 0 0 0 0 0 0 0 0 45 51 66 76 82 94 104 105 105 104 104 100 96 89 81 75 74 77 83 88 87 82 79 75 67 61 66 72 73 75 74 74 73 73 0 0 0 0 0 0 0 0 0 0 0 0 0 0 60 61 62 64 67 74 76 
61 67 64 64 65 65 64 64 65 65 67 67 68 68 69 69 70 70 71 71 71 72 73 73 74 75 75 75 75 75 73 73 72 70 66 0 0 0 0 0 0 0 0 0 0 0 0 0 0 0 0 0 0 0 0 0 0 0 0 0 0 0 0 37 37 0 0 0 43 65 74 78 81 90 93 94 95 95 95 95 94 89 80 76 70 60 52 0 0 0 0 0 0 0 0 0 0 0 0 0 0 0 83 79 79 79 80 0 0 0 0 0 0 0 0 0 0 0 0 0 0 45 51 66 76 82 94 103 105 104 104 103 96 92 84 79 74 78 83 88 90 87 83 79 74 67 66 72 77 78 80 78 77 77 75 69 0 0 0 0 0 0 0 0 0 0 0 0 0 58 60 61 64 67 71 74 
63 61 63 64 65 65 65 65 66 66 67 68 68 69 69 69 70 70 71 71 71 72 73 73 74 75 75 75 75 75 73 73 72 70 64 0 0 0 0 0 0 0 0 0 0 0 0 0 0 0 0 0 0 0 0 0 0 0 0 0 0 0 0 37 37 0 0 0 41 63 72 77 81 90 93 95 95 95 95 95 94 88 79 76 69 59 50 0 0 0 0 0 0 0 0 0 0 0 0 0 0 0 72 68 68 68 69 0 0 0 0 0 0 0 0 0 0 0 0 0 0 44 51 66 75 81 93 103 104 104 103 102 95 89 83 78 76 82 88 92 94 90 86 81 75 68 72 77 81 82 82 81 80 80 78 73 0 0 0 0 0 0 0 0 0 0 0 0 0 58 60 62 64 67 70 83 
60 64 64 64 65 65 65 65 66 66 67 68 68 69 69 69 69 70 70 71 71 72 72 73 74 75 75 75 75 76 73 73 71 70 64 0 0 0 0 0 0 0 0 0 0 0 0 0 0 0 0 0 0 0 0 0 0 0 0 0 0 0 0 0 0 0 0 0 40 63 72 77 80 90 92 94 94 95 95 94 93 88 79 75 68 57 48 0 0 0 0 0 0 0 0 0 0 0 0 0 0 0 66 60 60 60 62 53 0 0 0 0 0 0 0 0 0 0 0 0 0 43 50 65 75 81 92 102 103 102 102 100 94 88 83 79 80 87 92 95 96 90 86 80 74 70 77 80 84 87 88 87 88 87 85 79 0 0 0 0 0 0 0 0 0 0 0 0 0 58 60 61 63 66 71 76 
67 62 63 64 65 65 65 65 66 66 66 67 67 68 68 69 69 70 70 71 72 72 73 73 74 75 75 75 76 76 73 73 72 70 66 0 0 0 0 0 0 0 0 0 0 0 0 0 0 0 0 0 0 0 0 0 0 0 0 0 0 0 0 0 0 0 0 0 40 58 70 75 79 89 92 94 94 94 94 94 93 87 78 74 67 55 47 0 0 0 0 0 0 0 0 0 0 0 0 0 0 0 0 56 56 56 56 53 0 0 0 0 0 0 0 0 0 0 0 0 0 43 50 64 74 80 92 101 103 102 102 99 94 85 80 79 82 88 94 97 95 89 86 80 74 73 82 84 88 91 92 90 90 89 87 81 0 0 0 0 0 0 0 0 0 0 0 0 0 57 59 61 63 66 69 78 
67 61 63 64 65 65 65 65 66 66 66 67 67 67 68 68 68 68 69 70 71 71 72 73 74 74 75 75 76 76 73 73 72 71 65 0 0 0 0 0 0 0 0 0 0 0 0 0 0 0 0 0 0 0 0 0 0 0 0 0 0 0 0 0 0 0 0 0 38 57 68 75 78 89 92 93 93 93 94 94 92 86 77 73 66 54 46 0 0 0 0 0 0 0 0 0 0 0 0 0 0 0 0 53 53 53 53 0 0 0 0 0 0 0 0 0 0 0 0 0 0 43 49 64 74 80 91 101 102 102 102 98 94 85 80 79 83 88 94 97 93 88 83 76 72 76 83 86 90 92 92 90 89 88 86 81 0 0 0 0 0 0 0 0 0 0 0 0 0 57 59 61 63 66 68 82 
60 62 63 64 65 65 66 66 66 66 66 66 67 67 66 66 67 66 66 68 70 70 72 73 73 74 74 75 76 76 73 73 72 70 65 0 0 0 0 0 0 0 0 0 0 0 0 0 0 0 0 0 0 0 0 0 0 0 0 0 0 0 0 0 0 0 0 0 38 57 68 74 78 88 91 92 92 93 93 93 92 86 76 72 65 52 44 0 0 0 0 0 0 0 0 0 0 0 0 0 0 0 0 0 0 0 0 0 0 0 0 0 0 0 0 0 0 0 0 0 0 43 49 63 73 79 91 100 102 101 101 97 96 86 80 78 82 84 90 92 89 85 79 74 73 77 81 85 89 89 90 88 88 87 85 81 0 0 0 0 0 0 0 0 0 0 0 0 0 58 60 61 63 66 68 80 
61 64 63 64 65 65 66 66 66 66 66 66 66 66 65 65 64 63 64 66 68 70 71 73 74 74 74 75 76 76 74 74 73 71 66 0 0 0 0 0 0 0 0 0 0 0 0 0 0 0 0 0 0 0 0 0 0 0 0 0 0 0 0 0 0 0 0 0 39 58 69 74 78 88 90 91 91 91 92 92 91 85 75 71 64 51 43 0 0 0 0 0 0 0 0 0 0 0 0 0 0 0 0 0 0 0 0 0 0 0 0 0 0 0 0 0 0 0 0 0 0 43 48 62 73 79 90 99 100 98 95 90 88 82 78 77 82 84 88 88 85 83 76 70 70 73 76 80 83 83 85 82 81 81 80 75 0 0 0 0 0 0 0 0 0 0 0 0 0 58 60 61 63 66 68 82 
60 58 63 64 65 65 66 66 66 66 66 66 66 65 64 64 64 62 62 66 68 69 71 73 74 74 74 75 75 76 74 74 73 71 66 0 0 0 0 0 0 0 0 0 0 0 0 0 0 0 0 0 0 0 0 0 0 0 0 0 0 0 0 0 0 0 0 0 39 57 68 73 77 87 90 91 90 90 91 91 91 85 75 70 63 50 42 0 0 0 0 0 0 0 0 0 0 0 0 0 0 0 0 0 0 0 0 0 0 0 0 0 0 0 0 0 0 0 0 0 0 43 48 63 73 79 89 96 97 94 91 87 87 82 77 76 80 82 85 85 82 80 72 68 69 72 74 79 81 81 82 79 78 78 78 73 0 0 0 0 0 0 0 0 0 0 0 0 0 61 61 63 65 67 70 71 
60 61 63 65 65 65 66 66 66 66 66 66 66 65 63 63 62 60 59 63 66 68 70 73 74 74 75 75 75 76 73 73 72 71 65 0 0 0 0 0 0 0 0 0 0 0 0 0 0 0 0 0 0 0 0 0 0 0 0 0 0 0 0 0 0 0 0 0 39 60 70 75 79 87 89 90 89 89 90 91 90 84 74 70 62 49 41 0 0 0 0 0 0 0 0 0 0 0 0 0 0 0 0 0 0 0 0 0 0 0 0 0 0 0 0 0 0 0 0 0 0 43 48 63 73 78 86 93 93 90 86 84 83 81 75 74 78 79 80 79 77 74 66 63 65 67 70 74 76 76 78 75 74 74 75 0 0 0 0 0 0 0 0 0 0 0 0 0 0 61 62 63 65 67 73 77 
66 67 63 64 65 65 65 66 66 67 66 66 66 65 63 63 62 60 59 63 66 68 70 74 74 75 75 75 75 75 73 73 72 70 64 0 0 0 0 0 0 0 0 0 0 0 0 0 0 0 0 0 0 0 0 0 0 0 0 0 0 0 0 0 0 0 0 0 0 63 72 76 80 87 88 89 89 88 89 90 90 84 74 69 62 49 40 0 0 0 0 0 0 0 0 0 0 0 0 0 0 0 0 0 0 0 0 0 0 0 0 0 0 0 0 0 0 0 0 0 0 42 48 64 74 78 84 91 90 85 80 78 77 74 69 67 0 69 70 67 66 64 60 57 61 61 63 66 68 68 71 70 69 69 71 0 0 0 0 0 0 0 0 0 0 0 0 0 0 62 62 63 65 67 75 77 
61 63 64 64 64 64 65 65 66 66 66 66 67 66 64 64 64 62 61 65 67 68 70 73 74 75 75 75 75 75 73 72 71 69 63 0 0 0 0 0 0 0 0 0 0 0 0 0 0 0 0 0 0 0 0 0 0 0 0 0 0 0 0 0 0 0 0 0 0 65 74 78 81 86 88 89 88 88 88 89 89 83 73 68 61 49 41 0 0 0 0 0 0 0 0 0 0 0 0 0 0 0 0 0 0 0 0 0 0 0 0 0 0 0 0 0 0 0 0 0 0 0 50 66 76 78 82 88 86 78 69 64 61 0 0 0 0 0 0 0 0 0 0 0 0 0 0 0 0 0 0 57 57 0 0 0 0 0 0 0 0 0 0 0 0 0 0 0 0 62 62 63 66 68 71 76 
64 61 64 64 64 64 64 64 65 65 65 65 66 66 65 65 66 65 64 66 68 69 70 72 73 74 74 75 75 75 72 72 71 69 62 0 0 0 0 0 0 0 0 0 0 0 0 0 0 0 0 0 0 0 0 0 0 0 0 0 0 0 0 0 0 0 0 0 0 68 76 80 83 86 89 89 88 88 88 89 89 82 72 68 60 48 40 0 0 0 0 0 0 0 0 0 0 0 0 0 0 0 0 0 0 0 0 0 0 0 0 0 0 0 0 0 0 0 0 0 0 0 53 69 78 79 81 86 84 74 0 0 0 0 0 0 0 0 0 0 0 0 0 0 0 0 0 0 0 0 0 0 0 0 0 0 0 0 0 0 0 0 0 0 0 0 0 0 0 63 62 63 65 68 73 77 
64 66 64 64 64 64 64 64 65 66 65 65 66 66 65 66 66 66 65 67 68 69 70 72 72 73 74 74 74 75 72 72 71 68 61 0 0 0 0 0 0 0 0 0 0 0 0 0 0 0 0 0 0 0 0 0 0 0 0 0 0 0 0 0 0 0 0 0 0 75 80 83 85 86 88 89 88 88 88 89 88 82 73 69 62 48 39 0 0 0 0 0 0 0 0 0 0 0 0 0 0 0 0 0 0 0 0 0 0 0 0 0 0 0 0 0 0 0 0 0 0 0 55 71 80 81 80 87 85 75 0 0 0 0 0 0 0 0 0 0 0 0 0 0 0 0 0 0 0 0 0 0 0 0 0 0 0 0 0 0 0 0 0 0 0 0 0 0 0 60 61 62 64 67 72 79 
61 65 64 64 63 64 64 64 65 65 65 65 66 66 66 67 68 68 67 69 69 69 71 72 72 73 73 74 74 74 72 71 70 67 60 0 0 0 0 0 0 0 0 0 0 0 0 0 0 0 0 0 0 0 0 0 0 0 0 0 0 0 0 0 0 0 0 0 0 74 80 82 84 86 88 89 89 88 88 88 88 81 74 70 63 49 0 0 0 0 0 0 0 0 0 0 0 0 0 0 0 0 0 0 0 0 0 0 0 0 0 0 0 0 0 0 0 0 0 0 0 0 58 74 82 83 82 87 86 78 0 0 0 0 0 0 0 0 0 0 0 0 0 0 0 0 0 0 0 0 0 0 0 0 0 0 0 0 0 0 0 0 0 0 0 0 0 0 0 60 61 62 64 67 68 76 
0 65 64 64 63 63 63 63 63 63 63 64 64 65 66 67 67 68 68 68 69 69 71 71 72 72 73 73 74 74 72 71 70 68 62 0 0 0 0 0 0 0 0 0 0 0 0 0 0 0 0 0 0 0 0 0 0 0 0 0 0 0 0 0 0 0 0 0 0 74 80 83 84 86 88 89 89 89 89 88 88 81 74 69 62 48 0 0 0 0 0 0 0 0 0 0 0 0 0 0 0 0 0 0 0 0 0 0 0 0 0 0 0 0 0 0 0 0 0 0 0 0 59 74 83 84 84 89 86 80 73 0 0 0 0 0 0 0 0 0 0 0 0 0 0 0 0 0 0 0 0 0 0 0 0 0 0 0 0 0 0 0 0 0 0 0 0 0 0 61 61 62 64 67 70 79 
62 66 64 64 63 63 63 63 63 63 63 63 63 64 64 65 65 66 65 66 66 67 68 69 69 70 71 72 73 73 71 71 69 67 61 0 0 0 0 0 0 0 0 0 0 0 0 0 0 0 0 0 0 0 0 0 0 0 0 0 0 0 0 0 0 0 0 0 0 73 79 82 84 85 88 89 89 89 88 88 88 81 75 71 64 49 0 0 0 0 0 0 0 0 0 0 0 0 0 0 0 0 0 0 0 0 0 0 0 0 0 0 0 0 0 0 0 0 0 0 0 0 58 74 82 85 85 90 88 83 76 68 61 59 59 59 60 59 56 53 51 0 0 0 0 0 0 0 0 0 0 0 0 0 0 0 0 0 0 0 0 0 0 0 0 0 0 0 0 59 60 62 64 67 76 79 
0 0 64 64 63 63 62 63 62 62 63 63 62 64 64 64 64 65 65 65 66 67 68 68 69 70 70 69 69 69 67 67 67 65 60 0 0 0 0 0 0 0 0 0 0 0 0 0 0 0 0 0 0 0 0 0 0 0 0 0 0 0 0 0 0 0 0 0 0 72 79 82 83 85 88 88 88 88 88 88 87 80 77 73 66 51 0 0 0 0 0 0 0 0 0 0 0 0 0 0 0 0 0 0 0 0 0 0 0 0 0 0 0 0 0 0 0 0 0 0 0 0 61 75 83 86 86 91 90 86 81 76 73 72 71 72 72 72 70 67 65 64 62 0 0 0 0 0 0 0 0 0 0 0 0 0 0 0 0 0 0 0 0 0 0 0 0 0 0 60 61 62 64 67 72 75 
0 0 63 63 62 61 60 61 60 60 61 62 61 64 63 63 63 64 64 64 65 66 66 67 68 69 69 69 68 68 66 66 66 64 60 0 0 0 0 0 0 0 0 0 0 0 0 0 0 0 0 0 0 0 0 0 0 0 0 0 0 0 0 0 0 0 0 0 0 69 76 79 80 82 85 85 85 86 85 86 85 79 73 70 63 49 0 0 0 0 0 0 0 0 0 0 0 0 0 0 0 0 0 0 0 0 0 0 0 0 0 0 0 0 0 0 0 0 0 0 0 0 61 75 82 85 86 91 90 87 83 78 76 74 73 73 72 72 70 68 65 64 62 59 0 0 0 0 0 0 0 0 0 0 0 0 0 0 0 0 0 0 0 0 0 0 0 0 0 62 62 63 65 68 69 80 
0 0 0 0 0 0 0 0 57 57 58 59 58 60 60 60 60 61 61 62 62 63 64 65 66 68 67 67 67 66 65 65 64 63 0 0 0 0 0 0 0 0 0 0 0 0 0 0 0 0 0 0 0 0 0 0 0 0 0 0 0 0 0 0 0 0 0 0 0 69 74 75 77 77 78 77 77 76 76 76 76 71 66 64 58 47 0 0 0 0 0 0 0 0 0 0 0 0 0 0 0 0 0 0 0 0 0 0 0 0 0 0 0 0 0 0 0 0 0 0 0 0 58 69 75 78 79 84 83 81 77 74 71 71 71 73 72 72 70 68 65 64 62 59 0 0 0 0 0 0 0 0 0 0 0 0 0 0 0 0 0 0 0 0 0 0 0 0 0 62 62 63 65 68 71 77 
0 0 0 0 0 0 0 0 0 0 0 0 0 0 0 0 55 56 57 57 58 58 58 59 61 64 64 63 62 63 61 61 62 61 0 0 0 0 0 0 0 0 0 0 0 0 0 0 0 0 0 0 0 0 0 0 0 0 0 0 0 0 0 0 0 0 0 0 0 0 73 73 75 75 76 75 75 73 73 73 73 68 65 63 58 48 0 0 0 0 0 0 0 0 0 0 0 0 0 0 0 0 0 0 0 0 0 0 0 0 0 0 0 0 0 0 0 0 0 0 0 0 57 68 73 75 77 82 82 80 77 75 72 71 71 73 72 72 70 68 65 64 62 59 0 0 0 0 0 0 0 0 0 0 0 0 0 0 0 0 0 0 0 0 0 0 0 0 60 62 62 63 65 69 74 82 
0 0 0 0 0 0 0 0 0 0 0 0 0 0 0 0 0 0 0 0 0 0 0 0 0 0 0 0 0 52 54 54 0 0 0 0 0 0 0 0 0 0 0 0 0 0 0 0 0 0 0 0 0 0 0 0 0 0 0 0 0 0 0 0 0 0 0 0 0 0 71 69 72 71 71 69 70 68 68 69 68 65 61 60 55 46 0 0 0 0 0 0 0 0 0 0 0 0 0 0 0 0 0 0 0 0 0 0 0 0 0 0 0 0 0 0 0 0 0 0 0 0 0 67 70 72 73 78 78 78 76 76 76 77 77 80 79 78 77 75 70 69 66 63 0 0 0 0 0 0 0 0 0 0 0 0 0 0 0 0 0 0 0 0 0 0 0 0 62 63 63 64 66 69 74 79 
0 0 0 0 0 0 0 0 0 0 0 0 0 0 0 0 0 0 0 0 0 0 0 0 0 0 0 0 0 0 0 0 0 0 0 0 0 0 0 0 0 0 0 0 0 0 0 0 0 0 0 0 0 0 0 0 0 0 0 0 0 0 0 0 0 0 0 0 0 0 0 62 65 63 62 60 61 59 60 60 60 57 54 53 49 0 0 0 0 0 0 0 0 0 0 0 0 0 0 0 0 0 0 0 0 0 0 0 0 0 0 0 0 0 0 0 0 0 0 0 0 0 0 59 62 64 65 69 69 69 68 69 69 70 71 75 73 71 70 69 65 64 0 0 0 0 0 0 0 0 0 0 0 0 0 0 0 0 0 0 0 0 0 0 0 0 0 0 62 62 63 64 66 70 72 78 
0 0 0 0 0 0 0 0 0 0 0 0 0 0 0 0 0 0 0 0 0 0 0 0 0 0 0 0 0 0 0 0 0 0 0 0 0 0 0 0 0 0 0 0 0 0 0 0 0 0 0 0 0 0 0 0 0 0 0 0 0 0 0 0 0 0 0 0 0 0 0 0 0 0 0 40 41 41 42 42 43 42 42 0 0 0 0 0 0 0 0 0 0 0 0 0 0 0 0 0 0 0 0 0 0 0 0 0 0 0 0 0 0 0 0 0 0 0 0 0 0 0 0 0 0 49 50 52 52 53 51 50 0 0 0 0 0 0 0 0 0 0 0 0 0 0 56 56 56 56 58 0 0 0 0 0 0 0 0 0 0 0 0 0 0 0 0 0 62 63 63 65 66 70 70 86 
0 0 0 0 0 0 0 0 0 0 0 0 0 0 0 0 0 0 0 0 0 0 0 0 0 0 0 0 0 0 0 0 0 0 0 0 0 0 0 0 0 0 0 0 0 0 0 0 0 0 0 0 0 0 0 0 0 0 0 0 0 0 0 0 0 0 0 0 0 0 0 0 0 0 0 0 0 0 0 0 0 0 0 0 0 0 0 0 0 0 0 0 0 0 0 0 0 0 0 0 0 0 0 0 0 0 0 0 0 0 0 0 0 0 0 0 0 0 0 0 0 0 0 0 0 0 0 0 0 0 0 0 0 0 0 0 0 0 0 0 0 0 0 0 0 0 56 56 56 56 58 0 0 0 0 0 0 0 0 0 0 0 0 0 0 0 0 0 63 64 64 65 67 70 78 74 
0 0 0 0 0 0 0 0 0 0 0 0 0 0 0 0 0 0 0 0 0 0 0 0 0 0 0 0 0 0 0 0 0 0 0 0 0 0 0 0 0 0 0 0 0 0 0 0 0 0 0 0 0 0 0 0 0 0 0 0 0 0 0 0 0 0 0 0 0 0 0 0 0 0 0 0 0 0 0 0 0 0 0 0 0 0 0 0 0 0 0 0 0 0 0 0 0 0 0 0 0 0 0 0 0 0 0 0 0 0 0 0 0 0 0 0 0 0 0 0 0 0 0 0 0 0 0 0 0 0 0 0 0 0 0 0 0 0 0 0 0 0 0 0 0 0 55 55 55 55 0 0 0 0 0 0 0 0 0 0 0 0 0 0 0 0 0 0 63 64 65 66 67 71 72 78 
0 0 0 0 0 0 0 0 0 0 0 0 0 0 0 0 0 0 0 0 0 0 0 0 0 0 0 0 0 0 0 0 0 0 0 0 0 0 0 0 0 0 0 0 0 0 0 0 0 0 0 0 0 0 0 0 0 0 0 0 0 0 0 0 0 0 0 0 0 0 0 0 0 0 0 0 0 0 0 0 0 0 0 0 0 0 0 0 0 0 0 0 0 0 0 0 0 0 0 0 0 0 0 0 0 0 0 0 0 0 0 0 0 0 0 0 0 0 0 0 0 0 0 0 0 0 0 0 0 0 0 0 0 0 0 0 0 0 0 0 0 0 0 0 0 0 54 54 54 54 0 0 0 0 0 0 0 0 0 0 0 0 0 0 0 0 0 0 63 64 65 66 67 70 74 76 
0 0 0 0 0 0 0 0 0 0 0 0 0 0 0 0 0 0 0 0 0 0 0 0 0 0 0 0 0 0 0 0 0 0 0 0 0 0 0 0 0 0 0 0 0 0 0 0 0 0 0 0 0 0 0 0 0 0 0 0 0 0 0 0 0 0 0 0 0 0 0 0 0 0 0 0 0 0 0 0 0 0 0 0 0 0 0 0 0 0 0 0 0 0 0 0 0 0 0 0 0 0 0 0 0 0 0 0 0 0 0 0 0 0 0 0 0 0 0 0 0 0 0 0 0 0 0 0 0 0 0 0 0 0 0 0 0 0 0 0 0 0 0 0 0 0 0 0 0 0 0 0 0 0 0 0 0 0 0 0 0 0 0 0 0 0 0 0 0 65 65 66 68 71 73 85 
0 0 0 0 0 0 0 0 0 0 0 0 0 0 0 0 0 0 0 0 0 0 0 0 0 0 0 0 0 0 0 0 0 0 0 0 0 0 0 0 0 0 0 0 0 0 0 0 0 0 0 0 0 0 0 0 0 0 0 0 0 0 0 0 0 0 0 0 0 0 0 0 0 0 0 0 0 0 0 0 0 0 0 0 0 0 0 0 0 0 0 0 0 0 0 0 0 0 0 0 0 0 0 0 0 0 0 0 0 0 0 0 0 0 0 0 0 0 0 0 0 0 0 0 0 0 0 0 0 0 0 0 0 0 0 0 0 0 0 0 0 0 0 0 0 0 0 0 0 0 0 0 0 0 0 0 0 0 0 0 0 0 0 0 0 0 0 0 0 65 65 66 67 70 73 77 
0 0 0 0 0 0 0 0 0 0 0 0 0 0 0 0 0 0 0 0 0 0 0 0 0 0 0 0 0 0 0 0 0 0 0 0 0 0 0 0 0 0 0 0 0 0 0 0 0 0 0 0 0 0 0 0 0 0 0 0 0 0 0 0 0 0 0 0 0 0 0 0 0 0 0 0 0 0 0 0 0 0 0 0 0 0 0 0 0 0 0 0 0 0 0 0 0 0 0 0 0 0 0 0 0 0 0 0 0 0 0 0 0 0 0 0 0 0 0 0 0 0 0 0 0 0 0 0 0 0 0 0 0 0 0 0 0 0 0 0 0 0 0 0 0 0 0 0 0 0 0 0 0 0 0 0 0 0 0 0 0 0 0 0 0 0 0 0 0 0 65 66 67 71 73 81 
0 0 0 0 0 0 0 0 0 0 0 0 0 0 0 0 0 0 0 0 0 0 0 0 0 0 0 0 0 0 0 0 0 0 0 0 0 0 0 0 0 0 0 0 0 0 0 0 0 0 0 0 0 0 0 0 0 0 0 0 0 0 0 0 0 0 0 0 0 0 0 0 0 0 0 0 0 0 0 0 0 0 0 0 0 0 0 0 0 0 0 0 0 0 0 0 0 0 0 0 0 0 0 0 0 0 0 0 0 0 0 0 0 0 0 0 0 0 0 0 0 0 0 0 0 0 0 0 0 0 0 0 0 0 0 0 0 0 0 0 0 0 0 0 0 0 0 0 0 0 0 0 0 0 0 0 0 0 0 0 0 0 0 0 0 0 0 0 0 0 0 66 67 71 62 76 
0 0 0 0 0 0 0 0 0 0 0 0 0 0 0 0 0 0 0 0 0 0 0 0 0 0 0 0 0 0 0 0 0 0 0 0 0 0 0 0 0 0 0 0 0 0 0 0 0 0 0 0 0 0 0 0 0 0 0 0 0 0 0 0 0 0 0 0 0 0 0 0 0 0 0 0 0 0 0 0 0 0 0 0 0 0 0 0 0 0 0 0 0 0 0 0 0 0 0 0 0 0 0 0 0 0 0 0 0 0 0 0 0 0 0 0 0 0 0 0 0 0 0 0 0 0 0 0 0 0 0 0 0 0 0 0 0 0 0 0 0 0 0 0 0 0 0 0 0 0 0 0 0 0 0 0 0 0 0 0 0 0 0 0 0 0 0 0 0 0 0 0 0 72 0 0 
0 0 0 0 0 0 0 0 0 0 0 0 0 0 0 0 0 0 0 0 0 0 0 0 0 0 0 0 0 0 0 0 0 0 0 0 0 0 0 0 0 0 0 0 0 0 0 0 0 0 0 0 0 0 0 0 0 0 0 0 0 0 0 0 0 0 0 0 0 0 0 0 0 0 0 0 0 0 0 0 0 0 0 0 0 0 0 0 0 0 0 0 0 0 0 0 0 0 0 0 0 0 0 0 0 0 0 0 0 0 0 0 0 0 0 0 0 0 0 0 0 0 0 0 0 0 0 0 0 0 0 0 0 0 0 0 0 0 0 0 0 0 0 0 0 0 0 0 0 0 0 0 0 0 0 0 0 0 0 0 0 0 0 0 0 0 0 0 0 0 0 0 0 0 0 0 
0 0 0 0 0 0 0 0 0 0 0 0 0 0 0 0 0 0 0 0 0 0 0 0 0 0 0 0 0 0 0 0 0 0 0 0 0 0 0 0 0 0 0 0 0 0 0 0 0 0 0 0 0 0 0 0 0 0 0 0 0 0 0 0 0 0 0 0 0 0 0 0 0 0 0 0 0 0 0 0 0 0 0 0 0 0 0 0 0 0 0 0 0 0 0 0 0 0 0 0 0 0 0 0 0 0 0 0 0 0 0 0 0 0 0 0 0 0 0 0 0 0 0 0 0 0 0 0 0 0 0 0 0 0 0 0 0 0 0 0 0 0 0 0 0 0 0 0 0 0 0 0 0 0 0 0 0 0 0 0 0 0 0 0 0 0 0 0 0 0 0 0 0 0 0 0 
0 0 0 0 0 0 0 0 0 0 0 0 0 0 0 0 0 0 0 0 0 0 0 0 0 0 0 0 0 0 0 0 0 0 0 0 0 0 0 0 0 0 0 0 0 0 0 0 0 0 0 0 0 0 0 0 0 0 0 0 0 0 0 0 0 0 0 0 0 0 0 0 0 0 0 0 0 0 0 0 0 0 0 0 0 0 0 0 0 0 0 0 0 0 0 0 0 0 0 0 0 0 0 0 0 0 0 0 0 0 0 0 0 0 0 0 0 0 0 0 0 0 0 0 0 0 0 0 0 0 0 0 0 0 0 0 0 0 0 0 0 0 0 0 0 0 0 0 0 0 0 0 0 0 0 0 0 0 0 0 0 0 0 0 0 0 0 0 0 0 0 0 0 0 0 0 
0 0 0 0 0 0 0 0 0 0 0 0 0 0 0 0 0 0 0 0 0 0 0 0 0 0 0 0 0 0 0 0 0 0 0 0 0 0 0 0 0 0 0 0 0 0 0 0 0 0 0 0 0 0 0 0 0 0 0 0 0 0 0 0 0 0 0 0 0 0 0 0 0 0 0 0 0 0 0 0 0 0 0 0 0 0 0 0 0 0 0 0 0 0 0 0 0 0 0 0 0 0 0 0 0 0 0 0 0 0 0 0 0 0 0 0 0 0 0 0 0 0 0 0 0 0 0 0 0 0 0 0 0 0 0 0 0 0 0 0 0 0 0 0 0 0 0 0 0 0 0 0 0 0 0 0 0 0 0 0 0 0 0 0 0 0 0 0 0 0 0 0 0 0 0 0 
0 0 0 0 0 0 0 0 0 0 0 0 0 0 0 0 0 0 0 0 0 0 0 0 0 0 0 0 0 0 0 0 0 0 0 0 0 0 0 0 0 0 0 0 0 0 0 0 0 0 0 0 0 0 0 0 0 0 0 0 0 0 0 0 0 0 0 0 0 0 0 0 0 0 0 0 0 0 0 0 0 0 0 0 0 0 0 0 0 0 0 0 0 0 0 0 0 0 0 0 0 0 0 0 0 0 0 0 0 0 0 0 0 0 0 0 0 0 0 0 0 0 0 0 0 0 0 0 0 0 0 0 0 0 0 0 0 0 0 0 0 0 0 0 0 0 0 0 0 0 0 0 0 0 0 0 0 0 0 0 0 0 0 0 0 0 0 0 0 0 0 0 0 0 0 0 
0 0 0 0 0 0 0 0 0 0 0 0 0 0 0 0 0 0 0 0 0 0 0 0 0 0 0 0 0 0 0 0 0 0 0 0 0 0 0 0 0 0 0 0 0 0 0 0 0 0 0 0 0 0 0 0 0 0 0 0 0 0 0 0 0 0 0 0 0 0 0 0 0 0 0 0 0 0 0 0 0 0 0 0 0 0 0 0 0 0 0 0 0 0 0 0 0 0 0 0 0 0 0 0 0 0 0 0 0 0 0 0 0 0 0 0 0 0 0 0 0 0 0 0 0 0 0 0 0 0 0 0 0 0 0 0 0 0 0 0 0 0 0 0 0 0 0 0 0 0 0 0 0 0 0 0 0 0 0 0 0 0 0 0 0 0 0 0 0 0 0 0 0 0 0 0 
0 0 0 0 0 0 0 0 0 0 0 0 0 0 0 0 0 0 0 0 0 0 0 0 0 0 0 0 0 0 0 0 0 0 0 0 0 0 0 0 0 0 0 0 0 0 0 0 0 0 0 0 0 0 0 0 0 0 0 0 0 0 0 0 0 0 0 0 0 0 0 0 0 0 0 0 0 0 0 0 0 0 0 0 0 0 0 0 0 0 0 0 0 0 0 0 0 0 0 0 0 0 0 0 0 0 0 0 0 0 0 0 0 0 0 0 0 0 0 0 0 0 0 0 0 0 0 0 0 0 0 0 0 0 0 0 0 0 0 0 0 0 0 0 0 0 0 0 0 0 0 0 0 0 0 0 0 0 0 0 0 0 0 0 0 0 0 0 0 0 0 0 0 0 0 0 
0 0 0 0 0 0 0 0 0 0 0 0 0 0 0 0 0 0 0 0 0 0 0 0 0 0 0 0 0 0 0 0 0 0 0 0 0 0 0 0 0 0 0 0 0 0 0 0 0 0 0 0 0 0 0 0 0 0 0 0 0 0 0 0 0 0 0 0 0 0 0 0 0 0 0 0 0 0 0 0 0 0 0 0 0 0 0 0 0 0 0 0 0 0 0 0 0 0 0 0 0 0 0 0 0 0 0 0 0 0 0 0 0 0 0 0 0 0 0 0 0 0 0 0 0 0 0 0 0 0 0 0 0 0 0 0 0 0 0 0 0 0 0 0 0 0 0 0 0 0 0 0 0 0 0 0 0 0 0 0 0 0 0 0 0 0 0 0 0 0 0 0 0 0 0 0 
0 0 0 0 0 0 0 0 0 0 0 0 0 0 0 0 0 0 0 0 0 0 0 0 0 0 0 0 0 0 0 0 0 0 0 0 0 0 0 0 0 0 0 0 0 0 0 0 0 0 0 0 0 0 0 0 0 0 0 0 0 0 0 0 0 0 0 0 0 0 0 0 0 0 0 0 0 0 0 0 0 0 0 0 0 0 0 0 0 0 0 0 0 0 0 0 0 0 0 0 0 0 0 0 0 0 0 0 0 0 0 0 0 0 0 0 0 0 0 0 0 0 0 0 0 0 0 0 0 0 0 0 0 0 0 0 0 0 0 0 0 0 0 0 0 0 0 0 0 0 0 0 0 0 0 0 0 0 0 0 0 0 0 0 0 0 0 0 0 0 0 0 0 0 0 0 
0 0 0 0 0 0 0 0 0 0 0 0 0 0 0 0 0 0 0 0 0 0 0 0 0 0 0 0 0 0 0 0 0 0 0 0 0 0 0 0 0 0 0 0 0 0 0 0 0 0 0 0 0 0 0 0 0 0 0 0 0 0 0 0 0 0 0 0 0 0 0 0 0 0 0 0 0 0 0 0 0 0 0 0 0 0 0 0 0 0 0 0 0 0 0 0 0 0 0 0 0 0 0 0 0 0 0 0 0 0 0 0 0 0 0 0 0 0 0 0 0 0 0 0 0 0 0 0 0 0 0 0 0 0 0 0 0 0 0 0 0 0 0 0 0 0 0 0 0 0 0 0 0 0 0 0 0 0 0 0 0 0 0 0 0 0 0 0 0 0 0 0 0 0 0 0 
0 0 0 0 0 0 0 0 0 0 0 0 0 0 0 0 0 0 0 0 0 0 0 0 0 0 0 0 0 0 0 0 0 0 0 0 0 0 0 0 0 0 0 0 0 0 0 0 0 0 0 0 0 0 0 0 0 0 0 0 0 0 0 0 0 0 0 0 0 0 0 0 0 0 0 0 0 0 0 0 0 0 0 0 0 0 0 0 0 0 0 0 0 0 0 0 0 0 0 0 0 0 0 0 0 0 0 0 0 0 0 0 0 0 0 0 0 0 0 0 0 0 0 0 0 0 0 0 0 0 0 0 0 0 0 0 0 0 0 0 0 0 0 0 0 0 0 0 0 0 0 0 0 0 0 0 0 0 0 0 0 0 0 0 0 0 0 0 0 0 0 0 0 0 0 0 
0 0 0 0 0 0 0 0 0 0 0 0 0 0 0 0 0 0 0 0 0 0 0 0 0 0 0 0 0 0 0 0 0 0 0 0 0 0 0 0 0 0 0 0 0 0 0 0 0 0 0 0 0 0 0 0 0 0 0 0 0 0 0 0 0 0 0 0 0 0 0 0 0 0 0 0 0 0 0 0 0 0 0 0 0 0 0 0 0 0 0 0 0 0 0 0 0 0 0 0 0 0 0 0 0 0 0 0 0 0 0 0 0 0 0 0 0 0 0 0 0 0 0 0 0 0 0 0 0 0 0 0 0 0 0 0 0 0 0 0 0 0 0 0 0 0 0 0 0 0 0 0 0 0 0 0 0 0 0 0 0 0 0 0 0 0 0 0 0 0 0 0 0 0 0 0 
0 0 0 0 0 0 0 0 0 0 0 0 0 0 0 0 0 0 0 0 0 0 0 0 0 0 0 0 0 0 0 0 0 0 0 0 0 0 0 0 0 0 0 0 0 0 0 0 0 0 0 0 0 0 0 0 0 0 0 0 0 0 0 0 0 0 0 0 0 0 0 0 0 0 0 0 0 0 0 0 0 0 0 0 0 0 0 0 0 0 0 0 0 0 0 0 0 0 0 0 0 0 0 0 0 0 0 0 0 0 0 0 0 0 0 0 0 0 0 0 0 0 0 0 0 0 0 0 0 0 0 0 0 0 0 0 0 0 0 0 0 0 0 0 0 0 0 0 0 0 0 0 0 0 0 0 0 0 0 0 0 0 0 0 0 0 0 0 0 0 0 0 0 0 0 0 
0 0 0 0 0 0 0 0 0 0 0 0 0 0 0 0 0 0 0 0 0 0 0 0 0 0 0 0 0 0 0 0 0 0 0 0 0 0 0 0 0 0 0 0 0 0 0 0 0 0 0 0 0 0 0 0 0 0 0 0 0 0 0 0 0 0 0 0 0 0 0 0 0 0 0 0 0 0 0 0 0 0 0 0 0 0 0 0 0 0 0 0 0 0 0 0 0 0 0 0 0 0 0 0 0 0 0 0 0 0 0 0 0 0 0 0 0 0 0 0 0 0 0 0 0 0 0 0 0 0 0 0 0 0 0 0 0 0 0 0 0 0 0 0 0 0 0 0 0 0 0 0 0 0 0 0 0 0 0 0 0 0 0 0 0 0 0 0 0 0 0 0 0 0 0 0 
0 0 0 0 0 0 0 0 0 0 0 0 0 0 0 0 0 0 0 0 0 0 0 0 0 0 0 0 0 0 0 0 0 0 0 0 0 0 0 0 0 0 0 0 0 0 0 0 0 0 0 0 0 0 0 0 0 0 0 0 0 0 0 0 0 0 0 0 0 0 0 0 0 0 0 0 0 0 0 0 0 0 0 0 0 0 0 0 0 0 0 0 0 0 0 0 0 0 0 0 0 0 0 0 0 0 0 0 0 0 0 0 0 0 0 0 0 0 0 0 0 0 0 0 0 0 0 0 0 0 0 0 0 0 0 0 0 0 0 0 0 0 0 0 0 0 0 0 0 0 0 0 0 0 0 0 0 0 0 0 0 0 0 0 0 0 0 0 0 0 0 0 0 0 0 0 
0 0 0 0 0 0 0 0 0 0 0 0 0 0 0 0 0 0 0 0 0 0 0 0 0 0 0 0 0 0 0 0 0 0 0 0 0 0 0 0 0 0 0 0 0 0 0 0 0 0 0 0 0 0 0 0 0 0 0 0 0 0 0 0 0 0 0 0 0 0 0 0 0 0 0 0 0 0 0 0 0 0 0 0 0 0 0 0 0 0 0 0 0 0 0 0 0 0 0 0 0 0 0 0 0 0 0 0 0 0 0 0 0 0 0 0 0 0 0 0 0 0 0 0 0 0 0 0 0 0 0 0 0 0 0 0 0 0 0 0 0 0 0 0 0 0 0 0 0 0 0 0 0 0 0 0 0 0 0 0 0 0 0 0 0 0 0 0 0 0 0 0 0 0 0 0 
0 0 0 0 0 0 0 0 0 0 0 0 0 0 0 0 0 0 0 0 0 0 0 0 0 0 0 0 0 0 0 0 0 0 0 0 0 0 0 0 0 0 0 0 0 0 0 0 0 0 0 0 0 0 0 0 0 0 0 0 0 0 0 0 0 0 0 0 0 0 0 0 0 0 0 0 0 0 0 0 0 0 0 0 0 0 0 0 0 0 0 0 0 0 0 0 0 0 0 0 0 0 0 0 0 0 0 0 0 0 0 0 0 0 0 0 0 0 0 0 0 0 0 0 0 0 0 0 0 0 0 0 0 0 0 0 0 0 0 0 0 0 0 0 0 0 0 0 0 0 0 0 0 0 0 0 0 0 0 0 0 0 0 0 0 0 0 0 0 0 0 0 0 0 0 0 
0 0 0 0 0 0 0 0 0 0 0 0 0 0 0 0 0 0 0 0 0 0 0 0 0 0 0 0 0 0 0 0 0 0 0 0 0 0 0 0 0 0 0 0 0 0 0 0 0 0 0 0 0 0 0 0 0 0 0 0 0 0 0 0 0 0 0 0 0 0 0 0 0 0 0 0 0 0 0 0 0 0 0 0 0 0 0 0 0 0 0 0 0 0 0 0 0 0 0 0 0 0 0 0 0 0 0 0 0 0 0 0 0 0 0 0 0 0 0 0 0 0 0 0 0 0 0 0 0 0 0 0 0 0 0 0 0 0 0 0 0 0 0 0 0 0 0 0 0 0 0 0 0 0 0 0 0 0 0 0 0 0 0 0 0 0 0 0 0 0 0 0 0 0 0 0 
0 0 0 0 0 0 0 0 0 0 0 0 0 0 0 0 0 0 0 0 0 0 0 0 0 0 0 0 0 0 0 0 0 0 0 0 0 0 0 0 0 0 0 0 0 0 0 0 0 0 0 0 0 0 0 0 0 0 0 0 0 0 0 0 0 0 0 0 0 0 0 0 0 0 0 0 0 0 0 0 0 0 0 0 0 0 0 0 0 0 0 0 0 0 0 0 0 0 0 0 0 0 0 0 0 0 0 0 0 0 0 0 0 0 0 0 0 0 0 0 0 0 0 0 0 0 0 0 0 0 0 0 0 0 0 0 0 0 0 0 0 0 0 0 0 0 0 0 0 0 0 0 0 0 0 0 0 0 0 0 0 0 0 0 0 0 0 0 0 0 0 0 0 0 0 0 
0 0 0 0 0 0 0 0 0 0 0 0 0 0 0 0 0 0 0 0 0 0 0 0 0 0 0 0 0 0 0 0 0 0 0 0 0 0 0 0 0 0 0 0 0 0 0 0 0 0 0 0 0 0 0 0 0 0 0 0 0 0 0 0 0 0 0 0 0 0 0 0 0 0 0 0 0 0 0 0 0 0 0 0 0 0 0 0 0 0 0 0 0 0 0 0 0 0 0 0 0 0 0 0 0 0 0 0 0 0 0 0 0 0 0 0 0 0 0 0 0 0 0 0 0 0 0 0 0 0 0 0 0 0 0 0 0 0 0 0 0 0 0 0 0 0 0 0 0 0 0 0 0 0 0 0 0 0 0 0 0 0 0 0 0 0 0 0 0 0 0 0 0 0 0 0 
0 0 0 0 0 0 0 0 0 0 0 0 0 0 0 0 0 0 0 0 0 0 0 0 0 0 0 0 0 0 0 0 0 0 0 0 0 0 0 0 0 0 0 0 0 0 0 0 0 0 0 0 0 0 0 0 0 0 0 0 0 0 0 0 0 0 0 0 0 0 0 0 0 0 0 0 0 0 0 0 0 0 0 0 0 0 0 0 0 0 0 0 0 0 0 0 0 0 0 0 0 0 0 0 0 0 0 0 0 0 0 0 0 0 0 0 0 0 0 0 0 0 0 0 0 0 0 0 0 0 0 0 0 0 0 0 0 0 0 0 0 0 0 0 0 0 0 0 0 0 0 0 0 0 0 0 0 0 0 0 0 0 0 0 0 0 0 0 0 0 0 0 0 0 0 0 
0 0 0 0 0 0 0 0 0 0 0 0 0 0 0 0 0 0 0 0 0 0 0 0 0 0 0 0 0 0 0 0 0 0 0 0 0 0 0 0 0 0 0 0 0 0 0 0 0 0 0 0 0 0 0 0 0 0 0 0 0 0 0 0 0 0 0 0 0 0 0 0 0 0 0 0 0 0 0 0 0 0 0 0 0 0 0 0 0 0 0 0 0 0 0 0 0 0 0 0 0 0 0 0 0 0 0 0 0 0 0 0 0 0 0 0 0 0 0 0 0 0 0 0 0 0 0 0 0 0 0 0 0 0 0 0 0 0 0 0 0 0 0 0 0 0 0 0 0 0 0 0 0 0 0 0 0 0 0 0 0 0 0 0 0 0 0 0 0 0 0 0 0 0 0 0 
0 0 0 0 0 0 0 0 0 0 0 0 0 0 0 0 0 0 0 0 0 0 0 0 0 0 0 0 0 0 0 0 0 0 0 0 0 0 0 0 0 0 0 0 0 0 0 0 0 0 0 0 0 0 0 0 0 0 0 0 0 0 0 0 0 0 0 0 0 0 0 0 0 0 0 0 0 0 0 0 0 0 0 0 0 0 0 0 0 0 0 0 0 0 0 0 0 0 0 0 0 0 0 0 0 0 0 0 0 0 0 0 0 0 0 0 0 0 0 0 0 0 0 0 0 0 0 0 0 0 0 0 0 0 0 0 0 0 0 0 0 0 0 0 0 0 0 0 0 0 0 0 0 0 0 0 0 0 0 0 0 0 0 0 0 0 0 0 0 0 0 0 0 0 0 0 
0 0 0 0 0 0 0 0 0 0 0 0 0 0 0 0 0 0 0 0 0 0 0 0 0 0 0 0 0 0 0 0 0 0 0 0 0 0 0 0 0 0 0 0 0 0 0 0 0 0 0 0 0 0 0 0 0 0 0 0 0 0 0 0 0 0 0 0 0 0 0 0 0 0 0 0 0 0 0 0 0 0 0 0 0 0 0 0 0 0 0 0 0 0 0 0 0 0 0 0 0 0 0 0 0 0 0 0 0 0 0 0 0 0 0 0 0 0 0 0 0 0 0 0 0 0 0 0 0 0 0 0 0 0 0 0 0 0 0 0 0 0 0 0 0 0 0 0 0 0 0 0 0 0 0 0 0 0 0 0 0 0 0 0 0 0 0 0 0 0 0 0 0 0 0 0 
0 0 0 0 0 0 0 0 0 0 0 0 0 0 0 0 0 0 0 0 0 0 0 0 0 0 0 0 0 0 0 0 0 0 0 0 0 0 0 0 0 0 0 0 0 0 0 0 0 0 0 0 0 0 0 0 0 0 0 0 0 0 0 0 0 0 0 0 0 0 0 0 0 0 0 0 0 0 0 0 0 0 0 0 0 0 0 0 0 0 0 0 0 0 0 0 0 0 0 0 0 0 0 0 0 0 0 0 0 0 0 0 0 0 0 0 0 0 0 0 0 0 0 0 0 0 0 0 0 0 0 0 0 0 0 0 0 0 0 0 0 0 0 0 0 0 0 0 0 0 0 0 0 0 0 0 0 0 0 0 0 0 0 0 0 0 0 0 0 0 0 0 0 0 0 0 
