89 88 88 90 92 90 95 91 88 87 89 84 80 82 86 97 81 86 88 82 80 83 82 76 81 80 83 90 79 89 86 81 84 86 84 87 72 71 76 82 81 80 73 80 80 78 78 84 77 82 77 77 80 77 77 77 80 77 77 78 78 83 72 65 78 82 79 79 81 82 76 84 74 82 84 79 80 84 85 75 82 77 79 79 82 83 75 82 72 70 77 82 77 82 78 83 76 77 78 79 81 74 79 79 84 80 81 85 80 80 85 87 83 80 66 84 83 83 83 89 87 88 88 93 94 90 90 91 83 88 94 90 90 94 96 97 95 94 93 91 90 86 96 97 99 101 100 102 103 104 98 109 106 114 106 121 114 116 100 86 79 85 81 87 79 86 79 87 89 88 88 94 93 99 101 102 
90 88 83 89 90 92 87 84 91 85 86 82 80 77 79 78 82 77 87 91 83 83 85 84 86 87 83 86 82 86 81 89 84 83 79 79 78 69 70 75 80 81 81 82 79 77 77 81 79 74 77 79 79 79 77 80 81 76 78 79 83 80 71 65 67 75 79 80 78 74 78 75 80 75 78 82 78 80 83 78 83 80 76 78 81 78 80 82 72 66 77 84 82 85 76 80 78 80 81 79 82 81 82 81 80 83 85 82 83 85 85 82 82 75 66 78 90 82 84 90 90 87 88 90 86 85 88 91 91 93 93 94 89 92 93 94 96 95 87 82 82 95 92 97 96 101 98 98 101 98 105 109 107 102 110 117 110 101 85 78 85 79 77 82 76 82 83 76 81 84 88 79 91 98 109 104 
87 89 85 85 85 85 85 85 84 83 83 82 81 80 80 80 80 81 81 82 83 83 82 82 82 82 81 81 81 81 81 81 81 81 80 79 77 76 75 74 75 76 76 77 77 77 77 77 77 77 76 77 77 77 77 77 77 76 77 77 77 76 74 73 73 74 75 76 77 78 77 77 78 78 78 79 80 79 80 79 79 79 79 79 79 80 79 77 76 76 75 77 78 79 79 79 78 79 79 79 79 79 79 79 80 80 81 81 82 82 82 81 78 78 78 78 80 83 84 84 85 86 86 87 87 88 88 88 89 90 90 91 91 92 92 92 92 90 90 90 91 92 94 95 96 97 97 98 99 101 102 104 105 106 105 102 97 91 86 82 80 79 79 79 79 79 79 80 82 83 85 88 92 95 96 108 
85 82 83 84 84 84 84 83 83 82 82 81 80 79 78 77 77 78 79 80 82 82 82 81 81 80 80 80 80 80 80 80 80 79 79 78 77 75 74 73 73 74 74 75 76 76 77 77 76 76 76 76 77 77 76 76 76 75 76 76 76 75 74 73 73 73 74 75 77 77 77 78 78 79 79 80 81 81 81 81 81 81 81 81 82 82 82 80 80 79 79 79 81 82 82 82 82 82 82 82 82 83 83 82 83 83 83 83 84 84 84 82 80 80 80 80 82 83 84 84 85 85 86 86 86 87 87 88 88 89 89 89 89 90 90 90 89 88 88 89 90 92 93 95 95 96 96 97 98 99 101 103 103 102 99 95 90 85 81 79 78 78 77 77 77 77 77 78 80 81 83 86 91 94 97 101 
79 78 82 82 82 82 82 81 81 80 80 80 79 78 78 77 76 77 77 77 79 80 79 79 79 79 78 78 78 78 78 78 78 78 77 78 77 75 74 72 71 71 72 73 74 75 76 75 75 75 75 75 76 76 76 76 76 76 77 77 77 77 77 77 77 78 78 80 81 82 82 82 83 83 84 84 85 86 86 86 86 86 86 86 87 87 87 85 85 85 84 84 86 86 87 87 87 87 87 87 87 88 88 88 88 88 88 89 89 90 89 88 87 87 86 87 88 88 89 89 89 89 90 90 90 90 90 90 90 90 90 90 90 90 90 89 88 88 88 89 91 92 93 93 94 94 94 96 97 98 99 101 100 98 94 89 85 81 78 77 76 76 76 76 75 76 75 76 79 81 83 85 89 93 95 96 
80 78 80 81 81 81 81 81 80 80 80 79 79 78 77 76 75 75 75 75 77 78 78 78 78 78 77 77 77 77 76 76 76 76 76 76 76 75 74 73 71 72 72 73 75 76 76 76 76 76 77 78 79 79 80 80 80 80 81 82 82 82 82 81 82 83 83 84 85 85 86 86 87 87 88 88 90 90 90 90 90 90 90 90 91 91 91 91 91 90 90 90 91 91 92 92 92 92 92 92 92 93 93 93 93 93 94 94 94 94 94 93 93 93 92 93 93 93 93 93 94 94 94 94 95 95 94 94 94 94 94 94 93 93 93 92 91 92 92 93 94 95 95 95 96 96 96 97 97 98 98 98 97 93 89 84 80 77 76 75 75 75 75 74 75 75 0 72 77 79 81 83 87 91 102 100 
79 83 79 79 80 80 80 80 79 79 78 78 78 77 76 75 74 74 74 73 74 75 75 75 75 76 75 75 75 76 74 75 75 76 75 77 77 76 76 76 75 75 76 77 79 80 80 80 80 80 81 82 82 83 84 84 84 85 85 86 86 86 87 87 88 88 89 90 90 90 90 90 90 91 92 93 94 94 94 95 95 95 95 95 96 96 96 96 96 95 95 95 96 97 97 97 96 96 96 96 97 98 98 98 98 98 99 99 99 99 99 99 98 99 98 98 98 98 98 98 98 99 99 99 99 99 99 99 98 98 98 98 97 97 97 96 96 96 97 97 98 99 99 98 99 100 100 100 101 102 101 100 96 91 85 80 77 75 75 74 73 74 73 74 75 0 0 0 75 78 80 82 86 91 97 103 
78 79 78 78 78 78 79 78 77 77 76 75 76 75 75 74 74 72 72 71 71 72 72 73 74 75 74 75 76 77 76 77 77 78 78 79 79 79 80 79 78 79 80 80 82 83 84 84 84 84 85 86 87 87 87 88 89 89 89 90 90 91 91 92 93 94 94 94 95 95 95 95 96 96 97 97 98 99 99 99 99 100 100 100 100 101 101 101 101 101 100 100 101 102 102 102 101 101 101 101 102 103 103 103 104 104 104 104 104 104 104 104 104 105 104 104 104 104 104 104 104 104 105 105 105 105 104 103 103 103 102 103 102 102 102 101 101 101 102 102 102 103 103 102 102 104 103 104 105 106 105 102 97 91 84 79 76 75 74 73 72 71 71 71 0 0 0 0 75 77 79 81 85 89 90 100 
78 78 77 77 76 77 77 76 76 75 74 73 74 73 73 73 73 72 72 71 72 72 73 74 76 77 76 77 77 78 78 79 79 81 81 82 83 83 83 83 82 83 84 84 86 87 87 87 87 88 89 90 91 92 92 92 93 93 94 94 95 95 96 96 97 98 98 98 98 98 98 99 99 99 99 100 100 101 101 102 101 102 102 101 101 102 102 102 102 102 102 102 102 103 103 103 103 103 103 103 103 104 104 104 105 105 106 106 106 106 106 107 107 108 107 108 108 108 108 108 108 109 109 109 110 109 108 108 108 108 108 108 107 107 107 106 106 107 107 107 107 107 107 106 106 107 107 108 109 110 110 106 99 92 85 79 76 74 73 71 70 69 69 0 0 0 0 0 74 76 77 79 82 87 87 102 
72 74 75 75 74 75 75 75 74 74 74 73 73 73 73 74 74 74 74 74 74 75 76 77 78 79 79 80 80 80 81 82 83 84 84 86 86 87 87 87 87 87 88 88 89 90 91 91 92 92 93 94 95 95 95 96 96 96 96 97 97 97 97 97 98 98 98 98 98 98 98 98 98 98 99 100 99 100 100 100 100 100 100 101 101 102 101 102 101 101 101 101 102 102 103 103 103 103 103 102 103 104 103 103 104 104 104 105 105 105 105 106 106 106 107 107 107 107 107 107 107 109 109 110 110 110 110 110 109 109 109 110 110 110 111 111 110 111 111 111 111 111 110 110 111 111 112 113 113 114 114 109 101 94 86 79 75 74 72 70 69 67 0 0 0 0 0 0 73 75 76 78 81 86 91 99 
72 75 73 73 73 73 74 74 74 74 74 74 74 75 75 76 76 76 77 76 76 77 77 78 80 81 81 82 83 83 84 85 86 87 88 89 90 90 90 90 90 91 91 91 92 92 93 93 93 94 94 95 96 96 95 95 95 95 95 96 96 97 96 97 97 97 96 97 96 96 96 97 97 98 98 99 99 99 99 100 100 100 100 101 100 101 100 100 100 99 99 99 99 100 100 100 101 100 100 100 101 101 101 101 101 102 102 103 103 104 103 104 104 104 105 105 106 106 107 106 107 108 108 109 109 109 109 109 109 109 109 110 110 110 111 111 111 111 111 111 111 111 111 111 112 113 113 115 116 118 118 113 105 96 87 79 75 73 71 69 67 0 0 0 0 0 0 0 72 74 76 78 80 85 95 94 
74 73 73 73 73 74 75 75 75 75 76 76 76 77 78 78 79 79 79 79 79 80 80 81 82 83 83 84 85 85 86 87 89 89 90 91 91 90 90 90 90 90 90 91 91 91 92 92 92 93 93 94 94 94 94 93 93 92 93 93 92 92 92 91 91 91 90 91 91 91 91 92 93 94 95 97 98 99 99 99 99 99 99 99 97 97 95 94 93 93 92 92 92 92 92 93 93 93 94 94 94 94 94 95 96 96 97 97 98 98 98 98 98 98 98 97 98 98 99 100 100 102 103 104 106 107 108 108 109 109 108 109 109 110 110 110 110 111 110 110 110 110 110 110 111 112 112 114 115 117 118 114 106 97 88 80 74 72 71 69 0 0 0 0 0 0 0 0 72 73 75 77 80 84 86 97 
71 69 74 75 75 76 77 78 77 78 78 78 78 79 80 80 81 81 81 82 82 82 83 84 84 85 86 87 87 86 87 87 88 89 90 90 90 90 89 89 88 88 88 88 88 88 87 87 87 87 88 88 89 88 87 86 87 87 88 91 91 91 90 90 90 89 89 90 89 89 90 89 90 92 93 95 97 98 98 99 99 99 98 97 95 94 92 91 91 91 90 90 90 90 90 91 92 92 91 92 92 92 92 93 94 94 95 96 96 96 97 97 96 96 96 96 96 97 98 98 99 100 99 99 101 103 104 107 108 108 108 108 108 109 110 110 110 110 110 110 109 109 109 109 109 110 111 113 114 116 116 113 105 97 89 80 73 71 70 0 0 0 0 0 0 0 0 0 68 72 74 76 79 84 85 95 
73 76 76 76 76 77 78 79 79 80 80 81 81 82 83 82 83 83 83 82 83 83 83 84 84 85 85 86 86 87 87 88 88 89 89 88 87 86 84 83 82 82 81 81 82 83 85 86 85 85 86 87 87 86 85 84 84 85 86 89 90 90 89 88 87 87 87 88 87 87 88 86 87 89 91 93 96 98 98 98 98 99 98 95 93 92 89 87 88 88 87 86 86 87 84 85 86 86 85 88 89 89 89 90 91 91 92 93 94 94 94 94 94 92 93 92 93 94 95 95 96 98 96 95 98 100 102 105 107 108 107 107 107 108 109 109 110 110 110 109 109 108 108 108 108 109 110 111 112 113 115 112 104 98 90 80 71 69 0 0 0 0 0 0 0 0 62 0 67 71 73 76 78 82 97 94 
75 87 77 78 78 79 80 81 81 81 81 82 82 83 83 83 83 82 82 82 82 83 83 83 83 85 85 85 86 86 86 87 88 88 87 87 85 83 82 82 80 80 79 80 80 81 83 84 83 83 84 84 85 83 82 80 80 80 82 85 87 86 85 84 83 83 82 83 82 83 83 80 82 86 89 91 96 97 98 98 99 98 97 93 91 88 85 81 82 82 80 79 79 79 76 77 78 77 77 81 81 81 81 83 84 85 87 88 89 89 90 88 88 87 86 86 87 87 89 90 91 93 90 89 93 97 99 103 107 107 107 107 107 108 108 108 109 109 108 108 108 108 108 107 107 108 109 109 110 112 114 112 104 99 92 81 69 0 0 0 0 0 0 0 0 0 62 0 65 70 72 75 77 81 87 96 
87 81 79 79 79 80 81 81 81 82 81 82 82 83 83 82 82 82 82 82 82 83 83 83 83 84 84 85 85 86 86 87 87 86 85 84 83 81 80 79 77 75 74 75 76 77 78 80 79 78 79 79 80 78 76 73 73 73 75 77 79 77 75 73 71 71 71 72 72 73 73 71 78 84 87 89 95 97 97 98 98 98 96 91 89 85 79 72 71 71 68 67 67 67 62 64 64 64 64 69 69 69 69 71 74 74 77 78 79 79 80 77 77 73 71 69 70 71 73 75 77 80 76 79 88 93 96 101 106 107 107 107 106 107 107 107 107 108 107 107 107 107 107 107 107 107 107 107 108 110 112 111 103 100 95 84 69 0 0 0 0 0 0 0 0 0 62 0 0 70 71 74 77 80 81 86 
79 86 79 79 79 80 80 80 81 81 80 81 81 81 81 81 81 80 80 80 80 81 82 83 83 84 84 84 85 86 86 86 87 85 84 82 80 77 76 74 70 69 66 67 67 69 69 70 68 66 67 65 66 64 62 58 59 0 0 0 0 0 0 0 0 0 0 0 0 0 0 68 79 85 87 89 95 97 98 98 98 98 97 91 89 86 81 70 0 0 0 0 0 0 0 0 0 0 0 0 0 0 0 0 0 0 0 0 0 0 0 0 0 0 0 0 0 0 0 0 0 0 0 70 84 90 94 99 105 106 107 107 106 107 107 107 106 107 107 107 107 107 107 106 106 106 106 105 106 108 110 110 102 101 97 87 71 0 0 0 0 0 0 0 0 0 62 0 0 69 70 74 76 80 82 87 
79 73 80 79 78 79 78 78 79 79 78 79 79 79 80 80 79 79 78 77 78 79 80 82 83 84 84 84 84 85 85 86 87 83 81 79 76 68 66 63 59 56 54 51 0 0 0 0 0 0 0 0 0 0 0 0 0 0 0 0 0 0 0 0 0 0 0 0 0 0 0 69 79 85 87 89 95 97 98 98 98 98 97 90 89 85 81 69 0 0 0 0 0 0 0 0 0 0 0 0 0 0 0 0 0 0 0 0 0 0 0 0 0 0 0 0 0 0 0 0 0 0 0 73 85 91 95 98 104 106 107 107 106 106 107 106 106 106 106 106 106 106 106 106 105 105 105 105 105 107 108 109 102 101 97 89 72 0 0 0 0 0 0 0 0 0 0 0 0 69 71 74 76 79 79 91 
76 79 78 78 77 77 77 77 77 78 78 78 79 79 80 80 79 78 77 75 76 78 79 81 83 83 83 83 84 84 85 85 86 81 79 77 74 63 0 0 0 0 0 0 0 0 0 0 0 0 0 0 0 0 0 0 0 0 0 0 0 0 0 0 0 0 0 0 0 0 0 70 80 85 88 90 96 97 97 98 98 97 96 90 88 85 79 67 0 0 0 0 0 0 0 0 0 0 0 0 0 0 0 0 0 0 0 0 0 0 0 0 0 0 0 0 0 0 0 0 0 0 0 72 84 91 95 98 105 107 107 107 107 106 106 106 106 105 105 105 106 106 105 105 104 104 104 104 105 106 107 108 102 101 98 92 76 0 0 0 0 0 0 0 0 0 0 0 0 68 71 74 76 79 87 93 
78 78 77 77 76 76 76 76 77 77 77 78 78 78 79 79 77 76 73 71 73 75 77 80 83 83 83 83 84 84 84 85 85 80 78 75 71 59 0 0 0 0 0 0 0 0 0 0 0 0 0 0 0 0 0 0 0 0 0 0 0 0 49 48 48 49 48 0 0 0 0 73 82 87 89 91 96 97 97 98 98 97 96 90 88 85 78 66 0 0 0 0 0 0 0 0 0 0 0 0 0 0 0 0 0 0 0 0 0 0 0 0 0 0 0 0 0 0 0 0 0 0 0 73 85 91 95 98 104 106 106 107 106 106 106 106 105 105 105 105 105 105 105 105 104 104 103 103 104 105 105 107 102 101 98 93 77 0 0 0 0 0 0 0 0 0 0 0 0 0 71 73 75 78 77 89 
74 77 77 77 76 76 76 76 76 77 77 78 78 78 78 77 76 74 70 68 70 73 76 79 83 83 84 84 84 85 85 85 85 79 77 74 69 56 0 0 0 0 0 0 0 0 0 0 0 0 0 0 0 0 0 0 0 0 0 0 0 51 52 51 50 50 48 46 0 0 0 76 84 87 89 91 95 97 97 97 97 97 96 90 88 85 78 65 0 0 0 0 0 0 0 0 0 0 0 0 0 0 0 0 0 0 0 0 0 0 0 0 0 0 0 0 0 0 0 0 0 0 0 74 85 92 95 97 104 106 106 106 106 106 106 106 105 105 105 105 106 105 105 105 104 104 103 103 104 105 105 107 102 102 100 95 79 0 0 0 0 0 0 0 0 0 0 0 0 0 71 73 75 78 82 90 
78 83 77 77 76 75 75 75 75 76 76 77 77 78 77 76 75 72 67 65 68 72 75 79 82 83 83 84 84 85 85 84 84 79 76 74 68 54 0 0 0 0 0 0 0 0 0 0 0 0 0 0 0 0 0 0 0 0 0 0 48 51 52 51 50 50 49 45 43 0 0 70 84 87 89 91 95 97 97 97 97 97 95 89 87 84 78 64 0 0 0 0 0 0 0 0 0 0 0 0 0 0 0 0 0 0 0 0 0 0 0 0 0 0 0 0 0 0 0 0 0 0 0 73 85 92 94 97 103 105 105 106 105 105 105 106 105 105 105 105 105 105 105 105 104 103 103 103 103 104 104 106 103 100 98 94 78 0 0 0 0 0 0 0 0 0 0 0 0 0 70 72 74 77 78 80 
75 84 76 77 76 76 75 75 75 76 76 77 78 78 77 76 75 72 69 68 71 73 77 80 82 83 83 84 84 85 84 84 83 79 77 74 68 0 0 0 0 0 0 0 0 0 0 0 0 0 0 0 0 0 0 0 0 0 0 0 48 51 52 51 50 50 49 45 43 0 0 68 83 87 89 91 95 97 97 97 97 97 95 89 88 85 79 66 0 0 0 0 0 0 0 0 0 0 0 0 0 0 0 0 0 0 0 0 0 0 0 0 0 0 0 0 0 0 0 0 0 0 0 71 84 91 94 96 103 104 105 105 105 105 104 105 105 105 104 105 105 105 105 104 103 103 103 103 103 103 104 106 103 99 97 94 79 0 0 0 0 0 0 0 0 0 0 0 0 0 68 72 74 76 80 82 
75 75 76 76 75 75 75 75 75 76 76 77 77 77 77 76 76 74 71 71 73 75 77 80 82 82 83 83 84 84 84 84 83 80 78 75 69 0 0 0 0 0 0 0 0 0 0 0 0 0 0 0 0 0 0 0 0 0 0 0 48 51 53 51 51 51 48 44 43 0 0 66 82 86 89 90 96 97 97 97 97 97 95 89 88 85 79 67 0 0 0 0 0 0 0 0 0 0 0 0 0 0 0 0 0 0 0 0 0 0 0 0 0 0 0 0 0 0 0 0 0 0 0 70 82 89 93 95 102 104 104 104 104 104 104 105 105 105 105 105 105 105 105 104 104 103 102 102 102 102 103 106 103 98 97 93 80 0 0 0 0 0 0 0 0 0 0 0 0 0 68 71 73 76 74 83 
73 80 76 76 75 75 75 75 75 75 75 76 76 77 77 76 76 75 73 74 75 76 78 81 82 82 82 83 83 84 84 84 82 80 79 76 71 0 0 0 0 0 0 0 0 0 0 0 0 0 0 0 0 0 0 0 0 0 0 0 49 52 54 52 52 51 49 44 43 0 0 63 81 86 88 90 96 97 97 97 97 96 95 89 88 85 79 67 0 0 0 0 0 0 0 0 0 0 0 0 0 0 0 0 0 0 0 0 0 0 0 0 0 0 0 0 0 0 0 0 0 0 0 64 79 87 91 93 102 104 104 104 105 104 104 105 105 105 105 105 105 105 104 104 104 103 103 103 103 103 104 106 104 97 96 92 81 62 0 0 0 0 0 0 0 0 0 0 0 0 67 71 73 76 76 89 
72 71 75 75 75 75 74 74 74 74 75 75 75 76 76 76 76 75 75 75 76 77 79 81 81 82 82 82 83 83 84 84 81 81 80 77 72 0 0 0 0 0 0 0 0 0 0 0 0 0 0 0 0 0 0 0 0 0 0 0 0 0 52 50 50 50 0 0 0 0 0 60 79 85 87 89 96 97 97 97 97 96 95 89 87 85 79 67 0 0 0 0 0 0 0 0 0 0 0 0 0 0 0 0 0 0 0 0 0 0 0 0 0 0 0 0 0 0 0 0 0 0 0 60 76 85 89 92 101 104 104 104 105 104 104 105 105 104 105 105 104 104 104 104 103 103 103 103 103 103 103 105 104 97 96 92 83 65 0 0 0 0 0 0 0 0 0 0 0 0 65 70 72 75 74 84 
73 72 75 75 75 75 74 74 74 74 74 75 75 76 77 77 77 77 77 77 78 79 80 81 81 82 81 82 82 83 83 83 81 80 79 76 70 0 0 0 0 0 0 0 0 0 0 0 0 0 0 0 0 0 0 0 0 0 0 0 0 0 0 0 0 0 0 0 0 0 0 63 78 85 87 89 96 96 96 96 97 96 96 89 87 85 78 66 0 0 0 0 0 0 0 0 0 0 0 0 0 0 0 0 0 0 0 0 0 0 0 0 0 0 0 0 0 0 0 0 0 0 0 57 74 83 88 92 101 104 104 105 105 104 104 104 104 104 104 104 104 104 103 103 102 102 102 103 102 102 103 104 104 98 97 93 85 68 0 0 0 0 0 0 0 0 0 0 0 0 64 69 71 74 80 81 
69 75 74 75 75 75 74 75 74 75 75 76 75 76 77 77 77 77 77 77 78 79 80 81 81 81 81 82 82 82 83 83 80 79 78 75 68 0 0 0 0 0 0 0 0 0 0 0 0 0 0 0 0 0 0 0 0 0 0 0 0 0 0 0 0 0 0 0 0 0 0 65 79 85 88 89 96 96 96 96 96 96 95 89 86 83 76 62 0 0 0 0 0 0 0 0 0 0 0 0 0 0 0 0 0 0 0 0 0 0 0 0 0 0 0 0 0 0 0 0 0 0 0 53 71 82 87 91 101 104 104 105 105 104 104 104 104 103 104 104 103 104 103 102 102 102 102 102 102 102 102 103 104 98 97 95 87 71 0 0 0 0 0 0 0 0 0 0 0 0 64 69 71 73 73 76 
74 79 74 75 75 75 74 75 74 75 75 75 75 76 76 76 77 77 77 77 78 79 79 80 81 81 81 82 82 83 84 83 81 80 78 75 69 0 0 0 0 0 0 0 0 0 0 0 0 0 0 0 0 0 0 0 0 0 0 0 0 0 0 0 0 0 0 0 0 0 0 67 79 85 88 89 95 96 95 96 96 96 95 88 86 83 76 61 0 0 0 0 0 0 0 0 0 0 0 0 0 0 0 0 0 0 0 0 0 0 0 0 0 0 0 0 0 0 0 0 0 0 0 50 69 81 86 90 101 104 105 105 105 105 105 104 104 103 103 103 103 103 103 102 102 102 102 102 102 102 102 103 104 99 98 96 90 74 0 0 0 0 0 0 0 0 0 0 0 0 64 69 71 73 71 82 
73 67 73 74 74 74 74 75 74 75 75 76 75 76 76 76 77 77 78 79 79 79 80 80 81 81 81 82 83 83 84 83 80 80 78 75 67 0 0 0 0 0 0 0 0 0 0 0 0 0 0 0 0 0 0 0 0 0 0 0 0 0 0 0 0 0 0 0 0 0 0 68 81 86 88 89 95 96 96 96 96 96 95 88 86 82 76 60 0 0 0 0 0 0 0 0 0 0 0 0 0 0 0 0 0 0 0 0 0 0 0 0 0 0 0 0 0 0 0 0 0 0 0 48 68 80 86 90 101 104 105 105 104 104 104 103 103 103 103 103 103 103 103 102 101 101 101 101 101 102 102 103 105 100 99 97 92 76 0 0 0 0 0 0 0 0 0 0 0 0 64 70 71 73 71 76 
68 68 73 73 73 73 73 74 74 75 75 75 75 76 76 76 76 77 77 78 78 79 79 80 80 81 82 82 83 83 84 83 81 80 79 76 69 0 0 0 0 0 0 0 0 0 0 0 0 0 0 0 0 0 0 0 0 0 0 0 0 0 0 0 0 0 0 0 0 0 0 68 81 86 88 89 95 96 95 96 96 96 95 88 86 82 75 59 0 0 0 0 0 0 0 0 0 0 0 0 0 0 0 0 0 0 0 0 0 0 0 0 0 0 0 0 0 0 0 0 0 0 0 47 67 79 85 90 101 104 104 104 104 104 104 103 103 103 103 103 103 103 103 102 101 101 101 100 100 101 102 103 105 100 99 97 93 76 0 0 0 0 0 0 0 0 0 0 0 0 0 70 71 73 78 77 
76 73 73 73 73 73 73 74 74 75 75 76 75 76 75 76 76 77 77 78 79 79 79 80 80 81 82 82 83 84 84 84 80 80 78 75 67 0 0 0 0 0 0 0 0 0 0 0 0 0 0 0 0 0 0 0 0 0 0 0 0 0 0 0 0 0 0 0 0 0 0 70 81 86 88 90 95 96 96 96 96 96 95 87 85 81 74 57 0 0 0 0 0 0 0 0 0 0 0 0 0 0 0 0 0 0 0 0 0 0 0 0 0 0 0 0 0 0 0 0 0 0 0 46 68 81 87 91 100 104 104 104 104 104 104 104 104 104 104 104 103 103 103 102 102 101 101 101 101 101 102 103 106 101 101 100 96 80 0 0 0 0 0 0 0 0 0 0 0 0 0 70 72 73 74 83 
70 69 72 72 73 73 72 73 73 74 75 75 75 76 75 76 76 77 77 78 79 79 79 79 80 81 82 83 83 84 84 84 81 80 79 76 67 0 0 0 0 0 0 0 0 0 0 0 0 0 0 0 0 0 0 0 0 0 0 0 0 0 0 0 0 0 0 0 0 0 0 71 82 86 89 90 95 96 96 96 96 96 95 88 85 82 75 58 0 0 0 0 0 0 0 0 0 0 0 0 0 0 0 0 0 0 0 0 0 0 0 0 0 0 0 0 0 0 0 0 0 0 0 0 71 83 89 92 100 104 104 104 103 104 103 103 104 104 104 103 103 102 102 102 101 101 101 101 101 102 103 104 106 102 101 100 97 81 0 0 0 0 0 0 0 0 0 0 0 0 0 69 73 74 70 76 
72 74 72 72 72 72 72 73 73 74 75 75 75 76 75 75 76 77 77 78 78 79 79 80 80 81 82 82 83 84 84 84 80 79 77 75 65 0 0 0 0 0 0 0 0 0 0 0 0 0 0 0 0 0 0 0 0 0 0 0 0 0 0 0 0 0 0 0 0 0 0 72 83 87 89 90 95 95 96 96 96 96 95 88 83 78 71 54 0 0 0 0 0 0 0 0 0 0 0 0 0 0 0 0 0 0 0 0 0 0 0 0 0 0 0 0 0 0 0 0 0 0 0 0 69 82 88 91 100 104 104 104 104 104 104 104 103 104 103 103 102 102 102 101 101 100 101 100 100 101 102 104 106 103 100 98 95 78 0 0 0 0 0 0 0 0 0 0 0 0 0 69 72 73 78 70 
73 78 72 72 72 72 72 72 72 73 74 74 74 75 75 75 75 76 77 77 78 79 79 80 81 82 82 83 83 83 83 83 79 79 77 74 64 0 0 0 0 0 0 0 0 0 0 0 0 0 0 0 0 0 0 0 0 0 0 0 0 0 0 0 0 0 0 0 0 0 0 73 83 86 89 90 95 95 96 96 96 96 95 88 81 76 68 52 0 0 0 0 0 0 0 0 0 0 0 0 0 0 0 0 0 0 0 0 0 0 0 0 0 0 0 0 0 0 0 0 0 0 0 0 71 84 89 93 99 103 104 104 104 104 104 104 104 104 103 103 102 102 101 101 101 100 100 100 100 101 102 103 106 103 98 96 92 77 0 0 0 0 0 0 0 0 0 0 0 0 0 67 71 72 81 78 
68 70 72 72 73 73 73 73 73 74 74 74 75 75 75 75 76 77 77 78 79 80 80 80 81 82 82 83 83 84 84 84 79 78 76 72 61 0 0 0 0 0 0 0 0 0 0 0 0 0 0 0 0 0 0 0 0 0 0 0 0 0 0 0 0 0 0 0 0 0 0 75 84 87 90 91 95 96 96 96 96 96 95 88 81 77 68 53 0 0 0 0 0 0 0 0 0 0 0 0 0 0 0 0 0 0 0 0 0 0 0 0 0 0 0 0 0 0 0 0 0 0 0 0 73 86 91 94 98 103 103 104 104 103 104 104 104 104 103 102 102 101 101 100 100 100 100 100 100 101 102 103 106 103 96 95 90 76 0 0 0 0 0 0 0 0 0 0 0 0 0 67 71 72 74 70 
74 70 71 72 72 72 72 73 73 74 74 74 74 75 75 75 76 77 77 78 79 80 80 81 81 82 82 82 83 83 84 84 79 78 76 71 60 0 0 0 0 0 0 0 0 0 0 0 0 0 0 0 0 0 0 0 0 0 0 0 0 0 0 0 0 0 0 0 0 0 0 75 84 88 90 91 95 96 96 96 96 96 95 88 79 75 67 52 0 0 0 0 0 0 0 0 0 0 0 0 0 0 0 0 0 0 0 0 0 0 0 0 0 0 0 0 0 0 0 0 0 0 0 0 72 86 91 94 98 103 103 104 104 104 104 104 104 103 103 102 101 101 101 100 100 100 99 99 100 100 101 103 105 103 95 93 88 75 56 0 0 0 0 0 0 0 0 0 0 0 0 67 70 72 73 76 
68 68 71 71 72 72 72 73 73 73 74 74 74 75 75 76 76 77 78 78 79 80 80 81 81 82 82 82 82 83 84 83 78 77 74 69 57 0 0 0 0 0 0 0 0 0 0 0 0 0 0 0 0 0 0 0 0 0 0 0 0 0 0 0 0 0 0 0 0 0 0 76 85 88 90 91 95 96 96 96 97 97 96 88 78 74 65 50 38 0 0 0 0 0 0 0 0 0 0 0 0 0 0 0 0 0 0 0 0 0 0 0 0 0 0 0 0 0 0 0 0 0 0 0 72 85 90 94 98 103 103 104 104 104 104 104 104 103 103 102 101 101 101 101 100 100 99 99 100 100 101 102 104 103 94 92 87 76 58 0 0 0 0 0 0 0 0 0 0 0 0 69 71 72 67 77 
70 72 71 72 72 72 72 73 73 73 74 74 75 75 75 75 76 77 77 78 79 80 80 80 81 82 82 83 83 83 84 84 77 76 73 66 53 0 0 0 0 0 0 0 0 0 0 0 0 0 0 0 0 0 0 0 0 0 0 0 0 0 0 0 0 0 0 0 0 0 0 77 86 89 91 92 96 97 97 96 96 97 96 88 78 74 65 50 39 0 0 0 0 0 0 0 0 0 0 0 0 0 0 0 0 0 0 0 0 0 0 0 0 0 0 0 0 0 0 0 0 0 0 0 77 89 94 96 98 103 103 104 104 104 104 104 103 103 103 103 102 102 101 101 101 100 99 99 100 100 100 102 104 103 95 93 89 78 61 0 0 0 0 0 0 0 0 0 0 0 0 68 69 71 73 76 
75 70 70 71 72 72 72 73 73 74 74 75 75 75 75 76 76 77 78 78 79 80 80 80 80 81 81 82 83 83 84 83 77 75 72 66 51 0 0 0 0 0 0 0 0 0 0 0 0 0 0 0 0 0 0 0 0 0 0 0 0 0 0 0 0 0 0 0 0 0 0 78 87 90 91 92 96 96 96 97 97 97 96 88 78 74 66 51 40 0 0 0 0 0 0 0 0 0 0 0 0 0 0 0 0 0 0 0 0 0 0 0 0 0 0 0 0 0 0 0 0 0 0 0 75 88 93 96 97 103 103 104 104 104 104 104 103 102 103 103 102 102 102 101 101 100 99 99 99 99 100 102 104 103 96 95 91 82 65 0 0 0 0 0 0 0 0 0 0 0 0 68 70 71 77 75 
64 71 71 72 72 72 72 73 73 74 74 75 75 75 75 76 76 77 78 79 79 79 80 80 81 81 81 82 82 82 84 83 77 76 73 66 50 0 0 0 0 0 0 0 0 0 0 0 0 0 0 0 0 0 0 0 0 0 0 0 0 0 0 0 0 0 0 0 0 0 0 72 83 87 89 92 96 96 96 97 97 97 96 89 77 73 65 50 40 0 0 0 0 0 0 0 0 0 0 0 0 0 0 0 0 0 0 0 0 0 0 0 0 0 0 0 0 0 0 0 0 0 0 0 76 88 93 96 97 103 104 104 105 104 104 104 103 102 102 103 102 102 102 101 100 100 99 99 99 100 100 102 104 104 97 96 92 84 67 0 0 0 0 0 0 0 0 0 0 0 0 66 69 71 66 71 
70 69 70 71 71 71 71 72 73 73 74 74 75 75 75 76 76 77 78 79 79 80 80 80 81 81 82 82 83 83 84 83 79 77 74 67 0 0 0 0 0 0 0 0 0 0 0 0 0 0 0 0 0 0 0 0 0 0 0 0 0 0 0 0 0 0 0 0 0 0 0 73 83 87 89 92 96 97 96 97 97 97 96 89 77 73 65 50 40 0 0 0 0 0 0 0 0 0 0 0 0 0 0 0 0 0 0 0 0 0 0 0 0 0 0 0 0 0 0 0 0 0 0 0 74 88 93 96 97 103 104 104 105 104 104 104 103 102 102 102 102 102 102 102 101 101 100 99 100 100 101 102 104 104 98 96 93 85 69 0 0 0 0 0 0 0 0 0 0 0 0 65 68 70 73 76 
71 74 70 71 71 71 72 72 73 73 74 74 75 74 75 75 76 76 78 78 78 79 80 80 81 81 81 82 83 83 84 83 80 78 76 69 0 0 0 0 0 0 0 0 0 0 0 0 0 0 0 0 0 0 0 0 0 0 0 0 0 0 0 0 0 0 0 0 0 0 0 74 83 87 90 93 96 97 97 97 97 97 96 88 77 73 65 51 42 0 0 0 0 0 0 0 0 0 0 0 0 0 0 0 0 0 0 0 0 0 0 0 0 0 0 0 0 0 0 0 0 0 0 0 73 86 92 95 97 103 104 104 105 105 104 104 103 102 102 102 102 102 102 101 101 100 100 99 100 100 100 102 104 104 98 97 95 87 71 0 0 0 0 0 0 0 0 0 0 0 0 63 66 68 74 73 
67 70 70 70 70 71 71 72 72 73 73 74 74 74 75 76 77 77 78 79 79 79 80 80 80 81 81 81 83 83 83 82 81 79 78 72 0 0 0 0 0 0 0 0 0 0 0 0 0 0 0 0 0 0 0 0 0 0 0 0 0 0 0 0 0 0 0 0 0 0 0 74 83 87 90 93 96 97 97 96 97 97 96 89 78 73 66 52 43 0 0 0 0 0 0 0 0 0 0 0 0 0 0 0 0 0 0 0 0 0 0 0 0 0 0 0 0 0 0 0 0 0 0 0 72 86 92 95 97 103 104 104 105 105 104 104 104 103 102 102 102 102 102 101 101 100 100 100 100 101 101 102 104 105 98 97 95 87 70 0 0 0 0 0 0 0 0 0 0 0 0 63 67 69 66 70 
67 71 69 70 70 71 71 72 72 73 73 73 74 75 75 76 77 77 78 79 79 79 80 80 80 81 81 82 83 83 84 82 82 81 80 75 0 0 0 0 0 0 0 0 0 0 0 0 0 0 0 0 0 0 0 0 0 0 0 0 0 0 0 0 0 0 0 0 0 0 0 70 80 85 88 93 97 97 97 97 97 97 97 90 79 74 67 53 43 0 0 0 0 0 0 0 0 0 0 0 0 0 0 0 0 0 0 0 0 0 0 0 0 0 0 0 0 0 0 0 0 0 0 0 72 85 92 95 97 104 104 104 105 105 104 104 104 103 102 102 102 102 102 101 101 101 100 100 100 101 101 102 104 105 98 97 95 86 68 0 0 0 0 0 0 0 0 0 0 0 0 62 66 67 69 75 
73 66 68 69 69 70 70 71 72 72 73 73 74 74 75 76 77 77 78 79 79 79 79 80 80 80 81 82 83 83 83 81 81 80 79 74 0 0 0 0 0 0 0 0 0 0 0 0 0 0 0 0 0 0 0 0 0 0 0 0 0 0 0 0 0 0 0 0 0 0 0 70 80 85 88 94 97 98 97 97 97 98 97 91 80 73 65 52 43 0 0 0 0 0 0 0 0 0 0 0 0 0 0 0 0 0 0 0 0 0 0 0 0 0 0 0 0 0 0 0 0 0 0 0 70 84 91 94 96 103 104 104 104 105 104 104 104 103 102 102 102 102 102 101 101 100 100 100 100 100 101 102 104 105 99 98 95 88 69 0 0 0 0 0 0 0 0 0 0 0 0 62 65 67 68 70 
68 67 69 69 70 71 71 72 73 73 73 74 74 74 75 76 77 78 78 78 79 79 79 79 80 80 81 82 83 83 83 81 80 79 77 72 0 0 0 0 0 0 0 0 0 0 0 0 0 0 0 0 0 0 0 0 0 0 0 0 0 0 0 0 0 0 0 0 0 0 0 68 78 83 87 94 97 98 97 97 98 98 98 92 81 75 67 54 45 0 0 0 0 0 0 0 0 0 0 0 0 0 0 0 0 0 0 0 0 0 0 0 0 0 0 0 0 0 0 0 0 0 0 0 69 84 91 94 96 103 104 104 104 104 104 104 104 103 103 102 102 102 101 100 100 99 99 100 100 100 101 101 103 105 98 98 95 88 69 0 0 0 0 0 0 0 0 0 0 0 0 0 66 67 70 65 
68 69 69 69 70 70 71 71 72 73 73 74 74 74 74 75 76 78 78 79 80 80 79 80 80 81 81 82 83 83 83 80 80 79 76 70 0 0 0 0 0 0 0 0 0 0 0 0 0 0 0 0 0 0 0 0 0 0 0 0 0 0 0 0 0 0 0 0 0 0 41 65 75 81 85 94 97 98 98 98 98 99 98 92 82 75 67 54 45 0 0 0 0 0 0 0 0 0 0 0 0 0 0 0 0 0 0 0 0 0 0 0 0 0 0 0 0 0 0 0 0 0 0 0 68 84 90 94 96 103 104 104 104 104 104 103 104 103 103 103 102 102 101 100 100 99 99 99 100 100 101 101 103 105 98 97 95 88 69 0 0 0 0 0 0 0 0 0 0 0 0 0 67 67 0 0 
67 66 69 69 70 71 71 72 73 73 73 74 74 74 75 75 76 78 78 79 79 79 79 80 81 81 82 82 83 82 83 80 79 78 75 69 0 0 0 0 0 0 0 0 0 0 0 0 0 0 0 0 0 0 0 0 0 0 0 0 0 0 0 0 0 0 0 0 0 0 41 63 74 80 83 95 97 98 98 98 99 99 99 93 82 76 68 55 46 0 0 0 0 0 0 0 0 0 0 0 0 0 0 0 0 0 0 0 0 0 0 0 0 0 0 0 0 0 0 0 0 0 0 0 67 84 91 94 96 104 104 104 104 104 104 104 104 103 103 103 103 102 101 100 99 99 99 99 99 99 100 101 103 104 98 98 96 89 70 0 0 0 0 0 0 0 0 0 0 0 0 0 0 0 0 0 
70 67 69 70 71 71 71 72 73 74 74 74 74 74 75 75 77 77 77 78 78 79 79 80 81 81 82 82 83 82 83 79 78 77 74 66 0 0 0 0 0 0 0 0 0 0 0 0 0 0 0 0 0 0 0 0 0 0 0 0 0 0 0 0 0 0 0 0 0 0 41 63 73 80 84 95 98 99 98 98 99 99 98 93 82 76 68 56 46 0 0 0 0 0 0 0 0 0 0 0 0 0 0 0 0 0 0 0 0 0 0 0 0 0 0 0 0 0 0 0 0 0 0 0 62 80 87 92 96 104 104 105 104 104 104 104 104 104 103 103 103 102 101 100 99 99 98 99 99 99 100 101 102 104 99 98 96 90 72 0 0 0 0 0 0 0 0 0 0 0 0 0 0 0 0 0 
68 68 69 69 70 71 71 72 73 73 73 74 74 75 75 76 77 78 78 78 79 79 79 80 81 82 82 82 83 83 83 80 79 78 75 66 0 0 0 0 0 0 0 0 0 0 0 0 0 0 0 0 0 0 0 0 0 0 0 0 0 0 0 0 0 0 0 0 0 0 42 63 74 80 84 95 98 99 98 99 99 99 98 92 82 78 71 59 49 0 0 0 0 0 0 0 0 0 0 0 0 0 0 0 0 0 0 0 0 0 0 0 0 0 0 0 0 0 0 0 0 0 0 0 58 76 84 89 96 104 105 104 104 104 104 103 104 103 103 103 102 101 100 100 99 99 99 99 99 98 99 100 102 104 99 98 96 91 72 0 0 0 0 0 0 0 0 0 0 0 0 0 0 0 0 0 
65 67 69 69 69 70 71 72 72 73 73 73 74 75 75 76 77 78 77 78 78 79 79 80 81 82 82 83 83 83 83 79 78 77 74 65 0 0 0 0 0 0 0 0 0 0 0 0 0 0 0 0 0 0 0 0 0 0 0 0 0 0 0 0 0 0 0 0 0 0 42 64 75 81 84 96 98 99 99 99 99 99 98 92 83 78 72 60 50 0 0 0 0 0 0 0 0 0 0 0 0 0 0 0 0 0 0 0 0 0 0 0 0 0 0 0 0 0 0 0 0 0 0 0 57 75 84 89 96 104 105 104 104 104 104 104 104 103 103 103 102 101 100 100 99 99 99 99 98 98 99 100 102 104 99 98 97 92 73 0 0 0 0 0 0 0 0 0 0 0 0 0 0 0 0 0 
69 73 69 69 70 71 72 72 73 73 73 74 74 76 76 77 78 78 78 78 79 79 79 80 81 82 82 83 83 83 83 79 78 77 73 64 0 0 0 0 0 0 0 0 0 0 0 0 0 0 0 0 0 0 0 0 0 0 0 0 0 0 0 0 0 0 0 0 0 0 43 65 75 81 85 96 98 99 99 99 99 99 99 93 84 80 73 62 52 0 0 0 0 0 0 0 0 0 0 0 0 0 0 0 0 0 0 0 0 0 0 0 0 0 0 0 0 0 0 0 0 0 0 0 54 71 82 87 96 104 105 105 105 105 104 104 104 103 102 102 102 101 101 100 99 99 98 98 98 98 99 100 102 104 99 99 97 93 74 0 0 0 0 0 0 0 0 0 0 0 0 0 0 0 0 0 
73 70 69 69 70 71 71 72 72 73 73 74 75 76 76 77 78 78 78 78 78 79 79 80 81 82 82 83 83 83 83 79 78 77 74 64 0 0 0 0 0 0 0 0 0 0 0 0 0 0 0 0 0 0 0 0 0 0 0 0 0 0 0 0 0 0 0 0 0 0 43 65 75 81 85 96 99 99 99 99 99 99 99 94 85 81 75 63 54 0 0 0 0 0 0 0 0 0 0 0 0 0 0 0 0 0 0 0 0 0 0 0 0 0 0 0 0 0 0 0 0 0 0 40 52 69 79 84 95 104 105 104 105 105 104 104 103 102 102 102 102 102 101 101 100 99 99 98 98 98 99 100 101 104 100 99 98 94 76 0 0 0 0 0 0 0 0 0 0 0 0 0 0 0 0 0 
71 70 70 69 70 71 71 72 72 73 73 73 74 75 76 76 77 78 78 79 78 78 78 80 80 81 82 82 83 83 83 79 78 77 74 61 0 0 0 0 0 0 0 0 0 0 0 0 0 0 0 0 0 0 0 0 0 0 0 0 0 0 0 0 0 0 0 0 0 0 46 67 77 82 86 96 99 99 99 99 99 99 99 95 86 80 74 63 54 0 0 0 0 0 0 0 0 0 0 0 0 0 0 0 0 0 0 0 0 0 0 0 0 0 0 0 0 0 0 0 0 0 0 40 52 69 79 84 95 104 105 104 105 104 104 103 103 102 102 102 102 102 102 101 100 100 99 98 97 98 99 100 102 105 101 101 99 96 78 0 0 0 0 0 0 0 0 0 0 0 0 0 0 0 0 0 
70 66 70 70 71 71 72 72 72 73 73 73 74 75 75 76 77 77 78 79 78 79 79 80 80 81 81 82 82 82 83 79 78 76 73 57 0 0 0 0 0 0 0 0 0 0 0 0 0 0 0 0 0 0 0 0 0 0 0 0 0 0 0 0 0 0 0 0 0 0 47 67 77 82 86 97 99 100 100 100 100 100 100 96 88 82 76 66 56 0 0 0 0 0 0 0 0 0 0 0 0 0 0 0 0 0 0 0 0 0 0 0 0 0 0 0 0 0 0 0 0 0 0 0 52 71 81 85 95 104 104 104 104 104 104 104 104 102 102 102 102 102 102 101 100 100 99 98 98 98 99 100 102 105 101 101 100 97 80 0 0 0 0 0 0 0 0 0 0 0 0 0 0 0 0 0 
70 70 69 70 71 71 72 72 73 73 73 73 74 74 75 76 77 78 78 79 79 79 79 80 80 81 81 81 82 82 82 79 78 76 72 57 0 0 0 0 0 0 0 0 0 0 0 0 0 0 0 0 0 0 0 0 0 0 0 0 0 0 0 0 0 0 0 0 0 0 48 67 77 83 86 97 100 100 100 100 100 101 101 97 89 82 75 65 55 0 0 0 0 0 0 0 0 0 0 0 0 0 0 0 0 0 0 0 0 0 0 0 0 0 0 0 0 0 0 0 0 0 0 40 51 68 78 83 94 103 104 103 104 104 104 103 103 102 102 102 102 102 102 101 101 100 99 98 98 98 99 100 101 105 101 101 100 97 81 0 0 0 0 0 0 0 0 0 0 0 0 0 0 0 0 0 
65 68 69 69 70 70 71 72 72 72 73 73 74 74 74 75 76 77 78 78 78 79 79 80 80 80 81 81 82 82 82 79 78 77 73 58 0 0 0 0 0 0 0 0 0 0 0 0 0 0 0 0 0 0 0 0 0 0 0 0 0 0 0 0 0 0 0 0 0 0 46 68 78 83 87 97 100 101 101 101 101 101 101 98 90 83 77 67 57 0 0 0 42 42 42 42 0 0 0 0 0 0 0 0 0 0 0 0 0 0 0 0 0 0 0 0 0 0 0 0 0 0 0 41 51 68 78 83 94 103 104 104 104 104 103 103 103 102 102 102 102 102 102 101 101 100 99 99 98 98 99 100 101 104 101 101 100 98 82 0 0 0 0 0 0 0 0 0 0 0 0 0 0 0 0 0 
67 68 69 70 70 71 71 71 72 72 73 73 74 74 75 75 76 77 77 78 78 79 79 80 80 81 81 82 82 82 82 79 78 77 73 59 0 0 0 0 0 0 0 0 0 0 0 0 0 0 0 0 0 0 0 0 0 0 0 38 38 38 38 38 0 0 0 0 0 0 47 68 78 84 87 98 101 102 102 102 102 103 102 99 91 82 76 66 56 0 0 47 47 47 47 47 0 0 0 0 0 0 0 0 0 0 0 0 0 0 0 0 0 0 0 0 0 0 0 0 0 0 0 0 52 70 79 85 94 103 104 104 104 104 103 103 103 102 102 102 102 102 102 101 101 100 99 99 99 98 99 100 101 104 101 101 100 98 83 0 0 0 0 0 0 0 0 0 0 0 0 0 0 0 0 0 
66 70 69 70 70 70 71 71 72 72 73 73 74 75 75 76 76 77 77 78 79 79 79 80 80 81 81 82 82 82 82 78 78 76 73 62 0 0 0 0 0 0 0 0 0 0 0 0 0 0 0 0 0 0 0 0 0 0 0 0 0 0 0 0 0 0 0 0 0 0 47 68 78 84 87 98 101 102 102 103 103 103 103 99 93 83 77 67 57 0 0 46 50 49 49 49 52 0 0 0 0 0 0 0 0 0 0 0 0 0 0 0 0 0 0 0 0 0 0 0 0 0 0 0 52 69 79 84 93 102 104 104 104 104 103 102 102 102 102 102 102 102 101 101 100 100 99 99 99 99 99 100 101 104 100 100 100 97 82 0 0 0 0 0 0 0 0 0 0 0 0 0 0 0 0 0 
70 69 70 70 71 71 70 71 72 72 73 73 74 75 75 76 76 76 77 78 78 79 79 80 80 81 82 82 82 82 82 78 78 76 74 67 0 0 0 0 0 0 0 0 0 0 0 0 0 0 0 0 0 0 0 0 0 0 0 0 0 0 0 0 0 0 0 0 0 0 48 69 79 84 88 98 102 103 103 104 104 104 104 100 93 82 76 67 57 41 0 46 55 52 52 52 57 0 0 0 0 0 0 0 0 0 0 0 0 0 0 0 0 0 0 0 0 0 0 0 0 0 0 42 51 68 77 82 93 102 103 103 104 104 103 103 102 102 101 102 102 102 101 101 100 100 99 99 99 99 99 99 100 103 100 98 96 93 77 0 0 0 0 0 0 0 0 0 0 0 0 0 0 0 0 0 
73 67 70 70 71 70 70 71 72 72 73 74 75 75 75 75 76 76 76 77 78 79 80 80 80 81 82 82 82 82 82 79 78 77 74 68 0 0 0 0 0 0 0 0 0 0 0 0 0 0 0 0 0 0 0 0 0 0 0 38 38 38 38 38 0 0 0 0 0 0 48 70 80 85 88 99 102 103 104 105 105 105 105 101 95 83 77 68 57 39 0 47 61 57 57 57 63 0 0 0 0 0 0 0 0 0 0 0 0 0 0 0 0 0 0 0 0 0 0 0 0 0 0 0 52 69 79 84 92 101 103 103 104 104 103 103 102 102 101 101 101 101 101 100 100 100 99 98 98 99 98 99 100 103 100 96 94 90 74 0 0 0 0 0 0 0 0 0 0 0 0 0 0 0 0 0 
65 69 70 70 71 71 71 71 72 72 73 74 74 75 75 75 76 76 76 77 78 79 80 80 81 81 82 82 82 83 82 79 78 76 74 67 0 0 0 0 0 0 0 0 0 0 0 0 0 0 0 0 0 0 0 0 0 0 0 38 38 38 38 38 0 0 0 0 0 0 51 70 80 85 88 99 102 103 104 105 106 106 106 102 96 82 76 67 56 39 0 0 68 66 66 66 72 61 0 0 0 0 0 0 0 0 0 0 0 0 0 0 0 0 0 0 0 0 0 0 0 0 0 0 53 71 80 86 92 101 102 103 103 104 103 103 102 102 101 101 101 101 100 100 99 99 99 98 98 98 98 99 100 103 100 95 92 88 72 52 0 0 0 0 0 0 0 0 0 0 0 0 0 0 0 0 
67 67 70 70 71 71 71 71 72 72 73 73 74 74 75 75 75 76 76 77 78 78 79 80 80 81 81 82 82 82 82 79 79 78 75 70 0 0 0 0 0 0 0 0 0 0 0 0 0 0 0 0 0 0 0 0 0 0 0 0 38 38 38 0 0 0 0 0 0 0 53 72 81 86 89 99 102 104 105 106 107 107 107 103 97 83 78 68 58 41 0 0 73 75 74 73 78 72 0 0 0 0 0 0 0 0 0 0 0 0 0 0 0 0 0 0 0 0 0 0 0 0 0 0 52 70 79 84 92 101 102 103 103 103 103 103 103 102 101 101 100 100 100 100 99 99 98 98 98 98 98 99 100 103 100 94 92 87 72 0 0 0 0 0 0 0 0 0 0 0 0 0 0 0 0 0 
68 78 70 70 71 71 70 71 72 72 72 73 73 74 74 74 75 76 76 77 78 79 79 80 80 81 81 81 82 82 82 79 79 78 75 70 0 0 0 0 0 0 0 0 0 0 0 0 0 0 0 0 0 0 0 0 0 0 0 0 38 38 38 0 0 0 0 0 0 0 54 72 81 86 89 99 102 104 106 107 108 108 108 104 98 85 79 69 59 41 0 0 69 87 90 85 92 98 82 0 0 0 0 0 0 0 0 0 0 0 0 0 0 0 0 0 0 0 0 0 0 0 0 41 50 67 76 84 92 101 102 103 103 103 103 103 103 102 101 101 100 100 100 99 99 99 98 98 98 98 98 98 100 102 100 93 91 85 71 53 0 0 0 0 0 0 0 0 0 0 0 0 0 0 0 0 
68 70 70 70 71 71 71 71 73 72 72 73 74 73 74 75 76 76 77 77 78 79 79 80 80 81 81 81 82 82 82 80 79 78 75 70 0 0 0 0 0 0 0 0 0 0 0 0 0 0 0 0 0 0 0 0 0 0 0 0 38 38 38 0 0 0 0 0 0 0 53 72 81 86 89 99 102 104 105 108 109 109 110 106 99 86 80 71 60 42 0 0 69 197 339 316 334 439 483 164 0 0 0 0 0 0 0 0 0 0 0 0 0 0 0 0 0 0 0 0 0 0 0 48 53 68 76 84 93 102 103 103 103 103 103 103 102 102 101 101 100 100 100 100 99 99 98 98 97 97 97 98 100 102 100 93 91 85 71 53 0 0 0 0 0 0 0 0 0 0 0 0 0 0 0 0 
71 68 70 70 70 71 71 71 72 72 72 72 73 73 74 75 76 76 77 78 78 79 79 79 79 80 80 81 82 82 82 80 79 78 76 70 0 0 0 0 0 0 0 0 0 0 0 0 0 0 0 0 0 0 0 0 0 0 0 0 0 0 0 0 0 0 0 0 0 0 53 72 81 86 89 99 102 104 106 109 111 112 112 108 100 87 82 72 62 45 0 0 79 204 345 394 418 504 524 359 0 0 0 0 0 0 0 0 0 0 0 0 0 0 0 0 0 0 0 0 0 0 0 61 60 71 78 84 93 102 103 103 103 102 102 102 102 101 101 101 100 100 99 99 99 98 98 97 97 97 97 97 99 102 99 94 93 88 73 0 0 0 0 0 0 0 0 0 0 0 0 0 0 0 0 0 
68 66 69 69 70 71 70 70 71 72 72 73 73 73 74 75 75 76 77 78 78 79 79 79 79 79 80 80 81 81 82 80 80 79 77 72 0 0 0 0 0 0 0 0 0 0 0 0 0 0 0 0 0 0 0 0 0 0 0 0 0 0 0 0 0 0 0 0 0 0 54 72 80 86 89 99 101 105 108 113 115 116 115 110 101 88 82 73 64 48 0 41 83 205 346 445 473 531 521 405 65 0 0 0 0 0 0 0 0 0 0 0 0 0 0 0 0 0 0 0 0 0 91 71 66 75 81 83 93 102 102 103 103 103 103 102 102 101 100 100 100 99 99 99 98 98 97 97 97 97 97 98 99 101 99 93 92 87 72 0 0 0 0 0 0 0 0 0 0 0 0 0 0 0 0 0 
69 69 69 69 70 71 71 71 71 72 72 73 73 73 74 75 75 76 77 78 78 79 79 79 79 80 80 80 81 81 81 79 79 78 76 68 0 0 0 0 0 0 0 0 0 0 0 0 0 0 0 0 0 0 0 0 0 0 0 0 0 0 0 0 0 0 0 0 0 0 53 71 80 86 89 99 101 105 109 114 117 118 117 111 101 88 82 74 64 48 0 41 80 249 405 510 516 579 542 408 62 0 0 0 0 0 0 0 0 0 0 0 0 0 0 0 0 0 0 0 0 0 89 72 68 75 81 84 93 102 103 103 103 103 102 102 101 100 100 100 100 99 99 99 98 97 97 96 96 96 96 96 98 100 98 91 89 84 70 51 0 0 0 0 0 0 0 0 0 0 0 0 0 0 0 0 
67 66 69 69 70 71 71 71 72 72 72 73 74 74 74 75 75 76 77 78 78 79 79 79 80 80 80 80 81 81 82 79 79 78 75 67 0 0 0 0 0 0 0 0 0 0 0 0 0 0 0 0 0 0 0 0 0 0 0 0 0 0 0 0 0 0 0 0 0 0 53 71 80 85 88 98 101 104 109 114 117 118 117 111 101 87 82 73 64 49 0 0 83 252 419 529 489 545 513 383 59 0 0 0 0 0 0 0 0 0 0 0 0 0 0 0 0 0 0 0 0 0 89 73 69 76 81 84 93 102 103 103 103 103 102 102 101 100 99 100 99 99 98 98 97 95 94 94 93 93 92 93 95 98 95 90 88 84 70 0 0 0 0 0 0 0 0 0 0 0 0 0 0 0 0 0 
69 68 69 69 70 70 71 71 72 72 72 73 74 74 74 74 75 76 77 78 78 78 79 79 79 80 80 80 81 82 82 80 79 78 75 68 0 0 0 0 0 0 0 0 0 0 0 0 0 0 0 0 0 0 0 0 0 0 0 0 0 0 0 0 0 0 0 0 0 0 53 71 80 85 89 99 101 104 108 113 116 117 116 110 100 86 80 72 63 48 0 0 89 160 178 363 333 352 348 382 57 0 0 0 0 0 0 0 0 0 0 0 0 0 0 0 0 0 0 0 0 0 95 73 68 76 82 84 93 102 103 103 103 102 102 102 101 100 99 99 98 96 94 93 91 88 87 86 85 84 84 85 86 89 88 86 85 83 71 0 0 0 0 0 0 0 0 0 0 0 0 0 0 0 0 0 
65 70 69 70 70 71 71 71 71 72 72 73 74 74 74 75 75 76 76 78 78 78 79 79 79 79 80 80 81 81 81 79 78 77 74 68 0 0 0 0 0 0 0 0 0 0 0 0 0 0 0 0 0 0 0 0 0 0 0 0 0 0 0 0 0 0 0 0 0 0 54 71 80 86 89 99 101 103 107 111 114 115 114 108 98 85 79 70 60 46 0 0 72 173 179 273 239 255 238 259 56 0 0 0 0 0 0 0 0 0 0 0 0 0 0 0 0 0 0 0 0 0 0 63 62 72 79 82 93 101 102 102 103 103 102 102 101 100 99 98 95 93 91 89 87 86 84 83 82 81 81 82 83 86 86 83 82 79 69 0 0 0 0 0 0 0 0 0 0 0 0 0 0 0 0 0 
66 70 69 70 71 71 71 71 71 72 73 73 74 74 74 75 75 76 77 78 79 79 79 79 79 79 80 81 81 81 81 79 78 77 74 67 0 0 0 0 0 0 0 0 0 0 0 0 0 0 0 0 0 0 0 0 0 0 0 0 0 0 0 0 0 0 0 0 0 0 53 71 80 85 89 98 101 102 104 107 109 110 110 105 97 83 77 68 58 43 0 0 0 209 184 192 163 177 149 142 60 0 0 0 0 0 0 0 0 0 0 0 0 0 0 0 0 0 0 0 0 0 0 49 53 66 74 81 93 101 102 102 102 102 102 101 100 99 97 95 93 90 88 84 81 78 76 74 73 72 72 74 76 80 82 81 81 79 70 0 0 0 0 0 0 0 0 0 0 0 0 0 0 0 0 0 
72 68 69 70 70 70 71 71 71 72 73 74 74 74 74 75 75 76 77 78 78 78 79 78 79 80 81 81 82 82 82 79 78 77 74 68 0 0 0 0 0 0 0 0 0 0 0 0 0 0 0 0 0 0 0 0 0 0 0 0 0 0 0 0 0 0 0 0 0 0 53 70 80 85 88 98 101 101 102 104 106 107 107 103 96 82 76 66 56 40 0 0 0 0 80 106 96 100 104 106 69 0 0 0 0 0 0 0 0 0 0 0 0 0 0 0 0 0 0 0 0 0 0 42 50 64 73 80 92 101 102 102 102 102 102 101 100 97 95 94 90 85 82 78 75 73 72 72 71 68 67 68 68 70 75 77 78 79 0 0 0 0 0 0 0 0 0 0 0 0 0 0 0 0 0 0 
69 66 69 69 70 70 70 71 71 71 72 73 74 75 75 75 75 76 77 77 78 78 78 78 79 79 80 81 81 82 81 79 78 77 75 69 0 0 0 0 0 0 0 0 0 0 0 0 0 0 0 0 0 0 0 0 0 0 0 0 0 0 0 0 0 0 0 0 0 0 51 70 79 85 88 98 101 101 102 103 104 106 106 103 95 83 77 67 57 39 0 0 0 0 0 109 101 101 101 109 84 0 0 0 0 0 0 0 0 0 0 0 0 0 0 0 0 0 0 0 0 0 0 41 51 67 76 81 92 101 102 102 102 102 101 101 99 97 94 92 86 79 76 74 73 74 74 73 72 68 66 64 60 59 64 66 68 68 0 0 0 0 0 0 0 0 0 0 0 0 0 0 0 0 0 62 
65 67 69 69 70 70 70 70 70 71 71 73 73 74 75 75 75 76 77 77 78 78 78 78 79 79 80 81 81 81 81 78 78 77 75 70 0 0 0 0 0 0 0 0 0 0 0 0 0 0 0 0 0 0 0 0 0 0 0 0 0 0 0 0 0 0 0 0 0 0 51 69 79 84 88 98 100 101 101 102 103 105 105 102 95 83 76 66 55 38 0 0 0 0 0 97 92 92 92 97 86 0 0 0 0 0 0 0 0 0 0 0 0 0 0 0 0 0 0 0 0 0 0 0 51 68 77 83 92 101 102 102 102 102 101 101 98 96 93 89 81 76 77 78 79 82 83 81 79 76 74 70 64 67 71 71 74 75 0 0 0 0 0 0 0 0 0 0 0 0 0 0 0 65 0 65 
67 65 68 69 70 71 71 71 71 71 71 72 73 74 75 75 76 76 77 77 77 78 78 78 79 80 81 82 81 81 81 79 78 78 76 71 0 0 0 0 0 0 0 0 0 0 0 0 0 0 0 0 0 0 0 0 0 0 0 0 0 0 0 0 0 0 0 0 0 0 50 68 78 83 87 97 99 100 100 101 103 104 105 102 94 82 75 65 54 37 0 0 0 0 0 86 86 84 84 86 82 0 0 0 0 0 0 0 0 0 0 0 0 0 0 0 0 0 0 0 0 0 0 0 52 70 79 84 92 101 102 102 102 102 101 100 97 94 88 84 78 76 79 83 84 85 85 83 81 78 76 71 67 73 76 76 79 80 0 0 0 0 0 0 0 0 0 0 0 0 0 0 0 66 0 70 
71 71 68 68 69 70 70 70 71 71 71 72 73 74 75 76 76 76 77 77 77 78 78 78 80 80 80 81 81 81 81 79 79 78 76 71 0 0 0 0 0 0 0 0 0 0 0 0 0 0 0 0 0 0 0 0 0 0 0 0 0 0 0 0 0 0 0 0 0 0 51 69 78 83 87 97 99 100 100 100 102 103 104 101 94 83 76 66 56 0 0 0 0 0 0 0 79 74 74 74 74 0 0 0 0 0 0 0 0 0 0 0 0 0 0 0 0 0 0 0 0 0 0 0 55 73 82 87 92 100 101 101 101 101 100 100 96 93 87 82 78 79 83 88 89 91 91 89 87 85 81 75 73 79 79 80 83 82 72 0 0 0 0 0 0 0 0 0 0 0 0 0 0 65 0 65 
65 66 68 68 69 70 70 71 71 71 71 72 72 73 75 76 76 77 77 77 77 77 77 78 79 80 80 81 81 81 81 79 78 77 75 69 0 0 0 0 0 0 0 0 0 0 0 0 0 0 0 0 0 0 0 0 0 0 0 0 0 0 0 0 0 0 0 0 0 0 51 69 78 83 86 96 98 99 99 100 101 103 103 100 92 84 78 67 57 0 0 0 0 0 0 0 71 65 65 65 65 0 0 0 0 0 0 0 0 0 0 0 0 0 0 0 0 0 0 0 0 0 0 0 54 73 82 86 91 100 101 101 101 100 100 99 94 92 85 81 78 83 86 91 92 94 93 89 87 86 80 74 78 84 81 82 84 83 72 0 0 0 0 0 0 0 0 0 0 0 0 0 0 65 0 70 
69 67 68 68 69 70 70 70 71 71 71 71 72 73 74 75 75 76 77 77 77 77 78 78 79 80 80 81 81 81 81 79 78 77 75 69 0 0 0 0 0 0 0 0 0 0 0 0 0 0 0 0 0 0 0 0 0 0 0 0 0 0 0 0 0 0 0 0 0 0 50 68 77 82 85 96 98 99 99 99 100 101 102 98 91 83 76 65 56 0 0 0 0 0 0 0 62 59 59 59 60 0 0 0 0 0 0 0 0 0 0 0 0 0 0 0 0 0 0 0 0 0 0 0 54 73 82 87 91 100 101 100 100 100 99 98 92 91 83 80 79 85 87 92 94 94 92 89 87 84 78 74 80 86 84 86 88 88 73 0 0 0 0 0 0 0 0 0 0 0 0 0 0 64 58 63 
66 69 67 68 69 70 70 70 70 71 71 71 72 73 74 75 75 75 76 76 77 77 78 78 80 80 80 81 81 81 81 79 78 76 74 68 0 0 0 0 0 0 0 0 0 0 0 0 0 0 0 0 0 0 0 0 0 0 0 0 0 0 0 0 0 0 0 0 0 0 48 67 76 81 84 95 97 98 98 98 99 100 100 96 89 83 76 65 57 0 0 0 0 0 0 0 0 55 55 55 55 0 0 0 0 0 0 0 0 0 0 0 0 0 0 0 0 0 0 0 0 0 0 0 55 73 82 87 91 100 101 100 100 99 98 97 92 90 81 80 79 85 87 93 94 93 91 88 86 81 76 76 83 88 87 89 90 88 73 0 0 0 0 0 0 0 0 0 0 0 0 0 0 64 58 68 
66 69 67 68 69 70 70 71 71 71 71 72 73 73 73 73 73 73 72 73 74 75 76 78 80 80 80 81 81 81 81 78 77 75 73 64 0 0 0 0 0 0 0 0 0 0 0 0 0 0 0 0 0 0 0 0 0 0 0 0 0 0 0 0 0 0 0 0 0 0 47 67 76 81 84 94 97 97 97 97 97 99 99 95 87 84 77 67 59 0 0 0 0 0 0 0 0 50 50 50 50 0 0 0 0 0 0 0 0 0 0 0 0 0 0 0 0 0 0 0 0 0 0 0 56 74 82 87 91 99 100 100 99 98 98 97 91 89 82 79 78 84 85 89 90 89 87 84 83 77 73 75 81 85 85 88 88 86 70 0 0 0 0 0 0 0 0 0 0 0 0 0 60 64 0 68 
63 64 67 69 69 71 70 71 71 71 71 72 73 73 72 71 71 70 69 70 72 73 76 77 79 79 80 81 81 81 81 78 77 75 73 64 0 0 0 0 0 0 0 0 0 0 0 0 0 0 0 0 0 0 0 0 0 0 0 0 0 0 0 0 0 0 0 0 0 0 46 66 76 81 84 94 97 97 96 96 96 97 98 93 85 82 75 64 56 0 0 0 0 0 0 0 0 0 0 0 0 0 0 0 0 0 0 0 0 0 0 0 0 0 0 0 0 0 0 0 0 0 0 0 56 73 82 86 91 99 100 100 99 97 95 92 86 84 79 77 77 83 84 85 86 86 83 81 81 74 71 75 81 84 83 83 82 79 65 0 0 0 0 0 0 0 0 0 0 0 0 0 60 64 62 69 
66 69 68 69 70 71 70 71 71 71 71 72 73 73 71 69 69 66 64 66 69 71 74 77 80 80 80 81 82 82 82 78 77 75 73 63 0 0 0 0 0 0 0 0 0 0 0 0 0 0 0 0 0 0 0 0 0 0 0 0 0 0 0 0 0 0 0 0 0 0 44 65 75 80 83 94 95 95 95 95 95 96 97 92 84 81 74 63 55 0 0 0 0 0 0 0 0 0 0 0 0 0 0 0 0 0 0 0 0 0 0 0 0 0 0 0 0 0 0 0 0 0 0 0 60 77 85 88 91 99 100 99 97 94 92 89 84 83 78 75 75 80 82 82 84 84 81 79 81 73 71 76 79 82 81 81 80 77 64 0 0 0 0 0 0 0 0 0 0 0 0 0 62 65 61 70 
62 68 68 70 70 71 71 71 71 71 71 72 73 73 70 68 67 64 60 62 67 69 73 77 80 80 80 81 82 82 82 78 77 75 73 63 0 0 0 0 0 0 0 0 0 0 0 0 0 0 0 0 0 0 0 0 0 0 0 0 0 0 0 0 0 0 0 0 0 0 43 64 74 79 83 93 95 94 94 94 94 95 96 91 83 79 73 61 53 0 0 0 0 0 0 0 0 0 0 0 0 0 0 0 0 0 0 0 0 0 0 0 0 0 0 0 0 0 0 0 0 0 0 0 63 78 85 88 91 98 99 96 94 91 88 85 82 81 76 72 71 75 78 77 80 80 77 75 78 71 70 75 78 79 78 77 76 73 0 0 0 0 0 0 0 0 0 0 0 0 0 0 63 65 58 66 
68 72 69 70 70 70 70 70 70 71 71 72 72 72 70 68 66 63 59 60 65 68 72 77 80 80 81 81 82 82 82 78 77 75 72 64 0 0 0 0 0 0 0 0 0 0 0 0 0 0 0 0 0 0 0 0 0 0 0 0 0 0 0 0 0 0 0 0 0 0 43 63 73 79 82 92 94 94 93 93 93 95 95 90 82 78 71 60 51 0 0 0 0 0 0 0 0 0 0 0 0 0 0 0 0 0 0 0 0 0 0 0 0 0 0 0 0 0 0 0 0 0 0 0 63 78 85 88 91 98 98 95 92 89 84 80 77 75 73 69 66 0 71 67 70 70 68 67 0 0 0 0 72 73 71 70 68 66 0 0 0 0 0 0 0 0 0 0 0 0 0 0 63 65 67 64 
65 68 70 71 70 70 70 69 70 71 71 72 72 72 70 68 67 65 62 63 67 70 73 77 80 80 80 81 82 81 81 78 77 76 73 65 0 0 0 0 0 0 0 0 0 0 0 0 0 0 0 0 0 0 0 0 0 0 0 0 0 0 0 0 0 0 0 0 0 0 42 63 73 78 82 92 94 93 93 92 93 94 95 90 81 77 70 58 49 0 0 0 0 0 0 0 0 0 0 0 0 0 0 0 0 0 0 0 0 0 0 0 0 0 0 0 0 0 0 0 0 0 0 0 64 79 85 89 91 98 97 94 91 87 79 70 67 63 0 0 0 0 0 0 0 0 0 0 0 0 0 0 0 0 0 0 0 0 0 0 0 0 0 0 0 0 0 0 0 0 0 0 64 65 65 68 
67 68 69 70 70 69 69 69 70 70 71 71 72 72 71 69 69 68 66 66 69 71 73 77 79 80 80 81 81 81 81 78 77 75 73 64 0 0 0 0 0 0 0 0 0 0 0 0 0 0 0 0 0 0 0 0 0 0 0 0 0 0 0 0 0 0 0 0 0 0 40 61 71 77 80 91 93 93 93 92 93 94 95 89 80 76 69 56 48 0 0 0 0 0 0 0 0 0 0 0 0 0 0 0 0 0 0 0 0 0 0 0 0 0 0 0 0 0 0 0 0 0 0 0 64 79 85 88 90 98 96 91 88 84 75 62 0 0 0 0 0 0 0 0 0 0 0 0 0 0 0 0 0 0 0 0 0 0 0 0 0 0 0 0 0 0 0 0 0 0 0 0 63 65 67 69 
66 72 69 70 69 69 69 69 70 70 71 71 71 72 72 71 70 70 69 69 72 74 75 77 79 80 79 80 81 81 81 78 77 75 73 65 0 0 0 0 0 0 0 0 0 0 0 0 0 0 0 0 0 0 0 0 0 0 0 0 0 0 0 0 0 0 0 0 0 0 40 63 73 78 82 91 93 93 93 93 93 94 94 88 79 75 67 54 45 0 0 0 0 0 0 0 0 0 0 0 0 0 0 0 0 0 0 0 0 0 0 0 0 0 0 0 0 0 0 0 0 0 0 0 63 78 84 88 90 97 95 90 86 81 72 55 0 0 0 0 0 0 0 0 0 0 0 0 0 0 0 0 0 0 0 0 0 0 0 0 0 0 0 0 0 0 0 0 0 0 0 0 63 64 68 64 
66 67 69 70 69 69 68 68 68 69 69 70 70 70 71 71 72 72 72 73 74 76 77 77 78 79 79 80 81 81 81 78 77 76 73 65 0 0 0 0 0 0 0 0 0 0 0 0 0 0 0 0 0 0 0 0 0 0 0 0 0 0 0 0 0 0 0 0 0 0 0 65 75 80 83 90 93 93 93 93 93 94 94 88 78 74 66 53 44 0 0 0 0 0 0 0 0 0 0 0 0 0 0 0 0 0 0 0 0 0 0 0 0 0 0 0 0 0 0 0 0 0 0 0 60 77 83 87 89 97 95 92 87 81 72 61 0 0 0 0 0 0 0 0 0 0 0 0 0 0 0 0 0 0 0 0 0 0 0 0 0 0 0 0 0 0 0 0 0 0 0 0 63 64 60 70 
67 69 67 68 68 67 67 67 66 66 67 67 67 69 69 71 72 74 74 75 76 77 77 77 78 78 79 79 81 81 81 78 78 77 74 67 0 0 0 0 0 0 0 0 0 0 0 0 0 0 0 0 0 0 0 0 0 0 0 0 0 0 0 0 0 0 0 0 0 0 0 67 77 82 85 90 93 93 93 93 93 94 93 87 77 73 65 52 42 0 0 0 0 0 0 0 0 0 0 0 0 0 0 0 0 0 0 0 0 0 0 0 0 0 0 0 0 0 0 0 0 0 0 0 60 77 83 87 89 96 95 92 87 82 75 67 60 0 0 0 0 0 0 0 0 0 0 0 0 0 0 0 0 0 0 0 0 0 0 0 0 0 0 0 0 0 0 0 0 0 0 0 63 65 64 63 
61 66 66 66 67 67 67 66 66 66 66 65 66 67 67 69 70 72 72 74 74 75 76 76 76 77 78 79 80 80 81 78 78 77 74 67 0 0 0 0 0 0 0 0 0 0 0 0 0 0 0 0 0 0 0 0 0 0 0 0 0 0 0 0 0 0 0 0 0 0 0 66 76 81 84 89 92 93 94 94 94 94 93 86 76 71 64 50 42 0 0 0 0 0 0 0 0 0 0 0 0 0 0 0 0 0 0 0 0 0 0 0 0 0 0 0 0 0 0 0 0 0 0 0 60 76 83 86 88 96 96 93 89 84 79 74 68 64 60 60 60 60 60 62 59 56 0 0 0 0 0 0 0 0 0 0 0 0 0 0 0 0 0 0 0 0 0 0 0 0 0 60 63 65 72 68 
0 60 65 66 66 66 66 65 64 64 64 63 64 65 66 68 69 71 72 72 72 72 72 71 73 74 74 75 77 77 77 75 75 74 72 68 0 0 0 0 0 0 0 0 0 0 0 0 0 0 0 0 0 0 0 0 0 0 0 0 0 0 0 0 0 0 0 0 0 0 0 70 78 82 85 88 92 93 93 93 93 93 92 85 75 70 63 50 41 0 0 0 0 0 0 0 0 0 0 0 0 0 0 0 0 0 0 0 0 0 0 0 0 0 0 0 0 0 0 0 0 0 0 0 60 77 83 86 89 96 96 95 91 86 83 79 75 73 72 72 71 71 71 72 69 67 66 67 0 0 0 0 0 0 0 0 0 0 0 0 0 0 0 0 0 0 0 0 0 0 0 63 65 66 69 74 
0 0 63 65 65 65 64 63 62 62 60 60 60 62 63 66 68 70 71 71 70 70 70 69 71 73 73 74 75 76 76 74 74 74 72 68 0 0 0 0 0 0 0 0 0 0 0 0 0 0 0 0 0 0 0 0 0 0 0 0 0 0 0 0 0 0 0 0 0 0 0 69 77 81 84 87 90 91 91 92 92 91 91 84 74 69 62 49 40 0 0 0 0 0 0 0 0 0 0 0 0 0 0 0 0 0 0 0 0 0 0 0 0 0 0 0 0 0 0 0 0 0 0 0 61 77 83 86 88 94 95 95 93 88 85 81 77 73 72 71 71 70 70 71 69 66 65 66 64 0 0 0 0 0 0 0 0 0 0 0 0 0 0 0 0 0 0 0 0 0 0 64 65 66 66 67 
0 0 60 60 60 60 61 60 58 58 58 57 58 60 62 65 67 69 70 69 68 68 67 67 70 71 72 73 74 74 74 73 73 73 71 0 0 0 0 0 0 0 0 0 0 0 0 0 0 0 0 0 0 0 0 0 0 0 0 0 0 0 0 0 0 0 0 0 0 0 0 64 72 75 77 80 84 84 85 85 85 85 85 78 70 66 59 47 40 0 0 0 0 0 0 0 0 0 0 0 0 0 0 0 0 0 0 0 0 0 0 0 0 0 0 0 0 0 0 0 0 0 0 0 59 71 77 79 81 86 86 86 85 82 80 79 76 73 72 71 71 70 70 71 69 66 65 66 64 0 0 0 0 0 0 0 0 0 0 0 0 0 0 0 0 0 0 0 0 0 0 64 65 66 63 69 
0 0 0 0 0 0 0 0 0 85 80 79 76 73 64 63 61 63 65 64 63 63 64 63 66 68 69 70 71 71 71 70 71 71 70 0 0 0 0 0 0 0 0 0 0 0 0 0 0 0 0 0 0 0 0 0 0 0 0 0 0 0 0 0 0 0 0 0 0 0 0 61 69 73 75 78 81 82 82 83 83 82 83 77 67 63 57 46 40 0 0 0 0 0 0 0 0 0 0 0 0 0 0 0 0 0 0 0 0 0 0 0 0 0 0 0 0 0 0 0 0 0 0 0 59 70 75 77 78 84 84 83 83 81 80 79 78 75 73 71 71 70 70 71 69 66 65 66 64 0 0 0 0 0 0 0 0 0 0 0 0 0 0 0 0 0 0 0 0 0 0 67 66 66 63 66 
0 0 0 0 0 0 0 0 0 91 83 82 82 84 70 0 0 0 0 0 0 0 54 54 58 62 62 62 64 63 62 62 64 0 0 0 0 0 0 0 0 0 0 0 0 0 0 0 0 0 0 0 0 0 0 0 0 0 0 0 0 0 0 0 0 0 0 0 0 0 0 0 70 72 74 75 78 79 79 80 80 80 80 75 65 61 56 45 40 0 0 0 0 0 0 0 0 0 0 0 0 0 0 0 0 0 0 0 0 0 0 0 0 0 0 0 0 0 0 0 0 0 0 0 0 67 72 74 75 80 80 79 78 76 76 77 77 77 78 76 76 76 75 75 74 70 69 69 67 0 0 0 0 0 0 0 0 0 0 0 0 0 0 0 0 0 0 0 0 0 0 67 66 67 69 66 
0 0 0 0 0 0 0 0 72 89 85 82 82 86 75 0 0 0 0 0 0 0 0 0 0 0 0 0 0 0 0 0 0 0 0 0 0 0 0 0 0 0 0 0 0 0 0 0 0 0 0 0 0 0 0 0 0 0 0 0 0 0 0 0 0 0 0 0 0 0 0 0 66 67 68 70 72 73 74 74 74 75 75 70 61 58 53 43 0 0 0 0 0 0 0 0 0 0 0 0 0 0 0 0 0 0 0 0 0 0 0 0 0 0 0 0 0 0 0 0 0 0 0 0 0 62 66 67 68 72 72 70 69 67 66 67 69 70 71 69 69 68 68 68 68 64 63 0 0 0 0 0 0 0 0 0 0 0 0 0 0 0 0 0 0 0 0 0 0 0 0 68 67 67 64 71 
0 0 0 0 0 0 0 0 71 86 85 82 83 87 77 69 0 0 0 0 0 0 0 0 0 0 0 0 0 0 0 0 0 0 0 0 0 0 0 0 0 0 0 0 0 0 0 0 0 0 0 0 0 0 0 0 0 0 0 0 0 0 0 0 0 0 0 0 0 0 0 0 0 0 55 56 59 59 59 60 60 61 62 59 52 50 46 0 0 0 0 0 0 0 0 0 0 0 0 0 0 0 0 0 0 0 0 0 0 0 0 0 0 0 0 0 0 0 0 0 0 0 0 0 0 0 0 52 53 55 55 52 50 48 46 0 0 0 0 0 0 0 0 0 0 0 0 0 0 0 0 53 53 53 53 0 0 0 0 0 0 0 0 0 0 0 0 0 0 0 0 67 67 67 67 72 
0 0 0 0 0 0 0 62 70 86 91 86 86 89 80 64 0 0 0 0 0 0 0 0 0 0 0 0 0 0 0 0 0 0 0 0 0 0 0 0 0 0 0 0 0 0 0 0 0 0 0 0 0 0 0 0 0 0 0 0 0 0 0 0 0 0 0 0 0 0 0 0 0 0 0 0 0 0 0 0 0 0 0 0 0 0 0 0 0 0 0 0 0 0 0 0 0 0 0 0 0 0 0 0 0 0 0 0 0 0 0 0 0 0 0 0 0 0 0 0 0 0 0 0 0 0 0 0 0 0 0 0 0 0 0 0 0 0 0 0 0 0 0 0 0 0 0 0 0 0 0 53 53 53 53 0 0 0 0 0 0 0 0 0 0 0 0 0 0 0 0 69 67 68 64 65 
0 0 0 69 67 64 66 65 69 79 90 85 85 88 83 64 0 0 0 0 0 0 0 0 0 0 0 0 0 0 0 0 0 0 0 0 0 0 0 0 0 0 0 0 0 0 0 0 0 0 0 0 0 0 0 0 0 0 0 0 0 0 0 0 0 0 0 0 0 0 0 0 0 0 0 0 0 0 0 0 0 0 0 0 0 0 0 0 0 0 0 0 0 0 0 0 0 0 0 0 0 0 0 0 0 0 0 0 0 0 0 0 0 0 0 0 0 0 0 0 0 0 0 0 0 0 0 0 0 0 0 0 0 0 0 0 0 0 0 0 0 0 0 0 0 0 0 0 0 0 0 0 0 0 0 0 0 0 0 0 0 0 0 0 0 0 0 0 0 0 0 67 67 67 65 68 
0 0 73 72 70 68 69 68 70 76 89 86 85 87 86 65 0 0 0 0 0 0 0 0 0 0 0 0 0 0 0 0 0 0 0 0 0 0 0 0 0 0 0 0 0 0 0 0 0 0 0 0 0 0 0 0 0 0 0 0 0 0 0 0 0 0 0 0 0 0 0 0 0 0 0 0 0 0 0 0 0 0 0 0 0 0 0 0 0 0 0 0 0 0 0 0 0 0 0 0 0 0 0 0 0 0 0 0 0 0 0 0 0 0 0 0 0 0 0 0 0 0 0 0 0 0 0 0 0 0 0 0 0 0 0 0 0 0 0 0 0 0 0 0 0 0 0 0 0 0 0 0 0 0 0 0 0 0 0 0 0 0 0 0 0 0 0 0 0 0 0 66 68 67 70 69 
0 0 74 73 72 71 71 70 72 76 86 86 84 85 86 70 58 0 0 0 0 0 0 0 0 0 0 0 0 0 0 0 0 0 0 0 0 0 0 0 0 0 0 0 0 0 0 0 0 0 0 0 0 0 0 0 0 0 0 0 0 0 0 0 0 0 0 0 0 0 0 0 0 0 0 0 0 0 0 0 0 0 0 0 0 0 0 0 0 0 0 0 0 0 0 0 0 0 0 0 0 0 0 0 0 0 0 0 0 0 0 0 0 0 0 0 0 0 0 0 0 0 0 0 0 0 0 0 0 0 0 0 0 0 0 0 0 0 0 0 0 0 0 0 0 0 0 0 0 0 0 0 0 0 0 0 0 0 0 0 0 0 0 0 0 0 0 0 0 0 0 0 68 68 67 70 
0 0 72 72 72 72 72 72 73 75 84 86 83 84 86 73 59 0 0 0 0 0 0 0 0 0 0 0 0 0 0 0 0 0 0 0 0 0 0 0 0 0 0 0 0 0 0 0 0 0 0 0 0 0 0 0 0 0 0 0 0 0 0 0 0 0 0 0 0 0 0 0 0 0 0 0 0 0 0 0 0 0 0 0 0 0 0 0 0 0 0 0 0 0 0 0 0 0 0 0 0 0 0 0 0 0 0 0 0 0 0 0 0 0 0 0 0 0 0 0 0 0 0 0 0 0 0 0 0 0 0 0 0 0 0 0 0 0 0 0 0 0 0 0 0 0 0 0 0 0 0 0 0 0 0 0 0 0 0 0 0 0 0 0 0 0 0 0 0 0 0 0 69 68 78 63 
0 0 72 72 73 73 74 73 74 75 80 83 80 81 83 76 60 0 0 0 0 0 0 0 0 0 0 0 0 0 0 0 0 0 0 0 0 0 0 0 0 0 0 0 0 0 0 0 0 0 0 0 0 0 0 0 0 0 0 0 0 0 0 0 0 0 0 0 0 0 0 0 0 0 0 0 0 0 0 0 0 0 0 0 0 0 0 0 0 0 0 0 0 0 0 0 0 0 0 0 0 0 0 0 0 0 0 0 0 0 0 0 0 0 0 0 0 0 0 0 0 0 0 0 0 0 0 0 0 0 0 0 0 0 0 0 0 0 0 0 0 0 0 0 0 0 0 0 0 0 0 0 0 0 0 0 0 0 0 0 0 0 0 0 0 0 0 0 0 0 0 0 0 67 0 0 
0 62 72 72 73 75 74 74 74 74 76 80 78 79 81 78 60 0 0 0 0 0 0 0 0 0 0 0 0 0 0 0 0 0 0 0 0 0 0 0 0 0 0 0 0 0 0 0 0 0 0 0 0 0 0 0 0 0 0 0 0 0 0 0 0 0 0 0 0 0 0 0 0 0 0 0 0 0 0 0 0 0 0 0 0 0 0 0 0 0 0 0 0 0 0 0 0 0 0 0 0 0 0 0 0 0 0 0 0 0 0 0 0 0 0 0 0 0 0 0 0 0 0 0 0 0 0 0 0 0 0 0 0 0 0 0 0 0 0 0 0 0 0 0 0 0 0 0 0 0 0 0 0 0 0 0 0 0 0 0 0 0 0 0 0 0 0 0 0 0 0 0 0 0 0 0 
0 64 72 72 74 75 75 73 73 73 74 78 76 77 80 79 0 0 0 0 0 0 0 0 0 0 0 0 0 0 0 0 0 0 0 0 0 0 0 0 0 0 0 0 0 0 0 0 0 0 0 0 0 0 0 0 0 0 0 0 0 0 0 0 0 0 0 0 0 0 0 0 0 0 0 0 0 0 0 0 0 0 0 0 0 0 0 0 0 0 0 0 0 0 0 0 0 0 0 0 0 0 0 0 0 0 0 0 0 0 0 0 0 0 0 0 0 0 0 0 0 0 0 0 0 0 0 0 0 0 0 0 0 0 0 0 0 0 0 0 0 0 0 0 0 0 0 0 0 0 0 0 0 0 0 0 0 0 0 0 0 0 0 0 0 0 0 0 0 0 0 0 0 0 0 0 
0 75 71 71 72 73 73 71 71 71 72 75 74 75 76 76 0 0 0 0 0 0 0 0 0 0 0 0 0 0 0 0 0 0 0 0 0 0 0 0 0 0 0 0 0 0 0 0 0 0 0 0 0 0 0 0 0 0 0 0 0 0 0 0 0 0 0 0 0 0 0 0 0 0 0 0 0 0 0 0 0 0 0 0 0 0 0 0 0 0 0 0 0 0 0 0 0 0 0 0 0 0 0 0 0 0 0 0 0 0 0 0 0 0 0 0 0 0 0 0 0 0 0 0 0 0 0 0 0 0 0 0 0 0 0 0 0 0 0 0 0 0 0 0 0 0 0 0 0 0 0 0 0 0 0 0 0 0 0 0 0 0 0 0 0 0 0 0 0 0 0 0 0 0 0 0 
0 63 105 89 81 75 71 71 70 71 71 72 74 97 120 142 173 193 181 174 0 0 0 0 0 0 0 0 0 0 0 0 0 0 0 0 0 0 0 0 0 0 0 0 0 0 0 0 0 0 0 0 0 0 0 0 0 0 0 0 0 0 0 0 0 0 0 0 0 0 0 0 0 0 0 0 0 0 0 0 0 0 0 0 0 0 0 0 0 0 0 0 0 0 0 0 0 0 0 0 0 0 0 0 0 0 0 0 0 0 0 0 0 0 0 0 0 0 0 0 0 0 0 0 0 0 0 0 0 0 0 0 0 0 0 0 0 0 0 0 0 0 0 0 0 0 0 0 0 0 0 0 0 0 0 0 0 0 0 0 0 0 0 0 0 0 0 0 0 0 0 0 0 0 0 0 
79 0 196 168 149 131 119 116 117 125 148 176 225 284 332 340 323 285 257 221 163 0 0 0 0 0 0 0 0 0 0 0 0 0 0 0 0 0 0 0 0 0 0 0 0 0 0 0 0 0 0 0 0 0 0 0 0 0 0 0 0 0 0 0 0 0 0 0 0 0 0 0 0 0 0 0 0 0 0 0 0 0 0 0 0 0 0 0 0 0 0 0 0 0 0 0 0 0 0 0 0 0 0 0 0 0 0 0 0 0 0 0 0 0 0 0 0 0 0 0 0 0 0 0 0 0 0 0 0 0 0 0 0 0 0 0 0 0 0 0 0 0 0 0 0 0 0 0 0 0 0 0 0 0 0 0 0 0 0 0 0 0 0 0 0 0 0 0 0 0 0 0 0 0 0 0 
341 239 283 262 245 229 222 232 252 282 329 349 381 402 410 406 368 312 276 228 156 0 0 0 0 0 0 0 0 0 0 0 0 0 0 0 0 0 0 0 0 0 0 0 0 0 0 0 0 0 0 0 0 0 0 0 0 0 0 0 0 0 0 0 0 0 0 0 0 0 0 0 0 0 0 0 0 0 0 0 0 0 0 0 0 0 0 0 0 0 0 0 0 0 0 0 0 0 0 0 0 0 0 0 0 0 0 0 0 0 0 0 0 0 0 0 0 0 0 0 0 0 0 0 0 0 0 0 0 0 0 0 0 0 0 0 0 0 0 0 0 0 0 0 0 0 0 0 0 0 0 0 0 0 0 0 0 0 0 0 0 0 0 0 0 0 0 0 0 0 0 0 0 0 0 0 
485 479 349 343 327 313 312 336 354 378 409 408 414 432 437 426 378 313 272 218 143 87 0 0 0 0 0 0 0 0 0 0 0 0 0 0 0 0 0 0 0 0 0 0 0 0 0 0 0 0 0 0 0 0 0 0 0 0 0 0 0 0 0 0 0 0 0 0 0 0 0 0 0 0 0 0 0 0 0 0 0 0 0 0 0 0 0 0 0 0 0 0 0 0 0 0 0 0 0 0 0 0 0 0 0 0 0 0 0 0 0 0 0 0 0 0 0 0 0 0 0 0 0 0 0 0 0 0 0 0 0 0 0 0 0 0 0 0 0 0 0 0 0 0 0 0 0 0 0 0 0 0 0 0 0 0 0 0 0 0 0 0 0 0 0 0 0 0 0 0 0 0 0 0 0 0 
432 437 380 376 376 378 381 394 396 401 411 412 419 434 439 424 382 322 281 223 144 87 0 0 0 0 0 0 0 0 0 0 0 0 0 0 0 0 0 0 0 0 0 0 0 0 0 0 0 0 0 0 0 0 0 0 0 0 0 0 0 0 0 0 0 0 0 0 0 0 0 0 0 0 0 0 0 0 0 0 0 0 0 0 0 0 0 0 0 0 0 0 0 0 0 0 0 0 0 0 0 0 0 0 0 0 0 0 0 0 0 0 0 0 0 0 0 0 0 0 0 0 0 0 0 0 0 0 0 0 0 0 0 0 0 0 0 0 0 0 0 0 0 0 0 0 0 0 0 0 0 0 0 0 0 0 0 0 0 0 0 0 0 0 0 0 0 0 0 0 0 0 0 0 0 0 
400 403 414 411 406 401 394 392 394 398 407 423 443 465 477 463 400 338 290 219 126 0 0 0 0 0 0 0 0 0 0 0 0 0 0 0 0 0 0 0 0 0 0 0 0 0 0 0 0 0 0 0 0 0 0 0 0 0 0 0 0 0 0 0 0 0 0 0 0 0 0 0 0 0 0 0 0 0 0 0 0 0 0 0 0 0 0 0 0 0 0 0 0 0 0 0 0 0 0 0 0 0 0 0 0 0 0 0 0 0 0 0 0 0 0 0 0 0 0 0 0 0 0 0 0 0 0 0 0 0 0 0 0 0 0 0 0 0 0 0 0 0 0 0 0 0 0 0 0 0 0 0 0 0 0 0 0 0 0 0 0 0 0 0 0 0 0 0 0 0 0 0 0 0 0 0 
383 391 394 403 409 414 416 419 424 428 434 443 453 460 459 429 360 308 261 188 107 0 0 0 0 0 0 0 0 0 0 0 0 0 0 0 0 0 0 0 0 0 0 0 0 0 0 0 0 0 0 0 0 0 0 0 0 0 0 0 0 0 0 0 0 0 0 0 0 0 0 0 0 0 0 0 0 0 0 0 0 0 0 0 0 0 0 0 0 0 0 0 0 0 0 0 0 0 0 0 0 0 0 0 0 0 0 0 0 0 0 0 0 0 0 0 0 0 0 0 0 0 0 0 0 0 0 0 0 0 0 0 0 0 0 0 0 0 0 0 0 0 0 0 0 0 0 0 0 0 0 0 0 0 0 0 0 0 0 0 0 0 0 0 0 0 0 0 0 0 0 0 0 0 0 0 
350 363 352 370 383 390 392 393 396 399 404 413 421 425 421 385 318 277 233 159 92 0 0 0 0 0 0 0 0 0 0 0 0 0 0 0 0 0 0 0 0 0 0 0 0 0 0 0 0 0 0 0 0 0 0 0 0 0 0 0 0 0 0 0 0 0 0 0 0 0 0 0 0 0 0 0 0 0 0 0 0 0 0 0 0 0 0 0 0 0 0 0 0 0 0 0 0 0 0 0 0 0 0 0 0 0 0 0 0 0 0 0 0 0 0 0 0 0 0 0 0 0 0 0 0 0 0 0 0 0 0 0 0 0 0 0 0 0 0 0 0 0 0 0 0 0 0 0 0 0 0 0 0 0 0 0 0 0 0 0 0 0 0 0 0 0 0 0 0 0 0 0 0 0 0 0 
252 336 325 345 357 372 377 378 378 380 383 389 395 395 388 347 283 253 211 138 84 0 0 0 0 0 0 0 0 0 0 0 0 0 0 0 0 0 0 0 0 0 0 0 0 0 0 0 0 0 0 0 0 0 0 0 0 0 0 0 0 0 0 0 0 0 0 0 0 0 0 0 0 0 0 0 0 0 0 0 0 0 0 0 0 0 0 0 0 0 0 0 0 0 0 0 0 0 0 0 0 0 0 0 0 0 0 0 0 0 0 0 0 0 0 0 0 0 0 0 0 0 0 0 0 0 0 0 0 0 0 0 0 0 0 0 0 0 0 0 0 0 0 0 0 0 0 0 0 0 0 0 0 0 0 0 0 0 0 0 0 0 0 0 0 0 0 0 0 0 0 0 0 0 0 0 
85 166 293 318 331 344 357 361 361 365 369 374 379 376 366 322 268 238 196 122 78 0 0 0 0 0 0 0 0 0 0 0 0 0 0 0 0 0 0 0 0 0 0 0 0 0 0 0 0 0 0 0 0 0 0 0 0 0 0 0 0 0 0 0 0 0 0 0 0 0 0 0 0 0 0 0 0 0 0 0 0 0 0 0 0 0 0 0 0 0 0 0 0 0 0 0 0 0 0 0 0 0 0 0 0 0 0 0 0 0 0 0 0 0 0 0 0 0 0 0 0 0 0 0 0 0 0 0 0 0 0 0 0 0 0 0 0 0 0 0 0 0 0 0 0 0 0 0 0 0 0 0 0 0 0 0 0 0 0 0 0 0 0 0 0 0 0 0 0 0 0 0 0 0 0 0 
0 0 255 282 297 312 324 336 341 345 347 351 355 351 341 296 254 225 184 109 0 0 0 0 0 0 0 0 0 0 0 0 0 0 0 0 0 0 0 0 0 0 0 0 0 0 0 0 0 0 0 0 0 0 0 0 0 0 0 0 0 0 0 0 0 0 0 0 0 0 0 0 0 0 0 0 0 0 0 0 0 0 0 0 0 0 0 0 0 0 0 0 0 0 0 0 0 0 0 0 0 0 0 0 0 0 0 0 0 0 0 0 0 0 0 0 0 0 0 0 0 0 0 0 0 0 0 0 0 0 0 0 0 0 0 0 0 0 0 0 0 0 0 0 0 0 0 0 0 0 0 0 0 0 0 0 0 0 0 0 0 0 0 0 0 0 0 0 0 0 0 0 0 0 0 0 
0 0 218 255 264 276 287 294 294 304 312 318 325 325 312 276 242 214 171 101 0 0 0 0 0 0 0 0 0 0 0 0 0 0 0 0 0 0 0 0 0 0 0 0 0 0 0 0 0 0 0 0 0 0 0 0 0 0 0 0 0 0 0 0 0 0 0 0 0 0 0 0 0 0 0 0 0 0 0 0 0 0 0 0 0 0 0 0 0 0 0 0 0 0 0 0 0 0 0 0 0 0 0 0 0 0 0 0 0 0 0 0 0 0 0 0 0 0 0 0 0 0 0 0 0 0 0 0 0 0 0 0 0 0 0 0 0 0 0 0 0 0 0 0 0 0 0 0 0 0 0 0 0 0 0 0 0 0 0 0 0 0 0 0 0 0 0 0 0 0 0 0 0 0 0 0 
0 0 191 225 232 250 266 276 277 289 297 293 291 282 270 239 220 198 165 94 0 0 0 0 0 0 0 0 0 0 0 0 0 0 0 0 0 0 0 0 0 0 0 0 0 0 0 0 0 0 0 0 0 0 0 0 0 0 0 0 0 0 0 0 0 0 0 0 0 0 0 0 0 0 0 0 0 0 0 0 0 0 0 0 0 0 0 0 0 0 0 0 0 0 0 0 0 0 0 0 0 0 0 0 0 0 0 0 0 0 0 0 0 0 0 0 0 0 0 0 0 0 0 0 0 0 0 0 0 0 0 0 0 0 0 0 0 0 0 0 0 0 0 0 0 0 0 0 0 0 0 0 0 0 0 0 0 0 0 0 0 0 0 0 0 0 0 0 0 0 0 0 0 0 0 0 
0 0 0 191 197 209 229 245 247 264 275 271 269 261 248 221 213 196 166 0 0 0 0 0 0 0 0 0 0 0 0 0 0 0 0 0 0 0 0 0 0 0 0 0 0 0 0 0 0 0 0 0 0 0 0 0 0 0 0 0 0 0 0 0 0 0 0 0 0 0 0 0 0 0 0 0 0 0 0 0 0 0 0 0 0 0 0 0 0 0 0 0 0 0 0 0 0 0 0 0 0 0 0 0 0 0 0 0 0 0 0 0 0 0 0 0 0 0 0 0 0 0 0 0 0 0 0 0 0 0 0 0 0 0 0 0 0 0 0 0 0 0 0 0 0 0 0 0 0 0 0 0 0 0 0 0 0 0 0 0 0 0 0 0 0 0 0 0 0 0 0 0 0 0 0 0 
0 0 0 0 146 166 183 201 210 230 243 236 235 228 214 194 188 174 0 0 0 0 0 0 0 0 0 0 0 0 0 0 0 0 0 0 0 0 0 0 0 0 0 0 0 0 0 0 0 0 0 0 0 0 0 0 0 0 0 0 0 0 0 0 0 0 0 0 0 0 0 0 0 0 0 0 0 0 0 0 0 0 0 0 0 0 0 0 0 0 0 0 0 0 0 0 0 0 0 0 0 0 0 0 0 0 0 0 0 0 0 0 0 0 0 0 0 0 0 0 0 0 0 0 0 0 0 0 0 0 0 0 0 0 0 0 0 0 0 0 0 0 0 0 0 0 0 0 0 0 0 0 0 0 0 0 0 0 0 0 0 0 0 0 0 0 0 0 0 0 0 0 0 0 0 0 
0 0 0 0 0 0 0 127 139 171 198 194 197 188 173 161 156 0 0 0 0 0 0 0 0 0 0 0 0 0 0 0 0 0 0 0 0 0 0 0 0 0 0 0 0 0 0 0 0 0 0 0 0 0 0 0 0 0 0 0 0 0 0 0 0 0 0 0 0 0 0 0 0 0 0 0 0 0 0 0 0 0 0 0 0 0 0 0 0 0 0 0 0 0 0 0 0 0 0 0 0 0 0 0 0 0 0 0 0 0 0 0 0 0 0 0 0 0 0 0 0 0 0 0 0 0 0 0 0 0 0 0 0 0 0 0 0 0 0 0 0 0 0 0 0 0 0 0 0 0 0 0 0 0 0 0 0 0 0 0 0 0 0 0 0 0 0 0 0 0 0 0 0 0 0 0 
0 0 0 0 0 0 0 0 0 0 0 0 0 0 0 0 0 0 0 0 0 0 0 0 0 0 0 0 0 0 0 0 0 0 0 0 0 0 0 0 0 0 0 0 0 0 0 0 0 0 0 0 0 0 0 0 0 0 0 0 0 0 0 0 0 0 0 0 0 0 0 0 0 0 0 0 0 0 0 0 0 0 0 0 0 0 0 0 0 0 0 0 0 0 0 0 0 0 0 0 0 0 0 0 0 0 0 0 0 0 0 0 0 0 0 0 0 0 0 0 0 0 0 0 0 0 0 0 0 0 0 0 0 0 0 0 0 0 0 0 0 0 0 0 0 0 0 0 0 0 0 0 0 0 0 0 0 0 0 0 0 0 0 0 0 0 0 0 0 0 0 0 0 0 0 0 
0 0 0 0 0 0 0 0 0 0 0 0 0 0 0 0 0 0 0 0 0 0 0 0 0 0 0 0 0 0 0 0 0 0 0 0 0 0 0 0 0 0 0 0 0 0 0 0 0 0 0 0 0 0 0 0 0 0 0 0 0 0 0 0 0 0 0 0 0 0 0 0 0 0 0 0 0 0 0 0 0 0 0 0 0 0 0 0 0 0 0 0 0 0 0 0 0 0 0 0 0 0 0 0 0 0 0 0 0 0 0 0 0 0 0 0 0 0 0 0 0 0 0 0 0 0 0 0 0 0 0 0 0 0 0 0 0 0 0 0 0 0 0 0 0 0 0 0 0 0 0 0 0 0 0 0 0 0 0 0 0 0 0 0 0 0 0 0 0 0 0 0 0 0 0 0 
0 0 0 0 0 0 0 0 0 0 0 0 0 0 0 0 0 0 0 0 0 0 0 0 0 0 0 0 0 0 0 0 0 0 0 0 0 0 0 0 0 0 0 0 0 0 0 0 0 0 0 0 0 0 0 0 0 0 0 0 0 0 0 0 0 0 0 0 0 0 0 0 0 0 0 0 0 0 0 0 0 0 0 0 0 0 0 0 0 0 0 0 0 0 0 0 0 0 0 0 0 0 0 0 0 0 0 0 0 0 0 0 0 0 0 0 0 0 0 0 0 0 0 0 0 0 0 0 0 0 0 0 0 0 0 0 0 0 0 0 0 0 0 0 0 0 0 0 0 0 0 0 0 0 0 0 0 0 0 0 0 0 0 0 0 0 0 0 0 0 0 0 0 0 0 0 
0 0 0 0 0 0 0 0 0 0 0 0 0 0 0 0 0 0 0 0 0 0 0 0 0 0 0 0 0 0 0 0 0 0 0 0 0 0 0 0 0 0 0 0 0 0 0 0 0 0 0 0 0 0 0 0 0 0 0 0 0 0 0 0 0 0 0 0 0 0 0 0 0 0 0 0 0 0 0 0 0 0 0 0 0 0 0 0 0 0 0 0 0 0 0 0 0 0 0 0 0 0 0 0 0 0 0 0 0 0 0 0 0 0 0 0 0 0 0 0 0 0 0 0 0 0 0 0 0 0 0 0 0 0 0 0 0 0 0 0 0 0 0 0 0 0 0 0 0 0 0 0 0 0 0 0 0 0 0 0 0 0 0 0 0 0 0 0 0 0 0 0 0 0 0 0 
0 0 0 0 0 0 0 0 0 0 0 0 0 0 0 0 0 0 0 0 0 0 0 0 0 0 0 0 0 0 0 0 0 0 0 0 0 0 0 0 0 0 0 0 0 0 0 0 0 0 0 0 0 0 0 0 0 0 0 0 0 0 0 0 0 0 0 0 0 0 0 0 0 0 0 0 0 0 0 0 0 0 0 0 0 0 0 0 0 0 0 0 0 0 0 0 0 0 0 0 0 0 0 0 0 0 0 0 0 0 0 0 0 0 0 0 0 0 0 0 0 0 0 0 0 0 0 0 0 0 0 0 0 0 0 0 0 0 0 0 0 0 0 0 0 0 0 0 0 0 0 0 0 0 0 0 0 0 0 0 0 0 0 0 0 0 0 0 0 0 0 0 0 0 0 0 
0 0 0 0 0 0 0 0 0 0 0 0 0 0 0 0 0 0 0 0 0 0 0 0 0 0 0 0 0 0 0 0 0 0 0 0 0 0 0 0 0 0 0 0 0 0 0 0 0 0 0 0 0 0 0 0 0 0 0 0 0 0 0 0 0 0 0 0 0 0 0 0 0 0 0 0 0 0 0 0 0 0 0 0 0 0 0 0 0 0 0 0 0 0 0 0 0 0 0 0 0 0 0 0 0 0 0 0 0 0 0 0 0 0 0 0 0 0 0 0 0 0 0 0 0 0 0 0 0 0 0 0 0 0 0 0 0 0 0 0 0 0 0 0 0 0 0 0 0 0 0 0 0 0 0 0 0 0 0 0 0 0 0 0 0 0 0 0 0 0 0 0 0 0 0 0 
0 0 0 0 0 0 0 0 0 0 0 0 0 0 0 0 0 0 0 0 0 0 0 0 0 0 0 0 0 0 0 0 0 0 0 0 0 0 0 0 0 0 0 0 0 0 0 0 0 0 0 0 0 0 0 0 0 0 0 0 0 0 0 0 0 0 0 0 0 0 0 0 0 0 0 0 0 0 0 0 0 0 0 0 0 0 0 0 0 0 0 0 0 0 0 0 0 0 0 0 0 0 0 0 0 0 0 0 0 0 0 0 0 0 0 0 0 0 0 0 0 0 0 0 0 0 0 0 0 0 0 0 0 0 0 0 0 0 0 0 0 0 0 0 0 0 0 0 0 0 0 0 0 0 0 0 0 0 0 0 0 0 0 0 0 0 0 0 0 0 0 0 0 0 0 0 
0 0 0 0 0 0 0 0 0 0 0 0 0 0 0 0 0 0 0 0 0 0 0 0 0 0 0 0 0 0 0 0 0 0 0 0 0 0 0 0 0 0 0 0 0 0 0 0 0 0 0 0 0 0 0 0 0 0 0 0 0 0 0 0 0 0 0 0 0 0 0 0 0 0 0 0 0 0 0 0 0 0 0 0 0 0 0 0 0 0 0 0 0 0 0 0 0 0 0 0 0 0 0 0 0 0 0 0 0 0 0 0 0 0 0 0 0 0 0 0 0 0 0 0 0 0 0 0 0 0 0 0 0 0 0 0 0 0 0 0 0 0 0 0 0 0 0 0 0 0 0 0 0 0 0 0 0 0 0 0 0 0 0 0 0 0 0 0 0 0 0 0 0 0 0 0 
