84 92 90 86 82 82 84 81 82 81 78 82 87 77 84 77 83 82 81 80 74 77 73 80 80 82 74 71 78 78 80 78 71 76 70 74 76 86 78 79 81 75 80 76 75 76 80 76 79 75 76 81 82 78 78 75 74 79 70 68 64 75 74 74 81 79 77 76 76 75 79 79 74 77 81 82 83 79 79 76 76 77 80 78 79 70 65 70 76 78 79 76 75 79 79 78 73 76 73 79 78 81 78 77 82 79 85 80 81 82 77 71 70 81 83 84 85 87 89 85 86 85 91 91 96 85 88 90 90 92 89 92 94 96 93 93 86 79 93 95 96 89 103 95 98 100 93 107 103 108 105 110 109 107 108 95 80 69 70 73 77 75 74 77 0 74 77 80 78 86 85 92 99 94 97 103 
84 85 95 82 84 82 82 83 75 73 80 77 84 80 86 82 77 70 77 72 79 73 79 74 79 82 82 78 76 81 83 82 76 79 77 65 73 80 78 81 76 81 78 76 74 70 78 74 73 80 77 76 73 74 76 79 77 75 75 76 67 65 71 76 78 71 74 78 78 79 76 77 75 81 75 78 75 76 77 76 76 81 75 76 74 75 61 70 76 79 78 81 81 79 79 79 73 86 75 80 77 81 81 78 72 77 75 77 86 81 79 72 70 82 84 83 86 84 88 89 85 88 86 88 87 88 89 93 96 89 90 92 93 91 93 94 81 88 91 95 92 97 97 96 97 97 100 99 100 104 107 108 111 110 95 83 74 74 72 78 74 73 68 70 0 0 78 76 83 82 84 96 93 96 94 94 
89 83 84 84 82 81 79 79 78 77 76 76 77 77 78 77 78 78 78 78 78 77 77 78 78 77 77 77 77 78 77 77 76 74 72 72 72 72 73 74 74 75 75 75 75 74 74 74 74 73 73 73 74 74 74 74 74 74 73 72 71 71 71 72 73 74 75 74 75 75 75 75 76 76 76 77 77 76 76 76 76 76 76 76 74 73 73 73 73 75 76 77 76 77 76 77 76 77 77 77 77 78 78 78 78 78 79 79 79 77 76 76 77 78 80 82 83 84 84 84 85 84 85 86 86 87 88 88 88 89 89 90 90 90 88 88 87 88 90 91 93 94 94 95 96 96 98 99 101 102 103 101 97 91 85 80 76 74 73 72 72 72 71 72 73 75 76 77 79 82 86 90 93 96 103 100 
84 87 83 81 81 80 78 77 76 75 75 75 75 76 76 76 76 76 76 77 77 77 76 76 76 76 76 77 77 77 77 76 75 73 72 71 70 70 70 71 71 72 73 73 74 73 73 73 73 72 72 72 72 72 73 73 73 73 73 72 71 70 70 70 72 73 74 74 74 75 75 75 76 76 77 78 78 78 78 78 78 79 79 80 79 78 78 78 78 80 81 81 81 81 81 82 81 82 82 82 82 82 82 83 82 82 83 84 84 83 82 82 83 83 85 86 87 87 87 87 88 87 87 87 88 88 89 89 90 90 90 90 90 89 88 88 88 89 90 91 92 93 93 94 95 95 96 97 99 100 100 97 92 86 80 75 73 72 71 71 71 70 70 70 72 74 75 76 78 80 84 88 92 95 102 98 
79 82 80 80 79 78 77 76 75 74 74 74 74 74 73 74 74 75 75 76 76 76 76 75 75 75 74 75 75 75 75 74 74 73 71 70 69 68 67 68 68 69 70 71 72 72 71 71 70 70 70 70 71 71 72 72 73 73 73 73 73 72 73 73 74 76 77 77 78 78 78 79 80 80 81 82 82 82 83 83 83 83 83 84 84 84 84 84 84 84 85 85 85 85 86 86 86 87 86 87 87 87 87 88 88 88 89 89 90 89 89 89 89 89 91 91 91 92 92 92 92 92 91 92 92 92 93 93 93 93 94 94 94 93 93 93 92 93 94 94 95 95 96 96 96 96 98 98 100 100 98 93 88 81 76 72 71 70 70 70 70 69 68 0 0 73 74 75 77 79 83 88 91 95 96 102 
91 77 78 78 77 76 75 75 74 74 74 73 73 73 72 72 72 72 72 73 74 74 74 74 74 74 73 73 74 74 74 73 73 72 71 69 69 68 66 66 67 68 69 70 71 71 71 71 71 71 71 71 73 73 74 75 76 77 77 78 77 77 78 78 79 81 81 81 82 82 82 83 84 84 84 85 86 86 87 87 87 87 88 89 89 90 90 89 89 89 89 89 89 90 90 90 91 92 92 92 92 92 92 92 92 93 94 94 94 94 94 94 95 95 96 96 96 97 97 97 97 96 96 96 97 97 97 98 98 97 98 98 98 97 97 98 98 98 98 99 99 99 100 100 101 101 102 103 105 104 100 94 87 80 74 71 70 70 69 68 68 67 0 0 0 72 73 74 76 78 82 86 90 93 97 95 
70 80 76 75 75 75 74 74 74 74 73 72 72 71 71 71 71 71 70 71 71 72 72 73 73 72 72 72 71 71 71 70 71 70 70 69 69 68 67 67 68 69 71 73 73 74 74 74 74 74 75 75 76 77 77 78 79 80 81 81 81 81 82 82 83 84 84 85 85 86 86 86 87 87 88 89 90 90 91 91 91 91 92 93 93 94 94 94 93 93 93 94 94 95 96 96 96 97 97 97 97 97 97 97 97 98 99 99 100 101 101 101 101 101 101 101 101 102 102 102 102 102 101 101 102 103 102 102 102 102 102 102 102 102 102 103 103 103 103 103 103 104 104 105 105 106 107 107 109 108 102 96 88 80 74 71 70 69 68 67 67 0 0 0 0 71 73 74 76 78 81 85 89 92 89 98 
0 74 74 74 74 74 74 74 73 73 73 72 71 71 70 70 69 69 69 69 69 70 70 70 70 70 70 70 70 71 71 71 72 72 72 72 73 72 71 72 72 73 74 75 76 77 77 77 77 78 78 79 80 81 81 82 83 84 84 85 85 85 86 86 87 88 89 89 90 90 91 91 92 92 93 93 94 94 95 95 95 95 96 97 97 98 98 98 98 98 98 98 99 99 100 100 100 100 100 101 101 101 102 102 102 103 104 104 105 105 106 106 106 106 106 106 106 107 107 108 107 107 107 107 107 108 108 108 108 107 107 108 108 108 108 108 108 108 107 108 108 108 109 109 109 110 110 111 114 113 107 99 91 82 74 71 69 67 66 66 0 0 0 0 0 0 73 74 76 77 80 84 88 91 93 92 
71 71 73 73 73 73 74 73 73 72 72 70 70 70 69 68 68 68 67 67 68 69 69 70 71 71 71 71 72 72 73 74 74 74 75 75 75 75 75 75 76 76 77 78 78 79 80 79 80 81 81 82 84 84 85 86 87 88 88 89 89 90 90 91 92 92 93 93 94 94 94 94 94 94 95 95 96 96 96 96 96 96 96 97 98 99 98 98 98 98 97 98 98 99 99 99 99 99 100 100 100 101 102 102 102 102 103 103 104 104 105 105 105 105 106 106 106 107 108 108 108 108 108 108 109 110 110 110 110 109 109 110 111 111 111 112 111 111 111 112 112 113 113 113 113 114 115 116 118 118 111 103 94 84 74 71 69 67 64 0 0 0 0 0 0 0 73 74 75 77 80 83 87 91 102 102 
74 71 72 72 72 73 73 73 72 72 71 69 69 69 69 68 68 68 68 68 68 70 70 72 72 72 72 73 74 74 75 76 76 76 76 77 77 78 78 79 79 80 80 81 82 83 83 84 85 86 86 87 88 89 89 90 90 91 91 91 91 91 92 92 92 93 93 93 93 93 93 93 94 94 94 94 95 95 95 95 95 95 95 96 97 98 98 97 97 97 96 97 98 98 98 98 98 98 98 99 99 100 101 100 101 101 101 101 102 103 103 103 104 104 104 105 105 106 107 107 107 107 108 108 109 109 109 110 110 109 109 110 110 111 111 111 111 112 112 112 113 113 113 113 114 115 116 118 120 121 115 106 96 86 75 71 68 67 63 0 0 0 0 0 0 0 72 72 74 76 78 82 87 90 95 96 
70 72 72 72 72 72 73 72 71 71 70 69 69 70 70 70 70 70 70 70 70 71 72 72 73 73 73 75 75 76 77 78 78 78 78 79 80 81 82 83 83 84 84 85 85 86 86 86 86 87 88 88 89 89 89 90 90 90 90 91 91 91 91 91 91 91 92 92 92 92 92 92 93 93 94 94 94 94 94 94 94 94 94 94 94 94 95 94 94 94 93 93 94 94 94 94 94 94 94 95 95 95 96 96 96 97 97 97 98 99 99 100 99 100 100 100 101 101 102 103 104 105 106 106 107 108 108 108 108 108 108 109 110 110 110 111 110 111 111 111 111 112 112 112 113 113 114 115 118 119 114 106 98 88 76 71 68 66 0 0 0 0 0 0 0 0 72 72 73 75 77 81 86 90 99 96 
72 69 71 71 72 72 72 72 72 72 71 71 71 72 73 72 72 72 72 71 72 73 74 74 75 75 76 77 78 79 80 80 80 80 81 81 82 83 84 84 84 84 84 85 85 85 85 85 85 86 87 87 88 89 88 89 89 88 88 88 88 87 87 87 87 86 86 86 87 86 87 89 90 92 93 93 93 93 93 93 94 92 90 89 87 87 88 90 91 94 93 92 93 93 93 93 93 93 93 93 94 94 95 95 95 95 95 96 96 97 97 98 98 98 99 99 100 98 97 95 94 95 98 100 104 107 108 108 108 108 109 109 110 110 110 110 110 110 110 109 110 110 110 110 111 111 112 114 116 118 114 105 98 89 76 69 67 0 0 0 0 0 0 0 0 0 69 70 72 74 76 80 84 89 97 94 
72 70 71 71 72 72 73 73 73 72 72 72 73 74 74 74 74 74 74 74 75 76 76 77 78 78 79 80 80 81 81 81 81 81 81 81 82 82 83 83 83 83 83 83 83 83 83 82 82 83 83 83 84 84 83 83 83 82 82 84 85 84 86 86 85 85 85 85 85 84 85 87 89 90 92 93 92 93 93 93 93 90 88 86 83 83 86 88 90 93 92 91 91 92 91 91 92 91 91 91 92 92 93 93 93 93 93 94 95 95 95 96 96 96 97 97 97 95 93 92 91 90 94 97 101 104 106 107 107 107 108 108 109 109 110 110 109 109 109 109 109 109 108 109 110 110 111 112 114 116 113 103 97 90 78 68 0 0 0 0 0 0 0 0 0 67 68 69 70 72 74 79 83 88 91 97 
68 67 71 72 73 74 74 74 74 73 73 73 74 75 76 76 76 76 76 76 77 78 78 78 79 78 79 80 80 81 81 81 80 80 80 80 80 80 80 80 80 79 79 78 77 77 78 79 80 82 82 82 82 83 82 81 82 80 80 82 84 83 84 84 83 82 82 82 83 80 82 84 86 88 92 92 92 93 93 92 92 88 85 82 79 77 81 84 86 90 89 88 89 89 88 89 89 88 88 88 89 88 89 88 89 90 89 91 92 92 92 93 93 93 93 93 94 90 88 86 85 84 90 95 99 102 106 106 106 106 107 108 108 109 109 109 108 108 108 107 107 107 107 108 108 108 110 111 113 114 111 102 97 91 78 63 0 0 0 0 0 0 0 0 0 67 67 68 69 71 73 78 82 86 87 92 
69 74 72 72 73 74 75 75 75 75 76 76 76 77 78 78 77 77 77 76 77 78 78 78 78 78 79 79 79 80 80 79 79 78 78 78 78 78 79 79 79 78 78 77 76 76 76 76 78 79 79 80 80 80 79 78 78 76 77 79 80 79 81 79 79 78 77 78 78 74 77 81 84 86 91 93 93 93 93 92 92 86 83 79 73 67 70 74 77 83 82 81 81 82 81 81 82 81 80 80 81 80 79 79 79 80 81 83 84 84 83 85 84 85 86 86 87 82 78 75 74 75 84 91 96 100 105 106 106 107 107 107 108 108 108 109 108 108 107 107 107 107 106 107 107 108 108 110 111 112 110 100 97 91 78 61 0 0 0 0 0 0 0 0 0 0 67 68 69 71 73 77 81 85 87 97 
72 72 73 73 74 74 75 76 76 76 76 77 77 77 78 77 77 76 77 76 77 77 78 78 78 78 79 79 79 79 80 79 78 76 76 75 75 77 78 78 77 76 76 74 72 72 73 72 74 76 76 77 77 76 75 73 72 69 69 70 71 70 73 69 69 67 66 66 67 64 72 79 82 85 91 92 93 93 93 93 91 85 81 76 67 56 0 0 0 0 0 0 0 0 0 0 0 0 0 0 0 0 0 0 0 0 0 0 0 0 0 0 0 0 0 0 0 0 0 0 51 64 78 88 94 98 104 106 106 106 106 107 107 107 107 107 106 106 106 106 106 106 105 106 106 107 108 109 110 111 109 100 97 92 80 63 0 0 0 0 0 0 0 0 0 0 67 68 69 70 72 76 80 85 88 93 
77 70 73 74 75 75 75 75 76 76 76 76 76 76 76 76 75 76 76 76 77 77 77 78 78 78 78 79 79 79 80 79 77 76 75 74 73 74 76 75 74 72 71 68 66 65 65 65 66 69 67 68 67 67 65 62 59 56 0 0 0 0 0 0 0 0 0 0 0 63 75 80 83 85 91 92 93 93 93 93 91 85 83 80 73 60 0 0 0 0 0 0 0 0 0 0 0 0 0 0 0 0 0 0 0 0 0 0 0 0 0 0 0 0 0 0 0 0 0 0 0 71 84 91 95 97 103 105 105 105 106 106 106 106 106 106 106 106 106 106 106 106 105 106 106 106 106 107 108 109 107 99 97 93 83 65 0 0 0 0 0 0 0 0 0 0 0 68 68 70 72 75 79 85 93 94 
76 70 73 73 74 74 74 74 75 75 75 75 75 75 75 75 74 74 74 74 75 76 76 77 77 77 78 78 78 79 79 78 76 74 72 69 67 67 70 68 67 66 63 58 56 54 0 0 0 0 0 0 0 0 0 0 0 0 0 0 0 0 0 0 0 0 0 0 0 64 75 80 83 85 91 93 93 93 93 93 91 85 83 80 73 60 0 0 0 0 0 0 0 0 0 0 0 0 0 0 0 0 0 0 0 0 0 0 0 0 0 0 0 0 0 0 0 0 0 0 0 71 84 91 94 96 103 105 105 105 106 106 106 106 106 106 105 105 105 105 105 105 105 105 106 105 105 106 106 107 107 100 98 95 86 68 0 0 0 0 0 0 0 0 0 0 0 67 68 69 72 74 79 84 94 91 
74 69 72 72 72 72 72 73 73 74 75 75 76 75 75 74 74 73 72 72 74 75 75 77 77 77 77 78 77 78 78 77 74 72 70 64 57 0 0 0 0 0 0 0 0 0 0 0 0 0 0 0 0 0 0 0 0 0 0 0 0 0 0 0 0 0 0 0 0 66 76 81 84 86 91 93 93 93 92 93 91 85 83 80 73 59 0 0 0 0 0 0 0 0 0 0 0 0 0 0 0 0 0 0 0 0 0 0 0 0 0 0 0 0 0 0 0 0 0 0 0 71 82 90 94 96 102 105 105 105 105 106 106 106 105 106 106 106 105 106 105 105 105 105 105 105 105 105 105 106 107 101 99 97 90 72 0 0 0 0 0 0 0 0 0 0 0 69 68 69 72 74 78 83 91 96 
72 72 71 71 71 71 72 72 73 73 73 74 75 74 74 73 72 71 69 70 72 74 74 76 77 77 76 77 77 78 78 77 74 73 71 65 0 0 0 0 0 0 0 0 0 0 0 0 0 0 0 0 0 0 0 0 0 0 0 0 0 0 0 50 48 48 48 0 0 66 76 81 84 86 91 93 93 93 93 92 91 84 82 79 72 58 0 0 0 0 0 0 0 0 0 0 0 0 0 0 0 0 0 0 0 0 0 0 0 0 0 0 0 0 0 0 0 0 0 0 0 70 81 89 93 95 102 104 105 105 105 106 106 106 105 105 105 105 105 105 105 105 105 105 105 105 104 105 105 105 107 101 100 98 92 75 0 0 0 0 0 0 0 0 0 0 0 68 67 69 71 73 77 82 86 91 
71 75 71 71 71 71 71 71 72 72 73 73 73 73 73 71 70 69 66 67 70 72 73 76 76 77 76 77 77 78 78 76 75 74 71 65 0 0 0 0 0 0 0 0 0 0 0 0 0 0 0 0 0 0 0 0 0 0 0 0 0 0 53 51 50 50 49 47 0 67 77 81 84 86 91 92 93 92 92 92 91 84 82 79 72 57 0 0 0 0 0 0 0 0 0 0 0 0 0 0 0 0 0 0 0 0 0 0 0 0 0 0 0 0 0 0 0 0 0 0 0 67 79 88 92 94 101 104 104 105 105 106 106 106 105 106 106 105 105 105 105 105 104 104 104 104 103 104 104 105 106 101 100 98 93 76 0 0 0 0 0 0 0 0 0 0 0 67 67 68 70 73 77 82 87 92 
72 72 71 71 71 70 71 71 71 71 72 72 73 73 72 71 69 67 64 65 68 70 72 76 76 76 76 77 77 78 78 76 75 74 72 66 0 0 0 0 0 0 0 0 0 0 0 0 0 0 0 0 0 0 0 0 0 0 0 0 0 50 52 51 49 49 48 46 45 66 78 82 85 86 91 92 93 92 92 92 91 83 81 78 71 56 0 0 0 0 0 0 0 0 0 0 0 0 0 0 0 0 0 0 0 0 0 0 0 0 0 0 0 0 0 0 0 0 0 0 0 63 77 86 91 93 101 104 104 104 105 105 106 106 105 105 105 105 105 105 104 104 103 103 103 103 103 103 103 104 106 101 100 99 95 79 0 0 0 0 0 0 0 0 0 0 0 66 67 68 70 72 75 80 83 88 
71 73 71 70 71 70 70 70 71 71 72 72 73 72 72 69 68 66 63 64 67 70 72 75 75 76 76 76 77 78 78 76 75 74 71 65 0 0 0 0 0 0 0 0 0 0 0 0 0 0 0 0 0 0 0 0 0 0 0 0 0 50 52 51 49 49 48 46 45 66 79 82 85 86 91 92 92 92 92 92 91 83 81 78 71 55 0 0 0 0 0 0 0 0 0 0 0 0 0 0 0 0 0 0 0 0 0 0 0 0 0 0 0 0 0 0 0 0 0 0 0 59 76 85 90 92 101 103 104 104 104 105 105 105 105 106 106 105 105 105 104 104 103 102 103 103 103 104 104 104 106 102 101 100 97 82 0 0 0 0 0 0 0 0 0 0 0 66 66 67 69 71 75 79 86 93 
67 66 71 70 71 70 71 70 71 71 71 72 72 72 71 69 68 66 64 66 68 71 72 74 75 76 76 77 77 77 78 76 75 74 72 66 0 0 0 0 0 0 0 0 0 0 0 0 0 0 0 0 0 0 0 0 0 0 0 0 0 50 52 51 49 49 49 47 45 64 77 82 84 85 90 91 92 92 92 92 90 83 81 77 70 55 0 0 0 0 0 0 0 0 0 0 0 0 0 0 0 0 0 0 0 0 0 0 0 0 0 0 0 0 0 0 0 0 0 0 0 56 73 83 88 91 100 103 104 104 104 105 105 105 105 105 105 105 105 105 104 103 103 102 103 103 103 103 103 104 105 102 102 102 99 87 0 0 0 0 0 0 0 0 0 0 0 64 66 67 69 71 74 78 78 86 
72 68 70 70 71 70 70 70 70 70 71 71 72 71 71 69 68 67 66 68 70 72 73 74 75 76 76 76 77 77 78 75 75 74 73 66 0 0 0 0 0 0 0 0 0 0 0 0 0 0 0 0 0 0 0 0 0 0 0 0 0 51 52 51 50 49 49 47 0 62 76 82 84 85 91 91 91 92 92 92 91 83 80 77 69 54 0 0 0 0 0 0 0 0 0 0 0 0 0 0 0 0 0 0 0 0 0 0 0 0 0 0 0 0 0 0 0 0 0 0 0 53 71 81 87 90 100 103 103 103 104 104 104 104 105 105 105 105 105 105 104 103 102 102 102 102 102 103 103 103 105 103 102 101 99 88 0 0 0 0 0 0 0 0 0 0 0 63 66 67 68 69 73 77 86 87 
78 67 70 69 70 70 70 69 71 70 71 72 72 71 71 70 69 69 68 70 71 72 74 74 75 76 75 76 77 77 77 76 75 74 72 66 0 0 0 0 0 0 0 0 0 0 0 0 0 0 0 0 0 0 0 0 0 0 0 0 0 0 0 49 48 46 47 0 0 63 77 82 84 86 91 91 91 92 92 92 90 82 80 76 68 52 0 0 0 0 0 0 0 0 0 0 0 0 0 0 0 0 0 0 0 0 0 0 0 0 0 0 0 0 0 0 0 0 0 0 0 50 70 80 86 90 100 103 103 103 103 104 104 105 105 105 105 105 105 105 104 103 102 102 102 102 102 102 103 104 105 104 101 100 97 89 0 0 0 0 0 0 0 0 0 0 0 64 66 66 68 69 73 76 83 87 
72 68 70 69 69 69 70 69 70 70 71 71 71 71 71 70 69 70 70 71 72 74 74 74 75 75 75 76 77 77 77 74 73 72 71 64 0 0 0 0 0 0 0 0 0 0 0 0 0 0 0 0 0 0 0 0 0 0 0 0 0 0 0 0 0 0 0 0 0 62 74 81 83 85 91 92 91 92 92 92 90 82 80 76 69 54 0 0 0 0 0 0 0 0 0 0 0 0 0 0 0 0 0 0 0 0 0 0 0 0 0 0 0 0 0 0 0 0 0 0 0 48 69 80 86 89 100 103 103 103 104 104 104 104 105 105 105 105 105 104 104 103 103 102 103 103 103 103 104 104 105 105 101 100 97 90 0 0 0 0 0 0 0 0 0 0 0 0 65 66 67 69 73 76 80 80 
65 74 70 69 69 69 69 69 70 70 70 71 71 71 71 71 70 71 72 72 73 74 74 74 75 75 75 76 77 77 77 75 74 72 70 64 0 0 0 0 0 0 0 0 0 0 0 0 0 0 0 0 0 0 0 0 0 0 0 0 0 0 0 0 0 0 0 0 0 62 74 81 83 85 91 92 92 92 91 91 90 83 80 77 70 55 0 0 0 0 0 0 0 0 0 0 0 0 0 0 0 0 0 0 0 0 0 0 0 0 0 0 0 0 0 0 0 0 0 0 0 47 70 81 87 91 100 103 103 104 104 105 104 105 105 104 104 104 104 104 104 103 103 103 102 102 102 102 103 104 105 106 100 99 96 90 71 0 0 0 0 0 0 0 0 0 0 0 66 66 67 69 72 76 84 82 
67 73 69 69 68 69 69 69 70 71 71 71 71 71 71 71 70 71 71 72 73 74 74 75 75 76 75 76 77 77 77 75 74 72 70 64 0 0 0 0 0 0 0 0 0 0 0 0 0 0 0 0 0 0 0 0 0 0 0 0 0 0 0 0 0 0 0 0 0 63 75 82 84 85 91 92 92 92 92 91 90 83 80 77 71 56 0 0 0 0 0 0 0 0 0 0 0 0 0 0 0 0 0 0 0 0 0 0 0 0 0 0 0 0 0 0 0 0 0 0 0 45 68 80 87 90 100 103 104 103 104 105 104 105 105 105 104 104 104 103 103 103 103 103 103 102 102 102 103 103 105 106 100 99 97 90 73 0 0 0 0 0 0 0 0 0 0 0 65 66 67 70 72 76 82 83 
63 70 69 69 69 69 69 69 70 70 70 70 70 71 71 71 70 71 71 71 72 74 74 74 75 75 75 76 77 77 77 74 72 71 68 61 0 0 0 0 0 0 0 0 0 0 0 0 0 0 0 0 0 0 0 0 0 0 0 0 0 0 0 0 0 0 0 0 0 65 77 82 84 86 91 92 91 92 91 91 90 83 81 78 71 58 0 0 0 0 0 0 0 0 0 0 0 0 0 0 0 0 0 0 0 0 0 0 0 0 0 0 0 0 0 0 0 0 0 0 0 0 70 82 88 91 99 103 103 103 104 104 105 105 105 104 104 104 104 103 103 103 103 103 102 102 102 102 103 104 105 106 101 99 97 91 74 0 0 0 0 0 0 0 0 0 0 0 64 65 67 70 72 77 84 86 
73 63 69 69 68 68 69 68 68 69 69 69 70 70 71 71 70 71 71 71 72 73 73 74 75 75 75 76 76 76 76 73 72 70 67 59 0 0 0 0 0 0 0 0 0 0 0 0 0 0 0 0 0 0 0 0 0 0 0 0 0 0 0 0 0 0 0 0 0 66 77 82 84 86 91 92 91 91 91 91 90 83 81 78 72 60 0 0 0 0 0 0 0 0 0 0 0 0 0 0 0 0 0 0 0 0 0 0 0 0 0 0 0 0 0 0 0 0 0 0 0 0 72 84 90 92 99 102 103 103 104 104 104 105 104 104 104 104 103 103 103 102 102 102 102 102 102 102 102 103 105 107 101 100 98 93 75 0 0 0 0 0 0 0 0 0 0 0 63 65 66 69 72 76 76 87 
71 67 69 68 68 69 69 68 68 69 69 69 69 69 69 70 70 71 71 71 72 73 73 73 74 74 75 75 76 76 76 73 72 70 67 59 0 0 0 0 0 0 0 0 0 0 0 0 0 0 0 0 0 0 0 0 0 0 0 0 0 0 0 0 0 0 0 0 0 67 78 83 85 86 91 91 91 91 91 91 90 83 81 78 72 59 0 0 0 0 0 0 0 0 0 0 0 0 0 0 0 0 0 0 0 0 0 0 0 0 0 0 0 0 0 0 0 0 0 0 0 0 74 86 91 94 98 102 103 103 103 104 104 104 104 104 104 104 103 102 103 102 102 102 102 102 102 102 102 103 105 107 101 101 99 94 76 0 0 0 0 0 0 0 0 0 0 0 62 64 65 68 71 75 84 88 
74 70 68 68 68 69 68 68 68 68 68 68 68 69 69 69 70 71 71 71 72 73 73 74 74 74 74 75 75 75 75 71 70 68 65 56 0 0 0 0 0 0 0 0 0 0 0 0 0 0 0 0 0 0 0 0 0 0 0 0 0 0 0 0 0 0 0 0 0 68 78 83 84 86 91 91 91 92 91 91 89 83 81 78 72 59 0 0 0 0 0 0 0 0 0 0 0 0 0 0 0 0 0 0 0 0 0 0 0 0 0 0 0 0 0 0 0 0 0 0 0 0 72 85 91 93 97 102 103 103 103 103 104 104 104 104 104 103 103 102 102 102 102 102 102 102 102 102 102 103 105 107 102 101 100 95 78 0 0 0 0 0 0 0 0 0 0 0 61 64 65 68 70 75 78 87 
69 64 68 67 68 68 68 68 67 67 67 68 68 69 69 69 70 71 71 72 72 72 73 73 73 74 74 75 75 75 75 71 70 68 64 53 0 0 0 0 0 0 0 0 0 0 0 0 0 0 0 0 0 0 0 0 0 0 0 0 0 0 0 0 0 0 0 0 0 69 78 83 85 86 91 91 91 91 91 91 89 83 81 77 71 58 0 0 0 0 0 0 0 0 0 0 0 0 0 0 0 0 0 0 0 0 0 0 0 0 0 0 0 0 0 0 0 0 0 0 0 0 76 88 92 95 96 101 102 102 103 103 103 104 104 103 104 103 103 102 102 102 102 102 102 102 102 102 102 103 104 106 102 101 100 95 78 0 0 0 0 0 0 0 0 0 0 0 60 63 64 67 70 74 78 84 
68 65 67 67 68 68 68 68 67 67 67 67 68 69 69 69 70 71 71 71 72 72 72 73 73 73 74 74 75 75 75 71 70 68 64 53 0 0 0 0 0 0 0 0 0 0 0 0 0 0 0 0 0 0 0 0 0 0 0 0 0 0 0 0 0 0 0 0 0 71 79 83 85 87 91 92 92 91 91 91 89 82 81 77 71 58 0 0 0 0 0 0 0 0 0 0 0 0 0 0 0 0 0 0 0 0 0 0 0 0 0 0 0 0 0 0 0 0 0 0 0 0 74 87 92 94 96 102 102 102 103 102 103 103 104 103 104 103 103 102 102 102 102 102 102 102 102 101 102 102 104 106 102 99 98 92 76 0 0 0 0 0 0 0 0 0 0 0 59 62 64 67 69 74 77 83 
67 65 67 67 68 68 68 68 67 67 67 68 68 69 69 69 70 71 72 72 72 72 72 72 73 73 74 74 75 76 75 72 72 69 65 0 0 0 0 0 0 0 0 0 0 0 0 0 0 0 0 0 0 0 0 0 0 0 0 0 0 0 0 0 0 0 0 0 0 72 79 83 86 87 91 92 92 92 91 91 89 82 80 77 70 56 0 0 0 0 0 0 0 0 0 0 0 0 0 0 0 0 0 0 0 0 0 0 0 0 0 0 0 0 0 0 0 0 0 0 0 0 73 86 91 94 96 101 102 102 103 103 103 103 103 103 104 103 103 103 103 102 103 102 103 103 102 102 102 102 103 105 102 97 96 91 75 0 0 0 0 0 0 0 0 0 0 0 59 63 64 66 69 73 82 86 
68 66 66 66 67 67 67 67 67 67 68 68 69 69 69 70 70 71 71 72 72 72 72 72 73 73 74 74 75 75 75 73 72 70 66 0 0 0 0 0 0 0 0 0 0 0 0 0 0 0 0 0 0 0 0 0 0 0 0 0 0 0 0 0 0 0 0 0 0 72 80 84 86 88 91 92 92 92 91 91 89 82 80 77 70 56 0 0 0 0 0 0 0 0 0 0 0 0 0 0 0 0 0 0 0 0 0 0 0 0 0 0 0 0 0 0 0 0 0 0 0 0 71 85 91 94 95 101 102 103 103 103 103 103 103 103 103 103 103 103 103 103 103 102 102 102 102 102 102 101 102 105 102 98 96 92 78 0 0 0 0 0 0 0 0 0 0 0 62 64 66 67 69 73 74 80 
66 63 66 66 67 67 68 68 68 68 68 68 68 69 69 70 70 71 71 72 72 72 73 72 73 73 74 74 75 76 75 74 74 72 67 0 0 0 0 0 0 0 0 0 0 0 0 0 0 0 0 0 0 0 0 0 0 0 0 0 0 0 0 0 0 0 0 0 0 74 81 84 87 88 91 92 92 92 91 91 89 81 79 76 69 53 0 0 0 0 0 0 0 0 0 0 0 0 0 0 0 0 0 0 0 0 0 0 0 0 0 0 0 0 0 0 0 0 0 0 0 0 71 85 91 94 95 102 103 103 103 103 104 104 103 103 103 103 103 103 103 103 103 102 102 102 102 102 102 101 102 104 102 96 95 90 76 0 0 0 0 0 0 0 0 0 0 0 62 64 66 67 69 73 76 77 
66 69 66 67 67 68 68 68 68 68 68 68 68 69 69 70 70 71 71 72 73 73 74 73 73 74 74 74 75 76 75 75 75 74 70 0 0 0 0 0 0 0 0 0 0 0 0 0 0 0 0 0 0 0 0 0 0 0 0 0 0 0 0 0 0 0 0 0 0 74 81 85 87 88 91 92 92 92 91 91 89 82 79 76 69 53 0 0 0 0 0 0 0 0 0 0 0 0 0 0 0 0 0 0 0 0 0 0 0 0 0 0 0 0 0 0 0 0 0 0 0 0 65 80 88 91 96 102 104 104 104 104 104 105 104 104 104 104 103 103 103 103 103 102 102 102 102 102 101 102 102 104 103 96 94 89 76 55 0 0 0 0 0 0 0 0 0 0 63 65 66 67 69 73 76 90 
70 65 66 66 67 67 67 68 68 67 67 68 68 69 69 70 70 71 71 72 73 74 74 74 74 74 74 74 76 76 75 75 75 74 70 0 0 0 0 0 0 0 0 0 0 0 0 0 0 0 0 0 0 0 0 0 0 0 0 0 0 0 0 0 0 0 0 0 0 68 78 82 84 88 91 91 91 91 90 91 90 82 79 76 68 51 0 0 0 0 0 0 0 0 0 0 0 0 0 0 0 0 0 0 0 0 0 0 0 0 0 0 0 0 0 0 0 0 0 0 0 0 60 76 85 89 96 103 104 104 104 105 105 105 104 104 104 104 103 103 103 103 102 102 102 102 102 102 101 101 102 104 103 96 95 91 79 57 0 0 0 0 0 0 0 0 0 0 63 65 66 67 69 73 82 84 
63 71 66 66 66 67 67 68 68 68 68 68 68 69 69 69 70 70 71 72 73 74 74 74 74 75 75 75 76 77 75 75 74 73 67 0 0 0 0 0 0 0 0 0 0 0 0 0 0 0 0 0 0 0 0 0 0 0 0 0 0 0 0 39 39 39 0 0 0 69 79 83 85 88 91 91 91 91 91 91 90 82 79 76 68 50 0 0 0 0 0 0 0 0 0 0 0 0 0 0 0 0 0 0 0 0 0 0 0 0 0 0 0 0 0 0 0 0 0 0 0 0 59 76 84 89 96 103 105 105 105 105 105 105 104 104 104 104 103 103 103 102 102 102 102 101 101 101 101 102 103 105 104 97 96 92 82 60 0 0 0 0 0 0 0 0 0 0 64 65 66 67 69 73 77 81 
63 68 66 67 67 67 67 68 67 67 67 68 68 69 69 70 70 70 71 72 73 74 74 74 75 75 75 76 76 77 75 75 75 73 66 0 0 0 0 0 0 0 0 0 0 0 0 0 0 0 0 0 0 0 0 0 0 0 0 0 0 0 0 39 39 39 0 0 0 70 79 83 85 88 91 91 91 91 91 91 90 82 78 74 65 49 0 0 0 0 0 0 0 0 0 0 0 0 0 0 0 0 0 0 0 0 0 0 0 0 0 0 0 0 0 0 0 0 0 0 0 0 59 75 84 89 96 103 105 105 105 105 105 105 105 104 104 104 103 103 102 102 102 102 102 101 101 101 102 102 103 105 105 97 95 91 81 61 0 0 0 0 0 0 0 0 0 0 0 64 65 66 69 72 80 82 
67 73 66 67 67 67 67 67 67 67 67 68 68 68 69 70 70 70 71 72 72 74 74 74 75 76 75 76 77 77 75 75 74 71 65 0 0 0 0 0 0 0 0 0 0 0 0 0 0 0 0 0 0 0 0 0 0 0 0 0 0 0 0 39 39 39 0 0 0 70 79 83 85 88 91 91 91 91 91 91 91 83 77 73 64 47 0 0 0 0 0 0 0 0 0 0 0 0 0 0 0 0 0 0 0 0 0 0 0 0 0 0 0 0 0 0 0 0 0 0 0 0 58 75 83 88 95 104 105 105 105 105 105 105 105 104 104 104 103 103 103 102 102 102 102 101 101 101 101 101 103 105 106 98 97 93 84 65 0 0 0 0 0 0 0 0 0 0 0 63 65 66 68 72 77 82 
69 63 66 67 67 67 67 68 68 67 67 67 67 68 69 70 70 71 72 72 72 74 74 74 74 75 75 75 77 77 74 74 73 70 63 0 0 0 0 0 0 0 0 0 0 0 0 0 0 0 0 0 0 0 0 0 0 0 0 0 0 0 0 0 0 0 0 0 0 71 79 83 85 88 91 91 91 91 91 92 91 83 75 71 62 46 0 0 0 0 0 0 0 0 0 0 0 0 0 0 0 0 0 0 0 0 0 0 0 0 0 0 0 0 0 0 0 0 0 0 0 0 60 78 86 91 95 104 105 105 105 105 105 105 105 104 104 104 103 103 103 103 102 102 101 101 101 101 101 102 103 105 105 98 97 94 86 67 0 0 0 0 0 0 0 0 0 0 0 62 63 65 68 71 72 80 
68 63 67 67 67 67 67 67 68 68 67 68 68 68 69 70 70 71 72 72 72 73 73 74 75 75 75 76 77 77 75 74 74 70 63 0 0 0 0 0 0 0 0 0 0 0 0 0 0 0 0 0 0 0 0 0 0 0 0 0 0 0 0 39 39 39 0 0 0 72 80 83 86 88 91 91 91 91 92 92 91 83 75 70 62 46 0 0 0 0 0 0 0 0 0 0 0 0 0 0 0 0 0 0 0 0 0 0 0 0 0 0 0 0 0 0 0 0 0 0 0 0 64 81 89 93 95 104 105 106 106 106 106 106 105 104 104 103 103 103 103 103 102 101 101 101 101 101 101 102 103 105 106 99 98 95 88 69 0 0 0 0 0 0 0 0 0 0 0 62 64 64 67 70 78 84 
66 74 66 66 67 67 67 67 67 67 67 67 67 68 69 70 71 72 72 72 72 73 73 73 74 75 75 76 76 76 74 74 73 69 62 0 0 0 0 0 0 0 0 0 0 0 0 0 0 0 0 0 0 0 0 0 0 0 0 0 0 0 0 0 0 0 0 0 0 67 76 80 83 88 91 91 91 92 92 92 92 84 74 70 61 47 40 0 0 0 0 0 0 0 0 0 0 0 0 0 0 0 0 0 0 0 0 0 0 0 0 0 0 0 0 0 0 0 0 0 0 0 60 78 86 91 96 104 106 106 106 106 106 106 106 104 104 103 103 103 103 102 102 101 101 101 101 101 101 102 102 105 106 100 99 96 89 70 0 0 0 0 0 0 0 0 0 0 0 0 63 64 66 69 76 81 
61 61 65 65 66 67 67 67 68 68 67 68 68 68 69 70 70 71 72 72 72 73 73 73 74 75 75 76 76 76 73 73 72 68 61 0 0 0 0 0 0 0 0 0 0 0 0 0 0 0 0 0 0 0 0 0 0 0 0 0 0 0 0 0 0 0 0 0 0 64 74 79 82 89 91 92 92 92 92 92 92 84 75 70 62 48 40 0 0 0 0 0 0 0 0 0 0 0 0 0 0 0 0 0 0 0 0 0 0 0 0 0 0 0 0 0 0 0 0 0 0 0 56 74 84 89 96 105 106 106 106 106 107 107 106 105 105 104 103 103 103 103 102 101 101 101 100 100 101 102 102 104 106 100 98 96 90 71 0 0 0 0 0 0 0 0 0 0 0 0 63 63 65 70 66 81 
65 62 65 65 65 66 66 67 67 67 67 68 68 68 69 70 71 71 72 72 72 72 72 73 74 75 75 76 76 76 73 73 72 69 63 0 0 0 0 0 0 0 0 0 0 0 0 0 0 0 0 0 0 0 0 0 0 0 0 0 0 0 0 0 0 0 0 0 39 62 72 77 81 89 91 92 91 92 92 92 92 84 75 70 62 48 41 0 0 0 0 0 0 0 0 0 0 0 0 0 0 0 0 0 0 0 0 0 0 0 0 0 0 0 0 0 0 0 0 0 0 0 54 72 81 87 96 105 106 106 106 106 107 107 106 105 105 104 103 103 103 102 102 102 101 101 100 101 101 102 103 104 106 99 98 96 89 71 0 0 0 0 0 0 0 0 0 0 0 0 0 61 63 69 58 79 
68 61 64 64 65 66 66 66 67 67 67 69 69 69 70 70 70 71 71 72 72 72 72 73 74 75 75 76 76 76 74 73 72 70 64 0 0 0 0 0 0 0 0 0 0 0 0 0 0 0 0 0 0 0 0 0 0 0 0 0 0 0 38 38 38 0 0 0 40 61 71 76 80 90 92 92 92 92 92 92 92 85 75 71 63 49 41 0 0 0 0 0 0 0 0 0 0 0 0 0 0 0 0 0 0 0 0 0 0 0 0 0 0 0 0 0 0 0 0 0 0 42 53 69 79 85 96 105 107 107 107 106 106 107 106 105 105 104 104 103 103 102 102 102 101 101 101 101 100 101 102 104 105 99 98 96 89 70 0 0 0 0 0 0 0 0 0 0 0 0 0 0 61 69 62 80 
69 65 64 64 65 66 66 66 66 67 67 68 69 69 70 70 70 71 71 72 72 72 73 73 74 75 75 76 76 76 73 73 72 69 63 0 0 0 0 0 0 0 0 0 0 0 0 0 0 0 0 0 0 0 0 0 0 0 0 0 0 0 0 0 0 0 0 0 41 61 71 77 80 90 92 93 92 92 93 92 92 85 75 70 62 49 41 0 0 0 0 0 0 0 0 0 0 0 0 0 0 0 0 0 0 0 0 0 0 0 0 0 0 0 0 0 0 0 0 0 0 42 52 67 78 83 96 105 107 107 107 106 107 107 106 105 105 105 104 103 103 103 102 102 102 101 101 101 100 101 102 104 105 99 98 96 89 69 0 0 0 0 0 0 0 0 0 0 0 0 0 0 60 70 60 77 
64 63 65 65 65 66 66 66 66 67 68 68 69 69 69 70 70 71 71 72 72 72 72 73 74 75 75 75 76 76 74 73 73 70 64 0 0 0 0 0 0 0 0 0 0 0 0 0 0 0 0 0 0 0 0 0 0 0 0 0 0 0 0 0 0 0 0 0 41 62 72 77 80 90 92 93 92 92 93 93 92 85 75 70 63 49 41 0 0 0 0 0 0 0 0 0 0 0 0 0 0 0 0 0 0 0 0 0 0 0 0 0 0 0 0 0 0 0 0 0 0 42 51 67 78 83 96 106 107 107 107 107 107 106 106 105 105 105 105 104 104 103 102 102 102 101 101 101 100 101 102 104 105 99 98 95 89 69 0 0 0 0 0 0 0 0 0 0 0 0 0 0 61 70 61 75 
66 64 65 65 65 66 65 65 65 66 67 68 69 69 69 70 70 71 72 72 72 72 73 73 74 75 75 76 76 76 74 74 73 70 65 0 0 0 0 0 0 0 0 0 0 0 0 0 0 0 0 0 0 0 0 0 0 0 0 0 0 0 0 0 0 0 0 0 42 62 72 77 80 90 92 92 92 92 93 93 92 85 75 70 63 50 41 0 0 0 0 0 0 0 0 0 0 0 0 0 0 0 0 0 0 0 0 0 0 0 0 0 0 0 0 0 0 0 0 0 0 43 52 68 78 83 96 106 108 107 108 107 107 106 106 106 105 105 105 104 104 103 102 102 102 102 101 101 101 101 102 104 106 100 99 96 90 69 0 0 0 0 0 0 0 0 0 0 0 0 0 0 60 69 0 81 
65 63 65 65 66 66 66 65 65 66 68 68 69 69 70 70 70 71 71 72 72 73 73 74 74 75 75 75 76 76 74 73 73 70 64 0 0 0 0 0 0 0 0 0 0 0 0 0 0 0 0 0 0 0 0 0 0 0 0 0 0 0 0 0 0 0 0 0 43 62 72 77 80 90 92 92 92 93 93 93 92 86 75 71 63 50 42 0 0 0 0 0 0 0 0 0 0 0 0 0 0 0 0 0 0 0 0 0 0 0 0 0 0 0 0 0 0 0 0 0 0 43 52 68 78 84 97 106 108 108 108 108 108 107 107 106 106 105 105 105 104 103 103 102 102 102 101 101 100 101 101 103 106 100 99 97 91 70 0 0 0 0 0 0 0 0 0 0 0 0 0 0 0 70 61 73 
65 60 65 66 66 66 66 66 66 66 68 68 69 70 70 70 71 72 72 72 72 73 73 73 74 75 75 75 76 76 73 73 72 69 63 0 0 0 0 0 0 0 0 0 0 0 0 0 0 0 0 0 0 0 0 0 0 0 0 0 0 0 0 0 0 0 0 0 43 62 71 77 80 90 92 92 93 93 93 93 93 86 76 72 64 52 43 0 0 0 0 0 0 0 0 0 0 0 0 0 0 0 0 0 0 0 0 0 0 0 0 0 0 0 0 0 0 0 0 0 0 44 52 68 78 83 96 106 108 108 108 108 107 107 107 106 106 105 105 105 104 103 102 102 101 101 101 101 101 101 102 104 106 100 99 97 91 71 0 0 0 0 0 0 0 0 0 0 0 0 0 0 0 70 58 77 
59 64 65 65 66 65 66 65 66 66 67 68 69 69 70 71 71 72 72 72 72 73 73 73 74 74 74 75 76 76 73 73 71 68 63 0 0 0 0 0 0 0 0 0 0 0 0 0 0 0 0 0 0 0 0 0 0 0 0 0 0 0 0 0 0 0 0 0 43 63 72 77 80 90 92 92 92 93 93 94 93 86 76 72 64 52 44 0 0 0 0 0 0 0 0 0 0 0 0 0 0 0 0 0 0 0 0 0 0 0 0 0 0 0 0 0 0 0 0 0 0 44 52 67 78 83 96 106 108 107 108 108 107 107 107 106 105 105 105 104 104 103 103 102 102 102 102 101 101 102 102 104 106 100 100 98 93 74 0 0 0 0 0 0 0 0 0 0 0 0 0 0 60 69 0 75 
62 67 64 65 66 66 66 66 67 67 68 68 69 70 70 70 71 72 72 72 72 73 73 73 74 74 74 75 76 75 73 72 71 67 62 0 0 0 0 0 0 0 0 0 0 0 0 0 0 0 0 0 0 0 0 0 0 0 0 0 0 0 0 0 0 0 0 0 44 64 73 78 81 90 92 92 93 93 93 94 93 87 77 73 65 54 45 0 0 0 0 0 0 0 0 0 0 0 0 0 0 0 0 0 0 0 0 0 0 0 0 0 0 0 0 0 0 0 0 0 0 45 52 68 78 84 96 106 107 107 108 108 108 108 107 106 106 105 105 104 103 103 103 102 102 102 101 101 101 102 102 104 106 101 100 99 95 76 0 0 0 0 0 0 0 0 0 0 0 0 0 0 62 70 64 74 
67 63 64 65 66 66 67 67 67 67 68 68 68 69 70 70 71 72 72 72 72 72 73 73 73 74 74 75 75 75 72 72 70 67 61 0 0 0 0 0 0 0 0 0 0 0 0 0 0 0 0 0 0 0 0 0 0 0 0 0 0 0 0 0 0 0 0 0 44 63 73 78 81 91 93 93 93 93 94 95 94 88 78 74 67 55 47 0 0 0 0 0 0 0 0 0 0 0 40 40 0 0 0 0 0 0 0 0 0 0 0 0 0 0 0 0 0 0 0 0 0 45 52 67 78 83 96 105 107 107 107 107 108 108 107 106 106 105 104 104 104 103 103 103 102 102 101 101 101 102 102 104 106 101 100 99 95 77 0 0 0 0 0 0 0 0 0 0 0 0 0 0 63 71 59 81 
63 58 64 65 66 66 67 67 67 67 67 67 68 68 69 70 70 71 72 72 72 72 73 73 73 74 74 75 75 75 72 71 69 66 59 0 0 0 0 0 0 0 0 0 0 0 0 0 0 0 0 0 0 0 0 0 0 0 0 0 0 0 0 0 0 0 0 0 43 64 73 78 81 91 93 93 93 93 94 95 94 88 79 75 68 57 48 0 0 0 0 0 0 0 0 0 0 0 42 42 42 42 0 0 0 0 0 0 0 0 0 0 0 0 0 0 0 0 0 0 0 45 52 67 77 82 95 104 106 106 107 107 107 107 107 106 106 105 104 104 104 103 103 103 101 101 101 101 101 102 103 104 107 102 101 100 96 79 0 0 0 0 0 0 0 0 0 0 0 0 0 0 62 70 68 79 
64 63 64 64 65 66 66 67 67 67 67 68 68 68 69 70 70 71 71 72 72 73 73 74 74 75 75 75 75 75 72 71 70 66 60 0 0 0 0 0 0 0 0 0 0 0 0 0 0 0 0 0 0 0 0 0 0 0 0 0 0 0 0 0 0 0 0 0 44 64 74 79 82 91 93 94 94 94 95 95 95 89 80 76 68 57 49 0 0 0 0 0 0 0 0 0 0 40 44 43 43 43 46 0 0 0 0 0 0 0 0 0 0 0 0 0 0 0 0 0 0 45 52 67 77 83 95 104 106 106 107 107 108 108 107 107 106 105 105 104 104 104 103 102 101 101 100 100 101 101 102 104 106 102 102 101 98 81 0 0 0 0 0 0 0 0 0 0 0 0 0 0 62 70 62 76 
63 65 64 65 65 66 66 67 67 67 67 68 68 68 68 69 69 70 71 72 72 73 73 74 74 75 75 75 75 74 72 71 70 67 62 0 0 0 0 0 0 0 0 0 0 0 0 0 0 0 0 0 0 0 0 0 0 0 0 0 0 0 0 0 0 0 0 0 42 64 74 79 82 92 94 94 94 94 95 96 96 90 81 77 70 59 51 0 0 0 0 0 0 0 0 0 0 40 47 46 46 46 51 0 0 0 0 0 0 0 0 0 0 0 0 0 0 0 0 0 0 46 53 67 77 82 95 104 106 106 107 107 108 107 107 106 105 105 105 104 104 103 102 102 100 100 100 100 100 101 102 104 106 102 102 101 98 82 0 0 0 0 0 0 0 0 0 0 0 0 0 0 64 70 60 73 
63 66 64 65 65 66 66 66 66 67 67 68 68 68 68 69 69 70 71 72 72 72 73 74 74 75 75 76 76 75 72 71 70 67 61 0 0 0 0 0 0 0 0 0 0 0 0 0 0 0 0 0 0 0 0 0 0 0 0 0 0 0 0 0 37 0 0 0 42 61 74 79 82 92 94 94 94 95 96 96 96 91 82 78 71 60 52 0 0 0 0 0 0 0 0 0 0 40 50 53 53 53 59 0 0 0 0 0 0 0 0 0 0 0 0 0 0 0 0 0 0 46 53 67 76 82 94 104 106 106 107 107 107 107 107 106 106 105 105 105 104 103 102 102 100 100 99 100 100 101 102 103 106 102 102 101 98 82 0 0 0 0 0 0 0 0 0 0 0 0 0 0 63 70 64 79 
66 69 64 65 65 65 65 65 66 66 67 68 68 69 69 69 70 70 70 72 72 72 73 73 74 75 75 76 76 75 72 72 70 67 61 0 0 0 0 0 0 0 0 0 0 0 0 0 0 0 0 0 0 0 0 0 0 0 0 0 0 0 0 0 37 0 0 0 43 62 74 80 83 92 94 94 95 95 96 97 97 91 82 78 72 60 52 0 0 0 0 0 0 0 0 0 0 0 56 63 62 60 64 61 0 0 0 0 0 0 0 0 0 0 0 0 0 0 0 0 0 47 53 67 77 83 95 104 106 106 107 107 107 107 107 106 106 105 105 104 104 103 102 101 100 99 99 100 100 101 102 103 106 102 101 100 98 82 0 0 0 0 0 0 0 0 0 0 0 0 0 0 65 70 66 75 
62 62 64 65 65 65 65 66 66 67 67 68 69 69 69 69 70 70 70 71 72 72 73 74 75 75 75 76 76 75 72 72 71 68 61 0 0 0 0 0 0 0 0 0 0 0 0 0 0 0 0 0 0 0 0 0 0 0 0 0 0 0 0 37 37 37 36 0 45 63 75 80 83 92 94 94 95 95 96 97 97 92 83 80 73 62 54 0 0 0 0 0 0 0 0 0 0 0 58 71 68 66 69 71 0 0 0 0 0 0 0 0 0 0 0 0 0 0 0 0 0 47 53 67 77 83 95 104 106 106 107 107 107 107 106 106 105 104 104 104 103 103 102 101 100 100 100 100 100 100 101 102 105 101 101 100 97 81 0 0 0 0 0 0 0 0 0 0 0 0 0 0 66 70 64 77 
61 66 65 65 65 65 66 65 66 67 67 67 68 69 69 69 69 69 70 71 71 72 73 73 74 75 75 76 76 75 72 71 70 66 60 0 0 0 0 0 0 0 0 0 0 0 0 0 0 0 0 0 0 0 0 0 0 0 0 0 0 0 37 37 37 37 36 0 44 63 75 80 83 92 94 94 95 95 95 96 97 92 84 78 72 61 53 0 0 0 0 0 0 0 0 0 0 0 59 85 79 74 74 79 53 0 0 0 0 0 0 0 0 0 0 0 0 0 0 0 0 47 53 67 77 83 95 104 106 106 106 106 106 106 106 105 105 105 104 104 103 102 102 101 100 100 100 100 100 101 102 103 105 101 101 100 97 80 0 0 0 0 0 0 0 0 0 0 0 0 0 0 66 69 71 75 
66 62 64 65 65 65 65 65 66 66 67 67 68 69 69 69 70 70 70 70 71 72 72 73 74 75 75 76 77 76 73 72 70 67 59 0 0 0 0 0 0 0 0 0 0 0 0 0 0 0 0 0 0 0 0 0 0 0 0 0 0 0 37 37 37 37 0 0 47 63 74 80 83 92 95 95 95 95 96 97 97 92 85 78 71 61 53 0 0 0 0 0 0 0 0 0 0 0 54 90 97 92 91 103 91 68 0 0 0 0 0 0 0 0 0 0 0 0 0 0 0 47 53 68 78 83 96 105 107 107 106 106 106 106 106 106 105 105 104 104 103 102 102 101 101 100 100 100 100 100 100 102 105 101 100 100 97 80 0 0 0 0 0 0 0 0 0 0 0 0 0 62 66 69 70 74 
63 65 65 65 65 65 66 66 66 66 67 67 68 69 69 70 70 70 70 70 71 73 73 73 74 74 74 75 76 75 72 71 70 67 59 0 0 0 0 0 0 0 0 0 0 0 0 0 0 0 0 0 0 0 0 0 0 0 0 0 0 0 37 37 37 37 0 0 48 66 74 80 83 93 95 96 96 95 96 96 97 92 86 80 75 66 62 0 0 0 0 0 0 0 0 0 0 0 51 129 125 149 150 173 151 172 0 0 0 0 0 0 0 0 0 0 0 0 0 0 0 53 56 69 78 84 96 105 107 107 107 106 106 106 105 105 104 104 103 103 103 102 102 102 101 100 100 99 99 99 100 101 104 100 100 99 96 80 0 0 0 0 0 0 0 0 0 0 0 0 0 61 66 69 68 72 
61 68 64 65 65 66 66 66 66 66 67 67 68 68 69 69 69 69 70 70 71 72 73 73 74 74 74 74 75 75 72 72 71 67 60 0 0 0 0 0 0 0 0 0 0 0 0 0 0 0 0 0 0 0 0 0 0 0 0 0 0 37 37 37 37 37 0 0 46 65 73 80 84 95 97 98 97 96 96 96 97 92 89 87 82 78 80 83 0 0 0 0 0 0 0 0 0 0 51 205 191 210 228 258 185 203 128 0 0 0 0 0 0 0 0 0 0 0 0 0 0 69 66 75 83 87 96 105 107 107 106 106 106 106 105 105 104 104 103 103 102 102 102 101 101 100 99 99 99 99 99 101 103 100 99 99 96 81 0 0 0 0 0 0 0 0 0 0 0 0 0 61 66 69 72 80 
0 65 64 64 65 65 66 66 66 67 67 67 67 68 69 69 70 70 70 70 71 72 72 72 73 73 73 74 75 75 73 72 71 67 60 0 0 0 0 0 0 0 0 0 0 0 0 0 0 0 0 0 0 0 0 0 0 0 0 0 0 37 37 37 37 37 0 0 46 65 74 81 86 98 100 101 100 97 96 97 97 92 90 90 84 80 83 83 0 0 0 0 0 0 0 0 0 0 54 253 241 252 270 293 193 198 130 47 0 0 0 0 0 0 0 0 0 0 0 0 0 81 74 81 87 89 97 105 107 107 107 106 106 105 105 105 104 104 103 103 102 102 102 101 101 100 99 98 98 98 99 100 102 98 98 97 94 79 0 0 0 0 0 0 0 0 0 0 0 0 0 61 66 69 71 74 
65 66 64 64 65 65 66 66 66 67 67 67 67 68 69 69 70 70 71 71 71 72 72 72 73 73 74 74 75 75 72 72 71 68 62 0 0 0 0 0 0 0 0 0 0 0 0 0 0 0 0 0 0 0 0 0 0 0 0 0 0 0 37 37 37 37 0 0 47 65 74 81 88 99 102 102 101 98 96 96 97 92 90 90 84 81 85 85 0 0 0 0 0 0 0 0 0 0 55 257 263 316 314 325 234 224 106 48 48 0 0 0 0 0 0 0 0 0 0 0 88 81 75 81 86 90 97 106 108 107 107 107 106 105 104 104 103 103 102 102 102 101 101 101 100 99 98 98 97 97 98 99 101 97 97 96 93 79 0 0 0 0 0 0 0 0 0 0 0 0 0 61 65 69 79 76 
63 62 63 64 65 65 66 66 67 67 67 68 67 68 68 69 69 70 70 71 72 72 72 73 73 73 74 74 75 75 72 72 71 67 61 0 0 0 0 0 0 0 0 0 0 0 0 0 0 0 0 0 0 0 0 0 0 0 0 0 0 0 37 37 37 37 0 0 48 65 75 81 88 100 102 103 102 98 96 96 96 92 89 92 86 83 88 92 0 0 0 0 0 0 0 0 0 0 57 266 258 317 314 297 203 201 97 46 46 0 0 0 0 0 0 0 0 0 0 0 88 81 75 81 86 90 96 105 107 107 107 107 106 105 104 103 103 102 101 101 99 98 97 96 95 94 93 93 93 94 94 95 97 93 93 92 88 74 0 0 0 0 0 0 0 0 0 0 0 0 59 62 65 68 71 78 
60 62 63 64 65 65 65 66 67 67 67 68 68 68 68 69 69 70 70 71 71 71 72 73 73 73 74 75 75 76 73 73 71 68 61 0 0 0 0 0 0 0 0 0 0 0 0 0 0 0 0 0 0 0 0 0 0 0 0 0 0 0 0 37 37 37 0 0 47 65 74 81 88 99 102 102 101 98 96 96 96 91 88 90 84 80 84 91 0 0 0 0 0 0 0 0 0 0 61 281 250 278 263 249 165 165 94 47 46 0 0 0 0 0 0 0 0 0 0 0 0 82 74 81 86 89 96 105 107 107 107 106 106 105 104 103 101 99 96 94 91 90 90 90 91 92 91 91 90 89 88 88 89 86 87 86 84 73 0 0 0 0 0 0 0 0 0 0 0 0 59 62 65 68 70 78 
58 63 63 64 65 65 65 66 67 67 67 67 67 68 68 69 70 71 71 72 72 72 72 73 73 74 75 76 76 76 73 73 71 68 62 0 0 0 0 0 0 0 0 0 0 0 0 0 0 0 0 0 0 0 0 0 0 0 0 0 0 0 0 0 0 0 0 0 47 65 74 80 86 98 100 101 100 97 96 96 96 92 85 83 76 69 67 0 0 0 0 0 0 0 0 0 0 0 0 206 176 220 191 183 146 149 75 48 45 0 0 0 0 0 0 0 0 0 0 0 0 70 66 75 82 87 96 105 107 107 107 106 106 105 102 99 95 93 89 87 86 87 87 88 88 90 90 90 88 87 85 85 85 83 83 84 81 0 0 0 0 0 0 0 0 0 0 0 0 0 60 62 64 68 68 83 
66 64 63 64 65 65 65 66 66 66 66 67 67 68 68 69 70 70 71 72 72 72 72 73 73 74 75 76 75 76 73 72 71 68 63 0 0 0 0 0 0 0 0 0 0 0 0 0 0 0 0 0 0 0 0 0 0 0 0 0 0 0 0 0 0 0 0 0 46 65 73 78 83 94 97 97 98 96 95 96 96 91 83 78 72 62 55 0 0 0 0 0 0 0 0 0 0 0 0 0 120 186 152 147 138 138 59 46 0 0 0 0 0 0 0 0 0 0 0 0 0 53 55 68 77 84 95 105 107 107 106 106 105 103 101 97 92 89 84 82 79 79 76 77 77 80 80 82 84 82 81 81 81 79 79 80 78 0 0 0 0 0 0 0 0 0 0 0 0 58 60 62 64 67 68 83 
61 60 64 64 64 65 65 65 66 66 66 67 68 68 68 69 69 70 71 72 72 72 73 73 73 74 75 75 75 76 73 72 70 67 61 0 0 0 0 0 0 0 0 0 0 0 0 0 0 0 0 0 0 0 0 0 0 0 0 0 0 0 0 0 0 0 0 0 45 64 72 77 81 92 94 95 96 96 95 95 95 90 82 79 73 62 54 0 0 0 0 0 0 0 0 0 0 0 0 0 66 102 94 91 91 95 69 0 0 0 0 0 0 0 0 0 0 0 0 0 0 47 53 67 77 83 95 104 106 106 106 105 104 99 97 93 85 81 78 76 74 76 74 72 72 71 69 70 70 70 68 67 67 68 67 68 0 0 0 0 0 0 0 0 0 0 0 0 0 58 60 62 63 67 71 82 
63 61 64 65 65 65 65 65 66 66 66 67 67 68 68 69 69 70 70 71 72 72 72 73 73 74 75 75 75 75 72 71 70 68 61 0 0 0 0 0 0 0 0 0 0 0 0 0 0 0 0 0 0 0 0 0 0 0 0 0 0 0 0 0 0 0 0 0 43 62 71 76 80 91 94 95 96 96 95 95 95 90 81 78 72 61 52 0 0 0 0 0 0 0 0 0 0 0 0 0 0 94 92 92 92 100 91 0 0 0 0 0 0 0 0 0 0 0 0 0 0 48 53 67 77 83 95 104 106 105 105 105 102 98 95 88 79 76 74 74 76 78 76 73 72 69 63 62 62 64 65 64 64 65 64 62 0 0 0 0 0 0 0 0 0 0 0 0 0 58 60 62 63 67 68 77 
66 69 64 65 65 65 65 65 65 66 66 67 67 67 68 68 69 70 71 72 72 72 72 73 73 73 74 75 75 75 72 71 69 67 60 0 0 0 0 0 0 0 0 0 0 0 0 0 0 0 0 0 0 0 0 0 0 0 0 0 0 0 0 0 0 0 0 0 42 62 71 76 79 90 93 94 95 95 95 95 94 89 81 77 70 60 51 0 0 0 0 0 0 0 0 0 0 0 0 0 0 76 84 82 82 85 87 0 0 0 0 0 0 0 0 0 0 0 0 0 0 46 52 67 76 82 94 103 105 105 105 104 100 95 90 82 75 75 78 82 86 87 83 79 76 69 65 68 71 75 77 75 75 77 73 0 0 0 0 0 0 0 0 0 0 0 0 0 0 58 60 61 63 66 67 75 
60 70 64 64 65 65 64 65 65 65 66 67 67 67 68 68 69 70 71 71 72 72 73 73 73 73 74 74 75 75 72 71 69 67 60 0 0 0 0 0 0 0 0 0 0 0 0 0 0 0 0 0 0 0 0 0 0 0 0 0 0 0 0 0 0 0 0 0 42 61 70 75 79 90 93 94 94 95 94 94 94 88 79 76 69 58 50 0 0 0 0 0 0 0 0 0 0 0 0 0 0 67 77 74 74 74 78 0 0 0 0 0 0 0 0 0 0 0 0 0 0 45 52 66 76 82 93 102 104 104 104 103 99 94 88 81 77 81 86 89 90 87 83 79 74 68 69 73 76 79 81 79 79 79 76 69 0 0 0 0 0 0 0 0 0 0 0 0 0 59 60 62 64 66 69 79 
64 61 64 65 65 65 64 65 65 66 66 67 67 67 67 68 69 69 70 71 72 72 73 73 73 73 74 74 75 75 72 71 70 67 61 0 0 0 0 0 0 0 0 0 0 0 0 0 0 0 0 0 0 0 0 0 0 0 0 0 0 0 0 0 0 0 0 0 41 60 70 75 79 89 93 94 94 94 94 94 93 88 79 75 68 58 49 0 0 0 0 0 0 0 0 0 0 0 0 0 0 0 67 64 64 64 68 0 0 0 0 0 0 0 0 0 0 0 0 0 0 46 51 66 76 81 93 102 103 104 104 102 97 91 84 78 77 82 89 93 94 92 89 84 78 72 75 78 80 83 84 82 81 82 79 73 0 0 0 0 0 0 0 0 0 0 0 0 0 60 61 62 64 66 70 75 
60 61 64 64 65 65 65 65 65 65 66 67 67 67 67 68 69 70 70 71 72 72 72 73 73 74 74 74 75 75 73 72 71 69 63 0 0 0 0 0 0 0 0 0 0 0 0 0 0 0 0 0 0 0 0 0 0 0 0 0 0 0 0 0 0 0 0 0 42 60 70 75 79 89 92 94 94 94 94 94 93 87 78 74 67 56 48 0 0 0 0 0 0 0 0 0 0 0 0 0 0 0 60 57 57 57 60 53 0 0 0 0 0 0 0 0 0 0 0 0 0 45 50 65 75 80 92 101 103 103 103 100 97 90 83 79 81 87 92 96 96 92 89 83 76 73 78 81 84 87 88 88 88 88 86 80 0 0 0 0 0 0 0 0 0 0 0 0 0 61 62 63 65 67 71 77 
66 62 63 64 64 64 64 65 65 65 65 66 66 67 68 69 70 70 71 71 72 72 73 73 73 74 74 75 75 75 73 73 71 69 63 0 0 0 0 0 0 0 0 0 0 0 0 0 0 0 0 0 0 0 0 0 0 0 0 0 0 0 0 0 0 0 0 0 42 60 70 75 79 89 92 93 94 94 94 94 93 87 78 74 67 55 47 0 0 0 0 0 0 0 0 0 0 0 0 0 0 0 53 53 53 53 55 53 0 0 0 0 0 0 0 0 0 0 0 0 0 43 49 65 74 80 92 101 103 103 103 99 96 87 80 78 82 87 94 98 96 92 90 83 77 77 82 84 88 90 92 91 91 90 89 83 0 0 0 0 0 0 0 0 0 0 0 0 0 61 62 63 65 67 68 78 
64 66 63 64 64 65 65 65 65 65 66 66 67 67 68 68 68 69 69 70 71 72 73 73 73 74 74 74 75 75 73 73 72 70 65 0 0 0 0 0 0 0 0 0 0 0 0 0 0 0 0 0 0 0 0 0 0 0 0 0 0 0 0 0 0 0 0 0 42 60 69 75 78 89 92 93 93 94 94 93 93 87 77 73 66 55 46 0 0 0 0 0 0 0 0 0 0 0 0 0 0 0 0 51 51 51 51 0 0 0 0 0 0 0 0 0 0 0 0 0 0 43 49 64 74 80 91 101 102 103 102 99 98 88 81 80 84 87 94 97 93 90 86 80 75 79 84 86 90 92 93 92 91 91 89 84 0 0 0 0 0 0 0 0 0 0 0 0 0 62 63 64 65 67 69 72 
62 59 63 64 64 65 65 65 65 65 65 66 66 67 67 66 66 66 66 68 69 70 72 73 73 74 74 75 75 75 73 72 71 69 64 0 0 0 0 0 0 0 0 0 0 0 0 0 0 0 0 0 0 0 0 0 0 0 0 0 0 0 0 0 0 0 0 0 43 60 70 75 78 88 91 92 92 92 92 93 92 86 77 73 66 53 44 0 0 0 0 0 0 0 0 0 0 0 0 0 0 0 0 0 0 0 0 0 0 0 0 0 0 0 0 0 0 0 0 0 0 42 48 64 73 79 91 101 102 102 102 98 96 86 79 77 80 83 89 92 87 86 80 75 73 80 82 85 88 90 90 90 89 89 88 84 0 0 0 0 0 0 0 0 0 0 0 0 0 62 63 64 65 67 67 72 
60 65 64 65 65 65 65 65 65 65 66 66 66 66 66 65 64 64 63 66 67 69 71 73 73 74 75 75 75 75 73 72 70 68 64 0 0 0 0 0 0 0 0 0 0 0 0 0 0 0 0 0 0 0 0 0 0 0 0 0 0 0 0 0 0 0 0 0 43 61 70 75 78 88 90 91 91 92 92 92 92 86 76 72 64 52 43 0 0 0 0 0 0 0 0 0 0 0 0 0 0 0 0 0 0 0 0 0 0 0 0 0 0 0 0 0 0 0 0 0 0 42 48 63 73 79 91 100 100 99 96 91 88 82 76 75 80 83 87 90 85 84 77 72 71 78 78 82 86 86 85 85 84 82 81 78 0 0 0 0 0 0 0 0 0 0 0 0 0 63 63 64 66 68 68 80 
60 62 64 65 65 65 65 65 65 65 66 66 67 66 65 64 63 60 60 63 65 67 71 73 73 74 74 74 75 75 72 71 70 67 63 0 0 0 0 0 0 0 0 0 0 0 0 0 0 0 0 0 0 0 0 0 0 0 0 0 0 0 0 0 0 0 0 0 42 60 69 75 78 88 89 90 90 90 90 91 91 85 75 71 63 50 41 0 0 0 0 0 0 0 0 0 0 0 0 0 0 0 0 0 0 0 0 0 0 0 0 0 0 0 0 0 0 0 0 0 0 41 48 64 74 79 89 96 96 94 91 87 86 81 75 74 78 81 84 88 82 81 74 70 70 77 77 81 84 83 82 82 81 80 79 76 0 0 0 0 0 0 0 0 0 0 0 0 0 62 62 63 66 68 77 78 
62 64 64 65 65 65 65 65 66 66 66 67 67 66 64 61 60 58 57 61 64 66 70 73 73 74 74 74 75 75 72 71 69 67 62 0 0 0 0 0 0 0 0 0 0 0 0 0 0 0 0 0 0 0 0 0 0 0 0 0 0 0 0 0 0 0 0 0 41 59 69 74 78 87 89 89 89 89 89 90 91 84 74 70 62 49 40 0 0 0 0 0 0 0 0 0 0 0 0 0 0 0 0 0 0 0 0 0 0 0 0 0 0 0 0 0 0 0 0 0 0 0 48 65 75 80 86 93 93 90 86 84 83 81 73 72 75 78 79 83 76 75 68 66 66 74 73 77 80 79 78 78 77 76 75 0 0 0 0 0 0 0 0 0 0 0 0 0 0 62 62 63 65 68 76 77 
63 67 64 65 64 64 64 65 65 65 66 66 66 65 63 61 61 59 58 61 65 66 69 72 73 73 74 75 75 75 72 72 70 67 61 0 0 0 0 0 0 0 0 0 0 0 0 0 0 0 0 0 0 0 0 0 0 0 0 0 0 0 0 0 0 0 0 0 41 62 71 76 79 87 88 88 88 88 89 90 90 84 73 69 61 48 39 0 0 0 0 0 0 0 0 0 0 0 0 0 0 0 0 0 0 0 0 0 0 0 0 0 0 0 0 0 0 0 0 0 0 0 50 67 77 81 84 91 90 85 80 77 75 72 66 62 0 65 66 70 66 64 60 59 60 68 66 69 72 70 69 70 69 69 69 0 0 0 0 0 0 0 0 0 0 0 0 0 0 62 62 63 65 67 70 74 
65 64 64 64 64 64 64 65 65 66 66 66 66 66 64 63 63 62 61 63 66 67 70 72 72 73 73 74 75 75 72 72 70 67 60 0 0 0 0 0 0 0 0 0 0 0 0 0 0 0 0 0 0 0 0 0 0 0 0 0 0 0 0 0 0 0 0 0 39 61 70 75 79 87 89 89 88 88 89 90 90 83 73 68 61 48 39 0 0 0 0 0 0 0 0 0 0 0 0 0 0 0 0 0 0 0 0 0 0 0 0 0 0 0 0 0 0 0 0 0 0 0 50 67 77 79 82 87 85 76 68 62 59 0 0 0 0 0 0 0 0 0 0 0 0 0 0 0 0 0 0 0 0 0 0 0 0 0 0 0 0 0 0 0 0 0 0 0 0 61 61 62 64 67 71 78 
64 68 64 64 64 64 64 65 65 65 66 66 66 66 65 65 65 64 64 65 67 68 70 71 72 72 73 74 75 75 72 72 70 67 60 0 0 0 0 0 0 0 0 0 0 0 0 0 0 0 0 0 0 0 0 0 0 0 0 0 0 0 0 0 0 0 0 0 0 62 72 77 80 87 89 89 88 89 89 89 90 83 73 68 61 47 38 0 0 0 0 0 0 0 0 0 0 0 0 0 0 0 0 0 0 0 0 0 0 0 0 0 0 0 0 0 0 0 0 0 0 0 53 71 80 80 79 84 81 70 57 0 0 0 0 0 0 0 0 0 0 0 0 0 0 0 0 0 0 0 0 0 0 0 0 0 0 0 0 0 0 0 0 0 0 0 0 0 0 60 61 62 64 66 66 76 
59 65 64 63 63 64 64 65 65 65 65 65 65 66 66 66 66 67 66 68 69 69 70 71 72 72 73 74 75 75 72 72 70 68 60 0 0 0 0 0 0 0 0 0 0 0 0 0 0 0 0 0 0 0 0 0 0 0 0 0 0 0 0 0 0 0 0 0 0 64 73 78 81 86 89 89 89 89 90 90 90 83 73 68 61 47 38 0 0 0 0 0 0 0 0 0 0 0 0 0 0 0 0 0 0 0 0 0 0 0 0 0 0 0 0 0 0 0 0 0 0 0 54 71 80 80 79 85 82 70 0 0 0 0 0 0 0 0 0 0 0 0 0 0 0 0 0 0 0 0 0 0 0 0 0 0 0 0 0 0 0 0 0 0 0 0 0 0 0 60 61 62 64 67 67 84 
63 61 63 63 63 64 64 64 64 64 64 64 65 66 66 67 68 68 69 69 70 70 71 71 72 73 73 74 75 75 72 72 70 67 60 0 0 0 0 0 0 0 0 0 0 0 0 0 0 0 0 0 0 0 0 0 0 0 0 0 0 0 0 0 0 0 0 0 0 68 75 80 82 85 88 89 89 90 90 90 90 83 72 67 60 47 39 0 0 0 0 0 0 0 0 0 0 0 0 0 0 0 0 0 0 0 0 0 0 0 0 0 0 0 0 0 0 0 0 0 0 0 56 73 81 81 81 85 83 74 65 0 0 0 0 0 0 0 0 0 0 0 0 0 0 0 0 0 0 0 0 0 0 0 0 0 0 0 0 0 0 0 0 0 0 0 0 0 0 60 62 62 64 67 69 77 
72 62 63 63 63 64 63 63 63 64 64 64 65 66 66 67 67 68 68 69 70 71 71 71 72 73 73 73 74 74 71 71 70 67 59 0 0 0 0 0 0 0 0 0 0 0 0 0 0 0 0 0 0 0 0 0 0 0 0 0 0 0 0 0 0 0 0 0 0 67 75 79 82 85 89 89 89 90 90 89 89 82 73 69 62 48 39 0 0 0 0 0 0 0 0 0 0 0 0 0 0 0 0 0 0 0 0 0 0 0 0 0 0 0 0 0 0 0 0 0 0 0 57 74 81 82 83 87 83 76 69 0 0 0 0 0 0 0 0 0 0 0 0 0 0 0 0 0 0 0 0 0 0 0 0 0 0 0 0 0 0 0 0 0 0 0 0 0 0 60 62 62 64 67 70 76 
60 62 63 63 63 64 63 63 63 63 64 64 65 66 66 65 65 66 66 67 67 68 69 69 70 71 72 72 73 73 71 70 69 66 59 0 0 0 0 0 0 0 0 0 0 0 0 0 0 0 0 0 0 0 0 0 0 0 0 0 0 0 0 0 0 0 0 0 0 71 77 81 83 84 88 89 89 89 89 89 89 82 74 70 63 49 0 0 0 0 0 0 0 0 0 0 0 0 0 0 0 0 0 0 0 0 0 0 0 0 0 0 0 0 0 0 0 0 0 0 0 0 60 76 83 86 85 89 86 81 74 67 61 57 56 54 56 55 55 54 0 0 0 0 0 0 0 0 0 0 0 0 0 0 0 0 0 0 0 0 0 0 0 0 0 0 0 0 0 61 63 63 64 67 71 74 
0 0 63 64 63 63 62 62 62 63 63 64 65 66 65 65 65 65 65 66 67 68 69 69 70 71 71 71 71 71 68 67 66 64 57 0 0 0 0 0 0 0 0 0 0 0 0 0 0 0 0 0 0 0 0 0 0 0 0 0 0 0 0 0 0 0 0 0 0 70 77 81 82 83 87 88 88 89 89 89 88 81 76 72 64 50 0 0 0 0 0 0 0 0 0 0 0 0 0 0 0 0 0 0 0 0 0 0 0 0 0 0 0 0 0 0 0 0 0 0 0 0 63 77 84 87 87 91 89 86 81 75 73 72 71 70 71 71 70 69 67 66 63 0 0 0 0 0 0 0 0 0 0 0 0 0 0 0 0 0 0 0 0 0 0 0 0 0 0 62 63 63 64 67 70 82 
0 0 62 63 62 62 61 60 61 62 63 64 66 65 64 64 63 63 64 65 66 67 68 68 69 69 70 69 70 70 67 66 66 63 57 0 0 0 0 0 0 0 0 0 0 0 0 0 0 0 0 0 0 0 0 0 0 0 0 0 0 0 0 0 0 0 0 0 0 68 75 79 81 81 85 86 86 86 86 86 85 79 76 72 66 52 0 0 0 0 0 0 0 0 0 0 0 0 0 0 0 0 0 0 0 0 0 0 0 0 0 0 0 0 0 0 0 0 0 0 0 0 64 77 83 86 88 91 90 87 83 77 76 74 73 72 72 71 70 68 66 65 63 60 0 0 0 0 0 0 0 0 0 0 0 0 0 0 0 0 0 0 0 0 0 0 0 0 0 61 62 62 64 67 68 72 
0 0 0 0 0 0 0 57 60 62 63 65 66 65 63 62 61 61 62 63 64 66 66 67 67 68 68 68 68 68 65 64 64 62 0 0 0 0 0 0 0 0 0 0 0 0 0 0 0 0 0 0 0 0 0 0 0 0 0 0 0 0 0 0 0 0 0 0 0 68 75 78 78 77 80 79 77 77 77 76 76 71 70 68 63 51 0 0 0 0 0 0 0 0 0 0 0 0 0 0 0 0 0 0 0 0 0 0 0 0 0 0 0 0 0 0 0 0 0 0 0 0 58 70 75 78 80 85 83 80 77 73 71 71 72 72 72 71 70 68 66 65 63 60 0 0 0 0 0 0 0 0 0 0 0 0 0 0 0 0 0 0 0 0 0 0 0 0 0 62 63 63 64 67 69 75 
0 0 0 0 0 0 0 0 0 0 0 0 0 0 0 0 0 58 58 61 61 61 61 62 62 63 65 65 65 65 63 62 61 59 0 0 0 0 0 0 0 0 0 0 0 0 0 0 0 0 0 0 0 0 0 0 0 0 0 0 0 0 0 0 0 0 0 0 0 0 73 77 76 75 78 76 74 74 74 73 73 69 68 67 62 52 0 0 0 0 0 0 0 0 0 0 0 0 0 0 0 0 0 0 0 0 0 0 0 0 0 0 0 0 0 0 0 0 0 0 0 0 57 67 73 76 78 83 83 80 77 74 72 71 72 72 72 71 70 68 66 65 63 60 0 0 0 0 0 0 0 0 0 0 0 0 0 0 0 0 0 0 0 0 0 0 0 0 63 63 63 63 65 67 73 80 
0 0 0 0 0 0 0 0 0 0 0 0 0 0 0 0 0 0 0 0 0 0 0 0 0 0 0 0 0 0 56 56 0 0 0 0 0 0 0 0 0 0 0 0 0 0 0 0 0 0 0 0 0 0 0 0 0 0 0 0 0 0 0 0 0 0 0 0 0 0 72 75 73 71 74 72 70 69 70 68 68 65 65 64 60 0 0 0 0 0 0 0 0 0 0 0 0 0 0 0 0 0 0 0 0 0 0 0 0 0 0 0 0 0 0 0 0 0 0 0 0 0 0 66 70 73 74 79 79 78 76 75 76 77 79 80 80 78 77 74 69 67 64 60 0 0 0 0 0 0 0 0 0 0 0 0 0 0 0 0 0 0 0 0 0 0 0 0 64 63 63 63 65 68 68 79 
0 0 0 0 0 0 0 0 0 0 0 0 0 0 0 0 0 0 0 0 0 0 0 0 0 0 0 0 0 0 0 0 0 0 0 0 0 0 0 0 0 0 0 0 0 0 0 0 0 0 0 0 0 0 0 0 0 0 0 0 0 0 0 0 0 0 0 0 0 0 0 0 66 64 66 63 61 60 60 59 60 57 57 57 55 0 0 0 0 0 0 0 0 0 0 0 0 0 0 0 0 0 0 0 0 0 0 0 0 0 0 0 0 0 0 0 0 0 0 0 0 0 0 58 63 66 67 71 71 69 68 67 68 69 72 74 73 70 69 67 64 63 0 0 0 0 0 0 0 0 0 0 0 0 0 0 0 0 0 0 0 0 0 0 0 0 0 0 64 63 63 63 65 68 75 76 
0 0 0 0 0 0 0 0 0 0 0 0 0 0 0 0 0 0 0 0 0 0 0 0 0 0 0 0 0 0 0 0 0 0 0 0 0 0 0 0 0 0 0 0 0 0 0 0 0 0 0 0 0 0 0 0 0 0 0 0 0 0 0 0 0 0 0 0 0 0 0 0 0 0 0 0 39 40 40 41 43 43 43 0 0 0 0 0 0 0 0 0 0 0 0 0 0 0 0 0 0 0 0 0 0 0 0 0 0 0 0 0 0 0 0 0 0 0 0 0 0 0 0 0 0 49 51 54 54 51 50 48 0 0 0 0 0 0 0 0 0 0 0 0 0 0 59 59 59 59 59 0 0 0 0 0 0 0 0 0 0 0 0 0 0 0 0 0 66 64 64 64 65 68 66 82 
0 0 0 0 0 0 0 0 0 0 0 0 0 0 0 0 0 0 0 0 0 0 0 0 0 0 0 0 0 0 0 0 0 0 0 0 0 0 0 0 0 0 0 0 0 0 0 0 0 0 0 0 0 0 0 0 0 0 0 0 0 0 0 0 0 0 0 0 0 0 0 0 0 0 0 0 0 0 0 0 0 0 0 0 0 0 0 0 0 0 0 0 0 0 0 0 0 0 0 0 0 0 0 0 0 0 0 0 0 0 0 0 0 0 0 0 0 0 0 0 0 0 0 0 0 0 0 0 0 0 0 0 0 0 0 0 0 0 0 0 0 0 0 0 0 0 59 59 59 59 59 0 0 0 0 0 0 0 0 0 0 0 0 0 0 0 0 0 64 63 63 65 66 69 70 80 
0 0 0 0 0 0 0 0 0 0 0 0 0 0 0 0 0 0 0 0 0 0 0 0 0 0 0 0 0 0 0 0 0 0 0 0 0 0 0 0 0 0 0 0 0 0 0 0 0 0 0 0 0 0 0 0 0 0 0 0 0 0 0 0 0 0 0 0 0 0 0 0 0 0 0 0 0 0 0 0 0 0 0 0 0 0 0 0 0 0 0 0 0 0 0 0 0 0 0 0 0 0 0 0 0 0 0 0 0 0 0 0 0 0 0 0 0 0 0 0 0 0 0 0 0 0 0 0 0 0 0 0 0 0 0 0 0 0 0 0 0 0 0 0 0 0 0 0 0 0 0 0 0 0 0 0 0 0 0 0 0 0 0 0 0 0 0 0 63 62 63 64 66 69 70 76 
0 0 0 0 0 0 0 0 0 0 0 0 0 0 0 0 0 0 0 0 0 0 0 0 0 0 0 0 0 0 0 0 0 0 0 0 0 0 0 0 0 0 0 0 0 0 0 0 0 0 0 0 0 0 0 0 0 0 0 0 0 0 0 0 0 0 0 0 0 0 0 0 0 0 0 0 0 0 0 0 0 0 0 0 0 0 0 0 0 0 0 0 0 0 0 0 0 0 0 0 0 0 0 0 0 0 0 0 0 0 0 0 0 0 0 0 0 0 0 0 0 0 0 0 0 0 0 0 0 0 0 0 0 0 0 0 0 0 0 0 0 0 0 0 0 0 0 0 0 0 0 0 0 0 0 0 0 0 0 0 0 0 0 0 0 0 0 0 62 62 63 64 66 69 75 73 
0 0 0 0 0 0 0 0 0 0 0 0 0 0 0 0 0 0 0 0 0 0 0 0 0 0 0 0 0 0 0 0 0 0 0 0 0 0 0 0 0 0 0 0 0 0 0 0 0 0 0 0 0 0 0 0 0 0 0 0 0 0 0 0 0 0 0 0 0 0 0 0 0 0 0 0 0 0 0 0 0 0 0 0 0 0 0 0 0 0 0 0 0 0 0 0 0 0 0 0 0 0 0 0 0 0 0 0 0 0 0 0 0 0 0 0 0 0 0 0 0 0 0 0 0 0 0 0 0 0 0 0 0 0 0 0 0 0 0 0 0 0 0 0 0 0 0 0 0 0 0 0 0 0 0 0 0 0 0 0 0 0 0 0 0 0 0 0 62 61 62 64 66 70 73 82 
0 0 0 0 0 0 0 0 0 0 0 0 0 0 0 0 0 0 0 0 0 0 0 0 0 0 0 0 0 0 0 0 0 0 0 0 0 0 0 0 0 0 0 0 0 0 0 0 0 0 0 0 0 0 0 0 0 0 0 0 0 0 0 0 0 0 0 0 0 0 0 0 0 0 0 0 0 0 0 0 0 0 0 0 0 0 0 0 0 0 0 0 0 0 0 0 0 0 0 0 0 0 0 0 0 0 0 0 0 0 0 0 0 0 0 0 0 0 0 0 0 0 0 0 0 0 0 0 0 0 0 0 0 0 0 0 0 0 0 0 0 0 0 0 0 0 0 0 0 0 0 0 0 0 0 0 0 0 0 0 0 0 0 0 0 0 0 0 0 61 62 64 66 70 76 81 
0 0 0 0 0 0 0 0 0 0 0 0 0 0 0 0 0 0 0 0 0 0 0 0 0 0 0 0 0 0 0 0 0 0 0 0 0 0 0 0 0 0 0 0 0 0 0 0 0 0 0 0 0 0 0 0 0 0 0 0 0 0 0 0 0 0 0 0 0 0 0 0 0 0 0 0 0 0 0 0 0 0 0 0 0 0 0 0 0 0 0 0 0 0 0 0 0 0 0 0 0 0 0 0 0 0 0 0 0 0 0 0 0 0 0 0 0 0 0 0 0 0 0 0 0 0 0 0 0 0 0 0 0 0 0 0 0 0 0 0 0 0 0 0 0 0 0 0 0 0 0 0 0 0 0 0 0 0 0 0 0 0 0 0 0 0 0 0 0 61 61 62 66 70 76 80 
0 0 0 0 0 0 0 0 0 0 0 0 0 0 0 0 0 0 0 0 0 0 0 0 0 0 0 0 0 0 0 0 0 0 0 0 0 0 0 0 0 0 0 0 0 0 0 0 0 0 0 0 0 0 0 0 0 0 0 0 0 0 0 0 0 0 0 0 0 0 0 0 0 0 0 0 0 0 0 0 0 0 0 0 0 0 0 0 0 0 0 0 0 0 0 0 0 0 0 0 0 0 0 0 0 0 0 0 0 0 0 0 0 0 0 0 0 0 0 0 0 0 0 0 0 0 0 0 0 0 0 0 0 0 0 0 0 0 0 0 0 0 0 0 0 0 0 0 0 0 0 0 0 0 0 0 0 0 0 0 0 0 0 0 0 0 0 0 0 0 0 63 67 71 67 78 
0 0 0 0 0 0 0 0 0 0 0 0 0 0 0 0 0 0 0 0 0 0 0 0 0 0 0 0 0 0 0 0 0 0 0 0 0 0 0 0 0 0 0 0 0 0 0 0 0 0 0 0 0 0 0 0 0 0 0 0 0 0 0 0 0 0 0 0 0 0 0 0 0 0 0 0 0 0 0 0 0 0 0 0 0 0 0 0 0 0 0 0 0 0 0 0 0 0 0 0 0 0 0 0 0 0 0 0 0 0 0 0 0 0 0 0 0 0 0 0 0 0 0 0 0 0 0 0 0 0 0 0 0 0 0 0 0 0 0 0 0 0 0 0 0 0 0 0 0 0 0 0 0 0 0 0 0 0 0 0 0 0 0 0 0 0 0 0 0 0 0 0 0 73 0 0 
0 0 0 0 0 0 0 0 0 0 0 0 0 0 0 0 0 0 0 0 0 0 0 0 0 0 0 0 0 0 0 0 0 0 0 0 0 0 0 0 0 0 0 0 0 0 0 0 0 0 0 0 0 0 0 0 0 0 0 0 0 0 0 0 0 0 0 0 0 0 0 0 0 0 0 0 0 0 0 0 0 0 0 0 0 0 0 0 0 0 0 0 0 0 0 0 0 0 0 0 0 0 0 0 0 0 0 0 0 0 0 0 0 0 0 0 0 0 0 0 0 0 0 0 0 0 0 0 0 0 0 0 0 0 0 0 0 0 0 0 0 0 0 0 0 0 0 0 0 0 0 0 0 0 0 0 0 0 0 0 0 0 0 0 0 0 0 0 0 0 0 0 0 0 0 0 
0 0 0 0 0 0 0 0 0 0 0 0 0 0 0 0 0 0 0 0 0 0 0 0 0 0 0 0 0 0 0 0 0 0 0 0 0 0 0 0 0 0 0 0 0 0 0 0 0 0 0 0 0 0 0 0 0 0 0 0 0 0 0 0 0 0 0 0 0 0 0 0 0 0 0 0 0 0 0 0 0 0 0 0 0 0 0 0 0 0 0 0 0 0 0 0 0 0 0 0 0 0 0 0 0 0 0 0 0 0 0 0 0 0 0 0 0 0 0 0 0 0 0 0 0 0 0 0 0 0 0 0 0 0 0 0 0 0 0 0 0 0 0 0 0 0 0 0 0 0 0 0 0 0 0 0 0 0 0 0 0 0 0 0 0 0 0 0 0 0 0 0 0 0 0 0 
0 0 0 0 0 0 0 0 0 0 0 0 0 0 0 0 0 0 0 0 0 0 0 0 0 0 0 0 0 0 0 0 0 0 0 0 0 0 0 0 0 0 0 0 0 0 0 0 0 0 0 0 0 0 0 0 0 0 0 0 0 0 0 0 0 0 0 0 0 0 0 0 0 0 0 0 0 0 0 0 0 0 0 0 0 0 0 0 0 0 0 0 0 0 0 0 0 0 0 0 0 0 0 0 0 0 0 0 0 0 0 0 0 0 0 0 0 0 0 0 0 0 0 0 0 0 0 0 0 0 0 0 0 0 0 0 0 0 0 0 0 0 0 0 0 0 0 0 0 0 0 0 0 0 0 0 0 0 0 0 0 0 0 0 0 0 0 0 0 0 0 0 0 0 0 0 
0 0 0 0 0 0 0 0 0 0 0 0 0 0 0 0 0 0 0 0 0 0 0 0 0 0 0 0 0 0 0 0 0 0 0 0 0 0 0 0 0 0 0 0 0 0 0 0 0 0 0 0 0 0 0 0 0 0 0 0 0 0 0 0 0 0 0 0 0 0 0 0 0 0 0 0 0 0 0 0 0 0 0 0 0 0 0 0 0 0 0 0 0 0 0 0 0 0 0 0 0 0 0 0 0 0 0 0 0 0 0 0 0 0 0 0 0 0 0 0 0 0 0 0 0 0 0 0 0 0 0 0 0 0 0 0 0 0 0 0 0 0 0 0 0 0 0 0 0 0 0 0 0 0 0 0 0 0 0 0 0 0 0 0 0 0 0 0 0 0 0 0 0 0 0 0 
0 0 0 0 0 0 0 0 0 0 0 0 0 0 0 0 0 0 0 0 0 0 0 0 0 0 0 0 0 0 0 0 0 0 0 0 0 0 0 0 0 0 0 0 0 0 0 0 0 0 0 0 0 0 0 0 0 0 0 0 0 0 0 0 0 0 0 0 0 0 0 0 0 0 0 0 0 0 0 0 0 0 0 0 0 0 0 0 0 0 0 0 0 0 0 0 0 0 0 0 0 0 0 0 0 0 0 0 0 0 0 0 0 0 0 0 0 0 0 0 0 0 0 0 0 0 0 0 0 0 0 0 0 0 0 0 0 0 0 0 0 0 0 0 0 0 0 0 0 0 0 0 0 0 0 0 0 0 0 0 0 0 0 0 0 0 0 0 0 0 0 0 0 0 0 0 
0 0 0 0 0 0 0 0 0 0 0 0 0 0 0 0 0 0 0 0 0 0 0 0 0 0 0 0 0 0 0 0 0 0 0 0 0 0 0 0 0 0 0 0 0 0 0 0 0 0 0 0 0 0 0 0 0 0 0 0 0 0 0 0 0 0 0 0 0 0 0 0 0 0 0 0 0 0 0 0 0 0 0 0 0 0 0 0 0 0 0 0 0 0 0 0 0 0 0 0 0 0 0 0 0 0 0 0 0 0 0 0 0 0 0 0 0 0 0 0 0 0 0 0 0 0 0 0 0 0 0 0 0 0 0 0 0 0 0 0 0 0 0 0 0 0 0 0 0 0 0 0 0 0 0 0 0 0 0 0 0 0 0 0 0 0 0 0 0 0 0 0 0 0 0 0 
0 0 0 0 0 0 0 0 0 0 0 0 0 0 0 0 0 0 0 0 0 0 0 0 0 0 0 0 0 0 0 0 0 0 0 0 0 0 0 0 0 0 0 0 0 0 0 0 0 0 0 0 0 0 0 0 0 0 0 0 0 0 0 0 0 0 0 0 0 0 0 0 0 0 0 0 0 0 0 0 0 0 0 0 0 0 0 0 0 0 0 0 0 0 0 0 0 0 0 0 0 0 0 0 0 0 0 0 0 0 0 0 0 0 0 0 0 0 0 0 0 0 0 0 0 0 0 0 0 0 0 0 0 0 0 0 0 0 0 0 0 0 0 0 0 0 0 0 0 0 0 0 0 0 0 0 0 0 0 0 0 0 0 0 0 0 0 0 0 0 0 0 0 0 0 0 
0 0 0 0 0 0 0 0 0 0 0 0 0 0 0 0 0 0 0 0 0 0 0 0 0 0 0 0 0 0 0 0 0 0 0 0 0 0 0 0 0 0 0 0 0 0 0 0 0 0 0 0 0 0 0 0 0 0 0 0 0 0 0 0 0 0 0 0 0 0 0 0 0 0 0 0 0 0 0 0 0 0 0 0 0 0 0 0 0 0 0 0 0 0 0 0 0 0 0 0 0 0 0 0 0 0 0 0 0 0 0 0 0 0 0 0 0 0 0 0 0 0 0 0 0 0 0 0 0 0 0 0 0 0 0 0 0 0 0 0 0 0 0 0 0 0 0 0 0 0 0 0 0 0 0 0 0 0 0 0 0 0 0 0 0 0 0 0 0 0 0 0 0 0 0 0 
0 0 0 0 0 0 0 0 0 0 0 0 0 0 0 0 0 0 0 0 0 0 0 0 0 0 0 0 0 0 0 0 0 0 0 0 0 0 0 0 0 0 0 0 0 0 0 0 0 0 0 0 0 0 0 0 0 0 0 0 0 0 0 0 0 0 0 0 0 0 0 0 0 0 0 0 0 0 0 0 0 0 0 0 0 0 0 0 0 0 0 0 0 0 0 0 0 0 0 0 0 0 0 0 0 0 0 0 0 0 0 0 0 0 0 0 0 0 0 0 0 0 0 0 0 0 0 0 0 0 0 0 0 0 0 0 0 0 0 0 0 0 0 0 0 0 0 0 0 0 0 0 0 0 0 0 0 0 0 0 0 0 0 0 0 0 0 0 0 0 0 0 0 0 0 0 
0 0 0 0 0 0 0 0 0 0 0 0 0 0 0 0 0 0 0 0 0 0 0 0 0 0 0 0 0 0 0 0 0 0 0 0 0 0 0 0 0 0 0 0 0 0 0 0 0 0 0 0 0 0 0 0 0 0 0 0 0 0 0 0 0 0 0 0 0 0 0 0 0 0 0 0 0 0 0 0 0 0 0 0 0 0 0 0 0 0 0 0 0 0 0 0 0 0 0 0 0 0 0 0 0 0 0 0 0 0 0 0 0 0 0 0 0 0 0 0 0 0 0 0 0 0 0 0 0 0 0 0 0 0 0 0 0 0 0 0 0 0 0 0 0 0 0 0 0 0 0 0 0 0 0 0 0 0 0 0 0 0 0 0 0 0 0 0 0 0 0 0 0 0 0 0 
0 0 0 0 0 0 0 0 0 0 0 0 0 0 0 0 0 0 0 0 0 0 0 0 0 0 0 0 0 0 0 0 0 0 0 0 0 0 0 0 0 0 0 0 0 0 0 0 0 0 0 0 0 0 0 0 0 0 0 0 0 0 0 0 0 0 0 0 0 0 0 0 0 0 0 0 0 0 0 0 0 0 0 0 0 0 0 0 0 0 0 0 0 0 0 0 0 0 0 0 0 0 0 0 0 0 0 0 0 0 0 0 0 0 0 0 0 0 0 0 0 0 0 0 0 0 0 0 0 0 0 0 0 0 0 0 0 0 0 0 0 0 0 0 0 0 0 0 0 0 0 0 0 0 0 0 0 0 0 0 0 0 0 0 0 0 0 0 0 0 0 0 0 0 0 0 
0 0 0 0 0 0 0 0 0 0 0 0 0 0 0 0 0 0 0 0 0 0 0 0 0 0 0 0 0 0 0 0 0 0 0 0 0 0 0 0 0 0 0 0 0 0 0 0 0 0 0 0 0 0 0 0 0 0 0 0 0 0 0 0 0 0 0 0 0 0 0 0 0 0 0 0 0 0 0 0 0 0 0 0 0 0 0 0 0 0 0 0 0 0 0 0 0 0 0 0 0 0 0 0 0 0 0 0 0 0 0 0 0 0 0 0 0 0 0 0 0 0 0 0 0 0 0 0 0 0 0 0 0 0 0 0 0 0 0 0 0 0 0 0 0 0 0 0 0 0 0 0 0 0 0 0 0 0 0 0 0 0 0 0 0 0 0 0 0 0 0 0 0 0 0 0 
0 0 0 0 0 0 0 0 0 0 0 0 0 0 0 0 0 0 0 0 0 0 0 0 0 0 0 0 0 0 0 0 0 0 0 0 0 0 0 0 0 0 0 0 0 0 0 0 0 0 0 0 0 0 0 0 0 0 0 0 0 0 0 0 0 0 0 0 0 0 0 0 0 0 0 0 0 0 0 0 0 0 0 0 0 0 0 0 0 0 0 0 0 0 0 0 0 0 0 0 0 0 0 0 0 0 0 0 0 0 0 0 0 0 0 0 0 0 0 0 0 0 0 0 0 0 0 0 0 0 0 0 0 0 0 0 0 0 0 0 0 0 0 0 0 0 0 0 0 0 0 0 0 0 0 0 0 0 0 0 0 0 0 0 0 0 0 0 0 0 0 0 0 0 0 0 
0 0 0 0 0 0 0 0 0 0 0 0 0 0 0 0 0 0 0 0 0 0 0 0 0 0 0 0 0 0 0 0 0 0 0 0 0 0 0 0 0 0 0 0 0 0 0 0 0 0 0 0 0 0 0 0 0 0 0 0 0 0 0 0 0 0 0 0 0 0 0 0 0 0 0 0 0 0 0 0 0 0 0 0 0 0 0 0 0 0 0 0 0 0 0 0 0 0 0 0 0 0 0 0 0 0 0 0 0 0 0 0 0 0 0 0 0 0 0 0 0 0 0 0 0 0 0 0 0 0 0 0 0 0 0 0 0 0 0 0 0 0 0 0 0 0 0 0 0 0 0 0 0 0 0 0 0 0 0 0 0 0 0 0 0 0 0 0 0 0 0 0 0 0 0 0 
0 0 0 0 0 0 0 0 0 0 0 0 0 0 0 0 0 0 0 0 0 0 0 0 0 0 0 0 0 0 0 0 0 0 0 0 0 0 0 0 0 0 0 0 0 0 0 0 0 0 0 0 0 0 0 0 0 0 0 0 0 0 0 0 0 0 0 0 0 0 0 0 0 0 0 0 0 0 0 0 0 0 0 0 0 0 0 0 0 0 0 0 0 0 0 0 0 0 0 0 0 0 0 0 0 0 0 0 0 0 0 0 0 0 0 0 0 0 0 0 0 0 0 0 0 0 0 0 0 0 0 0 0 0 0 0 0 0 0 0 0 0 0 0 0 0 0 0 0 0 0 0 0 0 0 0 0 0 0 0 0 0 0 0 0 0 0 0 0 0 0 0 0 0 0 0 
0 0 0 0 0 0 0 0 0 0 0 0 0 0 0 0 0 0 0 0 0 0 0 0 0 0 0 0 0 0 0 0 0 0 0 0 0 0 0 0 0 0 0 0 0 0 0 0 0 0 0 0 0 0 0 0 0 0 0 0 0 0 0 0 0 0 0 0 0 0 0 0 0 0 0 0 0 0 0 0 0 0 0 0 0 0 0 0 0 0 0 0 0 0 0 0 0 0 0 0 0 0 0 0 0 0 0 0 0 0 0 0 0 0 0 0 0 0 0 0 0 0 0 0 0 0 0 0 0 0 0 0 0 0 0 0 0 0 0 0 0 0 0 0 0 0 0 0 0 0 0 0 0 0 0 0 0 0 0 0 0 0 0 0 0 0 0 0 0 0 0 0 0 0 0 0 
0 0 0 0 0 0 0 0 0 0 0 0 0 0 0 0 0 0 0 0 0 0 0 0 0 0 0 0 0 0 0 0 0 0 0 0 0 0 0 0 0 0 0 0 0 0 0 0 0 0 0 0 0 0 0 0 0 0 0 0 0 0 0 0 0 0 0 0 0 0 0 0 0 0 0 0 0 0 0 0 0 0 0 0 0 0 0 0 0 0 0 0 0 0 0 0 0 0 0 0 0 0 0 0 0 0 0 0 0 0 0 0 0 0 0 0 0 0 0 0 0 0 0 0 0 0 0 0 0 0 0 0 0 0 0 0 0 0 0 0 0 0 0 0 0 0 0 0 0 0 0 0 0 0 0 0 0 0 0 0 0 0 0 0 0 0 0 0 0 0 0 0 0 0 0 0 
0 0 0 0 0 0 0 0 0 0 0 0 0 0 0 0 0 0 0 0 0 0 0 0 0 0 0 0 0 0 0 0 0 0 0 0 0 0 0 0 0 0 0 0 0 0 0 0 0 0 0 0 0 0 0 0 0 0 0 0 0 0 0 0 0 0 0 0 0 0 0 0 0 0 0 0 0 0 0 0 0 0 0 0 0 0 0 0 0 0 0 0 0 0 0 0 0 0 0 0 0 0 0 0 0 0 0 0 0 0 0 0 0 0 0 0 0 0 0 0 0 0 0 0 0 0 0 0 0 0 0 0 0 0 0 0 0 0 0 0 0 0 0 0 0 0 0 0 0 0 0 0 0 0 0 0 0 0 0 0 0 0 0 0 0 0 0 0 0 0 0 0 0 0 0 0 
0 0 0 0 0 0 0 0 0 0 0 0 0 0 0 0 0 0 0 0 0 0 0 0 0 0 0 0 0 0 0 0 0 0 0 0 0 0 0 0 0 0 0 0 0 0 0 0 0 0 0 0 0 0 0 0 0 0 0 0 0 0 0 0 0 0 0 0 0 0 0 0 0 0 0 0 0 0 0 0 0 0 0 0 0 0 0 0 0 0 0 0 0 0 0 0 0 0 0 0 0 0 0 0 0 0 0 0 0 0 0 0 0 0 0 0 0 0 0 0 0 0 0 0 0 0 0 0 0 0 0 0 0 0 0 0 0 0 0 0 0 0 0 0 0 0 0 0 0 0 0 0 0 0 0 0 0 0 0 0 0 0 0 0 0 0 0 0 0 0 0 0 0 0 0 0 
0 0 0 0 0 0 0 0 0 0 0 0 0 0 0 0 0 0 0 0 0 0 0 0 0 0 0 0 0 0 0 0 0 0 0 0 0 0 0 0 0 0 0 0 0 0 0 0 0 0 0 0 0 0 0 0 0 0 0 0 0 0 0 0 0 0 0 0 0 0 0 0 0 0 0 0 0 0 0 0 0 0 0 0 0 0 0 0 0 0 0 0 0 0 0 0 0 0 0 0 0 0 0 0 0 0 0 0 0 0 0 0 0 0 0 0 0 0 0 0 0 0 0 0 0 0 0 0 0 0 0 0 0 0 0 0 0 0 0 0 0 0 0 0 0 0 0 0 0 0 0 0 0 0 0 0 0 0 0 0 0 0 0 0 0 0 0 0 0 0 0 0 0 0 0 0 
0 0 0 0 0 0 0 0 0 0 0 0 0 0 0 0 0 0 0 0 0 0 0 0 0 0 0 0 0 0 0 0 0 0 0 0 0 0 0 0 0 0 0 0 0 0 0 0 0 0 0 0 0 0 0 0 0 0 0 0 0 0 0 0 0 0 0 0 0 0 0 0 0 0 0 0 0 0 0 0 0 0 0 0 0 0 0 0 0 0 0 0 0 0 0 0 0 0 0 0 0 0 0 0 0 0 0 0 0 0 0 0 0 0 0 0 0 0 0 0 0 0 0 0 0 0 0 0 0 0 0 0 0 0 0 0 0 0 0 0 0 0 0 0 0 0 0 0 0 0 0 0 0 0 0 0 0 0 0 0 0 0 0 0 0 0 0 0 0 0 0 0 0 0 0 0 
0 0 0 0 0 0 0 0 0 0 0 0 0 0 0 0 0 0 0 0 0 0 0 0 0 0 0 0 0 0 0 0 0 0 0 0 0 0 0 0 0 0 0 0 0 0 0 0 0 0 0 0 0 0 0 0 0 0 0 0 0 0 0 0 0 0 0 0 0 0 0 0 0 0 0 0 0 0 0 0 0 0 0 0 0 0 0 0 0 0 0 0 0 0 0 0 0 0 0 0 0 0 0 0 0 0 0 0 0 0 0 0 0 0 0 0 0 0 0 0 0 0 0 0 0 0 0 0 0 0 0 0 0 0 0 0 0 0 0 0 0 0 0 0 0 0 0 0 0 0 0 0 0 0 0 0 0 0 0 0 0 0 0 0 0 0 0 0 0 0 0 0 0 0 0 0 
0 0 0 0 0 0 0 0 0 0 0 0 0 0 0 0 0 0 0 0 0 0 0 0 0 0 0 0 0 0 0 0 0 0 0 0 0 0 0 0 0 0 0 0 0 0 0 0 0 0 0 0 0 0 0 0 0 0 0 0 0 0 0 0 0 0 0 0 0 0 0 0 0 0 0 0 0 0 0 0 0 0 0 0 0 0 0 0 0 0 0 0 0 0 0 0 0 0 0 0 0 0 0 0 0 0 0 0 0 0 0 0 0 0 0 0 0 0 0 0 0 0 0 0 0 0 0 0 0 0 0 0 0 0 0 0 0 0 0 0 0 0 0 0 0 0 0 0 0 0 0 0 0 0 0 0 0 0 0 0 0 0 0 0 0 0 0 0 0 0 0 0 0 0 0 0 
0 0 0 0 0 0 0 0 0 0 0 0 0 0 0 0 0 0 0 0 0 0 0 0 0 0 0 0 0 0 0 0 0 0 0 0 0 0 0 0 0 0 0 0 0 0 0 0 0 0 0 0 0 0 0 0 0 0 0 0 0 0 0 0 0 0 0 0 0 0 0 0 0 0 0 0 0 0 0 0 0 0 0 0 0 0 0 0 0 0 0 0 0 0 0 0 0 0 0 0 0 0 0 0 0 0 0 0 0 0 0 0 0 0 0 0 0 0 0 0 0 0 0 0 0 0 0 0 0 0 0 0 0 0 0 0 0 0 0 0 0 0 0 0 0 0 0 0 0 0 0 0 0 0 0 0 0 0 0 0 0 0 0 0 0 0 0 0 0 0 0 0 0 0 0 0 
0 0 0 0 0 0 0 0 0 0 0 0 0 0 0 0 0 0 0 0 0 0 0 0 0 0 0 0 0 0 0 0 0 0 0 0 0 0 0 0 0 0 0 0 0 0 0 0 0 0 0 0 0 0 0 0 0 0 0 0 0 0 0 0 0 0 0 0 0 0 0 0 0 0 0 0 0 0 0 0 0 0 0 0 0 0 0 0 0 0 0 0 0 0 0 0 0 0 0 0 0 0 0 0 0 0 0 0 0 0 0 0 0 0 0 0 0 0 0 0 0 0 0 0 0 0 0 0 0 0 0 0 0 0 0 0 0 0 0 0 0 0 0 0 0 0 0 0 0 0 0 0 0 0 0 0 0 0 0 0 0 0 0 0 0 0 0 0 0 0 0 0 0 0 0 0 
