90 84 80 91 86 86 82 79 81 79 86 82 85 81 89 87 85 83 84 82 73 76 75 83 72 79 77 77 78 81 81 80 84 74 71 75 82 75 79 79 82 73 80 82 76 75 81 74 73 71 78 70 74 73 76 78 74 76 78 65 67 72 74 78 73 76 78 75 79 77 76 79 77 74 79 79 81 77 76 76 73 77 77 80 77 76 60 72 76 77 80 79 77 75 75 74 76 77 80 81 83 79 76 78 84 76 80 78 80 80 80 72 74 77 79 84 82 84 85 88 85 91 94 85 85 87 88 88 89 92 93 90 93 93 97 94 90 84 91 96 92 98 97 97 98 95 100 106 106 104 104 108 112 112 107 87 81 74 74 79 75 73 75 68 0 73 73 75 72 84 85 96 95 104 99 93 
82 88 86 88 88 91 87 87 80 75 75 80 81 80 76 76 71 77 78 74 75 69 73 79 77 80 80 78 76 74 83 78 78 80 69 66 67 70 80 77 75 76 78 81 76 77 76 76 76 78 76 75 76 75 76 77 74 78 76 73 64 67 65 78 73 72 80 78 76 79 77 78 74 77 75 78 77 78 75 78 75 83 74 73 83 76 68 71 80 73 80 80 81 79 82 79 78 78 78 78 80 82 79 85 83 82 82 79 77 81 80 67 76 81 83 80 84 87 87 86 82 87 89 88 87 96 88 89 86 89 93 92 92 90 93 87 85 90 89 93 92 96 97 94 98 97 99 96 107 99 105 105 108 107 91 76 78 75 75 73 77 72 66 67 0 0 73 81 77 83 89 91 96 95 99 93 
85 77 83 83 83 83 81 80 78 78 77 77 77 77 77 77 77 78 78 77 77 77 76 77 77 78 77 77 77 78 77 77 76 75 74 72 72 72 72 72 74 74 74 74 74 74 73 73 73 72 72 73 73 74 73 74 74 73 72 72 70 70 70 71 73 74 74 75 75 75 75 76 76 76 75 76 76 76 76 76 76 76 77 78 76 75 75 74 74 75 76 77 77 77 77 77 77 78 78 78 78 78 79 79 79 79 79 79 80 78 77 78 78 78 80 82 82 83 83 84 85 85 85 86 86 86 87 87 88 88 89 89 90 89 89 88 88 89 90 92 93 94 95 96 97 98 99 100 101 103 103 102 99 93 87 81 76 74 73 73 72 71 70 70 70 73 74 76 78 81 85 89 93 96 100 99 
81 79 81 81 81 80 79 78 77 77 76 76 76 75 75 74 74 75 76 76 76 75 76 76 76 77 77 76 76 76 76 75 75 74 72 71 71 70 70 70 71 71 72 72 72 72 72 72 71 71 71 72 72 73 72 73 72 72 72 71 70 70 70 70 72 73 73 73 74 75 75 76 76 76 77 77 77 78 78 78 79 79 80 81 80 80 80 79 79 80 81 81 82 82 82 82 82 82 82 83 82 83 83 83 84 84 84 84 85 84 83 84 84 83 85 86 86 86 86 87 88 88 88 89 89 89 89 89 89 90 90 90 90 89 88 88 88 89 90 92 92 93 94 95 95 97 98 98 99 101 100 98 94 87 81 77 74 73 72 72 71 70 69 68 68 74 75 76 78 81 84 88 92 95 91 98 
81 82 79 79 79 78 78 77 76 76 76 76 75 74 74 74 74 74 75 75 75 74 75 75 74 75 75 75 75 75 75 74 74 73 72 71 71 69 68 68 69 68 70 70 70 70 70 70 69 70 70 70 71 72 71 72 72 72 72 72 72 72 72 73 75 76 76 77 77 78 79 80 81 81 81 81 82 82 82 82 83 84 84 85 85 85 85 84 84 85 85 86 86 86 86 86 86 87 87 87 87 87 87 87 88 88 88 89 90 89 89 89 89 89 90 91 91 91 91 92 92 93 93 93 93 94 93 93 93 94 94 94 94 93 92 92 93 93 94 95 95 95 95 96 96 98 98 99 100 101 98 94 90 83 77 73 72 71 70 70 69 69 68 0 0 72 73 74 77 79 83 87 91 95 96 108 
0 77 78 77 77 76 76 75 75 75 75 75 74 74 73 73 72 72 73 72 72 73 73 72 73 73 73 73 73 73 73 72 72 72 72 71 71 69 67 67 67 67 68 69 69 69 70 69 70 71 72 72 74 74 75 75 75 76 76 76 76 76 77 78 79 80 80 81 81 82 83 84 85 85 85 85 86 86 86 86 87 88 88 89 89 89 89 89 89 89 90 89 89 90 90 90 90 91 91 92 92 92 92 92 93 93 93 93 94 94 94 94 95 95 95 96 95 96 96 96 97 98 98 99 99 99 98 98 98 98 98 98 98 98 97 97 98 98 99 100 99 99 100 100 100 102 102 103 104 104 99 94 87 80 74 72 71 70 69 70 69 68 0 0 0 73 73 74 76 78 82 86 91 95 105 101 
77 75 76 76 75 75 75 74 74 74 75 74 74 73 72 71 71 70 70 70 70 70 71 70 71 72 71 71 72 71 71 71 71 71 71 71 71 69 68 68 68 69 70 72 72 72 73 73 74 74 75 76 77 78 78 79 79 79 80 80 80 81 81 83 84 84 85 85 85 86 86 88 88 88 89 89 89 90 90 90 91 91 92 92 93 94 94 95 95 95 95 95 94 95 95 95 95 96 96 97 97 98 98 98 98 98 99 99 100 100 100 100 100 101 101 101 101 101 101 102 102 103 103 104 103 103 103 103 102 103 102 103 102 102 101 102 102 103 103 104 103 103 104 104 105 106 107 108 109 108 102 96 88 80 73 71 70 69 68 69 67 67 0 0 0 71 72 73 75 77 81 85 90 93 95 102 
75 78 75 75 75 75 74 74 73 73 73 73 72 72 71 70 69 69 69 69 68 68 69 69 69 69 69 69 69 70 70 70 71 71 72 73 73 72 71 72 72 73 74 75 76 76 77 77 77 78 79 79 80 81 82 82 83 83 83 84 84 85 86 87 88 89 89 90 90 91 91 92 92 93 93 94 94 95 95 95 95 96 96 96 97 98 98 99 99 100 100 99 99 99 99 99 99 99 99 100 100 101 101 101 102 102 103 103 104 104 104 105 105 105 105 105 105 105 105 106 107 107 108 108 108 108 108 108 108 108 108 108 107 107 107 107 108 108 108 108 108 107 107 108 108 110 111 112 113 112 106 98 90 81 74 72 70 69 68 68 66 0 0 0 0 0 72 72 74 76 79 83 88 92 101 94 
77 74 74 74 74 74 74 73 72 72 72 71 71 71 69 69 68 68 68 67 67 67 68 68 69 69 70 70 71 71 72 72 73 74 75 76 76 76 75 75 76 76 77 78 79 79 80 80 81 82 83 84 85 85 86 86 87 87 88 88 89 89 90 91 92 93 93 93 94 95 95 95 95 95 95 96 96 96 96 96 96 97 97 97 97 98 98 99 99 99 99 99 98 99 99 99 98 99 99 100 100 101 101 101 101 102 102 103 104 104 104 104 104 105 105 106 106 106 106 107 108 109 109 109 110 110 110 110 110 110 110 111 111 111 111 111 111 112 112 112 112 112 112 112 112 114 115 116 118 117 110 102 93 82 75 72 70 68 67 67 0 0 0 0 0 0 71 71 73 75 77 81 86 90 90 93 
72 71 73 73 72 73 72 72 71 71 70 69 69 69 68 68 67 67 67 68 68 69 69 70 71 72 72 72 73 73 73 74 75 76 77 78 78 78 78 79 79 80 81 82 83 83 84 84 85 85 86 87 88 89 89 89 90 90 90 91 91 91 92 92 92 93 93 93 94 94 94 94 94 94 94 94 95 95 95 95 95 95 96 96 96 97 97 98 98 98 98 98 98 98 98 98 97 98 98 98 99 99 99 99 100 101 102 102 103 103 103 103 103 104 104 105 105 105 105 106 107 108 109 109 109 109 109 110 110 110 110 110 110 110 110 110 111 111 112 112 113 113 113 114 114 115 116 117 119 120 114 105 95 84 76 72 70 69 69 0 0 0 0 0 0 0 70 70 72 73 76 80 84 88 94 97 
74 68 73 72 72 73 72 71 71 71 70 69 69 69 69 69 69 70 70 70 70 71 71 72 73 73 74 74 75 75 75 77 78 79 79 81 81 81 82 82 83 84 85 86 87 87 87 87 87 87 87 88 89 89 89 89 89 89 90 90 90 90 91 91 91 91 92 92 92 92 92 93 93 93 94 94 94 95 94 94 94 94 94 94 94 94 95 95 95 95 95 95 95 95 95 94 94 94 94 94 95 95 95 96 96 96 97 98 99 99 99 99 100 100 100 101 102 102 102 103 104 105 106 107 107 108 108 109 109 109 109 109 109 109 109 109 109 110 111 112 112 112 112 113 112 113 115 116 118 119 114 105 96 86 77 72 69 67 0 0 0 0 0 0 0 0 68 68 70 72 74 78 83 87 95 92 
74 74 72 72 72 72 71 71 71 71 70 70 70 70 70 71 72 72 72 73 73 73 74 74 75 75 76 77 77 78 79 80 81 81 82 83 84 84 84 84 84 84 85 86 86 86 86 86 86 86 87 87 88 88 88 88 88 87 87 87 87 87 87 86 86 86 87 87 88 88 89 90 91 92 93 94 94 94 94 94 94 93 91 89 86 86 88 89 92 94 94 94 93 93 94 93 93 93 93 94 94 94 94 94 95 95 96 96 97 98 98 98 99 99 99 100 98 99 97 95 95 97 98 101 104 107 108 109 109 108 109 109 109 109 109 109 109 110 110 111 111 111 110 111 110 111 112 113 115 117 112 103 96 87 77 70 69 0 0 0 0 0 0 0 0 0 67 69 69 72 74 78 82 87 91 93 
73 73 72 72 72 72 72 72 73 73 73 72 72 72 73 73 73 74 74 75 75 75 76 77 78 78 79 79 80 80 81 81 82 82 83 84 84 84 84 84 84 83 84 84 84 83 83 82 82 82 83 84 84 84 83 82 83 83 84 85 87 86 86 86 85 85 85 85 86 85 86 88 89 90 92 93 93 93 93 94 93 91 89 86 83 82 85 87 90 92 93 92 92 92 92 92 92 92 92 92 93 93 93 93 92 93 94 94 95 96 96 96 97 97 97 98 96 97 95 93 92 94 95 98 102 104 107 108 108 108 109 109 109 109 109 109 109 109 110 110 110 110 109 109 109 110 110 111 113 114 111 103 98 90 78 68 0 0 0 0 0 0 0 0 0 0 66 68 69 71 74 78 82 87 89 102 
68 69 73 73 73 73 73 73 74 73 74 74 74 74 75 75 76 76 76 76 77 77 78 78 79 79 79 79 80 81 81 81 82 81 81 81 81 80 80 80 79 79 79 79 80 80 80 80 81 81 81 82 82 82 81 81 81 81 82 84 85 84 84 84 83 82 83 83 84 82 83 85 86 88 91 92 93 93 93 93 93 88 86 82 78 76 80 83 86 90 90 89 89 89 89 88 88 88 88 88 89 89 89 90 89 89 90 90 91 92 93 93 94 94 95 95 92 93 90 87 86 88 90 95 100 102 106 107 107 107 108 108 108 108 108 108 108 109 109 109 109 109 109 108 108 108 108 109 111 113 110 102 97 91 78 64 0 0 0 0 0 0 0 0 0 0 0 67 68 72 74 77 81 86 84 95 
70 73 73 74 74 74 74 74 75 75 75 75 75 76 76 76 77 77 78 78 78 78 78 78 78 78 78 79 79 80 80 81 80 79 79 78 78 77 78 78 79 78 78 77 78 78 78 78 80 80 80 80 81 80 79 78 78 79 79 81 82 82 81 80 80 79 78 79 79 76 79 83 84 87 91 92 93 93 93 94 93 87 84 79 73 68 71 74 79 84 83 82 82 81 82 81 82 82 81 81 82 81 81 82 81 81 81 81 82 83 84 85 86 86 87 88 82 83 79 76 75 79 84 92 97 100 105 106 106 107 107 107 107 107 108 108 108 108 108 109 108 108 108 108 107 108 108 108 110 111 109 100 98 92 80 60 0 0 0 0 0 0 0 0 0 0 0 67 68 71 73 77 81 86 89 96 
73 80 74 74 74 74 74 74 75 75 76 76 76 76 76 75 76 76 76 76 77 77 77 77 78 78 79 79 80 79 80 80 78 77 77 75 75 76 76 76 77 76 76 75 74 75 75 76 78 78 77 77 77 76 74 73 73 73 73 75 77 75 74 72 70 68 68 69 70 69 75 81 83 86 90 92 92 93 93 93 92 85 82 76 67 55 0 0 0 0 0 0 0 0 0 0 0 0 0 0 0 0 0 0 0 0 0 0 0 0 0 0 0 0 0 0 0 0 0 0 51 67 79 89 95 98 104 106 106 107 107 107 107 107 107 108 108 108 107 107 107 107 107 106 106 107 106 107 108 109 107 100 98 93 81 61 0 0 0 0 0 0 0 0 0 0 0 68 68 71 73 76 80 85 83 92 
71 74 74 75 75 74 74 75 75 75 75 76 76 76 75 75 75 76 76 76 77 77 76 76 77 77 78 78 79 79 79 79 76 74 74 71 69 71 72 71 73 73 72 70 69 69 69 69 70 70 68 69 69 68 65 63 61 0 0 0 0 0 0 0 0 0 0 0 0 67 75 81 83 85 90 92 92 92 93 93 91 85 83 79 73 59 0 0 0 0 0 0 0 0 0 0 0 0 0 0 0 0 0 0 0 0 0 0 0 0 0 0 0 0 0 0 0 0 0 0 0 73 85 92 95 97 103 105 105 106 106 106 106 106 107 107 107 107 107 107 107 107 107 107 106 106 106 106 107 108 107 100 99 95 85 66 0 0 0 0 0 0 0 0 0 0 0 66 67 70 72 75 79 84 95 93 
78 77 75 74 74 74 73 73 74 74 74 75 75 75 74 74 74 74 73 74 74 75 75 76 76 77 78 78 79 79 79 78 75 72 70 66 62 63 62 62 65 65 63 62 61 0 0 0 0 0 0 0 0 0 0 0 0 0 0 0 0 0 0 0 0 0 0 0 0 68 75 81 83 85 90 92 92 92 92 92 91 85 83 80 73 59 0 0 0 0 0 0 0 0 0 0 0 0 0 0 0 0 0 0 0 0 0 0 0 0 0 0 0 0 0 0 0 0 0 0 0 74 85 92 95 97 103 105 105 105 105 105 105 106 106 107 107 106 106 106 107 107 107 107 107 106 106 106 106 107 107 100 98 94 86 69 0 0 0 0 0 0 0 0 0 0 0 67 67 70 72 75 78 83 86 94 
78 75 74 74 73 73 73 73 73 74 73 74 74 74 73 73 73 73 72 72 73 73 74 75 76 76 77 78 78 78 78 77 73 71 69 63 55 0 0 0 0 0 0 0 0 0 0 0 0 0 0 0 0 0 0 0 0 0 0 0 0 0 0 0 0 0 0 0 0 69 77 82 85 86 91 93 92 92 92 92 91 85 83 79 73 58 0 0 0 0 0 0 0 0 0 0 0 0 0 0 0 0 0 0 0 0 0 0 0 0 0 0 0 0 0 0 0 0 0 0 0 72 83 91 95 97 103 105 104 104 104 105 105 106 106 107 107 106 106 106 106 106 106 106 106 105 105 105 105 106 107 101 100 97 90 73 0 0 0 0 0 0 0 0 0 0 0 67 67 69 71 74 78 82 86 90 
71 73 74 73 72 72 72 72 72 73 73 73 74 74 73 72 71 71 69 69 71 72 73 75 76 76 77 77 78 78 78 77 73 71 69 64 0 0 0 0 0 0 0 0 0 0 0 0 0 0 0 0 0 0 0 0 0 0 0 0 0 0 0 45 45 45 45 0 0 70 77 83 85 87 91 93 92 92 92 92 91 84 83 79 72 58 0 0 0 0 0 0 0 0 0 0 0 0 0 0 0 0 0 0 0 0 0 0 0 0 0 0 0 0 0 0 0 0 0 0 0 70 82 90 94 96 103 105 105 104 104 105 105 105 106 106 107 106 106 106 106 106 106 106 106 105 105 104 105 106 107 102 101 99 93 77 0 0 0 0 0 0 0 0 0 0 0 68 67 69 71 73 77 81 86 88 
70 77 73 73 72 71 72 72 71 72 72 73 73 73 72 71 70 69 66 67 69 70 72 75 76 76 76 76 77 78 78 76 74 72 69 65 0 0 0 0 0 0 0 0 0 0 0 0 0 0 0 0 0 0 0 0 0 0 0 0 0 0 49 48 48 48 47 46 0 72 78 83 86 87 91 93 92 92 92 92 91 84 83 79 72 57 0 0 0 0 0 0 0 0 0 0 0 0 0 0 0 0 0 0 0 0 0 0 0 0 0 0 0 0 0 0 0 0 0 0 0 69 80 89 93 95 102 105 104 104 104 104 105 106 106 106 107 106 106 106 106 105 105 105 105 104 104 105 105 106 107 102 100 97 91 76 0 0 0 0 0 0 0 0 0 0 0 66 67 69 70 72 76 80 85 83 
73 78 72 72 72 71 71 71 71 72 72 72 72 72 71 70 68 66 63 64 67 70 72 75 75 75 76 76 77 78 78 76 75 73 70 65 0 0 0 0 0 0 0 0 0 0 0 0 0 0 0 0 0 0 0 0 0 0 0 0 0 49 50 48 48 48 47 44 0 66 78 83 86 87 91 93 92 92 92 92 91 84 82 79 72 56 0 0 0 0 0 0 0 0 0 0 0 0 0 0 0 0 0 0 0 0 0 0 0 0 0 0 0 0 0 0 0 0 0 0 0 66 78 87 92 94 102 104 104 104 104 104 105 106 106 106 106 105 105 105 106 105 104 104 104 104 104 104 105 105 107 102 99 97 92 76 0 0 0 0 0 0 0 0 0 0 0 67 67 69 70 73 76 80 86 88 
68 72 72 72 72 71 71 71 71 71 72 72 72 72 71 69 67 65 62 64 67 70 72 75 75 75 75 76 77 78 78 76 75 74 71 66 0 0 0 0 0 0 0 0 0 0 0 0 0 0 0 0 0 0 0 0 0 0 0 0 0 49 50 48 48 48 47 44 0 66 79 84 86 87 91 92 92 92 92 92 91 84 82 78 71 55 0 0 0 0 0 0 0 0 0 0 0 0 0 0 0 0 0 0 0 0 0 0 0 0 0 0 0 0 0 0 0 0 0 0 0 61 75 85 90 93 101 104 104 104 104 104 105 105 105 105 105 105 105 105 105 104 104 104 103 103 103 103 104 104 106 103 98 95 91 75 0 0 0 0 0 0 0 0 0 0 0 0 66 69 70 72 75 79 87 87 
72 73 71 71 71 70 70 71 71 71 71 71 72 72 71 70 68 66 64 66 68 71 73 75 75 75 75 75 76 77 77 75 75 74 71 65 0 0 0 0 0 0 0 0 0 0 0 0 0 0 0 0 0 0 0 0 0 0 0 0 0 49 50 49 48 49 48 45 0 63 77 82 85 86 91 92 92 92 92 92 91 83 81 77 71 55 0 0 0 0 0 0 0 0 0 0 0 0 0 0 0 0 0 0 0 0 0 0 0 0 0 0 0 0 0 0 0 0 0 0 0 56 73 83 88 91 100 103 103 104 104 104 105 105 104 104 104 104 104 105 105 104 103 103 102 102 102 103 103 104 106 103 96 94 89 75 0 0 0 0 0 0 0 0 0 0 0 0 66 68 68 71 74 79 83 85 
70 66 70 70 70 70 70 70 71 70 71 71 71 71 70 70 68 67 66 68 69 72 73 75 75 75 75 76 76 77 77 75 75 74 73 67 0 0 0 0 0 0 0 0 0 0 0 0 0 0 0 0 0 0 0 0 0 0 0 0 0 50 51 50 49 49 47 45 0 61 76 81 84 85 91 92 92 92 92 92 90 83 81 78 71 56 0 0 0 0 0 0 0 0 0 0 0 0 0 0 0 0 0 0 0 0 0 0 0 0 0 0 0 0 0 0 0 0 0 0 0 54 73 83 89 92 100 103 103 104 104 105 105 105 104 104 104 104 103 104 104 104 103 103 102 102 102 102 103 103 105 103 94 92 88 75 55 0 0 0 0 0 0 0 0 0 0 0 65 67 68 70 73 77 81 90 
76 73 70 70 70 70 70 70 70 70 70 71 71 71 71 71 69 69 69 70 71 73 73 74 74 75 75 76 76 77 77 75 75 74 73 68 0 0 0 0 0 0 0 0 0 0 0 0 0 0 0 0 0 0 0 0 0 0 0 0 0 0 0 49 48 47 45 0 0 58 75 80 83 85 91 92 92 92 92 91 90 83 81 77 71 55 0 0 0 0 0 0 0 0 0 0 0 0 0 0 0 0 0 0 0 0 0 0 0 0 0 0 0 0 0 0 0 0 0 0 0 0 74 85 90 93 100 103 103 104 104 104 104 105 104 103 103 104 103 104 104 104 103 103 102 101 101 101 102 102 104 103 96 94 90 79 60 0 0 0 0 0 0 0 0 0 0 0 64 67 68 70 73 78 80 88 
71 66 69 69 69 69 70 70 70 70 70 71 71 71 71 71 70 70 70 71 71 72 73 74 75 75 76 76 76 76 76 75 74 74 72 68 0 0 0 0 0 0 0 0 0 0 0 0 0 0 0 0 0 0 0 0 0 0 0 0 0 0 0 0 0 0 0 0 0 62 75 81 83 85 91 91 91 91 91 91 90 82 80 77 70 55 0 0 0 0 0 0 0 0 0 0 0 0 0 0 0 0 0 0 0 0 0 0 0 0 0 0 0 0 0 0 0 0 0 0 0 0 75 86 91 94 99 103 103 104 104 104 104 104 104 103 103 104 103 104 104 104 103 103 102 101 101 101 102 102 104 104 95 93 90 79 60 0 0 0 0 0 0 0 0 0 0 0 65 67 68 70 73 77 78 89 
68 68 69 68 68 68 69 69 70 69 70 70 70 70 71 71 71 71 72 72 72 73 73 74 74 75 75 76 76 76 76 74 74 73 71 67 0 0 0 0 0 0 0 0 0 0 0 0 0 0 0 0 0 0 0 0 0 0 0 0 0 0 0 0 0 0 0 0 0 62 75 80 83 85 91 91 91 91 91 91 90 83 81 78 71 56 0 0 0 0 0 0 0 0 0 0 0 0 0 0 0 0 0 0 0 0 0 0 0 0 0 0 0 0 0 0 0 0 0 0 0 0 78 89 94 96 99 103 103 104 104 105 105 105 104 104 103 104 104 104 104 104 103 103 101 101 100 101 102 102 104 104 96 95 91 82 64 0 0 0 0 0 0 0 0 0 0 0 65 66 67 69 71 75 78 85 
71 70 69 68 68 68 69 69 69 69 70 70 70 70 71 71 71 71 72 72 72 73 73 74 74 75 76 77 77 77 77 74 73 72 70 65 0 0 0 0 0 0 0 0 0 0 0 0 0 0 0 0 0 0 0 0 0 0 0 0 0 0 0 0 0 0 0 0 0 64 76 81 84 85 91 91 91 91 91 91 90 82 81 77 71 56 0 0 0 0 0 0 0 0 0 0 0 0 0 0 0 0 0 0 0 0 0 0 0 0 0 0 0 0 0 0 0 0 0 0 0 0 83 92 96 98 99 103 103 103 104 105 105 104 104 104 103 104 104 104 104 104 104 103 102 101 101 101 102 103 104 105 98 97 94 87 69 0 0 0 0 0 0 0 0 0 0 0 65 67 67 69 71 75 74 85 
69 71 68 68 68 68 69 69 69 69 69 70 70 70 71 71 71 71 72 72 72 73 73 74 74 76 76 76 77 77 77 74 72 71 68 61 0 0 0 0 0 0 0 0 0 0 0 0 0 0 0 0 0 0 0 0 0 0 0 0 0 0 0 0 0 0 0 0 0 66 77 82 84 86 91 92 92 91 91 91 90 82 80 77 70 55 0 0 0 0 0 0 0 0 0 0 0 0 0 0 0 0 0 0 0 0 0 0 0 0 0 0 0 0 0 0 0 0 0 0 0 0 75 87 92 95 98 102 103 103 103 104 104 104 104 104 104 104 104 104 105 105 104 103 102 101 100 101 101 102 104 105 99 98 96 90 74 0 0 0 0 0 0 0 0 0 0 0 64 67 67 69 71 75 77 84 
76 67 68 68 68 68 69 69 69 69 69 69 69 70 70 70 71 71 71 72 72 72 73 74 75 75 76 76 76 77 77 73 72 70 66 58 0 0 0 0 0 0 0 0 0 0 0 0 0 0 0 0 0 0 0 0 0 0 0 0 0 0 0 0 0 0 0 0 0 67 77 82 84 86 91 92 92 91 91 91 89 82 80 77 70 55 0 0 0 0 0 0 0 0 0 0 0 0 0 0 0 0 0 0 0 0 0 0 0 0 0 0 0 0 0 0 0 0 0 0 0 0 75 87 93 95 98 103 103 103 103 104 104 104 104 104 103 104 104 104 104 104 104 103 102 102 101 101 101 102 104 105 100 99 97 92 76 0 0 0 0 0 0 0 0 0 0 0 65 66 66 68 70 74 76 84 
65 72 68 68 68 67 68 68 68 69 68 69 69 69 70 70 71 71 72 72 72 73 74 74 74 75 75 76 76 77 77 73 71 69 65 56 0 0 0 0 0 0 0 0 0 0 0 0 0 0 0 0 0 0 0 0 0 0 0 0 0 0 0 0 0 0 0 0 0 68 78 82 85 86 91 92 92 92 91 91 90 83 81 78 71 57 0 0 0 0 0 0 0 0 0 0 0 0 0 0 0 0 0 0 0 0 0 0 0 0 0 0 0 0 0 0 0 0 0 0 0 0 73 86 92 94 98 103 103 103 103 104 104 104 104 104 104 103 104 104 104 104 104 103 102 101 100 100 101 102 104 105 101 100 98 93 78 0 0 0 0 0 0 0 0 0 0 0 63 65 65 67 69 74 85 86 
69 63 67 67 67 67 68 68 68 68 68 69 69 69 70 71 71 71 72 72 72 73 74 74 75 75 75 75 76 77 77 72 71 69 64 53 0 0 0 0 0 0 0 0 0 0 0 0 0 0 0 0 0 0 0 0 0 0 0 0 0 0 0 0 0 0 0 0 0 69 79 83 86 87 92 92 92 92 92 91 90 83 81 77 71 56 0 0 0 0 0 0 0 0 0 0 0 0 0 0 0 0 0 0 0 0 0 0 0 0 0 0 0 0 0 0 0 0 0 0 0 0 72 85 91 94 97 102 102 102 103 104 104 104 104 103 104 103 104 104 104 104 104 103 102 101 101 100 101 102 104 105 101 100 99 94 79 0 0 0 0 0 0 0 0 0 0 0 64 65 66 68 70 74 76 83 
66 66 67 67 67 67 68 68 68 68 68 69 69 69 70 70 71 70 71 72 72 73 74 74 74 75 75 75 76 76 76 72 71 69 65 53 0 0 0 0 0 0 0 0 0 0 0 0 0 0 0 0 0 0 0 0 0 0 0 0 0 0 0 0 0 0 0 0 0 70 79 83 85 87 91 91 92 92 92 92 91 83 81 78 71 57 0 0 0 0 0 0 0 0 0 0 0 0 0 0 0 0 0 0 0 0 0 0 0 0 0 0 0 0 0 0 0 0 0 0 0 0 70 84 90 93 97 102 103 103 103 104 104 104 104 103 104 103 103 103 103 103 103 102 101 101 101 101 101 102 104 105 101 101 100 96 81 0 0 0 0 0 0 0 0 0 0 0 63 64 66 67 70 74 83 82 
68 68 67 67 68 67 68 68 68 68 68 69 69 69 69 70 71 71 71 72 73 73 73 74 74 74 75 75 76 76 76 72 71 69 65 52 0 0 0 0 0 0 0 0 0 0 0 0 0 0 0 0 0 0 0 0 0 0 0 0 0 0 0 0 0 0 0 0 0 71 80 84 86 87 91 91 91 92 92 91 90 83 81 77 71 58 0 0 0 0 0 0 0 0 0 0 0 0 0 0 0 0 0 0 0 0 0 0 0 0 0 0 0 0 0 0 0 0 0 0 0 0 74 87 92 95 96 102 103 103 104 104 104 104 104 103 104 103 103 103 103 102 102 102 101 101 101 101 102 103 104 106 102 101 100 96 81 0 0 0 0 0 0 0 0 0 0 0 63 64 66 67 70 73 81 84 
64 63 67 67 67 67 67 67 67 68 68 68 69 69 69 70 70 71 71 72 72 73 73 73 74 75 75 76 76 76 76 73 72 70 66 0 0 0 0 0 0 0 0 0 0 0 0 0 0 0 0 0 0 0 0 0 0 0 0 0 0 0 0 0 0 0 0 0 0 72 81 84 86 87 91 91 92 92 92 92 91 84 81 78 72 59 0 0 0 0 0 0 0 0 0 0 0 0 0 0 0 0 0 0 0 0 0 0 0 0 0 0 0 0 0 0 0 0 0 0 0 0 73 86 91 94 96 102 103 103 104 104 104 104 104 103 104 103 103 103 103 103 103 102 101 101 101 101 102 103 104 106 102 100 98 93 78 0 0 0 0 0 0 0 0 0 0 0 62 64 66 67 70 74 77 81 
67 70 66 67 67 67 67 67 67 68 68 68 69 70 69 70 70 70 70 71 72 73 73 74 74 75 75 76 76 76 75 73 73 71 67 0 0 0 0 0 0 0 0 0 0 0 0 0 0 0 0 0 0 0 0 0 0 0 0 0 0 0 0 0 0 0 0 0 0 72 81 85 86 87 91 91 91 92 91 91 90 83 79 75 68 54 0 0 0 0 0 0 0 0 0 0 0 0 0 0 0 0 0 0 0 0 0 0 0 0 0 0 0 0 0 0 0 0 0 0 0 0 72 84 91 94 95 102 103 104 104 104 104 104 104 103 104 103 103 103 103 103 102 102 101 101 101 101 102 103 104 106 103 98 97 92 78 0 0 0 0 0 0 0 0 0 0 0 62 64 66 67 69 73 78 80 
67 68 67 67 66 67 66 67 66 67 67 68 68 69 68 69 69 70 70 71 72 72 73 74 74 75 75 75 76 76 75 74 73 71 68 0 0 0 0 0 0 0 0 0 0 0 0 0 0 0 0 0 0 0 0 0 0 0 0 0 0 0 0 0 0 0 0 0 0 72 81 84 86 87 91 91 91 91 91 91 90 83 79 75 67 53 0 0 0 0 0 0 0 0 0 0 0 0 0 0 0 0 0 0 0 0 0 0 0 0 0 0 0 0 0 0 0 0 0 0 0 0 70 84 91 93 95 102 104 104 104 104 105 104 104 104 104 103 103 103 103 102 102 101 101 101 101 102 102 103 104 106 104 98 96 91 78 0 0 0 0 0 0 0 0 0 0 0 60 63 64 66 69 73 79 81 
63 64 67 67 66 66 66 66 66 67 67 68 68 69 69 69 70 70 70 71 72 73 73 74 74 75 75 76 76 76 74 74 73 72 68 0 0 0 0 0 0 0 0 0 0 0 0 0 0 0 0 0 0 0 0 0 0 0 0 0 0 0 0 0 0 0 0 0 0 72 81 85 87 88 91 91 91 91 91 91 90 82 78 74 66 51 0 0 0 0 0 0 0 0 0 0 0 0 0 0 0 0 0 0 0 0 0 0 0 0 0 0 0 0 0 0 0 0 0 0 0 0 69 83 91 94 96 103 104 104 105 105 105 104 104 104 104 104 103 103 103 103 103 102 101 101 101 101 102 103 104 106 104 96 94 89 77 58 0 0 0 0 0 0 0 0 0 0 60 63 64 65 68 72 77 84 
67 74 67 67 66 66 66 66 66 67 67 68 68 69 69 69 69 70 70 71 72 73 73 74 74 74 74 75 76 76 75 74 73 72 67 0 0 0 0 0 0 0 0 0 0 0 0 0 0 0 0 0 0 0 0 0 0 0 0 0 0 0 0 0 0 0 0 0 0 73 81 85 87 88 91 91 91 91 91 91 90 82 78 74 66 50 0 0 0 0 0 0 0 0 0 0 0 0 0 0 0 0 0 0 0 0 0 0 0 0 0 0 0 0 0 0 0 0 0 0 0 0 68 82 90 93 96 102 104 104 104 104 104 104 104 104 104 104 104 103 103 103 102 102 101 102 102 101 102 102 103 105 104 95 93 89 78 59 0 0 0 0 0 0 0 0 0 0 60 62 64 65 68 72 78 87 
69 71 67 67 66 66 66 66 66 67 67 68 69 69 69 69 70 70 71 71 72 73 73 73 74 74 74 75 76 76 74 74 73 71 66 0 0 0 0 0 0 0 0 0 0 0 0 0 0 0 0 0 0 0 0 0 0 0 0 0 0 0 0 0 0 0 0 0 0 74 82 85 87 88 91 91 91 91 91 91 90 82 78 73 65 49 0 0 0 0 0 0 0 0 0 0 0 0 0 0 0 0 0 0 0 0 0 0 0 0 0 0 0 0 0 0 0 0 0 0 0 0 68 82 90 93 96 103 104 105 105 105 104 104 103 103 103 103 104 104 103 103 102 102 102 102 102 101 102 102 103 105 104 96 94 90 80 61 0 0 0 0 0 0 0 0 0 0 0 62 63 65 67 71 73 84 
67 70 67 67 66 66 66 66 66 67 68 68 69 69 69 69 70 70 71 71 72 73 73 73 74 74 75 76 76 77 75 74 73 71 66 0 0 0 0 0 0 0 0 0 0 0 0 0 0 0 0 0 0 0 0 0 0 0 0 0 0 0 0 0 0 0 0 0 0 69 78 82 84 88 91 91 91 91 92 92 90 82 80 76 68 51 0 0 0 0 0 0 0 0 0 0 0 0 0 0 0 0 0 0 0 0 0 0 0 0 0 0 0 0 0 0 0 0 0 0 0 0 67 82 90 94 96 103 104 105 105 105 104 104 104 103 103 104 104 104 103 103 103 102 102 102 102 102 102 102 103 105 105 97 96 92 83 63 0 0 0 0 0 0 0 0 0 0 0 62 63 65 67 71 78 75 
67 65 66 67 66 66 67 67 67 67 68 69 69 69 70 70 70 70 71 71 72 73 73 73 74 74 75 75 76 76 75 74 73 71 66 0 0 0 0 0 0 0 0 0 0 0 0 0 0 0 0 0 0 0 0 0 0 0 0 0 0 0 0 0 0 0 0 0 0 70 78 82 84 88 91 91 92 92 92 92 91 83 78 74 65 49 0 0 0 0 0 0 0 0 0 0 0 0 0 0 0 0 0 0 0 0 0 0 0 0 0 0 0 0 0 0 0 0 0 0 0 0 67 83 90 94 96 104 105 105 105 104 104 104 104 104 104 104 104 104 103 103 103 102 102 102 101 101 101 102 103 105 105 98 97 93 85 66 0 0 0 0 0 0 0 0 0 0 0 62 63 65 67 71 74 84 
64 68 66 66 66 66 67 67 66 67 67 68 68 69 69 70 70 70 71 71 72 73 74 73 74 74 74 75 76 76 74 74 74 71 66 0 0 0 0 0 0 0 0 0 0 0 0 0 0 0 0 0 0 0 0 0 0 0 0 0 0 0 0 0 0 0 0 0 0 67 75 80 82 88 91 92 92 92 92 93 92 83 77 72 64 48 0 0 0 0 0 0 0 0 0 0 0 0 0 0 0 0 0 0 0 0 0 0 0 0 0 0 0 0 0 0 0 0 0 0 0 0 66 82 90 94 96 103 105 105 105 105 105 105 105 104 104 104 104 104 103 103 103 102 102 102 101 101 101 102 103 105 105 99 97 94 86 68 0 0 0 0 0 0 0 0 0 0 0 61 62 64 67 70 71 84 
64 65 65 66 66 66 66 67 66 66 67 67 68 69 70 70 70 70 71 71 72 73 74 73 74 74 75 75 76 76 74 74 73 70 64 0 0 0 0 0 0 0 0 0 0 0 0 0 0 0 0 0 0 0 0 0 0 0 0 0 0 0 0 0 0 0 0 0 0 63 73 78 81 88 91 92 92 92 93 93 92 84 76 71 63 47 0 0 0 0 0 0 0 0 0 0 0 0 0 0 0 0 0 0 0 0 0 0 0 0 0 0 0 0 0 0 0 0 0 0 0 0 65 83 90 94 96 104 105 105 105 106 105 105 105 104 104 104 104 104 103 103 103 102 102 101 101 101 101 102 103 105 106 99 98 95 88 70 0 0 0 0 0 0 0 0 0 0 0 61 62 63 66 70 75 86 
66 65 65 65 65 65 66 66 66 66 66 67 68 69 69 70 70 70 71 71 72 72 74 73 74 74 74 74 76 76 73 73 72 69 64 0 0 0 0 0 0 0 0 0 0 0 0 0 0 0 0 0 0 0 0 0 0 0 0 0 0 0 0 0 0 0 0 0 39 61 73 78 81 88 91 92 92 93 93 93 92 84 75 70 61 47 38 0 0 0 0 0 0 0 0 0 0 0 0 0 0 0 0 0 0 0 0 0 0 0 0 0 0 0 0 0 0 0 0 0 0 0 61 79 87 91 96 104 105 105 105 106 106 105 105 105 105 105 104 104 104 103 103 102 102 101 101 101 101 102 104 105 106 100 99 96 90 73 0 0 0 0 0 0 0 0 0 0 0 0 61 63 66 70 71 77 
63 73 64 65 65 65 66 66 66 66 66 67 67 69 69 70 70 70 71 72 72 73 74 73 74 74 74 75 76 76 74 73 72 70 62 0 0 0 0 0 0 0 0 0 0 0 0 0 0 0 0 0 0 0 0 0 0 0 0 0 0 0 0 0 0 0 0 0 39 61 73 79 81 89 92 92 92 93 93 93 92 85 74 69 60 47 39 0 0 0 0 0 0 0 0 0 0 0 0 0 0 0 0 0 0 0 0 0 0 0 0 0 0 0 0 0 0 0 0 0 0 0 58 76 85 89 96 104 105 105 105 106 106 106 106 105 105 105 104 104 103 103 103 102 102 101 101 101 101 102 104 105 106 101 100 97 91 76 0 0 0 0 0 0 0 0 0 0 0 0 60 62 65 70 74 83 
63 63 64 64 65 65 66 66 66 65 66 66 67 68 69 70 70 70 71 72 72 73 74 73 74 74 75 75 76 76 74 73 72 70 63 0 0 0 0 0 0 0 0 0 0 0 0 0 0 0 0 0 0 0 0 0 0 0 0 0 0 0 0 0 0 0 0 0 39 59 72 77 80 89 92 92 92 93 93 93 92 85 74 69 61 47 39 0 0 0 0 0 0 0 0 0 0 0 0 0 0 0 0 0 0 0 0 0 0 0 0 0 0 0 0 0 0 0 0 0 0 0 56 73 82 87 96 104 105 105 106 106 107 107 106 106 105 105 105 104 104 103 102 102 101 101 101 101 101 102 104 105 106 101 99 97 91 74 0 0 0 0 0 0 0 0 0 0 0 0 0 60 64 69 68 79 
67 66 64 64 65 65 66 66 66 66 66 67 68 69 69 70 70 70 71 71 72 72 73 73 73 74 75 75 76 76 74 73 72 70 64 0 0 0 0 0 0 0 0 0 0 0 0 0 0 0 0 0 0 0 0 0 0 0 0 0 0 0 0 0 0 0 0 0 39 59 72 78 81 90 92 93 93 93 93 93 92 85 74 69 61 48 41 0 0 0 0 0 0 0 0 0 0 0 0 0 0 0 0 0 0 0 0 0 0 0 0 0 0 0 0 0 0 0 0 0 0 0 55 73 82 87 96 104 106 106 106 106 107 107 106 106 105 105 105 104 104 103 102 102 102 101 101 101 101 102 103 105 106 100 99 97 91 73 0 0 0 0 0 0 0 0 0 0 0 0 0 0 65 72 61 80 
68 61 64 64 65 65 66 66 66 66 66 66 67 68 69 70 70 70 71 71 72 73 73 73 74 74 75 75 76 76 74 73 72 71 65 0 0 0 0 0 0 0 0 0 0 0 0 0 0 0 0 0 0 0 0 0 0 0 0 0 0 0 0 0 0 0 0 0 39 60 73 78 81 90 93 93 93 93 93 93 92 84 74 69 61 49 42 0 0 0 0 0 0 0 0 0 0 0 0 0 0 0 0 0 0 0 0 0 0 0 0 0 0 0 0 0 0 0 0 0 0 0 55 72 82 87 96 105 106 106 106 106 107 107 106 105 105 105 104 104 104 103 102 102 102 102 102 102 101 102 103 104 106 100 99 97 91 72 0 0 0 0 0 0 0 0 0 0 0 0 0 0 0 72 60 79 
62 63 65 65 65 66 66 66 66 66 66 67 67 68 69 70 70 70 71 71 72 72 73 73 74 75 75 76 76 77 75 74 73 72 68 0 0 0 0 0 0 0 0 0 0 0 0 0 0 0 0 0 0 0 0 0 0 0 0 0 0 0 0 0 0 0 0 0 40 61 71 77 80 91 93 93 93 92 92 92 91 84 74 69 62 49 43 0 0 0 0 0 0 0 0 0 0 0 0 0 0 0 0 0 0 0 0 0 0 0 0 0 0 0 0 0 0 0 0 0 0 0 55 72 82 87 96 105 107 107 107 107 107 107 106 106 105 105 104 104 103 103 102 102 101 101 101 101 101 102 103 105 106 100 99 97 90 69 0 0 0 0 0 0 0 0 0 0 0 0 0 0 0 72 0 71 
63 65 65 65 66 66 66 67 67 66 66 66 67 68 69 70 70 71 71 71 71 72 73 73 74 75 75 76 76 76 74 74 73 72 69 0 0 0 0 0 0 0 0 0 0 0 0 0 0 0 0 0 0 0 0 0 0 0 0 0 0 0 0 0 0 0 0 0 40 61 71 76 80 91 92 93 93 93 92 93 91 84 75 70 62 50 43 0 0 0 0 0 0 0 0 0 0 0 0 0 0 0 0 0 0 0 0 0 0 0 0 0 0 0 0 0 0 0 0 0 0 0 54 72 82 87 96 105 107 107 107 107 107 107 106 106 106 105 104 104 103 102 102 102 101 101 101 101 101 102 102 104 106 99 98 96 89 67 0 0 0 0 0 0 0 0 0 0 0 0 0 0 0 72 0 77 
64 68 64 65 66 66 66 67 67 67 67 67 68 69 69 70 70 71 71 71 72 73 73 74 74 75 75 75 76 76 74 74 73 71 67 0 0 0 0 0 0 0 0 0 0 0 0 0 0 0 0 0 0 0 0 0 0 0 0 0 0 0 0 0 0 0 0 0 40 61 71 76 79 90 92 93 93 93 93 93 91 84 75 70 62 51 44 0 0 0 0 0 0 0 0 0 0 0 0 0 0 0 0 0 0 0 0 0 0 0 0 0 0 0 0 0 0 0 0 0 0 0 55 72 82 87 96 105 107 107 107 108 107 107 106 105 105 104 104 104 103 103 103 102 101 101 101 101 102 102 103 105 106 99 99 97 90 69 0 0 0 0 0 0 0 0 0 0 0 0 0 0 0 72 0 78 
58 70 64 65 65 65 66 66 66 66 66 67 68 68 69 70 70 70 71 72 72 73 73 74 74 75 75 76 76 76 74 74 73 70 66 0 0 0 0 0 0 0 0 0 0 0 0 0 0 0 0 0 0 0 0 0 0 0 0 0 0 0 39 39 39 0 0 0 41 62 71 76 79 90 92 93 93 93 93 93 92 85 75 70 63 50 43 0 0 0 0 0 0 0 0 0 0 0 0 0 0 0 0 0 0 0 0 0 0 0 0 0 0 0 0 0 0 0 0 0 0 45 53 70 80 85 96 105 107 107 107 107 107 107 106 105 105 104 104 104 103 103 103 101 101 101 101 101 102 102 103 105 107 100 100 98 93 70 0 0 0 0 0 0 0 0 0 0 0 0 0 0 0 71 63 77 
64 60 65 66 66 66 66 66 66 66 67 67 68 68 69 70 70 71 71 72 72 72 73 73 74 74 75 76 76 77 74 74 73 70 65 0 0 0 0 0 0 0 0 0 0 0 0 0 0 0 0 0 0 0 0 0 0 0 0 0 0 0 39 39 39 0 0 0 41 62 71 76 79 90 92 92 93 93 93 93 92 85 76 71 64 52 45 0 0 0 0 0 0 0 0 0 0 0 0 0 0 0 0 0 0 0 0 0 0 0 0 0 0 0 0 0 0 0 0 0 0 44 52 68 78 84 96 105 107 107 107 107 107 107 106 106 105 105 105 104 103 103 103 101 101 101 101 101 101 102 103 104 107 101 101 99 94 73 0 0 0 0 0 0 0 0 0 0 0 0 0 0 60 70 58 78 
62 65 64 65 65 66 66 67 67 67 67 68 68 69 69 70 70 70 70 71 71 72 73 73 73 74 74 75 76 76 73 73 71 68 61 0 0 0 0 0 0 0 0 0 0 0 0 0 0 0 0 0 0 0 0 0 0 0 0 0 0 0 39 39 39 0 0 0 42 62 71 76 79 89 91 92 93 93 93 94 93 87 77 73 66 53 46 0 0 0 0 0 0 0 0 0 0 0 0 0 0 0 0 0 0 0 0 0 0 0 0 0 0 0 0 0 0 0 0 0 0 45 52 68 78 84 96 105 107 107 107 107 107 107 106 106 105 105 104 104 104 104 103 102 102 101 101 101 101 102 102 104 106 101 101 99 95 75 0 0 0 0 0 0 0 0 0 0 0 0 0 0 61 69 62 73 
65 69 64 65 65 66 66 66 66 66 67 68 68 69 69 70 70 70 70 71 71 72 72 73 74 74 75 75 76 76 73 73 71 68 59 0 0 0 0 0 0 0 0 0 0 0 0 0 0 0 0 0 0 0 0 0 0 0 0 0 0 0 39 39 39 0 0 0 42 63 72 77 80 90 92 92 93 93 93 94 94 87 78 74 67 54 47 0 0 0 0 0 0 0 0 0 0 0 0 0 0 0 0 0 0 0 0 0 0 0 0 0 0 0 0 0 0 0 0 0 0 46 53 68 78 84 96 105 106 107 107 107 107 107 106 106 105 105 104 104 103 103 103 102 102 101 101 101 101 102 103 104 106 102 101 100 97 78 0 0 0 0 0 0 0 0 0 0 0 0 0 0 63 70 59 79 
67 63 64 65 65 66 65 66 66 66 66 67 67 68 69 69 70 70 70 70 71 71 72 73 74 74 75 76 76 76 73 72 71 68 60 0 0 0 0 0 0 0 0 0 0 0 0 0 0 0 0 0 0 0 0 0 0 0 0 0 0 0 37 37 37 0 0 0 44 63 73 77 81 91 93 93 94 94 94 94 95 89 79 75 68 56 47 0 0 0 0 0 0 0 0 0 0 0 47 47 47 47 0 0 0 0 0 0 0 0 0 0 0 0 0 0 0 0 0 0 0 45 52 68 77 83 96 105 106 107 107 107 107 107 106 106 106 105 104 104 103 103 103 102 102 102 101 101 100 101 102 104 106 103 102 101 97 80 0 0 0 0 0 0 0 0 0 0 0 0 0 0 65 71 65 72 
62 62 64 65 65 66 66 66 66 66 66 67 67 68 68 69 70 71 71 71 71 72 72 73 75 75 75 75 75 75 72 71 70 68 59 0 0 0 0 0 0 0 0 0 0 0 0 0 0 0 0 0 0 0 0 0 0 0 0 0 0 0 0 0 0 0 0 0 43 63 73 78 81 91 93 93 94 94 94 95 95 89 80 76 70 57 48 0 0 0 0 0 0 0 0 0 0 44 50 50 50 50 0 0 0 0 0 0 0 0 0 0 0 0 0 0 0 0 0 0 0 46 53 68 77 83 96 105 106 107 107 107 107 107 106 106 106 105 104 104 103 102 103 102 101 101 101 100 101 101 103 104 107 103 102 101 98 82 0 0 0 0 0 0 0 0 0 0 0 0 0 0 65 72 72 78 
65 64 65 65 66 66 66 66 66 66 66 67 67 68 68 69 70 70 70 70 71 72 73 74 75 75 76 75 75 75 72 71 70 67 60 0 0 0 0 0 0 0 0 0 0 0 0 0 0 0 0 0 0 0 0 0 0 0 0 0 0 0 0 0 0 0 0 0 44 63 73 78 81 91 93 94 94 95 95 95 96 90 81 78 71 59 50 0 0 0 0 0 0 0 0 0 0 43 54 53 52 52 59 0 0 0 0 0 0 0 0 0 0 0 0 0 0 0 0 0 0 46 53 68 77 83 95 104 106 107 107 107 108 107 106 106 105 105 104 104 103 103 103 102 101 101 101 100 101 101 102 104 106 102 102 101 98 82 0 0 0 0 0 0 0 0 0 0 0 0 0 0 67 72 65 82 
67 61 65 65 65 66 65 65 66 66 66 67 67 67 68 69 70 71 71 71 72 72 73 75 76 76 76 76 75 75 72 71 70 67 60 0 0 0 0 0 0 0 0 0 0 0 0 0 0 0 0 0 0 0 0 0 0 0 0 0 0 0 36 36 36 0 0 0 44 64 74 79 82 92 94 94 95 95 96 96 96 91 82 79 72 61 53 0 0 0 0 0 0 0 0 0 0 43 57 60 58 58 67 0 0 0 0 0 0 0 0 0 0 0 0 0 0 0 0 0 0 45 52 67 77 83 95 105 107 107 108 108 107 107 106 106 105 105 104 104 103 102 102 102 101 101 101 101 101 101 102 104 106 102 100 98 94 78 0 0 0 0 0 0 0 0 0 0 0 0 0 0 68 73 65 79 
70 63 65 65 65 66 65 66 66 66 66 67 67 68 68 69 70 70 70 71 72 72 73 75 76 76 76 76 76 75 72 71 69 66 60 0 0 0 0 0 0 0 0 0 0 0 0 0 0 0 0 0 0 0 0 0 0 0 0 0 0 0 37 37 37 0 0 0 44 64 74 79 82 92 94 95 95 96 96 97 97 91 83 77 71 60 51 0 0 0 0 0 0 0 0 0 0 41 58 62 60 62 67 64 0 0 0 0 0 0 0 0 0 0 0 0 0 0 0 0 0 43 51 67 76 82 95 105 107 107 108 108 107 107 106 105 105 105 104 103 103 102 102 101 101 101 101 101 101 101 102 103 106 102 100 98 94 78 0 0 0 0 0 0 0 0 0 0 0 0 0 0 67 72 67 74 
68 72 65 65 65 65 65 65 66 66 66 67 67 68 68 69 70 70 70 71 72 72 73 74 75 75 75 76 76 75 72 71 70 67 59 0 0 0 0 0 0 0 0 0 0 0 0 0 0 0 0 0 0 0 0 0 0 0 0 0 0 0 0 0 0 0 0 0 44 64 74 80 82 92 95 95 95 95 96 96 96 91 84 78 72 61 53 0 0 0 0 0 0 0 0 0 0 0 59 68 64 64 68 66 45 0 0 0 0 0 0 0 0 0 0 0 0 0 0 0 0 45 52 67 77 83 95 105 107 107 107 107 107 106 106 105 104 104 104 103 103 102 102 101 101 101 101 100 101 101 101 103 105 102 100 98 95 79 0 0 0 0 0 0 0 0 0 0 0 0 0 0 65 70 72 81 
64 64 65 65 65 65 65 65 66 65 66 66 67 68 68 69 69 69 70 71 72 72 73 74 75 75 75 76 76 76 73 72 70 66 58 0 0 0 0 0 0 0 0 0 0 0 0 0 0 0 0 0 0 0 0 0 0 0 0 0 0 0 0 0 0 0 0 0 46 65 74 80 83 92 95 95 95 95 96 97 97 92 84 77 70 60 51 0 0 0 0 0 0 0 0 0 0 0 57 75 70 71 73 77 53 0 0 0 0 0 0 0 0 0 0 0 0 0 0 0 0 46 52 67 77 83 95 105 107 107 107 107 106 106 105 105 105 105 104 103 103 102 102 101 101 100 100 100 100 100 101 102 105 101 97 95 91 75 0 0 0 0 0 0 0 0 0 0 0 0 0 0 66 69 65 73 
62 66 65 65 65 65 65 65 65 65 66 67 68 68 68 68 69 69 70 71 72 72 72 73 74 74 75 76 76 76 73 72 70 66 57 0 0 0 0 0 0 0 0 0 0 0 0 0 0 0 0 0 0 0 0 0 0 0 0 0 0 0 0 0 0 0 0 0 47 65 74 80 83 93 95 96 96 96 96 97 97 92 85 76 70 60 51 0 0 0 0 0 0 0 0 0 0 0 55 86 93 95 92 106 95 0 0 0 0 0 0 0 0 0 0 0 0 0 0 0 0 47 53 68 78 84 96 105 107 107 107 106 106 106 105 105 105 104 104 103 103 102 102 101 100 100 100 100 100 100 101 102 104 101 97 95 91 76 0 0 0 0 0 0 0 0 0 0 0 0 0 61 65 69 67 74 
62 63 64 65 65 65 65 66 66 66 66 67 68 68 68 68 69 69 70 71 72 72 72 73 73 74 74 75 76 76 72 72 70 67 58 0 0 0 0 0 0 0 0 0 0 0 0 0 0 0 0 0 0 0 0 0 0 0 0 0 0 0 0 0 0 0 0 0 47 65 74 80 83 93 96 97 96 96 96 97 97 92 86 78 72 64 59 53 0 0 0 0 0 0 0 0 0 0 53 129 125 160 154 179 158 188 0 0 0 0 0 0 0 0 0 0 0 0 0 0 0 55 57 70 79 85 95 105 106 106 106 106 106 106 105 105 105 104 104 104 103 102 102 101 100 100 99 99 100 100 101 101 104 101 98 97 94 79 0 0 0 0 0 0 0 0 0 0 0 0 0 60 63 67 70 73 
65 62 64 65 65 65 65 66 65 66 66 67 67 68 68 69 69 70 70 71 72 72 72 73 73 74 74 75 76 76 73 72 71 68 60 0 0 0 0 0 0 0 0 0 0 0 0 0 0 0 0 0 0 0 0 0 0 0 0 0 0 0 0 0 0 0 0 0 49 66 74 81 85 95 97 98 97 96 95 96 96 92 88 87 82 78 80 84 0 0 0 0 0 0 0 0 0 0 56 221 203 220 227 257 183 200 127 0 0 0 0 0 0 0 0 0 0 0 0 0 0 70 66 76 83 88 96 105 107 106 106 106 106 106 105 104 105 104 104 104 104 103 102 101 100 100 99 99 100 100 100 101 103 100 97 96 93 79 0 0 0 0 0 0 0 0 0 0 0 0 0 59 64 67 67 74 
61 65 64 65 65 66 65 65 65 65 66 67 67 68 68 68 69 70 70 71 72 73 72 73 74 74 74 75 76 76 72 72 70 66 58 0 0 0 0 0 0 0 0 0 0 0 0 0 0 0 0 0 0 0 0 0 0 0 0 0 0 0 0 0 0 0 0 0 48 65 74 81 87 98 100 102 100 97 96 97 96 92 90 90 84 81 84 85 0 0 0 0 0 0 0 0 0 0 58 273 259 281 283 307 205 211 129 47 0 0 0 0 0 0 0 0 0 0 0 0 0 82 74 81 87 90 96 105 106 107 106 106 106 105 105 104 104 104 104 104 103 102 102 101 100 99 99 99 99 99 100 100 102 99 96 95 92 77 0 0 0 0 0 0 0 0 0 0 0 0 0 60 64 67 71 75 
65 62 64 65 65 66 65 66 66 66 66 67 67 67 68 68 69 70 70 71 72 72 72 72 73 74 75 76 76 76 72 71 69 66 57 0 0 0 0 0 0 0 0 0 0 0 0 0 0 0 0 0 0 0 0 0 0 0 0 0 0 0 0 0 0 0 0 0 47 65 73 81 88 100 102 103 102 97 96 97 96 92 90 91 85 81 85 86 0 0 0 0 0 0 0 0 0 0 57 277 281 331 312 323 245 236 110 49 0 0 0 0 0 0 0 0 0 0 0 0 88 82 75 81 86 90 96 105 107 107 106 106 106 105 104 104 104 103 103 103 102 102 101 100 99 99 98 98 98 99 98 99 101 97 97 96 94 80 0 0 0 0 0 0 0 0 0 0 0 0 59 61 64 66 72 71 
62 63 65 65 65 66 66 66 66 66 66 66 67 67 68 68 69 70 70 71 72 72 72 72 73 74 74 75 76 76 72 71 69 66 58 0 0 0 0 0 0 0 0 0 0 0 0 0 0 0 0 0 0 0 0 0 0 0 0 0 0 0 0 0 0 0 0 0 45 64 73 80 88 100 102 103 102 97 96 96 97 92 89 92 86 83 88 93 0 0 0 0 0 0 0 0 0 0 60 288 277 334 314 297 212 211 100 47 46 0 0 0 0 0 0 0 0 0 0 0 88 82 74 80 86 90 95 104 106 107 106 106 106 105 104 104 103 103 102 101 100 98 96 95 94 94 93 93 93 94 94 95 97 93 93 92 89 75 0 0 0 0 0 0 0 0 0 0 0 0 59 61 64 67 69 73 
62 66 64 65 64 65 65 65 65 66 65 67 67 67 68 69 69 70 71 71 72 72 72 73 73 74 75 75 76 75 72 70 68 65 56 0 0 0 0 0 0 0 0 0 0 0 0 0 0 0 0 0 0 0 0 0 0 0 0 0 0 0 0 0 0 0 0 0 45 64 73 80 87 99 102 102 101 97 96 96 96 91 87 90 83 80 84 92 0 0 0 0 0 0 0 0 0 0 59 279 251 278 263 250 174 174 98 48 46 0 0 0 0 0 0 0 0 0 0 0 0 81 73 79 85 89 95 104 107 107 106 106 106 105 104 103 101 99 96 93 90 88 87 87 88 90 91 91 90 89 87 87 87 86 86 86 85 74 0 0 0 0 0 0 0 0 0 0 0 0 59 62 64 66 66 74 
65 65 64 64 64 65 65 65 65 65 65 67 67 67 68 69 69 70 71 71 72 72 73 73 74 74 75 75 75 75 71 70 68 64 56 0 0 0 0 0 0 0 0 0 0 0 0 0 0 0 0 0 0 0 0 0 0 0 0 0 0 0 0 0 0 0 0 0 44 63 72 78 86 97 100 101 100 97 96 96 96 91 84 82 75 68 66 0 0 0 0 0 0 0 0 0 0 0 0 205 177 221 191 183 153 156 77 47 0 0 0 0 0 0 0 0 0 0 0 0 0 70 66 75 82 87 95 104 106 106 105 105 105 104 102 99 97 95 92 89 86 84 83 83 84 87 89 89 87 86 84 84 84 83 82 83 82 0 0 0 0 0 0 0 0 0 0 0 0 0 59 62 64 67 70 76 
63 64 63 64 64 64 65 65 65 66 65 66 67 67 68 69 70 70 71 71 72 72 72 73 73 73 74 75 75 75 72 70 69 66 58 0 0 0 0 0 0 0 0 0 0 0 0 0 0 0 0 0 0 0 0 0 0 0 0 0 0 0 0 0 0 0 0 0 45 63 72 77 83 94 97 97 98 96 95 95 95 91 82 77 71 61 52 0 0 0 0 0 0 0 0 0 0 0 0 0 121 186 152 147 144 145 60 47 0 0 0 0 0 0 0 0 0 0 0 0 0 53 55 68 77 84 94 104 106 106 106 105 104 102 100 97 95 92 87 82 79 76 74 74 75 78 80 82 82 81 79 79 78 78 78 79 78 0 0 0 0 0 0 0 0 0 0 0 0 0 59 61 64 66 73 73 
64 62 63 63 63 64 65 65 65 65 65 66 67 68 68 69 70 70 71 71 72 72 73 73 74 74 74 75 75 75 72 71 69 66 59 0 0 0 0 0 0 0 0 0 0 0 0 0 0 0 0 0 0 0 0 0 0 0 0 0 0 0 0 0 0 0 0 0 45 63 72 77 81 92 95 96 96 95 95 96 95 90 82 78 72 61 53 0 0 0 0 0 0 0 0 0 0 0 0 0 72 105 95 92 92 94 69 0 0 0 0 0 0 0 0 0 0 0 0 0 0 48 52 66 76 82 94 104 106 106 105 105 103 101 99 95 90 85 80 77 75 74 72 70 69 69 67 68 68 66 63 64 64 65 66 68 0 0 0 0 0 0 0 0 0 0 0 0 0 58 59 62 64 66 69 77 
64 62 62 63 63 64 64 64 65 65 66 66 67 67 68 69 70 70 71 71 72 72 73 73 74 74 74 75 75 75 72 71 69 66 60 0 0 0 0 0 0 0 0 0 0 0 0 0 0 0 0 0 0 0 0 0 0 0 0 0 0 0 0 0 0 0 0 0 45 63 72 77 81 91 94 95 96 95 95 95 95 90 81 77 71 60 52 0 0 0 0 0 0 0 0 0 0 0 0 0 0 97 95 90 90 95 83 0 0 0 0 0 0 0 0 0 0 0 0 0 0 47 52 67 76 83 95 104 106 106 105 104 102 100 98 91 84 80 76 76 77 77 74 71 69 66 60 60 62 61 62 62 61 62 63 63 0 0 0 0 0 0 0 0 0 0 0 0 0 58 59 61 63 66 70 73 
60 63 62 63 64 64 64 64 64 65 65 66 66 67 68 68 69 70 71 71 71 72 73 73 74 74 74 75 75 75 72 71 70 67 61 0 0 0 0 0 0 0 0 0 0 0 0 0 0 0 0 0 0 0 0 0 0 0 0 0 0 0 0 0 0 0 0 0 45 63 71 77 80 90 94 95 95 95 95 95 95 90 81 77 71 60 51 0 0 0 0 0 0 0 0 0 0 0 0 0 0 85 90 83 83 86 81 0 0 0 0 0 0 0 0 0 0 0 0 0 0 47 52 67 76 82 94 104 105 105 104 104 100 97 93 85 79 81 82 86 89 88 83 79 75 68 62 67 73 73 75 74 73 74 73 0 0 0 0 0 0 0 0 0 0 0 0 0 0 58 60 61 63 65 73 71 
59 60 62 63 64 64 64 64 65 65 65 66 66 67 68 69 70 71 71 71 71 72 73 74 74 74 74 74 75 75 73 72 70 68 62 0 0 0 0 0 0 0 0 0 0 0 0 0 0 0 0 0 0 0 0 0 0 0 0 0 0 0 0 0 0 0 0 0 44 62 71 76 80 90 93 94 95 95 95 95 94 89 80 76 70 59 50 0 0 0 0 0 0 0 0 0 0 0 0 0 0 0 84 75 75 75 74 0 0 0 0 0 0 0 0 0 0 0 0 0 0 45 51 66 75 82 93 103 105 105 104 103 99 96 91 86 81 85 87 90 91 88 83 79 73 67 67 73 78 79 80 78 77 77 75 70 0 0 0 0 0 0 0 0 0 0 0 0 0 59 61 61 63 65 65 79 
62 58 63 63 64 64 64 64 64 65 65 66 66 67 68 68 70 71 71 71 72 72 73 73 74 74 74 74 75 75 72 72 70 68 61 0 0 0 0 0 0 0 0 0 0 0 0 0 0 0 0 0 0 0 0 0 0 0 0 0 0 0 0 0 0 0 0 0 42 61 71 76 79 90 93 94 94 95 95 95 94 88 79 75 68 57 49 0 0 0 0 0 0 0 0 0 0 0 0 0 0 0 75 66 66 66 67 50 0 0 0 0 0 0 0 0 0 0 0 0 0 45 51 66 75 81 93 103 104 104 103 101 97 93 87 83 81 86 90 94 95 90 87 80 73 67 72 77 81 82 83 81 80 80 79 73 0 0 0 0 0 0 0 0 0 0 0 0 0 59 60 61 63 65 67 73 
63 63 63 63 64 64 64 63 64 65 65 66 67 67 68 68 69 70 70 71 72 72 72 73 73 74 74 74 75 75 72 72 70 68 61 0 0 0 0 0 0 0 0 0 0 0 0 0 0 0 0 0 0 0 0 0 0 0 0 0 0 0 0 0 0 0 0 0 43 62 71 76 79 90 92 94 94 94 94 94 93 87 78 74 68 56 47 0 0 0 0 0 0 0 0 0 0 0 0 0 0 0 69 59 59 59 60 49 0 0 0 0 0 0 0 0 0 0 0 0 0 45 51 66 75 81 93 102 104 104 103 100 97 90 84 81 83 87 93 96 96 90 86 79 72 70 78 82 86 88 89 88 88 87 86 79 0 0 0 0 0 0 0 0 0 0 0 0 0 58 60 61 63 65 68 73 
65 61 63 63 64 64 64 64 64 65 65 66 67 67 67 68 69 70 70 71 71 72 72 73 73 74 74 75 75 75 72 72 71 68 61 0 0 0 0 0 0 0 0 0 0 0 0 0 0 0 0 0 0 0 0 0 0 0 0 0 0 0 0 0 0 0 0 0 42 61 70 76 79 89 92 94 94 94 94 94 93 87 77 73 66 54 46 0 0 0 0 0 0 0 0 0 0 0 0 0 0 0 0 57 57 57 57 52 0 0 0 0 0 0 0 0 0 0 0 0 0 44 50 65 74 80 92 101 103 103 102 99 96 87 81 80 83 87 94 97 95 89 86 79 73 74 82 84 89 91 92 90 90 89 87 81 0 0 0 0 0 0 0 0 0 0 0 0 0 59 60 61 63 66 67 76 
68 60 63 63 63 64 64 64 65 66 66 67 68 68 67 67 68 68 68 70 71 71 71 73 73 74 74 75 75 76 73 73 71 69 62 0 0 0 0 0 0 0 0 0 0 0 0 0 0 0 0 0 0 0 0 0 0 0 0 0 0 0 0 0 0 0 0 0 41 60 69 75 78 88 91 92 93 93 93 93 92 86 76 72 65 53 44 0 0 0 0 0 0 0 0 0 0 0 0 0 0 0 0 53 53 53 53 0 0 0 0 0 0 0 0 0 0 0 0 0 0 42 49 64 74 79 92 101 103 103 102 98 97 88 81 80 85 87 93 96 92 87 82 75 72 76 84 86 90 92 92 90 89 88 87 81 0 0 0 0 0 0 0 0 0 0 0 0 0 59 60 61 63 66 74 79 
63 63 63 63 63 64 65 64 65 66 67 67 68 67 66 65 65 66 66 68 69 70 71 72 73 74 74 75 75 76 73 73 72 70 63 0 0 0 0 0 0 0 0 0 0 0 0 0 0 0 0 0 0 0 0 0 0 0 0 0 0 0 0 0 0 0 0 0 40 60 69 74 78 88 90 91 92 92 92 92 92 85 75 71 64 51 43 0 0 0 0 0 0 0 0 0 0 0 0 0 0 0 0 0 0 0 0 0 0 0 0 0 0 0 0 0 0 0 0 0 0 41 48 63 73 79 91 101 102 102 101 97 93 84 78 76 79 84 89 91 88 85 79 73 72 77 81 85 89 89 89 88 88 87 86 82 0 0 0 0 0 0 0 0 0 0 0 0 0 60 60 61 63 66 64 82 
61 67 64 64 64 64 65 65 65 66 67 67 68 66 65 64 64 64 64 66 68 69 70 72 73 74 74 75 75 76 73 73 72 71 64 0 0 0 0 0 0 0 0 0 0 0 0 0 0 0 0 0 0 0 0 0 0 0 0 0 0 0 0 0 0 0 0 0 39 59 69 74 77 87 89 90 91 91 91 91 91 85 75 71 64 51 43 0 0 0 0 0 0 0 0 0 0 0 0 0 0 0 0 0 0 0 0 0 0 0 0 0 0 0 0 0 0 0 0 0 0 40 47 62 72 78 90 99 99 98 96 90 87 81 76 74 78 83 87 90 86 85 79 74 73 77 79 81 82 82 82 80 81 81 81 78 0 0 0 0 0 0 0 0 0 0 0 0 0 60 60 61 64 67 69 74 
61 64 64 64 64 64 65 65 65 66 67 67 67 66 65 63 62 61 61 64 67 69 70 73 74 74 75 75 75 76 74 73 72 71 65 0 0 0 0 0 0 0 0 0 0 0 0 0 0 0 0 0 0 0 0 0 0 0 0 0 0 0 0 0 0 0 0 0 38 60 70 75 78 87 89 90 90 90 90 91 90 84 74 70 63 50 42 0 0 0 0 0 0 0 0 0 0 0 0 0 0 0 0 0 0 0 0 0 0 0 0 0 0 0 0 0 0 0 0 0 0 40 47 62 72 78 89 96 96 94 91 87 84 79 74 72 76 81 85 88 85 84 77 74 72 75 77 79 78 79 79 78 78 79 79 76 0 0 0 0 0 0 0 0 0 0 0 0 0 61 61 62 64 67 75 75 
59 66 64 65 65 65 65 65 65 66 67 67 67 66 64 62 61 59 58 61 65 67 69 73 74 74 75 75 75 75 73 73 72 71 65 0 0 0 0 0 0 0 0 0 0 0 0 0 0 0 0 0 0 0 0 0 0 0 0 0 0 0 0 0 0 0 0 0 37 59 69 74 78 86 88 88 89 89 89 90 90 84 74 69 62 49 41 0 0 0 0 0 0 0 0 0 0 0 0 0 0 0 0 0 0 0 0 0 0 0 0 0 0 0 0 0 0 0 0 0 0 40 48 64 74 79 86 93 92 89 86 83 80 78 72 69 73 80 80 83 81 79 71 70 68 71 73 75 74 74 75 74 75 76 76 0 0 0 0 0 0 0 0 0 0 0 0 0 0 61 61 62 64 67 68 80 
67 60 64 64 65 65 65 66 65 66 67 66 67 66 65 62 61 60 59 61 65 67 69 73 74 74 74 75 75 75 73 72 72 71 65 0 0 0 0 0 0 0 0 0 0 0 0 0 0 0 0 0 0 0 0 0 0 0 0 0 0 0 0 0 0 0 0 0 37 59 69 74 78 87 88 88 88 88 88 89 89 83 73 69 62 49 41 0 0 0 0 0 0 0 0 0 0 0 0 0 0 0 0 0 0 0 0 0 0 0 0 0 0 0 0 0 0 0 0 0 0 0 49 66 75 79 84 90 89 84 80 77 73 71 66 61 63 70 71 72 73 0 0 0 64 64 66 66 64 65 67 67 68 71 72 0 0 0 0 0 0 0 0 0 0 0 0 0 0 61 62 63 65 68 69 77 
69 61 64 64 64 64 65 65 65 65 66 66 66 66 66 64 63 62 61 63 66 68 69 72 73 74 74 75 74 74 72 72 71 69 63 0 0 0 0 0 0 0 0 0 0 0 0 0 0 0 0 0 0 0 0 0 0 0 0 0 0 0 0 0 0 0 0 0 0 61 71 76 79 86 88 88 88 88 88 89 89 83 73 68 61 49 40 0 0 0 0 0 0 0 0 0 0 0 0 0 0 0 0 0 0 0 0 0 0 0 0 0 0 0 0 0 0 0 0 0 0 0 51 68 77 79 82 87 85 77 69 63 61 0 0 0 0 0 0 0 0 0 0 0 0 0 0 0 49 50 53 55 57 0 0 0 0 0 0 0 0 0 0 0 0 0 0 0 0 59 61 63 65 67 68 83 
63 61 64 64 64 64 64 64 65 65 66 66 66 66 66 65 65 64 63 64 67 68 69 72 73 73 74 75 74 75 72 72 71 69 63 0 0 0 0 0 0 0 0 0 0 0 0 0 0 0 0 0 0 0 0 0 0 0 0 0 0 0 0 0 0 0 0 0 0 64 74 78 81 86 88 88 89 89 89 89 89 82 72 67 60 48 39 0 0 0 0 0 0 0 0 0 0 0 0 0 0 0 0 0 0 0 0 0 0 0 0 0 0 0 0 0 0 0 0 0 0 0 53 71 79 80 78 83 80 69 54 0 0 0 0 0 0 0 0 0 0 0 0 0 0 0 0 0 0 0 0 0 0 0 0 0 0 0 0 0 0 0 0 0 0 0 0 0 0 59 61 63 65 68 70 75 
64 70 64 64 64 64 64 65 66 66 66 66 66 66 66 66 66 65 65 66 68 68 70 72 72 73 73 74 74 75 72 71 70 69 61 0 0 0 0 0 0 0 0 0 0 0 0 0 0 0 0 0 0 0 0 0 0 0 0 0 0 0 0 0 0 0 0 0 0 65 74 78 80 86 88 88 88 89 89 89 89 82 72 67 60 47 38 0 0 0 0 0 0 0 0 0 0 0 0 0 0 0 0 0 0 0 0 0 0 0 0 0 0 0 0 0 0 0 0 0 0 0 57 74 82 81 77 83 80 69 0 0 0 0 0 0 0 0 0 0 0 0 0 0 0 0 0 0 0 0 0 0 0 0 0 0 0 0 0 0 0 0 0 0 0 0 0 0 0 59 61 63 64 67 73 74 
62 68 64 63 63 63 64 64 65 65 65 66 66 66 67 67 67 67 68 68 69 69 70 71 72 72 73 74 74 74 72 71 70 69 61 0 0 0 0 0 0 0 0 0 0 0 0 0 0 0 0 0 0 0 0 0 0 0 0 0 0 0 0 0 0 0 0 0 0 68 76 80 82 85 88 88 88 89 89 89 88 82 71 66 59 46 38 0 0 0 0 0 0 0 0 0 0 0 0 0 0 0 0 0 0 0 0 0 0 0 0 0 0 0 0 0 0 0 0 0 0 0 58 75 82 82 80 84 82 73 61 0 0 0 0 0 0 0 0 0 0 0 0 0 0 0 0 0 0 0 0 0 0 0 0 0 0 0 0 0 0 0 0 0 0 0 0 0 0 59 61 63 65 67 67 81 
65 65 64 63 63 63 63 63 63 64 64 64 65 65 66 67 67 68 69 69 69 70 70 71 72 72 72 73 73 74 72 71 70 69 61 0 0 0 0 0 0 0 0 0 0 0 0 0 0 0 0 0 0 0 0 0 0 0 0 0 0 0 0 0 0 0 0 0 0 74 80 83 84 85 88 88 88 89 89 89 88 81 72 68 60 47 38 0 0 0 0 0 0 0 0 0 0 0 0 0 0 0 0 0 0 0 0 0 0 0 0 0 0 0 0 0 0 0 0 0 0 0 59 75 83 84 82 86 82 76 67 0 0 0 0 0 0 0 0 0 0 0 0 0 0 0 0 0 0 0 0 0 0 0 0 0 0 0 0 0 0 0 0 0 0 0 0 0 0 60 61 62 64 67 71 81 
64 60 64 63 63 63 63 63 63 63 63 64 64 64 64 65 65 65 66 66 67 67 69 69 70 70 71 72 72 73 72 71 71 69 62 0 0 0 0 0 0 0 0 0 0 0 0 0 0 0 0 0 0 0 0 0 0 0 0 0 0 0 0 0 0 0 0 0 0 72 79 82 83 84 87 88 89 89 89 89 88 81 73 69 62 47 0 0 0 0 0 0 0 0 0 0 0 0 0 0 0 0 0 0 0 0 0 0 0 0 0 0 0 0 0 0 0 0 0 0 0 0 61 76 83 86 84 88 85 80 72 66 60 57 57 58 59 60 58 54 54 0 0 0 0 0 0 0 0 0 0 0 0 0 0 0 0 0 0 0 0 0 0 0 0 0 0 0 0 62 61 63 65 68 75 76 
0 0 62 62 62 62 62 63 63 63 63 63 64 64 64 64 64 64 65 66 66 67 68 69 70 70 71 70 70 70 68 67 67 65 59 0 0 0 0 0 0 0 0 0 0 0 0 0 0 0 0 0 0 0 0 0 0 0 0 0 0 0 0 0 0 0 0 0 0 71 78 81 82 83 87 87 88 88 88 88 88 81 75 71 63 47 0 0 0 0 0 0 0 0 0 0 0 0 0 0 0 0 0 0 0 0 0 0 0 0 0 0 0 0 0 0 0 0 0 0 0 0 65 78 84 88 88 91 89 86 81 75 73 73 72 72 73 73 72 68 66 64 63 0 0 0 0 0 0 0 0 0 0 0 0 0 0 0 0 0 0 0 0 0 0 0 0 0 0 63 62 63 65 68 69 80 
0 0 61 60 61 61 61 61 61 61 61 62 63 63 63 64 64 64 65 65 65 66 67 68 69 69 70 69 69 69 67 67 66 65 60 0 0 0 0 0 0 0 0 0 0 0 0 0 0 0 0 0 0 0 0 0 0 0 0 0 0 0 0 0 0 0 0 0 0 68 75 78 79 81 84 85 86 86 86 86 86 79 75 71 64 48 0 0 0 0 0 0 0 0 0 0 0 0 0 0 0 0 0 0 0 0 0 0 0 0 0 0 0 0 0 0 0 0 0 0 0 0 64 77 83 86 88 91 90 87 83 78 76 75 74 73 73 72 71 68 66 64 63 59 0 0 0 0 0 0 0 0 0 0 0 0 0 0 0 0 0 0 0 0 0 0 0 0 0 63 62 63 65 68 75 76 
0 0 0 0 0 0 58 59 58 58 58 59 59 60 60 61 61 61 62 62 62 64 65 66 68 68 69 67 68 68 66 65 65 64 0 0 0 0 0 0 0 0 0 0 0 0 0 0 0 0 0 0 0 0 0 0 0 0 0 0 0 0 0 0 0 0 0 0 0 67 74 77 79 80 84 84 83 81 80 78 77 72 71 68 63 50 0 0 0 0 0 0 0 0 0 0 0 0 0 0 0 0 0 0 0 0 0 0 0 0 0 0 0 0 0 0 0 0 0 0 0 0 60 70 76 78 80 84 83 80 76 72 70 70 71 72 73 72 71 68 66 64 63 59 0 0 0 0 0 0 0 0 0 0 0 0 0 0 0 0 0 0 0 0 0 0 0 0 0 63 62 63 65 68 73 75 
0 0 0 0 0 0 0 0 0 0 0 0 0 0 0 0 55 56 56 56 57 59 60 61 63 64 66 64 65 65 63 61 62 60 0 0 0 0 0 0 0 0 0 0 0 0 0 0 0 0 0 0 0 0 0 0 0 0 0 0 0 0 0 0 0 0 0 0 0 0 72 76 77 79 83 84 82 80 77 76 74 69 68 67 62 0 0 0 0 0 0 0 0 0 0 0 0 0 0 0 0 0 0 0 0 0 0 0 0 0 0 0 0 0 0 0 0 0 0 0 0 0 60 69 74 76 78 82 82 80 77 73 71 70 71 72 73 72 71 68 66 64 63 59 0 0 0 0 0 0 0 0 0 0 0 0 0 0 0 0 0 0 0 0 0 0 0 0 0 64 63 64 66 69 75 80 
0 0 0 0 0 0 0 0 0 0 0 0 0 0 0 0 0 0 0 0 0 0 0 0 0 0 0 0 0 0 51 51 0 0 0 0 0 0 0 0 0 0 0 0 0 0 0 0 0 0 0 0 0 0 0 0 0 0 0 0 0 0 0 0 0 0 0 0 0 0 71 74 76 77 81 82 79 76 73 71 69 66 65 64 60 0 0 0 0 0 0 0 0 0 0 0 0 0 0 0 0 0 0 0 0 0 0 0 0 0 0 0 0 0 0 0 0 0 0 0 0 0 0 67 71 73 74 78 78 77 76 74 74 75 77 78 80 78 77 74 70 68 66 62 0 0 0 0 0 0 0 0 0 0 0 0 0 0 0 0 0 0 0 0 0 0 0 0 63 63 63 64 65 68 72 82 
0 0 0 0 0 0 0 0 0 0 0 0 0 0 0 0 0 0 0 0 0 0 0 0 0 0 0 0 0 0 0 0 0 0 0 0 0 0 0 0 0 0 0 0 0 0 0 0 0 0 0 0 0 0 0 0 0 0 0 0 0 0 0 0 0 0 0 0 0 0 0 0 71 72 76 77 72 67 64 62 60 58 58 57 0 0 0 0 0 0 0 0 0 0 0 0 0 0 0 0 0 0 0 0 0 0 0 0 0 0 0 0 0 0 0 0 0 0 0 0 0 0 0 59 62 64 66 69 69 68 67 66 66 67 69 70 73 71 69 66 65 64 0 0 0 0 0 0 0 0 0 0 0 0 0 0 0 0 0 0 0 0 0 0 0 0 0 0 63 63 63 64 65 68 68 78 
0 0 0 0 0 0 0 0 0 0 0 0 0 0 0 0 0 0 0 0 0 0 0 0 0 0 0 0 0 0 0 0 0 0 0 0 0 0 0 0 0 0 0 0 0 0 0 0 0 0 0 0 0 0 0 0 0 0 0 0 0 0 0 0 0 0 0 0 0 0 0 0 0 0 0 0 0 0 0 42 42 41 0 0 0 0 0 0 0 0 0 0 0 0 0 0 0 0 0 0 0 0 0 0 0 0 0 0 0 0 0 0 0 0 0 0 0 0 0 0 0 0 0 0 0 48 49 51 50 49 48 47 46 0 0 0 0 0 0 0 0 0 0 0 0 0 56 56 56 56 58 0 0 0 0 0 0 0 0 0 0 0 0 0 0 0 0 0 63 63 63 64 65 68 73 74 
0 0 0 0 0 0 0 0 0 0 0 0 0 0 0 0 0 0 0 0 0 0 0 0 0 0 0 0 0 0 0 0 0 0 0 0 0 0 0 0 0 0 0 0 0 0 0 0 0 0 0 0 0 0 0 0 0 0 0 0 0 0 0 0 0 0 0 0 0 0 0 0 0 0 0 0 0 0 0 0 0 0 0 0 0 0 0 0 0 0 0 0 0 0 0 0 0 0 0 0 0 0 0 0 0 0 0 0 0 0 0 0 0 0 0 0 0 0 0 0 0 0 0 0 0 0 0 0 0 0 0 0 0 0 0 0 0 0 0 0 0 0 0 0 0 0 56 56 56 56 58 0 0 0 0 0 0 0 0 0 0 0 0 0 0 0 0 0 62 62 62 63 65 68 74 76 
0 0 0 0 0 0 0 0 0 0 0 0 0 0 0 0 0 0 0 0 0 0 0 0 0 0 0 0 0 0 0 0 0 0 0 0 0 0 0 0 0 0 0 0 0 0 0 0 0 0 0 0 0 0 0 0 0 0 0 0 0 0 0 0 0 0 0 0 0 0 0 0 0 0 0 0 0 0 0 0 0 0 0 0 0 0 0 0 0 0 0 0 0 0 0 0 0 0 0 0 0 0 0 0 0 0 0 0 0 0 0 0 0 0 0 0 0 0 0 0 0 0 0 0 0 0 0 0 0 0 0 0 0 0 0 0 0 0 0 0 0 0 0 0 0 0 57 57 57 57 0 0 0 0 0 0 0 0 0 0 0 0 0 0 0 0 0 0 60 60 61 63 64 68 70 82 
0 0 0 0 0 0 0 0 0 0 0 0 0 0 0 0 0 0 0 0 0 0 0 0 0 0 0 0 0 0 0 0 0 0 0 0 0 0 0 0 0 0 0 0 0 0 0 0 0 0 0 0 0 0 0 0 0 0 0 0 0 0 0 0 0 0 0 0 0 0 0 0 0 0 0 0 0 0 0 0 0 0 0 0 0 0 0 0 0 0 0 0 0 0 0 0 0 0 0 0 0 0 0 0 0 0 0 0 0 0 0 0 0 0 0 0 0 0 0 0 0 0 0 0 0 0 0 0 0 0 0 0 0 0 0 0 0 0 0 0 0 0 0 0 0 0 0 0 0 0 0 0 0 0 0 0 0 0 0 0 0 0 0 0 0 0 0 0 60 60 62 63 65 69 73 79 
0 0 0 0 0 0 0 0 0 0 0 0 0 0 0 0 0 0 0 0 0 0 0 0 0 0 0 0 0 0 0 0 0 0 0 0 0 0 0 0 0 0 0 0 0 0 0 0 0 0 0 0 0 0 0 0 0 0 0 0 0 0 0 0 0 0 0 0 0 0 0 0 0 0 0 0 0 0 0 0 0 0 0 0 0 0 0 0 0 0 0 0 0 0 0 0 0 0 0 0 0 0 0 0 0 0 0 0 0 0 0 0 0 0 0 0 0 0 0 0 0 0 0 0 0 0 0 0 0 0 0 0 0 0 0 0 0 0 0 0 0 0 0 0 0 0 0 0 0 0 0 0 0 0 0 0 0 0 0 0 0 0 0 0 0 0 0 0 0 60 61 63 65 69 70 85 
0 0 0 0 0 0 0 0 0 0 0 0 0 0 0 0 0 0 0 0 0 0 0 0 0 0 0 0 0 0 0 0 0 0 0 0 0 0 0 0 0 0 0 0 0 0 0 0 0 0 0 0 0 0 0 0 0 0 0 0 0 0 0 0 0 0 0 0 0 0 0 0 0 0 0 0 0 0 0 0 0 0 0 0 0 0 0 0 0 0 0 0 0 0 0 0 0 0 0 0 0 0 0 0 0 0 0 0 0 0 0 0 0 0 0 0 0 0 0 0 0 0 0 0 0 0 0 0 0 0 0 0 0 0 0 0 0 0 0 0 0 0 0 0 0 0 0 0 0 0 0 0 0 0 0 0 0 0 0 0 0 0 0 0 0 0 0 0 0 60 61 63 65 70 69 74 
0 0 0 0 0 0 0 0 0 0 0 0 0 0 0 0 0 0 0 0 0 0 0 0 0 0 0 0 0 0 0 0 0 0 0 0 0 0 0 0 0 0 0 0 0 0 0 0 0 0 0 0 0 0 0 0 0 0 0 0 0 0 0 0 0 0 0 0 0 0 0 0 0 0 0 0 0 0 0 0 0 0 0 0 0 0 0 0 0 0 0 0 0 0 0 0 0 0 0 0 0 0 0 0 0 0 0 0 0 0 0 0 0 0 0 0 0 0 0 0 0 0 0 0 0 0 0 0 0 0 0 0 0 0 0 0 0 0 0 0 0 0 0 0 0 0 0 0 0 0 0 0 0 0 0 0 0 0 0 0 0 0 0 0 0 0 0 0 0 0 63 65 66 70 72 77 
0 0 0 0 0 0 0 0 0 0 0 0 0 0 0 0 0 0 0 0 0 0 0 0 0 0 0 0 0 0 0 0 0 0 0 0 0 0 0 0 0 0 0 0 0 0 0 0 0 0 0 0 0 0 0 0 0 0 0 0 0 0 0 0 0 0 0 0 0 0 0 0 0 0 0 0 0 0 0 0 0 0 0 0 0 0 0 0 0 0 0 0 0 0 0 0 0 0 0 0 0 0 0 0 0 0 0 0 0 0 0 0 0 0 0 0 0 0 0 0 0 0 0 0 0 0 0 0 0 0 0 0 0 0 0 0 0 0 0 0 0 0 0 0 0 0 0 0 0 0 0 0 0 0 0 0 0 0 0 0 0 0 0 0 0 0 0 0 0 0 0 0 67 69 65 75 
0 0 0 0 0 0 0 0 0 0 0 0 0 0 0 0 0 0 0 0 0 0 0 0 0 0 0 0 0 0 0 0 0 0 0 0 0 0 0 0 0 0 0 0 0 0 0 0 0 0 0 0 0 0 0 0 0 0 0 0 0 0 0 0 0 0 0 0 0 0 0 0 0 0 0 0 0 0 0 0 0 0 0 0 0 0 0 0 0 0 0 0 0 0 0 0 0 0 0 0 0 0 0 0 0 0 0 0 0 0 0 0 0 0 0 0 0 0 0 0 0 0 0 0 0 0 0 0 0 0 0 0 0 0 0 0 0 0 0 0 0 0 0 0 0 0 0 0 0 0 0 0 0 0 0 0 0 0 0 0 0 0 0 0 0 0 0 0 0 0 0 0 0 70 0 64 
0 0 0 0 0 0 0 0 0 0 0 0 0 0 0 0 0 0 0 0 0 0 0 0 0 0 0 0 0 0 0 0 0 0 0 0 0 0 0 0 0 0 0 0 0 0 0 0 0 0 0 0 0 0 0 0 0 0 0 0 0 0 0 0 0 0 0 0 0 0 0 0 0 0 0 0 0 0 0 0 0 0 0 0 0 0 0 0 0 0 0 0 0 0 0 0 0 0 0 0 0 0 0 0 0 0 0 0 0 0 0 0 0 0 0 0 0 0 0 0 0 0 0 0 0 0 0 0 0 0 0 0 0 0 0 0 0 0 0 0 0 0 0 0 0 0 0 0 0 0 0 0 0 0 0 0 0 0 0 0 0 0 0 0 0 0 0 0 0 0 0 0 0 0 0 0 
0 0 0 0 0 0 0 0 0 0 0 0 0 0 0 0 0 0 0 0 0 0 0 0 0 0 0 0 0 0 0 0 0 0 0 0 0 0 0 0 0 0 0 0 0 0 0 0 0 0 0 0 0 0 0 0 0 0 0 0 0 0 0 0 0 0 0 0 0 0 0 0 0 0 0 0 0 0 0 0 0 0 0 0 0 0 0 0 0 0 0 0 0 0 0 0 0 0 0 0 0 0 0 0 0 0 0 0 0 0 0 0 0 0 0 0 0 0 0 0 0 0 0 0 0 0 0 0 0 0 0 0 0 0 0 0 0 0 0 0 0 0 0 0 0 0 0 0 0 0 0 0 0 0 0 0 0 0 0 0 0 0 0 0 0 0 0 0 0 0 0 0 0 0 0 0 
0 0 0 0 0 0 0 0 0 0 0 0 0 0 0 0 0 0 0 0 0 0 0 0 0 0 0 0 0 0 0 0 0 0 0 0 0 0 0 0 0 0 0 0 0 0 0 0 0 0 0 0 0 0 0 0 0 0 0 0 0 0 0 0 0 0 0 0 0 0 0 0 0 0 0 0 0 0 0 0 0 0 0 0 0 0 0 0 0 0 0 0 0 0 0 0 0 0 0 0 0 0 0 0 0 0 0 0 0 0 0 0 0 0 0 0 0 0 0 0 0 0 0 0 0 0 0 0 0 0 0 0 0 0 0 0 0 0 0 0 0 0 0 0 0 0 0 0 0 0 0 0 0 0 0 0 0 0 0 0 0 0 0 0 0 0 0 0 0 0 0 0 0 0 0 0 
0 0 0 0 0 0 0 0 0 0 0 0 0 0 0 0 0 0 0 0 0 0 0 0 0 0 0 0 0 0 0 0 0 0 0 0 0 0 0 0 0 0 0 0 0 0 0 0 0 0 0 0 0 0 0 0 0 0 0 0 0 0 0 0 0 0 0 0 0 0 0 0 0 0 0 0 0 0 0 0 0 0 0 0 0 0 0 0 0 0 0 0 0 0 0 0 0 0 0 0 0 0 0 0 0 0 0 0 0 0 0 0 0 0 0 0 0 0 0 0 0 0 0 0 0 0 0 0 0 0 0 0 0 0 0 0 0 0 0 0 0 0 0 0 0 0 0 0 0 0 0 0 0 0 0 0 0 0 0 0 0 0 0 0 0 0 0 0 0 0 0 0 0 0 0 0 
0 0 0 0 0 0 0 0 0 0 0 0 0 0 0 0 0 0 0 0 0 0 0 0 0 0 0 0 0 0 0 0 0 0 0 0 0 0 0 0 0 0 0 0 0 0 0 0 0 0 0 0 0 0 0 0 0 0 0 0 0 0 0 0 0 0 0 0 0 0 0 0 0 0 0 0 0 0 0 0 0 0 0 0 0 0 0 0 0 0 0 0 0 0 0 0 0 0 0 0 0 0 0 0 0 0 0 0 0 0 0 0 0 0 0 0 0 0 0 0 0 0 0 0 0 0 0 0 0 0 0 0 0 0 0 0 0 0 0 0 0 0 0 0 0 0 0 0 0 0 0 0 0 0 0 0 0 0 0 0 0 0 0 0 0 0 0 0 0 0 0 0 0 0 0 0 
0 0 0 0 0 0 0 0 0 0 0 0 0 0 0 0 0 0 0 0 0 0 0 0 0 0 0 0 0 0 0 0 0 0 0 0 0 0 0 0 0 0 0 0 0 0 0 0 0 0 0 0 0 0 0 0 0 0 0 0 0 0 0 0 0 0 0 0 0 0 0 0 0 0 0 0 0 0 0 0 0 0 0 0 0 0 0 0 0 0 0 0 0 0 0 0 0 0 0 0 0 0 0 0 0 0 0 0 0 0 0 0 0 0 0 0 0 0 0 0 0 0 0 0 0 0 0 0 0 0 0 0 0 0 0 0 0 0 0 0 0 0 0 0 0 0 0 0 0 0 0 0 0 0 0 0 0 0 0 0 0 0 0 0 0 0 0 0 0 0 0 0 0 0 0 0 
0 0 0 0 0 0 0 0 0 0 0 0 0 0 0 0 0 0 0 0 0 0 0 0 0 0 0 0 0 0 0 0 0 0 0 0 0 0 0 0 0 0 0 0 0 0 0 0 0 0 0 0 0 0 0 0 0 0 0 0 0 0 0 0 0 0 0 0 0 0 0 0 0 0 0 0 0 0 0 0 0 0 0 0 0 0 0 0 0 0 0 0 0 0 0 0 0 0 0 0 0 0 0 0 0 0 0 0 0 0 0 0 0 0 0 0 0 0 0 0 0 0 0 0 0 0 0 0 0 0 0 0 0 0 0 0 0 0 0 0 0 0 0 0 0 0 0 0 0 0 0 0 0 0 0 0 0 0 0 0 0 0 0 0 0 0 0 0 0 0 0 0 0 0 0 0 
0 0 0 0 0 0 0 0 0 0 0 0 0 0 0 0 0 0 0 0 0 0 0 0 0 0 0 0 0 0 0 0 0 0 0 0 0 0 0 0 0 0 0 0 0 0 0 0 0 0 0 0 0 0 0 0 0 0 0 0 0 0 0 0 0 0 0 0 0 0 0 0 0 0 0 0 0 0 0 0 0 0 0 0 0 0 0 0 0 0 0 0 0 0 0 0 0 0 0 0 0 0 0 0 0 0 0 0 0 0 0 0 0 0 0 0 0 0 0 0 0 0 0 0 0 0 0 0 0 0 0 0 0 0 0 0 0 0 0 0 0 0 0 0 0 0 0 0 0 0 0 0 0 0 0 0 0 0 0 0 0 0 0 0 0 0 0 0 0 0 0 0 0 0 0 0 
0 0 0 0 0 0 0 0 0 0 0 0 0 0 0 0 0 0 0 0 0 0 0 0 0 0 0 0 0 0 0 0 0 0 0 0 0 0 0 0 0 0 0 0 0 0 0 0 0 0 0 0 0 0 0 0 0 0 0 0 0 0 0 0 0 0 0 0 0 0 0 0 0 0 0 0 0 0 0 0 0 0 0 0 0 0 0 0 0 0 0 0 0 0 0 0 0 0 0 0 0 0 0 0 0 0 0 0 0 0 0 0 0 0 0 0 0 0 0 0 0 0 0 0 0 0 0 0 0 0 0 0 0 0 0 0 0 0 0 0 0 0 0 0 0 0 0 0 0 0 0 0 0 0 0 0 0 0 0 0 0 0 0 0 0 0 0 0 0 0 0 0 0 0 0 0 
0 0 0 0 0 0 0 0 0 0 0 0 0 0 0 0 0 0 0 0 0 0 0 0 0 0 0 0 0 0 0 0 0 0 0 0 0 0 0 0 0 0 0 0 0 0 0 0 0 0 0 0 0 0 0 0 0 0 0 0 0 0 0 0 0 0 0 0 0 0 0 0 0 0 0 0 0 0 0 0 0 0 0 0 0 0 0 0 0 0 0 0 0 0 0 0 0 0 0 0 0 0 0 0 0 0 0 0 0 0 0 0 0 0 0 0 0 0 0 0 0 0 0 0 0 0 0 0 0 0 0 0 0 0 0 0 0 0 0 0 0 0 0 0 0 0 0 0 0 0 0 0 0 0 0 0 0 0 0 0 0 0 0 0 0 0 0 0 0 0 0 0 0 0 0 0 
0 0 0 0 0 0 0 0 0 0 0 0 0 0 0 0 0 0 0 0 0 0 0 0 0 0 0 0 0 0 0 0 0 0 0 0 0 0 0 0 0 0 0 0 0 0 0 0 0 0 0 0 0 0 0 0 0 0 0 0 0 0 0 0 0 0 0 0 0 0 0 0 0 0 0 0 0 0 0 0 0 0 0 0 0 0 0 0 0 0 0 0 0 0 0 0 0 0 0 0 0 0 0 0 0 0 0 0 0 0 0 0 0 0 0 0 0 0 0 0 0 0 0 0 0 0 0 0 0 0 0 0 0 0 0 0 0 0 0 0 0 0 0 0 0 0 0 0 0 0 0 0 0 0 0 0 0 0 0 0 0 0 0 0 0 0 0 0 0 0 0 0 0 0 0 0 
0 0 0 0 0 0 0 0 0 0 0 0 0 0 0 0 0 0 0 0 0 0 0 0 0 0 0 0 0 0 0 0 0 0 0 0 0 0 0 0 0 0 0 0 0 0 0 0 0 0 0 0 0 0 0 0 0 0 0 0 0 0 0 0 0 0 0 0 0 0 0 0 0 0 0 0 0 0 0 0 0 0 0 0 0 0 0 0 0 0 0 0 0 0 0 0 0 0 0 0 0 0 0 0 0 0 0 0 0 0 0 0 0 0 0 0 0 0 0 0 0 0 0 0 0 0 0 0 0 0 0 0 0 0 0 0 0 0 0 0 0 0 0 0 0 0 0 0 0 0 0 0 0 0 0 0 0 0 0 0 0 0 0 0 0 0 0 0 0 0 0 0 0 0 0 0 
0 0 0 0 0 0 0 0 0 0 0 0 0 0 0 0 0 0 0 0 0 0 0 0 0 0 0 0 0 0 0 0 0 0 0 0 0 0 0 0 0 0 0 0 0 0 0 0 0 0 0 0 0 0 0 0 0 0 0 0 0 0 0 0 0 0 0 0 0 0 0 0 0 0 0 0 0 0 0 0 0 0 0 0 0 0 0 0 0 0 0 0 0 0 0 0 0 0 0 0 0 0 0 0 0 0 0 0 0 0 0 0 0 0 0 0 0 0 0 0 0 0 0 0 0 0 0 0 0 0 0 0 0 0 0 0 0 0 0 0 0 0 0 0 0 0 0 0 0 0 0 0 0 0 0 0 0 0 0 0 0 0 0 0 0 0 0 0 0 0 0 0 0 0 0 0 
0 0 0 0 0 0 0 0 0 0 0 0 0 0 0 0 0 0 0 0 0 0 0 0 0 0 0 0 0 0 0 0 0 0 0 0 0 0 0 0 0 0 0 0 0 0 0 0 0 0 0 0 0 0 0 0 0 0 0 0 0 0 0 0 0 0 0 0 0 0 0 0 0 0 0 0 0 0 0 0 0 0 0 0 0 0 0 0 0 0 0 0 0 0 0 0 0 0 0 0 0 0 0 0 0 0 0 0 0 0 0 0 0 0 0 0 0 0 0 0 0 0 0 0 0 0 0 0 0 0 0 0 0 0 0 0 0 0 0 0 0 0 0 0 0 0 0 0 0 0 0 0 0 0 0 0 0 0 0 0 0 0 0 0 0 0 0 0 0 0 0 0 0 0 0 0 
0 0 0 0 0 0 0 0 0 0 0 0 0 0 0 0 0 0 0 0 0 0 0 0 0 0 0 0 0 0 0 0 0 0 0 0 0 0 0 0 0 0 0 0 0 0 0 0 0 0 0 0 0 0 0 0 0 0 0 0 0 0 0 0 0 0 0 0 0 0 0 0 0 0 0 0 0 0 0 0 0 0 0 0 0 0 0 0 0 0 0 0 0 0 0 0 0 0 0 0 0 0 0 0 0 0 0 0 0 0 0 0 0 0 0 0 0 0 0 0 0 0 0 0 0 0 0 0 0 0 0 0 0 0 0 0 0 0 0 0 0 0 0 0 0 0 0 0 0 0 0 0 0 0 0 0 0 0 0 0 0 0 0 0 0 0 0 0 0 0 0 0 0 0 0 0 
0 0 0 0 0 0 0 0 0 0 0 0 0 0 0 0 0 0 0 0 0 0 0 0 0 0 0 0 0 0 0 0 0 0 0 0 0 0 0 0 0 0 0 0 0 0 0 0 0 0 0 0 0 0 0 0 0 0 0 0 0 0 0 0 0 0 0 0 0 0 0 0 0 0 0 0 0 0 0 0 0 0 0 0 0 0 0 0 0 0 0 0 0 0 0 0 0 0 0 0 0 0 0 0 0 0 0 0 0 0 0 0 0 0 0 0 0 0 0 0 0 0 0 0 0 0 0 0 0 0 0 0 0 0 0 0 0 0 0 0 0 0 0 0 0 0 0 0 0 0 0 0 0 0 0 0 0 0 0 0 0 0 0 0 0 0 0 0 0 0 0 0 0 0 0 0 
0 0 0 0 0 0 0 0 0 0 0 0 0 0 0 0 0 0 0 0 0 0 0 0 0 0 0 0 0 0 0 0 0 0 0 0 0 0 0 0 0 0 0 0 0 0 0 0 0 0 0 0 0 0 0 0 0 0 0 0 0 0 0 0 0 0 0 0 0 0 0 0 0 0 0 0 0 0 0 0 0 0 0 0 0 0 0 0 0 0 0 0 0 0 0 0 0 0 0 0 0 0 0 0 0 0 0 0 0 0 0 0 0 0 0 0 0 0 0 0 0 0 0 0 0 0 0 0 0 0 0 0 0 0 0 0 0 0 0 0 0 0 0 0 0 0 0 0 0 0 0 0 0 0 0 0 0 0 0 0 0 0 0 0 0 0 0 0 0 0 0 0 0 0 0 0 
0 0 0 0 0 0 0 0 0 0 0 0 0 0 0 0 0 0 0 0 0 0 0 0 0 0 0 0 0 0 0 0 0 0 0 0 0 0 0 0 0 0 0 0 0 0 0 0 0 0 0 0 0 0 0 0 0 0 0 0 0 0 0 0 0 0 0 0 0 0 0 0 0 0 0 0 0 0 0 0 0 0 0 0 0 0 0 0 0 0 0 0 0 0 0 0 0 0 0 0 0 0 0 0 0 0 0 0 0 0 0 0 0 0 0 0 0 0 0 0 0 0 0 0 0 0 0 0 0 0 0 0 0 0 0 0 0 0 0 0 0 0 0 0 0 0 0 0 0 0 0 0 0 0 0 0 0 0 0 0 0 0 0 0 0 0 0 0 0 0 0 0 0 0 0 0 
0 0 0 0 0 0 0 0 0 0 0 0 0 0 0 0 0 0 0 0 0 0 0 0 0 0 0 0 0 0 0 0 0 0 0 0 0 0 0 0 0 0 0 0 0 0 0 0 0 0 0 0 0 0 0 0 0 0 0 0 0 0 0 0 0 0 0 0 0 0 0 0 0 0 0 0 0 0 0 0 0 0 0 0 0 0 0 0 0 0 0 0 0 0 0 0 0 0 0 0 0 0 0 0 0 0 0 0 0 0 0 0 0 0 0 0 0 0 0 0 0 0 0 0 0 0 0 0 0 0 0 0 0 0 0 0 0 0 0 0 0 0 0 0 0 0 0 0 0 0 0 0 0 0 0 0 0 0 0 0 0 0 0 0 0 0 0 0 0 0 0 0 0 0 0 0 
0 0 0 0 0 0 0 0 0 0 0 0 0 0 0 0 0 0 0 0 0 0 0 0 0 0 0 0 0 0 0 0 0 0 0 0 0 0 0 0 0 0 0 0 0 0 0 0 0 0 0 0 0 0 0 0 0 0 0 0 0 0 0 0 0 0 0 0 0 0 0 0 0 0 0 0 0 0 0 0 0 0 0 0 0 0 0 0 0 0 0 0 0 0 0 0 0 0 0 0 0 0 0 0 0 0 0 0 0 0 0 0 0 0 0 0 0 0 0 0 0 0 0 0 0 0 0 0 0 0 0 0 0 0 0 0 0 0 0 0 0 0 0 0 0 0 0 0 0 0 0 0 0 0 0 0 0 0 0 0 0 0 0 0 0 0 0 0 0 0 0 0 0 0 0 0 
0 0 0 0 0 0 0 0 0 0 0 0 0 0 0 0 0 0 0 0 0 0 0 0 0 0 0 0 0 0 0 0 0 0 0 0 0 0 0 0 0 0 0 0 0 0 0 0 0 0 0 0 0 0 0 0 0 0 0 0 0 0 0 0 0 0 0 0 0 0 0 0 0 0 0 0 0 0 0 0 0 0 0 0 0 0 0 0 0 0 0 0 0 0 0 0 0 0 0 0 0 0 0 0 0 0 0 0 0 0 0 0 0 0 0 0 0 0 0 0 0 0 0 0 0 0 0 0 0 0 0 0 0 0 0 0 0 0 0 0 0 0 0 0 0 0 0 0 0 0 0 0 0 0 0 0 0 0 0 0 0 0 0 0 0 0 0 0 0 0 0 0 0 0 0 0 
0 0 0 0 0 0 0 0 0 0 0 0 0 0 0 0 0 0 0 0 0 0 0 0 0 0 0 0 0 0 0 0 0 0 0 0 0 0 0 0 0 0 0 0 0 0 0 0 0 0 0 0 0 0 0 0 0 0 0 0 0 0 0 0 0 0 0 0 0 0 0 0 0 0 0 0 0 0 0 0 0 0 0 0 0 0 0 0 0 0 0 0 0 0 0 0 0 0 0 0 0 0 0 0 0 0 0 0 0 0 0 0 0 0 0 0 0 0 0 0 0 0 0 0 0 0 0 0 0 0 0 0 0 0 0 0 0 0 0 0 0 0 0 0 0 0 0 0 0 0 0 0 0 0 0 0 0 0 0 0 0 0 0 0 0 0 0 0 0 0 0 0 0 0 0 0 
0 0 0 0 0 0 0 0 0 0 0 0 0 0 0 0 0 0 0 0 0 0 0 0 0 0 0 0 0 0 0 0 0 0 0 0 0 0 0 0 0 0 0 0 0 0 0 0 0 0 0 0 0 0 0 0 0 0 0 0 0 0 0 0 0 0 0 0 0 0 0 0 0 0 0 0 0 0 0 0 0 0 0 0 0 0 0 0 0 0 0 0 0 0 0 0 0 0 0 0 0 0 0 0 0 0 0 0 0 0 0 0 0 0 0 0 0 0 0 0 0 0 0 0 0 0 0 0 0 0 0 0 0 0 0 0 0 0 0 0 0 0 0 0 0 0 0 0 0 0 0 0 0 0 0 0 0 0 0 0 0 0 0 0 0 0 0 0 0 0 0 0 0 0 0 0 
0 0 0 0 0 0 0 0 0 0 0 0 0 0 0 0 0 0 0 0 0 0 0 0 0 0 0 0 0 0 0 0 0 0 0 0 0 0 0 0 0 0 0 0 0 0 0 0 0 0 0 0 0 0 0 0 0 0 0 0 0 0 0 0 0 0 0 0 0 0 0 0 0 0 0 0 0 0 0 0 0 0 0 0 0 0 0 0 0 0 0 0 0 0 0 0 0 0 0 0 0 0 0 0 0 0 0 0 0 0 0 0 0 0 0 0 0 0 0 0 0 0 0 0 0 0 0 0 0 0 0 0 0 0 0 0 0 0 0 0 0 0 0 0 0 0 0 0 0 0 0 0 0 0 0 0 0 0 0 0 0 0 0 0 0 0 0 0 0 0 0 0 0 0 0 0 
0 0 0 0 0 0 0 0 0 0 0 0 0 0 0 0 0 0 0 0 0 0 0 0 0 0 0 0 0 0 0 0 0 0 0 0 0 0 0 0 0 0 0 0 0 0 0 0 0 0 0 0 0 0 0 0 0 0 0 0 0 0 0 0 0 0 0 0 0 0 0 0 0 0 0 0 0 0 0 0 0 0 0 0 0 0 0 0 0 0 0 0 0 0 0 0 0 0 0 0 0 0 0 0 0 0 0 0 0 0 0 0 0 0 0 0 0 0 0 0 0 0 0 0 0 0 0 0 0 0 0 0 0 0 0 0 0 0 0 0 0 0 0 0 0 0 0 0 0 0 0 0 0 0 0 0 0 0 0 0 0 0 0 0 0 0 0 0 0 0 0 0 0 0 0 0 
