87 89 89 86 84 89 84 81 85 84 84 86 89 91 81 82 78 79 79 81 77 85 79 77 82 80 77 75 84 79 78 81 71 70 72 82 78 77 78 79 76 76 80 81 76 76 81 75 76 75 80 75 76 77 79 76 78 77 79 70 63 70 83 80 74 77 81 80 79 75 75 77 76 77 76 74 78 79 81 80 82 77 78 77 74 72 63 74 76 81 79 75 82 78 80 80 82 79 78 78 82 83 79 82 74 82 78 84 80 83 80 65 71 77 83 84 79 82 91 89 92 96 87 90 93 87 94 93 93 88 94 92 94 90 94 98 87 83 89 91 97 97 101 92 99 100 99 105 103 101 100 107 109 105 98 92 74 75 73 78 72 75 75 68 0 68 78 75 76 83 91 93 90 98 97 98 
83 86 83 79 92 88 81 83 74 77 74 88 82 82 76 84 73 84 80 77 76 78 76 78 77 80 83 81 78 79 78 81 75 75 72 67 69 72 79 73 77 76 81 76 80 83 78 74 70 77 76 73 74 72 76 82 79 76 73 75 66 63 79 75 77 75 71 78 74 74 76 74 76 80 77 79 80 80 74 76 84 79 73 77 75 74 68 70 75 77 80 78 79 78 75 79 77 78 80 77 81 78 79 80 80 81 79 80 79 84 82 68 70 81 84 87 81 84 86 85 81 86 87 88 89 86 92 93 88 86 92 92 86 94 95 91 79 89 92 93 90 93 94 95 94 94 99 96 102 103 103 103 107 110 91 80 75 70 81 79 76 78 75 68 0 0 76 78 73 86 92 88 92 98 100 95 
81 83 83 84 83 82 82 80 79 78 78 78 77 78 77 77 78 78 78 78 78 78 79 79 79 78 78 78 78 77 77 76 76 75 74 73 73 73 72 73 73 74 74 75 76 75 74 73 73 72 73 73 74 74 75 75 75 75 74 72 71 71 71 72 74 74 75 75 75 75 74 75 75 76 76 77 77 77 77 77 77 77 76 76 74 73 73 73 74 75 77 77 77 77 77 77 77 77 78 78 78 78 78 78 78 79 79 81 80 78 77 77 77 78 81 82 83 84 83 84 85 85 86 87 87 88 88 88 89 89 89 90 90 90 89 88 89 89 90 92 93 93 94 95 96 96 98 99 100 101 102 100 97 92 86 81 77 75 74 74 75 74 73 72 73 74 75 77 80 82 85 90 94 96 108 102 
83 81 80 81 81 80 80 79 77 77 76 76 75 75 75 76 77 77 77 77 77 77 78 78 78 78 77 77 76 76 76 76 76 75 74 73 71 71 70 70 71 72 73 74 74 74 73 72 71 71 71 72 72 73 74 74 74 74 74 72 71 71 70 71 72 73 74 74 74 74 74 75 76 77 77 78 79 79 79 79 79 79 79 79 79 78 78 78 78 79 81 81 82 82 82 81 81 82 82 82 82 83 83 83 83 84 84 85 85 84 83 83 83 84 86 87 87 87 86 86 87 87 88 88 88 89 89 89 90 90 90 91 91 90 88 89 89 90 91 93 93 93 93 94 95 95 96 98 99 100 100 98 93 87 81 77 74 73 73 73 74 73 73 73 74 74 75 77 79 81 84 89 93 95 102 101 
71 81 79 80 79 79 79 78 77 76 75 74 74 74 73 74 75 75 75 76 76 76 77 77 77 76 76 75 75 75 75 75 75 75 73 73 71 70 68 69 69 69 70 71 71 71 70 70 70 69 70 71 71 71 72 73 73 74 74 74 73 73 73 73 75 76 77 78 78 79 79 79 80 81 81 82 83 83 83 83 83 83 83 84 83 83 83 83 83 85 85 86 86 86 87 86 86 87 87 87 87 88 87 88 88 89 89 90 90 89 89 89 89 90 92 91 92 92 91 91 92 93 93 93 93 94 94 94 94 95 95 96 95 94 93 93 93 94 95 96 96 96 96 96 97 97 98 99 100 100 99 95 89 83 77 74 73 72 72 72 71 71 0 0 0 74 75 76 78 80 83 88 92 94 102 96 
72 74 77 78 77 77 76 76 75 75 75 74 74 73 73 73 74 74 74 74 75 74 75 75 75 74 74 73 73 73 73 73 73 73 72 71 69 68 67 67 67 68 69 70 70 70 70 70 70 71 72 73 74 74 75 76 77 77 78 78 78 77 78 78 79 80 81 82 83 83 83 83 84 84 85 86 87 87 87 87 87 88 88 89 89 89 89 89 89 89 89 90 90 90 90 90 91 91 91 91 92 92 92 93 93 94 94 94 94 94 95 95 96 96 97 96 96 96 96 96 97 97 98 98 98 99 98 98 99 99 99 100 99 98 97 97 97 98 99 100 100 100 100 100 101 101 103 104 104 104 100 94 87 80 75 72 71 71 71 70 70 69 0 0 0 71 73 75 77 78 81 86 90 92 93 96 
78 82 75 76 75 75 75 75 75 74 74 74 73 72 72 72 72 72 72 72 73 73 73 73 73 72 72 71 71 71 71 71 71 71 70 70 69 69 68 68 69 70 71 73 73 73 73 74 74 74 75 77 78 78 79 80 80 81 82 82 82 82 82 83 84 84 85 86 87 87 87 87 88 88 88 89 90 91 91 91 91 92 92 93 93 94 94 94 94 94 94 95 95 96 96 96 96 96 96 96 97 98 98 98 99 99 99 99 99 100 101 102 102 102 103 102 102 102 102 102 103 103 102 103 103 103 102 103 103 103 103 104 104 103 102 102 102 102 103 104 104 105 105 105 105 106 107 109 110 109 103 96 88 80 74 71 71 70 69 69 68 0 0 0 0 0 73 74 76 78 81 85 89 92 86 91 
73 71 75 75 75 75 75 75 75 74 74 73 73 72 72 71 70 70 70 70 70 70 70 70 70 70 69 70 70 70 70 71 71 71 71 72 73 72 72 72 72 73 74 75 76 76 76 77 77 78 78 80 81 81 82 83 84 84 85 85 86 86 87 87 89 89 90 91 91 92 92 92 92 92 93 94 94 95 96 96 96 96 97 97 98 98 99 99 99 99 98 99 100 100 100 100 100 100 100 101 102 102 102 103 103 103 103 104 104 105 106 106 107 107 107 106 106 106 106 107 107 107 107 108 108 108 108 108 108 108 108 109 109 108 108 107 107 107 108 108 108 109 108 109 109 110 112 114 114 113 107 99 90 81 74 71 70 69 68 68 67 0 0 0 0 0 74 74 75 77 80 84 88 91 99 88 
0 77 74 74 74 74 74 74 73 72 72 72 72 71 71 70 69 69 69 68 68 69 69 69 69 70 70 70 71 72 71 73 73 73 73 75 75 76 75 76 76 77 77 78 79 79 79 80 81 82 82 84 85 85 86 87 87 88 89 89 90 90 91 91 92 93 93 94 95 95 95 95 95 95 95 96 96 97 97 97 97 97 98 98 98 99 99 99 99 99 98 99 99 99 99 100 100 100 100 100 102 102 102 103 103 103 103 103 103 104 105 105 106 107 107 107 107 108 107 108 108 109 109 110 110 111 110 110 111 110 111 111 112 112 111 111 111 111 112 112 112 113 112 112 113 114 115 117 119 118 111 102 92 82 74 71 70 69 68 67 0 0 0 0 0 0 73 73 74 76 78 83 87 90 98 97 
76 71 73 73 73 73 73 72 72 71 71 70 70 69 70 70 70 69 69 69 69 70 70 70 71 71 71 72 73 74 73 75 75 75 76 77 78 79 79 79 79 80 80 82 83 84 84 85 85 86 86 88 89 89 89 90 90 90 91 91 91 92 92 92 93 94 94 94 95 95 95 94 94 94 94 95 95 96 96 97 97 97 97 97 98 99 99 99 99 98 98 98 98 98 98 98 98 99 99 99 100 101 101 101 102 102 102 102 102 103 103 104 104 105 106 106 106 107 106 107 107 108 108 108 109 109 109 109 110 109 110 110 111 111 112 111 111 111 112 112 112 113 113 113 114 115 117 119 121 121 114 105 94 84 74 70 69 68 67 0 0 0 0 0 0 0 72 71 73 75 77 82 87 91 98 96 
74 70 73 72 72 72 72 71 71 70 70 70 70 70 71 71 71 71 71 70 71 72 72 72 73 74 74 75 76 76 76 77 78 79 79 80 81 83 83 83 83 84 84 86 86 87 87 87 87 88 88 89 89 90 90 90 90 90 90 90 90 91 91 91 92 93 93 93 93 93 93 93 94 94 94 94 95 95 95 96 96 96 95 95 95 96 96 96 96 95 95 95 95 95 95 95 95 95 95 95 96 97 96 97 98 97 97 98 98 98 99 100 100 101 101 102 102 103 103 104 104 105 105 106 107 108 108 108 108 108 109 109 110 110 111 111 111 111 111 111 111 111 111 112 112 113 114 117 119 120 115 106 95 85 75 69 67 67 0 0 0 0 0 0 0 0 71 70 72 74 77 81 86 90 94 96 
73 69 72 71 71 72 71 70 70 70 70 71 72 72 73 73 73 73 73 73 73 73 73 74 75 76 77 78 79 79 79 80 80 81 82 83 83 84 84 84 84 85 85 86 86 87 86 87 87 87 87 88 88 88 88 88 88 88 88 87 87 88 87 87 87 87 87 87 88 88 89 90 91 92 93 94 94 94 94 95 95 93 91 89 87 86 87 87 88 90 92 92 94 94 94 94 94 95 94 94 96 96 95 96 97 96 96 97 97 97 98 98 98 100 100 101 99 97 95 94 93 95 97 100 104 106 107 107 108 107 108 108 109 110 110 110 111 110 110 110 110 110 110 110 110 111 112 114 116 118 113 104 95 85 74 68 65 0 0 0 0 0 0 0 0 0 69 70 71 73 76 80 85 89 99 102 
72 67 72 71 72 72 72 71 71 71 71 72 73 74 75 75 75 75 75 75 75 75 76 77 78 79 80 81 81 81 81 82 82 82 82 83 83 84 84 84 84 84 83 84 84 85 85 84 84 84 83 83 83 83 83 82 81 81 82 82 83 85 86 86 85 86 85 85 86 85 86 87 89 90 93 94 94 94 94 94 94 91 89 87 84 82 84 84 86 88 90 90 92 92 93 92 93 93 93 92 94 94 93 94 95 94 94 95 95 95 95 96 96 98 98 99 96 94 92 90 89 90 94 97 101 104 107 107 108 107 107 107 108 109 110 110 110 109 109 109 109 109 109 108 109 109 110 111 113 115 112 104 96 88 76 66 63 0 0 0 0 0 0 0 0 0 67 68 70 72 75 79 83 88 95 85 
0 71 72 72 73 73 72 72 72 73 73 73 75 76 76 77 77 77 77 77 77 77 77 78 79 80 80 81 81 81 81 82 82 81 81 81 81 81 81 81 80 80 80 80 79 80 80 81 81 83 83 83 82 82 81 81 80 79 80 80 81 83 85 84 84 84 83 83 84 82 83 85 87 89 92 93 94 94 94 94 93 89 86 83 79 75 79 79 81 84 87 86 90 90 89 89 89 90 89 89 89 90 89 90 91 91 90 91 91 91 92 93 93 94 94 95 91 88 87 85 83 84 89 94 98 101 106 107 107 107 107 107 108 109 109 109 109 109 108 108 108 108 108 108 108 108 109 110 112 114 111 103 97 90 78 63 0 0 0 0 0 0 0 0 0 0 0 68 69 72 74 78 82 87 85 94 
69 67 72 73 73 74 73 74 74 75 75 75 76 77 77 77 78 77 77 77 78 77 77 78 79 80 80 81 81 81 81 81 81 80 78 78 77 77 79 80 79 79 79 78 77 78 78 78 79 81 81 81 80 80 79 78 77 76 76 77 78 80 82 80 79 79 79 78 79 77 79 82 85 87 92 93 94 93 93 93 92 87 84 80 73 66 68 68 70 73 77 76 81 81 81 82 82 83 82 82 83 83 82 82 82 82 81 82 82 83 83 84 85 86 86 87 81 77 75 73 72 75 84 90 96 100 105 106 107 106 107 107 107 108 108 108 108 108 108 108 108 108 108 107 107 107 107 108 110 111 109 102 97 92 80 62 0 0 0 0 0 0 0 0 0 0 0 68 69 71 74 77 81 85 91 97 
71 72 73 74 74 74 74 75 75 76 76 76 76 77 77 76 77 76 76 76 77 76 77 78 78 79 79 80 81 81 81 81 79 77 76 75 75 75 77 78 77 77 77 75 74 75 75 75 76 78 77 76 76 74 73 72 70 68 68 69 69 71 74 71 69 68 68 68 70 70 75 80 83 86 91 92 93 93 93 93 92 85 81 76 67 53 46 45 0 0 0 0 0 0 0 0 0 0 0 0 0 0 0 0 0 0 0 0 0 0 0 0 0 0 0 0 0 0 0 49 51 65 79 88 94 98 104 106 107 106 106 107 107 108 108 108 108 108 108 108 108 108 107 107 106 106 106 107 108 109 108 101 99 95 84 65 0 0 0 0 0 0 0 0 0 0 0 68 68 71 74 76 80 84 90 89 
70 74 74 75 75 75 76 76 76 76 77 76 76 76 76 75 75 75 75 75 76 76 76 77 78 78 78 79 79 80 81 80 78 77 74 72 71 72 74 75 74 74 73 71 69 69 69 68 69 70 68 67 65 64 64 62 59 56 54 0 0 0 0 0 0 0 0 0 0 69 77 82 84 86 91 92 93 93 93 93 92 86 83 81 74 59 0 0 0 0 0 0 0 0 0 0 0 0 0 0 0 0 0 0 0 0 0 0 0 0 0 0 0 0 0 0 0 0 0 0 0 73 84 91 95 97 104 106 106 106 106 107 107 108 108 108 108 108 107 107 108 107 106 106 106 106 106 106 107 109 108 102 100 98 88 69 0 0 0 0 0 0 0 0 0 0 0 66 68 71 73 75 80 84 81 94 
70 78 75 76 75 75 75 75 75 75 76 75 75 75 75 74 74 73 73 73 74 75 76 77 77 77 78 79 79 80 81 80 77 75 72 68 64 63 66 68 67 67 67 62 59 57 53 0 0 0 0 0 0 0 0 0 0 0 0 0 0 0 0 0 0 0 0 0 0 71 78 82 85 86 91 92 92 93 92 93 92 85 83 80 73 58 0 0 0 0 0 0 0 0 0 0 0 0 0 0 0 0 0 0 0 0 0 0 0 0 0 0 0 0 0 0 0 0 0 0 0 72 83 90 94 96 103 105 106 106 106 107 107 107 107 107 107 107 107 107 107 106 106 105 105 105 105 105 106 107 107 101 99 97 88 71 0 0 0 0 0 0 0 0 0 0 0 66 67 71 73 75 79 83 91 83 
78 76 74 75 75 75 75 74 74 74 75 74 74 74 74 73 73 72 72 72 73 74 75 77 77 77 78 78 79 79 80 80 77 75 71 66 57 0 0 0 0 0 0 0 0 0 0 0 0 0 0 0 0 0 0 0 0 0 0 0 0 0 0 0 0 0 0 0 0 72 79 83 85 87 91 92 92 92 92 92 91 85 83 79 73 58 0 0 0 0 0 0 0 0 0 0 0 0 0 0 0 0 0 0 0 0 0 0 0 0 0 0 0 0 0 0 0 0 0 0 0 72 83 89 93 95 102 104 106 106 106 107 107 107 106 106 106 106 106 106 106 105 105 104 104 104 103 104 104 106 107 101 100 98 91 75 0 0 0 0 0 0 0 0 0 0 0 66 67 69 72 74 78 82 88 94 
74 70 74 74 74 74 74 74 73 73 74 74 73 73 73 72 71 71 70 70 72 73 74 76 77 77 77 78 78 79 80 78 76 75 73 68 0 0 0 0 0 0 0 0 0 0 0 0 0 0 0 0 0 0 0 0 0 0 0 0 0 0 0 49 49 49 0 0 0 71 79 83 85 87 91 92 92 93 92 92 92 85 82 79 72 57 0 0 0 0 0 0 0 0 0 0 0 0 0 0 0 0 0 0 0 0 0 0 0 0 0 0 0 0 0 0 0 0 0 0 0 67 80 88 91 94 101 104 105 106 106 106 106 106 105 105 106 105 105 106 106 105 104 104 104 103 103 103 104 106 107 102 101 99 93 77 0 0 0 0 0 0 0 0 0 0 0 65 67 69 71 73 77 82 83 93 
73 68 73 73 74 74 74 73 72 72 73 72 72 73 73 71 70 69 67 68 70 72 73 76 76 76 77 77 77 78 78 77 76 75 74 69 0 0 0 0 0 0 0 0 0 0 0 0 0 0 0 0 0 0 0 0 0 0 0 0 0 0 52 50 49 50 48 46 0 69 79 83 85 87 92 93 92 93 93 93 92 85 82 79 72 57 0 0 0 0 0 0 0 0 0 0 0 0 0 0 0 0 0 0 0 0 0 0 0 0 0 0 0 0 0 0 0 0 0 0 0 62 78 86 90 93 101 104 105 106 106 106 107 106 105 105 106 105 105 106 105 105 104 104 103 103 103 103 104 105 107 102 99 97 91 75 0 0 0 0 0 0 0 0 0 0 0 65 67 69 70 73 76 81 88 89 
68 71 71 72 73 73 73 72 72 71 72 72 72 72 72 70 68 67 65 66 70 72 74 76 76 76 77 77 77 78 79 77 77 76 75 69 0 0 0 0 0 0 0 0 0 0 0 0 0 0 0 0 0 0 0 0 0 0 0 0 0 51 51 50 49 49 48 46 0 68 78 83 85 87 92 92 92 93 93 92 91 84 81 78 70 56 0 0 0 0 0 0 0 0 0 0 0 0 0 0 0 0 0 0 0 0 0 0 0 0 0 0 0 0 0 0 0 0 0 0 0 59 76 85 89 92 101 103 104 105 106 106 106 106 105 105 105 105 105 105 105 104 104 104 103 103 102 102 103 104 106 102 99 97 92 76 0 0 0 0 0 0 0 0 0 0 0 64 67 68 70 72 76 80 83 93 
67 70 71 71 72 72 71 72 71 70 71 71 71 72 71 69 68 66 65 66 70 73 74 76 76 76 76 77 77 78 79 76 76 75 73 67 0 0 0 0 0 0 0 0 0 0 0 0 0 0 0 0 0 0 0 0 0 0 0 0 0 51 51 50 49 49 48 46 0 68 78 83 85 87 92 92 92 93 92 92 91 84 81 78 71 56 0 0 0 0 0 0 0 0 0 0 0 0 0 0 0 0 0 0 0 0 0 0 0 0 0 0 0 0 0 0 0 0 0 0 0 56 74 84 88 91 101 103 104 105 105 106 106 106 105 105 105 105 105 105 105 105 104 104 103 103 103 103 104 105 107 103 98 96 91 75 0 0 0 0 0 0 0 0 0 0 0 63 66 67 69 71 75 80 85 90 
72 72 70 70 71 71 71 71 71 71 71 71 71 72 71 70 68 67 66 68 71 73 75 76 76 76 76 76 77 78 78 76 75 74 72 65 0 0 0 0 0 0 0 0 0 0 0 0 0 0 0 0 0 0 0 0 0 0 0 0 0 51 51 50 49 50 48 47 0 66 77 82 85 86 91 92 92 92 92 92 91 84 81 78 71 57 0 0 0 0 0 0 0 0 0 0 0 0 0 0 0 0 0 0 0 0 0 0 0 0 0 0 0 0 0 0 0 0 0 0 0 52 72 82 87 90 101 103 104 104 105 105 106 105 105 105 105 105 105 105 105 104 104 104 103 103 103 103 104 105 107 103 97 95 90 75 0 0 0 0 0 0 0 0 0 0 0 63 66 66 68 70 74 79 87 91 
76 71 70 70 71 71 71 71 70 70 70 71 71 71 71 70 69 68 68 70 71 74 75 76 75 76 76 76 77 77 78 75 75 73 71 63 0 0 0 0 0 0 0 0 0 0 0 0 0 0 0 0 0 0 0 0 0 0 0 0 0 50 50 50 49 49 48 47 0 65 76 81 84 86 91 92 92 92 92 92 90 83 81 77 71 57 0 0 0 0 0 0 0 0 0 0 0 0 0 0 0 0 0 0 0 0 0 0 0 0 0 0 0 0 0 0 0 0 0 0 0 49 70 81 86 90 101 103 104 104 105 105 106 106 106 106 106 105 105 105 104 103 104 103 103 103 103 103 103 104 106 104 96 93 89 76 57 0 0 0 0 0 0 0 0 0 0 63 67 67 68 70 74 78 83 95 
67 67 70 70 70 70 70 70 70 70 71 71 71 72 71 71 70 70 70 71 72 74 74 75 75 75 76 76 77 77 78 75 75 74 72 63 0 0 0 0 0 0 0 0 0 0 0 0 0 0 0 0 0 0 0 0 0 0 0 0 0 0 0 49 48 48 0 0 0 66 76 82 84 86 91 92 92 92 92 91 90 83 81 77 71 57 0 0 0 0 0 0 0 0 0 0 0 0 0 0 0 0 0 0 0 0 0 0 0 0 0 0 0 0 0 0 0 0 0 0 0 47 71 82 87 91 100 103 104 104 105 105 105 105 105 105 105 105 104 104 104 103 103 103 103 102 102 102 103 103 105 104 97 95 91 80 60 0 0 0 0 0 0 0 0 0 0 65 67 67 68 70 73 78 86 86 
70 72 70 70 70 70 70 70 70 70 70 71 71 72 71 71 71 71 71 72 73 73 74 75 75 76 76 77 77 77 78 76 75 74 73 65 0 0 0 0 0 0 0 0 0 0 0 0 0 0 0 0 0 0 0 0 0 0 0 0 0 0 0 0 0 0 0 0 0 66 77 82 84 86 91 92 92 92 92 91 90 83 81 77 71 58 0 0 0 0 0 0 0 0 0 0 0 0 0 0 0 0 0 0 0 0 0 0 0 0 0 0 0 0 0 0 0 0 0 0 0 0 72 84 89 92 100 103 103 104 104 105 105 105 105 105 105 105 104 105 104 103 103 102 102 102 102 103 103 104 105 105 96 94 90 79 60 0 0 0 0 0 0 0 0 0 0 66 67 67 68 70 73 77 84 84 
68 76 69 69 69 70 70 70 70 70 70 71 71 71 71 71 72 72 72 73 74 74 74 74 75 76 76 76 77 77 78 76 75 74 73 66 0 0 0 0 0 0 0 0 0 0 0 0 0 0 0 0 0 0 0 0 0 0 0 0 0 0 0 0 0 0 0 0 0 66 77 82 85 86 91 92 92 92 92 91 90 83 81 77 70 57 0 0 0 0 0 0 0 0 0 0 0 0 0 0 0 0 0 0 0 0 0 0 0 0 0 0 0 0 0 0 0 0 0 0 0 0 74 86 91 94 100 103 104 104 104 104 104 105 105 105 105 105 105 105 104 103 103 102 102 102 102 102 102 103 105 105 97 95 91 82 62 0 0 0 0 0 0 0 0 0 0 0 67 67 69 70 73 77 81 88 
72 66 68 68 69 69 69 69 69 69 70 70 70 71 70 70 71 71 72 73 74 74 74 75 75 75 76 77 77 77 78 75 75 73 72 65 0 0 0 0 0 0 0 0 0 0 0 0 0 0 0 0 0 0 0 0 0 0 0 0 0 0 0 0 0 0 0 0 0 67 78 83 85 86 91 92 92 92 92 92 90 83 81 77 70 56 0 0 0 0 0 0 0 0 0 0 0 0 0 0 0 0 0 0 0 0 0 0 0 0 0 0 0 0 0 0 0 0 0 0 0 0 73 84 90 93 99 103 104 104 105 105 105 105 104 104 105 105 105 105 104 103 102 102 101 101 101 102 102 103 105 105 98 96 94 85 66 0 0 0 0 0 0 0 0 0 0 0 69 68 69 71 73 76 81 83 
68 68 68 68 68 68 68 69 69 68 69 69 69 70 70 70 71 72 72 73 74 74 74 75 75 75 76 77 77 77 78 75 74 73 71 63 0 0 0 0 0 0 0 0 0 0 0 0 0 0 0 0 0 0 0 0 0 0 0 0 0 0 0 0 0 0 0 0 0 68 78 83 85 86 91 92 92 92 92 92 90 83 81 77 70 56 0 0 0 0 0 0 0 0 0 0 0 0 0 0 0 0 0 0 0 0 0 0 0 0 0 0 0 0 0 0 0 0 0 0 0 0 72 83 89 93 99 103 104 104 104 104 104 104 104 104 104 104 104 105 104 103 103 102 102 101 101 102 102 103 105 106 99 98 95 88 69 0 0 0 0 0 0 0 0 0 0 0 68 68 69 71 73 77 81 92 
66 65 68 67 68 68 68 68 68 68 69 69 69 70 70 71 71 72 72 72 73 73 74 75 75 76 76 77 77 77 77 74 73 72 69 62 0 0 0 0 0 0 0 0 0 0 0 0 0 0 0 0 0 0 0 0 0 0 0 0 0 0 0 0 0 0 0 0 0 69 79 83 85 87 91 92 92 92 91 92 90 83 81 78 70 56 0 0 0 0 0 0 0 0 0 0 0 0 0 0 0 0 0 0 0 0 0 0 0 0 0 0 0 0 0 0 0 0 0 0 0 0 70 82 88 91 98 102 103 103 104 104 104 104 104 104 104 104 104 104 104 103 103 102 102 101 101 102 102 103 105 106 100 99 96 89 69 0 0 0 0 0 0 0 0 0 0 0 66 67 68 70 72 76 86 83 
69 65 68 67 68 68 68 68 68 68 69 69 69 70 71 71 71 72 72 72 73 73 74 74 75 75 75 76 76 77 77 73 72 70 66 57 0 0 0 0 0 0 0 0 0 0 0 0 0 0 0 0 0 0 0 0 0 0 0 0 0 0 0 0 0 0 0 0 0 70 79 84 86 87 92 92 92 92 92 92 91 83 81 78 71 56 0 0 0 0 0 0 0 0 0 0 0 0 0 0 0 0 0 0 0 0 0 0 0 0 0 0 0 0 0 0 0 0 0 0 0 0 68 81 87 91 97 102 103 104 104 104 104 104 104 104 104 104 103 104 104 103 103 103 102 101 101 102 102 103 105 107 101 100 98 92 72 0 0 0 0 0 0 0 0 0 0 0 64 65 67 69 71 75 82 81 
70 66 68 68 68 68 68 68 68 68 69 69 69 69 70 70 71 72 72 72 73 73 74 74 75 75 75 75 76 77 76 72 71 69 65 55 0 0 0 0 0 0 0 0 0 0 0 0 0 0 0 0 0 0 0 0 0 0 0 0 0 0 0 0 0 0 0 0 0 70 79 84 86 87 91 92 92 92 92 92 91 84 82 78 72 57 0 0 0 0 0 0 0 0 0 0 0 0 0 0 0 0 0 0 0 0 0 0 0 0 0 0 0 0 0 0 0 0 0 0 0 0 64 77 84 88 97 102 103 103 104 104 103 104 104 104 104 104 103 103 104 103 103 102 102 101 101 102 102 103 105 107 101 101 100 94 74 0 0 0 0 0 0 0 0 0 0 0 63 65 66 68 70 74 78 87 
68 73 68 68 68 69 68 69 69 69 69 69 69 70 70 71 71 71 71 72 72 72 73 74 74 75 75 75 76 77 76 72 70 68 63 53 0 0 0 0 0 0 0 0 0 0 0 0 0 0 0 0 0 0 0 0 0 0 0 0 0 0 0 0 0 0 0 0 0 70 79 83 86 87 91 92 92 92 92 92 91 84 82 79 73 59 0 0 0 0 0 0 0 0 0 0 0 0 0 0 0 0 0 0 0 0 0 0 0 0 0 0 0 0 0 0 0 0 0 0 0 0 66 80 86 90 97 102 103 103 103 103 103 104 104 104 104 104 103 103 104 103 103 102 102 101 102 102 102 103 104 107 101 101 99 95 76 0 0 0 0 0 0 0 0 0 0 0 62 63 66 67 70 73 78 82 
66 68 68 68 68 68 68 68 69 69 69 69 70 70 71 71 72 71 71 71 72 73 73 74 75 75 75 76 77 78 77 72 71 69 63 53 0 0 0 0 0 0 0 0 0 0 0 0 0 0 0 0 0 0 0 0 0 0 0 0 0 0 0 0 0 0 0 0 0 71 80 84 86 87 91 91 92 92 91 92 91 84 82 79 72 58 0 0 0 0 0 0 0 0 0 0 0 0 0 0 0 0 0 0 0 0 0 0 0 0 0 0 0 0 0 0 0 0 0 0 0 0 68 82 88 92 96 102 103 104 104 104 103 104 105 104 104 105 104 103 103 103 102 102 102 101 101 102 102 103 104 107 102 102 100 96 79 0 0 0 0 0 0 0 0 0 0 0 61 63 64 66 68 73 78 77 
68 67 67 67 67 67 68 68 68 68 69 69 70 70 70 71 71 71 71 71 72 73 73 73 74 75 75 76 77 78 77 72 71 68 63 52 0 0 0 0 0 0 0 0 0 0 0 0 0 0 0 0 0 0 0 0 0 0 0 0 0 0 0 0 0 0 0 0 0 71 80 84 85 87 91 92 92 92 91 92 91 84 81 78 71 57 0 0 0 0 0 0 0 0 0 0 0 0 0 0 0 0 0 0 0 0 0 0 0 0 0 0 0 0 0 0 0 0 0 0 0 0 66 82 88 92 96 103 103 104 104 104 104 105 105 105 105 105 104 104 104 103 102 102 102 102 101 102 102 102 104 107 103 102 102 98 83 0 0 0 0 0 0 0 0 0 0 0 61 63 65 66 69 73 79 83 
69 68 66 67 67 67 67 68 68 68 68 68 69 69 69 70 71 71 71 72 72 73 73 73 74 75 75 76 78 78 77 74 73 70 63 0 0 0 0 0 0 0 0 0 0 0 0 0 0 0 0 0 0 0 0 0 0 0 0 0 0 0 0 0 0 0 0 0 0 72 81 84 86 87 91 92 92 92 91 92 90 83 80 78 70 54 0 0 0 0 0 0 0 0 0 0 0 0 0 0 0 0 0 0 0 0 0 0 0 0 0 0 0 0 0 0 0 0 0 0 0 0 65 81 88 92 96 103 103 104 103 104 104 105 105 105 105 105 104 104 103 102 102 101 101 101 101 102 102 103 104 106 103 100 99 94 80 0 0 0 0 0 0 0 0 0 0 0 61 64 65 67 69 73 75 88 
65 62 66 66 66 66 67 68 68 68 68 69 70 69 70 70 70 70 71 71 72 73 73 74 74 75 75 76 77 78 76 74 73 70 64 0 0 0 0 0 0 0 0 0 0 0 0 0 0 0 0 0 0 0 0 0 0 0 0 0 0 0 0 0 0 0 0 0 0 74 81 84 86 87 91 91 92 92 91 92 90 83 78 75 67 51 0 0 0 0 0 0 0 0 0 0 0 0 0 0 0 0 0 0 0 0 0 0 0 0 0 0 0 0 0 0 0 0 0 0 0 0 68 84 90 94 96 103 103 104 104 104 104 105 105 105 105 105 104 104 103 103 102 102 101 101 101 102 102 102 104 106 103 98 97 92 79 0 0 0 0 0 0 0 0 0 0 0 61 64 65 67 69 74 76 82 
66 66 65 65 65 66 67 67 67 68 68 68 69 69 70 70 70 71 72 71 72 73 73 74 75 75 76 77 78 78 76 75 74 71 66 0 0 0 0 0 0 0 0 0 0 0 0 0 0 0 0 0 0 0 0 0 0 0 0 0 0 0 0 0 0 0 0 0 0 74 81 84 86 87 90 91 92 92 91 91 90 82 75 72 63 48 0 0 0 0 0 0 0 0 0 0 0 0 0 0 0 0 0 0 0 0 0 0 0 0 0 0 0 0 0 0 0 0 0 0 0 0 67 83 90 94 96 103 103 104 103 104 104 105 105 104 104 104 103 104 103 103 102 102 102 101 101 102 102 102 104 106 103 97 95 90 78 0 0 0 0 0 0 0 0 0 0 0 62 65 66 67 69 74 78 88 
68 68 65 65 66 66 68 68 68 68 68 68 68 69 69 70 70 70 71 72 72 73 73 74 75 75 76 77 77 78 76 76 75 72 68 0 0 0 0 0 0 0 0 0 0 0 0 0 0 0 0 0 0 0 0 0 0 0 0 0 0 0 0 0 0 0 0 0 0 75 82 84 87 88 91 92 92 92 91 91 90 82 74 70 62 47 0 0 0 0 0 0 0 0 0 0 0 0 0 0 0 0 0 0 0 0 0 0 0 0 0 0 0 0 0 0 0 0 0 0 0 0 66 83 90 94 96 103 104 104 103 104 104 105 104 104 104 104 103 104 104 103 103 103 102 102 101 102 102 102 104 105 103 96 94 89 78 58 0 0 0 0 0 0 0 0 0 0 61 65 66 68 70 74 81 81 
66 64 66 66 66 67 68 68 68 68 68 68 68 69 69 69 70 70 71 72 72 73 73 74 75 75 76 77 78 78 76 76 75 72 67 0 0 0 0 0 0 0 0 0 0 0 0 0 0 0 0 0 0 0 0 0 0 0 0 0 0 0 0 0 0 0 0 0 0 75 82 85 87 88 91 92 92 92 91 92 90 82 73 68 60 46 39 0 0 0 0 0 0 0 0 0 0 0 0 0 0 0 0 0 0 0 0 0 0 0 0 0 0 0 0 0 0 0 0 0 0 0 63 80 87 92 96 103 104 104 104 104 104 104 104 104 104 103 103 103 103 103 102 102 102 102 101 102 102 102 103 105 104 95 93 89 78 59 0 0 0 0 0 0 0 0 0 0 62 64 65 67 69 73 74 88 
69 68 66 66 66 67 67 68 67 67 67 68 68 69 69 70 70 71 71 72 73 74 74 74 75 76 75 76 77 77 75 75 74 71 66 0 0 0 0 0 0 0 0 0 0 0 0 0 0 0 0 0 0 0 0 0 0 0 0 0 0 0 0 0 0 0 0 0 0 75 82 85 87 88 91 92 92 92 92 92 90 82 71 67 59 45 38 0 0 0 0 0 0 0 0 0 0 0 0 0 0 0 0 0 0 0 0 0 0 0 0 0 0 0 0 0 0 0 0 0 0 0 60 77 85 90 96 104 105 105 104 104 104 104 104 104 104 104 104 104 104 103 103 103 102 101 101 101 102 102 103 105 105 96 95 91 81 62 0 0 0 0 0 0 0 0 0 0 0 63 66 67 69 73 76 86 
70 65 66 66 67 67 67 68 67 67 67 68 68 69 69 70 70 71 72 72 73 74 74 75 75 76 75 77 77 77 75 75 73 71 65 0 0 0 0 0 0 0 0 0 0 0 0 0 0 0 0 0 0 0 0 0 0 0 0 0 0 0 0 0 0 0 0 0 0 69 79 83 85 88 91 92 92 92 92 92 90 83 72 67 59 46 39 0 0 0 0 0 0 0 0 0 0 0 0 0 0 0 0 0 0 0 0 0 0 0 0 0 0 0 0 0 0 0 0 0 0 0 59 76 84 89 96 104 105 105 104 104 104 104 104 104 104 104 104 104 104 103 103 103 102 102 102 101 102 102 103 105 105 98 96 92 84 65 0 0 0 0 0 0 0 0 0 0 0 62 64 66 68 72 78 77 
65 65 66 66 66 67 67 68 67 67 67 67 68 68 68 69 70 71 72 73 73 74 74 75 75 75 75 76 76 76 74 74 73 71 64 0 0 0 0 0 0 0 0 0 0 0 0 0 0 0 0 0 0 0 0 0 0 0 0 0 0 0 0 0 0 0 0 0 0 65 76 80 83 88 92 92 92 92 92 92 91 83 72 67 59 46 39 0 0 0 0 0 0 0 0 0 0 0 0 0 0 0 0 0 0 0 0 0 0 0 0 0 0 0 0 0 0 0 0 0 0 0 60 77 85 90 97 104 105 105 105 104 104 104 104 105 105 105 105 104 104 103 103 102 102 102 101 101 102 102 103 105 106 99 97 94 86 68 0 0 0 0 0 0 0 0 0 0 0 61 64 66 68 71 72 81 
60 64 66 67 67 67 67 67 67 67 67 68 68 68 69 70 70 71 72 73 73 74 73 74 75 75 75 76 76 76 73 73 72 70 63 0 0 0 0 0 0 0 0 0 0 0 0 0 0 0 0 0 0 0 0 0 0 0 0 0 0 0 0 0 0 0 0 0 0 63 73 78 81 88 91 91 92 92 92 92 91 83 73 68 60 46 39 0 0 0 0 0 0 0 0 0 0 0 0 0 0 0 0 0 0 0 0 0 0 0 0 0 0 0 0 0 0 0 0 0 0 0 57 73 82 87 96 104 106 106 105 105 105 105 105 105 105 105 105 104 104 103 103 102 102 101 101 101 102 102 103 105 106 99 98 95 88 69 0 0 0 0 0 0 0 0 0 0 0 61 63 65 67 70 73 81 
71 60 66 67 67 67 67 68 68 68 68 69 69 69 69 70 70 71 71 72 73 74 73 74 74 75 75 76 75 76 73 72 71 69 61 0 0 0 0 0 0 0 0 0 0 0 0 0 0 0 0 0 0 0 0 0 0 0 0 0 0 0 0 0 0 0 0 0 39 61 71 76 79 88 91 91 92 92 92 92 92 84 73 68 59 46 38 0 0 0 0 0 0 0 0 0 0 0 0 0 0 0 0 0 0 0 0 0 0 0 0 0 0 0 0 0 0 0 0 0 0 0 57 75 84 89 96 105 106 106 106 106 106 105 105 105 105 105 105 105 104 103 103 102 102 101 101 101 101 102 103 105 106 99 98 96 88 70 0 0 0 0 0 0 0 0 0 0 0 0 63 65 67 70 84 72 
69 66 66 66 66 67 67 67 67 68 68 68 69 69 69 69 70 70 71 72 72 73 73 74 74 75 75 76 76 76 74 73 71 70 63 0 0 0 0 0 0 0 0 0 0 0 0 0 0 0 0 0 0 0 0 0 0 0 0 0 0 0 0 0 0 0 0 0 40 60 70 75 78 88 91 91 92 92 92 93 92 84 73 68 60 46 39 0 0 0 0 0 0 0 0 0 0 0 0 0 0 0 0 0 0 0 0 0 0 0 0 0 0 0 0 0 0 0 0 0 0 0 56 74 84 89 96 105 106 106 106 106 106 106 106 106 105 105 105 104 103 103 103 102 102 102 101 101 101 102 103 105 106 100 98 96 89 69 0 0 0 0 0 0 0 0 0 0 0 0 0 63 67 70 69 79 
67 67 66 66 66 66 67 67 67 68 68 68 69 69 69 69 70 70 70 71 71 72 73 73 74 75 75 76 76 76 74 73 72 70 64 0 0 0 0 0 0 0 0 0 0 0 0 0 0 0 0 0 0 0 0 0 0 0 0 0 0 0 0 0 0 0 0 0 39 60 70 75 78 89 91 92 92 92 93 93 92 85 73 68 60 47 38 0 0 0 0 0 0 0 0 0 0 0 0 0 0 0 0 0 0 0 0 0 0 0 0 0 0 0 0 0 0 0 0 0 0 0 54 72 82 87 97 105 106 106 106 106 106 106 106 106 105 105 105 104 104 103 103 102 102 102 101 101 101 102 103 105 107 100 99 97 90 69 0 0 0 0 0 0 0 0 0 0 0 0 0 0 67 70 66 79 
70 63 66 66 66 66 66 67 67 68 68 69 69 69 69 70 70 70 70 71 71 71 72 73 74 75 75 76 76 76 74 73 72 70 65 0 0 0 0 0 0 0 0 0 0 0 0 0 0 0 0 0 0 0 0 0 0 0 0 0 0 0 0 0 0 0 0 0 39 60 70 75 79 89 91 91 92 93 93 93 92 85 73 68 61 47 38 0 0 0 0 0 0 0 0 0 0 0 0 0 0 0 0 0 0 0 0 0 0 0 0 0 0 0 0 0 0 0 0 0 0 41 52 70 79 85 96 105 106 106 106 107 106 106 106 106 105 105 105 104 104 104 103 103 102 102 101 100 101 102 103 105 107 100 99 97 90 68 0 0 0 0 0 0 0 0 0 0 0 0 0 0 65 71 70 73 
65 67 64 65 65 66 67 67 68 68 68 68 69 69 69 70 70 70 71 71 71 71 72 73 74 75 75 76 76 76 74 74 73 71 64 0 0 0 0 0 0 0 0 0 0 0 0 0 0 0 0 0 0 0 0 0 0 0 0 0 0 0 0 0 0 0 0 0 40 61 70 75 79 89 91 92 92 93 93 93 92 85 74 69 61 48 40 0 0 0 0 0 0 0 0 0 0 0 0 0 0 0 0 0 0 0 0 0 0 0 0 0 0 0 0 0 0 0 0 0 0 41 52 70 79 85 96 105 106 106 106 106 106 106 106 106 106 105 105 104 104 103 103 102 102 102 101 100 101 102 102 104 107 100 99 96 89 67 0 0 0 0 0 0 0 0 0 0 0 0 0 0 64 70 58 77 
60 67 64 65 65 65 66 67 67 67 67 67 68 68 69 69 70 70 71 71 71 71 72 73 74 75 75 76 76 77 75 75 74 72 68 0 0 0 0 0 0 0 0 0 0 0 0 0 0 0 0 0 0 0 0 0 0 0 0 0 0 0 0 0 0 0 0 0 41 62 71 76 79 90 92 92 92 93 92 92 92 85 74 69 62 49 41 0 0 0 0 0 0 0 0 0 41 0 0 0 0 0 0 0 0 0 0 0 0 0 0 0 0 0 0 0 0 0 0 0 0 42 51 68 78 83 96 105 106 106 106 106 106 106 106 106 106 105 105 104 104 104 103 103 102 102 101 101 101 102 102 104 107 100 99 97 90 69 0 0 0 0 0 0 0 0 0 0 0 0 0 0 64 70 68 79 
62 59 64 65 65 66 66 67 67 67 67 67 68 68 69 70 70 70 71 70 71 71 72 73 74 75 75 76 77 77 75 75 74 72 67 0 0 0 0 0 0 0 0 0 0 0 0 0 0 0 0 0 0 0 0 0 0 0 0 0 0 0 0 0 0 0 0 0 40 61 71 76 79 90 92 92 92 93 92 92 92 85 74 70 63 50 42 0 0 0 0 0 0 0 0 0 41 0 0 0 0 0 0 0 0 0 0 0 0 0 0 0 0 0 0 0 0 0 0 0 0 43 51 67 77 83 96 105 106 106 106 107 107 107 106 106 106 105 104 104 104 103 103 103 102 102 101 101 101 101 102 104 107 100 100 98 91 71 0 0 0 0 0 0 0 0 0 0 0 0 0 0 62 70 59 69 
61 64 64 65 65 66 67 67 67 67 67 67 68 68 69 70 70 70 71 71 71 72 72 73 74 74 75 76 76 77 75 75 74 72 66 0 0 0 0 0 0 0 0 0 0 0 0 0 0 0 0 0 0 0 0 0 0 0 0 0 0 0 0 0 0 0 0 0 42 62 72 77 80 90 91 91 92 92 92 93 92 85 75 71 64 51 43 0 0 0 0 0 0 0 0 0 41 0 0 0 0 0 0 0 0 0 0 0 0 0 0 0 0 0 0 0 0 0 0 0 0 44 52 68 77 84 96 105 107 107 106 107 107 107 106 106 105 105 104 104 104 103 103 102 102 102 101 101 101 101 102 103 106 100 99 98 92 71 0 0 0 0 0 0 0 0 0 0 0 0 0 0 62 69 0 73 
69 65 63 64 65 66 66 67 67 67 67 67 68 68 69 69 70 70 71 71 71 72 72 73 74 74 75 76 76 77 75 75 74 72 67 0 0 0 0 0 0 0 0 0 0 0 0 0 0 0 0 0 0 0 0 0 0 0 0 0 0 0 0 0 0 0 0 0 44 63 73 78 80 90 92 92 92 92 93 93 93 86 76 71 64 52 45 0 0 0 0 0 0 0 0 0 41 0 0 0 0 0 0 0 0 0 0 0 0 0 0 0 0 0 0 0 0 0 0 0 0 45 52 67 77 84 96 105 107 107 107 107 107 107 106 106 106 105 104 104 104 103 102 102 102 101 101 101 101 101 102 103 106 100 100 98 92 72 0 0 0 0 0 0 0 0 0 0 0 0 0 0 60 68 64 80 
61 66 64 64 65 66 66 67 67 67 67 67 68 68 68 69 70 71 71 71 72 72 72 73 74 75 75 76 76 77 75 75 74 72 67 0 0 0 0 0 0 0 0 0 0 0 0 0 0 0 0 0 0 0 0 0 0 0 0 0 0 0 0 0 0 0 0 0 44 64 73 78 81 91 92 92 92 93 93 94 93 86 76 72 65 52 45 0 0 0 0 0 0 0 0 0 0 0 0 0 0 0 0 0 0 0 0 0 0 0 0 0 0 0 0 0 0 0 0 0 0 44 52 67 77 84 96 105 107 107 107 107 107 107 107 106 106 105 105 104 104 104 103 103 102 102 101 101 101 101 102 104 106 100 100 99 94 74 0 0 0 0 0 0 0 0 0 0 0 0 0 0 62 70 57 75 
61 57 64 64 65 66 67 67 68 68 68 68 68 68 69 69 70 71 71 71 72 72 72 73 74 75 76 76 77 77 75 74 73 71 64 0 0 0 0 0 0 0 0 0 0 0 0 0 0 0 0 0 0 0 0 0 0 0 0 0 0 0 0 0 0 0 0 0 45 65 74 79 82 91 92 92 92 93 94 94 94 87 78 73 66 54 46 0 0 0 0 0 0 0 0 0 0 0 0 0 0 0 0 0 0 0 0 0 0 0 0 0 0 0 0 0 0 0 0 0 0 45 52 67 77 83 96 105 107 107 107 107 107 107 106 106 105 105 105 104 104 104 103 103 102 102 101 101 101 101 102 103 106 100 100 99 94 75 0 0 0 0 0 0 0 0 0 0 0 0 0 0 62 70 60 74 
66 63 63 64 65 66 66 67 68 68 68 68 68 68 69 69 70 71 71 72 72 72 73 74 75 75 76 76 76 76 74 73 72 70 64 0 0 0 0 0 0 0 0 0 0 0 0 0 0 0 0 0 0 0 0 0 0 0 0 0 0 0 0 0 0 0 0 0 46 66 75 80 82 91 92 92 92 93 94 95 94 88 78 74 67 55 48 0 0 0 0 0 0 0 0 0 0 0 42 42 42 42 0 0 0 0 0 0 0 0 0 0 0 0 0 0 0 0 0 0 0 45 52 67 77 83 96 105 107 107 107 107 107 107 107 106 106 106 105 105 105 104 104 103 103 102 101 101 101 101 101 103 106 101 100 100 95 76 0 0 0 0 0 0 0 0 0 0 0 0 0 0 61 69 69 82 
63 62 63 64 65 66 66 67 68 67 68 68 68 68 69 69 70 71 71 72 72 72 73 74 75 75 76 76 77 76 74 73 72 69 63 0 0 0 0 0 0 0 0 0 0 0 0 0 0 0 0 0 0 0 0 0 0 0 0 0 0 0 0 0 0 0 0 0 46 67 75 80 83 92 93 93 93 93 94 94 94 88 79 75 68 56 49 0 0 0 0 0 0 0 0 0 0 0 44 44 44 44 0 0 0 0 0 0 0 0 0 0 0 0 0 0 0 0 0 0 0 43 51 66 77 83 95 105 107 107 108 107 107 107 107 106 106 106 105 106 105 104 104 104 103 101 101 101 101 101 102 103 106 101 98 97 92 74 0 0 0 0 0 0 0 0 0 0 0 0 0 0 63 71 62 77 
60 61 64 65 66 66 67 67 68 67 67 68 68 68 69 70 70 71 71 72 72 73 73 73 74 75 76 76 76 76 74 73 72 69 63 0 0 0 0 0 0 0 0 0 0 0 0 0 0 0 0 0 0 0 0 0 0 0 0 0 0 0 0 0 0 0 0 0 46 67 76 80 83 92 93 93 94 93 94 95 95 88 80 75 69 57 50 0 0 0 0 0 0 0 0 0 0 45 46 46 46 46 48 0 0 0 0 0 0 0 0 0 0 0 0 0 0 0 0 0 0 44 51 66 77 83 95 105 107 107 107 107 107 107 106 106 106 105 105 105 105 104 104 104 103 102 101 100 101 101 102 103 106 102 98 97 93 74 0 0 0 0 0 0 0 0 0 0 0 0 0 0 64 72 59 77 
63 65 64 65 66 66 66 67 68 68 68 69 69 69 69 70 70 71 71 72 73 73 73 73 74 75 76 76 76 76 73 72 71 68 61 0 0 0 0 0 0 0 0 0 0 0 0 0 0 0 0 0 0 0 0 0 0 0 0 0 0 0 0 0 0 0 0 0 48 68 76 80 83 92 93 93 93 93 94 95 95 89 81 77 71 59 52 0 0 0 0 0 0 0 0 0 0 45 50 49 49 49 53 0 0 0 0 0 0 0 0 0 0 0 0 0 0 0 0 0 0 44 51 66 76 82 95 105 107 107 107 107 107 107 106 106 106 105 105 105 105 104 104 103 102 101 101 101 101 101 101 103 105 101 99 98 93 76 0 0 0 0 0 0 0 0 0 0 0 0 0 0 64 71 65 83 
66 65 64 64 65 66 66 67 67 67 67 68 68 68 69 69 70 71 71 72 72 73 73 73 74 75 76 76 76 76 73 72 71 69 62 0 0 0 0 0 0 0 0 0 0 0 0 0 0 0 0 0 0 0 0 0 0 0 0 0 0 0 0 0 0 0 0 0 46 66 76 80 83 92 93 93 94 94 95 95 95 90 81 78 71 60 52 0 0 0 0 0 0 0 0 0 0 0 55 57 57 57 62 0 0 0 0 0 0 0 0 0 0 0 0 0 0 0 0 0 0 45 52 66 76 83 95 105 107 107 107 107 107 107 106 106 106 105 105 105 105 104 104 103 102 101 101 101 101 101 102 103 106 102 97 95 90 72 0 0 0 0 0 0 0 0 0 0 0 0 0 0 66 73 64 78 
61 62 65 65 65 66 66 66 67 67 67 68 68 69 69 69 70 71 71 72 72 72 73 73 74 74 75 76 76 76 73 72 70 68 60 0 0 0 0 0 0 0 0 0 0 0 0 0 0 0 0 0 0 0 0 0 0 0 0 0 0 0 0 0 0 0 0 0 46 66 75 80 83 92 94 94 94 95 95 96 96 90 82 78 72 61 54 0 0 0 0 0 0 0 0 0 0 0 60 65 63 63 66 66 0 0 0 0 0 0 0 0 0 0 0 0 0 0 0 0 0 46 52 67 77 83 95 104 107 107 107 107 107 107 106 106 106 105 104 104 104 103 103 102 101 101 101 100 100 101 101 103 105 102 97 95 90 73 0 0 0 0 0 0 0 0 0 0 0 0 0 0 65 72 68 79 
62 61 64 64 65 65 66 66 67 67 67 68 68 68 69 69 69 70 70 71 72 73 73 74 74 75 75 76 76 76 73 72 71 68 60 0 0 0 0 0 0 0 0 0 0 0 0 0 0 0 0 0 0 0 0 0 0 0 0 0 0 0 0 0 0 0 0 0 44 65 75 80 83 93 94 94 95 96 96 97 97 92 83 80 73 62 55 0 0 0 0 0 0 0 0 0 0 0 64 74 69 69 70 73 0 0 0 0 0 0 0 0 0 0 0 0 0 0 0 0 0 47 54 67 77 83 95 104 106 107 107 107 107 107 106 106 105 105 104 104 104 103 103 102 101 101 101 101 100 101 101 102 105 101 99 98 93 77 0 0 0 0 0 0 0 0 0 0 0 0 0 0 65 71 71 81 
69 67 64 64 65 65 65 66 67 67 68 68 68 68 69 68 69 70 70 71 72 72 73 73 73 74 75 75 75 76 72 72 70 67 59 0 0 0 0 0 0 0 0 0 0 0 0 0 0 0 0 0 0 0 0 0 0 0 0 0 0 0 0 0 0 0 0 0 44 64 75 80 83 93 95 95 95 96 96 97 97 92 84 80 75 63 55 0 0 0 0 0 0 0 0 0 0 0 65 83 76 73 73 77 48 0 0 0 0 0 0 0 0 0 0 0 0 0 0 0 0 48 55 68 77 83 95 104 106 107 107 107 107 106 106 105 105 105 104 104 104 103 102 102 101 101 101 101 100 100 100 102 104 101 99 98 93 78 0 0 0 0 0 0 0 0 0 0 0 0 0 0 65 71 63 80 
60 62 64 64 64 65 65 65 66 66 67 67 67 68 68 68 69 69 70 71 72 72 73 73 73 74 75 75 76 76 72 72 71 67 59 0 0 0 0 0 0 0 0 0 0 0 0 0 0 0 0 0 0 0 0 0 0 0 0 0 0 0 0 0 0 0 0 0 44 63 74 80 83 93 96 96 96 96 97 97 97 92 84 79 73 62 54 0 0 0 0 0 0 0 0 0 0 0 60 93 97 95 92 106 92 0 0 0 0 0 0 0 0 0 0 0 0 0 0 0 0 49 54 67 77 84 95 104 107 107 107 107 107 107 106 105 105 105 104 104 104 103 102 102 101 101 101 100 100 101 101 102 104 101 98 97 93 77 0 0 0 0 0 0 0 0 0 0 0 0 0 61 64 69 69 82 
63 61 64 64 64 64 64 65 66 66 67 68 68 68 68 68 69 70 70 71 72 72 73 73 74 74 74 75 76 76 72 72 71 67 59 0 0 0 0 0 0 0 0 0 0 0 0 0 0 0 0 0 0 0 0 0 0 0 0 0 0 0 0 0 0 0 0 0 45 64 74 80 84 94 96 96 96 96 97 97 97 93 86 81 76 68 65 0 0 0 0 0 0 0 0 0 0 0 54 132 126 154 155 179 156 189 0 0 0 0 0 0 0 0 0 0 0 0 0 0 0 54 57 69 77 85 96 105 107 107 107 106 106 106 105 105 105 105 104 104 104 104 103 102 102 101 101 100 100 100 100 102 104 100 100 100 97 83 0 0 0 0 0 0 0 0 0 0 0 0 0 61 64 69 69 76 
62 61 63 63 64 64 64 65 66 66 67 68 68 68 68 68 69 69 70 71 72 72 73 73 74 74 74 75 76 76 73 72 71 67 59 0 0 0 0 0 0 0 0 0 0 0 0 0 0 0 0 0 0 0 0 0 0 0 0 0 0 0 0 0 0 0 0 0 45 64 73 80 85 95 97 98 97 96 96 97 97 93 89 89 85 81 84 94 0 0 0 0 0 0 0 0 0 0 55 208 193 210 228 257 181 200 127 0 0 0 0 0 0 0 0 0 0 0 0 0 0 68 66 74 81 87 96 105 107 107 107 106 106 106 105 105 105 104 104 104 104 103 103 102 102 101 100 100 100 99 100 101 103 100 100 99 97 81 0 0 0 0 0 0 0 0 0 0 0 0 0 63 65 69 63 75 
63 62 63 63 64 64 65 65 66 66 67 67 68 68 68 69 69 70 70 71 72 72 73 73 74 74 74 75 76 76 73 72 71 67 60 0 0 0 0 0 0 0 0 0 0 0 0 0 0 0 0 0 0 0 0 0 0 0 0 0 0 0 0 0 0 0 0 0 45 64 73 81 87 98 100 101 100 97 96 97 97 93 90 93 89 86 92 101 0 0 0 0 0 0 0 0 0 0 56 256 244 253 272 292 191 194 128 45 0 0 0 0 0 0 0 0 0 0 0 0 84 78 73 79 85 89 96 105 107 108 107 106 106 105 105 104 104 104 103 103 103 103 102 102 101 101 99 99 99 99 99 100 102 98 98 97 94 80 0 0 0 0 0 0 0 0 0 0 0 0 0 61 64 68 71 81 
59 62 63 63 64 65 65 65 66 66 66 67 67 68 68 69 70 70 70 71 72 73 73 73 74 74 75 75 76 76 72 71 70 66 58 0 0 0 0 0 0 0 0 0 0 0 0 0 0 0 0 0 0 0 0 0 0 0 0 0 0 0 0 0 0 0 0 0 46 65 73 81 88 99 102 103 102 98 96 97 97 93 90 91 87 84 88 92 0 0 0 0 0 0 0 0 0 0 57 261 266 317 315 325 232 221 104 45 45 0 0 0 0 0 0 0 0 0 0 0 79 77 72 79 84 90 97 106 108 108 107 107 106 105 105 104 104 104 103 103 103 103 102 101 100 99 98 98 98 98 99 99 101 97 96 95 92 77 0 0 0 0 0 0 0 0 0 0 0 0 0 61 63 67 66 83 
63 60 63 64 65 65 65 66 66 66 67 67 68 68 68 69 69 70 70 71 72 72 73 73 74 74 75 75 76 76 73 72 71 68 61 0 0 0 0 0 0 0 0 0 0 0 0 0 0 0 0 0 0 0 0 0 0 0 0 0 0 0 0 0 0 0 0 0 47 65 73 80 88 99 102 103 102 98 96 97 97 93 90 93 89 87 93 103 0 0 0 0 0 0 0 0 0 0 59 269 260 318 316 298 211 211 100 45 45 0 0 0 0 0 0 0 0 0 0 0 88 81 74 80 86 90 97 106 108 108 107 106 105 104 104 103 103 102 102 101 100 99 98 97 96 94 93 93 93 94 94 95 97 92 91 90 87 72 0 0 0 0 0 0 0 0 0 0 0 0 58 61 64 67 67 78 
62 60 63 64 64 65 66 66 66 67 67 68 68 68 68 69 69 70 70 71 72 72 72 73 74 74 75 75 76 76 73 72 71 68 61 0 0 0 0 0 0 0 0 0 0 0 0 0 0 0 0 0 0 0 0 0 0 0 0 0 0 0 0 0 0 0 0 0 46 65 73 80 87 99 101 103 102 98 96 97 97 92 88 91 87 83 89 104 0 0 0 0 0 0 0 0 0 0 62 283 251 280 265 250 173 174 97 46 45 0 0 0 0 0 0 0 0 0 0 0 0 79 73 80 85 89 96 105 108 107 107 106 105 104 104 102 101 98 96 93 90 89 89 89 89 90 89 87 86 84 84 85 87 85 85 85 83 70 0 0 0 0 0 0 0 0 0 0 0 0 61 63 64 67 66 69 
64 67 64 64 65 66 66 66 67 67 67 67 68 68 68 69 70 70 71 71 72 72 73 73 74 74 75 76 76 76 73 72 71 68 61 0 0 0 0 0 0 0 0 0 0 0 0 0 0 0 0 0 0 0 0 0 0 0 0 0 0 0 38 38 38 0 0 0 46 64 73 79 86 98 100 101 101 98 96 96 96 92 85 83 79 71 71 0 0 0 0 0 0 0 0 0 0 0 0 210 177 223 193 184 153 158 77 46 0 0 0 0 0 0 0 0 0 0 0 0 0 67 64 74 81 86 96 105 108 107 107 106 106 104 102 99 97 94 91 89 87 85 85 85 86 87 86 84 83 82 81 82 84 82 82 82 80 0 0 0 0 0 0 0 0 0 0 0 0 0 62 63 64 67 69 82 
65 66 64 64 64 65 65 66 66 67 67 67 68 68 68 69 70 70 71 71 72 72 73 73 74 74 75 75 76 76 73 73 72 68 62 0 0 0 0 0 0 0 0 0 0 0 0 0 0 0 0 0 0 0 0 0 0 0 0 0 0 0 38 38 38 0 0 0 46 64 72 78 83 94 97 98 98 97 95 96 96 91 83 79 72 62 55 0 0 0 0 0 0 0 0 0 0 0 0 0 120 187 154 148 145 147 62 46 0 0 0 0 0 0 0 0 0 0 0 0 0 51 55 68 77 84 95 105 107 107 106 106 105 102 98 95 92 88 84 82 79 76 75 75 76 77 77 76 77 75 75 77 79 78 78 78 77 0 0 0 0 0 0 0 0 0 0 0 0 66 63 63 65 67 69 78 
61 65 64 65 65 65 66 66 66 67 67 67 68 68 68 69 69 70 71 71 72 72 72 73 74 74 75 75 76 76 74 73 72 69 63 0 0 0 0 0 0 0 0 0 0 0 0 0 0 0 0 0 0 0 0 0 0 0 0 0 0 0 0 0 0 0 0 0 46 64 72 78 82 92 95 96 96 96 95 95 95 90 82 79 73 62 54 0 0 0 0 0 0 0 0 0 0 0 0 0 67 103 96 93 97 102 77 0 0 0 0 0 0 0 0 0 0 0 0 0 0 47 52 67 77 83 95 104 107 106 105 105 103 99 94 90 85 80 78 76 75 73 72 69 69 68 65 63 64 62 61 63 65 65 67 68 0 0 0 0 0 0 0 0 0 0 0 0 0 64 63 63 65 67 70 79 
65 60 64 64 65 65 66 65 65 66 66 66 67 67 67 69 70 71 71 71 72 72 72 73 74 74 75 75 76 76 73 73 72 69 61 0 0 0 0 0 0 0 0 0 0 0 0 0 0 0 0 0 0 0 0 0 0 0 0 0 0 0 0 0 0 0 0 0 45 63 72 77 81 92 94 96 96 96 95 95 95 90 81 78 72 61 54 0 0 0 0 0 0 0 0 0 0 0 0 0 0 95 95 95 95 102 95 0 0 0 0 0 0 0 0 0 0 0 0 0 0 46 52 66 76 82 94 104 106 106 106 105 103 98 93 86 79 75 74 75 77 76 74 70 69 64 56 52 56 58 58 60 61 63 63 64 0 0 0 0 0 0 0 0 0 0 0 0 0 65 63 64 65 67 67 77 
61 60 64 64 65 65 65 65 65 66 66 66 66 67 67 68 69 71 71 71 72 72 72 73 75 74 75 75 76 75 73 72 71 68 61 0 0 0 0 0 0 0 0 0 0 0 0 0 0 0 0 0 0 0 0 0 0 0 0 0 0 0 0 0 0 0 0 0 44 62 72 77 80 91 94 95 96 96 95 95 94 89 80 77 70 59 52 0 0 0 0 0 0 0 0 0 0 0 0 0 0 84 92 88 88 93 91 0 0 0 0 0 0 0 0 0 0 0 0 0 0 46 51 66 77 82 94 104 106 106 105 105 101 96 88 80 74 75 78 85 89 86 82 77 73 66 62 65 73 74 75 74 73 72 70 0 0 0 0 0 0 0 0 0 0 0 0 0 0 61 61 62 64 66 69 70 
61 59 64 65 65 65 65 65 65 65 65 66 66 67 67 68 69 70 71 71 72 72 72 73 74 74 75 75 75 75 73 72 72 69 62 0 0 0 0 0 0 0 0 0 0 0 0 0 0 0 0 0 0 0 0 0 0 0 0 0 0 0 0 0 0 0 0 0 44 62 72 77 80 91 94 95 95 96 96 95 94 89 80 76 69 58 51 0 0 0 0 0 0 0 0 0 0 0 0 0 0 0 85 81 81 81 83 0 0 0 0 0 0 0 0 0 0 0 0 0 0 46 52 67 77 82 94 103 105 105 105 104 100 94 85 80 75 79 84 90 91 87 82 77 72 65 66 72 78 80 80 78 77 76 74 69 0 0 0 0 0 0 0 0 0 0 0 0 0 61 61 63 64 66 69 79 
64 62 65 65 65 65 65 65 65 65 65 66 66 67 67 68 69 70 70 71 72 72 72 73 74 75 75 75 75 75 73 72 71 69 62 0 0 0 0 0 0 0 0 0 0 0 0 0 0 0 0 0 0 0 0 0 0 0 0 0 0 0 0 0 0 0 0 0 44 62 72 77 80 90 93 95 95 95 96 95 94 88 79 75 69 58 50 0 0 0 0 0 0 0 0 0 0 0 0 0 0 0 74 69 69 69 71 0 0 0 0 0 0 0 0 0 0 0 0 0 0 45 51 66 76 82 94 103 105 105 104 103 98 91 84 79 78 83 90 94 95 92 89 82 75 69 72 77 81 83 83 81 80 79 77 73 0 0 0 0 0 0 0 0 0 0 0 0 0 61 61 62 64 66 70 74 
68 69 65 65 65 65 65 65 65 65 65 66 66 67 67 68 68 69 70 71 71 72 72 73 74 75 75 75 76 76 73 73 72 69 63 0 0 0 0 0 0 0 0 0 0 0 0 0 0 0 0 0 0 0 0 0 0 0 0 0 0 0 0 0 0 0 0 0 42 61 71 76 79 89 93 94 94 95 95 95 94 88 79 75 68 56 48 0 0 0 0 0 0 0 0 0 0 0 0 0 0 0 67 61 61 61 63 54 0 0 0 0 0 0 0 0 0 0 0 0 0 44 50 65 75 81 93 102 104 104 104 101 97 91 84 80 82 87 93 97 97 93 89 82 74 72 78 81 86 88 89 88 88 87 85 80 0 0 0 0 0 0 0 0 0 0 0 0 0 62 62 63 64 67 64 77 
67 62 64 64 64 64 64 65 65 65 65 66 66 67 67 68 68 68 69 69 70 71 72 73 74 75 75 76 76 76 73 73 72 71 65 0 0 0 0 0 0 0 0 0 0 0 0 0 0 0 0 0 0 0 0 0 0 0 0 0 0 0 0 0 0 0 0 0 42 61 71 76 79 89 92 93 94 94 94 94 93 87 78 74 67 55 47 0 0 0 0 0 0 0 0 0 0 0 0 0 0 0 0 57 57 57 57 54 0 0 0 0 0 0 0 0 0 0 0 0 0 43 50 65 75 81 93 102 104 103 103 100 97 88 81 79 82 87 94 98 96 92 87 79 73 73 80 85 89 92 93 91 91 89 87 82 0 0 0 0 0 0 0 0 0 0 0 0 0 62 62 63 64 67 65 77 
65 66 64 64 64 65 65 65 65 66 65 66 66 67 67 67 67 67 67 68 70 71 72 73 74 75 75 76 76 76 74 73 72 71 65 0 0 0 0 0 0 0 0 0 0 0 0 0 0 0 0 0 0 0 0 0 0 0 0 0 0 0 0 0 0 0 0 0 42 61 70 76 79 89 92 92 93 93 94 94 93 87 77 73 66 53 45 0 0 0 0 0 0 0 0 0 0 0 0 0 0 0 0 53 53 53 53 0 0 0 0 0 0 0 0 0 0 0 0 0 0 43 50 64 75 80 92 102 103 103 102 99 98 89 82 81 85 87 94 98 94 91 85 77 72 76 81 87 90 93 93 91 90 90 88 84 0 0 0 0 0 0 0 0 0 0 0 0 0 63 63 64 65 67 68 73 
61 63 64 64 64 64 65 65 65 66 65 66 66 66 67 66 65 64 65 66 68 69 71 72 73 74 75 75 76 76 74 73 72 71 65 0 0 0 0 0 0 0 0 0 0 0 0 0 0 0 0 0 0 0 0 0 0 0 0 0 0 0 0 0 0 0 0 0 40 60 70 75 78 88 91 91 91 92 92 93 92 86 76 72 65 52 44 0 0 0 0 0 0 0 0 0 0 0 0 0 0 0 0 0 0 0 0 0 0 0 0 0 0 0 0 0 0 0 0 0 0 42 48 63 74 80 92 101 103 102 101 97 96 87 81 79 81 84 90 93 90 89 82 74 73 77 80 85 89 89 89 88 88 88 87 85 0 0 0 0 0 0 0 0 0 0 0 0 0 61 62 63 64 67 71 74 
58 62 63 64 63 64 65 65 66 66 66 66 66 66 66 65 64 63 62 64 67 68 70 72 72 73 74 75 75 76 74 73 72 71 65 0 0 0 0 0 0 0 0 0 0 0 0 0 0 0 0 0 0 0 0 0 0 0 0 0 0 0 0 0 0 0 0 0 39 62 71 76 79 88 90 90 91 91 91 92 91 85 75 71 64 51 42 0 0 0 0 0 0 0 0 0 0 0 0 0 0 0 0 0 0 0 0 0 0 0 0 0 0 0 0 0 0 0 0 0 0 41 47 63 73 79 91 100 100 98 96 91 90 84 79 77 81 83 89 91 88 88 79 74 71 75 78 84 84 85 84 82 81 81 82 79 0 0 0 0 0 0 0 0 0 0 0 0 0 60 62 63 65 67 69 79 
64 62 63 64 64 64 65 65 66 66 66 66 66 66 65 63 62 60 60 63 66 67 69 72 73 73 74 75 75 76 73 73 72 71 64 0 0 0 0 0 0 0 0 0 0 0 0 0 0 0 0 0 0 0 0 0 0 0 0 0 0 0 0 0 0 0 0 0 0 64 73 77 81 87 89 90 90 90 90 91 91 85 75 70 63 50 41 0 0 0 0 0 0 0 0 0 0 0 0 0 0 0 0 0 0 0 0 0 0 0 0 0 0 0 0 0 0 0 0 0 0 42 48 63 74 79 90 97 97 95 92 88 88 83 78 76 80 82 86 89 86 86 75 72 69 74 76 83 82 82 81 79 78 79 79 78 0 0 0 0 0 0 0 0 0 0 0 0 0 58 60 62 63 66 67 77 
61 66 63 64 64 65 65 66 66 66 66 66 66 65 64 62 61 59 58 62 65 67 69 72 73 73 75 75 75 76 73 72 71 70 62 0 0 0 0 0 0 0 0 0 0 0 0 0 0 0 0 0 0 0 0 0 0 0 0 0 0 0 0 0 0 0 0 0 0 63 72 77 80 87 88 89 89 89 90 91 91 84 74 69 62 49 41 0 0 0 0 0 0 0 0 0 0 0 0 0 0 0 0 0 0 0 0 0 0 0 0 0 0 0 0 0 0 0 0 0 0 42 47 63 73 79 87 94 94 90 87 85 85 83 78 76 79 80 82 84 82 81 72 69 68 73 75 80 78 77 76 75 74 75 76 0 0 0 0 0 0 0 0 0 0 0 0 0 0 58 60 61 63 66 72 76 
60 64 64 64 64 64 64 65 65 66 66 66 66 66 65 63 62 60 59 62 65 67 69 73 73 73 74 75 75 76 73 72 71 69 60 0 0 0 0 0 0 0 0 0 0 0 0 0 0 0 0 0 0 0 0 0 0 0 0 0 0 0 0 0 0 0 0 0 0 67 75 79 82 87 88 88 88 88 89 90 90 83 73 68 62 49 41 0 0 0 0 0 0 0 0 0 0 0 0 0 0 0 0 0 0 0 0 0 0 0 0 0 0 0 0 0 0 0 0 0 0 42 48 64 74 78 85 92 90 85 81 79 78 76 74 70 0 72 72 73 73 0 0 0 63 66 68 71 68 68 67 67 67 69 71 0 0 0 0 0 0 0 0 0 0 0 0 0 0 58 60 62 64 66 66 74 
60 63 63 64 64 64 64 65 65 65 66 66 66 66 65 64 63 63 62 64 67 69 70 73 73 74 75 75 75 76 73 72 71 68 60 0 0 0 0 0 0 0 0 0 0 0 0 0 0 0 0 0 0 0 0 0 0 0 0 0 0 0 0 0 0 0 0 0 0 71 78 81 83 87 88 88 88 88 89 90 89 83 73 69 61 49 41 0 0 0 0 0 0 0 0 0 0 0 0 0 0 0 0 0 0 0 0 0 0 0 0 0 0 0 0 0 0 0 0 0 0 43 49 64 74 77 82 89 87 79 72 68 65 0 0 0 0 0 0 0 0 0 0 0 0 0 0 0 0 0 0 54 54 0 0 0 0 0 0 0 0 0 0 0 0 0 0 0 0 58 60 62 64 67 69 84 
62 69 63 64 64 64 64 65 65 65 66 66 66 66 65 65 65 64 64 66 69 70 71 73 74 74 75 75 75 76 73 72 71 69 62 0 0 0 0 0 0 0 0 0 0 0 0 0 0 0 0 0 0 0 0 0 0 0 0 0 0 0 0 0 0 0 0 0 0 65 74 78 81 86 88 88 88 88 89 89 89 83 73 68 61 48 41 0 0 0 0 0 0 0 0 0 0 0 0 0 0 0 0 0 0 0 0 0 0 0 0 0 0 0 0 0 0 0 0 0 0 42 49 64 74 76 81 87 86 76 0 0 0 0 0 0 0 0 0 0 0 0 0 0 0 0 0 0 0 0 0 0 0 0 0 0 0 0 0 0 0 0 0 0 0 0 0 0 0 59 61 62 64 67 73 74 
63 63 64 64 64 64 64 64 65 65 65 66 66 66 66 65 66 66 66 68 70 71 72 73 73 73 74 75 76 76 73 73 71 69 62 0 0 0 0 0 0 0 0 0 0 0 0 0 0 0 0 0 0 0 0 0 0 0 0 0 0 0 0 0 0 0 0 0 0 65 74 78 80 86 88 88 88 89 89 90 89 83 72 68 61 48 40 0 0 0 0 0 0 0 0 0 0 0 0 0 0 0 0 0 0 0 0 0 0 0 0 0 0 0 0 0 0 0 0 0 0 0 49 65 75 77 80 87 86 76 0 0 0 0 0 0 0 0 0 0 0 0 0 0 0 0 0 0 0 0 0 0 0 0 0 0 0 0 0 0 0 0 0 0 0 0 0 0 0 61 62 63 65 68 72 79 
59 61 64 64 64 63 63 64 64 65 65 66 66 66 66 67 67 67 68 68 70 71 72 72 73 73 73 74 75 75 73 72 71 69 62 0 0 0 0 0 0 0 0 0 0 0 0 0 0 0 0 0 0 0 0 0 0 0 0 0 0 0 0 0 0 0 0 0 0 69 76 80 82 85 88 89 89 89 89 90 89 82 72 68 60 47 40 0 0 0 0 0 0 0 0 0 0 0 0 0 0 0 0 0 0 0 0 0 0 0 0 0 0 0 0 0 0 0 0 0 0 0 51 67 76 78 81 88 87 80 0 0 0 0 0 0 0 0 0 0 0 0 0 0 0 0 0 0 0 0 0 0 0 0 0 0 0 0 0 0 0 0 0 0 0 0 0 0 0 62 63 64 66 68 71 77 
64 68 63 64 64 63 64 64 63 64 64 64 65 65 65 66 66 67 68 69 70 71 71 72 72 73 73 74 75 75 73 73 72 69 64 0 0 0 0 0 0 0 0 0 0 0 0 0 0 0 0 0 0 0 0 0 0 0 0 0 0 0 0 0 0 0 0 0 0 68 76 79 81 85 88 88 89 89 89 90 89 82 73 69 61 48 40 0 0 0 0 0 0 0 0 0 0 0 0 0 0 0 0 0 0 0 0 0 0 0 0 0 0 0 0 0 0 0 0 0 0 0 51 67 76 79 83 88 86 81 74 0 0 0 0 0 0 0 0 0 0 0 0 0 0 0 0 0 0 0 0 0 0 0 0 0 0 0 0 0 0 0 0 0 0 0 0 0 0 62 63 64 65 68 73 80 
60 62 63 64 63 63 63 63 63 64 64 63 63 64 64 64 65 65 66 67 68 68 69 69 70 70 71 72 73 74 73 72 71 69 63 0 0 0 0 0 0 0 0 0 0 0 0 0 0 0 0 0 0 0 0 0 0 0 0 0 0 0 0 0 0 0 0 0 0 68 75 79 81 84 87 88 89 89 90 90 89 81 73 68 60 46 39 0 0 0 0 0 0 0 0 0 0 0 0 0 0 0 0 0 0 0 0 0 0 0 0 0 0 0 0 0 0 0 0 0 0 0 55 71 79 83 85 91 89 84 76 68 59 55 54 55 58 58 56 54 53 0 0 0 0 0 0 0 0 0 0 0 0 0 0 0 0 0 0 0 0 0 0 0 0 0 0 0 0 62 63 64 66 68 70 78 
0 0 63 64 63 62 63 63 62 63 63 62 63 63 63 63 64 64 65 66 66 67 68 68 69 70 69 70 70 70 68 68 67 66 61 0 0 0 0 0 0 0 0 0 0 0 0 0 0 0 0 0 0 0 0 0 0 0 0 0 0 0 0 0 0 0 0 0 0 72 79 81 82 84 87 88 88 89 89 89 88 81 73 69 61 46 0 0 0 0 0 0 0 0 0 0 0 0 0 0 0 0 0 0 0 0 0 0 0 0 0 0 0 0 0 0 0 0 0 0 0 0 57 73 81 85 86 92 90 87 82 76 72 71 70 69 71 72 70 67 65 63 61 0 0 0 0 0 0 0 0 0 0 0 0 0 0 0 0 0 0 0 0 0 0 0 0 0 0 61 62 64 66 68 69 78 
0 0 63 63 63 61 62 62 61 62 62 61 62 63 62 63 64 64 64 65 65 66 67 68 68 69 68 68 68 69 67 67 66 65 61 0 0 0 0 0 0 0 0 0 0 0 0 0 0 0 0 0 0 0 0 0 0 0 0 0 0 0 0 0 0 0 0 0 0 70 76 79 80 81 84 85 85 86 86 87 86 79 74 70 63 48 0 0 0 0 0 0 0 0 0 0 0 0 0 0 0 0 0 0 0 0 0 0 0 0 0 0 0 0 0 0 0 0 0 0 0 0 58 73 80 84 86 91 90 88 84 79 75 74 72 72 72 72 69 68 65 64 63 60 0 0 0 0 0 0 0 0 0 0 0 0 0 0 0 0 0 0 0 0 0 0 0 0 0 61 62 64 66 68 73 77 
0 0 0 0 0 0 0 61 60 60 59 57 59 60 59 61 62 61 62 63 63 65 66 66 67 68 67 67 67 67 65 65 65 64 0 0 0 0 0 0 0 0 0 0 0 0 0 0 0 0 0 0 0 0 0 0 0 0 0 0 0 0 0 0 0 0 0 0 0 69 71 75 77 78 79 80 79 78 77 77 77 73 70 67 62 49 0 0 0 0 0 0 0 0 0 0 0 0 0 0 0 0 0 0 0 0 0 0 0 0 0 0 0 0 0 0 0 0 0 0 0 0 58 70 76 79 80 84 83 81 78 74 71 71 71 70 72 72 69 68 65 64 63 60 0 0 0 0 0 0 0 0 0 0 0 0 0 0 0 0 0 0 0 0 0 0 0 0 0 61 62 64 66 68 77 78 
0 0 0 0 0 0 0 0 0 0 0 0 0 0 0 0 0 57 58 58 60 60 61 60 61 63 61 61 61 62 61 61 62 62 0 0 0 0 0 0 0 0 0 0 0 0 0 0 0 0 0 0 0 0 0 0 0 0 0 0 0 0 0 0 0 0 0 0 0 0 69 73 75 77 77 78 77 76 74 74 74 71 68 66 61 49 0 0 0 0 0 0 0 0 0 0 0 0 0 0 0 0 0 0 0 0 0 0 0 0 0 0 0 0 0 0 0 0 0 0 0 0 0 70 75 78 79 83 83 81 79 75 72 71 71 70 72 72 69 68 65 64 63 60 0 0 0 0 0 0 0 0 0 0 0 0 0 0 0 0 0 0 0 0 0 0 0 0 0 62 63 64 66 68 76 77 
0 0 0 0 0 0 0 0 0 0 0 0 0 0 0 0 0 0 0 0 0 0 0 0 0 0 0 0 0 52 52 53 0 0 0 0 0 0 0 0 0 0 0 0 0 0 0 0 0 0 0 0 0 0 0 0 0 0 0 0 0 0 0 0 0 0 0 0 0 0 65 69 72 74 74 75 72 71 69 70 70 68 67 66 64 0 0 0 0 0 0 0 0 0 0 0 0 0 0 0 0 0 0 0 0 0 0 0 0 0 0 0 0 0 0 0 0 0 0 0 0 0 0 66 72 74 75 78 79 78 79 77 76 77 78 77 80 78 76 75 70 69 67 64 0 0 0 0 0 0 0 0 0 0 0 0 0 0 0 0 0 0 0 0 0 0 0 0 63 62 63 64 66 69 70 73 
0 0 0 0 0 0 0 0 0 0 0 0 0 0 0 0 0 0 0 0 0 0 0 0 0 0 0 0 0 0 0 0 0 0 0 0 0 0 0 0 0 0 0 0 0 0 0 0 0 0 0 0 0 0 0 0 0 0 0 0 0 0 0 0 0 0 0 0 0 0 0 61 64 67 65 66 64 62 60 61 61 61 61 61 0 0 0 0 0 0 0 0 0 0 0 0 0 0 0 0 0 0 0 0 0 0 0 0 0 0 0 0 0 0 0 0 0 0 0 0 0 0 0 0 66 67 67 70 70 69 70 69 70 71 73 71 74 71 69 69 66 65 0 0 0 0 0 0 0 0 0 0 0 0 0 0 0 0 0 0 0 0 0 0 0 0 0 0 64 63 64 65 67 69 68 75 
0 0 0 0 0 0 0 0 0 0 0 0 0 0 0 0 0 0 0 0 0 0 0 0 0 0 0 0 0 0 0 0 0 0 0 0 0 0 0 0 0 0 0 0 0 0 0 0 0 0 0 0 0 0 0 0 0 0 0 0 0 0 0 0 0 0 0 0 0 0 0 0 0 0 0 0 0 43 42 43 43 43 0 0 0 0 0 0 0 0 0 0 0 0 0 0 0 0 0 0 0 0 0 0 0 0 0 0 0 0 0 0 0 0 0 0 0 0 0 0 0 0 0 0 0 0 51 52 53 52 51 50 0 0 0 0 0 0 0 0 0 0 0 0 0 0 57 57 57 57 58 0 0 0 0 0 0 0 0 0 0 0 0 0 0 0 0 0 64 63 64 65 66 69 77 83 
0 0 0 0 0 0 0 0 0 0 0 0 0 0 0 0 0 0 0 0 0 0 0 0 0 0 0 0 0 0 0 0 0 0 0 0 0 0 0 0 0 0 0 0 0 0 0 0 0 0 0 0 0 0 0 0 0 0 0 0 0 0 0 0 0 0 0 0 0 0 0 0 0 0 0 0 0 0 0 0 0 0 0 0 0 0 0 0 0 0 0 0 0 0 0 0 0 0 0 0 0 0 0 0 0 0 0 0 0 0 0 0 0 0 0 0 0 0 0 0 0 0 0 0 0 0 0 0 0 0 0 0 0 0 0 0 0 0 0 0 0 0 0 0 0 0 56 56 56 56 58 0 0 0 0 0 0 0 0 0 0 0 0 0 0 0 0 0 63 62 64 65 66 70 75 85 
0 0 0 0 0 0 0 0 0 0 0 0 0 0 0 0 0 0 0 0 0 0 0 0 0 0 0 0 0 0 0 0 0 0 0 0 0 0 0 0 0 0 0 0 0 0 0 0 0 0 0 0 0 0 0 0 0 0 0 0 0 0 0 0 0 0 0 0 0 0 0 0 0 0 0 0 0 0 0 0 0 0 0 0 0 0 0 0 0 0 0 0 0 0 0 0 0 0 0 0 0 0 0 0 0 0 0 0 0 0 0 0 0 0 0 0 0 0 0 0 0 0 0 0 0 0 0 0 0 0 0 0 0 0 0 0 0 0 0 0 0 0 0 0 0 0 55 55 55 55 0 0 0 0 0 0 0 0 0 0 0 0 0 0 0 0 0 0 63 62 64 65 66 70 72 80 
0 0 0 0 0 0 0 0 0 0 0 0 0 0 0 0 0 0 0 0 0 0 0 0 0 0 0 0 0 0 0 0 0 0 0 0 0 0 0 0 0 0 0 0 0 0 0 0 0 0 0 0 0 0 0 0 0 0 0 0 0 0 0 0 0 0 0 0 0 0 0 0 0 0 0 0 0 0 0 0 0 0 0 0 0 0 0 0 0 0 0 0 0 0 0 0 0 0 0 0 0 0 0 0 0 0 0 0 0 0 0 0 0 0 0 0 0 0 0 0 0 0 0 0 0 0 0 0 0 0 0 0 0 0 0 0 0 0 0 0 0 0 0 0 0 0 55 55 55 55 0 0 0 0 0 0 0 0 0 0 0 0 0 0 0 0 0 0 0 62 63 64 66 69 69 82 
0 0 0 0 0 0 0 0 0 0 0 0 0 0 0 0 0 0 0 0 0 0 0 0 0 0 0 0 0 0 0 0 0 0 0 0 0 0 0 0 0 0 0 0 0 0 0 0 0 0 0 0 0 0 0 0 0 0 0 0 0 0 0 0 0 0 0 0 0 0 0 0 0 0 0 0 0 0 0 0 0 0 0 0 0 0 0 0 0 0 0 0 0 0 0 0 0 0 0 0 0 0 0 0 0 0 0 0 0 0 0 0 0 0 0 0 0 0 0 0 0 0 0 0 0 0 0 0 0 0 0 0 0 0 0 0 0 0 0 0 0 0 0 0 0 0 0 0 0 0 0 0 0 0 0 0 0 0 0 0 0 0 0 0 0 0 0 0 0 61 62 64 66 69 71 76 
0 0 0 0 0 0 0 0 0 0 0 0 0 0 0 0 0 0 0 0 0 0 0 0 0 0 0 0 0 0 0 0 0 0 0 0 0 0 0 0 0 0 0 0 0 0 0 0 0 0 0 0 0 0 0 0 0 0 0 0 0 0 0 0 0 0 0 0 0 0 0 0 0 0 0 0 0 0 0 0 0 0 0 0 0 0 0 0 0 0 0 0 0 0 0 0 0 0 0 0 0 0 0 0 0 0 0 0 0 0 0 0 0 0 0 0 0 0 0 0 0 0 0 0 0 0 0 0 0 0 0 0 0 0 0 0 0 0 0 0 0 0 0 0 0 0 0 0 0 0 0 0 0 0 0 0 0 0 0 0 0 0 0 0 0 0 0 0 0 61 62 64 66 69 73 80 
0 0 0 0 0 0 0 0 0 0 0 0 0 0 0 0 0 0 0 0 0 0 0 0 0 0 0 0 0 0 0 0 0 0 0 0 0 0 0 0 0 0 0 0 0 0 0 0 0 0 0 0 0 0 0 0 0 0 0 0 0 0 0 0 0 0 0 0 0 0 0 0 0 0 0 0 0 0 0 0 0 0 0 0 0 0 0 0 0 0 0 0 0 0 0 0 0 0 0 0 0 0 0 0 0 0 0 0 0 0 0 0 0 0 0 0 0 0 0 0 0 0 0 0 0 0 0 0 0 0 0 0 0 0 0 0 0 0 0 0 0 0 0 0 0 0 0 0 0 0 0 0 0 0 0 0 0 0 0 0 0 0 0 0 0 0 0 0 0 0 62 65 67 69 73 77 
0 0 0 0 0 0 0 0 0 0 0 0 0 0 0 0 0 0 0 0 0 0 0 0 0 0 0 0 0 0 0 0 0 0 0 0 0 0 0 0 0 0 0 0 0 0 0 0 0 0 0 0 0 0 0 0 0 0 0 0 0 0 0 0 0 0 0 0 0 0 0 0 0 0 0 0 0 0 0 0 0 0 0 0 0 0 0 0 0 0 0 0 0 0 0 0 0 0 0 0 0 0 0 0 0 0 0 0 0 0 0 0 0 0 0 0 0 0 0 0 0 0 0 0 0 0 0 0 0 0 0 0 0 0 0 0 0 0 0 0 0 0 0 0 0 0 0 0 0 0 0 0 0 0 0 0 0 0 0 0 0 0 0 0 0 0 0 0 0 0 0 65 67 70 67 70 
0 0 0 0 0 0 0 0 0 0 0 0 0 0 0 0 0 0 0 0 0 0 0 0 0 0 0 0 0 0 0 0 0 0 0 0 0 0 0 0 0 0 0 0 0 0 0 0 0 0 0 0 0 0 0 0 0 0 0 0 0 0 0 0 0 0 0 0 0 0 0 0 0 0 0 0 0 0 0 0 0 0 0 0 0 0 0 0 0 0 0 0 0 0 0 0 0 0 0 0 0 0 0 0 0 0 0 0 0 0 0 0 0 0 0 0 0 0 0 0 0 0 0 0 0 0 0 0 0 0 0 0 0 0 0 0 0 0 0 0 0 0 0 0 0 0 0 0 0 0 0 0 0 0 0 0 0 0 0 0 0 0 0 0 0 0 0 0 0 0 0 0 68 70 0 0 
0 0 0 0 0 0 0 0 0 0 0 0 0 0 0 0 0 0 0 0 0 0 0 0 0 0 0 0 0 0 0 0 0 0 0 0 0 0 0 0 0 0 0 0 0 0 0 0 0 0 0 0 0 0 0 0 0 0 0 0 0 0 0 0 0 0 0 0 0 0 0 0 0 0 0 0 0 0 0 0 0 0 0 0 0 0 0 0 0 0 0 0 0 0 0 0 0 0 0 0 0 0 0 0 0 0 0 0 0 0 0 0 0 0 0 0 0 0 0 0 0 0 0 0 0 0 0 0 0 0 0 0 0 0 0 0 0 0 0 0 0 0 0 0 0 0 0 0 0 0 0 0 0 0 0 0 0 0 0 0 0 0 0 0 0 0 0 0 0 0 0 0 0 0 0 0 
0 0 0 0 0 0 0 0 0 0 0 0 0 0 0 0 0 0 0 0 0 0 0 0 0 0 0 0 0 0 0 0 0 0 0 0 0 0 0 0 0 0 0 0 0 0 0 0 0 0 0 0 0 0 0 0 0 0 0 0 0 0 0 0 0 0 0 0 0 0 0 0 0 0 0 0 0 0 0 0 0 0 0 0 0 0 0 0 0 0 0 0 0 0 0 0 0 0 0 0 0 0 0 0 0 0 0 0 0 0 0 0 0 0 0 0 0 0 0 0 0 0 0 0 0 0 0 0 0 0 0 0 0 0 0 0 0 0 0 0 0 0 0 0 0 0 0 0 0 0 0 0 0 0 0 0 0 0 0 0 0 0 0 0 0 0 0 0 0 0 0 0 0 0 0 0 
0 0 0 0 0 0 0 0 0 0 0 0 0 0 0 0 0 0 0 0 0 0 0 0 0 0 0 0 0 0 0 0 0 0 0 0 0 0 0 0 0 0 0 0 0 0 0 0 0 0 0 0 0 0 0 0 0 0 0 0 0 0 0 0 0 0 0 0 0 0 0 0 0 0 0 0 0 0 0 0 0 0 0 0 0 0 0 0 0 0 0 0 0 0 0 0 0 0 0 0 0 0 0 0 0 0 0 0 0 0 0 0 0 0 0 0 0 0 0 0 0 0 0 0 0 0 0 0 0 0 0 0 0 0 0 0 0 0 0 0 0 0 0 0 0 0 0 0 0 0 0 0 0 0 0 0 0 0 0 0 0 0 0 0 0 0 0 0 0 0 0 0 0 0 0 0 
0 0 0 0 0 0 0 0 0 0 0 0 0 0 0 0 0 0 0 0 0 0 0 0 0 0 0 0 0 0 0 0 0 0 0 0 0 0 0 0 0 0 0 0 0 0 0 0 0 0 0 0 0 0 0 0 0 0 0 0 0 0 0 0 0 0 0 0 0 0 0 0 0 0 0 0 0 0 0 0 0 0 0 0 0 0 0 0 0 0 0 0 0 0 0 0 0 0 0 0 0 0 0 0 0 0 0 0 0 0 0 0 0 0 0 0 0 0 0 0 0 0 0 0 0 0 0 0 0 0 0 0 0 0 0 0 0 0 0 0 0 0 0 0 0 0 0 0 0 0 0 0 0 0 0 0 0 0 0 0 0 0 0 0 0 0 0 0 0 0 0 0 0 0 0 0 
0 0 0 0 0 0 0 0 0 0 0 0 0 0 0 0 0 0 0 0 0 0 0 0 0 0 0 0 0 0 0 0 0 0 0 0 0 0 0 0 0 0 0 0 0 0 0 0 0 0 0 0 0 0 0 0 0 0 0 0 0 0 0 0 0 0 0 0 0 0 0 0 0 0 0 0 0 0 0 0 0 0 0 0 0 0 0 0 0 0 0 0 0 0 0 0 0 0 0 0 0 0 0 0 0 0 0 0 0 0 0 0 0 0 0 0 0 0 0 0 0 0 0 0 0 0 0 0 0 0 0 0 0 0 0 0 0 0 0 0 0 0 0 0 0 0 0 0 0 0 0 0 0 0 0 0 0 0 0 0 0 0 0 0 0 0 0 0 0 0 0 0 0 0 0 0 
0 0 0 0 0 0 0 0 0 0 0 0 0 0 0 0 0 0 0 0 0 0 0 0 0 0 0 0 0 0 0 0 0 0 0 0 0 0 0 0 0 0 0 0 0 0 0 0 0 0 0 0 0 0 0 0 0 0 0 0 0 0 0 0 0 0 0 0 0 0 0 0 0 0 0 0 0 0 0 0 0 0 0 0 0 0 0 0 0 0 0 0 0 0 0 0 0 0 0 0 0 0 0 0 0 0 0 0 0 0 0 0 0 0 0 0 0 0 0 0 0 0 0 0 0 0 0 0 0 0 0 0 0 0 0 0 0 0 0 0 0 0 0 0 0 0 0 0 0 0 0 0 0 0 0 0 0 0 0 0 0 0 0 0 0 0 0 0 0 0 0 0 0 0 0 0 
0 0 0 0 0 0 0 0 0 0 0 0 0 0 0 0 0 0 0 0 0 0 0 0 0 0 0 0 0 0 0 0 0 0 0 0 0 0 0 0 0 0 0 0 0 0 0 0 0 0 0 0 0 0 0 0 0 0 0 0 0 0 0 0 0 0 0 0 0 0 0 0 0 0 0 0 0 0 0 0 0 0 0 0 0 0 0 0 0 0 0 0 0 0 0 0 0 0 0 0 0 0 0 0 0 0 0 0 0 0 0 0 0 0 0 0 0 0 0 0 0 0 0 0 0 0 0 0 0 0 0 0 0 0 0 0 0 0 0 0 0 0 0 0 0 0 0 0 0 0 0 0 0 0 0 0 0 0 0 0 0 0 0 0 0 0 0 0 0 0 0 0 0 0 0 0 
0 0 0 0 0 0 0 0 0 0 0 0 0 0 0 0 0 0 0 0 0 0 0 0 0 0 0 0 0 0 0 0 0 0 0 0 0 0 0 0 0 0 0 0 0 0 0 0 0 0 0 0 0 0 0 0 0 0 0 0 0 0 0 0 0 0 0 0 0 0 0 0 0 0 0 0 0 0 0 0 0 0 0 0 0 0 0 0 0 0 0 0 0 0 0 0 0 0 0 0 0 0 0 0 0 0 0 0 0 0 0 0 0 0 0 0 0 0 0 0 0 0 0 0 0 0 0 0 0 0 0 0 0 0 0 0 0 0 0 0 0 0 0 0 0 0 0 0 0 0 0 0 0 0 0 0 0 0 0 0 0 0 0 0 0 0 0 0 0 0 0 0 0 0 0 0 
0 0 0 0 0 0 0 0 0 0 0 0 0 0 0 0 0 0 0 0 0 0 0 0 0 0 0 0 0 0 0 0 0 0 0 0 0 0 0 0 0 0 0 0 0 0 0 0 0 0 0 0 0 0 0 0 0 0 0 0 0 0 0 0 0 0 0 0 0 0 0 0 0 0 0 0 0 0 0 0 0 0 0 0 0 0 0 0 0 0 0 0 0 0 0 0 0 0 0 0 0 0 0 0 0 0 0 0 0 0 0 0 0 0 0 0 0 0 0 0 0 0 0 0 0 0 0 0 0 0 0 0 0 0 0 0 0 0 0 0 0 0 0 0 0 0 0 0 0 0 0 0 0 0 0 0 0 0 0 0 0 0 0 0 0 0 0 0 0 0 0 0 0 0 0 0 
0 0 0 0 0 0 0 0 0 0 0 0 0 0 0 0 0 0 0 0 0 0 0 0 0 0 0 0 0 0 0 0 0 0 0 0 0 0 0 0 0 0 0 0 0 0 0 0 0 0 0 0 0 0 0 0 0 0 0 0 0 0 0 0 0 0 0 0 0 0 0 0 0 0 0 0 0 0 0 0 0 0 0 0 0 0 0 0 0 0 0 0 0 0 0 0 0 0 0 0 0 0 0 0 0 0 0 0 0 0 0 0 0 0 0 0 0 0 0 0 0 0 0 0 0 0 0 0 0 0 0 0 0 0 0 0 0 0 0 0 0 0 0 0 0 0 0 0 0 0 0 0 0 0 0 0 0 0 0 0 0 0 0 0 0 0 0 0 0 0 0 0 0 0 0 0 
0 0 0 0 0 0 0 0 0 0 0 0 0 0 0 0 0 0 0 0 0 0 0 0 0 0 0 0 0 0 0 0 0 0 0 0 0 0 0 0 0 0 0 0 0 0 0 0 0 0 0 0 0 0 0 0 0 0 0 0 0 0 0 0 0 0 0 0 0 0 0 0 0 0 0 0 0 0 0 0 0 0 0 0 0 0 0 0 0 0 0 0 0 0 0 0 0 0 0 0 0 0 0 0 0 0 0 0 0 0 0 0 0 0 0 0 0 0 0 0 0 0 0 0 0 0 0 0 0 0 0 0 0 0 0 0 0 0 0 0 0 0 0 0 0 0 0 0 0 0 0 0 0 0 0 0 0 0 0 0 0 0 0 0 0 0 0 0 0 0 0 0 0 0 0 0 
0 0 0 0 0 0 0 0 0 0 0 0 0 0 0 0 0 0 0 0 0 0 0 0 0 0 0 0 0 0 0 0 0 0 0 0 0 0 0 0 0 0 0 0 0 0 0 0 0 0 0 0 0 0 0 0 0 0 0 0 0 0 0 0 0 0 0 0 0 0 0 0 0 0 0 0 0 0 0 0 0 0 0 0 0 0 0 0 0 0 0 0 0 0 0 0 0 0 0 0 0 0 0 0 0 0 0 0 0 0 0 0 0 0 0 0 0 0 0 0 0 0 0 0 0 0 0 0 0 0 0 0 0 0 0 0 0 0 0 0 0 0 0 0 0 0 0 0 0 0 0 0 0 0 0 0 0 0 0 0 0 0 0 0 0 0 0 0 0 0 0 0 0 0 0 0 
0 0 0 0 0 0 0 0 0 0 0 0 0 0 0 0 0 0 0 0 0 0 0 0 0 0 0 0 0 0 0 0 0 0 0 0 0 0 0 0 0 0 0 0 0 0 0 0 0 0 0 0 0 0 0 0 0 0 0 0 0 0 0 0 0 0 0 0 0 0 0 0 0 0 0 0 0 0 0 0 0 0 0 0 0 0 0 0 0 0 0 0 0 0 0 0 0 0 0 0 0 0 0 0 0 0 0 0 0 0 0 0 0 0 0 0 0 0 0 0 0 0 0 0 0 0 0 0 0 0 0 0 0 0 0 0 0 0 0 0 0 0 0 0 0 0 0 0 0 0 0 0 0 0 0 0 0 0 0 0 0 0 0 0 0 0 0 0 0 0 0 0 0 0 0 0 
0 0 0 0 0 0 0 0 0 0 0 0 0 0 0 0 0 0 0 0 0 0 0 0 0 0 0 0 0 0 0 0 0 0 0 0 0 0 0 0 0 0 0 0 0 0 0 0 0 0 0 0 0 0 0 0 0 0 0 0 0 0 0 0 0 0 0 0 0 0 0 0 0 0 0 0 0 0 0 0 0 0 0 0 0 0 0 0 0 0 0 0 0 0 0 0 0 0 0 0 0 0 0 0 0 0 0 0 0 0 0 0 0 0 0 0 0 0 0 0 0 0 0 0 0 0 0 0 0 0 0 0 0 0 0 0 0 0 0 0 0 0 0 0 0 0 0 0 0 0 0 0 0 0 0 0 0 0 0 0 0 0 0 0 0 0 0 0 0 0 0 0 0 0 0 0 
0 0 0 0 0 0 0 0 0 0 0 0 0 0 0 0 0 0 0 0 0 0 0 0 0 0 0 0 0 0 0 0 0 0 0 0 0 0 0 0 0 0 0 0 0 0 0 0 0 0 0 0 0 0 0 0 0 0 0 0 0 0 0 0 0 0 0 0 0 0 0 0 0 0 0 0 0 0 0 0 0 0 0 0 0 0 0 0 0 0 0 0 0 0 0 0 0 0 0 0 0 0 0 0 0 0 0 0 0 0 0 0 0 0 0 0 0 0 0 0 0 0 0 0 0 0 0 0 0 0 0 0 0 0 0 0 0 0 0 0 0 0 0 0 0 0 0 0 0 0 0 0 0 0 0 0 0 0 0 0 0 0 0 0 0 0 0 0 0 0 0 0 0 0 0 0 
0 0 0 0 0 0 0 0 0 0 0 0 0 0 0 0 0 0 0 0 0 0 0 0 0 0 0 0 0 0 0 0 0 0 0 0 0 0 0 0 0 0 0 0 0 0 0 0 0 0 0 0 0 0 0 0 0 0 0 0 0 0 0 0 0 0 0 0 0 0 0 0 0 0 0 0 0 0 0 0 0 0 0 0 0 0 0 0 0 0 0 0 0 0 0 0 0 0 0 0 0 0 0 0 0 0 0 0 0 0 0 0 0 0 0 0 0 0 0 0 0 0 0 0 0 0 0 0 0 0 0 0 0 0 0 0 0 0 0 0 0 0 0 0 0 0 0 0 0 0 0 0 0 0 0 0 0 0 0 0 0 0 0 0 0 0 0 0 0 0 0 0 0 0 0 0 
0 0 0 0 0 0 0 0 0 0 0 0 0 0 0 0 0 0 0 0 0 0 0 0 0 0 0 0 0 0 0 0 0 0 0 0 0 0 0 0 0 0 0 0 0 0 0 0 0 0 0 0 0 0 0 0 0 0 0 0 0 0 0 0 0 0 0 0 0 0 0 0 0 0 0 0 0 0 0 0 0 0 0 0 0 0 0 0 0 0 0 0 0 0 0 0 0 0 0 0 0 0 0 0 0 0 0 0 0 0 0 0 0 0 0 0 0 0 0 0 0 0 0 0 0 0 0 0 0 0 0 0 0 0 0 0 0 0 0 0 0 0 0 0 0 0 0 0 0 0 0 0 0 0 0 0 0 0 0 0 0 0 0 0 0 0 0 0 0 0 0 0 0 0 0 0 
0 0 0 0 0 0 0 0 0 0 0 0 0 0 0 0 0 0 0 0 0 0 0 0 0 0 0 0 0 0 0 0 0 0 0 0 0 0 0 0 0 0 0 0 0 0 0 0 0 0 0 0 0 0 0 0 0 0 0 0 0 0 0 0 0 0 0 0 0 0 0 0 0 0 0 0 0 0 0 0 0 0 0 0 0 0 0 0 0 0 0 0 0 0 0 0 0 0 0 0 0 0 0 0 0 0 0 0 0 0 0 0 0 0 0 0 0 0 0 0 0 0 0 0 0 0 0 0 0 0 0 0 0 0 0 0 0 0 0 0 0 0 0 0 0 0 0 0 0 0 0 0 0 0 0 0 0 0 0 0 0 0 0 0 0 0 0 0 0 0 0 0 0 0 0 0 
0 0 0 0 0 0 0 0 0 0 0 0 0 0 0 0 0 0 0 0 0 0 0 0 0 0 0 0 0 0 0 0 0 0 0 0 0 0 0 0 0 0 0 0 0 0 0 0 0 0 0 0 0 0 0 0 0 0 0 0 0 0 0 0 0 0 0 0 0 0 0 0 0 0 0 0 0 0 0 0 0 0 0 0 0 0 0 0 0 0 0 0 0 0 0 0 0 0 0 0 0 0 0 0 0 0 0 0 0 0 0 0 0 0 0 0 0 0 0 0 0 0 0 0 0 0 0 0 0 0 0 0 0 0 0 0 0 0 0 0 0 0 0 0 0 0 0 0 0 0 0 0 0 0 0 0 0 0 0 0 0 0 0 0 0 0 0 0 0 0 0 0 0 0 0 0 
0 0 0 0 0 0 0 0 0 0 0 0 0 0 0 0 0 0 0 0 0 0 0 0 0 0 0 0 0 0 0 0 0 0 0 0 0 0 0 0 0 0 0 0 0 0 0 0 0 0 0 0 0 0 0 0 0 0 0 0 0 0 0 0 0 0 0 0 0 0 0 0 0 0 0 0 0 0 0 0 0 0 0 0 0 0 0 0 0 0 0 0 0 0 0 0 0 0 0 0 0 0 0 0 0 0 0 0 0 0 0 0 0 0 0 0 0 0 0 0 0 0 0 0 0 0 0 0 0 0 0 0 0 0 0 0 0 0 0 0 0 0 0 0 0 0 0 0 0 0 0 0 0 0 0 0 0 0 0 0 0 0 0 0 0 0 0 0 0 0 0 0 0 0 0 0 
0 0 0 0 0 0 0 0 0 0 0 0 0 0 0 0 0 0 0 0 0 0 0 0 0 0 0 0 0 0 0 0 0 0 0 0 0 0 0 0 0 0 0 0 0 0 0 0 0 0 0 0 0 0 0 0 0 0 0 0 0 0 0 0 0 0 0 0 0 0 0 0 0 0 0 0 0 0 0 0 0 0 0 0 0 0 0 0 0 0 0 0 0 0 0 0 0 0 0 0 0 0 0 0 0 0 0 0 0 0 0 0 0 0 0 0 0 0 0 0 0 0 0 0 0 0 0 0 0 0 0 0 0 0 0 0 0 0 0 0 0 0 0 0 0 0 0 0 0 0 0 0 0 0 0 0 0 0 0 0 0 0 0 0 0 0 0 0 0 0 0 0 0 0 0 0 
0 0 0 0 0 0 0 0 0 0 0 0 0 0 0 0 0 0 0 0 0 0 0 0 0 0 0 0 0 0 0 0 0 0 0 0 0 0 0 0 0 0 0 0 0 0 0 0 0 0 0 0 0 0 0 0 0 0 0 0 0 0 0 0 0 0 0 0 0 0 0 0 0 0 0 0 0 0 0 0 0 0 0 0 0 0 0 0 0 0 0 0 0 0 0 0 0 0 0 0 0 0 0 0 0 0 0 0 0 0 0 0 0 0 0 0 0 0 0 0 0 0 0 0 0 0 0 0 0 0 0 0 0 0 0 0 0 0 0 0 0 0 0 0 0 0 0 0 0 0 0 0 0 0 0 0 0 0 0 0 0 0 0 0 0 0 0 0 0 0 0 0 0 0 0 0 
0 0 0 0 0 0 0 0 0 0 0 0 0 0 0 0 0 0 0 0 0 0 0 0 0 0 0 0 0 0 0 0 0 0 0 0 0 0 0 0 0 0 0 0 0 0 0 0 0 0 0 0 0 0 0 0 0 0 0 0 0 0 0 0 0 0 0 0 0 0 0 0 0 0 0 0 0 0 0 0 0 0 0 0 0 0 0 0 0 0 0 0 0 0 0 0 0 0 0 0 0 0 0 0 0 0 0 0 0 0 0 0 0 0 0 0 0 0 0 0 0 0 0 0 0 0 0 0 0 0 0 0 0 0 0 0 0 0 0 0 0 0 0 0 0 0 0 0 0 0 0 0 0 0 0 0 0 0 0 0 0 0 0 0 0 0 0 0 0 0 0 0 0 0 0 0 
0 0 0 0 0 0 0 0 0 0 0 0 0 0 0 0 0 0 0 0 0 0 0 0 0 0 0 0 0 0 0 0 0 0 0 0 0 0 0 0 0 0 0 0 0 0 0 0 0 0 0 0 0 0 0 0 0 0 0 0 0 0 0 0 0 0 0 0 0 0 0 0 0 0 0 0 0 0 0 0 0 0 0 0 0 0 0 0 0 0 0 0 0 0 0 0 0 0 0 0 0 0 0 0 0 0 0 0 0 0 0 0 0 0 0 0 0 0 0 0 0 0 0 0 0 0 0 0 0 0 0 0 0 0 0 0 0 0 0 0 0 0 0 0 0 0 0 0 0 0 0 0 0 0 0 0 0 0 0 0 0 0 0 0 0 0 0 0 0 0 0 0 0 0 0 0 
0 0 0 0 0 0 0 0 0 0 0 0 0 0 0 0 0 0 0 0 0 0 0 0 0 0 0 0 0 0 0 0 0 0 0 0 0 0 0 0 0 0 0 0 0 0 0 0 0 0 0 0 0 0 0 0 0 0 0 0 0 0 0 0 0 0 0 0 0 0 0 0 0 0 0 0 0 0 0 0 0 0 0 0 0 0 0 0 0 0 0 0 0 0 0 0 0 0 0 0 0 0 0 0 0 0 0 0 0 0 0 0 0 0 0 0 0 0 0 0 0 0 0 0 0 0 0 0 0 0 0 0 0 0 0 0 0 0 0 0 0 0 0 0 0 0 0 0 0 0 0 0 0 0 0 0 0 0 0 0 0 0 0 0 0 0 0 0 0 0 0 0 0 0 0 0 
