101 96 87 91 93 93 88 92 98 87 81 90 83 85 88 83 83 83 81 79 78 79 81 84 80 81 87 81 89 87 86 86 83 85 80 80 73 75 72 79 81 81 81 80 81 81 83 79 76 81 79 79 77 78 82 78 77 76 83 79 85 79 71 68 71 78 80 86 84 78 77 82 83 79 82 86 77 84 79 80 80 77 80 85 79 82 80 79 74 69 80 75 84 84 79 82 80 81 81 78 79 81 82 84 82 83 79 82 80 82 84 86 79 80 68 73 81 81 85 91 88 87 88 93 90 98 87 87 87 93 99 96 92 100 94 91 99 91 96 89 88 94 97 94 103 98 99 100 99 107 107 105 107 108 112 107 116 108 102 86 81 88 76 84 84 85 86 74 80 89 92 95 100 98 105 107 
84 84 88 85 90 87 86 88 81 83 90 86 82 75 82 82 78 72 79 80 77 86 86 86 83 89 91 88 82 81 86 81 78 84 84 86 85 73 75 78 78 83 80 82 77 81 73 78 76 86 80 78 72 77 74 78 75 78 75 80 80 80 75 66 72 78 77 82 77 81 79 76 80 80 82 76 78 81 86 81 78 78 83 80 82 81 81 82 71 68 76 83 81 82 78 83 80 80 79 80 80 80 81 79 82 83 83 81 80 79 80 79 81 76 67 82 85 82 85 84 85 84 86 88 93 84 91 93 92 90 91 92 95 94 97 98 96 95 89 86 90 93 97 95 93 97 99 103 99 99 108 105 103 103 105 113 108 102 91 77 69 78 85 79 80 85 79 72 78 81 88 91 92 91 100 106 
93 91 86 85 84 84 84 84 84 84 84 83 83 82 81 80 81 80 81 81 82 82 82 82 82 82 82 82 82 82 82 81 81 81 80 79 78 77 76 75 75 76 77 78 77 77 77 77 77 77 77 77 76 76 76 76 77 77 78 78 77 76 75 73 73 75 76 77 78 78 77 77 77 78 78 79 79 80 79 79 79 79 79 79 80 80 79 77 76 75 75 76 78 79 79 79 79 80 80 79 79 79 79 79 80 80 80 79 80 80 80 79 77 77 77 78 79 82 84 85 86 87 87 87 87 87 88 88 89 90 90 91 92 92 92 92 91 90 90 90 91 93 95 96 96 97 97 98 100 101 102 103 104 104 102 99 95 89 85 82 80 79 79 79 79 79 79 80 81 83 86 88 92 95 101 104 
88 81 83 83 83 83 82 82 83 82 82 81 81 80 80 79 79 79 80 80 81 81 81 81 81 82 81 81 81 81 80 80 80 80 80 79 78 77 75 74 73 74 75 76 76 76 76 76 76 76 76 75 74 74 74 75 75 76 76 77 76 76 75 73 73 74 75 76 77 77 77 77 78 78 79 79 80 81 81 81 81 81 81 82 82 83 82 80 79 79 78 79 81 81 81 82 82 82 83 82 82 82 82 81 82 82 82 82 82 82 82 80 79 79 80 80 82 84 85 85 86 86 86 86 86 86 86 87 88 88 89 89 90 90 90 90 88 88 88 89 90 93 94 94 94 96 96 97 98 100 100 102 102 101 98 94 88 83 80 78 77 77 77 78 78 77 78 78 80 82 85 87 90 94 97 104 
75 80 81 81 81 80 80 81 81 81 81 80 80 79 79 79 79 78 79 79 79 80 80 79 79 80 79 79 79 79 79 79 79 78 78 77 77 75 74 72 71 72 72 73 74 75 74 75 75 75 75 74 74 75 75 75 76 77 77 78 78 78 77 77 77 78 79 80 81 82 81 82 82 83 83 84 84 85 85 85 85 86 86 86 87 87 87 86 85 84 84 84 86 86 86 87 87 87 88 88 87 88 87 87 87 87 87 86 87 87 87 86 86 85 86 86 88 89 90 90 90 90 90 90 89 89 89 89 89 90 90 90 90 90 89 89 88 87 88 89 90 93 93 93 93 94 94 96 97 98 99 100 99 96 93 88 83 79 77 76 76 76 76 76 76 76 78 78 80 82 83 85 89 92 95 98 
81 75 79 79 80 79 79 80 80 80 80 79 80 79 79 78 78 76 76 76 77 77 78 78 78 78 77 77 78 77 77 77 77 76 76 76 76 75 74 72 71 71 72 73 74 76 76 77 77 77 77 77 77 78 78 79 80 81 81 82 83 83 82 82 82 83 83 84 85 86 86 86 87 88 88 88 89 89 89 89 90 91 91 91 92 92 91 91 90 89 89 89 91 91 91 91 91 92 92 92 92 93 92 92 92 92 92 92 92 92 92 92 92 92 92 92 93 94 94 95 95 95 94 94 94 94 94 94 94 94 94 94 95 94 94 93 92 92 93 93 94 95 95 94 94 95 95 96 98 99 99 99 97 93 88 83 80 77 76 75 75 74 74 74 75 75 0 76 79 80 82 84 87 91 95 104 
79 79 78 79 79 79 79 79 79 78 78 77 78 77 78 77 76 75 75 74 74 75 76 75 76 76 75 75 76 75 75 75 76 76 76 76 76 76 76 76 76 76 76 78 79 80 80 81 81 81 81 81 81 82 82 83 84 85 86 86 87 87 87 87 87 88 88 89 89 90 90 91 92 92 93 94 93 93 93 94 94 95 95 96 96 96 96 96 95 95 94 95 95 95 95 96 96 96 96 97 97 97 97 97 97 97 97 97 97 97 97 97 97 97 98 98 99 99 99 99 99 99 98 99 99 99 98 99 99 99 99 99 99 98 98 97 96 96 97 98 99 99 99 98 98 99 99 100 101 102 102 100 96 91 85 80 77 75 74 73 73 72 72 73 74 0 0 0 78 79 81 83 85 90 94 97 
74 73 78 78 78 77 77 76 76 76 76 75 76 76 76 75 75 73 72 72 72 73 73 74 75 75 76 75 76 76 76 76 77 77 77 78 79 79 79 80 80 80 80 81 82 83 84 85 85 85 85 85 85 86 86 87 88 89 89 90 91 91 91 92 92 93 94 94 95 95 95 96 97 97 97 98 98 98 98 98 98 100 100 100 100 100 100 100 100 100 100 100 101 101 101 101 101 101 101 101 101 101 101 101 102 102 102 102 103 103 103 103 103 104 104 104 104 105 104 104 104 104 103 103 103 103 103 104 104 103 103 103 103 102 102 102 101 101 102 103 103 103 103 102 102 103 103 104 106 107 106 103 98 91 85 80 77 75 73 72 71 70 70 72 0 0 0 0 75 77 79 81 84 89 86 106 
82 76 76 76 75 75 75 75 74 74 74 74 74 74 73 73 73 72 71 71 72 72 74 75 76 77 78 78 78 78 78 78 79 79 79 80 81 81 82 83 84 84 84 85 86 87 88 89 89 89 90 90 90 91 91 91 93 93 94 95 96 96 96 96 97 97 98 99 99 99 99 100 100 100 100 101 101 100 100 100 100 101 101 102 102 102 101 102 102 102 102 102 102 103 102 103 103 103 102 103 103 103 103 104 104 105 105 105 105 105 105 106 106 106 107 107 107 108 108 108 108 108 108 108 108 109 109 109 109 108 108 108 108 108 107 107 106 106 106 107 107 107 107 106 106 107 107 108 110 112 110 107 100 92 85 79 76 74 73 71 70 69 69 0 0 0 0 0 73 76 77 79 82 87 93 95 
74 78 76 75 75 74 74 74 73 73 73 73 73 73 73 73 74 73 73 73 74 74 76 77 78 79 80 80 80 81 80 81 82 82 82 83 84 85 86 87 88 89 89 90 91 92 92 93 93 93 93 93 94 94 94 94 95 96 96 97 98 97 97 97 97 97 98 98 98 99 99 99 99 99 99 100 100 100 99 100 99 100 100 101 101 101 101 101 101 101 101 101 101 101 101 102 102 102 101 102 102 102 102 103 103 103 104 104 105 105 105 105 106 106 106 106 107 107 107 108 108 108 108 109 109 109 109 110 110 110 110 110 111 111 110 110 110 110 110 111 111 111 111 111 110 111 112 113 114 116 115 110 103 95 86 79 75 73 72 70 69 67 0 0 0 0 0 0 71 74 76 78 81 86 94 95 
84 77 75 74 73 73 74 74 73 74 74 73 74 75 75 75 75 75 75 75 76 77 78 79 80 81 82 82 82 83 83 83 84 85 86 87 89 89 90 91 92 92 92 93 93 94 94 94 94 93 93 93 93 93 94 94 95 95 96 96 96 96 96 96 96 96 96 97 97 97 97 97 97 98 98 99 98 98 99 99 99 99 100 100 100 100 100 100 100 100 99 99 99 99 99 99 99 99 99 99 99 100 100 101 101 102 102 103 103 104 103 103 103 104 104 105 105 106 106 106 106 107 107 107 107 108 108 109 109 109 109 109 110 110 110 110 110 110 110 112 112 112 112 112 112 113 113 114 116 118 118 113 106 97 87 79 74 72 71 68 67 0 0 0 0 0 0 0 69 73 75 77 80 85 91 98 
76 79 75 74 74 74 75 75 75 75 76 75 76 77 76 76 77 77 77 78 78 79 81 82 82 84 85 85 86 86 86 86 87 88 88 89 90 90 90 91 91 91 92 92 92 93 93 93 92 92 92 92 92 92 93 92 93 92 92 92 93 92 92 91 91 90 90 91 92 92 93 93 93 94 94 96 97 98 98 99 99 99 99 98 97 97 96 95 94 94 93 93 92 92 92 92 92 92 92 93 93 93 94 95 95 96 96 97 97 98 98 98 98 99 99 99 99 100 99 99 100 101 101 103 104 105 107 108 108 108 108 108 109 109 109 109 109 109 109 110 111 111 111 111 111 112 112 113 114 117 118 114 107 97 88 79 73 71 70 67 0 0 0 0 0 0 0 0 68 72 74 76 79 84 90 96 
76 74 77 76 76 76 77 77 77 77 77 77 77 78 79 80 80 80 80 81 81 82 83 84 85 86 87 87 87 87 87 87 87 88 88 89 90 89 89 90 90 89 90 90 89 89 89 88 88 88 87 87 88 87 86 85 86 87 88 90 92 91 90 90 89 88 89 90 90 91 91 90 90 91 92 94 96 97 98 99 99 99 99 97 96 95 94 92 93 92 91 90 90 90 89 89 90 90 89 91 91 92 92 93 93 94 94 95 95 96 96 97 96 97 97 97 97 98 97 97 98 99 98 99 101 102 104 106 107 107 108 107 108 108 108 108 109 108 109 109 109 110 109 110 110 110 111 112 112 115 116 113 105 97 89 79 72 70 70 0 0 0 0 0 0 0 0 0 0 72 74 77 80 84 89 92 
77 74 78 78 78 78 79 78 79 79 79 79 80 81 81 82 82 83 83 83 83 84 85 85 85 86 86 86 86 86 86 87 87 87 87 87 87 85 85 85 84 84 84 84 84 86 85 86 86 86 85 86 86 85 84 83 84 84 86 88 90 89 88 87 87 86 86 87 88 88 89 86 87 88 90 92 96 97 98 99 99 99 98 95 93 92 90 88 90 89 88 87 86 86 85 85 86 87 86 88 88 88 89 89 89 91 91 92 93 93 93 94 94 94 95 95 94 95 94 94 95 96 95 95 98 100 101 104 107 107 108 107 108 108 108 108 108 108 108 109 109 109 108 109 108 109 109 110 110 113 114 112 104 97 90 79 71 69 0 0 0 0 0 0 0 0 0 0 0 71 73 76 79 83 90 96 
82 81 80 79 80 80 80 80 81 81 81 81 82 82 83 83 83 83 82 82 83 84 84 84 85 85 84 85 85 85 86 86 87 86 86 86 85 83 84 83 82 82 81 82 82 83 83 84 84 84 84 83 84 82 81 79 80 81 82 84 87 86 85 83 83 81 81 82 83 84 84 80 82 85 88 91 95 96 98 98 98 98 98 93 91 89 86 82 84 83 81 80 79 79 78 78 79 79 79 81 81 82 83 84 84 86 85 86 87 87 87 89 88 89 90 89 89 90 87 88 89 90 89 90 93 97 99 102 106 107 107 107 107 107 107 107 108 108 108 108 108 108 108 107 107 107 107 108 109 111 112 110 103 97 91 81 71 0 0 0 0 0 0 0 0 0 0 0 0 70 73 75 78 81 93 94 
83 77 81 81 81 81 81 80 81 81 81 82 82 82 83 82 82 82 82 82 83 83 84 84 84 85 84 85 85 85 85 86 87 86 85 84 83 80 81 80 79 79 78 78 78 79 78 80 80 80 81 80 80 77 75 72 72 72 73 76 80 77 75 73 70 69 70 73 74 75 77 71 78 83 87 89 95 96 97 98 97 98 97 92 89 86 81 74 73 72 70 68 66 66 64 64 65 67 67 68 69 70 71 72 74 74 75 76 76 76 78 79 77 79 79 77 75 76 74 75 77 80 78 81 88 94 97 101 106 107 107 107 107 107 107 107 107 107 107 107 107 107 107 106 106 107 107 107 108 110 111 110 102 98 94 85 71 0 0 0 0 0 0 0 0 0 0 0 0 69 72 75 78 80 86 87 
81 78 81 81 80 81 80 80 81 81 81 81 81 82 82 82 82 82 80 81 81 82 82 83 84 84 84 84 84 85 85 86 86 84 83 82 80 76 77 75 73 72 70 69 69 69 65 66 67 67 69 73 72 67 62 57 56 0 0 0 0 0 0 0 0 0 0 0 0 0 0 68 79 85 87 89 95 97 97 98 98 98 97 91 90 87 83 72 0 0 0 0 0 0 0 0 0 0 0 0 0 0 0 0 0 0 0 0 0 0 0 0 0 0 0 0 0 0 0 0 0 0 0 73 86 93 96 100 105 107 107 107 107 107 106 106 106 107 107 107 107 106 105 105 105 106 106 106 107 108 109 108 102 100 95 88 72 0 0 0 0 0 0 0 0 0 0 0 0 68 71 74 77 79 82 86 
80 82 79 79 79 79 78 79 80 80 80 80 80 81 81 80 80 80 78 78 79 80 81 83 84 84 84 84 84 84 85 86 86 83 81 79 75 68 67 66 62 60 56 0 0 0 0 0 0 0 0 0 0 0 0 0 0 0 0 0 0 0 0 0 0 0 0 0 0 0 0 69 80 85 88 90 95 97 97 98 98 97 97 91 89 87 82 71 0 0 0 0 0 0 0 0 0 0 0 0 0 0 0 0 0 0 0 0 0 0 0 0 0 0 0 0 0 0 0 0 0 0 0 75 88 94 97 98 104 106 106 106 106 107 106 106 106 107 107 106 107 106 105 105 105 105 104 105 106 107 108 108 102 100 96 90 73 0 0 0 0 0 0 0 0 0 0 0 0 67 70 72 75 78 83 94 
75 80 78 78 77 78 78 78 80 80 80 80 80 80 81 80 79 79 78 76 77 79 80 81 83 83 83 84 83 84 84 85 85 81 80 78 74 63 0 0 0 0 0 0 0 0 0 0 0 0 0 0 0 0 0 0 0 0 0 0 0 0 0 0 0 0 0 0 0 0 0 69 80 85 88 90 95 97 97 98 98 97 96 91 89 86 82 72 0 0 0 0 0 0 0 0 0 0 0 0 0 0 0 0 0 0 0 0 0 0 0 0 0 0 0 0 0 0 0 0 0 0 0 74 86 93 96 97 104 105 105 105 105 106 105 105 106 106 106 106 106 106 106 105 105 104 104 104 105 106 107 108 102 101 97 92 75 0 0 0 0 0 0 0 0 0 0 0 0 67 70 72 75 77 84 86 
74 76 77 76 76 77 77 77 79 79 79 80 79 79 80 79 78 79 76 73 75 77 78 80 83 83 84 84 84 84 84 84 84 80 78 75 71 60 0 0 0 0 0 0 0 0 0 0 0 0 0 0 0 0 0 0 0 0 0 0 0 0 50 48 48 48 47 0 0 0 0 70 81 86 88 90 96 97 98 98 98 98 96 91 89 86 82 71 0 0 0 0 0 0 0 0 0 0 0 0 0 0 0 0 0 0 0 0 0 0 0 0 0 0 0 0 0 0 0 0 0 0 0 72 86 93 96 98 104 106 106 106 106 106 106 105 106 106 105 105 105 105 105 105 104 104 103 103 104 105 106 108 102 101 99 95 78 0 0 0 0 0 0 0 0 0 0 0 0 68 71 73 75 77 86 84 
74 71 76 76 76 76 76 77 77 78 78 79 78 78 79 78 77 77 74 70 72 75 77 79 83 83 83 84 84 84 84 84 84 78 76 73 68 56 0 0 0 0 0 0 0 0 0 0 0 0 0 0 0 0 0 0 0 0 0 0 0 54 53 51 50 49 48 46 0 0 0 68 80 85 87 90 96 97 97 98 98 97 96 91 89 86 82 71 0 0 0 0 0 0 0 0 0 0 0 0 0 0 0 0 0 0 0 0 0 0 0 0 0 0 0 0 0 0 0 0 0 0 0 73 86 92 95 97 103 105 105 105 105 106 105 105 105 105 105 105 105 105 104 104 104 103 103 103 103 104 105 107 102 102 100 96 80 0 0 0 0 0 0 0 0 0 0 0 0 67 70 72 74 76 80 86 
78 76 75 75 75 75 75 76 77 77 78 78 78 78 78 77 75 74 71 66 70 74 76 78 82 82 83 83 84 84 85 84 83 77 75 72 66 53 0 0 0 0 0 0 0 0 0 0 0 0 0 0 0 0 0 0 0 0 0 0 0 54 53 51 50 50 48 46 0 0 0 69 81 85 88 90 95 97 97 98 98 97 96 90 89 86 81 70 0 0 0 0 0 0 0 0 0 0 0 0 0 0 0 0 0 0 0 0 0 0 0 0 0 0 0 0 0 0 0 0 0 0 0 72 85 90 94 96 103 104 105 105 105 105 105 105 105 105 105 105 104 104 104 104 103 103 102 102 102 103 104 106 103 100 98 94 79 0 0 0 0 0 0 0 0 0 0 0 0 0 71 72 74 76 71 79 
72 75 75 74 74 75 75 76 76 77 77 78 78 78 79 77 76 74 71 68 72 75 77 79 82 82 82 83 83 84 84 84 83 77 75 72 66 51 0 0 0 0 0 0 0 0 0 0 0 0 0 0 0 0 0 0 0 0 0 0 0 54 53 51 50 50 48 46 0 0 0 68 81 85 88 90 96 96 97 97 97 97 96 91 89 86 81 71 0 0 0 0 0 0 0 0 0 0 0 0 0 0 0 0 0 0 0 0 0 0 0 0 0 0 0 0 0 0 0 0 0 0 0 70 83 89 93 95 102 104 105 105 105 106 105 106 106 105 104 104 103 103 103 104 103 103 102 102 102 103 104 106 103 99 97 92 79 0 0 0 0 0 0 0 0 0 0 0 0 0 72 72 73 75 79 86 
73 78 74 74 74 75 74 75 75 75 75 76 77 78 79 77 76 75 72 71 74 76 77 79 81 81 82 82 83 84 84 84 83 78 76 73 66 0 0 0 0 0 0 0 0 0 0 0 0 0 0 0 0 0 0 0 0 0 0 0 0 56 55 53 52 52 49 47 0 0 0 68 80 85 87 89 95 96 97 97 97 97 95 90 89 86 81 70 0 0 0 0 0 0 0 0 0 0 0 0 0 0 0 0 0 0 0 0 0 0 0 0 0 0 0 0 0 0 0 0 0 0 0 69 82 89 93 95 102 104 104 105 105 105 105 105 105 105 105 104 103 103 103 103 102 102 102 102 102 102 103 105 103 98 96 92 80 0 0 0 0 0 0 0 0 0 0 0 0 0 72 72 73 75 76 80 
81 71 74 73 73 74 74 74 74 75 75 75 77 77 78 76 77 75 74 74 77 78 79 80 81 81 82 82 83 84 84 84 83 79 77 75 67 0 0 0 0 0 0 0 0 0 0 0 0 0 0 0 0 0 0 0 0 0 0 0 0 56 56 53 52 52 49 46 0 0 0 66 79 84 87 89 95 96 96 96 97 96 95 90 88 85 80 68 0 0 0 0 0 0 0 0 0 0 0 0 0 0 0 0 0 0 0 0 0 0 0 0 0 0 0 0 0 0 0 0 0 0 0 67 81 88 92 94 102 104 104 104 104 105 105 105 105 105 104 104 103 103 103 102 102 102 102 102 102 102 103 105 104 97 96 91 80 59 0 0 0 0 0 0 0 0 0 0 0 0 70 70 72 75 75 87 
74 69 74 73 73 74 73 74 75 74 74 75 76 76 77 76 77 76 75 75 77 77 79 80 80 81 82 82 83 84 85 84 83 81 79 76 69 0 0 0 0 0 0 0 0 0 0 0 0 0 0 0 0 0 0 0 0 0 0 0 0 0 0 52 51 52 0 0 0 0 0 67 80 85 87 89 95 96 96 97 97 96 95 89 88 85 80 67 0 0 0 0 0 0 0 0 0 0 0 0 0 0 0 0 0 0 0 0 0 0 0 0 0 0 0 0 0 0 0 0 0 0 0 62 77 86 90 93 102 104 104 104 104 104 104 105 105 104 104 104 103 102 102 102 102 102 102 101 102 102 103 105 105 96 95 91 81 62 0 0 0 0 0 0 0 0 0 0 0 0 70 70 71 74 72 86 
77 73 73 72 72 73 73 73 74 74 74 75 76 76 77 77 77 77 77 77 79 79 80 81 81 81 82 82 83 84 84 84 82 81 80 78 71 0 0 0 0 0 0 0 0 0 0 0 0 0 0 0 0 0 0 0 0 0 0 0 0 0 0 0 0 0 0 0 0 0 0 65 79 84 87 89 95 96 96 96 97 96 95 89 87 84 79 67 0 0 0 0 0 0 0 0 0 0 0 0 0 0 0 0 0 0 0 0 0 0 0 0 0 0 0 0 0 0 0 0 0 0 0 59 76 85 90 93 102 104 104 104 104 105 105 105 105 104 103 103 102 102 102 102 102 102 102 102 101 102 103 105 105 98 96 93 84 66 0 0 0 0 0 0 0 0 0 0 0 0 68 70 71 74 75 82 
75 76 73 72 72 73 72 73 74 74 74 75 76 76 77 77 77 78 78 78 79 79 79 80 81 81 82 82 83 84 84 85 82 81 80 77 70 0 0 0 0 0 0 0 0 0 0 0 0 0 0 0 0 0 0 0 0 0 0 0 0 0 0 0 0 0 0 0 0 0 0 65 79 84 87 89 95 96 96 96 96 96 95 89 87 83 78 64 0 0 0 0 0 0 0 0 0 0 0 0 0 0 0 0 0 0 0 0 0 0 0 0 0 0 0 0 0 0 0 0 0 0 0 56 74 84 89 92 101 104 104 104 104 104 104 104 104 103 103 103 103 102 102 102 102 102 102 101 101 101 103 104 105 99 98 95 87 69 0 0 0 0 0 0 0 0 0 0 0 0 67 70 71 73 73 79 
73 71 72 72 71 72 72 73 74 75 75 75 76 76 77 77 77 77 77 78 79 79 80 81 81 82 82 82 83 84 84 84 81 81 79 76 68 0 0 0 0 0 0 0 0 0 0 0 0 0 0 0 0 0 0 0 0 0 0 0 0 0 0 0 0 0 0 0 0 0 0 65 80 85 87 89 95 96 96 96 97 96 95 88 86 83 76 62 0 0 0 0 0 0 0 0 0 0 0 0 0 0 0 0 0 0 0 0 0 0 0 0 0 0 0 0 0 0 0 0 0 0 0 51 71 81 87 90 101 104 104 104 104 105 104 104 104 103 103 103 103 102 102 102 102 102 102 101 101 101 102 104 105 99 98 95 88 70 0 0 0 0 0 0 0 0 0 0 0 0 66 69 71 72 72 79 
70 71 72 72 71 72 72 74 74 75 74 75 75 76 76 77 77 77 77 77 78 79 80 81 81 82 82 82 83 84 84 84 81 81 79 77 69 0 0 0 0 0 0 0 0 0 0 0 0 0 0 0 0 0 0 0 0 0 0 0 0 0 0 0 0 0 0 0 0 0 0 67 80 86 88 89 95 96 96 96 96 96 95 88 86 82 76 61 0 0 0 0 0 0 0 0 0 0 0 0 0 0 0 0 0 0 0 0 0 0 0 0 0 0 0 0 0 0 0 0 0 0 0 50 69 80 86 89 100 103 104 104 104 105 104 103 104 103 102 102 102 102 102 102 102 102 102 101 101 101 102 103 105 99 99 96 90 73 0 0 0 0 0 0 0 0 0 0 0 0 66 70 71 72 75 75 
73 78 71 71 71 72 72 74 74 75 75 75 75 76 76 76 76 76 76 78 78 80 81 81 82 82 82 82 82 83 84 84 81 80 79 76 69 0 0 0 0 0 0 0 0 0 0 0 0 0 0 0 0 0 0 0 0 0 0 0 0 0 0 0 0 0 0 0 0 0 0 68 81 86 88 90 95 96 97 96 96 96 95 87 85 82 75 60 0 0 0 0 0 0 0 0 0 0 0 0 0 0 0 0 0 0 0 0 0 0 0 0 0 0 0 0 0 0 0 0 0 0 0 49 68 80 85 89 100 103 104 104 104 105 105 104 104 104 103 103 103 102 102 102 101 101 101 101 100 101 102 103 105 100 99 97 92 75 0 0 0 0 0 0 0 0 0 0 0 0 66 69 71 72 74 72 
76 75 71 71 71 72 73 74 74 75 74 75 75 76 75 76 76 76 76 78 78 80 80 81 81 82 82 82 82 83 84 84 81 81 80 77 70 0 0 0 0 0 0 0 0 0 0 0 0 0 0 0 0 0 0 0 0 0 0 0 0 0 0 0 0 0 0 0 0 0 0 69 81 86 88 90 96 96 96 96 96 96 95 87 85 81 74 57 0 0 0 0 0 0 0 0 0 0 0 0 0 0 0 0 0 0 0 0 0 0 0 0 0 0 0 0 0 0 0 0 0 0 0 48 68 80 86 90 99 103 104 104 104 104 104 103 104 104 103 103 103 102 102 101 101 100 100 100 100 100 101 103 105 100 100 98 94 77 0 0 0 0 0 0 0 0 0 0 0 0 0 69 71 72 74 76 
72 68 71 71 71 72 73 74 74 74 74 74 74 74 74 75 76 76 77 78 79 80 80 81 82 82 82 82 82 83 83 83 81 80 79 76 70 0 0 0 0 0 0 0 0 0 0 0 0 0 0 0 0 0 0 0 0 0 0 0 0 0 0 0 0 0 0 0 0 0 0 70 82 87 89 90 96 96 97 97 96 96 95 87 85 81 74 57 0 0 0 0 0 0 0 0 0 0 0 0 0 0 0 0 0 0 0 0 0 0 0 0 0 0 0 0 0 0 0 0 0 0 0 0 70 82 88 91 99 103 104 104 104 104 104 103 104 104 104 103 103 102 102 101 100 100 100 100 100 101 102 103 105 101 101 100 95 80 0 0 0 0 0 0 0 0 0 0 0 0 0 67 70 71 72 76 
68 69 70 71 71 72 73 73 74 74 74 74 74 74 75 75 76 76 77 78 78 79 80 81 82 82 82 83 83 83 84 84 81 80 79 76 70 0 0 0 0 0 0 0 0 0 0 0 0 0 0 0 0 0 0 0 0 0 0 0 0 0 0 0 0 0 0 0 0 0 0 72 83 87 89 91 96 96 97 97 96 96 95 87 85 81 74 58 0 0 0 0 0 0 0 0 0 0 0 0 0 0 0 0 0 0 0 0 0 0 0 0 0 0 0 0 0 0 0 0 0 0 0 0 73 85 91 94 99 104 104 104 104 104 103 103 103 103 103 103 103 102 102 101 100 100 100 100 100 101 102 104 106 103 100 99 94 79 0 0 0 0 0 0 0 0 0 0 0 0 0 68 70 72 72 81 
64 73 70 71 71 72 73 73 74 74 74 74 75 75 75 76 76 76 77 77 78 79 80 80 81 81 82 83 83 83 83 83 80 79 77 74 65 0 0 0 0 0 0 0 0 0 0 0 0 0 0 0 0 0 0 0 0 0 0 0 0 0 0 0 0 0 0 0 0 0 0 73 84 87 89 91 95 96 96 96 96 96 94 87 83 79 72 55 0 0 0 0 0 0 0 0 0 0 0 0 0 0 0 0 0 0 0 0 0 0 0 0 0 0 0 0 0 0 0 0 0 0 0 0 75 87 92 95 99 104 104 104 104 104 103 103 103 103 103 103 103 102 102 101 100 100 100 100 100 101 101 103 105 103 99 97 92 78 0 0 0 0 0 0 0 0 0 0 0 0 0 67 69 71 75 74 
67 71 70 71 71 72 72 73 74 74 74 74 75 75 75 76 76 77 77 78 78 79 79 80 81 81 82 83 83 84 84 84 80 79 76 73 63 0 0 0 0 0 0 0 0 0 0 0 0 0 0 0 0 0 0 0 0 0 0 0 0 0 0 0 0 0 0 0 0 0 0 68 79 84 87 91 95 96 96 96 96 96 95 87 81 77 69 53 0 0 0 0 0 0 0 0 0 0 0 0 0 0 0 0 0 0 0 0 0 0 0 0 0 0 0 0 0 0 0 0 0 0 0 0 80 90 94 97 98 103 104 104 104 103 103 103 103 103 103 103 103 102 102 101 100 100 100 100 100 100 101 102 105 103 97 96 91 77 0 0 0 0 0 0 0 0 0 0 0 0 0 66 68 71 68 77 
69 68 70 71 71 72 72 73 74 74 74 74 74 75 75 76 76 77 77 78 79 80 80 80 81 82 82 83 83 84 84 83 78 77 74 70 58 0 0 0 0 0 0 0 0 0 0 0 0 0 0 0 0 0 0 0 0 0 0 0 0 0 0 0 0 0 0 0 0 0 0 68 80 85 87 91 95 96 96 96 96 96 95 88 80 76 68 53 0 0 0 0 0 0 0 0 0 0 0 0 0 0 0 0 0 0 0 0 0 0 0 0 0 0 0 0 0 0 0 0 0 0 0 0 79 91 94 97 98 103 104 104 104 104 103 103 103 103 103 103 102 102 102 101 100 100 100 100 101 101 101 102 105 103 96 95 90 77 57 0 0 0 0 0 0 0 0 0 0 0 0 66 69 71 68 82 
71 71 71 71 71 72 72 73 73 74 74 74 74 75 75 76 76 77 77 78 79 79 80 80 81 81 82 83 83 83 84 83 78 76 73 68 55 0 0 0 0 0 0 0 0 0 0 0 0 0 0 0 0 0 0 0 0 0 0 0 0 0 0 0 0 0 0 0 0 0 0 69 81 85 88 91 95 95 95 96 96 96 95 88 79 74 66 51 41 0 0 0 0 0 0 0 0 0 0 0 0 0 0 0 0 0 0 0 0 0 0 0 0 0 0 0 0 0 0 0 0 0 0 0 78 90 94 96 98 103 103 104 104 104 103 103 103 103 103 103 102 102 101 101 100 100 100 100 100 100 100 101 104 103 95 93 89 76 57 0 0 0 0 0 0 0 0 0 0 0 0 68 69 72 75 75 
71 72 71 72 72 72 72 73 73 74 73 73 74 74 74 75 76 77 78 79 80 80 80 81 81 81 82 83 83 83 84 83 77 75 72 66 52 0 0 0 0 0 0 0 0 0 0 0 0 0 0 0 0 0 0 0 0 0 0 0 0 0 0 0 0 0 0 0 0 0 0 70 81 85 88 91 95 96 96 95 96 96 95 88 77 73 64 50 42 0 0 0 0 0 0 0 0 0 0 0 0 0 0 0 0 0 0 0 0 0 0 0 0 0 0 0 0 0 0 0 0 0 0 0 77 89 93 96 97 102 103 103 103 103 103 103 104 104 103 103 103 102 101 101 100 100 100 100 100 100 99 100 103 102 95 94 90 79 60 0 0 0 0 0 0 0 0 0 0 0 0 66 69 72 72 81 
69 73 71 72 72 72 72 73 73 73 73 73 73 74 74 75 76 77 78 79 80 81 81 81 82 82 82 83 83 83 83 83 78 76 73 67 52 0 0 0 0 0 0 0 0 0 0 0 0 0 0 0 0 0 0 0 0 0 0 0 0 0 0 0 0 0 0 0 0 0 0 66 78 83 86 91 95 95 95 96 96 96 96 88 78 73 64 50 41 0 0 0 0 0 0 0 0 0 0 0 0 0 0 0 0 0 0 0 0 0 0 0 0 0 0 0 0 0 0 0 0 0 0 0 76 88 93 96 97 102 103 103 103 103 103 103 103 104 103 103 103 102 102 101 100 100 100 100 100 100 99 101 103 103 96 95 91 81 64 0 0 0 0 0 0 0 0 0 0 0 0 65 69 71 71 78 
66 73 71 71 71 72 72 72 72 73 73 73 73 74 74 75 76 77 79 80 81 82 81 81 82 82 82 83 83 83 83 82 78 76 74 69 0 0 0 0 0 0 0 0 0 0 0 0 0 0 0 0 0 0 0 0 0 0 0 0 0 0 0 0 0 0 0 0 0 0 0 67 78 83 86 92 95 96 96 96 96 96 95 88 77 72 64 50 40 0 0 0 0 0 0 0 0 0 0 0 0 0 0 0 0 0 0 0 0 0 0 0 0 0 0 0 0 0 0 0 0 0 0 0 69 84 90 93 97 103 103 103 103 103 103 103 104 104 103 103 103 102 102 101 101 100 100 100 100 100 99 101 103 103 96 96 92 83 65 0 0 0 0 0 0 0 0 0 0 0 0 64 68 70 71 74 
73 65 71 71 72 72 71 72 72 73 73 73 73 73 74 75 76 78 79 79 80 81 81 82 82 82 82 83 83 83 83 82 79 78 76 71 0 0 0 0 0 0 0 0 0 0 0 0 0 0 0 0 0 0 0 0 0 0 0 0 0 0 0 0 0 0 0 0 0 0 0 68 79 84 86 92 96 96 96 96 96 96 95 88 77 72 64 50 40 0 0 0 0 0 0 0 0 0 0 0 0 0 0 0 0 0 0 0 0 0 0 0 0 0 0 0 0 0 0 0 0 0 0 0 68 83 89 92 97 102 103 103 103 103 103 103 103 103 103 103 103 102 102 102 101 101 100 100 100 100 99 101 103 103 97 96 93 85 67 0 0 0 0 0 0 0 0 0 0 0 0 63 67 70 76 72 
64 71 70 71 72 72 72 72 72 73 73 74 74 74 74 75 76 77 79 79 80 81 81 81 82 82 82 83 82 83 83 83 81 80 78 72 0 0 0 0 0 0 0 0 0 0 0 0 0 0 0 0 0 0 0 0 0 0 0 0 0 0 0 0 0 0 0 0 0 0 0 64 76 81 84 93 96 96 97 97 96 96 95 88 78 73 65 52 41 0 0 0 0 0 0 0 0 0 0 0 0 0 0 0 0 0 0 0 0 0 0 0 0 0 0 0 0 0 0 0 0 0 0 0 67 82 89 92 97 102 103 103 103 103 103 102 103 103 102 103 103 102 102 102 100 100 100 99 99 99 99 101 103 103 97 97 94 86 69 0 0 0 0 0 0 0 0 0 0 0 0 64 67 70 69 75 
71 68 70 70 71 71 71 72 72 73 73 74 74 74 75 75 75 77 78 79 80 80 81 81 82 82 82 82 82 83 83 83 82 82 82 77 0 0 0 0 0 0 0 0 0 0 0 0 0 0 0 0 0 0 0 0 0 0 0 0 0 0 0 0 0 0 0 0 0 0 0 64 77 82 85 93 96 96 97 97 97 96 96 89 78 73 66 52 41 0 0 0 0 0 0 0 0 0 0 0 0 0 0 0 0 0 0 0 0 0 0 0 0 0 0 0 0 0 0 0 0 0 0 0 66 82 89 92 97 103 103 104 104 103 103 103 103 102 102 102 102 102 102 101 101 100 100 100 100 100 100 101 103 104 98 97 94 87 69 0 0 0 0 0 0 0 0 0 0 0 0 63 67 70 71 80 
70 69 70 70 71 71 71 71 72 73 73 74 74 74 74 75 75 76 77 78 79 80 80 81 81 81 81 82 82 83 83 82 82 81 80 75 0 0 0 0 0 0 0 0 0 0 0 0 0 0 0 0 0 0 0 0 0 0 0 0 0 0 0 0 0 0 0 0 0 0 0 66 77 82 85 93 96 97 97 97 97 97 96 90 79 75 67 54 44 0 0 0 0 0 0 0 0 0 0 0 0 0 0 0 0 0 0 0 0 0 0 0 0 0 0 0 0 0 0 0 0 0 0 0 63 79 86 90 96 103 103 104 104 104 103 103 103 102 102 102 102 102 102 101 100 100 99 99 99 99 100 101 103 105 98 98 95 87 69 0 0 0 0 0 0 0 0 0 0 0 0 64 66 69 67 69 
66 69 69 70 71 71 70 71 72 72 73 74 74 74 74 75 75 76 77 78 79 79 80 80 81 81 81 82 82 83 83 82 81 81 79 73 0 0 0 0 0 0 0 0 0 0 0 0 0 0 0 0 0 0 0 0 0 0 0 0 0 0 0 0 0 0 0 0 0 0 0 66 78 83 86 94 97 97 98 98 97 98 97 90 80 75 68 54 45 0 0 0 0 0 0 0 0 0 0 0 0 0 0 0 0 0 0 0 0 0 0 0 0 0 0 0 0 0 0 0 0 0 0 0 65 81 88 92 96 103 103 103 104 104 103 103 102 102 102 102 102 102 102 101 100 100 100 99 100 100 100 101 103 105 98 97 95 88 67 0 0 0 0 0 0 0 0 0 0 0 0 0 66 69 72 75 
70 67 69 70 71 71 71 72 72 73 73 74 75 75 74 75 75 75 77 78 79 79 80 80 80 81 81 82 82 82 83 81 81 80 78 72 0 0 0 0 0 0 0 0 0 0 0 0 0 0 0 0 0 0 0 0 0 0 0 0 0 0 0 0 0 0 0 0 0 0 42 64 76 81 85 94 98 98 98 98 98 98 97 91 80 76 69 56 46 0 0 0 0 0 0 0 0 0 0 0 0 0 0 0 0 0 0 0 0 0 0 0 0 0 0 0 0 0 0 0 0 0 0 0 64 81 88 92 96 103 104 104 104 104 104 104 103 103 102 102 102 101 101 100 99 99 100 99 100 100 100 101 103 105 99 98 96 89 68 0 0 0 0 0 0 0 0 0 0 0 0 0 66 68 60 70 
68 69 69 69 70 70 70 71 71 72 73 73 74 74 74 75 75 75 77 78 79 80 80 80 81 81 81 81 82 82 82 80 80 79 77 70 0 0 0 0 0 0 0 0 0 0 0 0 0 0 0 0 0 0 0 0 0 0 0 0 0 0 0 0 0 0 0 0 0 0 43 65 77 82 86 95 98 98 98 98 98 98 97 90 80 76 69 56 47 0 0 0 0 0 0 0 0 0 0 0 0 0 0 0 0 0 0 0 0 0 0 0 0 0 0 0 0 0 0 0 0 0 0 0 60 77 85 90 96 104 104 104 103 104 104 104 103 103 103 102 102 102 101 100 99 100 100 100 100 101 101 102 103 105 99 99 96 90 70 0 0 0 0 0 0 0 0 0 0 0 0 0 0 67 0 0 
72 70 69 70 70 70 70 71 71 71 72 73 74 74 74 76 76 76 77 78 79 79 80 79 80 81 81 81 82 82 82 80 80 78 77 69 0 0 0 0 0 0 0 0 0 0 0 0 0 0 0 0 0 0 0 0 0 0 0 0 0 0 0 0 0 0 0 0 0 0 43 63 75 81 84 95 98 99 99 99 99 98 97 91 81 77 70 57 48 0 0 0 0 0 0 0 0 0 0 0 0 0 0 0 0 0 0 0 0 0 0 0 0 0 0 0 0 0 0 0 0 0 0 0 59 76 85 89 96 104 104 104 104 104 104 104 103 103 102 102 101 101 100 100 99 100 100 100 100 100 101 102 103 106 100 99 97 90 70 0 0 0 0 0 0 0 0 0 0 0 0 0 0 0 0 0 
68 70 69 70 70 70 71 71 71 72 72 73 74 74 75 76 76 76 77 78 78 78 79 79 80 81 81 81 82 82 83 80 79 78 76 67 0 0 0 0 0 0 0 0 0 0 0 0 0 0 0 0 0 0 0 0 0 0 0 0 0 0 0 0 0 0 0 0 0 0 42 63 74 81 84 96 99 99 99 99 99 98 97 91 81 75 68 56 46 0 0 0 0 0 0 0 0 0 0 0 0 0 0 0 0 0 0 0 0 0 0 0 0 0 0 0 0 0 0 0 0 0 0 0 58 76 84 89 96 104 104 104 104 105 105 104 104 104 103 102 102 102 100 100 99 100 100 100 100 101 100 101 103 105 99 99 96 91 70 0 0 0 0 0 0 0 0 0 0 0 0 0 0 0 0 0 
73 70 69 70 70 71 71 71 72 72 72 73 74 74 75 76 76 77 77 78 78 78 79 79 80 81 81 82 82 82 83 80 79 78 76 66 0 0 0 0 0 0 0 0 0 0 0 0 0 0 0 0 0 0 0 0 0 0 0 0 0 0 0 0 0 0 0 0 0 0 43 64 75 81 85 96 99 99 99 99 99 98 97 91 82 76 69 57 48 0 0 0 0 0 0 0 0 0 0 0 0 0 0 0 0 0 0 0 0 0 0 0 0 0 0 0 0 0 0 0 0 0 0 0 58 76 84 89 96 104 105 104 104 105 105 104 104 103 102 102 102 101 100 100 99 100 100 100 100 100 100 101 103 105 100 99 97 92 72 0 0 0 0 0 0 0 0 0 0 0 0 0 0 0 0 0 
67 67 69 69 70 71 71 72 72 72 72 72 74 74 75 76 76 77 77 77 77 78 78 79 80 81 81 82 82 82 83 80 79 77 75 66 0 0 0 0 0 0 0 0 0 0 0 0 0 0 0 0 0 0 0 0 0 0 0 0 0 0 0 0 0 0 0 0 0 0 44 65 75 82 85 96 99 99 99 99 99 99 98 92 83 75 68 57 48 0 0 0 0 0 0 0 0 0 0 0 0 0 0 0 0 0 0 0 0 0 0 0 0 0 0 0 0 0 0 0 0 0 0 0 57 75 84 89 96 104 104 104 104 105 104 104 103 103 102 101 102 102 101 101 100 100 100 100 99 99 99 101 102 105 100 99 97 92 73 0 0 0 0 0 0 0 0 0 0 0 0 0 0 0 0 0 
69 70 70 70 71 72 72 73 73 72 73 73 74 74 75 76 76 77 77 77 77 78 78 79 80 81 81 82 82 82 83 80 79 77 75 67 0 0 0 0 0 0 0 0 0 0 0 0 0 0 0 0 0 0 0 0 0 0 0 0 0 0 0 0 0 38 0 0 0 0 44 65 75 82 85 96 99 99 99 99 99 99 99 93 84 75 68 57 48 0 0 0 0 0 0 0 0 0 0 0 0 0 0 0 0 0 0 0 0 0 0 0 0 0 0 0 0 0 0 0 0 0 0 0 60 78 86 91 96 104 105 105 105 105 105 104 103 102 102 101 101 102 101 101 101 100 100 100 99 99 99 100 102 105 100 100 98 93 74 0 0 0 0 0 0 0 0 0 0 0 0 0 0 0 0 0 
70 65 69 70 71 72 72 73 73 73 73 73 73 73 75 75 76 77 77 77 78 78 79 80 81 81 81 81 82 82 82 80 79 77 75 67 0 0 0 0 0 0 0 0 0 0 0 0 0 0 0 0 0 0 0 0 0 0 0 0 0 0 0 0 0 38 0 0 0 0 45 65 75 82 85 97 99 100 99 99 99 100 99 94 85 76 69 58 49 0 0 0 0 0 0 0 0 0 0 0 0 0 0 0 0 0 0 0 0 0 0 0 0 0 0 0 0 0 0 0 0 0 0 0 56 74 83 88 95 104 105 105 105 104 104 103 103 102 102 102 102 102 101 101 100 100 99 99 99 99 100 101 102 104 100 99 98 93 75 0 0 0 0 0 0 0 0 0 0 0 0 0 0 0 0 0 
68 70 69 70 71 71 72 73 73 73 73 73 73 74 75 75 76 77 77 78 78 79 79 80 81 82 82 82 82 82 82 80 79 78 76 69 0 0 0 0 0 0 0 0 0 0 0 0 0 0 0 0 0 0 0 0 0 0 0 0 0 0 0 0 0 0 0 0 0 0 46 66 76 82 86 97 99 100 100 99 99 100 100 95 86 79 72 61 52 0 0 0 0 0 0 0 0 0 0 0 0 0 0 0 0 0 0 0 0 0 0 0 0 0 0 0 0 0 0 0 0 0 0 0 57 74 83 88 95 103 104 105 104 104 104 103 103 102 102 101 101 101 101 101 100 100 99 99 99 99 100 101 102 105 100 100 98 94 76 0 0 0 0 0 0 0 0 0 0 0 0 0 0 0 0 0 
65 70 69 70 71 71 72 73 74 73 73 73 73 74 75 75 76 77 77 78 78 79 80 80 80 81 82 82 82 82 82 80 79 78 76 71 0 0 0 0 0 0 0 0 0 0 0 0 0 0 0 0 0 0 0 0 0 0 0 0 0 0 0 0 0 0 0 0 0 0 47 67 76 82 86 97 100 100 100 100 100 101 101 96 88 80 73 63 54 0 0 0 0 0 0 0 0 0 0 0 0 0 0 0 0 0 0 0 0 0 0 0 0 0 0 0 0 0 0 0 0 0 0 0 54 71 80 86 95 103 104 105 104 104 104 104 103 103 102 102 101 101 101 100 100 100 99 99 98 99 99 100 102 104 100 100 98 95 79 0 0 0 0 0 0 0 0 0 0 0 0 0 0 0 0 0 
67 69 69 70 71 72 72 73 73 73 73 73 73 74 75 75 76 77 77 78 79 79 80 80 81 82 82 82 82 83 82 80 80 79 77 72 0 0 0 0 0 0 0 0 0 0 0 0 0 0 0 0 0 0 0 0 0 0 0 0 0 0 0 0 0 0 0 0 0 0 48 67 77 83 86 97 100 101 101 101 101 101 101 96 88 83 77 67 58 0 0 0 0 0 0 0 0 0 0 0 0 0 0 0 0 0 0 0 0 0 0 0 0 0 0 0 0 0 0 0 0 0 0 0 54 70 79 85 94 103 104 105 104 104 104 103 103 103 102 102 102 101 100 100 100 100 99 99 99 99 99 101 102 105 101 101 100 97 81 0 0 0 0 0 0 0 0 0 0 0 0 0 0 0 0 0 
67 71 69 69 70 71 72 73 74 73 73 73 74 74 75 75 76 77 77 78 79 79 79 80 81 81 82 82 82 82 82 80 80 79 76 72 0 0 0 0 0 0 0 0 0 0 0 0 0 0 0 0 0 0 0 0 0 0 0 0 0 0 0 0 0 0 0 0 0 0 49 68 78 83 87 98 100 101 102 102 101 102 102 97 90 85 78 69 60 0 0 0 0 0 0 0 0 0 0 0 0 0 0 0 0 0 0 0 0 0 0 0 0 0 0 0 0 0 0 0 0 0 0 41 51 68 77 83 94 103 104 104 104 104 103 103 103 103 102 102 101 101 100 100 100 99 99 98 98 99 99 100 102 104 100 100 99 97 82 0 0 0 0 0 0 0 0 0 0 0 0 0 0 0 0 0 
64 65 68 69 70 71 72 73 73 73 74 74 74 75 75 75 76 76 77 78 78 79 79 79 80 81 82 82 82 83 82 80 80 79 77 73 0 0 0 0 0 0 0 0 0 0 0 0 0 0 0 0 0 0 0 0 0 0 0 0 0 0 0 0 0 0 0 0 0 0 48 68 78 83 87 98 100 101 102 102 102 102 103 99 91 84 78 67 58 0 0 45 47 47 47 47 0 0 0 0 0 0 0 0 0 0 0 0 0 0 0 0 0 0 0 0 0 0 0 0 0 0 0 41 52 68 77 83 94 103 104 105 104 104 103 103 103 103 102 102 101 101 100 100 100 99 99 98 98 98 99 100 101 104 100 101 100 99 85 0 0 0 0 0 0 0 0 0 0 0 0 0 0 0 0 0 
66 74 68 69 71 71 72 73 73 73 74 73 74 74 75 75 76 76 77 78 78 79 79 79 80 80 81 81 82 82 82 80 79 78 76 71 0 0 0 0 0 0 0 0 0 0 0 0 0 0 0 0 0 0 0 0 0 0 0 0 0 0 0 0 0 0 0 0 0 0 49 69 78 83 87 98 101 102 102 103 103 103 103 100 92 83 77 67 57 0 0 45 49 49 49 49 0 0 0 0 0 0 0 0 0 0 0 0 0 0 0 0 0 0 0 0 0 0 0 0 0 0 0 42 52 68 77 82 93 102 104 104 104 104 103 103 103 102 102 101 101 100 100 100 100 99 99 98 98 98 99 99 101 104 101 101 101 100 81 0 0 0 0 0 0 0 0 0 0 0 0 0 0 0 0 0 
69 64 68 69 71 71 72 73 73 73 73 73 73 74 74 74 75 76 77 78 78 79 79 79 80 80 81 81 82 82 82 80 79 78 76 69 0 0 0 0 0 0 0 0 0 0 0 0 0 0 0 0 0 0 0 0 0 0 0 0 0 0 37 0 0 0 0 0 0 0 50 69 79 84 87 98 101 102 103 103 104 104 104 100 93 82 76 66 56 39 0 44 55 53 53 53 65 0 0 0 0 0 0 0 0 0 0 0 0 0 0 0 0 0 0 0 0 0 0 0 0 0 0 0 53 69 78 83 92 102 103 104 104 104 103 103 102 102 101 101 101 101 100 100 100 99 98 98 98 98 99 99 101 103 101 99 98 95 77 52 0 0 0 0 0 0 0 0 0 0 0 0 0 0 0 0 
69 66 69 69 70 71 72 72 72 73 73 73 73 74 74 74 75 76 76 77 78 78 78 79 79 80 80 80 81 82 82 79 79 77 75 69 0 0 0 0 0 0 0 0 0 0 0 0 0 0 0 0 0 0 0 0 0 0 0 0 0 0 0 0 0 0 0 0 0 0 50 70 79 84 87 98 101 102 103 104 104 105 105 102 95 82 75 65 55 40 0 45 62 61 61 61 71 0 0 0 0 0 0 0 0 0 0 0 0 0 0 0 0 0 0 0 0 0 0 0 0 0 0 42 51 67 76 82 92 102 103 104 104 104 103 103 102 102 101 101 101 100 100 100 99 98 98 98 98 98 98 99 100 103 100 98 98 94 76 52 0 0 0 0 0 0 0 0 0 0 0 0 0 0 0 0 
68 70 69 69 70 70 71 72 72 72 73 73 73 74 74 74 75 75 76 76 77 78 78 78 79 80 80 80 81 81 81 79 78 77 75 69 0 0 0 0 0 0 0 0 0 0 0 0 0 0 0 0 0 0 0 0 0 0 0 0 0 0 0 0 0 0 0 0 0 0 51 70 79 84 88 98 101 103 104 105 105 105 106 102 96 83 76 66 56 40 0 41 64 66 66 66 78 0 0 0 0 0 0 0 0 0 0 0 0 0 0 0 0 0 0 0 0 0 0 0 0 0 0 43 52 67 76 82 92 101 103 104 104 104 103 103 102 102 101 101 101 100 100 99 99 98 98 98 98 98 98 98 100 102 100 98 98 95 77 52 0 0 0 0 0 0 0 0 0 0 0 0 0 0 0 0 
68 69 69 69 70 70 71 71 71 72 72 72 73 74 74 74 75 76 76 77 77 78 78 79 79 80 80 81 81 81 81 79 78 76 75 69 0 0 0 0 0 0 0 0 0 0 0 0 0 0 0 0 0 0 0 0 0 0 0 0 0 0 0 0 0 0 0 0 0 0 52 70 80 85 88 99 102 104 105 106 106 107 107 103 97 84 78 68 58 41 0 38 64 73 71 70 81 80 0 0 0 0 0 0 0 0 0 0 0 0 0 0 0 0 0 0 0 0 0 0 0 0 0 43 51 67 76 82 92 101 102 103 103 104 103 103 102 102 101 101 101 101 100 100 99 98 98 97 98 98 98 99 100 102 100 98 97 94 76 0 0 0 0 0 0 0 0 0 0 0 0 0 0 0 0 0 
67 70 69 69 70 70 70 70 71 71 72 72 73 74 74 74 76 76 77 77 78 78 79 79 80 80 81 81 82 81 81 79 78 77 75 69 0 0 0 0 0 0 0 0 0 0 0 0 0 0 0 0 0 0 0 0 0 0 0 0 38 38 38 0 0 0 0 0 0 0 50 67 80 85 88 98 102 104 105 107 107 108 108 105 98 85 79 69 58 41 0 0 65 84 87 84 90 95 74 0 0 0 0 0 0 0 0 0 0 0 0 0 0 0 0 0 0 0 0 0 0 0 0 41 49 65 74 81 92 101 103 103 103 103 103 103 102 102 101 101 100 100 100 99 98 98 97 97 97 98 98 98 100 102 99 95 93 89 74 0 0 0 0 0 0 0 0 0 0 0 0 0 0 0 0 0 
68 71 69 69 69 70 70 70 71 72 72 73 74 74 75 75 76 76 77 77 78 78 78 79 80 81 81 81 82 81 81 79 78 77 75 70 0 0 0 0 0 0 0 0 0 0 0 0 0 0 0 0 0 0 0 0 0 0 0 0 0 0 0 0 0 0 0 0 0 0 50 68 80 85 89 99 102 104 106 107 108 109 110 106 99 86 80 70 59 43 0 0 65 186 321 302 319 410 429 142 0 0 0 0 0 0 0 0 0 0 0 0 0 0 0 0 0 0 0 0 0 0 0 44 50 64 72 80 92 101 102 103 103 103 103 103 102 102 101 100 100 100 99 99 98 98 97 97 97 97 97 98 99 101 99 95 93 89 75 0 0 0 0 0 0 0 0 0 0 0 0 0 0 0 0 0 
65 68 69 69 69 70 70 70 71 72 72 72 74 74 75 75 76 76 77 77 78 78 79 79 80 81 81 82 82 81 81 79 78 77 76 70 0 0 0 0 0 0 0 0 0 0 0 0 0 0 0 0 0 0 0 0 0 0 0 38 38 38 38 0 0 0 0 0 0 0 48 67 80 85 89 99 102 105 107 109 111 112 112 108 100 87 81 71 61 45 0 39 74 192 326 377 399 475 481 321 62 0 0 0 0 0 0 0 0 0 0 0 0 0 0 0 0 0 0 0 0 0 0 56 57 68 76 81 92 101 102 102 102 102 102 102 102 101 100 100 100 99 99 99 98 97 97 97 97 97 97 98 99 101 98 95 93 89 75 0 0 0 0 0 0 0 0 0 0 0 0 0 0 0 0 0 
67 71 69 69 70 71 71 71 71 72 72 72 73 74 75 75 76 76 77 78 79 79 79 80 80 81 81 82 82 82 82 79 79 78 76 70 0 0 0 0 0 0 0 0 0 0 0 0 0 0 0 0 0 0 0 0 0 0 0 38 38 38 38 0 0 0 0 0 0 0 48 67 80 85 89 99 102 105 109 112 115 116 115 110 101 88 82 73 63 47 0 41 82 205 345 445 452 503 487 373 63 0 0 0 0 0 0 0 0 0 0 0 0 0 0 0 0 0 0 0 0 0 88 68 65 74 79 82 92 101 102 102 102 102 102 102 102 101 100 100 99 99 99 99 98 97 97 97 96 96 97 97 99 101 99 93 91 86 72 0 0 0 0 0 0 0 0 0 0 0 0 0 0 0 0 0 
66 67 68 69 70 71 71 71 72 73 72 73 74 74 75 75 76 76 77 77 78 78 79 79 80 80 81 81 82 82 82 79 79 78 76 70 0 0 0 0 0 0 0 0 0 0 0 0 0 0 0 0 0 0 0 0 0 0 0 38 38 38 38 0 0 0 0 0 0 0 48 68 80 85 89 99 102 104 109 113 116 118 117 111 102 88 82 73 64 48 0 0 86 269 432 535 494 550 508 378 60 0 0 0 0 0 0 0 0 0 0 0 0 0 0 0 0 0 0 0 0 0 85 70 66 74 79 82 92 101 102 102 102 102 102 102 101 101 100 99 99 98 98 98 97 97 96 96 95 95 96 97 98 101 98 90 88 83 69 51 0 0 0 0 0 0 0 0 0 0 0 0 0 0 0 0 
64 65 68 69 69 71 72 71 72 72 72 72 74 74 75 75 75 75 76 77 77 78 78 79 79 80 81 81 82 82 82 80 79 78 76 70 0 0 0 0 0 0 0 0 0 0 0 0 0 0 0 0 0 0 0 0 0 0 0 0 0 0 0 0 0 0 0 0 0 0 50 71 80 85 89 99 102 104 109 113 116 118 117 111 101 88 82 73 63 47 0 0 84 253 419 528 510 573 545 414 64 0 0 0 0 0 0 0 0 0 0 0 0 0 0 0 0 0 0 0 0 0 88 71 67 74 80 82 92 101 102 101 102 102 101 102 101 101 100 100 99 99 98 97 96 95 94 94 93 93 93 94 95 98 96 90 89 84 71 0 0 0 0 0 0 0 0 0 0 0 0 0 0 0 0 0 
65 68 67 68 69 70 71 71 72 72 71 72 73 73 74 75 75 75 76 76 77 78 79 79 80 80 81 81 81 82 82 80 80 78 76 71 0 0 0 0 0 0 0 0 0 0 0 0 0 0 0 0 0 0 0 0 0 0 0 0 0 0 0 0 0 0 0 0 0 0 50 71 80 85 89 99 101 104 108 113 115 117 116 110 100 86 80 71 62 46 0 0 90 147 165 343 331 350 370 415 62 0 0 0 0 0 0 0 0 0 0 0 0 0 0 0 0 0 0 0 0 0 96 72 67 74 80 82 92 100 102 101 101 101 101 101 101 100 100 99 98 97 95 93 90 88 87 86 85 85 85 85 87 90 89 86 85 82 70 0 0 0 0 0 0 0 0 0 0 0 0 0 0 0 0 0 
62 64 67 68 69 70 71 71 72 72 72 72 73 74 74 75 75 75 76 77 77 78 79 79 79 80 80 81 81 82 82 80 80 78 76 70 0 0 0 0 0 0 0 0 0 0 0 0 0 0 0 0 0 0 0 0 0 0 0 0 0 0 0 0 0 0 0 0 0 0 53 71 80 85 88 98 101 102 106 111 113 114 114 108 99 85 79 70 60 43 0 0 73 154 166 257 237 253 251 280 59 0 0 0 0 0 0 0 0 0 0 0 0 0 0 0 0 0 0 0 0 0 0 63 61 70 77 81 91 100 102 102 101 101 101 101 101 100 100 98 95 93 91 88 87 86 84 84 82 82 82 82 84 88 86 83 82 79 68 0 0 0 0 0 0 0 0 0 0 0 0 0 0 0 0 0 
68 69 68 68 69 70 70 71 72 72 72 72 74 74 74 75 75 75 76 76 77 77 78 79 80 80 80 81 81 81 82 80 79 78 76 71 0 0 0 0 0 0 0 0 0 0 0 0 0 0 0 0 0 0 0 0 0 0 0 0 0 0 0 0 0 0 0 0 0 0 52 71 79 84 87 97 100 101 104 107 108 109 110 106 98 84 78 68 57 40 0 0 0 176 167 180 161 175 155 153 0 0 0 0 0 0 0 0 0 0 0 0 0 0 0 0 0 0 0 0 0 0 0 49 52 64 73 79 91 99 101 101 101 101 101 101 100 100 98 96 93 90 85 82 78 76 74 74 74 74 74 75 78 81 82 81 80 77 67 0 0 0 0 0 0 0 0 0 0 0 0 0 0 0 0 0 
68 68 68 69 69 70 70 71 71 71 71 72 73 73 74 75 75 75 76 77 77 78 79 80 80 80 80 81 81 81 82 80 79 78 76 70 0 0 0 0 0 0 0 0 0 0 0 0 0 0 0 0 0 0 0 0 0 0 0 0 0 0 0 0 0 0 0 0 0 0 52 71 79 84 88 97 100 101 102 104 106 107 108 104 96 83 77 66 55 38 0 0 0 0 71 97 95 99 109 116 0 0 0 0 0 0 0 0 0 0 0 0 0 0 0 0 0 0 0 0 0 0 0 43 51 65 74 80 91 99 101 101 101 102 101 101 100 98 96 94 90 86 80 76 73 71 70 71 71 69 68 68 69 72 74 76 78 76 0 0 0 0 0 0 0 0 0 0 0 0 0 0 0 0 0 66 
64 72 69 69 70 70 70 71 71 71 72 72 73 73 74 75 75 76 76 77 77 78 79 80 80 81 80 80 81 81 81 79 79 78 76 70 0 0 0 0 0 0 0 0 0 0 0 0 0 0 0 0 0 0 0 0 0 0 0 37 37 37 37 0 0 0 0 0 0 0 50 70 79 83 87 97 99 100 101 103 104 105 107 104 96 82 76 66 54 37 0 0 0 0 64 97 94 94 99 108 88 0 0 0 0 0 0 0 0 0 0 0 0 0 0 0 0 0 0 0 0 0 0 40 50 66 75 81 91 100 101 101 101 101 101 101 99 97 94 92 86 80 75 73 72 73 72 73 72 69 67 64 60 59 61 62 62 64 0 0 0 0 0 0 0 0 0 0 0 0 0 0 0 63 0 63 
66 68 69 70 71 71 70 71 71 71 72 73 73 74 74 74 75 75 76 77 77 77 78 79 79 80 80 81 81 81 82 79 79 78 75 69 0 0 0 0 0 0 0 0 0 0 0 0 0 0 0 0 0 0 0 0 0 0 0 0 0 0 0 0 0 0 0 0 0 0 49 68 78 83 86 96 99 100 100 102 104 105 106 103 96 84 78 67 56 37 0 0 0 0 0 92 91 91 91 96 88 0 0 0 0 0 0 0 0 0 0 0 0 0 0 0 0 0 0 0 0 0 0 41 51 66 75 80 91 99 101 101 101 101 101 100 98 96 93 88 81 78 76 76 79 82 81 82 79 75 72 66 60 63 66 66 69 73 0 0 0 0 0 0 0 0 0 0 0 0 0 0 0 64 0 62 
66 71 68 70 70 70 70 71 70 71 71 72 73 73 74 75 75 76 76 77 77 77 79 79 80 80 80 80 81 81 82 79 79 78 75 69 0 0 0 0 0 0 0 0 0 0 0 0 0 0 0 0 0 0 0 0 0 0 0 0 0 0 0 0 0 0 0 0 0 0 48 67 77 82 86 96 99 100 100 101 103 104 105 102 95 85 79 68 57 0 0 0 0 0 0 79 84 82 82 85 84 0 0 0 0 0 0 0 0 0 0 0 0 0 0 0 0 0 0 0 0 0 0 0 52 68 77 82 91 100 101 101 101 101 100 100 98 95 89 84 79 78 79 82 84 84 84 83 80 77 73 66 64 70 73 73 76 78 0 0 0 0 0 0 0 0 0 0 0 0 0 0 0 64 0 63 
68 61 68 69 70 70 71 71 71 71 72 72 72 73 73 74 75 75 76 77 77 78 79 80 80 80 81 81 81 82 82 79 79 78 76 71 0 0 0 0 0 0 0 0 0 0 0 0 0 0 0 0 0 0 0 0 0 0 0 0 0 0 0 0 0 0 0 0 0 0 49 68 77 82 85 95 98 99 100 101 102 103 104 101 94 86 79 69 58 0 0 0 0 0 0 0 78 74 74 74 75 0 0 0 0 0 0 0 0 0 0 0 0 0 0 0 0 0 0 0 0 0 0 0 53 70 79 84 91 100 101 101 101 101 100 99 96 94 88 82 78 79 83 87 90 91 91 89 85 82 77 69 68 76 76 77 80 81 71 0 0 0 0 0 0 0 0 0 0 0 0 0 0 65 0 65 
64 63 68 69 70 70 70 71 71 71 71 72 72 73 73 74 75 75 76 76 77 77 78 79 80 80 80 81 81 82 82 80 79 78 76 72 0 0 0 0 0 0 0 0 0 0 0 0 0 0 0 0 0 0 0 0 0 0 0 0 0 0 0 0 0 0 0 0 0 0 46 66 76 81 85 95 98 98 99 100 101 103 104 100 93 87 80 70 60 0 0 0 0 0 0 0 68 63 63 63 65 0 0 0 0 0 0 0 0 0 0 0 0 0 0 0 0 0 0 0 0 0 0 0 53 71 79 84 91 99 101 101 101 100 100 99 95 93 86 82 79 83 86 90 93 94 93 89 85 83 76 69 73 81 78 80 82 82 71 0 0 0 0 0 0 0 0 0 0 0 0 0 0 66 0 66 
64 66 67 68 69 70 70 70 71 71 71 72 73 73 73 73 74 75 75 76 77 77 78 79 79 80 80 80 81 81 82 80 80 78 76 72 0 0 0 0 0 0 0 0 0 0 0 0 0 0 0 0 0 0 0 0 0 0 0 0 0 0 0 0 0 0 0 0 0 0 46 66 76 81 84 94 97 98 98 99 100 102 103 99 91 88 81 71 63 0 0 0 0 0 0 0 63 59 59 59 60 0 0 0 0 0 0 0 0 0 0 0 0 0 0 0 0 0 0 0 0 0 0 0 56 73 81 86 91 99 101 101 101 100 100 99 94 92 85 80 79 84 86 91 93 93 92 88 85 81 74 70 78 85 83 85 88 87 74 0 0 0 0 0 0 0 0 0 0 0 0 0 0 66 0 68 
68 69 67 68 69 70 70 70 71 71 71 72 72 72 72 73 74 74 75 76 77 77 78 79 80 80 80 80 81 81 81 79 79 77 76 71 0 0 0 0 0 0 0 0 0 0 0 0 0 0 0 0 0 0 0 0 0 0 0 0 0 0 0 0 0 0 0 0 0 0 46 66 76 80 84 94 96 97 98 99 99 101 101 97 89 86 79 69 61 0 0 0 0 0 0 0 0 56 56 56 56 0 0 0 0 0 0 0 0 0 0 0 0 0 0 0 0 0 0 0 0 0 0 0 55 73 81 86 91 99 101 101 100 100 99 99 94 92 83 81 79 84 86 91 92 92 91 87 86 81 76 76 84 88 86 89 90 87 73 0 0 0 0 0 0 0 0 0 0 0 0 0 0 66 0 66 
67 62 68 68 70 70 70 70 71 71 71 72 72 72 71 71 71 71 71 73 74 75 77 79 79 80 80 80 81 81 81 79 78 77 75 69 0 0 0 0 0 0 0 0 0 0 0 0 0 0 0 0 0 0 0 0 0 0 0 0 0 0 0 0 0 0 0 0 0 0 47 67 76 80 84 93 95 96 97 97 98 100 100 95 87 84 77 67 58 0 0 0 0 0 0 0 0 51 51 51 51 0 0 0 0 0 0 0 0 0 0 0 0 0 0 0 0 0 0 0 0 0 0 0 55 72 81 86 91 99 100 100 100 100 99 98 92 90 83 80 78 83 84 87 88 88 86 84 83 78 74 75 81 85 85 87 88 85 71 0 0 0 0 0 0 0 0 0 0 0 0 0 0 66 63 69 
63 67 68 68 69 69 69 70 71 70 71 72 72 72 70 69 69 68 66 68 71 72 75 78 79 79 79 79 80 80 81 78 77 76 73 65 0 0 0 0 0 0 0 0 0 0 0 0 0 0 0 0 0 0 0 0 0 0 0 0 0 0 0 0 0 0 0 0 0 0 46 66 75 80 83 93 95 95 96 96 96 98 98 94 86 83 76 65 57 0 0 0 0 0 0 0 0 0 0 0 0 0 0 0 0 0 0 0 0 0 0 0 0 0 0 0 0 0 0 0 0 0 0 0 55 73 81 85 90 99 100 99 99 98 95 93 87 85 80 78 77 83 82 84 85 85 83 83 82 76 73 74 78 80 81 81 82 81 71 0 0 0 0 0 0 0 0 0 0 0 0 0 0 65 0 65 
69 64 67 68 69 69 70 70 71 71 72 72 72 72 69 67 67 65 63 65 69 71 74 77 79 79 79 79 80 80 81 77 77 75 71 62 0 0 0 0 0 0 0 0 0 0 0 0 0 0 0 0 0 0 0 0 0 0 0 0 0 0 0 0 0 0 0 0 0 0 46 65 74 79 83 93 94 95 95 95 95 96 97 92 84 81 74 63 55 0 0 0 0 0 0 0 0 0 0 0 0 0 0 0 0 0 0 0 0 0 0 0 0 0 0 0 0 0 0 0 0 0 0 0 56 74 82 86 91 99 99 98 96 94 91 90 84 83 79 77 74 81 79 81 83 83 80 82 82 75 73 74 76 78 79 79 80 79 0 0 0 0 0 0 0 0 0 0 0 0 0 0 0 65 0 65 
65 69 68 69 69 69 69 70 70 70 71 71 71 71 68 65 65 62 59 62 66 68 73 77 79 79 79 79 80 80 80 77 76 74 71 61 0 0 0 0 0 0 0 0 0 0 0 0 0 0 0 0 0 0 0 0 0 0 0 0 0 0 0 0 0 0 0 0 0 0 45 65 74 80 83 93 95 95 94 94 94 95 95 91 83 79 73 62 54 0 0 0 0 0 0 0 0 0 0 0 0 0 0 0 0 0 0 0 0 0 0 0 0 0 0 0 0 0 0 0 0 0 0 0 55 71 79 84 90 98 98 95 93 91 87 85 82 81 77 75 72 78 75 77 78 78 77 80 79 73 73 72 73 75 76 75 76 76 0 0 0 0 0 0 0 0 0 0 0 0 0 0 62 66 58 70 
62 70 68 68 69 69 69 70 71 71 72 72 72 72 69 66 65 61 58 60 65 67 72 76 79 79 79 79 80 80 80 76 75 74 70 60 0 0 0 0 0 0 0 0 0 0 0 0 0 0 0 0 0 0 0 0 0 0 0 0 0 0 0 0 0 0 0 0 0 0 45 65 74 79 83 93 94 94 93 93 92 94 94 90 82 78 72 60 52 0 0 0 0 0 0 0 0 0 0 0 0 0 0 0 0 0 0 0 0 0 0 0 0 0 0 0 0 0 0 0 0 0 0 0 60 76 83 86 90 98 97 94 91 88 83 81 77 76 73 69 64 0 65 66 68 68 68 73 0 0 0 63 64 66 67 66 68 0 0 0 0 0 0 0 0 0 0 0 0 0 0 0 62 65 59 73 
65 70 68 68 68 69 69 70 71 71 72 72 71 72 70 67 66 64 62 63 67 69 73 76 79 79 79 79 80 80 80 77 76 75 71 61 0 0 0 0 0 0 0 0 0 0 0 0 0 0 0 0 0 0 0 0 0 0 0 0 0 0 0 0 0 0 0 0 0 0 43 63 73 79 82 93 94 94 92 92 92 93 94 89 80 77 70 58 49 0 0 0 0 0 0 0 0 0 0 0 0 0 0 0 0 0 0 0 0 0 0 0 0 0 0 0 0 0 0 0 0 0 0 0 60 76 83 87 91 97 95 92 88 85 77 71 67 65 0 0 0 0 0 0 0 0 0 0 0 0 0 0 0 0 0 0 0 0 0 0 0 0 0 0 0 0 0 0 0 0 0 0 63 66 63 72 
67 72 68 68 68 69 69 70 71 71 71 71 71 72 71 69 69 67 66 67 71 72 75 77 78 79 79 79 80 80 80 77 76 75 71 62 0 0 0 0 0 0 0 0 0 0 0 0 0 0 0 0 0 0 0 0 0 0 0 0 0 0 0 0 0 0 0 0 0 0 43 65 75 80 83 92 94 94 93 92 92 93 93 88 79 75 68 56 47 0 0 0 0 0 0 0 0 0 0 0 0 0 0 0 0 0 0 0 0 0 0 0 0 0 0 0 0 0 0 0 0 0 0 0 60 76 83 86 91 97 95 90 86 82 74 61 0 0 0 0 0 0 0 0 0 0 0 0 0 0 0 0 0 0 0 0 0 0 0 0 0 0 0 0 0 0 0 0 0 0 0 0 63 66 63 66 
68 67 69 69 68 69 69 69 70 70 71 71 71 72 71 70 70 70 69 70 72 73 75 76 78 79 79 80 80 80 80 77 76 75 72 63 0 0 0 0 0 0 0 0 0 0 0 0 0 0 0 0 0 0 0 0 0 0 0 0 0 0 0 0 0 0 0 0 0 0 41 64 74 79 82 92 94 94 93 93 92 93 93 88 78 74 67 54 45 0 0 0 0 0 0 0 0 0 0 0 0 0 0 0 0 0 0 0 0 0 0 0 0 0 0 0 0 0 0 0 0 0 0 0 58 75 82 86 90 97 95 90 85 81 73 57 0 0 0 0 0 0 0 0 0 0 0 0 0 0 0 0 0 0 0 0 0 0 0 0 0 0 0 0 0 0 0 0 0 0 0 65 65 66 69 71 
64 68 69 69 69 69 69 69 69 69 69 69 70 71 72 71 72 73 73 74 75 75 76 76 77 78 79 80 80 80 80 77 76 75 72 64 0 0 0 0 0 0 0 0 0 0 0 0 0 0 0 0 0 0 0 0 0 0 0 0 0 0 0 0 0 0 0 0 0 0 41 63 73 78 82 91 94 94 93 93 93 93 93 87 77 73 66 53 43 0 0 0 0 0 0 0 0 0 0 0 0 0 0 0 0 0 0 0 0 0 0 0 0 0 0 0 0 0 0 0 0 0 0 0 62 78 85 88 90 96 95 91 87 81 75 64 0 0 0 0 0 0 0 0 0 0 0 0 0 0 0 0 0 0 0 0 0 0 0 0 0 0 0 0 0 0 0 0 0 0 0 63 65 66 63 65 
68 74 68 68 68 67 67 66 66 66 66 66 67 68 70 71 72 74 74 75 76 76 76 76 77 77 78 79 79 80 80 78 77 76 73 66 0 0 0 0 0 0 0 0 0 0 0 0 0 0 0 0 0 0 0 0 0 0 0 0 0 0 0 0 0 0 0 0 0 0 40 61 73 78 81 91 94 93 93 93 92 93 93 87 76 72 65 52 42 0 0 0 0 0 0 0 0 0 0 0 0 0 0 0 0 0 0 0 0 0 0 0 0 0 0 0 0 0 0 0 0 0 0 0 60 76 83 87 89 96 96 92 88 82 76 69 63 0 0 0 0 0 0 0 0 0 0 0 0 0 0 0 0 0 0 0 0 0 0 0 0 0 0 0 0 0 0 0 0 0 0 0 66 66 72 67 
68 66 68 68 67 67 67 65 65 65 64 64 64 66 67 69 70 72 72 73 75 75 75 76 76 77 78 79 79 80 80 77 77 76 74 67 0 0 0 0 0 0 0 0 0 0 0 0 0 0 0 0 0 0 0 0 0 0 0 0 0 0 0 0 0 0 0 0 0 0 40 60 72 77 80 90 93 93 93 93 93 93 93 86 76 72 64 51 41 0 0 0 0 0 0 0 0 0 0 0 0 0 0 0 0 0 0 0 0 0 0 0 0 0 0 0 0 0 0 0 0 0 0 0 60 76 84 86 89 96 96 92 89 85 80 74 70 64 60 59 59 61 64 63 61 60 0 0 0 0 0 0 0 0 0 0 0 0 0 0 0 0 0 0 0 0 0 0 0 0 0 0 65 65 67 62 
0 68 68 68 67 67 66 64 64 63 62 62 62 65 66 68 70 72 72 73 74 74 73 73 74 74 75 76 76 77 77 74 74 73 71 66 0 0 0 0 0 0 0 0 0 0 0 0 0 0 0 0 0 0 0 0 0 0 0 0 0 0 0 0 0 0 0 0 0 0 40 61 72 77 80 90 92 92 92 92 92 93 92 86 75 71 63 50 41 0 0 0 0 0 0 0 0 0 0 0 0 0 0 0 0 0 0 0 0 0 0 0 0 0 0 0 0 0 0 0 0 0 0 0 62 77 83 86 88 95 96 94 91 87 84 80 76 73 72 72 71 71 73 72 71 69 68 65 0 0 0 0 0 0 0 0 0 0 0 0 0 0 0 0 0 0 0 0 0 0 0 64 65 65 62 70 
0 0 67 66 66 66 65 63 62 60 59 58 59 62 64 66 68 71 71 72 73 73 72 72 73 73 74 75 75 75 76 73 73 73 71 66 0 0 0 0 0 0 0 0 0 0 0 0 0 0 0 0 0 0 0 0 0 0 0 0 0 0 0 0 0 0 0 0 0 0 0 62 73 78 81 88 91 91 91 91 91 92 91 85 74 70 62 49 41 0 0 0 0 0 0 0 0 0 0 0 0 0 0 0 0 0 0 0 0 0 0 0 0 0 0 0 0 0 0 0 0 0 0 0 62 76 82 85 87 93 94 93 92 88 85 82 78 73 72 71 70 70 71 70 69 68 66 65 65 0 0 0 0 0 0 0 0 0 0 0 0 0 0 0 0 0 0 0 0 0 0 63 64 65 63 64 
0 0 64 63 62 61 62 60 60 58 56 56 56 59 61 64 66 69 69 70 72 72 71 71 71 71 73 74 73 74 74 72 72 72 70 0 0 0 0 0 0 0 0 0 0 0 0 0 0 0 0 0 0 0 0 0 0 0 0 0 0 0 0 0 0 0 0 0 0 0 0 60 69 73 76 80 83 84 84 84 85 85 85 79 71 67 60 48 40 0 0 0 0 0 0 0 0 0 0 0 0 0 0 0 0 0 0 0 0 0 0 0 0 0 0 0 0 0 0 0 0 0 0 0 60 71 76 78 80 85 85 85 84 84 81 80 78 74 72 71 70 70 71 70 69 68 66 65 65 0 0 0 0 0 0 0 0 0 0 0 0 0 0 0 0 0 0 0 0 0 0 64 65 65 66 68 
0 0 0 0 0 0 0 0 0 0 77 72 70 66 60 61 63 66 66 67 70 69 67 68 68 69 70 71 71 71 71 69 69 69 68 0 0 0 0 0 0 0 0 0 0 0 0 0 0 0 0 0 0 0 0 0 0 0 0 0 0 0 0 0 0 0 0 0 0 0 0 61 69 72 74 78 81 82 82 83 83 84 83 77 68 64 58 46 40 0 0 0 0 0 0 0 0 0 0 0 0 0 0 0 0 0 0 0 0 0 0 0 0 0 0 0 0 0 0 0 0 0 0 0 59 70 74 76 77 83 83 82 82 83 82 81 79 77 73 71 70 70 71 70 69 68 66 65 65 0 0 0 0 0 0 0 0 0 0 0 0 0 0 0 0 0 0 0 0 0 0 65 65 66 67 65 
0 0 0 0 0 0 0 0 0 96 84 80 80 79 64 0 0 0 0 0 0 0 0 0 60 61 64 65 65 63 63 61 62 0 0 0 0 0 0 0 0 0 0 0 0 0 0 0 0 0 0 0 0 0 0 0 0 0 0 0 0 0 0 0 0 0 0 0 0 0 0 0 69 72 74 75 78 79 79 80 80 80 81 75 66 62 56 45 0 0 0 0 0 0 0 0 0 0 0 0 0 0 0 0 0 0 0 0 0 0 0 0 0 0 0 0 0 0 0 0 0 0 0 0 0 68 71 73 74 78 78 78 78 78 78 79 80 80 79 77 75 74 74 73 72 71 70 69 68 0 0 0 0 0 0 0 0 0 0 0 0 0 0 0 0 0 0 0 0 0 0 65 66 66 67 68 
0 0 0 0 0 0 0 0 0 94 85 81 81 81 68 0 0 0 0 0 0 0 0 0 0 0 0 0 0 0 0 0 0 0 0 0 0 0 0 0 0 0 0 0 0 0 0 0 0 0 0 0 0 0 0 0 0 0 0 0 0 0 0 0 0 0 0 0 0 0 0 0 61 64 66 68 71 73 74 74 75 75 75 70 62 59 53 43 0 0 0 0 0 0 0 0 0 0 0 0 0 0 0 0 0 0 0 0 0 0 0 0 0 0 0 0 0 0 0 0 0 0 0 0 0 62 64 66 67 71 70 70 69 69 69 70 71 73 71 69 68 67 66 65 65 64 64 0 0 0 0 57 57 57 57 57 0 0 0 0 0 0 0 0 0 0 0 0 0 0 0 65 66 67 68 66 
0 0 0 0 0 0 0 0 74 88 85 80 81 82 71 63 0 0 0 0 0 0 0 0 0 0 0 0 0 0 0 0 0 0 0 0 0 0 0 0 0 0 0 0 0 0 0 0 0 0 0 0 0 0 0 0 0 0 0 0 0 0 0 0 0 0 0 0 0 0 0 0 0 0 53 54 57 58 59 60 61 62 62 59 54 51 0 0 0 0 0 0 0 0 0 0 0 0 0 0 0 0 0 0 0 0 0 0 0 0 0 0 0 0 0 0 0 0 0 0 0 0 0 0 0 0 0 52 53 54 53 52 51 49 0 0 0 0 0 0 0 0 0 0 0 0 0 0 0 0 0 55 55 55 55 57 0 0 0 0 0 0 0 0 0 0 0 0 0 0 0 66 66 67 66 67 
0 0 0 0 0 0 0 60 70 85 89 83 86 88 78 63 0 0 0 0 0 0 0 0 0 0 0 0 0 0 0 0 0 0 0 0 0 0 0 0 0 0 0 0 0 0 0 0 0 0 0 0 0 0 0 0 0 0 0 0 0 0 0 0 0 0 0 0 0 0 0 0 0 0 0 0 0 0 0 0 0 0 0 0 0 0 0 0 0 0 0 0 0 0 0 0 0 0 0 0 0 0 0 0 0 0 0 0 0 0 0 0 0 0 0 0 0 0 0 0 0 0 0 0 0 0 0 0 0 0 0 0 0 0 0 0 0 0 0 0 0 0 0 0 0 0 0 0 0 0 0 55 55 55 55 0 0 0 0 0 0 0 0 0 0 0 0 0 0 0 0 65 65 66 68 75 
0 0 0 0 66 64 64 64 67 78 87 84 85 89 84 65 0 0 0 0 0 0 0 0 0 0 0 0 0 0 0 0 0 0 0 0 0 0 0 0 0 0 0 0 0 0 0 0 0 0 0 0 0 0 0 0 0 0 0 0 0 0 0 0 0 0 0 0 0 0 0 0 0 0 0 0 0 0 0 0 0 0 0 0 0 0 0 0 0 0 0 0 0 0 0 0 0 0 0 0 0 0 0 0 0 0 0 0 0 0 0 0 0 0 0 0 0 0 0 0 0 0 0 0 0 0 0 0 0 0 0 0 0 0 0 0 0 0 0 0 0 0 0 0 0 0 0 0 0 0 0 0 0 0 0 0 0 0 0 0 0 0 0 0 0 0 0 0 0 0 0 64 65 67 63 66 
0 0 74 73 70 69 67 66 69 75 86 85 85 87 87 67 0 0 0 0 0 0 0 0 0 0 0 0 0 0 0 0 0 0 0 0 0 0 0 0 0 0 0 0 0 0 0 0 0 0 0 0 0 0 0 0 0 0 0 0 0 0 0 0 0 0 0 0 0 0 0 0 0 0 0 0 0 0 0 0 0 0 0 0 0 0 0 0 0 0 0 0 0 0 0 0 0 0 0 0 0 0 0 0 0 0 0 0 0 0 0 0 0 0 0 0 0 0 0 0 0 0 0 0 0 0 0 0 0 0 0 0 0 0 0 0 0 0 0 0 0 0 0 0 0 0 0 0 0 0 0 0 0 0 0 0 0 0 0 0 0 0 0 0 0 0 0 0 0 0 0 0 65 67 61 73 
0 0 75 75 72 71 70 69 70 73 84 85 84 86 88 72 0 0 0 0 0 0 0 0 0 0 0 0 0 0 0 0 0 0 0 0 0 0 0 0 0 0 0 0 0 0 0 0 0 0 0 0 0 0 0 0 0 0 0 0 0 0 0 0 0 0 0 0 0 0 0 0 0 0 0 0 0 0 0 0 0 0 0 0 0 0 0 0 0 0 0 0 0 0 0 0 0 0 0 0 0 0 0 0 0 0 0 0 0 0 0 0 0 0 0 0 0 0 0 0 0 0 0 0 0 0 0 0 0 0 0 0 0 0 0 0 0 0 0 0 0 0 0 0 0 0 0 0 0 0 0 0 0 0 0 0 0 0 0 0 0 0 0 0 0 0 0 0 0 0 0 0 65 67 69 68 
0 0 74 75 73 73 71 70 71 73 82 86 84 85 88 77 60 0 0 0 0 0 0 0 0 0 0 0 0 0 0 0 0 0 0 0 0 0 0 0 0 0 0 0 0 0 0 0 0 0 0 0 0 0 0 0 0 0 0 0 0 0 0 0 0 0 0 0 0 0 0 0 0 0 0 0 0 0 0 0 0 0 0 0 0 0 0 0 0 0 0 0 0 0 0 0 0 0 0 0 0 0 0 0 0 0 0 0 0 0 0 0 0 0 0 0 0 0 0 0 0 0 0 0 0 0 0 0 0 0 0 0 0 0 0 0 0 0 0 0 0 0 0 0 0 0 0 0 0 0 0 0 0 0 0 0 0 0 0 0 0 0 0 0 0 0 0 0 0 0 0 0 65 67 64 71 
0 0 74 74 74 74 73 72 72 73 78 84 81 83 86 80 60 0 0 0 0 0 0 0 0 0 0 0 0 0 0 0 0 0 0 0 0 0 0 0 0 0 0 0 0 0 0 0 0 0 0 0 0 0 0 0 0 0 0 0 0 0 0 0 0 0 0 0 0 0 0 0 0 0 0 0 0 0 0 0 0 0 0 0 0 0 0 0 0 0 0 0 0 0 0 0 0 0 0 0 0 0 0 0 0 0 0 0 0 0 0 0 0 0 0 0 0 0 0 0 0 0 0 0 0 0 0 0 0 0 0 0 0 0 0 0 0 0 0 0 0 0 0 0 0 0 0 0 0 0 0 0 0 0 0 0 0 0 0 0 0 0 0 0 0 0 0 0 0 0 0 0 0 68 0 0 
0 0 74 75 75 76 74 74 73 73 75 81 79 81 85 83 0 0 0 0 0 0 0 0 0 0 0 0 0 0 0 0 0 0 0 0 0 0 0 0 0 0 0 0 0 0 0 0 0 0 0 0 0 0 0 0 0 0 0 0 0 0 0 0 0 0 0 0 0 0 0 0 0 0 0 0 0 0 0 0 0 0 0 0 0 0 0 0 0 0 0 0 0 0 0 0 0 0 0 0 0 0 0 0 0 0 0 0 0 0 0 0 0 0 0 0 0 0 0 0 0 0 0 0 0 0 0 0 0 0 0 0 0 0 0 0 0 0 0 0 0 0 0 0 0 0 0 0 0 0 0 0 0 0 0 0 0 0 0 0 0 0 0 0 0 0 0 0 0 0 0 0 0 0 0 0 
0 65 72 74 75 76 75 74 72 72 73 78 77 80 84 87 0 0 0 0 0 0 0 0 0 0 0 0 0 0 0 0 0 0 0 0 0 0 0 0 0 0 0 0 0 0 0 0 0 0 0 0 0 0 0 0 0 0 0 0 0 0 0 0 0 0 0 0 0 0 0 0 0 0 0 0 0 0 0 0 0 0 0 0 0 0 0 0 0 0 0 0 0 0 0 0 0 0 0 0 0 0 0 0 0 0 0 0 0 0 0 0 0 0 0 0 0 0 0 0 0 0 0 0 0 0 0 0 0 0 0 0 0 0 0 0 0 0 0 0 0 0 0 0 0 0 0 0 0 0 0 0 0 0 0 0 0 0 0 0 0 0 0 0 0 0 0 0 0 0 0 0 0 0 0 0 
0 68 72 73 73 74 73 73 71 71 71 76 76 79 83 0 0 0 0 0 0 0 0 0 0 0 0 0 0 0 0 0 0 0 0 0 0 0 0 0 0 0 0 0 0 0 0 0 0 0 0 0 0 0 0 0 0 0 0 0 0 0 0 0 0 0 0 0 0 0 0 0 0 0 0 0 0 0 0 0 0 0 0 0 0 0 0 0 0 0 0 0 0 0 0 0 0 0 0 0 0 0 0 0 0 0 0 0 0 0 0 0 0 0 0 0 0 0 0 0 0 0 0 0 0 0 0 0 0 0 0 0 0 0 0 0 0 0 0 0 0 0 0 0 0 0 0 0 0 0 0 0 0 0 0 0 0 0 0 0 0 0 0 0 0 0 0 0 0 0 0 0 0 0 0 0 
0 63 103 87 80 76 73 73 71 71 70 71 74 101 131 158 194 193 183 175 0 0 0 0 0 0 0 0 0 0 0 0 0 0 0 0 0 0 0 0 0 0 0 0 0 0 0 0 0 0 0 0 0 0 0 0 0 0 0 0 0 0 0 0 0 0 0 0 0 0 0 0 0 0 0 0 0 0 0 0 0 0 0 0 0 0 0 0 0 0 0 0 0 0 0 0 0 0 0 0 0 0 0 0 0 0 0 0 0 0 0 0 0 0 0 0 0 0 0 0 0 0 0 0 0 0 0 0 0 0 0 0 0 0 0 0 0 0 0 0 0 0 0 0 0 0 0 0 0 0 0 0 0 0 0 0 0 0 0 0 0 0 0 0 0 0 0 0 0 0 0 0 0 0 0 0 
82 0 192 164 147 131 121 118 115 121 141 165 207 281 330 338 322 284 256 219 163 0 0 0 0 0 0 0 0 0 0 0 0 0 0 0 0 0 0 0 0 0 0 0 0 0 0 0 0 0 0 0 0 0 0 0 0 0 0 0 0 0 0 0 0 0 0 0 0 0 0 0 0 0 0 0 0 0 0 0 0 0 0 0 0 0 0 0 0 0 0 0 0 0 0 0 0 0 0 0 0 0 0 0 0 0 0 0 0 0 0 0 0 0 0 0 0 0 0 0 0 0 0 0 0 0 0 0 0 0 0 0 0 0 0 0 0 0 0 0 0 0 0 0 0 0 0 0 0 0 0 0 0 0 0 0 0 0 0 0 0 0 0 0 0 0 0 0 0 0 0 0 0 0 0 0 
343 232 280 259 243 228 223 233 241 267 308 326 356 400 408 403 366 309 274 226 155 0 0 0 0 0 0 0 0 0 0 0 0 0 0 0 0 0 0 0 0 0 0 0 0 0 0 0 0 0 0 0 0 0 0 0 0 0 0 0 0 0 0 0 0 0 0 0 0 0 0 0 0 0 0 0 0 0 0 0 0 0 0 0 0 0 0 0 0 0 0 0 0 0 0 0 0 0 0 0 0 0 0 0 0 0 0 0 0 0 0 0 0 0 0 0 0 0 0 0 0 0 0 0 0 0 0 0 0 0 0 0 0 0 0 0 0 0 0 0 0 0 0 0 0 0 0 0 0 0 0 0 0 0 0 0 0 0 0 0 0 0 0 0 0 0 0 0 0 0 0 0 0 0 0 0 
488 476 348 341 325 312 314 336 354 377 409 407 414 431 436 425 377 324 284 229 152 0 0 0 0 0 0 0 0 0 0 0 0 0 0 0 0 0 0 0 0 0 0 0 0 0 0 0 0 0 0 0 0 0 0 0 0 0 0 0 0 0 0 0 0 0 0 0 0 0 0 0 0 0 0 0 0 0 0 0 0 0 0 0 0 0 0 0 0 0 0 0 0 0 0 0 0 0 0 0 0 0 0 0 0 0 0 0 0 0 0 0 0 0 0 0 0 0 0 0 0 0 0 0 0 0 0 0 0 0 0 0 0 0 0 0 0 0 0 0 0 0 0 0 0 0 0 0 0 0 0 0 0 0 0 0 0 0 0 0 0 0 0 0 0 0 0 0 0 0 0 0 0 0 0 0 
431 449 378 374 373 376 381 394 396 401 410 411 419 433 439 423 382 332 292 234 153 0 0 0 0 0 0 0 0 0 0 0 0 0 0 0 0 0 0 0 0 0 0 0 0 0 0 0 0 0 0 0 0 0 0 0 0 0 0 0 0 0 0 0 0 0 0 0 0 0 0 0 0 0 0 0 0 0 0 0 0 0 0 0 0 0 0 0 0 0 0 0 0 0 0 0 0 0 0 0 0 0 0 0 0 0 0 0 0 0 0 0 0 0 0 0 0 0 0 0 0 0 0 0 0 0 0 0 0 0 0 0 0 0 0 0 0 0 0 0 0 0 0 0 0 0 0 0 0 0 0 0 0 0 0 0 0 0 0 0 0 0 0 0 0 0 0 0 0 0 0 0 0 0 0 0 
408 405 414 411 405 400 394 392 393 397 406 422 443 464 477 462 399 348 302 229 135 0 0 0 0 0 0 0 0 0 0 0 0 0 0 0 0 0 0 0 0 0 0 0 0 0 0 0 0 0 0 0 0 0 0 0 0 0 0 0 0 0 0 0 0 0 0 0 0 0 0 0 0 0 0 0 0 0 0 0 0 0 0 0 0 0 0 0 0 0 0 0 0 0 0 0 0 0 0 0 0 0 0 0 0 0 0 0 0 0 0 0 0 0 0 0 0 0 0 0 0 0 0 0 0 0 0 0 0 0 0 0 0 0 0 0 0 0 0 0 0 0 0 0 0 0 0 0 0 0 0 0 0 0 0 0 0 0 0 0 0 0 0 0 0 0 0 0 0 0 0 0 0 0 0 0 
384 391 395 403 409 413 416 419 423 428 434 443 453 460 459 428 359 318 273 198 116 0 0 0 0 0 0 0 0 0 0 0 0 0 0 0 0 0 0 0 0 0 0 0 0 0 0 0 0 0 0 0 0 0 0 0 0 0 0 0 0 0 0 0 0 0 0 0 0 0 0 0 0 0 0 0 0 0 0 0 0 0 0 0 0 0 0 0 0 0 0 0 0 0 0 0 0 0 0 0 0 0 0 0 0 0 0 0 0 0 0 0 0 0 0 0 0 0 0 0 0 0 0 0 0 0 0 0 0 0 0 0 0 0 0 0 0 0 0 0 0 0 0 0 0 0 0 0 0 0 0 0 0 0 0 0 0 0 0 0 0 0 0 0 0 0 0 0 0 0 0 0 0 0 0 0 
354 366 353 372 383 389 392 393 395 399 404 412 421 424 421 384 317 287 244 169 100 0 0 0 0 0 0 0 0 0 0 0 0 0 0 0 0 0 0 0 0 0 0 0 0 0 0 0 0 0 0 0 0 0 0 0 0 0 0 0 0 0 0 0 0 0 0 0 0 0 0 0 0 0 0 0 0 0 0 0 0 0 0 0 0 0 0 0 0 0 0 0 0 0 0 0 0 0 0 0 0 0 0 0 0 0 0 0 0 0 0 0 0 0 0 0 0 0 0 0 0 0 0 0 0 0 0 0 0 0 0 0 0 0 0 0 0 0 0 0 0 0 0 0 0 0 0 0 0 0 0 0 0 0 0 0 0 0 0 0 0 0 0 0 0 0 0 0 0 0 0 0 0 0 0 0 
252 338 325 345 357 371 377 378 378 380 383 388 394 394 387 346 283 252 211 139 86 0 0 0 0 0 0 0 0 0 0 0 0 0 0 0 0 0 0 0 0 0 0 0 0 0 0 0 0 0 0 0 0 0 0 0 0 0 0 0 0 0 0 0 0 0 0 0 0 0 0 0 0 0 0 0 0 0 0 0 0 0 0 0 0 0 0 0 0 0 0 0 0 0 0 0 0 0 0 0 0 0 0 0 0 0 0 0 0 0 0 0 0 0 0 0 0 0 0 0 0 0 0 0 0 0 0 0 0 0 0 0 0 0 0 0 0 0 0 0 0 0 0 0 0 0 0 0 0 0 0 0 0 0 0 0 0 0 0 0 0 0 0 0 0 0 0 0 0 0 0 0 0 0 0 0 
81 173 293 318 331 344 358 362 362 365 369 373 378 375 366 321 268 237 197 123 79 0 0 0 0 0 0 0 0 0 0 0 0 0 0 0 0 0 0 0 0 0 0 0 0 0 0 0 0 0 0 0 0 0 0 0 0 0 0 0 0 0 0 0 0 0 0 0 0 0 0 0 0 0 0 0 0 0 0 0 0 0 0 0 0 0 0 0 0 0 0 0 0 0 0 0 0 0 0 0 0 0 0 0 0 0 0 0 0 0 0 0 0 0 0 0 0 0 0 0 0 0 0 0 0 0 0 0 0 0 0 0 0 0 0 0 0 0 0 0 0 0 0 0 0 0 0 0 0 0 0 0 0 0 0 0 0 0 0 0 0 0 0 0 0 0 0 0 0 0 0 0 0 0 0 0 
0 0 255 283 297 311 324 338 342 346 349 352 355 352 341 296 254 225 184 110 0 0 0 0 0 0 0 0 0 0 0 0 0 0 0 0 0 0 0 0 0 0 0 0 0 0 0 0 0 0 0 0 0 0 0 0 0 0 0 0 0 0 0 0 0 0 0 0 0 0 0 0 0 0 0 0 0 0 0 0 0 0 0 0 0 0 0 0 0 0 0 0 0 0 0 0 0 0 0 0 0 0 0 0 0 0 0 0 0 0 0 0 0 0 0 0 0 0 0 0 0 0 0 0 0 0 0 0 0 0 0 0 0 0 0 0 0 0 0 0 0 0 0 0 0 0 0 0 0 0 0 0 0 0 0 0 0 0 0 0 0 0 0 0 0 0 0 0 0 0 0 0 0 0 0 0 
0 0 218 254 276 286 296 306 306 306 313 318 325 323 310 275 242 212 170 102 0 0 0 0 0 0 0 0 0 0 0 0 0 0 0 0 0 0 0 0 0 0 0 0 0 0 0 0 0 0 0 0 0 0 0 0 0 0 0 0 0 0 0 0 0 0 0 0 0 0 0 0 0 0 0 0 0 0 0 0 0 0 0 0 0 0 0 0 0 0 0 0 0 0 0 0 0 0 0 0 0 0 0 0 0 0 0 0 0 0 0 0 0 0 0 0 0 0 0 0 0 0 0 0 0 0 0 0 0 0 0 0 0 0 0 0 0 0 0 0 0 0 0 0 0 0 0 0 0 0 0 0 0 0 0 0 0 0 0 0 0 0 0 0 0 0 0 0 0 0 0 0 0 0 0 0 
0 0 188 223 245 260 277 290 291 291 299 293 290 280 268 238 220 198 165 96 0 0 0 0 0 0 0 0 0 0 0 0 0 0 0 0 0 0 0 0 0 0 0 0 0 0 0 0 0 0 0 0 0 0 0 0 0 0 0 0 0 0 0 0 0 0 0 0 0 0 0 0 0 0 0 0 0 0 0 0 0 0 0 0 0 0 0 0 0 0 0 0 0 0 0 0 0 0 0 0 0 0 0 0 0 0 0 0 0 0 0 0 0 0 0 0 0 0 0 0 0 0 0 0 0 0 0 0 0 0 0 0 0 0 0 0 0 0 0 0 0 0 0 0 0 0 0 0 0 0 0 0 0 0 0 0 0 0 0 0 0 0 0 0 0 0 0 0 0 0 0 0 0 0 0 0 
0 0 0 188 215 222 241 261 263 265 277 271 268 259 246 220 213 195 165 0 0 0 0 0 0 0 0 0 0 0 0 0 0 0 0 0 0 0 0 0 0 0 0 0 0 0 0 0 0 0 0 0 0 0 0 0 0 0 0 0 0 0 0 0 0 0 0 0 0 0 0 0 0 0 0 0 0 0 0 0 0 0 0 0 0 0 0 0 0 0 0 0 0 0 0 0 0 0 0 0 0 0 0 0 0 0 0 0 0 0 0 0 0 0 0 0 0 0 0 0 0 0 0 0 0 0 0 0 0 0 0 0 0 0 0 0 0 0 0 0 0 0 0 0 0 0 0 0 0 0 0 0 0 0 0 0 0 0 0 0 0 0 0 0 0 0 0 0 0 0 0 0 0 0 0 0 
0 0 0 0 0 187 199 222 229 232 245 237 232 225 212 192 187 173 0 0 0 0 0 0 0 0 0 0 0 0 0 0 0 0 0 0 0 0 0 0 0 0 0 0 0 0 0 0 0 0 0 0 0 0 0 0 0 0 0 0 0 0 0 0 0 0 0 0 0 0 0 0 0 0 0 0 0 0 0 0 0 0 0 0 0 0 0 0 0 0 0 0 0 0 0 0 0 0 0 0 0 0 0 0 0 0 0 0 0 0 0 0 0 0 0 0 0 0 0 0 0 0 0 0 0 0 0 0 0 0 0 0 0 0 0 0 0 0 0 0 0 0 0 0 0 0 0 0 0 0 0 0 0 0 0 0 0 0 0 0 0 0 0 0 0 0 0 0 0 0 0 0 0 0 0 0 
0 0 0 0 0 0 0 0 160 173 198 191 191 183 167 156 154 0 0 0 0 0 0 0 0 0 0 0 0 0 0 0 0 0 0 0 0 0 0 0 0 0 0 0 0 0 0 0 0 0 0 0 0 0 0 0 0 0 0 0 0 0 0 0 0 0 0 0 0 0 0 0 0 0 0 0 0 0 0 0 0 0 0 0 0 0 0 0 0 0 0 0 0 0 0 0 0 0 0 0 0 0 0 0 0 0 0 0 0 0 0 0 0 0 0 0 0 0 0 0 0 0 0 0 0 0 0 0 0 0 0 0 0 0 0 0 0 0 0 0 0 0 0 0 0 0 0 0 0 0 0 0 0 0 0 0 0 0 0 0 0 0 0 0 0 0 0 0 0 0 0 0 0 0 0 0 
0 0 0 0 0 0 0 0 0 0 0 0 0 0 0 0 0 0 0 0 0 0 0 0 0 0 0 0 0 0 0 0 0 0 0 0 0 0 0 0 0 0 0 0 0 0 0 0 0 0 0 0 0 0 0 0 0 0 0 0 0 0 0 0 0 0 0 0 0 0 0 0 0 0 0 0 0 0 0 0 0 0 0 0 0 0 0 0 0 0 0 0 0 0 0 0 0 0 0 0 0 0 0 0 0 0 0 0 0 0 0 0 0 0 0 0 0 0 0 0 0 0 0 0 0 0 0 0 0 0 0 0 0 0 0 0 0 0 0 0 0 0 0 0 0 0 0 0 0 0 0 0 0 0 0 0 0 0 0 0 0 0 0 0 0 0 0 0 0 0 0 0 0 0 0 0 
0 0 0 0 0 0 0 0 0 0 0 0 0 0 0 0 0 0 0 0 0 0 0 0 0 0 0 0 0 0 0 0 0 0 0 0 0 0 0 0 0 0 0 0 0 0 0 0 0 0 0 0 0 0 0 0 0 0 0 0 0 0 0 0 0 0 0 0 0 0 0 0 0 0 0 0 0 0 0 0 0 0 0 0 0 0 0 0 0 0 0 0 0 0 0 0 0 0 0 0 0 0 0 0 0 0 0 0 0 0 0 0 0 0 0 0 0 0 0 0 0 0 0 0 0 0 0 0 0 0 0 0 0 0 0 0 0 0 0 0 0 0 0 0 0 0 0 0 0 0 0 0 0 0 0 0 0 0 0 0 0 0 0 0 0 0 0 0 0 0 0 0 0 0 0 0 
0 0 0 0 0 0 0 0 0 0 0 0 0 0 0 0 0 0 0 0 0 0 0 0 0 0 0 0 0 0 0 0 0 0 0 0 0 0 0 0 0 0 0 0 0 0 0 0 0 0 0 0 0 0 0 0 0 0 0 0 0 0 0 0 0 0 0 0 0 0 0 0 0 0 0 0 0 0 0 0 0 0 0 0 0 0 0 0 0 0 0 0 0 0 0 0 0 0 0 0 0 0 0 0 0 0 0 0 0 0 0 0 0 0 0 0 0 0 0 0 0 0 0 0 0 0 0 0 0 0 0 0 0 0 0 0 0 0 0 0 0 0 0 0 0 0 0 0 0 0 0 0 0 0 0 0 0 0 0 0 0 0 0 0 0 0 0 0 0 0 0 0 0 0 0 0 
0 0 0 0 0 0 0 0 0 0 0 0 0 0 0 0 0 0 0 0 0 0 0 0 0 0 0 0 0 0 0 0 0 0 0 0 0 0 0 0 0 0 0 0 0 0 0 0 0 0 0 0 0 0 0 0 0 0 0 0 0 0 0 0 0 0 0 0 0 0 0 0 0 0 0 0 0 0 0 0 0 0 0 0 0 0 0 0 0 0 0 0 0 0 0 0 0 0 0 0 0 0 0 0 0 0 0 0 0 0 0 0 0 0 0 0 0 0 0 0 0 0 0 0 0 0 0 0 0 0 0 0 0 0 0 0 0 0 0 0 0 0 0 0 0 0 0 0 0 0 0 0 0 0 0 0 0 0 0 0 0 0 0 0 0 0 0 0 0 0 0 0 0 0 0 0 
0 0 0 0 0 0 0 0 0 0 0 0 0 0 0 0 0 0 0 0 0 0 0 0 0 0 0 0 0 0 0 0 0 0 0 0 0 0 0 0 0 0 0 0 0 0 0 0 0 0 0 0 0 0 0 0 0 0 0 0 0 0 0 0 0 0 0 0 0 0 0 0 0 0 0 0 0 0 0 0 0 0 0 0 0 0 0 0 0 0 0 0 0 0 0 0 0 0 0 0 0 0 0 0 0 0 0 0 0 0 0 0 0 0 0 0 0 0 0 0 0 0 0 0 0 0 0 0 0 0 0 0 0 0 0 0 0 0 0 0 0 0 0 0 0 0 0 0 0 0 0 0 0 0 0 0 0 0 0 0 0 0 0 0 0 0 0 0 0 0 0 0 0 0 0 0 
0 0 0 0 0 0 0 0 0 0 0 0 0 0 0 0 0 0 0 0 0 0 0 0 0 0 0 0 0 0 0 0 0 0 0 0 0 0 0 0 0 0 0 0 0 0 0 0 0 0 0 0 0 0 0 0 0 0 0 0 0 0 0 0 0 0 0 0 0 0 0 0 0 0 0 0 0 0 0 0 0 0 0 0 0 0 0 0 0 0 0 0 0 0 0 0 0 0 0 0 0 0 0 0 0 0 0 0 0 0 0 0 0 0 0 0 0 0 0 0 0 0 0 0 0 0 0 0 0 0 0 0 0 0 0 0 0 0 0 0 0 0 0 0 0 0 0 0 0 0 0 0 0 0 0 0 0 0 0 0 0 0 0 0 0 0 0 0 0 0 0 0 0 0 0 0 
0 0 0 0 0 0 0 0 0 0 0 0 0 0 0 0 0 0 0 0 0 0 0 0 0 0 0 0 0 0 0 0 0 0 0 0 0 0 0 0 0 0 0 0 0 0 0 0 0 0 0 0 0 0 0 0 0 0 0 0 0 0 0 0 0 0 0 0 0 0 0 0 0 0 0 0 0 0 0 0 0 0 0 0 0 0 0 0 0 0 0 0 0 0 0 0 0 0 0 0 0 0 0 0 0 0 0 0 0 0 0 0 0 0 0 0 0 0 0 0 0 0 0 0 0 0 0 0 0 0 0 0 0 0 0 0 0 0 0 0 0 0 0 0 0 0 0 0 0 0 0 0 0 0 0 0 0 0 0 0 0 0 0 0 0 0 0 0 0 0 0 0 0 0 0 0 
0 0 0 0 0 0 0 0 0 0 0 0 0 0 0 0 0 0 0 0 0 0 0 0 0 0 0 0 0 0 0 0 0 0 0 0 0 0 0 0 0 0 0 0 0 0 0 0 0 0 0 0 0 0 0 0 0 0 0 0 0 0 0 0 0 0 0 0 0 0 0 0 0 0 0 0 0 0 0 0 0 0 0 0 0 0 0 0 0 0 0 0 0 0 0 0 0 0 0 0 0 0 0 0 0 0 0 0 0 0 0 0 0 0 0 0 0 0 0 0 0 0 0 0 0 0 0 0 0 0 0 0 0 0 0 0 0 0 0 0 0 0 0 0 0 0 0 0 0 0 0 0 0 0 0 0 0 0 0 0 0 0 0 0 0 0 0 0 0 0 0 0 0 0 0 0 
