88 88 95 88 94 90 95 86 88 86 82 88 82 85 83 85 85 86 80 82 86 78 79 78 77 84 85 86 82 85 79 74 82 85 79 83 72 65 74 78 79 81 85 81 81 77 83 83 78 79 81 82 81 80 77 80 80 78 78 80 81 81 71 66 77 73 81 79 80 81 82 80 83 80 79 81 83 79 79 76 81 83 78 82 83 79 81 80 69 67 74 80 78 74 82 83 79 81 81 83 81 84 79 81 78 82 82 85 84 86 87 85 87 77 71 76 87 81 84 86 85 87 88 92 94 92 88 92 95 92 91 94 95 94 99 98 93 96 95 87 81 88 97 100 100 102 99 98 99 104 104 112 106 112 109 107 117 119 104 90 85 83 82 79 88 83 78 81 80 85 77 87 96 95 99 108 
86 84 86 89 92 93 83 91 82 90 81 85 77 73 71 79 78 76 83 83 76 84 89 85 85 85 88 89 80 83 86 85 80 85 79 78 82 68 71 79 80 80 79 84 82 78 78 82 76 75 77 78 77 79 78 76 77 79 74 76 76 79 75 57 70 76 84 80 78 75 80 78 78 81 78 81 77 79 80 80 78 76 81 83 82 81 81 78 73 67 79 77 81 83 82 81 80 81 81 81 79 83 82 82 80 79 83 81 78 79 82 81 81 80 61 80 82 82 87 86 86 89 86 91 89 90 88 90 90 91 92 90 90 93 90 91 86 92 93 85 89 93 99 100 101 95 101 101 94 97 99 103 105 112 113 116 112 100 87 82 84 82 85 75 77 82 81 77 78 83 83 90 84 93 103 105 
92 87 86 86 86 86 85 84 83 83 82 81 80 80 78 78 79 81 81 82 82 82 82 82 82 83 82 82 81 81 80 81 81 80 80 79 77 76 75 74 75 76 77 78 78 78 77 77 77 77 77 77 77 77 76 76 76 76 76 77 76 75 73 73 73 73 75 77 78 78 78 78 78 78 78 78 79 79 79 79 79 79 80 80 80 80 79 77 75 75 75 75 78 78 79 79 80 80 80 80 80 80 79 79 79 79 80 80 81 81 81 80 77 77 77 78 80 82 83 84 84 85 86 87 88 88 89 89 89 91 91 92 92 93 92 92 91 90 89 89 90 92 94 96 97 97 97 97 98 100 101 103 105 105 103 101 96 91 87 84 82 80 80 80 79 78 78 79 79 81 83 87 91 96 100 102 
82 89 83 83 83 83 83 82 81 81 81 80 79 78 77 77 78 79 80 81 81 82 81 82 81 82 81 80 80 80 79 80 80 79 79 79 77 76 75 73 73 74 75 76 76 77 76 76 75 75 75 75 75 75 75 75 75 75 74 75 75 74 73 73 73 73 74 76 77 78 78 79 79 79 79 79 80 80 81 81 82 82 82 83 83 83 82 80 79 79 79 79 81 81 82 81 82 82 82 83 83 83 82 82 82 81 82 82 83 82 82 81 79 79 80 80 82 84 84 84 84 85 85 86 86 87 87 87 88 89 89 90 90 90 90 89 89 88 88 88 89 91 93 94 95 96 96 96 97 98 100 102 103 102 99 94 89 84 81 79 79 78 77 78 78 76 76 78 78 80 82 85 89 94 96 100 
85 81 82 82 81 81 81 80 80 80 80 79 79 79 77 77 78 78 79 80 79 80 79 79 79 79 79 78 79 78 78 78 78 78 78 78 78 76 75 73 72 72 72 73 74 75 75 75 75 75 75 75 75 75 75 75 75 75 76 77 77 77 77 77 77 78 78 80 82 82 83 83 84 84 84 84 85 85 85 86 86 86 87 87 87 87 87 86 85 84 84 84 85 86 87 86 87 87 88 88 88 87 87 87 86 86 87 88 88 88 88 87 86 86 86 87 88 89 89 89 89 89 89 89 90 90 89 90 90 90 90 91 91 91 90 90 89 88 88 88 89 91 92 92 93 94 95 95 96 98 99 100 100 97 92 88 83 79 78 77 77 76 76 76 76 75 75 77 77 79 82 85 89 93 103 109 
79 76 80 80 79 80 80 79 79 80 80 80 80 79 78 77 77 76 76 77 77 77 78 78 78 78 78 77 77 76 76 76 76 75 76 76 75 75 74 72 72 71 72 73 75 76 76 77 77 78 78 79 79 80 79 79 79 80 80 81 81 82 82 82 83 83 83 85 86 86 87 88 88 88 88 88 89 88 89 90 90 90 90 91 91 92 92 91 90 89 90 89 90 90 91 91 91 91 92 92 93 92 92 92 92 92 93 93 93 93 93 92 92 92 93 94 94 95 94 94 93 94 93 94 94 94 94 94 94 94 95 95 95 95 94 93 92 91 91 91 92 93 94 94 95 95 95 95 97 98 98 98 97 93 88 83 79 76 76 75 76 75 74 73 73 71 0 76 79 80 81 84 87 92 93 102 
80 82 78 78 78 78 79 78 78 79 79 78 78 78 77 76 76 76 75 74 74 74 75 75 76 76 75 75 75 74 74 74 74 74 75 76 77 77 77 75 75 75 75 76 78 80 80 81 81 82 82 82 83 84 84 84 84 84 84 85 86 87 87 87 88 88 88 89 90 91 92 92 92 92 92 92 93 93 94 95 95 95 95 95 96 96 96 96 96 95 95 94 95 95 96 96 96 96 96 97 97 97 98 98 98 98 98 98 98 98 98 98 98 99 99 99 100 100 100 99 98 99 98 98 98 98 98 99 99 99 99 99 99 99 98 97 96 96 96 96 97 98 98 98 99 99 99 100 101 102 102 100 96 91 85 80 77 75 75 74 74 73 73 72 72 0 0 0 77 77 79 82 85 90 100 99 
76 78 77 77 77 77 77 77 76 77 77 76 76 76 76 75 75 74 73 72 71 71 72 73 73 74 74 75 75 76 75 76 76 76 77 79 79 80 80 80 79 79 80 80 82 83 84 85 85 86 86 86 87 87 88 87 88 88 89 89 90 91 91 92 93 93 93 94 95 95 96 97 97 97 97 97 97 97 98 99 99 99 100 100 100 101 101 100 100 100 100 100 100 100 101 101 101 101 102 102 102 103 103 103 103 103 103 103 103 103 103 104 104 105 105 106 105 105 105 104 104 104 104 104 103 103 103 103 103 103 103 103 103 103 102 102 101 101 101 101 102 102 102 102 103 104 104 105 106 108 107 103 98 91 84 79 76 75 74 73 73 71 70 69 0 0 0 0 76 77 78 80 84 88 96 103 
80 74 76 76 76 76 76 76 75 75 75 74 74 74 74 73 74 73 72 71 71 71 72 73 74 75 76 77 77 78 78 79 79 79 80 82 82 83 84 84 84 84 84 85 85 86 87 88 89 90 90 90 91 92 92 92 92 93 94 94 95 96 96 97 97 98 97 98 98 99 99 100 100 100 100 100 100 100 100 100 100 100 101 101 102 102 102 102 102 101 101 102 102 102 102 102 102 103 103 103 104 104 104 105 105 105 105 105 105 105 106 107 107 108 108 109 109 109 108 108 108 108 108 108 108 109 108 108 108 108 107 108 108 108 107 107 106 106 106 106 106 107 106 106 107 108 108 109 110 112 111 107 100 93 85 78 75 74 73 72 71 71 70 0 0 0 0 0 73 75 77 80 83 88 91 99 
68 72 74 73 74 74 75 74 74 73 73 73 73 73 74 74 75 75 74 74 74 74 74 76 76 77 78 79 80 80 81 82 82 83 83 84 85 85 86 87 88 88 89 89 90 91 91 92 93 93 93 94 94 95 95 95 95 95 96 96 97 97 97 97 97 97 97 98 98 98 99 99 99 99 99 99 99 99 99 100 100 100 100 100 101 101 101 101 101 100 101 101 101 101 101 101 101 102 102 102 102 103 103 104 104 104 104 104 104 104 105 105 106 107 107 108 108 108 108 107 107 108 108 109 109 109 109 109 109 110 110 110 111 111 110 110 110 110 110 110 111 111 111 111 111 112 112 113 114 116 116 111 104 96 86 78 75 73 72 71 71 70 0 0 0 0 0 0 70 73 75 78 81 86 87 94 
71 69 72 72 72 73 73 73 73 73 73 73 73 74 75 75 76 77 76 76 76 76 76 77 78 79 80 82 83 84 85 85 86 87 87 88 89 89 89 91 91 91 92 92 92 93 93 94 94 93 94 93 94 94 95 94 95 95 95 95 96 96 96 97 97 97 96 96 97 97 97 97 97 98 98 98 98 98 99 99 99 99 100 100 100 100 99 99 99 98 98 99 99 98 100 100 100 100 100 100 100 101 101 101 102 102 101 101 102 102 103 104 105 105 106 106 106 106 106 106 106 107 107 108 108 108 108 108 109 109 109 109 110 110 110 110 110 111 111 111 112 112 112 112 113 114 115 116 117 119 120 115 107 98 87 78 74 72 70 69 68 0 0 0 0 0 0 0 70 72 74 77 80 85 91 96 
74 70 72 72 73 74 74 75 74 75 75 75 75 76 77 77 78 79 79 79 80 80 80 81 81 82 84 85 86 87 88 88 89 90 89 90 90 90 90 90 91 91 91 91 91 92 92 92 93 92 92 92 92 93 92 92 93 92 92 92 92 92 92 91 91 91 90 91 91 91 92 92 93 94 95 97 98 98 98 98 98 98 99 98 97 96 94 93 93 92 91 92 92 92 93 93 93 93 94 93 94 94 94 94 95 95 95 96 96 97 98 98 99 99 99 99 99 99 99 99 100 101 102 103 105 106 107 107 108 107 108 108 108 108 109 109 109 110 110 110 111 110 110 111 112 113 113 114 116 118 119 116 108 99 88 78 73 71 69 68 0 0 0 0 0 0 0 0 68 72 74 76 79 84 86 89 
0 72 73 73 74 75 76 76 76 76 77 78 78 78 79 79 80 81 82 82 83 84 83 84 84 85 85 86 87 88 88 89 90 90 89 89 89 89 88 89 89 88 88 88 88 88 88 87 87 87 87 87 87 87 86 85 84 85 85 87 89 91 91 90 90 89 88 89 89 90 90 89 90 91 93 94 97 98 98 98 98 98 98 96 95 94 92 91 91 89 89 90 89 89 91 91 91 91 91 91 91 92 92 92 92 93 93 94 94 95 97 97 97 97 97 97 97 97 97 97 98 99 98 99 101 102 104 106 107 106 107 107 107 107 108 108 108 108 108 109 109 109 109 110 110 111 111 112 113 115 117 113 106 98 89 78 71 69 67 0 0 0 0 0 0 0 0 0 67 70 73 75 78 83 88 94 
71 74 75 75 75 76 77 78 78 79 79 80 80 80 81 81 82 83 83 84 84 85 84 84 84 85 85 86 87 87 88 88 89 89 88 87 87 85 83 83 82 82 83 84 86 87 86 86 86 85 85 85 85 85 84 83 82 82 83 85 87 89 89 88 87 86 86 86 87 88 88 85 86 89 91 92 96 97 98 98 98 98 98 95 94 91 89 86 87 86 86 86 86 86 88 87 87 87 88 88 88 89 89 89 89 89 90 91 92 93 94 94 94 94 94 93 93 93 94 94 95 97 95 95 98 100 101 104 107 106 107 107 107 107 108 107 108 108 108 108 109 109 109 109 109 109 109 110 111 113 115 112 104 98 90 79 70 68 0 0 0 0 0 0 0 0 0 0 67 70 72 74 76 82 88 100 
75 83 77 77 77 78 79 80 80 81 81 82 81 81 82 82 81 82 83 83 83 84 83 83 84 84 85 85 86 86 87 87 88 87 87 86 85 83 82 81 81 80 82 83 84 86 84 83 83 83 82 82 82 82 80 79 78 78 79 81 83 86 86 84 83 81 80 81 81 82 83 80 82 86 89 91 96 97 97 98 98 98 97 93 91 88 85 80 81 79 79 80 79 79 81 81 80 80 81 81 83 83 83 83 83 84 84 85 86 87 89 89 89 89 88 86 86 87 88 89 90 92 90 90 95 98 99 103 106 106 107 107 107 107 107 106 107 107 107 108 108 108 108 108 107 108 108 109 110 111 113 111 103 98 91 80 69 0 0 0 0 0 0 0 0 0 0 0 67 69 71 73 76 81 87 89 
79 78 79 79 79 80 81 81 81 81 81 81 80 80 81 81 81 81 82 82 83 84 83 83 84 84 84 85 86 86 86 86 87 86 85 84 83 81 80 79 78 77 78 79 81 83 81 79 78 78 77 77 77 76 74 71 69 69 70 72 74 78 77 74 71 68 66 68 69 71 73 72 78 84 88 90 96 98 97 97 98 97 96 91 89 86 81 72 70 68 66 67 66 66 68 68 67 66 68 68 70 71 71 71 71 72 73 76 76 78 80 80 78 77 75 73 71 72 74 75 78 80 78 80 90 94 97 101 106 105 106 106 107 107 107 106 107 106 106 107 108 107 107 107 107 107 107 108 109 110 111 110 102 98 93 84 69 0 0 0 0 0 0 0 0 0 0 0 65 68 70 73 76 80 84 97 
92 79 79 79 79 79 81 80 80 80 80 80 80 80 80 80 80 80 80 80 80 81 82 83 83 84 84 84 85 86 85 86 86 84 82 81 80 77 76 74 72 72 71 72 73 75 72 69 66 66 66 66 67 65 61 57 53 50 0 0 0 0 0 0 0 0 0 0 0 0 0 70 79 85 88 90 95 97 97 97 97 97 96 91 89 86 81 68 0 0 0 0 0 0 0 0 0 0 0 0 0 0 0 0 0 0 0 0 0 0 0 0 0 0 0 0 0 0 0 0 0 0 0 71 86 92 95 99 105 106 106 107 107 108 107 106 107 106 106 106 107 107 106 106 106 106 106 107 108 109 110 109 101 100 96 87 71 0 0 0 0 0 0 0 0 0 0 0 0 69 71 74 76 79 80 85 
82 80 79 78 78 79 80 79 79 79 79 79 79 78 79 79 78 78 77 77 77 79 80 82 83 84 84 84 85 85 85 86 85 82 80 79 75 69 67 63 61 58 0 0 0 0 0 0 0 0 0 0 0 0 0 0 0 0 0 0 0 0 0 0 0 0 0 0 0 0 0 73 81 86 89 91 95 97 96 97 97 97 96 90 88 85 80 66 0 0 0 0 0 0 0 0 0 0 0 0 0 0 0 0 0 0 0 0 0 0 0 0 0 0 0 0 0 0 0 0 0 0 0 72 87 93 96 98 105 106 106 107 107 107 107 106 106 106 106 106 106 106 105 105 105 105 105 106 107 108 109 109 102 100 97 89 72 0 0 0 0 0 0 0 0 0 0 0 0 69 70 73 75 78 83 90 
76 78 78 78 78 78 78 78 78 79 79 79 79 79 79 78 76 76 75 74 75 78 79 81 82 83 83 84 84 85 85 86 85 80 79 78 73 64 0 0 0 0 0 0 0 0 0 0 0 0 0 0 0 0 0 0 0 0 0 0 0 0 0 0 0 0 0 0 0 0 0 75 82 87 89 91 95 97 96 97 97 96 95 90 88 84 79 66 0 0 0 0 0 0 0 0 0 0 0 0 0 0 0 0 0 0 0 0 0 0 0 0 0 0 0 0 0 0 0 0 0 0 0 74 87 93 96 98 105 106 106 106 107 107 106 106 106 106 106 105 106 105 105 104 105 105 105 105 106 107 108 109 103 101 99 92 75 0 0 0 0 0 0 0 0 0 0 0 0 68 70 73 75 77 81 90 
79 81 77 77 77 78 78 77 78 78 78 78 79 79 78 77 76 75 73 72 73 77 78 80 82 82 82 83 84 85 85 85 84 79 77 76 71 61 0 0 0 0 0 0 0 0 0 0 0 0 0 0 0 0 0 0 0 0 0 0 0 0 53 52 52 52 51 0 0 0 0 76 83 87 89 91 95 96 96 97 97 97 96 90 88 84 79 65 0 0 0 0 0 0 0 0 0 0 0 0 0 0 0 0 0 0 0 0 0 0 0 0 0 0 0 0 0 0 0 0 0 0 0 73 86 92 96 97 104 106 106 106 107 106 106 105 105 105 105 105 105 105 104 104 104 104 104 104 105 105 107 108 103 102 100 94 77 0 0 0 0 0 0 0 0 0 0 0 0 67 69 71 74 77 81 90 
72 71 76 77 77 78 78 78 77 78 78 78 79 79 78 77 74 72 69 66 69 74 76 79 82 82 82 83 83 84 84 84 84 79 78 76 70 57 0 0 0 0 0 0 0 0 0 0 0 0 0 0 0 0 0 0 0 0 0 0 0 53 53 52 52 52 50 49 0 0 0 76 84 88 90 91 95 96 97 97 97 97 96 89 87 84 78 65 0 0 0 0 0 0 0 0 0 0 0 0 0 0 0 0 0 0 0 0 0 0 0 0 0 0 0 0 0 0 0 0 0 0 0 75 86 92 96 98 104 106 106 106 106 105 105 105 105 105 104 104 104 104 104 103 104 104 103 103 103 104 105 107 103 102 101 95 80 0 0 0 0 0 0 0 0 0 0 0 0 67 68 71 73 76 79 88 
74 76 76 76 77 77 77 77 77 77 77 78 78 78 78 76 74 71 67 65 68 73 76 79 82 82 82 82 83 84 84 84 83 78 76 74 67 52 0 0 0 0 0 0 0 0 0 0 0 0 0 0 0 0 0 0 0 0 0 0 49 52 53 52 52 51 50 47 0 0 0 77 85 88 90 92 96 97 97 97 97 97 96 89 87 84 78 65 0 0 0 0 0 0 0 0 0 0 0 0 0 0 0 0 0 0 0 0 0 0 0 0 0 0 0 0 0 0 0 0 0 0 0 76 86 92 96 97 103 105 105 105 105 105 105 105 104 104 104 103 104 103 103 103 103 102 102 102 102 103 105 107 104 101 99 94 78 0 0 0 0 0 0 0 0 0 0 0 0 0 66 69 72 75 80 87 
71 71 75 76 77 77 77 77 76 76 77 77 78 78 77 75 74 72 69 68 72 75 77 79 81 81 82 82 82 83 84 84 83 79 78 75 68 0 0 0 0 0 0 0 0 0 0 0 0 0 0 0 0 0 0 0 0 0 0 0 49 52 53 52 52 51 50 47 0 0 0 78 85 89 91 92 96 97 97 97 97 97 95 89 87 84 79 67 0 0 0 0 0 0 0 0 0 0 0 0 0 0 0 0 0 0 0 0 0 0 0 0 0 0 0 0 0 0 0 0 0 0 0 74 85 92 94 96 102 104 105 106 106 105 105 104 104 104 104 103 104 104 104 103 103 103 102 101 102 102 104 106 104 100 98 94 79 0 0 0 0 0 0 0 0 0 0 0 0 0 66 69 72 74 75 77 
76 80 75 76 77 77 77 76 76 76 77 76 78 78 78 76 75 74 72 71 74 76 78 80 82 81 82 82 82 83 83 84 83 80 78 76 69 0 0 0 0 0 0 0 0 0 0 0 0 0 0 0 0 0 0 0 0 0 0 0 49 52 53 52 52 52 50 47 0 0 0 75 84 88 91 92 96 97 97 97 97 96 95 89 87 84 79 67 0 0 0 0 0 0 0 0 0 0 0 0 0 0 0 0 0 0 0 0 0 0 0 0 0 0 0 0 0 0 0 0 0 0 0 69 83 89 93 95 102 104 105 105 105 105 105 104 103 104 103 103 104 104 104 104 103 102 102 102 102 102 104 106 104 98 97 93 80 0 0 0 0 0 0 0 0 0 0 0 0 0 68 71 73 75 79 83 
72 71 75 75 76 76 76 76 76 76 76 76 77 77 77 76 76 75 74 73 75 77 78 80 82 82 82 82 82 83 83 84 82 81 79 77 70 0 0 0 0 0 0 0 0 0 0 0 0 0 0 0 0 0 0 0 0 0 0 0 0 51 53 51 51 51 49 46 0 0 0 72 83 88 90 91 96 97 97 97 96 96 95 88 86 84 78 65 0 0 0 0 0 0 0 0 0 0 0 0 0 0 0 0 0 0 0 0 0 0 0 0 0 0 0 0 0 0 0 0 0 0 0 66 81 88 92 94 101 103 104 105 105 105 105 104 104 104 103 103 104 104 104 104 103 102 102 101 101 102 103 105 104 98 96 93 81 64 0 0 0 0 0 0 0 0 0 0 0 0 69 72 73 75 76 80 
75 69 75 74 75 75 75 75 75 75 76 76 76 76 76 75 76 75 75 76 77 78 80 81 81 82 82 83 83 83 84 84 82 80 79 75 67 0 0 0 0 0 0 0 0 0 0 0 0 0 0 0 0 0 0 0 0 0 0 0 0 0 0 51 50 49 49 0 0 0 0 70 82 87 89 91 96 97 96 96 96 96 95 89 87 84 79 66 0 0 0 0 0 0 0 0 0 0 0 0 0 0 0 0 0 0 0 0 0 0 0 0 0 0 0 0 0 0 0 0 0 0 0 61 78 86 91 93 101 104 104 105 105 105 105 105 104 104 103 104 103 104 103 103 103 102 102 102 101 102 104 105 105 98 96 93 83 67 0 0 0 0 0 0 0 0 0 0 0 0 69 72 73 75 72 78 
72 70 74 74 75 74 74 74 75 75 76 76 76 76 76 76 76 77 78 79 79 80 81 81 81 82 83 83 83 83 84 84 81 81 80 77 70 0 0 0 0 0 0 0 0 0 0 0 0 0 0 0 0 0 0 0 0 0 0 0 0 0 0 0 0 0 0 0 0 0 0 68 80 86 89 90 96 96 96 96 96 96 95 89 85 82 76 63 0 0 0 0 0 0 0 0 0 0 0 0 0 0 0 0 0 0 0 0 0 0 0 0 0 0 0 0 0 0 0 0 0 0 0 57 75 85 90 92 102 104 105 105 105 105 105 104 104 104 103 103 103 103 103 103 102 102 102 102 101 102 103 104 104 98 97 94 86 71 0 0 0 0 0 0 0 0 0 0 0 0 69 72 73 75 72 85 
75 71 73 73 74 73 74 74 75 75 76 76 76 76 76 76 77 78 78 79 79 80 80 81 81 82 83 83 83 83 83 83 80 79 79 76 67 0 0 0 0 0 0 0 0 0 0 0 0 0 0 0 0 0 0 0 0 0 0 0 0 0 0 0 0 0 0 0 0 0 0 67 80 86 88 90 96 96 96 96 96 95 95 89 85 81 75 61 0 0 0 0 0 0 0 0 0 0 0 0 0 0 0 0 0 0 0 0 0 0 0 0 0 0 0 0 0 0 0 0 0 0 0 53 72 83 89 91 101 104 105 104 105 105 105 105 104 104 103 103 102 103 102 103 102 102 101 101 101 101 102 104 105 99 99 96 89 73 0 0 0 0 0 0 0 0 0 0 0 0 70 72 73 75 84 82 
71 69 72 72 73 73 73 74 75 75 76 76 75 75 75 76 76 77 78 79 79 80 81 81 81 82 83 83 83 83 84 84 80 80 79 75 66 0 0 0 0 0 0 0 0 0 0 0 0 0 0 0 0 0 0 0 0 0 0 0 0 0 0 0 0 0 0 0 0 0 0 67 80 86 88 90 95 96 96 96 96 96 95 88 84 81 74 60 0 0 0 0 0 0 0 0 0 0 0 0 0 0 0 0 0 0 0 0 0 0 0 0 0 0 0 0 0 0 0 0 0 0 0 51 70 81 88 91 101 104 105 104 105 105 105 105 104 104 103 103 103 103 102 102 101 101 100 101 100 101 102 104 105 100 99 97 91 74 0 0 0 0 0 0 0 0 0 0 0 0 68 70 72 74 67 80 
73 68 72 72 73 73 73 74 74 75 75 75 75 75 76 76 75 76 77 78 79 80 81 81 81 82 83 83 83 83 84 83 80 80 79 75 66 0 0 0 0 0 0 0 0 0 0 0 0 0 0 0 0 0 0 0 0 0 0 0 0 0 0 0 0 0 0 0 0 0 0 68 81 86 88 90 96 96 96 96 96 96 94 88 84 81 74 60 0 0 0 0 0 0 0 0 0 0 0 0 0 0 0 0 0 0 0 0 0 0 0 0 0 0 0 0 0 0 0 0 0 0 0 50 69 80 87 90 101 104 105 105 105 105 105 105 104 104 103 103 102 102 102 101 100 100 100 100 100 101 102 104 105 100 99 98 91 75 0 0 0 0 0 0 0 0 0 0 0 0 67 69 71 73 74 79 
71 71 72 72 72 72 73 73 74 74 74 75 75 75 76 76 76 77 78 79 79 80 81 81 81 82 83 83 83 83 84 83 81 80 79 76 67 0 0 0 0 0 0 0 0 0 0 0 0 0 0 0 0 0 0 0 0 0 0 0 0 0 0 0 0 0 0 0 0 0 0 69 81 86 89 90 95 96 96 96 95 95 94 87 83 80 73 58 0 0 0 0 0 0 0 0 0 0 0 0 0 0 0 0 0 0 0 0 0 0 0 0 0 0 0 0 0 0 0 0 0 0 0 48 67 79 86 90 101 104 104 104 104 104 104 104 104 103 103 103 103 102 102 101 100 100 99 100 100 101 101 103 105 100 99 98 92 75 0 0 0 0 0 0 0 0 0 0 0 0 0 68 70 72 73 75 
75 68 72 72 72 72 73 73 74 74 74 75 75 75 76 76 76 76 77 78 79 79 80 81 81 81 82 83 83 84 84 84 81 81 79 77 68 0 0 0 0 0 0 0 0 0 0 0 0 0 0 0 0 0 0 0 0 0 0 0 0 0 0 0 0 0 0 0 0 0 0 71 82 87 89 91 96 96 96 96 95 95 94 86 85 82 75 59 0 0 0 0 0 0 0 0 0 0 0 0 0 0 0 0 0 0 0 0 0 0 0 0 0 0 0 0 0 0 0 0 0 0 0 48 69 81 87 91 101 104 104 104 104 104 104 104 104 103 103 103 102 102 102 101 100 100 99 100 100 101 102 103 105 100 100 99 94 76 0 0 0 0 0 0 0 0 0 0 0 0 0 68 70 72 68 77 
72 74 72 72 72 72 73 73 74 74 74 75 75 75 76 76 76 76 77 77 79 80 80 80 81 81 82 82 83 84 84 84 81 81 79 77 69 0 0 0 0 0 0 0 0 0 0 0 0 0 0 0 0 0 0 0 0 0 0 0 0 0 0 0 0 0 0 0 0 0 0 72 83 87 89 91 96 96 96 96 95 95 94 87 85 82 75 58 0 0 0 0 0 0 0 0 0 0 0 0 0 0 0 0 0 0 0 0 0 0 0 0 0 0 0 0 0 0 0 0 0 0 0 0 71 83 89 92 100 103 104 104 104 104 104 104 104 103 103 103 103 102 102 101 100 100 100 100 101 101 102 103 105 100 100 99 95 79 0 0 0 0 0 0 0 0 0 0 0 0 0 67 69 71 76 75 
73 69 72 72 72 72 73 73 74 74 75 75 75 76 76 76 77 77 77 78 79 80 80 80 81 81 82 82 83 84 84 83 81 80 78 76 69 0 0 0 0 0 0 0 0 0 0 0 0 0 0 0 0 0 0 0 0 0 0 0 0 0 0 0 0 0 0 0 0 0 0 73 84 88 89 91 96 96 96 96 96 95 94 87 85 81 75 58 0 0 0 0 0 0 0 0 0 0 0 0 0 0 0 0 0 0 0 0 0 0 0 0 0 0 0 0 0 0 0 0 0 0 0 0 74 85 90 94 100 103 104 104 104 104 105 104 104 103 102 102 102 102 101 101 100 100 100 100 101 101 101 103 105 101 99 98 93 78 0 0 0 0 0 0 0 0 0 0 0 0 0 66 68 71 70 77 
67 74 71 72 73 73 73 73 74 74 75 76 76 76 76 76 77 77 78 78 80 80 81 81 81 81 82 82 83 84 84 84 80 79 77 74 67 0 0 0 0 0 0 0 0 0 0 0 0 0 0 0 0 0 0 0 0 0 0 0 0 0 0 0 0 0 0 0 0 0 0 75 84 88 90 91 96 96 96 96 96 96 95 87 85 81 74 58 0 0 0 0 0 0 0 0 0 0 0 0 0 0 0 0 0 0 0 0 0 0 0 0 0 0 0 0 0 0 0 0 0 0 0 0 76 87 92 95 99 103 103 104 104 104 104 104 104 103 103 103 102 102 102 101 101 100 100 100 101 101 101 103 105 101 98 96 92 77 0 0 0 0 0 0 0 0 0 0 0 0 0 67 69 72 68 79 
69 64 72 72 73 73 73 73 74 74 75 75 76 76 76 76 77 78 78 78 80 80 80 80 81 81 81 82 83 84 84 83 79 78 76 71 63 0 0 0 0 0 0 0 0 0 0 0 0 0 0 0 0 0 0 0 0 0 0 0 0 0 0 0 0 0 0 0 0 0 0 76 85 89 90 92 96 96 96 97 96 96 95 87 83 79 71 54 0 0 0 0 0 0 0 0 0 0 0 0 0 0 0 0 0 0 0 0 0 0 0 0 0 0 0 0 0 0 0 0 0 0 0 0 81 90 94 97 98 103 104 104 104 104 104 104 104 104 103 103 102 102 102 101 101 101 100 100 100 100 101 102 105 102 97 95 91 76 0 0 0 0 0 0 0 0 0 0 0 0 0 68 69 72 70 76 
70 73 72 72 73 73 73 73 74 74 74 74 75 75 75 76 77 78 78 79 80 80 80 81 81 81 81 82 83 84 84 83 78 76 74 69 59 0 0 0 0 0 0 0 0 0 0 0 0 0 0 0 0 0 0 0 0 0 0 0 0 0 0 0 0 0 0 0 0 0 0 76 85 89 90 91 96 96 96 96 96 96 96 88 82 77 69 53 0 0 0 0 0 0 0 0 0 0 0 0 0 0 0 0 0 0 0 0 0 0 0 0 0 0 0 0 0 0 0 0 0 0 0 0 81 89 94 96 98 102 104 104 104 104 104 104 104 104 103 103 102 102 101 101 101 101 100 100 100 100 101 102 105 102 96 94 90 77 62 0 0 0 0 0 0 0 0 0 0 0 0 67 68 71 69 82 
71 77 71 72 73 73 73 73 73 74 73 74 75 75 76 76 77 78 78 79 80 80 80 81 80 81 81 82 83 84 84 83 77 75 72 67 56 0 0 0 0 0 0 0 0 0 0 0 0 0 0 0 0 0 0 0 0 0 0 0 0 0 0 0 0 0 0 0 0 0 0 78 86 89 90 91 95 96 96 97 97 96 96 88 80 75 67 51 0 0 0 0 0 0 0 0 0 0 0 0 0 0 0 0 0 0 0 0 0 0 0 0 0 0 0 0 0 0 0 0 0 0 0 0 80 89 94 96 98 103 104 103 104 104 103 103 103 103 102 102 102 101 100 101 100 100 100 100 100 100 100 102 105 102 95 93 89 76 62 0 0 0 0 0 0 0 0 0 0 0 0 66 68 71 70 77 
67 72 72 72 72 72 72 72 73 73 73 74 74 75 75 76 76 77 78 78 80 80 81 81 81 81 81 82 83 84 84 83 76 74 71 65 52 0 0 0 0 0 0 0 0 0 0 0 0 0 0 0 0 0 0 0 0 0 0 0 0 0 0 0 0 0 0 0 0 0 0 78 86 89 91 92 96 96 96 96 96 96 95 88 78 73 65 50 40 0 0 0 0 0 0 0 0 0 0 0 0 0 0 0 0 0 0 0 0 0 0 0 0 0 0 0 0 0 0 0 0 0 0 0 78 89 94 96 97 103 103 103 103 103 103 103 104 104 103 103 102 101 101 101 100 100 100 99 100 100 100 101 105 103 96 94 90 79 63 0 0 0 0 0 0 0 0 0 0 0 0 65 68 71 70 75 
65 66 71 71 72 72 72 72 73 73 73 73 74 75 75 76 77 77 77 79 79 80 80 81 80 81 81 82 82 83 83 82 75 74 70 64 49 0 0 0 0 0 0 0 0 0 0 0 0 0 0 0 0 0 0 0 0 0 0 0 0 0 0 0 0 0 0 0 0 0 0 72 82 87 89 92 96 96 96 96 96 96 95 88 77 72 64 49 41 0 0 0 0 0 0 0 0 0 0 0 0 0 0 0 0 0 0 0 0 0 0 0 0 0 0 0 0 0 0 0 0 0 0 0 76 89 93 96 97 103 104 104 104 104 103 103 103 103 102 102 101 101 100 100 100 100 100 99 100 100 100 101 104 104 97 96 93 82 66 0 0 0 0 0 0 0 0 0 0 0 0 65 67 70 74 71 
69 71 70 71 71 72 72 73 73 74 73 73 74 74 75 76 77 77 78 79 79 80 81 81 81 82 82 82 83 83 83 82 75 73 69 62 48 0 0 0 0 0 0 0 0 0 0 0 0 0 0 0 0 0 0 0 0 0 0 0 0 0 0 0 0 0 0 0 0 0 0 67 78 84 86 92 95 96 96 96 96 96 95 88 77 72 65 51 42 0 0 0 0 0 0 0 0 0 0 0 0 0 0 0 0 0 0 0 0 0 0 0 0 0 0 0 0 0 0 0 0 0 0 0 74 88 93 95 97 103 103 103 104 103 103 102 102 102 101 101 101 100 100 100 100 100 99 99 99 99 99 101 104 104 98 97 95 85 68 0 0 0 0 0 0 0 0 0 0 0 0 64 67 69 69 74 
70 70 70 70 71 72 72 73 74 74 74 74 74 75 76 76 77 77 77 78 79 80 81 81 81 82 82 82 83 83 83 82 76 74 71 63 47 0 0 0 0 0 0 0 0 0 0 0 0 0 0 0 0 0 0 0 0 0 0 0 0 0 0 0 0 0 0 0 0 0 0 68 79 84 87 92 96 96 96 96 96 96 95 88 77 72 65 51 41 0 0 0 0 0 0 0 0 0 0 0 0 0 0 0 0 0 0 0 0 0 0 0 0 0 0 0 0 0 0 0 0 0 0 0 72 87 93 95 97 103 103 103 104 103 103 102 102 102 102 101 101 100 100 100 100 100 99 99 99 99 100 101 104 105 98 98 95 86 68 0 0 0 0 0 0 0 0 0 0 0 0 63 67 69 67 74 
68 68 70 70 70 72 72 73 74 74 74 74 74 75 76 76 77 77 77 79 79 80 81 82 81 82 82 82 83 83 84 83 78 76 72 65 0 0 0 0 0 0 0 0 0 0 0 0 0 0 0 0 0 0 0 0 0 0 0 0 0 0 0 0 0 0 0 0 0 0 0 65 77 82 85 93 96 97 97 96 96 96 95 88 78 73 66 52 43 0 0 0 0 0 0 0 0 0 0 0 0 0 0 0 0 0 0 0 0 0 0 0 0 0 0 0 0 0 0 0 0 0 0 0 71 87 92 95 96 103 103 103 103 103 103 103 103 102 102 101 101 101 101 100 100 100 99 99 99 99 100 101 104 105 99 98 96 88 72 0 0 0 0 0 0 0 0 0 0 0 0 62 66 69 76 72 
72 71 69 70 71 71 72 73 73 73 74 74 74 75 76 76 77 77 78 78 79 79 80 81 81 82 82 82 83 83 83 82 79 77 74 67 0 0 0 0 0 0 0 0 0 0 0 0 0 0 0 0 0 0 0 0 0 0 0 0 0 0 0 0 0 0 0 0 0 0 40 62 74 80 84 93 97 97 97 96 96 96 96 89 79 74 67 53 43 0 0 0 0 0 0 0 0 0 0 0 0 0 0 0 0 0 0 0 0 0 0 0 0 0 0 0 0 0 0 0 0 0 0 0 71 86 92 95 96 103 103 104 104 104 104 103 103 102 102 102 101 101 101 101 100 100 99 99 100 100 101 102 104 106 100 99 97 90 74 0 0 0 0 0 0 0 0 0 0 0 0 62 66 69 73 79 
69 69 69 70 71 71 71 72 72 72 73 73 74 75 76 76 77 77 78 78 79 80 80 81 81 82 82 82 83 83 83 82 80 78 76 70 0 0 0 0 0 0 0 0 0 0 0 0 0 0 0 0 0 0 0 0 0 0 0 0 0 0 0 0 0 0 0 0 0 0 0 66 77 82 86 94 97 97 97 97 97 97 96 90 79 75 67 54 44 0 0 0 0 0 0 0 0 0 0 0 0 0 0 0 0 0 0 0 0 0 0 0 0 0 0 0 0 0 0 0 0 0 0 0 71 86 92 95 97 103 103 104 103 103 103 103 103 102 102 102 102 101 101 101 100 99 99 99 99 100 101 102 104 106 100 99 97 90 72 0 0 0 0 0 0 0 0 0 0 0 0 61 65 69 65 76 
69 64 70 71 70 71 71 71 71 72 73 73 75 75 76 76 76 77 78 77 79 79 80 80 81 81 81 82 83 83 83 81 81 80 78 74 0 0 0 0 0 0 0 0 0 0 0 0 0 0 0 0 0 0 0 0 0 0 0 0 0 0 0 0 0 0 0 0 0 0 0 66 78 83 86 94 97 98 98 97 97 97 96 90 80 75 68 55 45 0 0 0 0 0 0 0 0 0 0 0 0 0 0 0 0 0 0 0 0 0 0 0 0 0 0 0 0 0 0 0 0 0 0 0 70 85 91 94 96 103 103 103 103 103 103 103 103 103 102 102 102 102 101 101 100 99 99 99 99 100 101 102 104 106 100 99 97 91 72 0 0 0 0 0 0 0 0 0 0 0 0 59 63 68 70 80 
70 74 70 71 70 71 71 71 71 72 72 73 74 74 75 76 77 77 78 78 79 79 80 81 81 82 82 82 82 83 83 81 80 79 77 72 0 0 0 0 0 0 0 0 0 0 0 0 0 0 0 0 0 0 0 0 0 0 0 0 0 0 0 0 0 0 0 0 0 0 40 63 75 81 85 95 98 98 98 98 98 98 97 91 81 77 69 57 46 0 0 0 0 0 0 0 0 0 0 0 0 0 0 0 0 0 0 0 0 0 0 0 0 0 0 0 0 0 0 0 0 0 0 0 64 81 88 92 96 103 103 104 103 103 104 104 103 103 102 102 102 102 101 101 100 99 99 99 99 99 100 101 103 105 100 100 98 92 73 0 0 0 0 0 0 0 0 0 0 0 0 0 62 67 63 71 
67 72 70 71 70 71 71 71 71 72 72 73 74 74 75 75 76 76 78 78 79 79 80 80 81 81 82 82 83 83 83 80 80 78 77 71 0 0 0 0 0 0 0 0 0 0 0 0 0 0 0 0 0 0 0 0 0 0 0 0 0 0 0 0 0 0 0 0 0 0 41 64 76 81 85 95 98 98 98 98 98 98 98 92 81 77 70 57 47 0 0 0 0 0 0 0 0 0 0 0 0 0 0 0 0 0 0 0 0 0 0 0 0 0 0 0 0 0 0 0 0 0 0 0 63 80 88 92 96 103 104 104 104 104 104 104 103 104 103 102 102 102 100 101 100 99 99 100 99 100 100 101 103 106 100 100 98 93 72 0 0 0 0 0 0 0 0 0 0 0 0 0 63 67 0 0 
70 71 70 70 70 71 71 71 71 72 72 73 74 74 75 75 76 77 78 78 79 80 81 81 81 81 81 82 82 83 83 80 79 78 76 69 0 0 0 0 0 0 0 0 0 0 0 0 0 0 0 0 0 0 0 0 0 0 0 0 0 0 0 0 0 0 0 0 0 0 41 64 75 81 85 95 98 99 99 99 99 99 98 92 82 78 71 58 48 0 0 0 0 0 0 0 0 0 0 0 0 0 0 0 0 0 0 0 0 0 0 0 0 0 0 0 0 0 0 0 0 0 0 0 62 79 87 92 96 103 104 104 104 104 104 104 103 103 103 103 102 102 101 101 100 99 99 99 99 100 100 101 102 105 99 99 97 92 71 0 0 0 0 0 0 0 0 0 0 0 0 0 0 0 0 0 
71 70 69 70 70 71 71 72 72 73 73 73 74 74 74 75 76 77 78 78 79 80 80 81 81 82 82 82 82 83 83 80 79 79 76 69 0 0 0 0 0 0 0 0 0 0 0 0 0 0 0 0 0 0 0 0 0 0 0 0 0 0 0 0 0 0 0 0 0 0 41 62 73 79 84 95 98 99 99 99 99 99 98 92 82 79 72 59 49 0 0 0 0 0 0 0 0 0 0 0 0 0 0 0 0 0 0 0 0 0 0 0 0 0 0 0 0 0 0 0 0 0 0 0 58 76 85 89 96 103 104 104 104 105 104 104 104 104 103 103 102 102 101 101 100 100 99 99 99 100 99 101 102 105 99 99 98 92 72 0 0 0 0 0 0 0 0 0 0 0 0 0 0 0 0 0 
67 69 69 69 70 71 71 72 72 72 73 73 74 74 75 75 77 77 78 78 79 79 80 81 82 82 82 82 82 83 83 80 79 78 75 67 0 0 0 0 0 0 0 0 0 0 0 0 0 0 0 0 0 0 0 0 0 0 0 0 0 0 0 0 0 0 0 0 0 0 42 63 74 80 84 95 98 99 99 99 99 99 99 93 83 79 72 60 50 0 0 0 0 0 0 0 0 0 0 0 0 0 0 0 0 0 0 0 0 0 0 0 0 0 0 0 0 0 0 0 0 0 0 0 58 75 84 89 96 104 105 104 104 105 105 104 104 104 104 103 102 102 101 101 100 100 100 100 99 100 100 100 102 105 100 100 99 93 74 0 0 0 0 0 0 0 0 0 0 0 0 0 0 0 0 0 
67 71 69 70 70 71 71 72 72 72 73 73 74 75 75 76 77 77 78 79 79 80 80 81 81 82 81 82 82 83 83 80 79 78 75 66 0 0 0 0 0 0 0 0 0 0 0 0 0 0 0 0 0 0 0 0 0 0 0 0 0 0 0 0 0 0 0 0 0 0 42 63 74 80 84 95 98 99 99 99 99 100 99 93 83 80 73 60 51 0 0 0 0 0 0 0 0 0 0 0 0 0 0 0 0 0 0 0 0 0 0 0 0 0 0 0 0 0 0 0 0 0 0 0 59 77 86 90 95 103 105 105 105 105 104 104 104 104 104 103 103 102 101 100 100 100 100 99 99 100 99 100 102 105 100 100 99 94 75 0 0 0 0 0 0 0 0 0 0 0 0 0 0 0 0 0 
70 66 69 70 70 71 71 72 72 72 73 73 74 75 75 76 77 78 78 79 79 79 79 80 81 81 81 82 83 83 83 80 79 77 74 65 0 0 0 0 0 0 0 0 0 0 0 0 0 0 0 0 0 0 0 0 0 0 0 0 0 0 0 0 0 0 0 0 0 0 42 64 74 80 85 96 98 100 100 100 100 100 100 94 84 81 74 62 54 0 0 0 0 0 0 0 0 0 0 0 0 0 0 0 0 0 0 0 0 0 0 0 0 0 0 0 0 0 0 0 0 0 0 0 59 77 85 90 95 103 104 105 105 105 105 104 104 103 103 103 102 102 101 101 101 100 100 99 99 99 99 100 102 104 99 99 98 94 76 0 0 0 0 0 0 0 0 0 0 0 0 0 0 0 0 0 
70 72 69 70 70 71 71 72 72 72 73 74 74 75 75 76 77 77 78 79 79 79 79 80 81 81 82 83 83 83 83 80 79 77 74 65 0 0 0 0 0 0 0 0 0 0 0 0 0 0 0 0 0 0 0 0 0 0 0 0 0 0 0 0 0 0 0 0 0 0 41 64 74 81 85 96 98 100 100 100 100 100 100 94 85 81 75 64 55 0 0 0 0 0 0 0 0 0 0 0 0 0 0 0 0 0 0 0 0 0 0 0 0 0 0 0 0 0 0 0 0 0 0 0 59 78 86 91 95 104 105 105 105 105 105 104 104 103 103 103 102 101 101 100 100 100 99 99 98 98 98 99 101 104 100 100 99 95 78 0 0 0 0 0 0 0 0 0 0 0 0 0 0 0 0 0 
67 70 70 70 71 71 71 72 72 72 73 74 74 75 75 76 76 77 77 78 78 79 79 80 81 81 81 83 83 83 83 80 78 76 73 63 0 0 0 0 0 0 0 0 0 0 0 0 0 0 0 0 0 0 0 0 0 0 0 0 0 0 0 0 0 0 0 0 0 0 42 64 75 81 85 97 99 100 100 100 101 101 100 94 86 82 76 65 57 0 0 0 0 0 0 0 0 0 0 0 0 0 0 0 0 0 0 0 0 0 0 0 0 0 0 0 0 0 0 0 0 0 0 0 62 80 88 93 95 104 105 105 105 105 104 104 104 104 103 103 102 102 101 101 100 100 100 99 99 99 99 99 101 104 100 100 100 96 79 0 0 0 0 0 0 0 0 0 0 0 0 0 0 0 0 0 
64 70 70 71 70 71 71 72 73 73 73 74 74 75 75 76 76 77 77 78 79 79 79 80 80 81 81 83 83 83 83 79 78 76 72 62 0 0 0 0 0 0 0 0 0 0 0 0 0 0 0 0 0 0 0 0 0 0 0 0 0 0 0 0 0 0 0 0 0 0 42 64 76 82 85 97 100 101 101 101 101 101 100 95 87 81 76 65 57 0 0 0 0 0 0 0 0 0 0 0 0 0 0 0 0 0 0 0 0 0 0 0 0 0 0 0 0 0 0 0 0 0 0 0 62 80 88 92 95 104 105 105 105 105 104 104 104 104 103 103 102 102 101 101 101 100 100 99 98 98 98 99 101 104 99 100 99 95 79 0 0 0 0 0 0 0 0 0 0 0 0 0 0 0 0 0 
68 74 70 70 70 71 71 71 72 73 73 74 74 75 76 76 76 77 77 78 78 79 79 80 80 81 81 82 82 83 83 79 78 76 73 64 0 0 0 0 0 0 0 0 0 0 0 0 0 0 0 0 0 0 0 0 0 0 0 0 0 0 0 0 0 0 0 0 0 0 43 65 76 82 86 97 100 101 101 101 102 101 101 96 88 81 75 65 56 0 0 41 41 41 41 0 0 0 0 0 0 0 0 0 0 0 0 0 0 0 0 0 0 0 0 0 0 0 0 0 0 0 0 0 58 77 85 89 95 103 104 104 105 105 104 104 104 103 103 103 102 102 101 101 100 100 100 99 99 99 99 99 101 104 100 100 99 96 81 0 0 0 0 0 0 0 0 0 0 0 0 0 0 0 0 0 
71 70 70 70 70 70 71 71 72 73 73 73 74 75 75 76 76 77 77 78 79 79 79 80 81 81 81 82 82 82 83 79 78 76 72 62 0 0 0 0 0 0 0 0 0 0 0 0 0 0 0 0 0 0 0 0 0 0 0 0 0 0 0 0 0 0 0 0 0 0 43 66 76 82 86 97 100 101 101 101 102 102 101 97 90 80 74 64 55 0 0 43 42 42 42 45 0 0 0 0 0 0 0 0 0 0 0 0 0 0 0 0 0 0 0 0 0 0 0 0 0 0 0 0 55 73 82 87 95 103 104 104 104 104 104 104 103 103 103 103 102 102 101 100 100 99 99 99 99 99 99 100 101 104 100 101 100 97 81 0 0 0 0 0 0 0 0 0 0 0 0 0 0 0 0 0 
72 72 70 70 70 71 71 72 72 73 73 73 74 75 75 76 76 77 77 78 78 79 79 80 81 81 81 82 82 82 82 79 77 76 72 61 0 0 0 0 0 0 0 0 0 0 0 0 0 0 0 0 0 0 0 0 0 0 0 0 0 0 0 0 0 0 0 0 0 0 45 67 77 82 86 97 100 102 102 102 103 103 103 99 91 82 76 66 56 0 0 47 49 49 49 51 0 0 0 0 0 0 0 0 0 0 0 0 0 0 0 0 0 0 0 0 0 0 0 0 0 0 0 0 53 70 79 85 94 103 104 104 104 104 103 103 103 103 102 102 102 101 100 101 100 100 99 99 99 99 99 100 101 104 100 98 96 93 76 0 0 0 0 0 0 0 0 0 0 0 0 0 0 0 0 0 
67 71 70 70 70 70 71 71 72 72 73 73 74 75 76 76 77 77 78 78 79 79 80 80 80 81 81 82 82 83 82 79 78 76 73 64 0 0 0 0 0 0 0 0 0 0 0 0 0 0 0 0 0 0 0 0 0 0 0 0 0 0 0 0 0 0 0 0 0 0 48 68 78 83 87 97 101 102 102 102 103 103 103 100 93 82 75 65 56 40 0 52 55 54 54 54 56 0 0 0 0 0 0 0 0 0 0 0 0 0 0 0 0 0 0 0 0 0 0 0 0 0 0 0 53 70 79 84 94 102 103 104 104 103 103 103 102 102 101 102 101 101 100 100 99 100 99 99 99 99 98 100 101 104 100 98 96 93 76 0 0 0 0 0 0 0 0 0 0 0 0 0 0 0 0 0 
61 66 69 70 70 71 71 71 71 71 71 72 73 74 75 76 76 77 78 78 79 79 80 80 80 81 81 82 82 82 82 79 78 77 74 66 0 0 0 0 0 0 0 0 0 0 0 0 0 0 0 0 0 0 0 0 0 0 0 0 0 0 0 0 0 0 0 0 0 0 49 69 78 84 87 97 100 102 102 103 104 104 104 101 94 83 76 66 56 39 0 52 60 57 57 57 62 0 0 0 0 0 0 0 0 0 0 0 0 0 0 0 0 0 0 0 0 0 0 0 0 0 0 0 53 70 78 84 93 102 103 104 104 104 103 103 102 102 101 101 101 101 100 100 99 99 99 99 99 99 99 99 101 104 100 96 94 90 73 51 0 0 0 0 0 0 0 0 0 0 0 0 0 0 0 0 
70 71 69 69 70 71 71 71 71 71 71 72 73 74 75 75 75 76 77 78 79 79 80 80 80 81 81 82 82 83 82 79 79 77 74 66 0 0 0 0 0 0 0 0 0 0 0 0 0 0 0 0 0 0 0 0 0 0 0 0 0 0 38 38 0 0 0 0 0 0 48 70 79 84 88 98 101 102 103 103 105 105 105 102 96 84 77 67 56 38 0 54 66 64 64 64 69 0 0 0 0 0 0 0 0 0 0 0 0 0 0 0 0 0 0 0 0 0 0 0 0 0 0 0 54 70 79 84 93 102 103 104 104 104 103 103 102 102 101 101 101 101 100 100 99 99 99 99 98 99 98 98 100 103 100 96 95 90 74 51 0 0 0 0 0 0 0 0 0 0 0 0 0 0 0 0 
66 66 69 69 70 70 71 71 71 71 72 73 73 74 75 75 75 76 77 77 78 79 79 80 80 81 81 81 82 83 82 80 79 77 75 68 0 0 0 0 0 0 0 0 0 0 0 0 0 0 0 0 0 0 0 0 0 0 0 0 0 0 0 0 0 0 0 0 0 0 49 70 80 85 88 98 101 102 103 104 105 106 106 103 97 85 78 68 57 39 0 0 73 72 69 69 74 63 0 0 0 0 0 0 0 0 0 0 0 0 0 0 0 0 0 0 0 0 0 0 0 0 0 0 53 69 78 84 93 102 103 104 104 104 103 103 102 101 101 101 101 100 100 100 99 99 99 98 98 98 98 98 100 102 100 96 95 90 75 51 0 0 0 0 0 0 0 0 0 0 0 0 0 0 0 0 
70 67 69 69 70 70 71 71 71 71 73 73 73 74 75 75 75 76 77 77 79 79 79 79 80 80 81 81 82 83 82 80 80 78 76 71 0 0 0 0 0 0 0 0 0 0 0 0 0 0 0 0 0 0 0 0 0 0 0 0 0 0 0 0 0 0 0 0 0 0 49 71 80 85 88 98 101 103 104 105 106 106 107 104 98 84 78 68 57 39 0 0 77 80 75 74 77 72 0 0 0 0 0 0 0 0 0 0 0 0 0 0 0 0 0 0 0 0 0 0 0 0 0 0 52 68 78 83 92 101 102 103 103 103 103 102 101 101 100 101 101 101 101 100 99 98 98 98 98 98 98 98 100 102 100 98 98 94 80 0 0 0 0 0 0 0 0 0 0 0 0 0 0 0 0 0 
64 72 69 69 70 70 71 71 71 72 72 73 73 74 75 75 76 77 77 78 78 79 79 79 80 80 80 80 81 82 82 79 79 78 76 70 0 0 0 0 0 0 0 0 0 0 0 0 0 0 0 0 0 0 0 0 0 0 0 0 0 0 0 0 0 0 0 0 0 0 49 71 80 85 88 98 101 103 104 106 107 108 108 105 99 85 78 69 58 39 0 0 76 95 93 89 89 91 70 0 0 0 0 0 0 0 0 0 0 0 0 0 0 0 0 0 0 0 0 0 0 0 0 41 50 65 74 82 92 101 103 103 103 103 102 102 102 101 101 101 101 101 100 100 99 98 98 98 98 98 97 98 99 102 99 96 94 90 75 0 0 0 0 0 0 0 0 0 0 0 0 0 0 0 0 0 
69 65 69 69 69 70 70 71 72 72 74 74 74 75 75 75 76 77 77 78 78 79 79 79 79 79 80 80 81 82 82 80 79 78 75 70 0 0 0 0 0 0 0 0 0 0 0 0 0 0 0 0 0 0 0 0 0 0 0 0 0 0 0 0 0 0 0 0 0 0 47 70 80 85 88 98 102 103 105 107 108 109 109 106 99 86 79 70 59 41 0 0 74 213 340 317 303 383 385 139 0 0 0 0 0 0 0 0 0 0 0 0 0 0 0 0 0 0 0 0 0 0 0 44 50 64 72 80 92 101 103 103 103 103 102 102 101 101 100 100 100 100 100 100 99 99 98 98 97 97 97 97 98 101 99 95 94 90 75 0 0 0 0 0 0 0 0 0 0 0 0 0 0 0 0 0 
66 74 69 69 70 70 71 71 72 72 74 74 74 75 75 75 76 77 77 78 78 79 79 79 79 79 80 80 81 82 82 79 79 78 75 70 0 0 0 0 0 0 0 0 0 0 0 0 0 0 0 0 0 0 0 0 0 0 0 0 0 0 0 0 0 0 0 0 0 0 47 70 80 85 88 99 102 104 107 109 111 112 112 107 100 86 80 71 61 44 0 0 83 218 344 394 380 446 443 319 58 0 0 0 0 0 0 0 0 0 0 0 0 0 0 0 0 0 0 0 0 0 0 56 57 68 76 81 93 101 102 102 103 103 103 102 101 101 100 100 100 100 100 99 99 98 98 97 97 97 97 98 99 101 98 95 93 89 75 0 0 0 0 0 0 0 0 0 0 0 0 0 0 0 0 0 
71 71 69 69 70 70 71 72 72 72 73 74 74 75 75 75 76 76 77 77 78 79 79 79 79 79 80 80 81 81 82 79 78 77 74 68 0 0 0 0 0 0 0 0 0 0 0 0 0 0 0 0 0 0 0 0 0 0 0 0 0 0 0 0 0 0 0 0 0 0 48 71 80 85 89 99 102 105 108 112 115 116 116 110 101 88 82 73 63 47 0 0 86 218 366 466 451 531 521 405 64 0 0 0 0 0 0 0 0 0 0 0 0 0 0 0 0 0 0 0 0 0 88 68 65 74 80 83 93 101 102 102 103 102 102 102 102 101 101 100 100 101 100 99 99 98 97 97 97 97 96 97 98 100 98 94 92 88 74 0 0 0 0 0 0 0 0 0 0 0 0 0 0 0 0 0 
67 65 69 69 70 70 71 71 72 72 73 74 74 75 75 76 75 76 76 77 77 78 79 79 79 80 80 80 81 81 81 79 78 76 74 67 0 0 0 0 0 0 0 0 0 0 0 0 0 0 0 0 0 0 0 0 0 0 0 0 0 0 0 0 0 0 0 0 0 0 48 71 80 85 89 99 102 104 109 114 116 118 117 111 102 88 82 73 64 48 0 0 84 267 432 535 494 580 542 408 61 0 0 0 0 0 0 0 0 0 0 0 0 0 0 0 0 0 0 0 0 0 86 71 67 75 81 84 94 102 103 103 103 103 102 102 102 101 100 100 100 100 99 99 98 98 97 97 96 96 96 96 98 100 97 93 92 88 74 0 0 0 0 0 0 0 0 0 0 0 0 0 0 0 0 0 
65 66 68 69 69 69 70 71 72 72 73 74 74 75 75 75 75 76 76 77 78 79 79 79 80 80 80 81 81 82 82 79 78 76 73 67 0 0 0 0 0 0 0 0 0 0 0 0 0 0 0 0 0 0 0 0 0 0 0 0 0 0 0 0 0 0 0 0 0 0 48 71 80 85 88 98 101 104 109 114 117 118 117 111 101 88 82 73 64 48 0 0 88 273 448 556 510 573 546 413 60 0 0 0 0 0 0 0 0 0 0 0 0 0 0 0 0 0 0 0 0 0 89 72 68 76 81 84 94 102 103 103 103 103 102 102 101 101 100 100 99 99 98 97 97 96 94 94 93 93 93 94 95 97 95 93 92 89 77 0 0 0 0 0 0 0 0 0 0 0 0 0 0 0 0 0 
68 65 68 69 69 70 70 71 71 72 73 74 74 75 75 75 75 75 76 77 77 78 79 79 80 81 81 81 81 82 82 79 78 76 73 67 0 0 0 0 0 0 0 0 0 0 0 0 0 0 0 0 0 0 0 0 0 0 0 0 0 0 0 0 0 0 0 0 0 0 51 71 80 86 89 98 101 104 108 113 116 117 117 111 101 88 82 73 63 48 0 0 98 177 192 385 350 373 372 416 60 0 0 0 0 0 0 0 0 0 0 0 0 0 0 0 0 0 0 0 0 0 97 74 68 76 82 83 93 102 103 102 102 102 101 101 101 101 100 99 98 97 95 93 91 88 86 85 85 84 84 85 87 89 88 89 89 87 78 0 0 0 0 0 0 0 0 0 0 0 0 0 0 0 0 0 
68 70 69 69 69 70 70 71 71 72 73 74 74 75 75 75 75 76 76 77 77 78 79 79 80 80 81 81 81 82 82 79 78 77 74 67 0 0 0 0 0 0 0 0 0 0 0 0 0 0 0 0 0 0 0 0 0 0 0 0 0 0 0 0 0 0 0 0 0 0 54 71 80 85 88 98 101 103 107 111 113 115 115 109 100 87 81 72 62 45 0 0 0 200 196 291 250 269 253 281 55 0 0 0 0 0 0 0 0 0 0 0 0 0 0 0 0 0 0 0 0 0 0 64 62 71 78 81 92 101 103 102 102 102 101 101 101 100 99 98 95 94 92 89 88 87 84 83 82 81 80 82 84 87 85 87 87 85 75 0 0 0 0 0 0 0 0 0 0 0 0 0 0 0 0 0 
69 65 69 70 70 70 70 71 71 72 73 74 74 75 75 75 75 75 76 77 77 79 79 79 79 80 80 81 81 82 82 79 79 78 76 70 0 0 0 0 0 0 0 0 0 0 0 0 0 0 0 0 0 0 0 0 0 0 0 0 0 0 0 0 0 0 0 0 0 0 51 69 79 84 88 98 101 102 104 107 109 110 111 107 98 85 79 70 59 42 0 0 0 0 203 204 169 176 148 139 55 0 0 0 0 0 0 0 0 0 0 0 0 0 0 0 0 0 0 0 0 0 0 49 52 65 74 80 92 102 102 102 102 102 101 101 100 99 97 95 92 91 88 84 81 78 75 74 74 72 73 75 77 81 82 84 84 82 0 0 0 0 0 0 0 0 0 0 0 0 0 0 0 0 0 0 
70 73 69 69 70 70 71 71 72 73 73 74 74 74 74 75 75 76 77 77 78 79 78 79 79 80 80 81 81 82 82 80 79 78 76 70 0 0 0 0 0 0 0 0 0 0 0 0 0 0 0 0 0 0 0 0 0 0 0 0 0 0 0 0 0 0 0 0 0 0 51 69 78 84 87 97 100 101 103 105 106 108 109 105 97 84 78 68 58 41 0 0 0 0 87 112 98 98 102 105 65 0 0 0 0 0 0 0 0 0 0 0 0 0 0 0 0 0 0 0 0 0 0 43 50 64 73 80 92 101 102 102 102 101 101 101 100 98 96 94 90 86 83 78 75 73 72 71 71 68 68 68 69 71 74 77 78 76 0 0 0 0 0 0 0 0 0 0 0 0 0 0 0 0 0 0 
69 65 69 69 70 70 70 71 72 72 73 73 74 74 74 74 75 76 77 77 77 78 78 78 79 80 80 81 81 81 81 79 79 78 77 70 0 0 0 0 0 0 0 0 0 0 0 0 0 0 0 0 0 0 0 0 0 0 0 0 0 0 0 0 0 0 0 0 0 0 50 68 78 83 87 97 100 101 102 104 105 107 107 104 96 82 76 66 56 39 0 0 0 0 0 109 99 99 99 107 80 0 0 0 0 0 0 0 0 0 0 0 0 0 0 0 0 0 0 0 0 0 0 40 50 67 76 82 92 101 102 102 102 101 101 100 99 95 93 90 84 78 77 74 73 73 73 73 72 68 66 63 60 60 63 65 66 66 0 0 0 0 0 0 0 0 0 0 0 0 0 0 0 0 0 69 
64 67 69 69 70 70 70 71 72 72 73 73 73 74 74 75 75 76 77 77 77 78 78 78 79 79 80 80 81 81 81 79 79 78 77 70 0 0 0 0 0 0 0 0 0 0 0 0 0 0 0 0 0 0 0 0 0 0 0 0 0 0 0 0 0 0 0 0 0 0 49 67 77 82 86 97 100 101 101 103 104 105 106 102 95 81 75 65 54 38 0 0 0 0 0 96 91 87 87 90 75 0 0 0 0 0 0 0 0 0 0 0 0 0 0 0 0 0 0 0 0 0 0 0 52 69 78 84 92 101 102 102 101 101 101 100 98 94 91 85 79 74 77 77 80 82 83 81 80 77 75 69 64 66 70 70 73 74 0 0 0 0 0 0 0 0 0 0 0 0 0 0 0 67 0 70 
64 68 68 68 69 69 70 71 72 73 73 74 74 74 74 75 75 76 77 77 78 78 78 78 79 79 80 80 80 81 81 79 79 78 77 71 0 0 0 0 0 0 0 0 0 0 0 0 0 0 0 0 0 0 0 0 0 0 0 0 0 0 0 0 0 0 0 0 0 0 47 66 76 82 86 96 100 100 101 102 103 104 105 102 94 82 75 65 55 38 0 0 0 0 0 83 85 79 79 82 76 0 0 0 0 0 0 0 0 0 0 0 0 0 0 0 0 0 0 0 0 0 0 0 54 72 81 86 93 102 102 102 102 101 100 100 97 92 87 81 75 74 79 83 85 85 85 83 81 78 76 69 68 73 76 76 80 79 0 0 0 0 0 0 0 0 0 0 0 0 0 0 0 65 0 63 
75 68 68 68 68 69 70 71 72 73 73 73 73 73 74 75 75 76 77 77 77 77 78 78 79 79 79 80 80 81 82 79 78 77 75 68 0 0 0 0 0 0 0 0 0 0 0 0 0 0 0 0 0 0 0 0 0 0 0 0 0 0 0 0 0 0 0 0 0 0 48 67 76 82 85 96 99 100 100 101 102 103 104 100 93 83 76 66 56 0 0 0 0 0 0 0 79 72 72 72 70 0 0 0 0 0 0 0 0 0 0 0 0 0 0 0 0 0 0 0 0 0 0 0 54 71 81 86 93 101 102 102 101 100 100 99 95 91 85 79 75 77 83 87 90 91 92 89 87 84 80 72 74 80 80 81 84 82 72 0 0 0 0 0 0 0 0 0 0 0 0 0 0 64 0 66 
65 65 68 69 69 70 69 70 71 72 72 73 73 73 74 74 75 76 76 76 76 77 78 78 79 80 80 80 81 82 82 79 79 77 74 67 0 0 0 0 0 0 0 0 0 0 0 0 0 0 0 0 0 0 0 0 0 0 0 0 0 0 0 0 0 0 0 0 0 0 48 67 76 82 85 96 99 100 99 101 101 102 103 99 91 83 77 66 56 0 0 0 0 0 0 0 70 62 62 62 62 49 0 0 0 0 0 0 0 0 0 0 0 0 0 0 0 0 0 0 0 0 0 0 52 71 80 85 92 101 102 101 101 100 100 99 94 90 84 78 75 80 85 90 92 93 93 89 86 85 79 72 78 85 81 83 86 83 71 0 0 0 0 0 0 0 0 0 0 0 0 0 0 64 59 63 
70 69 68 69 69 69 69 70 72 72 72 73 73 73 74 74 75 76 76 76 77 77 78 78 79 80 80 80 81 82 82 79 78 77 73 65 0 0 0 0 0 0 0 0 0 0 0 0 0 0 0 0 0 0 0 0 0 0 0 0 0 0 0 0 0 0 0 0 0 0 47 66 76 82 85 96 98 99 99 99 100 101 102 98 90 82 76 65 55 0 0 0 0 0 0 0 63 56 56 56 57 49 0 0 0 0 0 0 0 0 0 0 0 0 0 0 0 0 0 0 0 0 0 0 53 70 80 85 92 100 101 101 100 99 99 99 93 91 84 79 78 84 86 92 94 93 92 88 87 83 77 73 80 86 85 86 90 88 74 0 0 0 0 0 0 0 0 0 0 0 0 0 0 64 0 64 
66 69 68 69 69 70 70 71 72 72 72 73 73 73 73 74 74 74 75 75 76 77 78 78 79 80 80 80 81 82 82 79 78 77 74 66 0 0 0 0 0 0 0 0 0 0 0 0 0 0 0 0 0 0 0 0 0 0 0 0 0 0 0 0 0 0 0 0 0 0 46 66 76 82 85 95 98 98 98 98 99 100 101 97 88 83 76 65 55 0 0 0 0 0 0 0 0 55 55 55 55 0 0 0 0 0 0 0 0 0 0 0 0 0 0 0 0 0 0 0 0 0 0 0 51 67 77 82 91 99 101 100 100 99 99 98 92 90 81 78 78 84 86 92 94 93 91 88 86 81 76 76 84 88 87 89 91 88 74 0 0 0 0 0 0 0 0 0 0 0 0 0 0 64 63 71 
63 68 68 69 69 69 70 70 71 71 71 72 73 72 72 72 72 71 71 72 73 75 77 78 79 80 80 80 81 82 82 79 78 76 73 64 0 0 0 0 0 0 0 0 0 0 0 0 0 0 0 0 0 0 0 0 0 0 0 0 0 0 0 0 0 0 0 0 0 0 46 66 75 81 84 95 97 98 97 97 98 99 99 95 87 81 74 63 53 0 0 0 0 0 0 0 0 49 49 49 49 0 0 0 0 0 0 0 0 0 0 0 0 0 0 0 0 0 0 0 0 0 0 0 53 69 78 83 91 99 100 100 100 99 98 98 92 89 83 79 78 84 85 89 89 88 87 84 83 77 74 75 81 85 85 88 88 85 71 0 0 0 0 0 0 0 0 0 0 0 0 0 0 66 0 67 
67 68 68 69 69 70 70 70 71 71 71 72 72 73 71 70 70 68 66 68 71 72 75 78 79 80 80 80 81 82 81 78 77 76 73 65 0 0 0 0 0 0 0 0 0 0 0 0 0 0 0 0 0 0 0 0 0 0 0 0 0 0 0 0 0 0 0 0 0 0 45 66 75 80 84 94 96 96 96 96 97 98 98 94 85 80 73 62 52 0 0 0 0 0 0 0 0 0 0 0 0 0 0 0 0 0 0 0 0 0 0 0 0 0 0 0 0 0 0 0 0 0 0 0 58 73 81 85 92 99 100 99 99 97 95 93 87 84 79 76 76 83 84 87 88 87 85 83 81 75 73 76 79 81 82 82 81 80 69 0 0 0 0 0 0 0 0 0 0 0 0 0 0 67 59 70 
64 65 68 69 69 69 70 70 71 71 71 71 72 72 70 68 67 65 63 65 69 71 75 77 79 79 80 80 81 81 81 78 77 75 72 64 0 0 0 0 0 0 0 0 0 0 0 0 0 0 0 0 0 0 0 0 0 0 0 0 0 0 0 0 0 0 0 0 0 0 45 65 75 80 83 93 95 95 95 95 95 97 97 93 84 79 72 60 51 0 0 0 0 0 0 0 0 0 0 0 0 0 0 0 0 0 0 0 0 0 0 0 0 0 0 0 0 0 0 0 0 0 0 0 62 76 84 87 92 99 100 98 96 95 93 90 84 83 77 75 74 81 82 85 86 86 83 83 82 73 72 76 77 79 80 80 78 78 0 0 0 0 0 0 0 0 0 0 0 0 0 0 0 65 0 70 
65 70 68 68 69 70 70 70 71 70 71 71 71 72 69 66 66 62 60 62 66 68 73 77 79 79 79 80 81 81 81 78 77 76 72 65 0 0 0 0 0 0 0 0 0 0 0 0 0 0 0 0 0 0 0 0 0 0 0 0 0 0 0 0 0 0 0 0 0 0 44 64 74 79 83 93 94 94 93 93 94 95 96 91 83 79 73 61 53 0 0 0 0 0 0 0 0 0 0 0 0 0 0 0 0 0 0 0 0 0 0 0 0 0 0 0 0 0 0 0 0 0 0 0 58 73 81 85 92 98 99 96 94 92 89 85 82 80 75 72 70 78 78 82 83 82 80 79 78 71 72 76 75 76 77 76 74 74 0 0 0 0 0 0 0 0 0 0 0 0 0 0 63 65 69 65 
65 65 68 68 69 69 70 70 70 70 71 71 71 72 69 66 65 62 59 61 65 67 72 76 79 79 79 80 81 82 82 78 77 75 71 63 0 0 0 0 0 0 0 0 0 0 0 0 0 0 0 0 0 0 0 0 0 0 0 0 0 0 0 0 0 0 0 0 0 0 44 64 73 79 82 92 93 93 92 92 93 95 95 90 82 78 71 59 51 0 0 0 0 0 0 0 0 0 0 0 0 0 0 0 0 0 0 0 0 0 0 0 0 0 0 0 0 0 0 0 0 0 0 0 62 76 84 87 92 98 98 93 90 87 83 78 77 76 73 69 66 0 73 73 74 74 72 72 0 0 0 0 67 68 68 67 65 0 0 0 0 0 0 0 0 0 0 0 0 0 0 0 63 64 60 64 
70 66 68 68 69 69 70 70 70 70 71 71 71 72 71 68 68 65 63 63 67 69 72 75 78 79 79 80 81 81 81 78 77 75 71 64 0 0 0 0 0 0 0 0 0 0 0 0 0 0 0 0 0 0 0 0 0 0 0 0 0 0 0 0 0 0 0 0 0 0 43 63 73 78 82 92 93 93 92 92 92 94 95 90 81 77 70 58 50 0 0 0 0 0 0 0 0 0 0 0 0 0 0 0 0 0 0 0 0 0 0 0 0 0 0 0 0 0 0 0 0 0 0 0 61 76 83 86 91 98 97 92 88 84 76 69 68 66 0 0 0 0 0 0 0 0 0 0 0 0 0 0 0 0 0 0 0 0 0 0 0 0 0 0 0 0 0 0 0 0 0 0 63 63 60 65 
69 67 68 68 68 69 69 69 69 70 70 71 71 72 71 69 69 68 67 68 70 72 74 76 78 78 79 80 81 82 82 78 77 76 72 64 0 0 0 0 0 0 0 0 0 0 0 0 0 0 0 0 0 0 0 0 0 0 0 0 0 0 0 0 0 0 0 0 0 0 42 64 74 79 83 92 93 93 92 92 92 94 95 89 80 76 68 56 47 0 0 0 0 0 0 0 0 0 0 0 0 0 0 0 0 0 0 0 0 0 0 0 0 0 0 0 0 0 0 0 0 0 0 0 59 75 82 85 90 98 96 89 85 80 70 56 0 0 0 0 0 0 0 0 0 0 0 0 0 0 0 0 0 0 0 0 0 0 0 0 0 0 0 0 0 0 0 0 0 0 0 0 62 64 62 64 
67 70 68 68 68 69 69 69 69 70 70 71 71 72 72 71 71 71 70 71 72 73 75 76 78 78 79 79 80 81 81 78 77 76 72 65 0 0 0 0 0 0 0 0 0 0 0 0 0 0 0 0 0 0 0 0 0 0 0 0 0 0 0 0 0 0 0 0 0 0 41 63 73 78 82 91 93 93 93 92 92 94 94 88 79 74 67 54 45 0 0 0 0 0 0 0 0 0 0 0 0 0 0 0 0 0 0 0 0 0 0 0 0 0 0 0 0 0 0 0 0 0 0 0 59 74 81 85 89 96 95 87 83 78 68 52 0 0 0 0 0 0 0 0 0 0 0 0 0 0 0 0 0 0 0 0 0 0 0 0 0 0 0 0 0 0 0 0 0 0 0 62 63 64 63 65 
64 66 68 68 68 69 69 68 68 68 69 69 70 71 71 72 73 74 73 74 75 75 76 77 77 78 79 79 80 81 81 78 77 76 73 67 0 0 0 0 0 0 0 0 0 0 0 0 0 0 0 0 0 0 0 0 0 0 0 0 0 0 0 0 0 0 0 0 0 0 40 62 72 78 81 90 93 93 93 92 93 93 93 87 78 73 66 53 43 0 0 0 0 0 0 0 0 0 0 0 0 0 0 0 0 0 0 0 0 0 0 0 0 0 0 0 0 0 0 0 0 0 0 0 63 77 84 87 89 96 95 89 85 78 70 60 0 0 0 0 0 0 0 0 0 0 0 0 0 0 0 0 0 0 0 0 0 0 0 0 0 0 0 0 0 0 0 0 0 0 0 62 64 65 67 69 
75 70 67 67 68 68 68 67 67 66 66 67 67 69 70 72 73 75 75 76 76 77 77 77 77 78 78 79 80 81 81 78 78 76 73 68 0 0 0 0 0 0 0 0 0 0 0 0 0 0 0 0 0 0 0 0 0 0 0 0 0 0 0 0 0 0 0 0 0 0 0 64 74 79 82 90 93 93 93 92 93 93 93 87 77 73 65 52 43 0 0 0 0 0 0 0 0 0 0 0 0 0 0 0 0 0 0 0 0 0 0 0 0 0 0 0 0 0 0 0 0 0 0 0 63 77 84 87 89 96 95 92 88 82 76 69 64 0 0 0 0 0 0 0 0 0 0 0 0 0 0 0 0 0 0 0 0 0 0 0 0 0 0 0 0 0 0 0 0 0 0 62 65 65 68 65 
66 65 67 67 68 67 68 67 66 65 65 64 65 66 67 69 70 72 73 74 75 76 76 77 77 78 78 79 80 81 81 78 77 76 73 67 0 0 0 0 0 0 0 0 0 0 0 0 0 0 0 0 0 0 0 0 0 0 0 0 0 0 0 0 0 0 0 0 0 0 0 64 74 79 82 89 92 92 93 93 93 93 93 86 76 71 63 50 40 0 0 0 0 0 0 0 0 0 0 0 0 0 0 0 0 0 0 0 0 0 0 0 0 0 0 0 0 0 0 0 0 0 0 0 63 77 84 86 88 95 95 92 89 84 80 74 70 66 63 59 57 57 58 62 59 60 0 0 0 0 0 0 0 0 0 0 0 0 0 0 0 0 0 0 0 0 0 0 0 0 0 61 64 65 68 71 
0 63 67 67 68 68 68 66 65 64 63 63 63 65 66 68 70 72 73 73 73 73 72 72 73 74 75 76 77 78 78 75 74 73 71 66 0 0 0 0 0 0 0 0 0 0 0 0 0 0 0 0 0 0 0 0 0 0 0 0 0 0 0 0 0 0 0 0 0 0 0 63 73 78 81 89 92 92 92 92 92 92 92 85 75 70 63 49 39 0 0 0 0 0 0 0 0 0 0 0 0 0 0 0 0 0 0 0 0 0 0 0 0 0 0 0 0 0 0 0 0 0 0 0 62 77 83 86 88 95 96 94 91 87 84 80 77 74 73 71 70 70 70 72 71 69 68 67 0 0 0 0 0 0 0 0 0 0 0 0 0 0 0 0 0 0 0 0 0 0 0 62 64 66 66 65 
0 0 66 66 67 66 66 65 63 62 60 60 61 63 64 66 68 70 71 71 72 71 71 71 72 73 75 76 77 77 77 74 74 72 70 65 0 0 0 0 0 0 0 0 0 0 0 0 0 0 0 0 0 0 0 0 0 0 0 0 0 0 0 0 0 0 0 0 0 0 0 66 75 80 82 88 90 91 91 91 91 91 91 84 74 70 62 49 39 0 0 0 0 0 0 0 0 0 0 0 0 0 0 0 0 0 0 0 0 0 0 0 0 0 0 0 0 0 0 0 0 0 0 0 62 76 82 85 87 94 94 93 92 88 85 82 78 75 73 71 69 69 70 71 70 68 67 65 61 0 0 0 0 0 0 0 0 0 0 0 0 0 0 0 0 0 0 0 0 0 0 61 64 66 62 69 
0 0 64 64 65 63 64 63 61 62 60 60 60 61 61 64 66 68 70 69 69 69 69 69 70 71 73 74 76 76 76 73 73 71 68 0 0 0 0 0 0 0 0 0 0 0 0 0 0 0 0 0 0 0 0 0 0 0 0 0 0 0 0 0 0 0 0 0 0 0 0 65 71 75 77 80 83 84 84 85 84 85 85 79 69 66 59 47 39 0 0 0 0 0 0 0 0 0 0 0 0 0 0 0 0 0 0 0 0 0 0 0 0 0 0 0 0 0 0 0 0 0 0 0 61 72 76 78 80 85 85 85 84 83 82 80 79 76 73 71 69 69 70 71 70 68 67 65 61 0 0 0 0 0 0 0 0 0 0 0 0 0 0 0 0 0 0 0 0 0 0 61 64 66 70 75 
0 0 0 0 0 0 0 0 0 87 77 72 71 69 60 60 62 63 65 64 64 64 64 64 66 68 70 72 73 73 73 70 69 68 66 0 0 0 0 0 0 0 0 0 0 0 0 0 0 0 0 0 0 0 0 0 0 0 0 0 0 0 0 0 0 0 0 0 0 0 0 62 69 73 75 78 81 83 82 83 83 83 83 77 68 65 58 46 38 0 0 0 0 0 0 0 0 0 0 0 0 0 0 0 0 0 0 0 0 0 0 0 0 0 0 0 0 0 0 0 0 0 0 0 61 71 74 76 78 83 83 82 82 82 82 81 80 78 73 71 69 69 70 71 70 68 67 65 61 0 0 0 0 0 0 0 0 0 0 0 0 0 0 0 0 0 0 0 0 0 0 62 64 66 68 69 
0 0 0 0 0 0 0 0 0 92 83 80 80 82 64 0 0 0 0 0 0 0 53 55 58 59 64 66 67 66 67 63 63 0 0 0 0 0 0 0 0 0 0 0 0 0 0 0 0 0 0 0 0 0 0 0 0 0 0 0 0 0 0 0 0 0 0 0 0 0 0 0 69 73 75 75 78 80 80 80 80 80 79 74 66 63 57 46 0 0 0 0 0 0 0 0 0 0 0 0 0 0 0 0 0 0 0 0 0 0 0 0 0 0 0 0 0 0 0 0 0 0 0 0 0 69 71 73 75 79 79 78 78 78 78 79 80 81 78 76 75 75 75 76 76 71 69 67 63 0 0 55 55 55 55 0 0 0 0 0 0 0 0 0 0 0 0 0 0 0 0 65 66 68 69 70 
0 0 0 0 0 0 0 0 68 86 81 78 79 82 66 0 0 0 0 0 0 0 0 0 0 0 0 0 0 0 0 0 0 0 0 0 0 0 0 0 0 0 0 0 0 0 0 0 0 0 0 0 0 0 0 0 0 0 0 0 0 0 0 0 0 0 0 0 0 0 0 0 62 66 68 68 71 74 74 74 74 75 74 69 62 60 54 45 0 0 0 0 0 0 0 0 0 0 0 0 0 0 0 0 0 0 0 0 0 0 0 0 0 0 0 0 0 0 0 0 0 0 0 0 0 65 66 67 68 70 70 70 68 69 69 70 72 75 72 70 68 68 69 69 69 67 65 0 0 0 0 54 54 54 54 0 0 0 0 0 0 0 0 0 0 0 0 0 0 0 0 63 64 66 65 70 
0 0 0 0 0 0 0 0 65 81 81 77 80 83 70 61 0 0 0 0 0 0 0 0 0 0 0 0 0 0 0 0 0 0 0 0 0 0 0 0 0 0 0 0 0 0 0 0 0 0 0 0 0 0 0 0 0 0 0 0 0 0 0 0 0 0 0 0 0 0 0 0 0 0 52 53 56 59 60 60 61 61 60 57 52 52 0 0 0 0 0 0 0 0 0 0 0 0 0 0 0 0 0 0 0 0 0 0 0 0 0 0 0 0 0 0 0 0 0 0 0 0 0 0 0 0 0 55 56 55 53 53 52 50 0 0 0 0 0 0 0 0 0 0 0 0 0 0 0 0 0 54 54 54 54 0 0 0 0 0 0 0 0 0 0 0 0 0 0 0 0 64 66 67 67 68 
0 0 0 0 0 0 0 59 67 82 85 80 82 84 73 60 0 0 0 0 0 0 0 0 0 0 0 0 0 0 0 0 0 0 0 0 0 0 0 0 0 0 0 0 0 0 0 0 0 0 0 0 0 0 0 0 0 0 0 0 0 0 0 0 0 0 0 0 0 0 0 0 0 0 0 0 0 0 0 0 0 0 0 0 0 0 0 0 0 0 0 0 0 0 0 0 0 0 0 0 0 0 0 0 0 0 0 0 0 0 0 0 0 0 0 0 0 0 0 0 0 0 0 0 0 0 0 0 0 0 0 0 0 0 0 0 0 0 0 0 0 0 0 0 0 0 0 0 0 0 0 54 54 54 54 0 0 0 0 0 0 0 0 0 0 0 0 0 0 0 0 64 65 67 60 72 
0 0 0 68 67 66 64 63 67 76 85 81 83 85 80 64 0 0 0 0 0 0 0 0 0 0 0 0 0 0 0 0 0 0 0 0 0 0 0 0 0 0 0 0 0 0 0 0 0 0 0 0 0 0 0 0 0 0 0 0 0 0 0 0 0 0 0 0 0 0 0 0 0 0 0 0 0 0 0 0 0 0 0 0 0 0 0 0 0 0 0 0 0 0 0 0 0 0 0 0 0 0 0 0 0 0 0 0 0 0 0 0 0 0 0 0 0 0 0 0 0 0 0 0 0 0 0 0 0 0 0 0 0 0 0 0 0 0 0 0 0 0 0 0 0 0 0 0 0 0 0 52 52 52 52 0 0 0 0 0 0 0 0 0 0 0 0 0 0 0 0 64 65 67 76 76 
0 0 70 70 70 69 68 67 69 74 84 82 83 84 83 66 0 0 0 0 0 0 0 0 0 0 0 0 0 0 0 0 0 0 0 0 0 0 0 0 0 0 0 0 0 0 0 0 0 0 0 0 0 0 0 0 0 0 0 0 0 0 0 0 0 0 0 0 0 0 0 0 0 0 0 0 0 0 0 0 0 0 0 0 0 0 0 0 0 0 0 0 0 0 0 0 0 0 0 0 0 0 0 0 0 0 0 0 0 0 0 0 0 0 0 0 0 0 0 0 0 0 0 0 0 0 0 0 0 0 0 0 0 0 0 0 0 0 0 0 0 0 0 0 0 0 0 0 0 0 0 0 0 0 0 0 0 0 0 0 0 0 0 0 0 0 0 0 0 0 0 63 64 67 65 74 
0 0 71 72 71 72 71 70 72 74 84 85 84 85 86 72 61 0 0 0 0 0 0 0 0 0 0 0 0 0 0 0 0 0 0 0 0 0 0 0 0 0 0 0 0 0 0 0 0 0 0 0 0 0 0 0 0 0 0 0 0 0 0 0 0 0 0 0 0 0 0 0 0 0 0 0 0 0 0 0 0 0 0 0 0 0 0 0 0 0 0 0 0 0 0 0 0 0 0 0 0 0 0 0 0 0 0 0 0 0 0 0 0 0 0 0 0 0 0 0 0 0 0 0 0 0 0 0 0 0 0 0 0 0 0 0 0 0 0 0 0 0 0 0 0 0 0 0 0 0 0 0 0 0 0 0 0 0 0 0 0 0 0 0 0 0 0 0 0 0 0 0 67 69 62 69 
0 61 71 72 72 73 73 72 73 75 83 86 84 85 87 76 62 0 0 0 0 0 0 0 0 0 0 0 0 0 0 0 0 0 0 0 0 0 0 0 0 0 0 0 0 0 0 0 0 0 0 0 0 0 0 0 0 0 0 0 0 0 0 0 0 0 0 0 0 0 0 0 0 0 0 0 0 0 0 0 0 0 0 0 0 0 0 0 0 0 0 0 0 0 0 0 0 0 0 0 0 0 0 0 0 0 0 0 0 0 0 0 0 0 0 0 0 0 0 0 0 0 0 0 0 0 0 0 0 0 0 0 0 0 0 0 0 0 0 0 0 0 0 0 0 0 0 0 0 0 0 0 0 0 0 0 0 0 0 0 0 0 0 0 0 0 0 0 0 0 0 0 64 67 0 68 
0 0 71 71 72 73 73 72 74 74 80 84 83 84 87 81 63 0 0 0 0 0 0 0 0 0 0 0 0 0 0 0 0 0 0 0 0 0 0 0 0 0 0 0 0 0 0 0 0 0 0 0 0 0 0 0 0 0 0 0 0 0 0 0 0 0 0 0 0 0 0 0 0 0 0 0 0 0 0 0 0 0 0 0 0 0 0 0 0 0 0 0 0 0 0 0 0 0 0 0 0 0 0 0 0 0 0 0 0 0 0 0 0 0 0 0 0 0 0 0 0 0 0 0 0 0 0 0 0 0 0 0 0 0 0 0 0 0 0 0 0 0 0 0 0 0 0 0 0 0 0 0 0 0 0 0 0 0 0 0 0 0 0 0 0 0 0 0 0 0 0 0 0 66 0 0 
0 0 71 71 73 74 74 73 73 73 76 81 80 82 85 83 0 0 0 0 0 0 0 0 0 0 0 0 0 0 0 0 0 0 0 0 0 0 0 0 0 0 0 0 0 0 0 0 0 0 0 0 0 0 0 0 0 0 0 0 0 0 0 0 0 0 0 0 0 0 0 0 0 0 0 0 0 0 0 0 0 0 0 0 0 0 0 0 0 0 0 0 0 0 0 0 0 0 0 0 0 0 0 0 0 0 0 0 0 0 0 0 0 0 0 0 0 0 0 0 0 0 0 0 0 0 0 0 0 0 0 0 0 0 0 0 0 0 0 0 0 0 0 0 0 0 0 0 0 0 0 0 0 0 0 0 0 0 0 0 0 0 0 0 0 0 0 0 0 0 0 0 0 0 0 0 
0 63 71 71 72 73 74 72 72 72 73 77 78 81 85 87 0 0 0 0 0 0 0 0 0 0 0 0 0 0 0 0 0 0 0 0 0 0 0 0 0 0 0 0 0 0 0 0 0 0 0 0 0 0 0 0 0 0 0 0 0 0 0 0 0 0 0 0 0 0 0 0 0 0 0 0 0 0 0 0 0 0 0 0 0 0 0 0 0 0 0 0 0 0 0 0 0 0 0 0 0 0 0 0 0 0 0 0 0 0 0 0 0 0 0 0 0 0 0 0 0 0 0 0 0 0 0 0 0 0 0 0 0 0 0 0 0 0 0 0 0 0 0 0 0 0 0 0 0 0 0 0 0 0 0 0 0 0 0 0 0 0 0 0 0 0 0 0 0 0 0 0 0 0 0 0 
0 63 70 70 71 71 71 71 70 70 71 75 75 79 82 0 0 0 0 0 0 0 0 0 0 0 0 0 0 0 0 0 0 0 0 0 0 0 0 0 0 0 0 0 0 0 0 0 0 0 0 0 0 0 0 0 0 0 0 0 0 0 0 0 0 0 0 0 0 0 0 0 0 0 0 0 0 0 0 0 0 0 0 0 0 0 0 0 0 0 0 0 0 0 0 0 0 0 0 0 0 0 0 0 0 0 0 0 0 0 0 0 0 0 0 0 0 0 0 0 0 0 0 0 0 0 0 0 0 0 0 0 0 0 0 0 0 0 0 0 0 0 0 0 0 0 0 0 0 0 0 0 0 0 0 0 0 0 0 0 0 0 0 0 0 0 0 0 0 0 0 0 0 0 0 0 
0 65 101 86 79 73 70 70 69 69 69 69 74 106 142 174 192 192 182 174 0 0 0 0 0 0 0 0 0 0 0 0 0 0 0 0 0 0 0 0 0 0 0 0 0 0 0 0 0 0 0 0 0 0 0 0 0 0 0 0 0 0 0 0 0 0 0 0 0 0 0 0 0 0 0 0 0 0 0 0 0 0 0 0 0 0 0 0 0 0 0 0 0 0 0 0 0 0 0 0 0 0 0 0 0 0 0 0 0 0 0 0 0 0 0 0 0 0 0 0 0 0 0 0 0 0 0 0 0 0 0 0 0 0 0 0 0 0 0 0 0 0 0 0 0 0 0 0 0 0 0 0 0 0 0 0 0 0 0 0 0 0 0 0 0 0 0 0 0 0 0 0 0 0 0 0 
83 0 187 161 143 125 118 115 112 118 139 174 222 308 363 368 322 284 256 220 163 0 0 0 0 0 0 0 0 0 0 0 0 0 0 0 0 0 0 0 0 0 0 0 0 0 0 0 0 0 0 0 0 0 0 0 0 0 0 0 0 0 0 0 0 0 0 0 0 0 0 0 0 0 0 0 0 0 0 0 0 0 0 0 0 0 0 0 0 0 0 0 0 0 0 0 0 0 0 0 0 0 0 0 0 0 0 0 0 0 0 0 0 0 0 0 0 0 0 0 0 0 0 0 0 0 0 0 0 0 0 0 0 0 0 0 0 0 0 0 0 0 0 0 0 0 0 0 0 0 0 0 0 0 0 0 0 0 0 0 0 0 0 0 0 0 0 0 0 0 0 0 0 0 0 0 
337 233 272 252 236 220 222 232 239 266 306 346 378 428 435 429 368 311 276 228 156 0 0 0 0 0 0 0 0 0 0 0 0 0 0 0 0 0 0 0 0 0 0 0 0 0 0 0 0 0 0 0 0 0 0 0 0 0 0 0 0 0 0 0 0 0 0 0 0 0 0 0 0 0 0 0 0 0 0 0 0 0 0 0 0 0 0 0 0 0 0 0 0 0 0 0 0 0 0 0 0 0 0 0 0 0 0 0 0 0 0 0 0 0 0 0 0 0 0 0 0 0 0 0 0 0 0 0 0 0 0 0 0 0 0 0 0 0 0 0 0 0 0 0 0 0 0 0 0 0 0 0 0 0 0 0 0 0 0 0 0 0 0 0 0 0 0 0 0 0 0 0 0 0 0 0 
481 483 337 330 315 300 311 334 350 374 406 428 434 451 457 445 378 325 286 231 153 0 0 0 0 0 0 0 0 0 0 0 0 0 0 0 0 0 0 0 0 0 0 0 0 0 0 0 0 0 0 0 0 0 0 0 0 0 0 0 0 0 0 0 0 0 0 0 0 0 0 0 0 0 0 0 0 0 0 0 0 0 0 0 0 0 0 0 0 0 0 0 0 0 0 0 0 0 0 0 0 0 0 0 0 0 0 0 0 0 0 0 0 0 0 0 0 0 0 0 0 0 0 0 0 0 0 0 0 0 0 0 0 0 0 0 0 0 0 0 0 0 0 0 0 0 0 0 0 0 0 0 0 0 0 0 0 0 0 0 0 0 0 0 0 0 0 0 0 0 0 0 0 0 0 0 
430 437 379 376 375 376 380 392 393 398 408 427 434 450 455 439 383 334 295 237 155 0 0 0 0 0 0 0 0 0 0 0 0 0 0 0 0 0 0 0 0 0 0 0 0 0 0 0 0 0 0 0 0 0 0 0 0 0 0 0 0 0 0 0 0 0 0 0 0 0 0 0 0 0 0 0 0 0 0 0 0 0 0 0 0 0 0 0 0 0 0 0 0 0 0 0 0 0 0 0 0 0 0 0 0 0 0 0 0 0 0 0 0 0 0 0 0 0 0 0 0 0 0 0 0 0 0 0 0 0 0 0 0 0 0 0 0 0 0 0 0 0 0 0 0 0 0 0 0 0 0 0 0 0 0 0 0 0 0 0 0 0 0 0 0 0 0 0 0 0 0 0 0 0 0 0 
401 407 414 412 406 401 394 392 392 396 405 421 441 464 477 464 402 351 305 232 136 0 0 0 0 0 0 0 0 0 0 0 0 0 0 0 0 0 0 0 0 0 0 0 0 0 0 0 0 0 0 0 0 0 0 0 0 0 0 0 0 0 0 0 0 0 0 0 0 0 0 0 0 0 0 0 0 0 0 0 0 0 0 0 0 0 0 0 0 0 0 0 0 0 0 0 0 0 0 0 0 0 0 0 0 0 0 0 0 0 0 0 0 0 0 0 0 0 0 0 0 0 0 0 0 0 0 0 0 0 0 0 0 0 0 0 0 0 0 0 0 0 0 0 0 0 0 0 0 0 0 0 0 0 0 0 0 0 0 0 0 0 0 0 0 0 0 0 0 0 0 0 0 0 0 0 
378 397 394 404 410 414 416 419 422 427 432 441 451 459 459 430 361 320 274 200 116 0 0 0 0 0 0 0 0 0 0 0 0 0 0 0 0 0 0 0 0 0 0 0 0 0 0 0 0 0 0 0 0 0 0 0 0 0 0 0 0 0 0 0 0 0 0 0 0 0 0 0 0 0 0 0 0 0 0 0 0 0 0 0 0 0 0 0 0 0 0 0 0 0 0 0 0 0 0 0 0 0 0 0 0 0 0 0 0 0 0 0 0 0 0 0 0 0 0 0 0 0 0 0 0 0 0 0 0 0 0 0 0 0 0 0 0 0 0 0 0 0 0 0 0 0 0 0 0 0 0 0 0 0 0 0 0 0 0 0 0 0 0 0 0 0 0 0 0 0 0 0 0 0 0 0 
349 360 351 371 383 389 390 392 394 396 402 411 420 424 421 385 318 288 244 169 99 0 0 0 0 0 0 0 0 0 0 0 0 0 0 0 0 0 0 0 0 0 0 0 0 0 0 0 0 0 0 0 0 0 0 0 0 0 0 0 0 0 0 0 0 0 0 0 0 0 0 0 0 0 0 0 0 0 0 0 0 0 0 0 0 0 0 0 0 0 0 0 0 0 0 0 0 0 0 0 0 0 0 0 0 0 0 0 0 0 0 0 0 0 0 0 0 0 0 0 0 0 0 0 0 0 0 0 0 0 0 0 0 0 0 0 0 0 0 0 0 0 0 0 0 0 0 0 0 0 0 0 0 0 0 0 0 0 0 0 0 0 0 0 0 0 0 0 0 0 0 0 0 0 0 0 
248 342 325 346 357 372 377 378 378 379 382 388 393 393 388 347 284 254 212 139 85 0 0 0 0 0 0 0 0 0 0 0 0 0 0 0 0 0 0 0 0 0 0 0 0 0 0 0 0 0 0 0 0 0 0 0 0 0 0 0 0 0 0 0 0 0 0 0 0 0 0 0 0 0 0 0 0 0 0 0 0 0 0 0 0 0 0 0 0 0 0 0 0 0 0 0 0 0 0 0 0 0 0 0 0 0 0 0 0 0 0 0 0 0 0 0 0 0 0 0 0 0 0 0 0 0 0 0 0 0 0 0 0 0 0 0 0 0 0 0 0 0 0 0 0 0 0 0 0 0 0 0 0 0 0 0 0 0 0 0 0 0 0 0 0 0 0 0 0 0 0 0 0 0 0 0 
84 169 292 318 331 345 358 363 362 365 368 373 377 374 365 321 268 237 196 121 78 0 0 0 0 0 0 0 0 0 0 0 0 0 0 0 0 0 0 0 0 0 0 0 0 0 0 0 0 0 0 0 0 0 0 0 0 0 0 0 0 0 0 0 0 0 0 0 0 0 0 0 0 0 0 0 0 0 0 0 0 0 0 0 0 0 0 0 0 0 0 0 0 0 0 0 0 0 0 0 0 0 0 0 0 0 0 0 0 0 0 0 0 0 0 0 0 0 0 0 0 0 0 0 0 0 0 0 0 0 0 0 0 0 0 0 0 0 0 0 0 0 0 0 0 0 0 0 0 0 0 0 0 0 0 0 0 0 0 0 0 0 0 0 0 0 0 0 0 0 0 0 0 0 0 0 
0 0 255 282 297 312 324 337 342 345 348 351 354 350 341 296 253 224 184 109 0 0 0 0 0 0 0 0 0 0 0 0 0 0 0 0 0 0 0 0 0 0 0 0 0 0 0 0 0 0 0 0 0 0 0 0 0 0 0 0 0 0 0 0 0 0 0 0 0 0 0 0 0 0 0 0 0 0 0 0 0 0 0 0 0 0 0 0 0 0 0 0 0 0 0 0 0 0 0 0 0 0 0 0 0 0 0 0 0 0 0 0 0 0 0 0 0 0 0 0 0 0 0 0 0 0 0 0 0 0 0 0 0 0 0 0 0 0 0 0 0 0 0 0 0 0 0 0 0 0 0 0 0 0 0 0 0 0 0 0 0 0 0 0 0 0 0 0 0 0 0 0 0 0 0 0 
0 0 217 254 265 277 287 297 297 305 312 319 324 323 311 275 242 213 172 102 0 0 0 0 0 0 0 0 0 0 0 0 0 0 0 0 0 0 0 0 0 0 0 0 0 0 0 0 0 0 0 0 0 0 0 0 0 0 0 0 0 0 0 0 0 0 0 0 0 0 0 0 0 0 0 0 0 0 0 0 0 0 0 0 0 0 0 0 0 0 0 0 0 0 0 0 0 0 0 0 0 0 0 0 0 0 0 0 0 0 0 0 0 0 0 0 0 0 0 0 0 0 0 0 0 0 0 0 0 0 0 0 0 0 0 0 0 0 0 0 0 0 0 0 0 0 0 0 0 0 0 0 0 0 0 0 0 0 0 0 0 0 0 0 0 0 0 0 0 0 0 0 0 0 0 0 
0 0 190 225 234 252 268 281 281 291 299 295 291 281 270 240 220 199 167 96 0 0 0 0 0 0 0 0 0 0 0 0 0 0 0 0 0 0 0 0 0 0 0 0 0 0 0 0 0 0 0 0 0 0 0 0 0 0 0 0 0 0 0 0 0 0 0 0 0 0 0 0 0 0 0 0 0 0 0 0 0 0 0 0 0 0 0 0 0 0 0 0 0 0 0 0 0 0 0 0 0 0 0 0 0 0 0 0 0 0 0 0 0 0 0 0 0 0 0 0 0 0 0 0 0 0 0 0 0 0 0 0 0 0 0 0 0 0 0 0 0 0 0 0 0 0 0 0 0 0 0 0 0 0 0 0 0 0 0 0 0 0 0 0 0 0 0 0 0 0 0 0 0 0 0 0 
0 0 0 189 200 211 231 250 252 266 277 273 270 260 248 222 213 194 167 0 0 0 0 0 0 0 0 0 0 0 0 0 0 0 0 0 0 0 0 0 0 0 0 0 0 0 0 0 0 0 0 0 0 0 0 0 0 0 0 0 0 0 0 0 0 0 0 0 0 0 0 0 0 0 0 0 0 0 0 0 0 0 0 0 0 0 0 0 0 0 0 0 0 0 0 0 0 0 0 0 0 0 0 0 0 0 0 0 0 0 0 0 0 0 0 0 0 0 0 0 0 0 0 0 0 0 0 0 0 0 0 0 0 0 0 0 0 0 0 0 0 0 0 0 0 0 0 0 0 0 0 0 0 0 0 0 0 0 0 0 0 0 0 0 0 0 0 0 0 0 0 0 0 0 0 0 
0 0 0 0 151 169 184 206 215 232 245 239 235 227 214 195 189 174 0 0 0 0 0 0 0 0 0 0 0 0 0 0 0 0 0 0 0 0 0 0 0 0 0 0 0 0 0 0 0 0 0 0 0 0 0 0 0 0 0 0 0 0 0 0 0 0 0 0 0 0 0 0 0 0 0 0 0 0 0 0 0 0 0 0 0 0 0 0 0 0 0 0 0 0 0 0 0 0 0 0 0 0 0 0 0 0 0 0 0 0 0 0 0 0 0 0 0 0 0 0 0 0 0 0 0 0 0 0 0 0 0 0 0 0 0 0 0 0 0 0 0 0 0 0 0 0 0 0 0 0 0 0 0 0 0 0 0 0 0 0 0 0 0 0 0 0 0 0 0 0 0 0 0 0 0 0 
0 0 0 0 0 0 0 134 144 173 198 196 196 186 172 161 156 0 0 0 0 0 0 0 0 0 0 0 0 0 0 0 0 0 0 0 0 0 0 0 0 0 0 0 0 0 0 0 0 0 0 0 0 0 0 0 0 0 0 0 0 0 0 0 0 0 0 0 0 0 0 0 0 0 0 0 0 0 0 0 0 0 0 0 0 0 0 0 0 0 0 0 0 0 0 0 0 0 0 0 0 0 0 0 0 0 0 0 0 0 0 0 0 0 0 0 0 0 0 0 0 0 0 0 0 0 0 0 0 0 0 0 0 0 0 0 0 0 0 0 0 0 0 0 0 0 0 0 0 0 0 0 0 0 0 0 0 0 0 0 0 0 0 0 0 0 0 0 0 0 0 0 0 0 0 0 
0 0 0 0 0 0 0 0 0 0 0 0 0 0 0 0 0 0 0 0 0 0 0 0 0 0 0 0 0 0 0 0 0 0 0 0 0 0 0 0 0 0 0 0 0 0 0 0 0 0 0 0 0 0 0 0 0 0 0 0 0 0 0 0 0 0 0 0 0 0 0 0 0 0 0 0 0 0 0 0 0 0 0 0 0 0 0 0 0 0 0 0 0 0 0 0 0 0 0 0 0 0 0 0 0 0 0 0 0 0 0 0 0 0 0 0 0 0 0 0 0 0 0 0 0 0 0 0 0 0 0 0 0 0 0 0 0 0 0 0 0 0 0 0 0 0 0 0 0 0 0 0 0 0 0 0 0 0 0 0 0 0 0 0 0 0 0 0 0 0 0 0 0 0 0 0 
0 0 0 0 0 0 0 0 0 0 0 0 0 0 0 0 0 0 0 0 0 0 0 0 0 0 0 0 0 0 0 0 0 0 0 0 0 0 0 0 0 0 0 0 0 0 0 0 0 0 0 0 0 0 0 0 0 0 0 0 0 0 0 0 0 0 0 0 0 0 0 0 0 0 0 0 0 0 0 0 0 0 0 0 0 0 0 0 0 0 0 0 0 0 0 0 0 0 0 0 0 0 0 0 0 0 0 0 0 0 0 0 0 0 0 0 0 0 0 0 0 0 0 0 0 0 0 0 0 0 0 0 0 0 0 0 0 0 0 0 0 0 0 0 0 0 0 0 0 0 0 0 0 0 0 0 0 0 0 0 0 0 0 0 0 0 0 0 0 0 0 0 0 0 0 0 
0 0 0 0 0 0 0 0 0 0 0 0 0 0 0 0 0 0 0 0 0 0 0 0 0 0 0 0 0 0 0 0 0 0 0 0 0 0 0 0 0 0 0 0 0 0 0 0 0 0 0 0 0 0 0 0 0 0 0 0 0 0 0 0 0 0 0 0 0 0 0 0 0 0 0 0 0 0 0 0 0 0 0 0 0 0 0 0 0 0 0 0 0 0 0 0 0 0 0 0 0 0 0 0 0 0 0 0 0 0 0 0 0 0 0 0 0 0 0 0 0 0 0 0 0 0 0 0 0 0 0 0 0 0 0 0 0 0 0 0 0 0 0 0 0 0 0 0 0 0 0 0 0 0 0 0 0 0 0 0 0 0 0 0 0 0 0 0 0 0 0 0 0 0 0 0 
0 0 0 0 0 0 0 0 0 0 0 0 0 0 0 0 0 0 0 0 0 0 0 0 0 0 0 0 0 0 0 0 0 0 0 0 0 0 0 0 0 0 0 0 0 0 0 0 0 0 0 0 0 0 0 0 0 0 0 0 0 0 0 0 0 0 0 0 0 0 0 0 0 0 0 0 0 0 0 0 0 0 0 0 0 0 0 0 0 0 0 0 0 0 0 0 0 0 0 0 0 0 0 0 0 0 0 0 0 0 0 0 0 0 0 0 0 0 0 0 0 0 0 0 0 0 0 0 0 0 0 0 0 0 0 0 0 0 0 0 0 0 0 0 0 0 0 0 0 0 0 0 0 0 0 0 0 0 0 0 0 0 0 0 0 0 0 0 0 0 0 0 0 0 0 0 
0 0 0 0 0 0 0 0 0 0 0 0 0 0 0 0 0 0 0 0 0 0 0 0 0 0 0 0 0 0 0 0 0 0 0 0 0 0 0 0 0 0 0 0 0 0 0 0 0 0 0 0 0 0 0 0 0 0 0 0 0 0 0 0 0 0 0 0 0 0 0 0 0 0 0 0 0 0 0 0 0 0 0 0 0 0 0 0 0 0 0 0 0 0 0 0 0 0 0 0 0 0 0 0 0 0 0 0 0 0 0 0 0 0 0 0 0 0 0 0 0 0 0 0 0 0 0 0 0 0 0 0 0 0 0 0 0 0 0 0 0 0 0 0 0 0 0 0 0 0 0 0 0 0 0 0 0 0 0 0 0 0 0 0 0 0 0 0 0 0 0 0 0 0 0 0 
0 0 0 0 0 0 0 0 0 0 0 0 0 0 0 0 0 0 0 0 0 0 0 0 0 0 0 0 0 0 0 0 0 0 0 0 0 0 0 0 0 0 0 0 0 0 0 0 0 0 0 0 0 0 0 0 0 0 0 0 0 0 0 0 0 0 0 0 0 0 0 0 0 0 0 0 0 0 0 0 0 0 0 0 0 0 0 0 0 0 0 0 0 0 0 0 0 0 0 0 0 0 0 0 0 0 0 0 0 0 0 0 0 0 0 0 0 0 0 0 0 0 0 0 0 0 0 0 0 0 0 0 0 0 0 0 0 0 0 0 0 0 0 0 0 0 0 0 0 0 0 0 0 0 0 0 0 0 0 0 0 0 0 0 0 0 0 0 0 0 0 0 0 0 0 0 
0 0 0 0 0 0 0 0 0 0 0 0 0 0 0 0 0 0 0 0 0 0 0 0 0 0 0 0 0 0 0 0 0 0 0 0 0 0 0 0 0 0 0 0 0 0 0 0 0 0 0 0 0 0 0 0 0 0 0 0 0 0 0 0 0 0 0 0 0 0 0 0 0 0 0 0 0 0 0 0 0 0 0 0 0 0 0 0 0 0 0 0 0 0 0 0 0 0 0 0 0 0 0 0 0 0 0 0 0 0 0 0 0 0 0 0 0 0 0 0 0 0 0 0 0 0 0 0 0 0 0 0 0 0 0 0 0 0 0 0 0 0 0 0 0 0 0 0 0 0 0 0 0 0 0 0 0 0 0 0 0 0 0 0 0 0 0 0 0 0 0 0 0 0 0 0 
0 0 0 0 0 0 0 0 0 0 0 0 0 0 0 0 0 0 0 0 0 0 0 0 0 0 0 0 0 0 0 0 0 0 0 0 0 0 0 0 0 0 0 0 0 0 0 0 0 0 0 0 0 0 0 0 0 0 0 0 0 0 0 0 0 0 0 0 0 0 0 0 0 0 0 0 0 0 0 0 0 0 0 0 0 0 0 0 0 0 0 0 0 0 0 0 0 0 0 0 0 0 0 0 0 0 0 0 0 0 0 0 0 0 0 0 0 0 0 0 0 0 0 0 0 0 0 0 0 0 0 0 0 0 0 0 0 0 0 0 0 0 0 0 0 0 0 0 0 0 0 0 0 0 0 0 0 0 0 0 0 0 0 0 0 0 0 0 0 0 0 0 0 0 0 0 
