81 85 86 85 93 85 79 81 85 77 87 86 83 85 85 78 86 77 83 88 76 77 72 78 81 77 80 74 77 80 84 81 81 76 68 74 78 85 81 81 75 73 81 83 74 78 77 78 75 78 75 80 78 81 78 77 74 79 82 68 66 73 80 76 78 84 75 78 78 82 76 76 78 75 79 81 78 76 79 82 73 77 77 77 81 69 67 74 74 81 82 75 86 80 77 78 74 79 74 81 81 75 73 83 77 79 78 78 77 84 76 68 67 79 85 85 86 84 87 87 88 88 85 81 88 87 89 88 90 90 92 91 92 96 95 95 82 84 88 93 95 92 99 91 100 100 102 101 98 99 107 104 111 111 103 85 81 69 76 71 68 72 77 70 0 73 70 78 80 79 93 101 97 99 102 105 
93 80 82 87 94 82 85 89 76 83 76 84 86 76 84 81 83 71 79 75 75 80 73 87 87 79 80 84 83 78 81 76 78 75 70 74 74 77 80 81 79 77 83 73 77 75 73 78 74 77 78 75 77 76 75 77 71 74 75 79 65 62 71 76 72 76 74 75 84 73 80 74 80 76 79 78 75 82 77 77 79 75 81 79 81 76 66 68 78 78 77 75 75 74 75 77 79 79 77 80 77 78 83 76 76 79 80 79 80 83 80 70 74 80 85 83 80 84 88 84 87 86 86 87 95 85 88 87 89 90 94 90 93 93 91 92 84 90 95 99 98 95 97 97 96 96 98 96 100 107 106 104 111 107 93 79 73 76 75 74 76 75 79 0 0 0 69 81 76 76 88 91 89 101 99 95 
85 83 83 83 83 83 81 80 79 79 78 78 78 78 79 78 79 79 78 78 78 77 78 78 77 77 77 76 77 77 77 77 76 74 73 72 72 73 73 74 75 75 74 74 74 74 74 75 74 75 74 74 75 75 74 74 74 73 72 72 71 71 71 73 74 74 75 75 75 75 75 74 75 75 75 76 76 76 75 75 75 76 76 76 75 74 73 73 73 75 76 77 76 76 76 76 76 77 77 77 78 78 78 78 78 78 78 79 79 77 76 76 76 78 80 82 84 84 85 85 85 85 85 85 86 86 87 87 88 88 89 89 90 89 88 88 88 89 90 91 93 93 94 95 96 96 97 98 100 101 101 100 96 91 85 80 76 74 73 73 73 72 72 74 74 74 75 76 79 83 86 90 94 97 96 96 
82 81 81 81 81 81 80 79 78 78 77 76 76 76 76 76 77 77 77 77 77 77 77 77 77 76 76 75 76 75 76 75 75 74 73 71 71 70 71 71 72 72 73 73 73 73 73 73 73 73 72 72 73 73 73 73 72 72 71 70 69 69 70 71 72 73 74 74 74 75 75 74 75 76 76 77 78 77 77 78 78 78 79 80 79 78 78 77 78 79 80 80 80 80 81 81 81 82 82 82 83 83 83 83 83 83 83 84 84 83 82 82 82 83 85 86 88 88 88 88 89 88 88 89 89 89 89 89 90 90 90 90 90 89 88 89 89 90 91 92 92 93 93 94 95 96 96 98 99 100 99 96 92 85 80 76 74 72 73 73 73 72 73 75 75 73 74 75 77 81 84 88 92 95 96 97 
78 78 79 79 79 78 77 77 76 76 75 74 74 74 74 74 75 75 75 75 76 75 75 75 75 74 75 74 74 74 75 74 74 73 72 71 70 69 69 69 70 70 71 71 71 71 72 72 71 71 70 70 71 71 71 72 72 72 72 71 71 71 73 74 75 77 78 77 77 78 78 78 79 80 80 80 81 81 82 82 82 83 84 84 83 84 83 83 83 84 84 85 85 85 85 86 86 86 87 87 88 88 88 88 88 88 89 89 89 89 88 88 88 89 91 92 93 93 93 93 93 93 93 93 94 94 94 94 94 94 94 94 93 93 92 92 93 94 94 94 94 94 95 96 97 98 98 99 100 100 97 93 87 81 76 73 72 71 72 72 71 71 70 0 0 73 74 75 76 79 83 87 92 95 108 96 
79 75 78 78 77 77 76 76 75 75 74 74 73 73 74 73 74 74 73 73 74 73 74 74 74 73 74 73 73 73 73 72 72 72 71 70 69 68 67 67 67 67 68 69 70 71 71 71 71 71 71 72 73 74 74 75 75 75 75 76 76 76 77 79 79 80 81 81 81 82 82 82 83 84 84 84 85 85 86 86 86 87 87 88 88 88 88 88 89 89 89 89 89 89 90 90 90 91 91 92 92 92 92 93 93 93 93 94 94 94 94 94 95 95 96 96 97 97 97 98 98 97 98 98 99 99 98 99 98 98 98 98 97 97 96 97 97 98 98 98 98 98 99 99 101 102 102 103 104 103 99 93 87 79 75 72 71 70 70 70 69 69 0 0 0 70 72 73 75 78 82 86 91 95 99 97 
75 72 77 77 77 76 75 76 75 75 74 74 73 73 73 72 72 71 71 71 72 72 72 73 72 72 72 72 71 71 72 71 70 71 70 70 69 69 69 68 69 70 71 72 73 74 74 74 74 74 74 75 76 77 77 78 79 79 80 80 80 81 82 83 83 84 84 84 85 86 86 87 88 88 88 89 90 90 90 90 90 91 92 92 92 93 93 93 93 94 93 94 95 95 95 96 96 96 97 97 98 98 98 99 99 99 99 99 99 100 100 101 101 102 102 102 102 102 102 103 103 103 103 104 104 103 103 103 103 102 102 102 102 102 101 102 102 103 103 103 103 103 103 103 105 106 107 108 109 108 102 95 88 79 74 72 71 70 70 69 69 0 0 0 0 69 71 71 73 76 80 84 89 93 99 106 
76 80 76 76 75 74 74 74 73 73 73 72 72 72 71 70 70 69 69 69 70 70 70 70 70 70 70 70 70 70 71 71 71 72 72 72 72 73 72 72 73 73 74 75 76 77 77 77 78 78 78 79 79 80 81 82 83 83 83 84 84 85 85 87 87 88 88 89 89 90 92 92 93 93 93 93 94 94 95 95 95 95 96 97 97 98 97 97 98 98 98 98 99 99 99 100 100 100 101 101 102 102 102 102 103 103 103 104 104 104 105 105 106 106 106 106 106 106 107 108 108 108 109 109 109 109 109 109 108 108 108 107 107 107 107 107 108 108 108 107 108 108 108 109 110 110 111 113 114 113 106 99 91 81 74 72 70 69 68 67 67 0 0 0 0 68 69 70 72 74 79 83 88 92 93 103 
72 80 75 75 74 73 73 73 72 72 72 71 71 71 71 70 69 68 67 67 68 69 69 69 70 70 70 71 71 72 72 73 73 74 74 75 75 76 76 76 77 77 77 78 79 80 80 81 81 81 81 82 83 83 84 86 86 87 88 89 89 90 90 91 92 92 92 92 93 94 94 94 95 95 95 95 96 96 96 96 96 96 96 97 97 98 98 97 98 98 97 97 98 98 99 100 100 100 100 101 101 101 102 102 102 102 103 103 103 104 105 105 105 106 106 106 106 107 107 108 108 109 109 110 111 111 111 110 110 110 110 110 110 110 110 110 111 111 111 112 113 112 113 113 114 114 115 117 118 117 111 102 93 83 75 71 70 68 68 66 0 0 0 0 0 68 69 70 72 74 78 82 87 91 96 97 
70 73 74 75 74 72 73 72 71 71 71 70 71 71 71 70 69 69 68 67 69 70 70 71 72 71 71 72 73 73 74 75 76 76 77 78 77 78 79 79 79 80 81 82 83 83 84 84 85 85 85 86 87 87 88 89 89 90 90 91 91 92 91 92 92 91 91 92 93 93 94 94 95 94 94 95 95 95 95 95 95 95 96 96 97 97 97 97 97 97 96 97 97 98 98 98 99 99 99 100 100 100 101 101 101 101 102 102 102 102 103 104 104 104 104 104 104 105 105 106 107 108 108 109 109 109 109 110 110 109 110 110 110 110 110 110 111 111 111 112 113 113 114 114 114 115 116 118 121 121 115 106 96 85 76 72 70 67 66 0 0 0 0 0 0 65 67 69 71 73 77 81 86 89 94 91 
71 75 73 73 72 71 71 71 70 70 70 70 71 71 71 71 71 71 70 70 71 72 72 73 74 73 73 74 75 75 76 77 78 79 80 81 81 82 83 83 83 84 85 85 86 87 87 87 87 87 87 87 87 87 88 88 89 89 90 90 91 91 91 91 91 91 91 91 91 91 92 92 93 93 94 94 95 94 95 95 95 95 95 95 95 95 94 94 94 94 94 94 94 95 95 95 95 96 96 96 96 96 96 96 96 97 97 97 98 98 99 99 100 100 100 100 100 101 102 103 104 105 105 106 107 108 108 109 109 108 109 109 109 109 110 110 110 110 111 111 112 112 113 113 113 114 115 117 119 120 115 106 96 86 76 71 70 68 0 0 0 0 0 0 0 65 67 68 71 72 76 80 85 88 96 96 
68 72 71 72 71 71 71 70 70 70 70 71 72 72 72 72 72 73 72 72 73 75 74 75 75 75 75 76 77 78 79 80 81 82 82 83 84 84 84 84 84 84 85 85 86 87 87 87 87 86 86 86 86 86 86 87 87 87 87 88 88 88 87 87 86 86 85 86 86 86 88 89 91 92 93 93 94 94 95 95 95 94 92 91 91 89 90 91 91 91 93 93 93 94 94 94 94 95 95 95 95 94 94 95 95 95 96 96 97 97 97 98 98 99 99 99 99 97 96 95 94 95 97 100 104 106 108 108 108 108 108 108 109 109 109 109 109 110 110 111 111 112 111 111 111 112 113 115 117 118 114 105 96 87 77 70 69 0 0 0 0 0 0 0 0 65 67 69 70 72 75 79 83 88 92 90 
69 68 71 72 72 72 72 72 71 71 71 72 73 74 74 74 75 75 74 75 75 77 77 77 78 78 78 79 80 81 81 82 82 83 83 84 84 84 84 84 83 83 83 84 84 84 84 83 83 82 81 81 82 82 82 81 80 81 80 82 83 85 84 85 85 84 84 84 85 84 85 87 89 90 92 93 93 94 94 95 95 92 89 88 87 85 87 89 89 89 92 92 92 92 92 92 93 93 93 94 93 93 93 93 93 93 94 94 94 95 96 96 97 97 96 97 97 95 92 91 90 90 93 97 101 104 106 107 107 107 108 108 108 109 109 109 109 109 109 109 109 109 109 109 109 110 111 113 115 117 113 106 98 90 78 70 67 0 0 0 0 0 0 0 0 64 68 69 70 71 74 78 82 87 89 99 
70 72 72 73 74 73 73 72 72 72 73 74 75 76 76 76 76 77 76 77 77 78 79 79 79 79 79 79 80 80 81 81 82 82 82 82 82 81 81 80 80 80 80 79 79 79 80 80 80 81 80 80 81 81 81 80 78 79 78 79 81 83 82 83 83 82 82 82 83 80 82 85 87 89 92 93 93 94 94 95 94 90 87 85 83 79 83 86 86 86 90 90 90 90 90 90 90 91 91 91 91 89 89 89 90 90 90 91 91 92 92 93 94 94 93 93 94 90 88 86 85 84 89 94 98 101 105 107 107 107 108 108 108 108 109 109 109 109 109 108 107 107 108 107 108 109 110 111 113 114 111 104 98 91 80 68 0 0 0 0 0 0 0 0 0 0 68 68 69 71 73 76 81 86 90 97 
67 69 73 73 74 74 74 74 74 74 74 75 76 76 77 78 78 78 77 78 78 79 78 78 78 79 78 79 80 80 80 80 80 79 80 80 80 80 80 80 79 78 78 78 77 78 78 78 79 80 78 79 79 79 79 78 75 76 74 76 77 80 78 80 79 78 77 77 78 74 78 81 84 86 91 92 93 93 94 94 94 88 84 81 77 69 74 78 78 77 83 83 84 84 83 84 84 83 83 83 82 80 80 80 80 80 82 82 83 84 84 85 85 86 86 86 87 81 77 75 74 76 84 91 97 100 105 106 107 107 107 107 107 108 108 108 108 108 108 107 107 106 107 106 107 108 109 109 111 112 110 102 98 92 81 65 0 0 0 0 0 0 0 0 0 0 68 68 68 70 72 76 80 85 90 91 
79 76 74 74 75 75 75 75 75 75 75 76 77 77 77 78 77 77 77 77 77 78 78 78 78 78 78 79 79 80 80 80 79 78 78 77 77 78 79 78 78 77 76 75 74 74 75 75 76 76 75 76 75 75 74 73 70 70 66 67 68 71 69 71 69 67 66 66 69 66 73 79 83 85 91 92 93 93 93 93 93 86 82 79 72 56 0 0 0 0 0 0 0 0 0 0 0 0 0 0 0 0 0 0 0 0 0 0 0 0 0 0 0 0 0 0 0 0 0 0 52 66 79 89 95 98 104 106 107 107 107 107 107 107 107 107 108 108 107 107 106 106 106 106 107 107 107 107 109 110 109 102 100 95 85 65 0 0 0 0 0 0 0 0 0 0 68 67 68 69 72 75 79 84 85 94 
73 81 75 75 76 76 76 75 75 75 75 75 76 76 76 77 76 76 77 77 77 78 78 78 78 78 78 78 79 79 79 79 77 76 75 74 73 75 76 76 75 74 73 71 68 68 68 67 68 68 65 65 65 65 65 63 58 57 51 0 0 0 0 0 0 0 0 0 0 63 74 80 83 85 91 92 93 93 93 93 92 85 83 79 73 59 0 0 0 0 0 0 0 0 0 0 0 0 0 0 0 0 0 0 0 0 0 0 0 0 0 0 0 0 0 0 0 0 0 0 0 75 86 92 95 97 103 105 106 106 107 107 107 107 107 107 107 107 106 105 105 105 105 105 106 107 107 106 107 108 108 101 100 96 87 66 0 0 0 0 0 0 0 0 0 0 0 67 68 69 72 75 78 83 86 94 
76 69 75 75 75 75 75 74 74 74 74 75 75 75 75 75 74 74 74 74 75 76 77 77 77 78 78 78 79 79 79 79 76 74 73 70 67 68 69 68 68 67 66 63 60 58 0 0 0 0 0 0 0 0 0 0 0 0 0 0 0 0 0 0 0 0 0 0 0 67 75 80 83 85 91 92 92 92 92 92 92 85 83 79 73 58 0 0 0 0 0 0 0 0 0 0 0 0 0 0 0 0 0 0 0 0 0 0 0 0 0 0 0 0 0 0 0 0 0 0 0 75 85 91 95 97 103 105 106 106 107 107 106 107 106 106 106 106 106 105 105 105 106 106 106 106 106 106 107 107 107 100 98 95 87 67 0 0 0 0 0 0 0 0 0 0 0 66 67 69 72 75 78 83 83 92 
77 75 75 74 74 75 74 74 74 73 73 73 74 74 74 74 73 72 72 73 74 75 76 76 77 78 78 78 79 79 79 79 75 73 71 65 56 0 0 0 0 0 0 0 0 0 0 0 0 0 0 0 0 0 0 0 0 0 0 0 0 0 0 0 0 0 0 0 0 66 75 80 83 85 90 92 92 92 92 92 91 85 83 79 72 58 0 0 0 0 0 0 0 0 0 0 0 0 0 0 0 0 0 0 0 0 0 0 0 0 0 0 0 0 0 0 0 0 0 0 0 75 85 91 95 97 103 105 106 106 106 106 106 106 106 106 106 106 105 105 105 105 105 105 106 105 105 105 105 106 107 101 100 97 90 70 0 0 0 0 0 0 0 0 0 0 0 67 69 70 72 75 78 83 85 87 
75 79 74 74 74 74 74 73 73 73 73 73 73 74 74 73 71 70 70 70 72 73 75 76 77 77 77 77 78 78 79 78 74 73 71 65 0 0 0 0 0 0 0 0 0 0 0 0 0 0 0 0 0 0 0 0 0 0 0 0 0 0 0 49 49 49 0 0 0 69 77 82 85 86 91 92 91 92 92 92 91 84 82 78 72 58 0 0 0 0 0 0 0 0 0 0 0 0 0 0 0 0 0 0 0 0 0 0 0 0 0 0 0 0 0 0 0 0 0 0 0 73 84 90 93 96 102 104 105 106 106 106 106 106 106 106 106 105 105 105 105 105 105 105 105 105 104 104 105 106 107 101 100 98 92 73 0 0 0 0 0 0 0 0 0 0 0 0 68 69 72 74 77 82 88 90 
80 71 74 74 74 74 74 72 72 72 72 72 73 73 73 71 69 68 66 67 70 72 73 75 76 76 76 77 77 77 78 77 74 73 71 65 0 0 0 0 0 0 0 0 0 0 0 0 0 0 0 0 0 0 0 0 0 0 0 0 0 0 53 50 50 50 48 46 0 67 79 83 85 86 91 92 92 92 92 92 91 84 82 78 71 57 0 0 0 0 0 0 0 0 0 0 0 0 0 0 0 0 0 0 0 0 0 0 0 0 0 0 0 0 0 0 0 0 0 0 0 69 81 89 92 95 102 104 104 105 105 105 105 106 105 105 105 105 105 105 104 105 105 105 105 105 104 104 105 105 107 102 101 99 94 76 0 0 0 0 0 0 0 0 0 0 0 0 68 68 71 73 76 81 83 96 
72 71 73 73 73 72 73 71 71 71 72 71 71 72 72 70 68 66 63 64 67 71 72 75 76 76 76 77 77 77 78 77 75 74 72 66 0 0 0 0 0 0 0 0 0 0 0 0 0 0 0 0 0 0 0 0 0 0 0 0 0 50 50 49 48 48 47 45 0 67 79 83 85 86 90 91 91 91 92 92 91 84 82 78 71 56 0 0 0 0 0 0 0 0 0 0 0 0 0 0 0 0 0 0 0 0 0 0 0 0 0 0 0 0 0 0 0 0 0 0 0 65 79 87 91 94 101 104 104 104 105 105 105 105 105 105 105 105 104 105 105 105 105 105 105 104 104 104 104 105 107 102 101 100 95 78 0 0 0 0 0 0 0 0 0 0 0 0 67 68 71 73 76 80 82 91 
72 74 73 73 72 72 72 71 71 71 72 71 71 71 71 69 67 66 63 64 68 72 73 76 77 77 77 77 77 77 77 76 74 73 71 65 0 0 0 0 0 0 0 0 0 0 0 0 0 0 0 0 0 0 0 0 0 0 0 0 0 50 50 49 48 48 47 45 0 64 78 82 84 86 90 91 91 91 92 92 90 83 81 77 71 56 0 0 0 0 0 0 0 0 0 0 0 0 0 0 0 0 0 0 0 0 0 0 0 0 0 0 0 0 0 0 0 0 0 0 0 61 76 85 90 92 101 104 104 104 105 105 105 105 105 105 105 105 105 105 105 104 104 104 104 103 103 103 103 104 107 103 100 99 94 78 0 0 0 0 0 0 0 0 0 0 0 0 67 68 71 72 75 79 85 87 
69 73 71 72 72 71 71 71 71 71 71 71 71 71 71 69 67 67 65 66 69 72 73 76 76 76 76 76 76 76 77 75 74 73 71 66 0 0 0 0 0 0 0 0 0 0 0 0 0 0 0 0 0 0 0 0 0 0 0 0 0 50 50 49 48 49 47 45 0 63 77 82 84 86 91 91 92 91 92 92 91 83 81 78 71 56 0 0 0 0 0 0 0 0 0 0 0 0 0 0 0 0 0 0 0 0 0 0 0 0 0 0 0 0 0 0 0 0 0 0 0 56 73 83 88 91 100 103 103 104 104 105 105 105 105 105 105 105 104 105 104 104 104 104 104 104 104 103 103 104 106 102 98 97 92 78 0 0 0 0 0 0 0 0 0 0 0 0 66 67 69 71 74 78 81 93 
69 78 70 71 71 71 71 71 71 70 70 71 71 70 70 69 67 67 66 68 70 72 74 75 76 76 76 76 77 77 77 75 74 73 71 65 0 0 0 0 0 0 0 0 0 0 0 0 0 0 0 0 0 0 0 0 0 0 0 0 0 50 50 49 48 48 47 45 0 62 76 81 84 85 90 91 91 91 92 92 90 83 81 78 71 57 0 0 0 0 0 0 0 0 0 0 0 0 0 0 0 0 0 0 0 0 0 0 0 0 0 0 0 0 0 0 0 0 0 0 0 53 73 83 88 91 100 103 104 104 104 105 104 105 104 104 105 105 105 105 104 104 103 103 103 103 103 102 103 104 106 104 98 96 92 79 0 0 0 0 0 0 0 0 0 0 0 0 66 67 69 71 73 78 84 89 
68 66 70 70 70 70 70 70 70 70 70 70 70 70 70 70 69 68 68 70 71 73 75 76 76 76 76 76 76 77 77 74 74 73 70 64 0 0 0 0 0 0 0 0 0 0 0 0 0 0 0 0 0 0 0 0 0 0 0 0 0 0 0 46 46 45 0 0 0 63 75 80 83 85 90 91 91 91 91 91 90 83 81 78 71 57 0 0 0 0 0 0 0 0 0 0 0 0 0 0 0 0 0 0 0 0 0 0 0 0 0 0 0 0 0 0 0 0 0 0 0 49 70 82 88 91 100 103 104 104 104 104 104 104 104 104 105 105 105 105 104 104 104 103 103 102 102 102 102 103 105 104 97 95 91 80 61 0 0 0 0 0 0 0 0 0 0 0 65 67 68 70 73 77 85 89 
69 70 70 70 71 70 70 70 70 70 69 70 70 70 70 70 70 70 70 71 72 74 74 75 75 76 76 77 77 78 77 75 74 73 70 64 0 0 0 0 0 0 0 0 0 0 0 0 0 0 0 0 0 0 0 0 0 0 0 0 0 0 0 0 0 0 0 0 0 63 75 80 83 85 90 91 91 91 91 91 90 83 81 78 72 58 0 0 0 0 0 0 0 0 0 0 0 0 0 0 0 0 0 0 0 0 0 0 0 0 0 0 0 0 0 0 0 0 0 0 0 0 71 83 89 92 99 103 104 104 104 104 104 104 104 104 104 105 104 104 104 104 103 103 103 102 102 102 102 103 105 104 96 95 90 81 63 0 0 0 0 0 0 0 0 0 0 0 65 67 68 70 72 77 75 84 
73 72 69 69 70 70 70 69 70 69 69 70 71 70 70 70 70 71 71 72 73 74 74 75 75 75 75 76 76 77 77 74 74 72 70 65 0 0 0 0 0 0 0 0 0 0 0 0 0 0 0 0 0 0 0 0 0 0 0 0 0 0 0 0 0 0 0 0 0 63 76 81 83 85 91 91 91 91 91 91 90 83 81 78 71 56 0 0 0 0 0 0 0 0 0 0 0 0 0 0 0 0 0 0 0 0 0 0 0 0 0 0 0 0 0 0 0 0 0 0 0 0 74 86 91 93 99 103 103 103 104 104 104 104 104 103 104 104 104 104 104 104 104 103 103 102 101 102 102 103 105 105 97 96 92 84 67 0 0 0 0 0 0 0 0 0 0 0 64 66 67 69 72 76 82 84 
69 65 69 69 69 69 69 69 69 69 70 70 71 71 71 70 71 71 71 72 73 73 74 74 75 75 75 76 76 77 77 74 74 73 70 65 0 0 0 0 0 0 0 0 0 0 0 0 0 0 0 0 0 0 0 0 0 0 0 0 0 0 0 0 0 0 0 0 0 64 77 81 84 85 91 91 92 92 92 92 91 84 82 78 71 57 0 0 0 0 0 0 0 0 0 0 0 0 0 0 0 0 0 0 0 0 0 0 0 0 0 0 0 0 0 0 0 0 0 0 0 0 77 88 93 95 99 103 103 104 104 104 104 104 103 103 104 104 104 104 105 105 104 103 103 102 101 101 102 103 105 106 99 98 95 88 71 0 0 0 0 0 0 0 0 0 0 0 63 66 67 69 72 76 81 85 
70 65 69 70 70 69 69 69 69 69 70 70 71 71 71 71 71 71 72 72 73 73 73 74 75 75 75 76 76 76 76 74 73 72 70 65 0 0 0 0 0 0 0 0 0 0 0 0 0 0 0 0 0 0 0 0 0 0 0 0 0 0 0 0 0 0 0 0 0 65 77 81 83 85 90 91 92 92 92 92 90 83 82 78 71 57 0 0 0 0 0 0 0 0 0 0 0 0 0 0 0 0 0 0 0 0 0 0 0 0 0 0 0 0 0 0 0 0 0 0 0 0 76 88 93 95 99 103 103 103 103 103 103 104 103 103 104 104 104 104 105 104 104 103 103 102 101 102 102 103 105 106 100 99 97 90 72 0 0 0 0 0 0 0 0 0 0 0 63 66 66 69 72 76 82 84 
68 74 69 69 69 69 69 69 69 69 70 70 71 71 71 71 71 72 72 72 72 73 73 73 74 75 75 76 76 77 77 74 73 71 69 62 0 0 0 0 0 0 0 0 0 0 0 0 0 0 0 0 0 0 0 0 0 0 0 0 0 0 0 0 0 0 0 0 0 66 77 82 84 85 91 92 92 92 92 92 90 83 81 78 71 56 0 0 0 0 0 0 0 0 0 0 0 0 0 0 0 0 0 0 0 0 0 0 0 0 0 0 0 0 0 0 0 0 0 0 0 0 80 91 95 97 98 103 103 103 104 104 104 104 104 103 104 104 103 104 104 104 103 102 102 102 101 101 102 103 105 106 100 100 98 91 73 0 0 0 0 0 0 0 0 0 0 0 0 67 67 69 72 75 85 86 
67 75 69 68 68 68 68 68 68 69 70 70 71 72 72 71 71 71 71 71 72 72 73 74 75 75 75 75 76 76 76 73 72 70 67 60 0 0 0 0 0 0 0 0 0 0 0 0 0 0 0 0 0 0 0 0 0 0 0 0 0 0 0 0 0 0 0 0 0 67 77 82 84 85 91 92 92 92 92 92 90 83 81 78 71 56 0 0 0 0 0 0 0 0 0 0 0 0 0 0 0 0 0 0 0 0 0 0 0 0 0 0 0 0 0 0 0 0 0 0 0 0 80 90 94 97 98 103 103 104 104 104 104 104 104 104 104 104 104 104 104 104 103 103 102 102 101 101 102 103 104 107 101 101 99 94 75 0 0 0 0 0 0 0 0 0 0 0 0 66 67 69 72 75 81 79 
70 66 68 68 68 68 68 68 68 68 69 70 71 71 71 71 71 71 71 72 72 72 73 74 74 75 74 75 75 75 76 72 71 69 66 56 0 0 0 0 0 0 0 0 0 0 0 0 0 0 0 0 0 0 0 0 0 0 0 0 0 0 0 0 0 0 0 0 0 68 77 82 84 86 90 91 92 92 92 92 91 84 82 78 72 57 0 0 0 0 0 0 0 0 0 0 0 0 0 0 0 0 0 0 0 0 0 0 0 0 0 0 0 0 0 0 0 0 0 0 0 0 79 90 94 96 98 103 103 104 104 104 104 105 104 104 104 104 104 104 103 103 102 102 102 102 102 102 102 103 105 107 102 101 100 95 76 0 0 0 0 0 0 0 0 0 0 0 0 66 67 69 72 75 77 86 
76 66 68 68 68 68 68 68 67 68 68 69 70 70 70 70 71 71 71 72 72 73 73 74 75 74 75 75 75 76 76 72 71 69 65 54 0 0 0 0 0 0 0 0 0 0 0 0 0 0 0 0 0 0 0 0 0 0 0 0 0 0 0 0 0 0 0 0 0 64 77 82 84 86 90 91 91 91 91 92 91 83 81 78 71 56 0 0 0 0 0 0 0 0 0 0 0 0 0 0 0 0 0 0 0 0 0 0 0 0 0 0 0 0 0 0 0 0 0 0 0 0 77 89 93 96 97 103 104 104 104 104 104 104 104 104 104 103 103 103 103 102 102 102 102 102 102 102 102 103 104 107 102 101 100 96 76 0 0 0 0 0 0 0 0 0 0 0 62 65 66 68 70 74 76 86 
69 69 67 67 67 68 68 68 67 67 68 68 68 69 69 70 70 70 70 71 72 72 73 74 75 75 75 75 76 76 76 72 71 69 65 53 0 0 0 0 0 0 0 0 0 0 0 0 0 0 0 0 0 0 0 0 0 0 0 0 0 0 0 0 0 0 0 0 0 65 79 83 85 86 91 91 92 92 92 92 91 83 81 78 70 54 0 0 0 0 0 0 0 0 0 0 0 0 0 0 0 0 0 0 0 0 0 0 0 0 0 0 0 0 0 0 0 0 0 0 0 0 69 83 90 93 97 103 104 104 104 105 105 104 104 104 103 103 103 103 103 102 102 102 101 102 102 102 103 104 105 107 102 102 101 98 81 0 0 0 0 0 0 0 0 0 0 0 62 64 66 68 70 74 81 89 
71 67 67 67 67 68 67 67 66 67 67 68 68 69 69 69 70 70 70 71 72 72 73 74 75 75 75 76 76 75 75 73 72 70 66 0 0 0 0 0 0 0 0 0 0 0 0 0 0 0 0 0 0 0 0 0 0 0 0 0 0 0 0 0 0 0 0 0 0 67 80 83 86 87 91 91 91 91 91 92 91 83 81 78 70 53 0 0 0 0 0 0 0 0 0 0 0 0 0 0 0 0 0 0 0 0 0 0 0 0 0 0 0 0 0 0 0 0 0 0 0 0 69 83 89 92 96 103 104 104 104 105 105 104 104 104 103 103 103 103 102 102 102 102 101 101 102 103 103 104 105 107 103 103 102 100 85 0 0 0 0 0 0 0 0 0 0 0 62 64 66 67 69 73 73 76 
69 67 67 68 67 68 67 67 66 67 67 67 67 68 68 69 69 70 71 72 72 72 73 74 75 75 75 76 76 76 75 73 73 71 66 0 0 0 0 0 0 0 0 0 0 0 0 0 0 0 0 0 0 0 0 0 0 0 0 0 0 0 0 0 0 0 0 0 0 68 81 84 86 87 90 91 91 91 91 92 91 83 81 77 69 52 0 0 0 0 0 0 0 0 0 0 0 0 0 0 0 0 0 0 0 0 0 0 0 0 0 0 0 0 0 0 0 0 0 0 0 0 63 78 85 89 96 103 104 104 104 105 104 104 104 103 103 103 103 103 102 102 101 102 101 102 102 103 103 104 104 106 103 100 99 96 82 0 0 0 0 0 0 0 0 0 0 0 60 63 64 66 68 72 77 82 
65 65 67 67 67 67 67 67 66 67 67 67 67 68 68 69 69 70 71 72 72 72 73 74 75 75 75 76 76 76 75 74 74 72 68 0 0 0 0 0 0 0 0 0 0 0 0 0 0 0 0 0 0 0 0 0 0 0 0 0 0 0 0 0 0 0 0 0 0 69 81 85 86 87 91 91 91 91 91 91 90 82 78 74 66 49 0 0 0 0 0 0 0 0 0 0 0 0 0 0 0 0 0 0 0 0 0 0 0 0 0 0 0 0 0 0 0 0 0 0 0 0 61 77 84 89 96 103 104 104 104 104 104 103 103 103 103 103 103 103 103 102 102 102 102 102 102 103 103 104 104 106 103 99 97 94 80 0 0 0 0 0 0 0 0 0 0 0 59 62 63 65 67 72 75 81 
65 65 67 68 67 67 67 67 66 67 67 67 67 68 67 68 69 70 71 72 72 73 74 74 75 75 75 76 76 76 75 75 75 73 70 0 0 0 0 0 0 0 0 0 0 0 0 0 0 0 0 0 0 0 0 0 0 0 0 0 0 0 0 0 0 0 0 0 0 75 82 85 87 88 91 92 91 91 92 92 91 83 78 74 66 48 0 0 0 0 0 0 0 0 0 0 0 0 0 0 0 0 0 0 0 0 0 0 0 0 0 0 0 0 0 0 0 0 0 0 0 0 61 77 84 89 95 103 104 104 103 104 104 104 103 103 103 103 103 103 103 102 102 102 101 101 102 102 102 103 104 106 103 98 96 92 80 0 0 0 0 0 0 0 0 0 0 0 60 62 63 65 67 72 79 81 
63 68 67 67 67 66 67 66 66 67 67 67 68 68 68 69 69 70 71 72 73 74 74 74 75 75 75 75 76 77 75 75 75 73 68 0 0 0 0 0 0 0 0 0 0 0 0 0 0 0 0 0 0 0 0 0 0 0 0 0 0 0 0 0 0 0 0 0 0 75 82 85 87 88 91 92 91 91 91 91 90 83 78 74 66 48 0 0 0 0 0 0 0 0 0 0 0 0 0 0 0 0 0 0 0 0 0 0 0 0 0 0 0 0 0 0 0 0 0 0 0 0 61 77 84 89 96 102 103 104 103 104 104 104 104 103 103 102 102 102 102 102 102 102 102 102 102 102 102 102 103 105 103 96 94 90 78 59 0 0 0 0 0 0 0 0 0 0 0 63 64 66 68 72 77 88 
70 74 66 66 66 65 66 66 66 67 67 67 68 68 68 69 69 70 71 72 73 74 74 74 75 75 75 75 76 77 75 74 74 72 66 0 0 0 0 0 0 0 0 0 0 0 0 0 0 0 0 0 0 0 0 0 0 0 0 0 0 0 0 0 0 0 0 0 0 76 82 85 87 88 91 92 92 92 92 92 91 83 78 74 66 48 0 0 0 0 0 0 0 0 0 0 0 0 0 0 0 0 0 0 0 0 0 0 0 0 0 0 0 0 0 0 0 0 0 0 0 0 60 76 84 88 95 102 103 103 103 104 104 104 104 104 103 103 102 102 102 102 102 102 102 102 102 102 102 102 103 105 104 96 94 90 80 62 0 0 0 0 0 0 0 0 0 0 60 63 64 66 68 72 77 81 
67 62 66 66 65 65 66 66 66 67 67 68 68 69 69 69 70 71 71 72 72 73 73 74 74 74 75 75 76 77 75 74 74 72 66 0 0 0 0 0 0 0 0 0 0 0 0 0 0 0 0 0 0 0 0 0 0 0 0 0 0 0 0 0 0 0 0 0 0 70 79 82 85 88 91 92 92 92 92 92 91 83 77 72 64 47 0 0 0 0 0 0 0 0 0 0 0 0 0 0 0 0 0 0 0 0 0 0 0 0 0 0 0 0 0 0 0 0 0 0 0 0 63 79 87 91 95 102 104 103 103 104 104 104 104 104 104 103 103 102 103 102 102 102 102 102 102 102 102 102 103 106 105 97 95 92 82 64 0 0 0 0 0 0 0 0 0 0 60 63 65 66 68 72 74 84 
68 65 66 66 65 65 65 66 66 66 67 68 68 69 69 69 70 71 71 72 72 73 73 74 74 74 75 76 76 77 75 74 73 71 65 0 0 0 0 0 0 0 0 0 0 0 0 0 0 0 0 0 0 0 0 0 0 0 0 0 0 0 0 0 0 0 0 0 0 70 79 83 85 88 91 92 92 92 92 92 91 83 77 73 65 48 0 0 0 0 0 0 0 0 0 0 0 0 0 0 0 0 0 0 0 0 0 0 0 0 0 0 0 0 0 0 0 0 0 0 0 0 63 79 87 91 95 102 104 104 104 104 104 104 105 104 104 104 103 103 103 102 102 102 102 102 101 101 101 102 103 105 105 97 96 93 84 66 0 0 0 0 0 0 0 0 0 0 0 63 66 68 69 72 73 83 
68 66 65 65 65 65 65 65 66 66 67 68 69 69 70 70 70 71 71 72 72 72 73 73 74 75 75 76 76 77 74 74 73 71 63 0 0 0 0 0 0 0 0 0 0 0 0 0 0 0 0 0 0 0 0 0 0 0 0 0 0 0 0 0 0 0 0 0 0 70 79 83 85 89 91 92 92 93 92 92 91 83 75 71 63 47 0 0 0 0 0 0 0 0 0 0 0 0 0 0 0 0 0 0 0 0 0 0 0 0 0 0 0 0 0 0 0 0 0 0 0 0 62 78 86 90 95 102 104 104 104 104 105 104 105 104 104 104 103 103 102 102 102 102 102 102 101 101 101 102 103 105 105 99 97 94 86 69 0 0 0 0 0 0 0 0 0 0 0 62 66 67 69 72 74 80 
68 64 65 65 65 65 66 65 66 66 67 68 70 70 70 70 70 71 71 72 72 72 72 73 74 74 75 75 76 76 74 73 72 69 61 0 0 0 0 0 0 0 0 0 0 0 0 0 0 0 0 0 0 0 0 0 0 0 0 0 0 0 0 0 0 0 0 0 0 71 80 83 85 89 91 92 92 93 92 93 92 84 74 69 61 47 39 0 0 0 0 0 0 0 0 0 0 0 0 0 0 0 0 0 0 0 0 0 0 0 0 0 0 0 0 0 0 0 0 0 0 0 65 80 89 93 95 103 105 104 104 104 104 105 105 105 104 104 103 103 103 103 102 103 102 102 101 101 101 102 103 105 106 99 99 96 89 72 0 0 0 0 0 0 0 0 0 0 0 61 65 66 68 72 71 83 
68 64 66 65 65 66 66 65 66 66 67 68 70 70 70 70 71 71 71 72 72 72 73 73 74 75 75 75 76 76 74 73 73 70 63 0 0 0 0 0 0 0 0 0 0 0 0 0 0 0 0 0 0 0 0 0 0 0 0 0 0 0 0 0 0 0 0 0 0 67 76 81 83 89 91 92 92 93 92 93 92 84 73 68 61 47 40 0 0 0 0 0 0 0 0 0 0 0 0 0 0 0 0 0 0 0 0 0 0 0 0 0 0 0 0 0 0 0 0 0 0 0 60 77 86 90 95 103 105 105 105 104 104 105 105 105 104 104 103 103 102 102 102 102 101 101 101 101 101 101 102 104 105 99 99 96 89 72 0 0 0 0 0 0 0 0 0 0 0 60 65 66 68 72 76 83 
71 67 65 65 65 65 66 65 65 66 67 68 70 70 70 70 70 71 71 72 72 73 73 73 74 74 75 75 76 76 74 74 73 71 64 0 0 0 0 0 0 0 0 0 0 0 0 0 0 0 0 0 0 0 0 0 0 0 0 0 0 0 0 0 0 0 0 0 0 72 80 83 86 89 92 92 92 93 93 93 92 84 74 69 61 47 40 0 0 0 0 0 0 0 0 0 0 0 0 0 0 0 0 0 0 0 0 0 0 0 0 0 0 0 0 0 0 0 0 0 0 0 57 74 83 88 96 104 105 105 105 105 105 105 105 104 104 104 103 103 102 102 102 102 101 101 101 101 101 101 103 104 106 100 99 97 91 73 0 0 0 0 0 0 0 0 0 0 0 0 65 66 68 72 72 87 
71 66 65 65 65 65 65 65 65 66 67 68 70 70 70 70 70 71 71 72 72 72 73 74 74 74 75 75 76 76 74 74 73 70 65 0 0 0 0 0 0 0 0 0 0 0 0 0 0 0 0 0 0 0 0 0 0 0 0 0 0 0 0 0 0 0 0 0 0 68 76 81 84 89 91 92 92 93 93 93 92 85 74 69 62 48 41 0 0 0 0 0 0 0 0 0 0 0 0 0 0 0 0 0 0 0 0 0 0 0 0 0 0 0 0 0 0 0 0 0 0 0 55 72 81 87 96 104 106 106 106 106 106 106 105 105 104 104 103 103 102 102 102 102 101 101 101 101 101 102 103 105 107 100 100 98 92 73 0 0 0 0 0 0 0 0 0 0 0 0 0 63 66 70 64 79 
64 65 65 65 65 65 65 65 66 66 67 68 69 70 70 70 71 71 71 72 72 72 73 74 75 75 75 75 76 76 74 74 74 71 66 0 0 0 0 0 0 0 0 0 0 0 0 0 0 0 0 0 0 0 0 0 0 0 0 0 0 0 0 0 0 0 0 0 0 69 77 81 84 89 91 92 92 93 93 93 93 85 75 70 62 49 42 0 0 0 0 0 0 0 0 0 0 0 0 0 0 0 0 0 0 0 0 0 0 0 0 0 0 0 0 0 0 0 0 0 0 42 53 70 79 85 96 105 106 106 106 106 106 106 106 106 105 105 104 104 103 103 102 102 101 101 101 102 102 102 103 104 106 99 99 97 91 70 0 0 0 0 0 0 0 0 0 0 0 0 0 0 65 71 66 69 
64 65 65 66 66 66 65 65 66 66 66 67 68 69 69 70 71 71 71 72 72 72 73 74 74 74 75 75 75 76 74 75 74 72 69 0 0 0 0 0 0 0 0 0 0 0 0 0 0 0 0 0 0 0 0 0 0 0 0 0 0 0 0 0 0 0 0 0 0 65 74 79 82 89 91 92 93 93 94 94 93 86 75 70 63 50 42 0 0 0 0 0 0 0 0 0 0 0 0 0 0 0 0 0 0 0 0 0 0 0 0 0 0 0 0 0 0 0 0 0 0 42 53 70 79 85 96 105 106 106 107 107 107 107 107 106 106 105 104 104 103 103 102 102 101 101 101 101 102 102 103 104 106 100 99 97 92 72 0 0 0 0 0 0 0 0 0 0 0 0 0 0 62 68 59 72 
62 67 65 65 66 65 66 66 66 66 67 67 68 68 69 70 71 71 71 72 72 72 73 73 74 74 75 75 75 76 74 74 73 71 66 0 0 0 0 0 0 0 0 0 0 0 0 0 0 0 0 0 0 0 0 0 0 0 0 0 0 0 0 0 0 0 0 0 0 66 75 79 83 89 91 92 93 93 94 94 93 86 75 71 63 50 42 0 0 0 0 0 0 0 0 0 0 0 0 0 0 0 0 0 0 0 0 0 0 0 0 0 0 0 0 0 0 0 0 0 0 43 53 69 79 85 96 105 107 107 107 107 107 107 107 106 106 105 105 104 103 103 102 102 101 101 101 102 102 102 103 104 106 100 99 97 92 71 0 0 0 0 0 0 0 0 0 0 0 0 0 0 0 68 0 74 
66 64 65 66 66 66 66 66 67 67 67 67 67 67 68 69 70 71 71 72 72 72 73 73 74 75 75 75 75 75 73 73 72 70 65 0 0 0 0 0 0 0 0 0 0 0 0 0 0 0 0 0 0 0 0 0 0 0 0 0 0 0 0 0 0 0 0 0 40 63 72 77 81 89 91 92 93 93 94 94 93 86 76 71 64 51 44 0 0 0 0 0 0 0 0 0 0 0 0 0 0 0 0 0 0 0 0 0 0 0 0 0 0 0 0 0 0 0 0 0 0 43 53 69 79 85 96 105 107 107 107 107 107 107 107 107 106 106 105 104 104 103 102 102 102 101 101 101 102 102 103 104 106 100 99 98 92 71 0 0 0 0 0 0 0 0 0 0 0 0 0 0 0 67 57 72 
65 66 66 66 67 66 66 67 67 67 67 67 67 68 68 69 70 71 71 72 72 72 73 73 74 74 75 75 75 75 73 73 72 71 66 0 0 0 0 0 0 0 0 0 0 0 0 0 0 0 0 0 0 0 0 0 0 0 0 0 0 0 0 0 0 0 0 0 42 65 73 78 81 89 92 93 93 94 94 94 94 87 76 72 65 52 44 0 0 0 0 0 0 0 0 0 0 0 0 0 0 0 0 0 0 0 0 0 0 0 0 0 0 0 0 0 0 0 0 0 0 44 53 69 79 85 96 105 106 106 107 107 107 107 107 106 106 106 105 104 104 103 102 102 102 101 101 101 101 102 103 104 106 100 100 98 92 72 0 0 0 0 0 0 0 0 0 0 0 0 0 0 0 68 0 70 
62 69 66 66 67 66 66 67 67 67 67 67 66 68 68 69 69 70 71 72 72 73 73 73 73 74 74 75 75 75 73 73 72 71 65 0 0 0 0 0 0 0 0 0 0 0 0 0 0 0 0 0 0 0 0 0 0 0 0 0 0 0 0 0 0 0 0 0 42 62 72 77 80 90 92 92 93 93 94 94 93 87 76 72 65 52 45 0 0 0 0 0 0 0 0 0 0 0 0 0 0 0 0 0 0 0 0 0 0 0 0 0 0 0 0 0 0 0 0 0 0 44 53 70 80 85 96 105 107 107 107 107 107 107 107 106 106 105 105 104 104 103 102 102 101 101 100 101 101 102 103 105 107 101 101 99 94 74 0 0 0 0 0 0 0 0 0 0 0 0 0 0 0 68 62 72 
64 64 66 66 67 66 66 67 67 67 67 68 67 68 68 69 69 70 71 72 72 73 73 73 73 74 75 75 75 75 73 73 72 70 65 0 0 0 0 0 0 0 0 0 0 0 0 0 0 0 0 0 0 0 0 0 0 0 0 0 0 0 0 0 0 0 0 0 43 63 72 77 80 90 92 93 93 93 94 94 94 87 77 73 66 53 45 0 0 0 0 0 0 0 0 0 0 0 0 0 0 0 0 0 0 0 0 0 0 0 0 0 0 0 0 0 0 0 0 0 0 45 53 68 78 84 96 105 107 106 107 107 107 107 107 106 105 105 104 104 104 104 103 102 101 101 100 100 100 101 102 104 106 101 100 98 93 73 0 0 0 0 0 0 0 0 0 0 0 0 0 0 0 69 0 73 
61 64 66 66 67 66 66 67 67 67 67 68 67 68 68 69 69 71 71 72 73 73 73 73 74 74 75 75 76 76 74 73 72 70 65 0 0 0 0 0 0 0 0 0 0 0 0 0 0 0 0 0 0 0 0 0 0 0 0 0 0 0 0 0 0 0 0 0 43 64 72 78 81 90 92 93 93 93 94 94 94 88 78 73 66 54 45 0 0 0 0 0 0 0 0 0 0 0 0 0 0 0 0 0 0 0 0 0 0 0 0 0 0 0 0 0 0 0 0 0 0 45 53 68 78 83 96 105 107 107 107 107 107 107 107 106 105 105 104 104 104 104 103 103 102 101 100 100 100 101 102 104 106 101 101 99 95 76 0 0 0 0 0 0 0 0 0 0 0 0 0 0 62 68 59 76 
64 63 65 66 67 66 66 66 67 67 67 68 67 68 68 69 70 71 71 72 72 73 73 73 73 74 75 75 76 76 74 73 72 69 62 0 0 0 0 0 0 0 0 0 0 0 0 0 0 0 0 0 0 0 0 0 0 0 0 0 0 0 0 0 0 0 0 0 45 65 73 78 81 91 92 93 93 93 94 94 94 88 78 74 67 54 45 0 0 0 0 0 0 0 0 0 0 0 39 39 39 39 0 0 0 0 0 0 0 0 0 0 0 0 0 0 0 0 0 0 0 46 53 68 78 83 96 105 107 107 107 107 107 107 106 105 105 105 104 104 104 104 103 103 101 101 100 100 100 101 102 104 106 101 101 99 95 77 0 0 0 0 0 0 0 0 0 0 0 0 0 0 66 70 65 72 
63 65 65 66 66 66 66 67 67 67 67 68 68 68 68 69 70 71 71 72 72 73 73 73 74 74 75 75 76 77 73 73 72 68 60 0 0 0 0 0 0 0 0 0 0 0 0 0 0 0 0 0 0 0 0 0 0 0 0 0 0 0 0 0 0 0 0 0 44 65 74 78 81 91 92 92 93 93 94 94 95 89 79 75 68 56 47 0 0 0 0 0 0 0 0 0 0 44 44 44 44 44 0 0 0 0 0 0 0 0 0 0 0 0 0 0 0 0 0 0 0 45 53 68 78 83 95 105 107 107 107 108 107 107 107 106 105 105 104 104 104 103 103 102 101 101 101 101 100 101 102 103 105 101 101 100 95 78 0 0 0 0 0 0 0 0 0 0 0 0 0 0 67 71 63 70 
68 61 65 65 65 65 66 67 67 67 68 68 67 68 68 68 69 70 71 72 72 73 73 73 74 74 75 75 76 76 73 72 71 67 59 0 0 0 0 0 0 0 0 0 0 0 0 0 0 0 0 0 0 0 0 0 0 0 0 0 0 0 0 0 0 0 0 0 45 65 74 79 82 91 93 93 93 93 94 95 95 89 80 76 69 57 49 0 0 0 0 0 0 0 0 0 0 44 47 47 47 47 0 0 0 0 0 0 0 0 0 0 0 0 0 0 0 0 0 0 0 45 53 67 77 83 95 104 107 107 107 107 107 107 107 106 105 105 104 104 104 104 103 102 102 101 101 101 100 100 101 103 105 100 100 99 95 78 0 0 0 0 0 0 0 0 0 0 0 0 0 0 68 72 78 77 
68 68 65 65 65 65 66 66 67 67 68 68 68 68 68 69 70 70 71 72 72 72 73 73 74 74 75 75 76 76 72 72 70 66 57 0 0 0 0 0 0 0 0 0 0 0 0 0 0 0 0 0 0 0 0 0 0 0 0 0 0 37 37 37 37 0 0 0 45 66 75 80 82 92 93 93 93 94 95 95 96 90 81 77 71 59 50 0 0 0 0 0 0 0 0 0 0 46 52 52 52 52 59 0 0 0 0 0 0 0 0 0 0 0 0 0 0 0 0 0 0 44 52 67 77 82 95 104 107 107 107 107 108 107 107 106 106 105 104 104 104 103 102 102 101 101 101 101 101 101 101 103 105 101 100 99 96 79 0 0 0 0 0 0 0 0 0 0 0 0 0 0 68 72 71 79 
60 65 65 65 65 66 66 67 67 67 68 68 68 68 68 69 70 70 71 71 72 72 73 73 74 74 74 75 76 76 72 72 70 67 57 0 0 0 0 0 0 0 0 0 0 0 0 0 0 0 0 0 0 0 0 0 0 0 0 0 0 37 37 37 37 0 0 0 45 66 75 80 82 92 93 93 94 94 95 96 96 91 82 77 70 58 49 0 0 0 0 0 0 0 0 0 0 47 59 61 59 57 60 50 0 0 0 0 0 0 0 0 0 0 0 0 0 0 0 0 0 44 52 67 77 83 95 104 106 106 106 107 107 107 107 106 105 105 104 104 104 103 102 101 101 100 101 101 101 101 101 102 104 100 100 99 95 79 0 0 0 0 0 0 0 0 0 0 0 0 0 0 67 73 63 81 
61 71 65 65 64 66 66 67 67 68 67 67 67 67 68 69 69 70 71 71 72 73 73 73 74 74 74 75 76 76 73 72 71 68 59 0 0 0 0 0 0 0 0 0 0 0 0 0 0 0 0 0 0 0 0 0 0 0 0 0 0 37 37 37 37 0 0 0 46 66 75 80 83 92 94 94 94 95 95 96 97 92 83 78 71 59 51 0 0 0 0 0 0 0 0 0 0 0 63 67 63 60 61 53 40 0 0 0 0 0 0 0 0 0 0 0 0 0 0 0 0 44 53 67 77 83 95 104 106 106 106 107 107 107 107 107 106 105 104 104 104 103 102 102 101 101 101 101 101 101 101 103 105 101 100 100 96 80 0 0 0 0 0 0 0 0 0 0 0 0 0 0 65 71 63 76 
63 65 64 65 64 66 66 66 67 67 67 68 68 68 68 69 69 70 71 71 71 72 72 73 74 74 74 75 76 76 73 72 71 67 59 0 0 0 0 0 0 0 0 0 0 0 0 0 0 0 0 0 0 0 0 0 0 0 0 0 0 0 0 0 0 0 0 0 47 65 75 80 83 92 95 94 95 95 96 97 97 92 83 78 71 60 51 0 0 0 0 0 0 0 0 0 0 0 65 75 68 64 66 61 42 0 0 0 0 0 0 0 0 0 0 0 0 0 0 0 0 45 53 68 77 83 96 105 106 106 106 106 107 107 107 106 106 105 104 104 104 103 102 102 101 100 101 101 101 101 101 102 105 100 100 100 97 81 0 0 0 0 0 0 0 0 0 0 0 0 0 0 64 70 61 76 
62 65 64 65 65 66 66 66 66 67 67 67 68 68 68 69 70 70 71 71 72 73 73 73 74 74 74 75 76 76 73 72 71 67 59 0 0 0 0 0 0 0 0 0 0 0 0 0 0 0 0 0 0 0 0 0 0 0 0 0 0 0 0 0 0 0 0 0 48 66 75 81 84 93 95 95 95 95 96 97 97 92 84 79 72 61 52 0 0 0 0 0 0 0 0 0 0 0 65 83 75 68 66 65 45 37 0 0 0 0 0 0 0 0 0 0 0 0 0 0 0 45 53 68 77 83 95 104 106 106 106 106 106 107 106 105 105 104 104 104 104 103 102 102 101 100 101 101 101 101 101 102 105 101 101 101 98 83 0 0 0 0 0 0 0 0 0 0 0 0 0 0 64 69 71 77 
65 67 64 65 65 66 66 66 66 67 67 67 68 67 68 69 69 70 71 71 72 73 73 74 74 74 75 75 76 76 73 72 70 67 56 0 0 0 0 0 0 0 0 0 0 0 0 0 0 0 0 0 0 0 0 0 0 0 0 0 0 0 0 0 0 0 0 0 48 66 75 81 84 93 95 95 95 95 96 97 98 93 85 78 71 61 52 0 0 0 0 0 0 0 0 0 0 0 60 91 93 86 82 89 74 55 0 0 0 0 0 0 0 0 0 0 0 0 0 0 0 46 54 68 78 84 96 105 106 106 106 106 106 106 105 105 104 104 104 104 104 103 102 102 101 100 100 100 101 100 101 102 105 101 101 101 98 84 0 0 0 0 0 0 0 0 0 0 0 0 0 62 64 69 66 79 
63 60 64 65 65 65 65 65 65 66 66 67 67 68 68 69 69 70 71 71 72 72 73 73 74 74 75 75 76 76 73 72 70 66 55 0 0 0 0 0 0 0 0 0 0 0 0 0 0 0 0 0 0 0 0 0 0 0 0 0 0 38 38 38 38 0 0 0 48 65 75 81 84 93 96 96 96 96 96 97 97 92 86 81 76 68 65 0 0 0 0 0 0 0 0 0 0 0 51 129 124 147 143 163 138 151 71 0 0 0 0 0 0 0 0 0 0 0 0 0 0 54 57 70 78 84 95 104 106 106 106 106 105 105 105 104 104 104 104 104 104 103 102 102 101 101 101 100 100 100 100 102 105 101 101 101 98 83 0 0 0 0 0 0 0 0 0 0 0 0 0 61 65 69 63 80 
67 64 64 64 65 65 65 65 65 66 66 67 68 68 69 69 69 70 71 71 72 72 73 73 74 74 74 75 76 75 73 72 70 66 56 0 0 0 0 0 0 0 0 0 0 0 0 0 0 0 0 0 0 0 0 0 0 0 0 0 0 38 38 38 38 0 0 0 48 66 76 81 86 96 98 98 98 96 96 97 97 92 88 89 84 80 83 93 0 0 0 0 0 0 0 0 0 0 51 204 190 208 217 243 170 182 114 0 0 0 0 0 0 0 0 0 0 0 0 0 0 70 66 75 82 86 95 104 106 107 106 106 106 105 104 104 104 103 103 103 103 102 102 101 101 100 100 99 99 99 100 101 104 100 100 100 97 82 0 0 0 0 0 0 0 0 0 0 0 0 0 61 64 69 69 79 
63 64 64 65 65 65 65 65 65 65 66 67 67 68 68 69 69 70 71 71 72 72 73 73 74 74 74 75 75 75 73 72 70 67 58 0 0 0 0 0 0 0 0 0 0 0 0 0 0 0 0 0 0 0 0 0 0 0 0 0 0 38 38 38 38 0 0 0 48 66 76 82 88 99 101 101 100 97 96 97 97 92 89 92 86 83 87 91 0 0 0 0 0 0 0 0 0 0 51 236 227 239 257 277 179 180 119 45 0 0 0 0 0 0 0 0 0 0 0 0 0 81 74 81 86 89 96 105 107 107 106 106 106 105 104 104 103 103 103 103 103 102 102 101 101 100 100 99 99 99 99 100 103 99 99 99 96 80 0 0 0 0 0 0 0 0 0 0 0 0 0 61 64 68 76 75 
62 65 65 65 64 64 65 65 65 66 66 67 68 68 68 69 69 70 70 71 72 72 72 73 73 73 74 75 75 75 73 73 71 68 59 0 0 0 0 0 0 0 0 0 0 0 0 0 0 0 0 0 0 0 0 0 0 0 0 0 0 0 37 37 37 37 0 0 44 64 74 81 88 100 103 103 102 98 96 96 96 91 89 90 84 81 84 85 0 0 0 0 0 0 0 0 0 0 51 240 248 298 312 323 245 236 109 46 0 0 0 0 0 0 0 0 0 0 0 0 89 81 75 81 86 90 96 105 107 107 106 106 106 105 104 104 103 103 103 103 103 102 102 101 100 100 99 98 98 97 98 99 102 98 98 97 95 80 0 0 0 0 0 0 0 0 0 0 0 0 0 60 64 68 67 76 
66 67 64 65 64 64 65 65 65 66 66 67 68 68 68 69 69 70 70 71 72 72 72 73 73 73 74 75 75 76 73 73 72 70 63 0 0 0 0 0 0 0 0 0 0 0 0 0 0 0 0 0 0 0 0 0 0 0 0 0 0 0 0 0 37 0 0 0 44 64 74 80 88 100 103 103 102 97 96 96 96 91 88 91 85 82 87 92 0 0 0 0 0 0 0 0 0 0 52 248 244 301 314 297 212 210 99 46 45 0 0 0 0 0 0 0 0 0 0 0 89 81 74 80 86 90 96 104 106 106 106 106 105 105 104 104 103 103 102 102 100 99 98 96 95 94 94 93 94 94 94 95 98 94 93 92 90 74 0 0 0 0 0 0 0 0 0 0 0 0 57 60 63 66 68 78 
66 65 64 65 65 65 65 65 66 66 67 68 68 68 68 69 69 70 70 71 72 72 72 73 74 74 74 75 75 75 73 73 72 69 64 0 0 0 0 0 0 0 0 0 0 0 0 0 0 0 0 0 0 0 0 0 0 0 0 0 0 0 0 0 0 0 0 0 44 64 73 80 87 99 102 103 102 97 96 96 96 91 87 90 83 80 83 91 0 0 0 0 0 0 0 0 0 0 54 255 234 263 263 249 172 173 96 47 45 0 0 0 0 0 0 0 0 0 0 0 0 80 73 79 85 88 96 105 107 107 106 106 105 105 104 104 101 99 97 94 91 91 91 91 91 93 92 89 88 87 86 86 88 86 86 87 85 74 0 0 0 0 0 0 0 0 0 0 0 0 59 60 63 66 70 78 
62 65 64 65 65 65 65 65 65 66 67 68 68 68 68 69 69 70 70 71 72 72 72 73 74 74 74 75 75 76 73 73 72 69 62 0 0 0 0 0 0 0 0 0 0 0 0 0 0 0 0 0 0 0 0 0 0 0 0 0 0 0 0 0 0 0 0 0 43 63 72 79 85 97 100 101 100 97 96 96 96 91 85 82 76 69 67 0 0 0 0 0 0 0 0 0 0 0 0 182 165 209 191 183 151 155 76 47 0 0 0 0 0 0 0 0 0 0 0 0 0 68 65 74 82 87 96 105 107 107 106 106 105 105 102 100 98 96 93 91 89 88 89 88 89 91 90 87 86 84 83 82 84 83 83 84 82 0 0 0 0 0 0 0 0 0 0 0 0 0 60 61 63 66 68 75 
65 60 64 65 65 65 66 66 66 66 66 67 67 67 68 69 69 70 71 71 71 72 72 73 73 74 74 74 75 76 73 72 71 68 61 0 0 0 0 0 0 0 0 0 0 0 0 0 0 0 0 0 0 0 0 0 0 0 0 0 0 0 0 0 36 36 0 0 43 63 72 78 83 94 97 98 98 96 96 96 95 91 83 77 72 62 55 0 0 0 0 0 0 0 0 0 0 0 0 0 122 187 152 147 143 144 59 47 0 0 0 0 0 0 0 0 0 0 0 0 0 52 55 68 77 84 95 104 107 106 106 106 105 103 101 99 96 91 86 83 80 78 78 77 78 80 81 80 80 78 77 77 79 78 79 80 79 0 0 0 0 0 0 0 0 0 0 0 0 60 61 62 64 67 68 79 
62 65 64 65 65 65 65 65 65 66 66 67 67 67 68 69 69 70 71 71 71 71 72 72 73 74 75 75 76 76 73 72 71 68 59 0 0 0 0 0 0 0 0 0 0 0 0 0 0 0 0 0 0 0 0 0 0 0 0 0 0 0 0 0 0 0 0 0 44 64 72 78 82 92 95 96 97 96 96 96 96 91 83 78 73 62 54 0 0 0 0 0 0 0 0 0 0 0 0 0 71 104 94 91 90 94 68 0 0 0 0 0 0 0 0 0 0 0 0 0 0 46 52 66 77 83 95 105 107 106 106 105 103 99 97 94 88 82 79 76 74 75 75 72 71 70 68 66 67 65 63 63 65 65 66 69 0 0 0 0 0 0 0 0 0 0 0 0 0 60 61 62 64 67 66 77 
64 58 64 65 65 65 65 65 65 66 66 66 67 67 68 69 69 69 70 71 71 71 72 72 73 74 75 75 75 76 73 72 70 68 60 0 0 0 0 0 0 0 0 0 0 0 0 0 0 0 0 0 0 0 0 0 0 0 0 0 0 0 0 0 0 0 0 0 43 64 72 77 81 92 94 96 96 96 96 96 95 90 82 78 71 61 53 0 0 0 0 0 0 0 0 0 0 0 0 0 0 93 92 92 92 98 90 0 0 0 0 0 0 0 0 0 0 0 0 0 0 44 51 66 76 83 95 105 107 106 106 105 102 98 95 88 81 76 76 75 76 78 77 73 70 66 58 56 58 59 60 61 61 62 62 62 0 0 0 0 0 0 0 0 0 0 0 0 0 60 62 63 65 67 72 81 
60 68 64 64 64 65 65 65 65 66 66 66 67 67 67 68 69 69 70 70 71 71 72 73 73 74 74 75 75 76 73 73 71 69 61 0 0 0 0 0 0 0 0 0 0 0 0 0 0 0 0 0 0 0 0 0 0 0 0 0 0 0 0 0 0 0 0 0 43 64 72 77 80 91 94 95 96 96 96 96 95 90 81 77 71 60 53 0 0 0 0 0 0 0 0 0 0 0 0 0 0 82 88 85 85 89 87 0 0 0 0 0 0 0 0 0 0 0 0 0 0 44 51 66 76 82 94 104 106 105 105 104 99 95 90 82 75 75 79 84 88 86 83 78 74 66 61 66 71 73 74 73 72 73 71 0 0 0 0 0 0 0 0 0 0 0 0 0 0 62 63 63 65 68 74 77 
64 65 64 64 64 64 65 65 65 65 65 66 66 66 67 68 69 69 70 70 71 71 72 72 73 74 75 75 75 76 73 72 71 69 62 0 0 0 0 0 0 0 0 0 0 0 0 0 0 0 0 0 0 0 0 0 0 0 0 0 0 0 0 0 0 0 0 0 42 63 72 77 80 91 94 95 96 96 96 96 95 89 80 76 70 60 52 0 0 0 0 0 0 0 0 0 0 0 0 0 0 0 82 78 78 78 80 0 0 0 0 0 0 0 0 0 0 0 0 0 0 44 50 65 75 81 94 104 105 105 105 103 96 91 85 78 74 79 85 89 90 87 84 79 73 66 67 72 77 79 80 79 78 78 77 73 0 0 0 0 0 0 0 0 0 0 0 0 0 61 62 63 65 68 72 75 
64 63 64 64 63 64 65 64 65 65 65 65 66 66 67 68 69 69 70 70 71 71 72 73 74 74 75 75 76 76 74 73 71 69 62 0 0 0 0 0 0 0 0 0 0 0 0 0 0 0 0 0 0 0 0 0 0 0 0 0 0 0 0 0 0 0 0 0 42 62 71 76 80 90 93 94 95 95 96 95 94 88 79 76 69 58 50 0 0 0 0 0 0 0 0 0 0 0 0 0 0 0 73 69 69 69 71 0 0 0 0 0 0 0 0 0 0 0 0 0 0 44 49 65 75 81 93 103 105 104 104 102 95 88 81 76 75 83 90 94 96 92 88 82 75 68 72 77 81 82 82 81 80 81 79 76 0 0 0 0 0 0 0 0 0 0 0 0 0 59 61 62 64 67 73 78 
62 62 63 64 64 65 65 65 66 66 66 66 66 67 67 68 69 70 70 70 71 72 72 73 74 74 74 75 75 75 73 72 71 68 61 0 0 0 0 0 0 0 0 0 0 0 0 0 0 0 0 0 0 0 0 0 0 0 0 0 0 0 0 0 0 0 0 0 42 62 71 76 79 90 93 94 94 95 95 94 93 87 78 74 67 56 48 0 0 0 0 0 0 0 0 0 0 0 0 0 0 0 67 62 62 62 63 55 0 0 0 0 0 0 0 0 0 0 0 0 0 44 49 65 74 80 92 102 103 103 103 101 94 88 81 77 79 87 93 97 97 92 88 82 75 72 78 82 85 87 89 88 89 88 86 82 0 0 0 0 0 0 0 0 0 0 0 0 0 61 61 62 64 67 67 80 
62 70 64 64 64 65 65 65 65 66 66 66 66 67 67 68 69 69 69 70 71 72 72 73 74 74 74 75 76 75 73 73 71 68 62 0 0 0 0 0 0 0 0 0 0 0 0 0 0 0 0 0 0 0 0 0 0 0 0 0 0 0 0 0 0 0 0 0 41 61 70 75 79 89 92 93 94 94 95 94 93 87 78 73 67 55 47 0 0 0 0 0 0 0 0 0 0 0 0 0 0 0 0 58 58 58 58 55 0 0 0 0 0 0 0 0 0 0 0 0 0 43 49 65 75 80 92 102 103 102 102 99 94 86 79 77 81 88 94 98 96 90 88 81 76 75 84 85 89 91 92 91 91 91 89 85 0 0 0 0 0 0 0 0 0 0 0 0 0 61 61 62 64 67 68 79 
60 61 64 65 65 65 65 65 65 66 65 66 67 67 67 67 67 68 68 69 70 71 72 72 74 74 74 75 76 76 74 73 71 68 62 0 0 0 0 0 0 0 0 0 0 0 0 0 0 0 0 0 0 0 0 0 0 0 0 0 0 0 0 0 0 0 0 0 40 62 72 77 80 89 92 93 93 94 94 94 92 86 76 72 65 54 46 0 0 0 0 0 0 0 0 0 0 0 0 0 0 0 0 55 55 55 55 0 0 0 0 0 0 0 0 0 0 0 0 0 0 42 48 64 74 80 92 101 103 102 102 98 92 84 78 77 81 88 94 98 94 89 84 78 74 78 85 87 91 93 93 91 92 91 89 87 0 0 0 0 0 0 0 0 0 0 0 0 0 62 61 62 64 67 72 75 
62 66 64 65 65 65 66 65 66 66 66 66 67 67 66 66 65 64 65 66 69 70 71 73 74 73 74 75 76 76 74 73 72 68 61 0 0 0 0 0 0 0 0 0 0 0 0 0 0 0 0 0 0 0 0 0 0 0 0 0 0 0 0 0 0 0 0 0 39 62 72 76 79 88 91 91 92 93 93 93 92 85 76 71 64 52 44 0 0 0 0 0 0 0 0 0 0 0 0 0 0 0 0 0 0 0 0 0 0 0 0 0 0 0 0 0 0 0 0 0 0 41 48 63 74 79 91 101 102 101 101 97 93 85 79 77 79 84 89 92 89 86 80 75 74 79 83 86 89 90 90 88 89 88 87 84 0 0 0 0 0 0 0 0 0 0 0 0 0 61 61 62 64 66 65 80 
63 66 64 65 65 65 66 65 66 66 66 66 67 66 65 64 64 63 63 65 68 69 71 73 73 73 74 75 76 76 74 73 71 68 61 0 0 0 0 0 0 0 0 0 0 0 0 0 0 0 0 0 0 0 0 0 0 0 0 0 0 0 0 0 0 0 0 0 38 61 71 76 79 88 90 91 91 92 92 93 91 85 75 71 63 52 44 0 0 0 0 0 0 0 0 0 0 0 0 0 0 0 0 0 0 0 0 0 0 0 0 0 0 0 0 0 0 0 0 0 0 41 48 65 75 81 91 100 100 98 95 90 86 80 76 74 78 83 88 90 87 86 80 75 73 79 81 85 87 87 86 84 83 81 81 78 0 0 0 0 0 0 0 0 0 0 0 0 0 62 62 62 64 66 72 77 
64 63 64 64 64 65 66 65 66 66 66 66 67 66 65 63 62 60 61 63 67 68 70 73 74 74 75 76 76 77 75 75 73 71 64 0 0 0 0 0 0 0 0 0 0 0 0 0 0 0 0 0 0 0 0 0 0 0 0 0 0 0 0 0 0 0 0 0 38 60 70 75 78 87 89 90 91 91 91 92 90 84 75 70 63 51 44 0 0 0 0 0 0 0 0 0 0 0 0 0 0 0 0 0 0 0 0 0 0 0 0 0 0 0 0 0 0 0 0 0 0 0 48 66 76 82 90 96 97 94 91 87 84 79 74 72 76 82 85 88 86 84 77 74 72 77 79 83 85 85 84 82 81 79 79 76 0 0 0 0 0 0 0 0 0 0 0 0 0 61 61 62 64 66 67 79 
63 63 64 64 64 65 66 65 66 66 65 65 67 65 64 62 61 58 58 61 65 67 70 73 74 74 75 75 76 76 74 74 72 70 63 0 0 0 0 0 0 0 0 0 0 0 0 0 0 0 0 0 0 0 0 0 0 0 0 0 0 0 0 0 0 0 0 0 39 60 70 75 78 87 89 89 89 89 89 91 90 84 74 70 62 50 42 0 0 0 0 0 0 0 0 0 0 0 0 0 0 0 0 0 0 0 0 0 0 0 0 0 0 0 0 0 0 0 0 0 0 0 48 65 76 81 86 93 93 90 85 84 80 77 71 69 72 79 81 84 82 81 72 70 68 74 75 80 81 81 80 78 77 75 76 0 0 0 0 0 0 0 0 0 0 0 0 0 0 61 62 63 65 67 69 71 
67 63 63 63 64 65 66 66 66 66 66 66 66 65 64 62 62 59 59 62 66 68 70 73 74 74 74 75 75 75 73 73 72 70 64 0 0 0 0 0 0 0 0 0 0 0 0 0 0 0 0 0 0 0 0 0 0 0 0 0 0 0 0 0 0 0 0 0 39 58 68 73 77 87 88 88 88 88 89 90 90 83 74 69 62 49 41 0 0 0 0 0 0 0 0 0 0 0 0 0 0 0 0 0 0 0 0 0 0 0 0 0 0 0 0 0 0 0 0 0 0 0 49 67 77 81 84 91 90 85 80 77 77 74 68 66 0 69 70 72 73 0 0 0 64 67 69 72 72 72 72 70 69 69 71 0 0 0 0 0 0 0 0 0 0 0 0 0 0 60 61 62 65 67 74 74 
63 67 63 63 63 65 65 65 65 65 65 65 66 66 66 63 64 63 63 64 67 69 70 73 74 75 75 75 75 76 73 73 72 70 64 0 0 0 0 0 0 0 0 0 0 0 0 0 0 0 0 0 0 0 0 0 0 0 0 0 0 0 0 0 0 0 0 0 39 60 69 75 78 86 88 88 88 88 88 90 90 83 73 69 61 49 40 0 0 0 0 0 0 0 0 0 0 0 0 0 0 0 0 0 0 0 0 0 0 0 0 0 0 0 0 0 0 0 0 0 0 0 52 70 80 81 82 88 86 77 68 62 59 0 0 0 0 0 0 0 0 0 0 0 0 0 0 0 0 0 0 0 0 0 0 0 0 0 0 0 0 0 0 0 0 0 0 0 0 60 61 62 65 67 75 79 
61 63 63 63 63 64 65 65 65 65 65 66 66 66 66 65 65 65 65 66 68 70 71 73 74 74 74 74 75 75 73 73 72 70 63 0 0 0 0 0 0 0 0 0 0 0 0 0 0 0 0 0 0 0 0 0 0 0 0 0 0 0 0 0 0 0 0 0 0 62 71 77 79 86 88 88 88 88 88 90 90 83 73 68 60 47 39 0 0 0 0 0 0 0 0 0 0 0 0 0 0 0 0 0 0 0 0 0 0 0 0 0 0 0 0 0 0 0 0 0 0 0 53 70 80 81 79 84 81 70 53 0 0 0 0 0 0 0 0 0 0 0 0 0 0 0 0 0 0 0 0 0 0 0 0 0 0 0 0 0 0 0 0 0 0 0 0 0 0 60 62 63 65 68 71 81 
66 64 63 63 63 64 64 65 65 65 65 66 66 66 67 66 67 67 67 68 69 70 72 73 74 74 74 74 75 75 72 72 71 68 61 0 0 0 0 0 0 0 0 0 0 0 0 0 0 0 0 0 0 0 0 0 0 0 0 0 0 0 0 0 0 0 0 0 0 65 73 78 81 86 88 88 88 88 89 89 90 83 74 69 62 48 39 0 0 0 0 0 0 0 0 0 0 0 0 0 0 0 0 0 0 0 0 0 0 0 0 0 0 0 0 0 0 0 0 0 0 0 53 71 80 81 78 85 82 71 0 0 0 0 0 0 0 0 0 0 0 0 0 0 0 0 0 0 0 0 0 0 0 0 0 0 0 0 0 0 0 0 0 0 0 0 0 0 0 60 62 64 65 68 66 79 
67 68 63 63 63 64 64 64 64 64 65 65 65 66 67 67 68 69 69 69 70 71 71 72 73 73 73 74 75 75 72 72 71 68 61 0 0 0 0 0 0 0 0 0 0 0 0 0 0 0 0 0 0 0 0 0 0 0 0 0 0 0 0 0 0 0 0 0 0 68 76 80 82 85 88 88 88 89 89 90 89 82 73 69 61 47 39 0 0 0 0 0 0 0 0 0 0 0 0 0 0 0 0 0 0 0 0 0 0 0 0 0 0 0 0 0 0 0 0 0 0 0 56 74 83 83 80 86 84 74 63 0 0 0 0 0 0 0 0 0 0 0 0 0 0 0 0 0 0 0 0 0 0 0 0 0 0 0 0 0 0 0 0 0 0 0 0 0 0 60 62 64 65 68 70 81 
69 61 64 63 62 63 62 63 63 63 63 64 64 65 66 67 68 69 69 70 71 71 71 72 73 73 73 73 74 75 72 71 70 67 59 0 0 0 0 0 0 0 0 0 0 0 0 0 0 0 0 0 0 0 0 0 0 0 0 0 0 0 0 0 0 0 0 0 0 73 79 82 84 85 88 89 89 89 90 90 89 82 73 68 61 47 40 0 0 0 0 0 0 0 0 0 0 0 0 0 0 0 0 0 0 0 0 0 0 0 0 0 0 0 0 0 0 0 0 0 0 0 56 74 83 84 82 87 84 77 68 0 0 0 0 0 0 0 0 0 0 0 0 0 0 0 0 0 0 0 0 0 0 0 0 0 0 0 0 0 0 0 0 0 0 0 0 0 0 61 62 64 65 68 72 82 
0 61 64 63 62 62 62 62 63 63 63 64 64 64 65 65 66 67 67 68 69 68 69 70 71 71 72 72 73 73 71 71 70 67 60 0 0 0 0 0 0 0 0 0 0 0 0 0 0 0 0 0 0 0 0 0 0 0 0 0 0 0 0 0 0 0 0 0 0 72 79 81 83 84 87 88 89 89 89 89 88 81 74 69 62 47 0 0 0 0 0 0 0 0 0 0 0 0 0 0 0 0 0 0 0 0 0 0 0 0 0 0 0 0 0 0 0 0 0 0 0 0 58 74 83 86 84 89 86 81 73 67 60 55 55 54 56 57 56 55 0 0 0 0 0 0 0 0 0 0 0 0 0 0 0 0 0 0 0 0 0 0 0 0 0 0 0 0 0 61 63 64 66 68 64 75 
0 0 63 62 62 62 62 62 62 62 62 63 63 63 64 64 65 66 67 67 68 68 68 69 70 68 69 69 69 68 67 67 66 65 59 0 0 0 0 0 0 0 0 0 0 0 0 0 0 0 0 0 0 0 0 0 0 0 0 0 0 0 0 0 0 0 0 0 0 71 78 81 82 84 87 88 89 89 89 88 87 80 73 69 62 47 0 0 0 0 0 0 0 0 0 0 0 0 0 0 0 0 0 0 0 0 0 0 0 0 0 0 0 0 0 0 0 0 0 0 0 0 59 74 82 86 87 92 90 87 81 75 73 71 70 68 70 70 69 69 69 67 66 0 0 0 0 0 0 0 0 0 0 0 0 0 0 0 0 0 0 0 0 0 0 0 0 0 0 60 62 63 65 68 71 75 
0 0 63 62 61 61 60 60 61 60 61 62 62 62 63 63 64 64 65 65 67 66 67 68 69 68 68 67 67 67 66 66 66 64 59 0 0 0 0 0 0 0 0 0 0 0 0 0 0 0 0 0 0 0 0 0 0 0 0 0 0 0 0 0 0 0 0 0 0 69 75 78 80 81 84 85 86 86 87 87 86 78 71 67 60 47 0 0 0 0 0 0 0 0 0 0 0 0 0 0 0 0 0 0 0 0 0 0 0 0 0 0 0 0 0 0 0 0 0 0 0 0 61 74 82 85 87 92 90 87 83 78 76 74 73 73 73 72 71 70 68 66 65 64 0 0 0 0 0 0 0 0 0 0 0 0 0 0 0 0 0 0 0 0 0 0 0 0 0 61 62 63 65 68 71 78 
0 0 0 0 0 0 58 59 60 59 59 60 60 59 60 61 62 62 63 64 65 64 65 66 68 66 66 65 65 65 65 65 65 64 0 0 0 0 0 0 0 0 0 0 0 0 0 0 0 0 0 0 0 0 0 0 0 0 0 0 0 0 0 0 0 0 0 0 0 69 75 75 77 77 80 79 80 78 78 77 76 71 67 64 59 47 0 0 0 0 0 0 0 0 0 0 0 0 0 0 0 0 0 0 0 0 0 0 0 0 0 0 0 0 0 0 0 0 0 0 0 0 59 69 75 78 80 85 83 81 77 73 71 71 71 73 73 72 71 70 68 66 65 64 0 0 0 0 0 0 0 0 0 0 0 0 0 0 0 0 0 0 0 0 0 0 0 0 0 61 62 63 65 67 74 75 
0 0 0 0 0 0 0 0 0 0 0 0 0 0 0 0 57 58 59 59 60 59 61 62 64 61 61 61 61 61 61 62 62 62 0 0 0 0 0 0 0 0 0 0 0 0 0 0 0 0 0 0 0 0 0 0 0 0 0 0 0 0 0 0 0 0 0 0 0 0 74 73 75 75 77 76 78 75 75 74 73 69 66 64 59 49 0 0 0 0 0 0 0 0 0 0 0 0 0 0 0 0 0 0 0 0 0 0 0 0 0 0 0 0 0 0 0 0 0 0 0 0 59 68 73 76 78 83 83 81 77 74 72 71 71 73 73 72 71 70 68 66 65 64 0 0 0 0 0 0 0 0 0 0 0 0 0 0 0 0 0 0 0 0 0 0 0 0 64 62 62 64 65 68 72 78 
0 0 0 0 0 0 0 0 0 0 0 0 0 0 0 0 0 0 0 0 0 0 0 0 0 0 0 0 50 51 53 54 0 0 0 0 0 0 0 0 0 0 0 0 0 0 0 0 0 0 0 0 0 0 0 0 0 0 0 0 0 0 0 0 0 0 0 0 0 0 71 69 72 71 74 72 73 71 71 69 68 65 62 60 56 0 0 0 0 0 0 0 0 0 0 0 0 0 0 0 0 0 0 0 0 0 0 0 0 0 0 0 0 0 0 0 0 0 0 0 0 0 0 65 70 72 74 78 79 78 76 76 76 77 78 81 80 78 77 74 71 69 68 64 0 0 0 0 0 0 0 0 0 0 0 0 0 0 0 0 0 0 0 0 0 0 0 0 64 62 62 63 65 68 74 71 
0 0 0 0 0 0 0 0 0 0 0 0 0 0 0 0 0 0 0 0 0 0 0 0 0 0 0 0 0 0 0 0 0 0 0 0 0 0 0 0 0 0 0 0 0 0 0 0 0 0 0 0 0 0 0 0 0 0 0 0 0 0 0 0 0 0 0 0 0 0 0 62 65 63 65 63 65 61 62 60 60 58 58 57 0 0 0 0 0 0 0 0 0 0 0 0 0 0 0 0 0 0 0 0 0 0 0 0 0 0 0 0 0 0 0 0 0 0 0 0 0 0 0 59 63 64 66 70 71 70 68 69 69 70 73 77 74 71 69 67 65 65 0 0 0 0 0 0 0 0 0 0 0 0 0 0 0 0 0 0 0 0 0 0 0 0 0 0 65 63 62 64 65 68 72 77 
0 0 0 0 0 0 0 0 0 0 0 0 0 0 0 0 0 0 0 0 0 0 0 0 0 0 0 0 0 0 0 0 0 0 0 0 0 0 0 0 0 0 0 0 0 0 0 0 0 0 0 0 0 0 0 0 0 0 0 0 0 0 0 0 0 0 0 0 0 0 0 0 0 0 0 0 0 41 41 41 41 40 0 0 0 0 0 0 0 0 0 0 0 0 0 0 0 0 0 0 0 0 0 0 0 0 0 0 0 0 0 0 0 0 0 0 0 0 0 0 0 0 0 0 0 49 51 53 53 51 50 49 0 0 0 0 0 0 0 0 0 0 0 0 0 0 54 54 54 54 55 0 0 0 0 0 0 0 0 0 0 0 0 0 0 0 0 0 64 63 63 64 65 68 73 78 
0 0 0 0 0 0 0 0 0 0 0 0 0 0 0 0 0 0 0 0 0 0 0 0 0 0 0 0 0 0 0 0 0 0 0 0 0 0 0 0 0 0 0 0 0 0 0 0 0 0 0 0 0 0 0 0 0 0 0 0 0 0 0 0 0 0 0 0 0 0 0 0 0 0 0 0 0 0 0 0 0 0 0 0 0 0 0 0 0 0 0 0 0 0 0 0 0 0 0 0 0 0 0 0 0 0 0 0 0 0 0 0 0 0 0 0 0 0 0 0 0 0 0 0 0 0 0 0 0 0 0 0 0 0 0 0 0 0 0 0 0 0 0 0 0 0 54 54 54 54 55 0 0 0 0 0 0 0 0 0 0 0 0 0 0 0 0 0 63 63 63 64 66 68 68 77 
0 0 0 0 0 0 0 0 0 0 0 0 0 0 0 0 0 0 0 0 0 0 0 0 0 0 0 0 0 0 0 0 0 0 0 0 0 0 0 0 0 0 0 0 0 0 0 0 0 0 0 0 0 0 0 0 0 0 0 0 0 0 0 0 0 0 0 0 0 0 0 0 0 0 0 0 0 0 0 0 0 0 0 0 0 0 0 0 0 0 0 0 0 0 0 0 0 0 0 0 0 0 0 0 0 0 0 0 0 0 0 0 0 0 0 0 0 0 0 0 0 0 0 0 0 0 0 0 0 0 0 0 0 0 0 0 0 0 0 0 0 0 0 0 0 0 55 55 55 55 0 0 0 0 0 0 0 0 0 0 0 0 0 0 0 0 0 0 61 62 62 63 65 68 70 79 
0 0 0 0 0 0 0 0 0 0 0 0 0 0 0 0 0 0 0 0 0 0 0 0 0 0 0 0 0 0 0 0 0 0 0 0 0 0 0 0 0 0 0 0 0 0 0 0 0 0 0 0 0 0 0 0 0 0 0 0 0 0 0 0 0 0 0 0 0 0 0 0 0 0 0 0 0 0 0 0 0 0 0 0 0 0 0 0 0 0 0 0 0 0 0 0 0 0 0 0 0 0 0 0 0 0 0 0 0 0 0 0 0 0 0 0 0 0 0 0 0 0 0 0 0 0 0 0 0 0 0 0 0 0 0 0 0 0 0 0 0 0 0 0 0 0 0 0 0 0 0 0 0 0 0 0 0 0 0 0 0 0 0 0 0 0 0 0 0 62 62 63 65 68 74 79 
0 0 0 0 0 0 0 0 0 0 0 0 0 0 0 0 0 0 0 0 0 0 0 0 0 0 0 0 0 0 0 0 0 0 0 0 0 0 0 0 0 0 0 0 0 0 0 0 0 0 0 0 0 0 0 0 0 0 0 0 0 0 0 0 0 0 0 0 0 0 0 0 0 0 0 0 0 0 0 0 0 0 0 0 0 0 0 0 0 0 0 0 0 0 0 0 0 0 0 0 0 0 0 0 0 0 0 0 0 0 0 0 0 0 0 0 0 0 0 0 0 0 0 0 0 0 0 0 0 0 0 0 0 0 0 0 0 0 0 0 0 0 0 0 0 0 0 0 0 0 0 0 0 0 0 0 0 0 0 0 0 0 0 0 0 0 0 0 0 62 62 64 66 69 70 79 
0 0 0 0 0 0 0 0 0 0 0 0 0 0 0 0 0 0 0 0 0 0 0 0 0 0 0 0 0 0 0 0 0 0 0 0 0 0 0 0 0 0 0 0 0 0 0 0 0 0 0 0 0 0 0 0 0 0 0 0 0 0 0 0 0 0 0 0 0 0 0 0 0 0 0 0 0 0 0 0 0 0 0 0 0 0 0 0 0 0 0 0 0 0 0 0 0 0 0 0 0 0 0 0 0 0 0 0 0 0 0 0 0 0 0 0 0 0 0 0 0 0 0 0 0 0 0 0 0 0 0 0 0 0 0 0 0 0 0 0 0 0 0 0 0 0 0 0 0 0 0 0 0 0 0 0 0 0 0 0 0 0 0 0 0 0 0 0 0 0 62 64 66 69 72 80 
0 0 0 0 0 0 0 0 0 0 0 0 0 0 0 0 0 0 0 0 0 0 0 0 0 0 0 0 0 0 0 0 0 0 0 0 0 0 0 0 0 0 0 0 0 0 0 0 0 0 0 0 0 0 0 0 0 0 0 0 0 0 0 0 0 0 0 0 0 0 0 0 0 0 0 0 0 0 0 0 0 0 0 0 0 0 0 0 0 0 0 0 0 0 0 0 0 0 0 0 0 0 0 0 0 0 0 0 0 0 0 0 0 0 0 0 0 0 0 0 0 0 0 0 0 0 0 0 0 0 0 0 0 0 0 0 0 0 0 0 0 0 0 0 0 0 0 0 0 0 0 0 0 0 0 0 0 0 0 0 0 0 0 0 0 0 0 0 0 0 61 63 65 69 65 74 
0 0 0 0 0 0 0 0 0 0 0 0 0 0 0 0 0 0 0 0 0 0 0 0 0 0 0 0 0 0 0 0 0 0 0 0 0 0 0 0 0 0 0 0 0 0 0 0 0 0 0 0 0 0 0 0 0 0 0 0 0 0 0 0 0 0 0 0 0 0 0 0 0 0 0 0 0 0 0 0 0 0 0 0 0 0 0 0 0 0 0 0 0 0 0 0 0 0 0 0 0 0 0 0 0 0 0 0 0 0 0 0 0 0 0 0 0 0 0 0 0 0 0 0 0 0 0 0 0 0 0 0 0 0 0 0 0 0 0 0 0 0 0 0 0 0 0 0 0 0 0 0 0 0 0 0 0 0 0 0 0 0 0 0 0 0 0 0 0 0 0 0 66 69 65 72 
0 0 0 0 0 0 0 0 0 0 0 0 0 0 0 0 0 0 0 0 0 0 0 0 0 0 0 0 0 0 0 0 0 0 0 0 0 0 0 0 0 0 0 0 0 0 0 0 0 0 0 0 0 0 0 0 0 0 0 0 0 0 0 0 0 0 0 0 0 0 0 0 0 0 0 0 0 0 0 0 0 0 0 0 0 0 0 0 0 0 0 0 0 0 0 0 0 0 0 0 0 0 0 0 0 0 0 0 0 0 0 0 0 0 0 0 0 0 0 0 0 0 0 0 0 0 0 0 0 0 0 0 0 0 0 0 0 0 0 0 0 0 0 0 0 0 0 0 0 0 0 0 0 0 0 0 0 0 0 0 0 0 0 0 0 0 0 0 0 0 0 0 0 69 0 67 
0 0 0 0 0 0 0 0 0 0 0 0 0 0 0 0 0 0 0 0 0 0 0 0 0 0 0 0 0 0 0 0 0 0 0 0 0 0 0 0 0 0 0 0 0 0 0 0 0 0 0 0 0 0 0 0 0 0 0 0 0 0 0 0 0 0 0 0 0 0 0 0 0 0 0 0 0 0 0 0 0 0 0 0 0 0 0 0 0 0 0 0 0 0 0 0 0 0 0 0 0 0 0 0 0 0 0 0 0 0 0 0 0 0 0 0 0 0 0 0 0 0 0 0 0 0 0 0 0 0 0 0 0 0 0 0 0 0 0 0 0 0 0 0 0 0 0 0 0 0 0 0 0 0 0 0 0 0 0 0 0 0 0 0 0 0 0 0 0 0 0 0 0 0 0 0 
0 0 0 0 0 0 0 0 0 0 0 0 0 0 0 0 0 0 0 0 0 0 0 0 0 0 0 0 0 0 0 0 0 0 0 0 0 0 0 0 0 0 0 0 0 0 0 0 0 0 0 0 0 0 0 0 0 0 0 0 0 0 0 0 0 0 0 0 0 0 0 0 0 0 0 0 0 0 0 0 0 0 0 0 0 0 0 0 0 0 0 0 0 0 0 0 0 0 0 0 0 0 0 0 0 0 0 0 0 0 0 0 0 0 0 0 0 0 0 0 0 0 0 0 0 0 0 0 0 0 0 0 0 0 0 0 0 0 0 0 0 0 0 0 0 0 0 0 0 0 0 0 0 0 0 0 0 0 0 0 0 0 0 0 0 0 0 0 0 0 0 0 0 0 0 0 
0 0 0 0 0 0 0 0 0 0 0 0 0 0 0 0 0 0 0 0 0 0 0 0 0 0 0 0 0 0 0 0 0 0 0 0 0 0 0 0 0 0 0 0 0 0 0 0 0 0 0 0 0 0 0 0 0 0 0 0 0 0 0 0 0 0 0 0 0 0 0 0 0 0 0 0 0 0 0 0 0 0 0 0 0 0 0 0 0 0 0 0 0 0 0 0 0 0 0 0 0 0 0 0 0 0 0 0 0 0 0 0 0 0 0 0 0 0 0 0 0 0 0 0 0 0 0 0 0 0 0 0 0 0 0 0 0 0 0 0 0 0 0 0 0 0 0 0 0 0 0 0 0 0 0 0 0 0 0 0 0 0 0 0 0 0 0 0 0 0 0 0 0 0 0 0 
0 0 0 0 0 0 0 0 0 0 0 0 0 0 0 0 0 0 0 0 0 0 0 0 0 0 0 0 0 0 0 0 0 0 0 0 0 0 0 0 0 0 0 0 0 0 0 0 0 0 0 0 0 0 0 0 0 0 0 0 0 0 0 0 0 0 0 0 0 0 0 0 0 0 0 0 0 0 0 0 0 0 0 0 0 0 0 0 0 0 0 0 0 0 0 0 0 0 0 0 0 0 0 0 0 0 0 0 0 0 0 0 0 0 0 0 0 0 0 0 0 0 0 0 0 0 0 0 0 0 0 0 0 0 0 0 0 0 0 0 0 0 0 0 0 0 0 0 0 0 0 0 0 0 0 0 0 0 0 0 0 0 0 0 0 0 0 0 0 0 0 0 0 0 0 0 
0 0 0 0 0 0 0 0 0 0 0 0 0 0 0 0 0 0 0 0 0 0 0 0 0 0 0 0 0 0 0 0 0 0 0 0 0 0 0 0 0 0 0 0 0 0 0 0 0 0 0 0 0 0 0 0 0 0 0 0 0 0 0 0 0 0 0 0 0 0 0 0 0 0 0 0 0 0 0 0 0 0 0 0 0 0 0 0 0 0 0 0 0 0 0 0 0 0 0 0 0 0 0 0 0 0 0 0 0 0 0 0 0 0 0 0 0 0 0 0 0 0 0 0 0 0 0 0 0 0 0 0 0 0 0 0 0 0 0 0 0 0 0 0 0 0 0 0 0 0 0 0 0 0 0 0 0 0 0 0 0 0 0 0 0 0 0 0 0 0 0 0 0 0 0 0 
0 0 0 0 0 0 0 0 0 0 0 0 0 0 0 0 0 0 0 0 0 0 0 0 0 0 0 0 0 0 0 0 0 0 0 0 0 0 0 0 0 0 0 0 0 0 0 0 0 0 0 0 0 0 0 0 0 0 0 0 0 0 0 0 0 0 0 0 0 0 0 0 0 0 0 0 0 0 0 0 0 0 0 0 0 0 0 0 0 0 0 0 0 0 0 0 0 0 0 0 0 0 0 0 0 0 0 0 0 0 0 0 0 0 0 0 0 0 0 0 0 0 0 0 0 0 0 0 0 0 0 0 0 0 0 0 0 0 0 0 0 0 0 0 0 0 0 0 0 0 0 0 0 0 0 0 0 0 0 0 0 0 0 0 0 0 0 0 0 0 0 0 0 0 0 0 
0 0 0 0 0 0 0 0 0 0 0 0 0 0 0 0 0 0 0 0 0 0 0 0 0 0 0 0 0 0 0 0 0 0 0 0 0 0 0 0 0 0 0 0 0 0 0 0 0 0 0 0 0 0 0 0 0 0 0 0 0 0 0 0 0 0 0 0 0 0 0 0 0 0 0 0 0 0 0 0 0 0 0 0 0 0 0 0 0 0 0 0 0 0 0 0 0 0 0 0 0 0 0 0 0 0 0 0 0 0 0 0 0 0 0 0 0 0 0 0 0 0 0 0 0 0 0 0 0 0 0 0 0 0 0 0 0 0 0 0 0 0 0 0 0 0 0 0 0 0 0 0 0 0 0 0 0 0 0 0 0 0 0 0 0 0 0 0 0 0 0 0 0 0 0 0 
0 0 0 0 0 0 0 0 0 0 0 0 0 0 0 0 0 0 0 0 0 0 0 0 0 0 0 0 0 0 0 0 0 0 0 0 0 0 0 0 0 0 0 0 0 0 0 0 0 0 0 0 0 0 0 0 0 0 0 0 0 0 0 0 0 0 0 0 0 0 0 0 0 0 0 0 0 0 0 0 0 0 0 0 0 0 0 0 0 0 0 0 0 0 0 0 0 0 0 0 0 0 0 0 0 0 0 0 0 0 0 0 0 0 0 0 0 0 0 0 0 0 0 0 0 0 0 0 0 0 0 0 0 0 0 0 0 0 0 0 0 0 0 0 0 0 0 0 0 0 0 0 0 0 0 0 0 0 0 0 0 0 0 0 0 0 0 0 0 0 0 0 0 0 0 0 
0 0 0 0 0 0 0 0 0 0 0 0 0 0 0 0 0 0 0 0 0 0 0 0 0 0 0 0 0 0 0 0 0 0 0 0 0 0 0 0 0 0 0 0 0 0 0 0 0 0 0 0 0 0 0 0 0 0 0 0 0 0 0 0 0 0 0 0 0 0 0 0 0 0 0 0 0 0 0 0 0 0 0 0 0 0 0 0 0 0 0 0 0 0 0 0 0 0 0 0 0 0 0 0 0 0 0 0 0 0 0 0 0 0 0 0 0 0 0 0 0 0 0 0 0 0 0 0 0 0 0 0 0 0 0 0 0 0 0 0 0 0 0 0 0 0 0 0 0 0 0 0 0 0 0 0 0 0 0 0 0 0 0 0 0 0 0 0 0 0 0 0 0 0 0 0 
0 0 0 0 0 0 0 0 0 0 0 0 0 0 0 0 0 0 0 0 0 0 0 0 0 0 0 0 0 0 0 0 0 0 0 0 0 0 0 0 0 0 0 0 0 0 0 0 0 0 0 0 0 0 0 0 0 0 0 0 0 0 0 0 0 0 0 0 0 0 0 0 0 0 0 0 0 0 0 0 0 0 0 0 0 0 0 0 0 0 0 0 0 0 0 0 0 0 0 0 0 0 0 0 0 0 0 0 0 0 0 0 0 0 0 0 0 0 0 0 0 0 0 0 0 0 0 0 0 0 0 0 0 0 0 0 0 0 0 0 0 0 0 0 0 0 0 0 0 0 0 0 0 0 0 0 0 0 0 0 0 0 0 0 0 0 0 0 0 0 0 0 0 0 0 0 
0 0 0 0 0 0 0 0 0 0 0 0 0 0 0 0 0 0 0 0 0 0 0 0 0 0 0 0 0 0 0 0 0 0 0 0 0 0 0 0 0 0 0 0 0 0 0 0 0 0 0 0 0 0 0 0 0 0 0 0 0 0 0 0 0 0 0 0 0 0 0 0 0 0 0 0 0 0 0 0 0 0 0 0 0 0 0 0 0 0 0 0 0 0 0 0 0 0 0 0 0 0 0 0 0 0 0 0 0 0 0 0 0 0 0 0 0 0 0 0 0 0 0 0 0 0 0 0 0 0 0 0 0 0 0 0 0 0 0 0 0 0 0 0 0 0 0 0 0 0 0 0 0 0 0 0 0 0 0 0 0 0 0 0 0 0 0 0 0 0 0 0 0 0 0 0 
0 0 0 0 0 0 0 0 0 0 0 0 0 0 0 0 0 0 0 0 0 0 0 0 0 0 0 0 0 0 0 0 0 0 0 0 0 0 0 0 0 0 0 0 0 0 0 0 0 0 0 0 0 0 0 0 0 0 0 0 0 0 0 0 0 0 0 0 0 0 0 0 0 0 0 0 0 0 0 0 0 0 0 0 0 0 0 0 0 0 0 0 0 0 0 0 0 0 0 0 0 0 0 0 0 0 0 0 0 0 0 0 0 0 0 0 0 0 0 0 0 0 0 0 0 0 0 0 0 0 0 0 0 0 0 0 0 0 0 0 0 0 0 0 0 0 0 0 0 0 0 0 0 0 0 0 0 0 0 0 0 0 0 0 0 0 0 0 0 0 0 0 0 0 0 0 
0 0 0 0 0 0 0 0 0 0 0 0 0 0 0 0 0 0 0 0 0 0 0 0 0 0 0 0 0 0 0 0 0 0 0 0 0 0 0 0 0 0 0 0 0 0 0 0 0 0 0 0 0 0 0 0 0 0 0 0 0 0 0 0 0 0 0 0 0 0 0 0 0 0 0 0 0 0 0 0 0 0 0 0 0 0 0 0 0 0 0 0 0 0 0 0 0 0 0 0 0 0 0 0 0 0 0 0 0 0 0 0 0 0 0 0 0 0 0 0 0 0 0 0 0 0 0 0 0 0 0 0 0 0 0 0 0 0 0 0 0 0 0 0 0 0 0 0 0 0 0 0 0 0 0 0 0 0 0 0 0 0 0 0 0 0 0 0 0 0 0 0 0 0 0 0 
0 0 0 0 0 0 0 0 0 0 0 0 0 0 0 0 0 0 0 0 0 0 0 0 0 0 0 0 0 0 0 0 0 0 0 0 0 0 0 0 0 0 0 0 0 0 0 0 0 0 0 0 0 0 0 0 0 0 0 0 0 0 0 0 0 0 0 0 0 0 0 0 0 0 0 0 0 0 0 0 0 0 0 0 0 0 0 0 0 0 0 0 0 0 0 0 0 0 0 0 0 0 0 0 0 0 0 0 0 0 0 0 0 0 0 0 0 0 0 0 0 0 0 0 0 0 0 0 0 0 0 0 0 0 0 0 0 0 0 0 0 0 0 0 0 0 0 0 0 0 0 0 0 0 0 0 0 0 0 0 0 0 0 0 0 0 0 0 0 0 0 0 0 0 0 0 
0 0 0 0 0 0 0 0 0 0 0 0 0 0 0 0 0 0 0 0 0 0 0 0 0 0 0 0 0 0 0 0 0 0 0 0 0 0 0 0 0 0 0 0 0 0 0 0 0 0 0 0 0 0 0 0 0 0 0 0 0 0 0 0 0 0 0 0 0 0 0 0 0 0 0 0 0 0 0 0 0 0 0 0 0 0 0 0 0 0 0 0 0 0 0 0 0 0 0 0 0 0 0 0 0 0 0 0 0 0 0 0 0 0 0 0 0 0 0 0 0 0 0 0 0 0 0 0 0 0 0 0 0 0 0 0 0 0 0 0 0 0 0 0 0 0 0 0 0 0 0 0 0 0 0 0 0 0 0 0 0 0 0 0 0 0 0 0 0 0 0 0 0 0 0 0 
0 0 0 0 0 0 0 0 0 0 0 0 0 0 0 0 0 0 0 0 0 0 0 0 0 0 0 0 0 0 0 0 0 0 0 0 0 0 0 0 0 0 0 0 0 0 0 0 0 0 0 0 0 0 0 0 0 0 0 0 0 0 0 0 0 0 0 0 0 0 0 0 0 0 0 0 0 0 0 0 0 0 0 0 0 0 0 0 0 0 0 0 0 0 0 0 0 0 0 0 0 0 0 0 0 0 0 0 0 0 0 0 0 0 0 0 0 0 0 0 0 0 0 0 0 0 0 0 0 0 0 0 0 0 0 0 0 0 0 0 0 0 0 0 0 0 0 0 0 0 0 0 0 0 0 0 0 0 0 0 0 0 0 0 0 0 0 0 0 0 0 0 0 0 0 0 
0 0 0 0 0 0 0 0 0 0 0 0 0 0 0 0 0 0 0 0 0 0 0 0 0 0 0 0 0 0 0 0 0 0 0 0 0 0 0 0 0 0 0 0 0 0 0 0 0 0 0 0 0 0 0 0 0 0 0 0 0 0 0 0 0 0 0 0 0 0 0 0 0 0 0 0 0 0 0 0 0 0 0 0 0 0 0 0 0 0 0 0 0 0 0 0 0 0 0 0 0 0 0 0 0 0 0 0 0 0 0 0 0 0 0 0 0 0 0 0 0 0 0 0 0 0 0 0 0 0 0 0 0 0 0 0 0 0 0 0 0 0 0 0 0 0 0 0 0 0 0 0 0 0 0 0 0 0 0 0 0 0 0 0 0 0 0 0 0 0 0 0 0 0 0 0 
0 0 0 0 0 0 0 0 0 0 0 0 0 0 0 0 0 0 0 0 0 0 0 0 0 0 0 0 0 0 0 0 0 0 0 0 0 0 0 0 0 0 0 0 0 0 0 0 0 0 0 0 0 0 0 0 0 0 0 0 0 0 0 0 0 0 0 0 0 0 0 0 0 0 0 0 0 0 0 0 0 0 0 0 0 0 0 0 0 0 0 0 0 0 0 0 0 0 0 0 0 0 0 0 0 0 0 0 0 0 0 0 0 0 0 0 0 0 0 0 0 0 0 0 0 0 0 0 0 0 0 0 0 0 0 0 0 0 0 0 0 0 0 0 0 0 0 0 0 0 0 0 0 0 0 0 0 0 0 0 0 0 0 0 0 0 0 0 0 0 0 0 0 0 0 0 
0 0 0 0 0 0 0 0 0 0 0 0 0 0 0 0 0 0 0 0 0 0 0 0 0 0 0 0 0 0 0 0 0 0 0 0 0 0 0 0 0 0 0 0 0 0 0 0 0 0 0 0 0 0 0 0 0 0 0 0 0 0 0 0 0 0 0 0 0 0 0 0 0 0 0 0 0 0 0 0 0 0 0 0 0 0 0 0 0 0 0 0 0 0 0 0 0 0 0 0 0 0 0 0 0 0 0 0 0 0 0 0 0 0 0 0 0 0 0 0 0 0 0 0 0 0 0 0 0 0 0 0 0 0 0 0 0 0 0 0 0 0 0 0 0 0 0 0 0 0 0 0 0 0 0 0 0 0 0 0 0 0 0 0 0 0 0 0 0 0 0 0 0 0 0 0 
0 0 0 0 0 0 0 0 0 0 0 0 0 0 0 0 0 0 0 0 0 0 0 0 0 0 0 0 0 0 0 0 0 0 0 0 0 0 0 0 0 0 0 0 0 0 0 0 0 0 0 0 0 0 0 0 0 0 0 0 0 0 0 0 0 0 0 0 0 0 0 0 0 0 0 0 0 0 0 0 0 0 0 0 0 0 0 0 0 0 0 0 0 0 0 0 0 0 0 0 0 0 0 0 0 0 0 0 0 0 0 0 0 0 0 0 0 0 0 0 0 0 0 0 0 0 0 0 0 0 0 0 0 0 0 0 0 0 0 0 0 0 0 0 0 0 0 0 0 0 0 0 0 0 0 0 0 0 0 0 0 0 0 0 0 0 0 0 0 0 0 0 0 0 0 0 
0 0 0 0 0 0 0 0 0 0 0 0 0 0 0 0 0 0 0 0 0 0 0 0 0 0 0 0 0 0 0 0 0 0 0 0 0 0 0 0 0 0 0 0 0 0 0 0 0 0 0 0 0 0 0 0 0 0 0 0 0 0 0 0 0 0 0 0 0 0 0 0 0 0 0 0 0 0 0 0 0 0 0 0 0 0 0 0 0 0 0 0 0 0 0 0 0 0 0 0 0 0 0 0 0 0 0 0 0 0 0 0 0 0 0 0 0 0 0 0 0 0 0 0 0 0 0 0 0 0 0 0 0 0 0 0 0 0 0 0 0 0 0 0 0 0 0 0 0 0 0 0 0 0 0 0 0 0 0 0 0 0 0 0 0 0 0 0 0 0 0 0 0 0 0 0 
0 0 0 0 0 0 0 0 0 0 0 0 0 0 0 0 0 0 0 0 0 0 0 0 0 0 0 0 0 0 0 0 0 0 0 0 0 0 0 0 0 0 0 0 0 0 0 0 0 0 0 0 0 0 0 0 0 0 0 0 0 0 0 0 0 0 0 0 0 0 0 0 0 0 0 0 0 0 0 0 0 0 0 0 0 0 0 0 0 0 0 0 0 0 0 0 0 0 0 0 0 0 0 0 0 0 0 0 0 0 0 0 0 0 0 0 0 0 0 0 0 0 0 0 0 0 0 0 0 0 0 0 0 0 0 0 0 0 0 0 0 0 0 0 0 0 0 0 0 0 0 0 0 0 0 0 0 0 0 0 0 0 0 0 0 0 0 0 0 0 0 0 0 0 0 0 
0 0 0 0 0 0 0 0 0 0 0 0 0 0 0 0 0 0 0 0 0 0 0 0 0 0 0 0 0 0 0 0 0 0 0 0 0 0 0 0 0 0 0 0 0 0 0 0 0 0 0 0 0 0 0 0 0 0 0 0 0 0 0 0 0 0 0 0 0 0 0 0 0 0 0 0 0 0 0 0 0 0 0 0 0 0 0 0 0 0 0 0 0 0 0 0 0 0 0 0 0 0 0 0 0 0 0 0 0 0 0 0 0 0 0 0 0 0 0 0 0 0 0 0 0 0 0 0 0 0 0 0 0 0 0 0 0 0 0 0 0 0 0 0 0 0 0 0 0 0 0 0 0 0 0 0 0 0 0 0 0 0 0 0 0 0 0 0 0 0 0 0 0 0 0 0 
0 0 0 0 0 0 0 0 0 0 0 0 0 0 0 0 0 0 0 0 0 0 0 0 0 0 0 0 0 0 0 0 0 0 0 0 0 0 0 0 0 0 0 0 0 0 0 0 0 0 0 0 0 0 0 0 0 0 0 0 0 0 0 0 0 0 0 0 0 0 0 0 0 0 0 0 0 0 0 0 0 0 0 0 0 0 0 0 0 0 0 0 0 0 0 0 0 0 0 0 0 0 0 0 0 0 0 0 0 0 0 0 0 0 0 0 0 0 0 0 0 0 0 0 0 0 0 0 0 0 0 0 0 0 0 0 0 0 0 0 0 0 0 0 0 0 0 0 0 0 0 0 0 0 0 0 0 0 0 0 0 0 0 0 0 0 0 0 0 0 0 0 0 0 0 0 
0 0 0 0 0 0 0 0 0 0 0 0 0 0 0 0 0 0 0 0 0 0 0 0 0 0 0 0 0 0 0 0 0 0 0 0 0 0 0 0 0 0 0 0 0 0 0 0 0 0 0 0 0 0 0 0 0 0 0 0 0 0 0 0 0 0 0 0 0 0 0 0 0 0 0 0 0 0 0 0 0 0 0 0 0 0 0 0 0 0 0 0 0 0 0 0 0 0 0 0 0 0 0 0 0 0 0 0 0 0 0 0 0 0 0 0 0 0 0 0 0 0 0 0 0 0 0 0 0 0 0 0 0 0 0 0 0 0 0 0 0 0 0 0 0 0 0 0 0 0 0 0 0 0 0 0 0 0 0 0 0 0 0 0 0 0 0 0 0 0 0 0 0 0 0 0 
