94 102 89 90 87 82 92 89 85 87 81 79 83 81 85 89 83 77 83 80 80 80 80 78 83 82 84 87 92 87 92 84 80 84 81 83 73 76 77 78 78 83 82 82 81 81 78 82 79 81 80 80 79 80 80 78 84 82 79 78 80 81 72 68 73 81 80 81 80 84 80 80 78 83 80 83 77 82 75 86 77 85 79 78 78 84 81 79 66 71 76 84 78 85 80 79 82 76 80 85 77 78 81 81 86 80 83 79 84 85 84 84 86 82 69 80 86 88 86 85 86 84 86 88 91 89 95 89 83 91 94 87 93 90 94 92 93 92 95 86 87 91 97 93 101 97 100 101 97 105 105 105 110 103 115 113 114 112 100 88 78 77 83 83 79 81 77 86 83 83 81 91 90 98 103 108 
96 95 85 87 92 87 89 83 84 85 83 80 73 80 76 76 71 80 84 83 81 84 85 81 85 83 87 79 88 86 82 83 81 80 85 87 83 75 70 73 79 83 77 77 80 81 80 78 75 80 78 76 76 77 75 79 76 80 75 81 77 80 73 67 66 78 79 79 78 82 81 82 83 81 82 76 80 76 78 79 78 80 81 79 84 84 78 73 70 71 79 78 79 83 81 81 86 80 84 84 82 87 78 81 81 83 81 81 82 80 84 86 80 80 66 80 81 86 90 88 89 90 90 90 88 90 93 95 85 93 95 87 89 92 93 89 96 97 95 84 88 96 100 99 99 98 103 90 103 97 105 103 103 112 113 109 104 97 83 80 78 80 79 81 81 79 83 83 86 84 86 85 93 95 102 100 
93 82 85 84 83 83 82 82 83 83 82 82 81 80 79 79 79 80 80 81 82 81 81 81 82 81 82 83 83 82 82 81 80 80 79 79 78 77 75 75 75 76 77 77 77 78 78 77 78 78 77 77 77 76 77 77 77 78 78 78 77 76 74 74 73 74 75 77 78 78 78 79 79 79 78 78 78 79 78 79 79 79 79 80 80 80 78 76 75 75 75 77 79 79 79 79 79 79 79 80 80 80 79 80 80 80 81 81 81 81 81 80 78 78 78 79 81 83 85 85 86 86 87 87 88 88 88 88 89 90 90 91 91 91 91 91 91 90 89 90 91 93 95 96 97 97 98 98 99 101 102 104 105 105 103 99 95 90 85 82 80 79 79 78 78 79 78 79 81 83 85 88 91 96 100 105 
81 85 83 82 81 81 81 80 81 81 81 81 80 79 77 77 77 78 79 80 80 80 80 80 81 81 81 81 81 80 79 79 79 79 78 79 78 77 75 74 74 74 74 75 76 77 77 76 77 76 76 76 76 75 75 76 75 76 76 77 76 75 74 73 72 74 75 76 77 78 78 79 79 79 79 79 79 80 80 80 81 81 82 82 83 83 81 79 79 78 79 80 81 82 82 81 82 82 82 83 83 83 82 82 82 82 82 83 82 83 82 81 80 80 79 80 82 84 85 86 86 86 86 86 87 87 87 87 88 89 89 89 89 90 89 89 89 89 88 89 90 92 94 95 96 96 97 97 98 100 101 102 103 101 98 93 88 83 80 78 77 77 77 77 77 77 77 78 80 82 84 87 90 95 95 111 
75 79 80 79 79 79 79 79 80 81 80 81 79 78 77 77 76 77 77 78 79 79 78 79 80 79 79 79 79 78 78 78 77 77 77 77 77 76 74 74 72 72 72 73 74 75 75 75 75 75 74 75 75 75 75 76 75 76 77 78 78 78 77 77 77 78 79 80 81 82 82 82 83 83 83 84 84 85 85 85 85 86 86 87 88 88 87 85 85 84 85 85 86 87 86 86 86 87 86 87 88 87 87 87 87 87 88 88 88 88 87 86 85 86 86 87 88 89 90 89 89 89 90 89 90 89 89 89 89 90 91 90 90 90 89 89 88 88 88 89 90 92 92 94 94 95 95 96 97 99 100 101 100 97 92 87 83 80 78 77 76 76 76 76 75 75 73 74 78 81 83 87 90 95 93 107 
78 79 78 78 78 79 79 79 79 80 80 80 79 79 77 76 74 75 74 75 76 76 76 77 78 77 78 78 78 77 76 76 76 76 75 76 76 75 74 73 72 71 72 73 74 75 76 76 76 77 77 77 78 78 78 79 79 80 81 82 82 83 82 82 83 84 85 85 86 86 86 86 87 87 87 88 88 88 88 88 88 89 90 91 92 92 92 91 90 90 90 90 90 91 91 90 91 92 92 92 93 92 92 92 92 92 92 93 93 93 92 92 92 92 92 93 93 94 94 94 94 94 94 94 94 94 94 94 94 95 95 95 95 95 94 93 92 93 92 92 93 95 95 95 95 96 96 96 97 99 99 99 97 93 88 83 79 77 76 75 75 75 74 74 73 74 0 74 79 80 83 86 89 94 103 98 
81 73 78 78 78 78 78 78 78 78 78 78 77 77 75 74 73 73 72 73 74 74 74 75 76 76 76 76 76 75 75 75 75 75 75 77 77 77 77 76 75 75 75 77 78 80 80 80 81 81 81 82 82 82 82 83 83 84 85 86 86 87 87 87 88 89 90 90 90 90 89 90 90 91 91 92 92 92 92 92 93 94 95 96 97 97 97 96 96 96 95 95 95 95 95 95 96 96 96 97 98 98 97 97 97 97 97 98 98 98 98 98 98 99 98 98 99 99 99 99 99 98 98 98 98 98 98 98 98 99 99 99 99 98 98 97 97 98 98 97 98 99 99 99 99 100 99 100 100 102 101 100 96 91 85 80 77 75 75 74 74 73 73 73 73 0 0 0 77 79 81 84 87 92 93 106 
78 77 77 77 77 77 77 77 76 76 76 76 75 75 74 73 72 72 71 71 72 72 72 73 74 74 75 75 75 75 76 77 77 78 79 80 80 81 80 80 79 79 80 81 82 83 84 84 84 85 85 85 86 86 86 87 87 88 89 90 90 91 92 92 93 94 94 95 95 95 94 95 95 96 96 97 98 97 97 98 98 99 100 101 101 102 102 102 101 101 101 100 100 101 101 101 102 102 102 103 103 103 103 102 103 103 103 103 103 104 104 104 104 105 105 105 105 105 104 104 104 104 104 104 104 104 104 103 103 103 103 103 103 103 102 103 102 102 102 102 102 103 103 103 103 104 103 103 104 106 105 102 98 91 84 78 76 75 74 73 73 71 71 70 0 0 0 0 74 77 79 83 86 91 94 102 
0 77 76 76 76 76 76 75 75 74 73 74 73 73 72 72 72 72 71 71 72 72 72 74 74 75 77 77 78 78 79 79 80 80 81 82 83 84 83 83 83 83 84 85 86 87 88 88 88 88 89 89 90 90 91 91 92 92 93 94 95 96 96 97 98 99 98 98 98 98 97 97 98 99 100 101 101 100 100 100 100 100 102 102 103 103 103 103 103 103 103 102 102 102 102 102 103 103 104 104 104 105 105 105 105 106 106 106 106 106 106 107 108 108 108 108 108 108 108 108 109 109 109 109 110 109 109 109 108 109 108 108 109 109 108 108 107 107 107 107 107 107 107 107 107 108 108 108 109 110 109 105 99 92 84 78 75 74 73 72 71 71 70 0 0 0 0 0 73 75 78 82 84 90 90 100 
73 79 74 75 74 75 74 74 73 73 72 73 72 72 72 73 73 74 73 73 74 74 74 76 76 78 79 80 80 81 81 81 82 83 84 85 86 87 87 87 88 88 88 90 91 92 92 92 93 93 93 94 94 94 95 95 95 95 96 96 96 97 97 97 98 99 98 98 98 97 97 97 98 99 99 100 100 100 99 99 99 100 101 101 102 103 103 103 102 102 102 101 101 101 101 102 102 102 103 103 103 104 104 104 104 105 104 104 105 105 106 106 107 107 107 107 107 107 107 107 108 108 109 110 111 111 110 110 110 110 110 111 111 112 111 112 111 111 111 111 110 111 111 111 111 112 112 112 113 115 114 109 103 95 86 78 75 74 72 70 69 69 0 0 0 0 0 0 72 74 77 80 82 88 97 93 
70 75 73 73 73 74 73 74 74 74 73 74 74 74 74 75 75 76 76 76 77 77 77 78 78 80 81 82 83 83 84 84 85 85 87 88 89 90 91 91 91 92 92 93 93 94 93 94 93 94 94 94 94 94 94 94 94 94 94 95 95 96 96 96 96 97 96 96 96 96 95 95 96 97 98 99 99 99 99 99 99 99 100 100 101 101 101 101 101 100 100 99 99 100 99 100 100 101 101 101 101 101 102 102 103 103 102 102 103 103 103 104 104 105 105 105 106 106 106 106 106 107 107 108 109 110 109 109 109 109 108 109 110 111 111 111 111 110 111 111 111 111 112 112 112 113 114 115 116 117 118 113 106 97 88 79 74 73 71 70 70 0 0 0 0 0 0 0 70 73 75 78 81 87 93 101 
74 70 72 73 74 75 75 76 76 76 75 75 75 76 76 77 77 78 79 79 79 80 80 81 81 82 83 84 85 86 87 87 88 88 89 90 91 91 91 91 91 91 92 92 92 93 92 93 92 93 92 93 93 93 92 92 92 92 92 92 92 92 92 91 91 91 91 91 91 91 91 91 92 94 95 97 98 98 98 98 98 98 99 98 98 97 96 94 94 93 93 92 92 93 93 93 93 93 93 93 93 94 95 95 96 96 96 96 97 97 98 98 99 99 99 99 99 100 99 100 100 101 102 104 106 107 108 108 108 108 108 109 110 110 110 111 110 109 110 110 110 110 110 110 110 111 112 113 115 117 118 114 107 98 89 79 73 72 70 69 0 0 0 0 0 0 0 0 69 72 74 77 80 86 90 101 
71 68 74 74 76 77 76 77 78 77 77 77 77 77 78 79 80 81 82 82 83 84 83 84 84 85 85 86 86 87 87 87 87 87 88 89 89 90 90 90 89 89 89 89 89 90 88 88 88 88 88 88 88 87 86 85 85 86 87 89 91 91 90 89 89 89 89 89 90 90 90 88 89 91 92 94 97 97 97 98 97 98 98 97 96 94 93 91 92 91 91 90 90 90 90 90 91 91 90 91 91 92 92 93 93 94 94 94 95 96 96 97 97 97 97 97 97 97 97 98 99 99 98 99 101 103 104 106 107 107 107 108 109 109 109 110 110 109 109 109 109 109 109 109 109 110 110 112 113 115 117 114 106 98 90 79 72 71 68 0 0 0 0 0 0 0 0 0 70 72 74 77 80 84 89 97 
69 68 75 75 77 78 77 79 80 79 79 79 79 80 80 82 82 83 83 84 84 85 84 84 84 84 84 85 85 86 86 86 87 87 87 87 87 86 85 84 83 83 83 84 85 87 87 87 87 87 86 87 86 86 84 83 84 84 86 87 90 89 89 87 87 86 87 87 88 88 88 84 87 89 90 92 96 97 97 97 97 97 97 94 93 92 90 87 89 88 87 86 86 86 86 87 87 87 87 87 87 87 88 89 89 90 91 90 91 92 93 94 94 95 94 94 94 95 95 95 96 97 95 95 98 100 101 104 106 106 106 107 108 108 109 109 109 109 109 108 108 107 108 107 107 108 108 109 111 113 115 113 105 98 91 80 72 70 0 0 0 0 0 0 0 0 0 0 69 72 74 76 78 83 86 90 
77 77 77 77 79 80 79 81 81 81 81 81 81 81 81 82 82 83 83 83 83 84 83 83 84 83 83 84 84 85 86 86 86 85 85 85 85 84 84 83 82 81 81 82 83 85 86 85 85 85 84 84 83 82 80 78 79 80 82 84 88 87 86 84 83 81 83 83 84 84 84 79 83 86 89 91 96 97 97 97 97 97 97 93 91 88 85 80 82 81 81 80 80 80 80 80 80 81 80 80 80 81 82 82 83 84 85 84 85 87 88 89 89 90 88 88 88 89 89 90 91 92 89 88 93 96 98 102 105 106 106 107 107 108 108 108 108 108 108 108 107 107 107 106 106 106 107 107 109 111 113 111 104 99 92 82 71 0 0 0 0 0 0 0 0 0 0 0 0 71 73 75 77 81 83 92 
78 78 79 80 81 81 80 81 81 80 80 80 80 80 81 81 82 82 83 82 83 83 83 84 84 84 83 83 84 85 86 86 86 85 85 83 83 82 81 80 78 77 76 77 79 82 83 82 82 81 80 80 79 77 75 72 72 73 74 77 82 80 78 75 72 69 71 71 73 74 75 71 79 84 88 90 96 97 97 98 98 97 97 92 89 85 80 71 69 68 68 67 67 67 67 67 67 66 65 66 67 68 70 71 71 73 74 74 76 78 79 81 81 80 77 76 74 75 76 78 79 80 77 78 87 93 96 100 105 106 106 106 107 107 107 108 108 108 108 108 107 106 106 106 105 105 106 106 107 109 111 110 103 100 95 86 72 0 0 0 0 0 0 0 0 0 0 0 0 71 73 75 77 80 82 99 
84 82 80 80 81 81 80 80 80 80 80 80 80 81 81 81 81 81 81 80 81 82 82 83 84 84 84 84 84 85 86 86 85 84 83 81 80 78 77 75 72 70 69 70 71 74 74 72 72 72 71 71 69 66 61 57 55 0 0 0 0 0 0 0 0 0 0 0 0 0 0 70 81 86 88 90 96 97 97 98 98 98 96 91 89 87 82 71 0 0 0 0 0 0 0 0 0 0 0 0 0 0 0 0 0 0 0 0 0 0 0 0 0 0 0 0 0 0 0 0 0 0 0 70 84 91 94 98 104 105 105 106 106 106 107 107 107 107 107 107 106 106 106 105 105 105 105 105 106 108 110 109 103 101 97 88 73 0 0 0 0 0 0 0 0 0 0 0 0 70 72 74 76 78 87 83 
81 74 79 80 80 80 79 79 79 79 79 79 80 80 80 80 80 79 79 77 78 80 81 82 84 84 84 84 84 84 85 85 85 82 81 79 76 71 67 64 62 58 56 0 0 0 0 0 0 0 0 0 0 0 0 0 0 0 0 0 0 0 0 0 0 0 0 0 0 0 0 72 82 87 90 91 96 98 97 98 98 97 96 90 89 86 80 68 0 0 0 0 0 0 0 0 0 0 0 0 0 0 0 0 0 0 0 0 0 0 0 0 0 0 0 0 0 0 0 0 0 0 0 71 85 91 95 97 104 105 105 106 106 106 106 106 106 106 107 106 106 106 106 105 105 104 104 104 105 106 108 108 102 102 99 92 76 0 0 0 0 0 0 0 0 0 0 0 0 69 72 73 75 78 84 84 
76 79 79 79 79 79 79 79 79 79 79 79 79 80 80 79 78 79 78 76 78 80 81 81 84 84 84 84 85 85 85 85 85 81 80 78 75 67 0 0 0 0 0 0 0 0 0 0 0 0 0 0 0 0 0 0 0 0 0 0 0 0 0 0 0 0 0 0 0 0 0 73 82 87 90 91 96 97 97 97 97 97 96 90 88 85 80 67 0 0 0 0 0 0 0 0 0 0 0 0 0 0 0 0 0 0 0 0 0 0 0 0 0 0 0 0 0 0 0 0 0 0 0 69 83 90 94 96 104 105 105 106 106 106 106 106 106 106 106 106 106 105 105 105 104 104 104 104 104 105 107 107 102 101 99 93 78 0 0 0 0 0 0 0 0 0 0 0 0 68 71 73 75 77 74 85 
74 80 78 78 78 78 78 77 78 78 78 78 79 79 79 78 78 76 75 73 75 77 80 81 84 84 84 84 85 85 85 85 85 80 79 77 73 63 0 0 0 0 0 0 0 0 0 0 0 0 0 0 0 0 0 0 0 0 0 0 0 0 49 48 48 49 48 0 0 0 0 72 81 86 89 90 95 97 96 97 97 97 96 90 88 85 79 66 0 0 0 0 0 0 0 0 0 0 0 0 0 0 0 0 0 0 0 0 0 0 0 0 0 0 0 0 0 0 0 0 0 0 0 67 82 89 93 96 103 105 105 105 105 105 106 106 106 106 106 106 106 105 105 104 104 103 103 103 103 104 105 107 102 101 99 95 80 0 0 0 0 0 0 0 0 0 0 0 0 67 71 73 74 77 80 86 
81 75 76 76 77 77 78 78 78 78 78 78 78 79 79 77 76 74 71 68 72 75 78 80 83 83 83 84 84 85 85 85 84 79 78 75 70 58 0 0 0 0 0 0 0 0 0 0 0 0 0 0 0 0 0 0 0 0 0 0 0 53 52 51 50 50 49 47 0 0 0 73 82 87 89 90 95 96 96 96 96 97 95 90 88 86 80 68 0 0 0 0 0 0 0 0 0 0 0 0 0 0 0 0 0 0 0 0 0 0 0 0 0 0 0 0 0 0 0 0 0 0 0 68 82 90 93 95 103 105 105 105 105 105 106 105 105 105 105 105 105 105 105 105 104 104 103 103 103 104 105 107 102 100 98 94 78 0 0 0 0 0 0 0 0 0 0 0 0 66 70 72 74 76 80 93 
79 76 76 76 76 76 77 77 76 77 77 76 77 77 77 76 75 72 69 66 69 74 77 79 82 82 83 84 84 84 85 85 85 80 78 76 70 55 0 0 0 0 0 0 0 0 0 0 0 0 0 0 0 0 0 0 0 0 0 0 46 50 50 49 49 49 48 46 46 0 0 66 81 86 89 90 95 96 96 96 96 96 95 90 88 86 80 67 0 0 0 0 0 0 0 0 0 0 0 0 0 0 0 0 0 0 0 0 0 0 0 0 0 0 0 0 0 0 0 0 0 0 0 69 82 90 93 95 103 105 105 105 105 105 105 105 104 104 104 105 105 104 104 104 103 103 103 102 102 103 104 106 103 99 97 93 79 0 0 0 0 0 0 0 0 0 0 0 0 0 70 72 74 76 80 84 
72 74 76 75 75 75 76 76 76 77 77 76 77 77 77 76 74 72 70 68 71 75 77 79 82 82 83 84 84 84 85 85 84 80 79 76 70 0 0 0 0 0 0 0 0 0 0 0 0 0 0 0 0 0 0 0 0 0 0 0 46 50 50 49 49 49 48 46 46 0 0 65 80 85 88 90 95 96 96 96 96 96 95 90 88 86 80 69 0 0 0 0 0 0 0 0 0 0 0 0 0 0 0 0 0 0 0 0 0 0 0 0 0 0 0 0 0 0 0 0 0 0 0 68 81 89 92 95 102 105 105 105 105 105 104 105 104 105 104 105 105 105 104 104 103 102 102 102 102 103 104 106 103 98 95 91 78 0 0 0 0 0 0 0 0 0 0 0 0 0 68 72 74 76 78 81 
76 82 75 75 75 75 76 76 76 76 76 76 76 77 77 76 74 72 71 70 72 76 78 80 82 82 83 84 84 84 85 85 84 80 79 77 70 0 0 0 0 0 0 0 0 0 0 0 0 0 0 0 0 0 0 0 0 0 0 0 46 50 51 50 49 50 48 46 46 0 0 62 79 84 88 89 95 96 96 96 96 96 95 90 89 86 81 70 0 0 0 0 0 0 0 0 0 0 0 0 0 0 0 0 0 0 0 0 0 0 0 0 0 0 0 0 0 0 0 0 0 0 0 66 80 88 92 94 102 105 105 105 105 105 104 104 104 104 104 105 105 104 104 103 102 102 102 101 101 102 104 106 104 97 95 91 79 62 0 0 0 0 0 0 0 0 0 0 0 0 67 72 74 75 77 81 
72 74 74 74 74 75 75 76 76 76 76 76 76 76 76 76 74 74 73 73 75 77 79 80 81 82 83 83 84 85 85 85 84 81 81 78 72 0 0 0 0 0 0 0 0 0 0 0 0 0 0 0 0 0 0 0 0 0 0 0 0 51 51 50 50 50 47 46 0 0 0 62 79 84 88 90 96 97 96 96 96 96 95 90 88 85 80 69 0 0 0 0 0 0 0 0 0 0 0 0 0 0 0 0 0 0 0 0 0 0 0 0 0 0 0 0 0 0 0 0 0 0 0 67 80 88 92 94 102 104 104 105 104 105 104 104 104 104 104 104 104 104 104 103 102 102 102 102 102 103 104 106 105 97 95 91 80 64 0 0 0 0 0 0 0 0 0 0 0 0 66 70 72 75 79 85 
72 73 74 74 74 75 75 76 76 76 76 76 76 76 77 76 75 75 75 75 76 79 80 80 81 82 83 83 84 84 85 84 83 82 82 80 75 0 0 0 0 0 0 0 0 0 0 0 0 0 0 0 0 0 0 0 0 0 0 0 0 0 46 46 47 47 0 0 0 0 0 59 78 84 87 89 96 96 96 96 96 95 95 89 88 85 80 68 0 0 0 0 0 0 0 0 0 0 0 0 0 0 0 0 0 0 0 0 0 0 0 0 0 0 0 0 0 0 0 0 0 0 0 63 78 86 91 94 102 105 105 105 105 105 104 104 104 104 104 104 104 104 104 102 102 101 101 101 102 102 103 105 104 97 95 91 82 65 0 0 0 0 0 0 0 0 0 0 0 0 64 69 72 74 78 76 
73 69 73 74 74 75 75 76 76 76 76 76 76 76 77 77 77 77 77 78 79 80 81 81 81 82 83 83 84 84 85 84 82 81 80 78 72 0 0 0 0 0 0 0 0 0 0 0 0 0 0 0 0 0 0 0 0 0 0 0 0 0 0 0 0 0 0 0 0 0 0 63 78 84 88 89 96 96 96 96 96 95 94 89 88 85 79 67 0 0 0 0 0 0 0 0 0 0 0 0 0 0 0 0 0 0 0 0 0 0 0 0 0 0 0 0 0 0 0 0 0 0 0 59 75 85 90 93 102 104 104 104 104 104 104 104 104 104 104 104 103 103 103 102 102 101 101 101 101 102 103 105 105 97 96 93 84 68 0 0 0 0 0 0 0 0 0 0 0 0 63 68 71 73 74 87 
76 75 73 74 74 74 74 75 75 75 75 75 75 76 76 77 77 78 78 78 79 80 80 81 81 82 83 83 84 84 84 84 81 80 79 76 69 0 0 0 0 0 0 0 0 0 0 0 0 0 0 0 0 0 0 0 0 0 0 0 0 0 0 0 0 0 0 0 0 0 0 64 79 85 88 89 96 96 96 95 95 96 95 89 87 84 78 65 0 0 0 0 0 0 0 0 0 0 0 0 0 0 0 0 0 0 0 0 0 0 0 0 0 0 0 0 0 0 0 0 0 0 0 54 73 83 88 92 102 104 104 104 104 104 104 104 104 103 103 103 103 103 102 101 102 101 101 101 102 102 102 104 104 98 97 94 87 71 0 0 0 0 0 0 0 0 0 0 0 0 63 68 70 73 78 81 
72 72 73 73 74 74 74 74 74 74 74 75 75 76 77 78 78 78 79 79 79 80 80 80 81 81 82 82 84 84 84 84 81 80 78 75 67 0 0 0 0 0 0 0 0 0 0 0 0 0 0 0 0 0 0 0 0 0 0 0 0 0 0 0 0 0 0 0 0 0 0 65 79 85 88 90 96 96 96 95 95 96 95 89 87 84 78 64 0 0 0 0 0 0 0 0 0 0 0 0 0 0 0 0 0 0 0 0 0 0 0 0 0 0 0 0 0 0 0 0 0 0 0 51 71 82 87 91 102 104 104 104 104 104 104 104 104 104 103 103 103 102 102 101 102 102 101 101 102 101 102 103 104 98 97 95 88 72 0 0 0 0 0 0 0 0 0 0 0 0 64 67 69 72 72 75 
74 73 73 73 73 74 74 74 74 74 74 74 74 75 76 78 78 78 78 79 79 79 80 80 81 81 82 82 83 83 83 83 80 79 77 75 67 0 0 0 0 0 0 0 0 0 0 0 0 0 0 0 0 0 0 0 0 0 0 0 0 0 0 0 0 0 0 0 0 0 0 67 80 86 88 90 95 96 96 96 96 96 95 89 87 84 78 64 0 0 0 0 0 0 0 0 0 0 0 0 0 0 0 0 0 0 0 0 0 0 0 0 0 0 0 0 0 0 0 0 0 0 0 47 68 80 86 90 101 104 104 104 104 104 104 104 104 104 103 103 102 102 102 101 101 101 100 100 101 100 101 103 104 98 97 95 89 72 0 0 0 0 0 0 0 0 0 0 0 0 64 67 69 71 73 80 
73 73 72 72 73 73 73 73 73 73 73 73 74 75 76 77 77 77 78 78 79 79 80 80 81 81 82 82 82 83 83 83 80 79 78 75 67 0 0 0 0 0 0 0 0 0 0 0 0 0 0 0 0 0 0 0 0 0 0 0 0 0 0 0 0 0 0 0 0 0 0 68 80 86 88 90 95 96 96 96 97 96 96 89 87 84 77 62 0 0 0 0 0 0 0 0 0 0 0 0 0 0 0 0 0 0 0 0 0 0 0 0 0 0 0 0 0 0 0 0 0 0 0 45 67 79 85 89 100 103 103 104 104 104 104 104 104 104 103 104 103 103 102 101 101 101 100 100 101 100 101 103 105 99 96 94 88 70 0 0 0 0 0 0 0 0 0 0 0 0 65 68 70 72 75 78 
72 67 72 72 72 73 73 73 73 73 73 73 74 74 75 76 76 77 77 78 78 79 80 81 81 81 82 82 82 82 83 83 80 79 77 75 67 0 0 0 0 0 0 0 0 0 0 0 0 0 0 0 0 0 0 0 0 0 0 0 0 0 0 0 0 0 0 0 0 0 0 69 80 85 88 90 95 96 97 97 97 97 96 89 87 84 77 61 0 0 0 0 0 0 0 0 0 0 0 0 0 0 0 0 0 0 0 0 0 0 0 0 0 0 0 0 0 0 0 0 0 0 0 44 68 80 86 90 100 103 103 104 104 104 104 104 104 103 103 103 103 102 102 101 101 101 101 101 101 100 101 102 104 99 96 94 89 71 0 0 0 0 0 0 0 0 0 0 0 0 0 67 69 72 69 80 
71 72 71 71 72 73 73 73 73 73 73 74 74 75 75 76 76 77 77 78 79 80 80 81 81 81 81 82 82 82 83 83 80 79 78 75 68 0 0 0 0 0 0 0 0 0 0 0 0 0 0 0 0 0 0 0 0 0 0 0 0 0 0 0 0 0 0 0 0 0 0 70 80 85 88 89 95 96 97 97 97 97 96 89 87 84 78 63 0 0 0 0 0 0 0 0 0 0 0 0 0 0 0 0 0 0 0 0 0 0 0 0 0 0 0 0 0 0 0 0 0 0 0 0 70 82 88 91 99 103 103 104 104 104 104 104 103 104 104 103 103 103 102 102 102 101 101 101 100 100 101 102 104 99 97 95 91 74 0 0 0 0 0 0 0 0 0 0 0 0 0 67 69 72 76 78 
70 68 71 71 72 72 73 73 74 74 73 73 74 75 75 76 76 76 77 78 78 79 80 81 81 81 81 82 82 82 83 83 80 79 77 75 68 0 0 0 0 0 0 0 0 0 0 0 0 0 0 0 0 0 0 0 0 0 0 0 0 0 0 0 0 0 0 0 0 0 0 71 82 86 88 90 95 96 97 97 97 96 96 88 84 81 74 57 0 0 0 0 0 0 0 0 0 0 0 0 0 0 0 0 0 0 0 0 0 0 0 0 0 0 0 0 0 0 0 0 0 0 0 0 72 84 90 93 99 103 103 103 103 103 103 104 103 103 103 103 103 103 102 102 101 101 100 100 100 100 101 102 104 100 98 96 92 76 0 0 0 0 0 0 0 0 0 0 0 0 0 68 71 73 69 82 
64 69 71 71 72 73 73 74 74 74 73 74 74 75 75 76 76 77 77 78 79 79 80 81 81 81 81 82 82 83 84 83 79 78 76 73 64 0 0 0 0 0 0 0 0 0 0 0 0 0 0 0 0 0 0 0 0 0 0 0 0 0 0 0 0 0 0 0 0 0 0 72 82 86 89 90 95 97 97 97 97 96 96 88 82 78 70 53 0 0 0 0 0 0 0 0 0 0 0 0 0 0 0 0 0 0 0 0 0 0 0 0 0 0 0 0 0 0 0 0 0 0 0 0 75 87 92 95 98 103 103 103 103 103 103 103 103 103 103 103 103 103 102 102 102 101 101 101 100 100 100 102 104 101 97 96 91 76 0 0 0 0 0 0 0 0 0 0 0 0 0 71 73 75 75 73 
75 69 71 71 72 73 73 74 74 74 74 75 75 75 76 77 76 77 77 78 79 80 80 80 81 81 81 82 83 83 84 83 79 78 75 72 63 0 0 0 0 0 0 0 0 0 0 0 0 0 0 0 0 0 0 0 0 0 0 0 0 0 0 0 0 0 0 0 0 0 0 74 83 87 89 91 95 96 96 96 96 96 95 88 80 76 67 51 0 0 0 0 0 0 0 0 0 0 0 0 0 0 0 0 0 0 0 0 0 0 0 0 0 0 0 0 0 0 0 0 0 0 0 0 80 90 95 97 99 103 104 103 103 103 102 103 103 103 103 103 103 102 102 102 101 101 101 100 100 99 100 101 104 102 98 97 94 80 0 0 0 0 0 0 0 0 0 0 0 0 0 68 72 73 77 75 
72 71 71 71 72 72 73 73 74 74 74 75 75 75 76 76 76 77 77 78 79 80 80 80 81 81 81 82 83 84 84 83 79 77 75 72 62 0 0 0 0 0 0 0 0 0 0 0 0 0 0 0 0 0 0 0 0 0 0 0 0 0 0 0 0 0 0 0 0 0 0 77 85 88 90 91 95 96 96 96 96 96 95 88 78 74 65 50 39 0 0 0 0 0 0 0 0 0 0 0 0 0 0 0 0 0 0 0 0 0 0 0 0 0 0 0 0 0 0 0 0 0 0 0 79 90 94 97 98 103 103 103 103 103 103 103 103 103 103 103 102 102 101 101 101 101 100 100 100 99 100 101 105 103 98 97 93 80 0 0 0 0 0 0 0 0 0 0 0 0 0 69 73 73 81 78 
67 74 71 72 72 72 72 73 73 73 74 74 74 75 76 77 77 77 78 78 79 79 80 80 81 81 82 83 84 84 84 83 78 76 74 70 59 0 0 0 0 0 0 0 0 0 0 0 0 0 0 0 0 0 0 0 0 0 0 0 0 0 0 0 0 0 0 0 0 0 0 78 85 89 90 92 95 96 96 96 96 96 95 88 76 72 63 48 39 0 0 0 0 0 0 0 0 0 0 0 0 0 0 0 0 0 0 0 0 0 0 0 0 0 0 0 0 0 0 0 0 0 0 0 77 89 94 97 98 103 104 103 103 103 103 102 103 103 102 103 102 102 101 101 100 100 100 99 100 100 100 101 105 104 97 96 92 80 60 0 0 0 0 0 0 0 0 0 0 0 0 68 72 73 76 72 
66 68 71 71 72 71 71 72 73 73 73 74 74 75 76 76 76 77 78 78 79 79 80 80 81 81 82 83 84 84 84 83 77 75 73 67 55 0 0 0 0 0 0 0 0 0 0 0 0 0 0 0 0 0 0 0 0 0 0 0 0 0 0 0 0 0 0 0 0 0 0 79 86 89 91 92 96 96 96 96 96 96 95 87 76 71 63 48 39 0 0 0 0 0 0 0 0 0 0 0 0 0 0 0 0 0 0 0 0 0 0 0 0 0 0 0 0 0 0 0 0 0 0 0 76 89 94 96 98 103 104 104 104 104 103 103 103 103 103 103 103 102 102 101 100 100 100 100 100 100 100 101 105 104 97 96 92 80 62 0 0 0 0 0 0 0 0 0 0 0 0 66 71 72 73 73 
67 72 71 72 72 72 71 71 72 73 73 74 75 75 75 76 76 76 77 78 79 79 80 80 81 82 82 83 83 83 83 82 76 74 71 66 52 0 0 0 0 0 0 0 0 0 0 0 0 0 0 0 0 0 0 0 0 0 0 0 0 0 0 0 0 0 0 0 0 0 0 81 87 90 92 93 96 97 96 96 96 96 95 87 76 72 63 48 39 0 0 0 0 0 0 0 0 0 0 0 0 0 0 0 0 0 0 0 0 0 0 0 0 0 0 0 0 0 0 0 0 0 0 0 75 88 94 96 98 104 104 104 104 104 103 103 103 103 103 103 103 102 101 101 100 100 100 100 100 100 100 102 104 105 98 97 93 83 64 0 0 0 0 0 0 0 0 0 0 0 0 65 69 70 73 76 
69 70 71 71 71 72 71 72 72 73 73 74 74 75 75 75 76 77 77 78 79 79 79 80 81 82 82 83 83 84 83 82 75 73 70 64 49 0 0 0 0 0 0 0 0 0 0 0 0 0 0 0 0 0 0 0 0 0 0 0 0 0 0 0 0 0 0 0 0 0 0 82 88 91 92 93 96 97 97 97 96 96 95 88 77 72 64 49 40 0 0 0 0 0 0 0 0 0 0 0 0 0 0 0 0 0 0 0 0 0 0 0 0 0 0 0 0 0 0 0 0 0 0 0 75 88 94 96 98 104 104 104 104 104 103 103 102 102 103 103 103 102 101 101 100 100 100 100 100 100 101 102 105 105 98 97 93 84 65 0 0 0 0 0 0 0 0 0 0 0 0 66 69 71 74 74 
73 65 70 70 71 72 71 72 72 73 73 74 74 75 75 76 76 77 77 78 79 79 80 81 81 82 82 83 83 83 83 82 76 74 70 63 46 0 0 0 0 0 0 0 0 0 0 0 0 0 0 0 0 0 0 0 0 0 0 0 0 0 0 0 0 0 0 0 0 0 0 74 83 87 89 93 96 98 97 97 97 97 95 88 77 72 64 50 40 0 0 0 0 0 0 0 0 0 0 0 0 0 0 0 0 0 0 0 0 0 0 0 0 0 0 0 0 0 0 0 0 0 0 0 68 83 90 93 97 104 104 103 103 103 103 103 102 103 103 103 103 102 102 101 100 100 100 100 99 100 100 102 104 105 98 97 94 85 67 0 0 0 0 0 0 0 0 0 0 0 0 67 69 71 69 69 
69 69 70 71 71 72 72 72 73 73 72 74 74 74 75 75 76 76 77 78 79 80 80 80 81 82 82 83 83 83 83 82 77 75 72 64 0 0 0 0 0 0 0 0 0 0 0 0 0 0 0 0 0 0 0 0 0 0 0 0 0 0 0 0 0 0 0 0 0 0 0 69 80 85 87 94 97 98 97 97 97 96 95 88 77 73 65 51 42 0 0 0 0 0 0 0 0 0 0 0 0 0 0 0 0 0 0 0 0 0 0 0 0 0 0 0 0 0 0 0 0 0 0 0 68 83 90 93 97 104 104 104 104 103 103 103 103 103 103 103 103 102 102 101 101 101 100 100 100 100 100 102 104 105 98 97 95 87 69 0 0 0 0 0 0 0 0 0 0 0 0 65 69 70 73 77 
71 71 70 71 71 73 72 72 73 73 73 73 74 74 74 75 76 76 77 79 79 80 80 81 81 82 82 83 83 83 83 81 78 76 73 66 0 0 0 0 0 0 0 0 0 0 0 0 0 0 0 0 0 0 0 0 0 0 0 0 0 0 0 0 0 0 0 0 0 0 0 66 77 83 86 94 97 98 98 98 98 97 96 89 78 73 66 52 42 0 0 0 0 0 0 0 0 0 0 0 0 0 0 0 0 0 0 0 0 0 0 0 0 0 0 0 0 0 0 0 0 0 0 0 67 82 89 93 97 104 104 104 104 103 103 103 102 102 102 102 102 102 101 101 101 100 100 100 99 100 100 102 104 105 99 98 96 88 70 0 0 0 0 0 0 0 0 0 0 0 0 65 68 70 68 73 
66 73 69 70 71 72 72 72 73 72 72 73 73 74 75 75 76 77 78 79 80 80 81 81 81 81 82 83 83 84 83 82 79 78 76 71 0 0 0 0 0 0 0 0 0 0 0 0 0 0 0 0 0 0 0 0 0 0 0 0 0 0 0 0 0 0 0 0 0 0 0 66 77 83 86 94 97 97 97 97 97 97 97 90 79 74 67 53 42 0 0 0 0 0 0 0 0 0 0 0 0 0 0 0 0 0 0 0 0 0 0 0 0 0 0 0 0 0 0 0 0 0 0 0 67 82 89 93 97 104 104 104 104 104 103 103 102 102 102 102 102 102 101 101 101 100 99 99 99 100 100 101 104 105 99 98 96 89 70 0 0 0 0 0 0 0 0 0 0 0 0 63 66 69 76 77 
68 66 70 70 71 72 72 72 73 72 73 73 74 74 75 76 76 77 78 79 80 80 81 80 81 81 82 82 83 83 83 82 81 81 79 74 0 0 0 0 0 0 0 0 0 0 0 0 0 0 0 0 0 0 0 0 0 0 0 0 0 0 0 0 0 0 0 0 0 0 38 63 75 81 84 95 98 98 98 97 97 97 97 90 80 75 68 55 44 0 0 0 0 0 0 0 0 0 0 0 0 0 0 0 0 0 0 0 0 0 0 0 0 0 0 0 0 0 0 0 0 0 0 0 65 81 88 92 96 103 104 104 104 104 104 103 103 102 102 102 102 102 101 101 101 100 99 99 98 99 99 100 103 105 99 98 97 90 71 0 0 0 0 0 0 0 0 0 0 0 0 63 66 67 70 72 
65 69 70 70 71 72 72 72 73 72 73 73 74 74 75 75 76 77 78 79 79 80 81 80 80 81 81 82 83 84 84 82 81 80 78 73 0 0 0 0 0 0 0 0 0 0 0 0 0 0 0 0 0 0 0 0 0 0 0 0 0 0 0 0 0 0 0 0 0 0 40 64 75 81 85 95 97 97 97 97 97 97 97 91 80 74 67 54 44 0 0 0 0 0 0 0 0 0 0 0 0 0 0 0 0 0 0 0 0 0 0 0 0 0 0 0 0 0 0 0 0 0 0 0 69 85 91 94 97 104 104 104 105 104 103 103 103 102 102 102 102 102 102 101 101 100 100 99 99 99 99 100 102 105 99 99 97 90 71 0 0 0 0 0 0 0 0 0 0 0 0 0 65 66 63 64 
67 67 69 70 71 71 71 72 73 72 72 73 74 74 75 76 76 77 78 79 80 80 81 81 81 81 81 82 83 83 83 81 81 80 78 72 0 0 0 0 0 0 0 0 0 0 0 0 0 0 0 0 0 0 0 0 0 0 0 0 0 0 0 0 0 0 0 0 0 0 41 65 76 82 85 95 97 97 97 97 98 98 98 92 81 73 66 54 44 0 0 0 0 0 0 0 0 0 0 0 0 0 0 0 0 0 0 0 0 0 0 0 0 0 0 0 0 0 0 0 0 0 0 0 67 83 90 94 96 104 104 104 105 104 103 103 103 102 102 102 102 101 101 101 100 100 99 99 99 99 99 100 102 105 99 99 98 91 70 0 0 0 0 0 0 0 0 0 0 0 0 0 64 65 0 62 
67 68 69 70 71 71 71 71 72 72 72 73 74 75 75 76 76 77 78 78 79 80 80 80 81 81 81 82 83 84 84 81 81 79 77 71 0 0 0 0 0 0 0 0 0 0 0 0 0 0 0 0 0 0 0 0 0 0 0 0 0 0 0 0 0 0 0 0 0 0 40 66 76 82 85 95 97 97 98 97 97 98 97 91 82 74 67 55 45 0 0 0 0 0 0 0 0 0 0 0 0 0 0 0 0 0 0 0 0 0 0 0 0 0 0 0 0 0 0 0 0 0 0 0 65 83 90 93 96 104 105 105 105 105 104 104 103 102 102 102 102 102 101 101 100 100 100 99 98 98 98 99 101 105 99 99 97 91 71 0 0 0 0 0 0 0 0 0 0 0 0 0 0 62 0 0 
65 71 70 70 71 71 72 71 72 72 72 73 74 75 76 76 77 77 77 78 79 80 80 81 80 81 81 82 83 83 83 80 80 78 76 68 0 0 0 0 0 0 0 0 0 0 0 0 0 0 0 0 0 0 0 0 0 0 0 0 0 0 0 0 0 0 0 0 0 0 40 63 73 80 84 95 98 98 98 98 98 98 97 91 82 74 67 55 47 0 0 0 0 0 0 0 0 0 0 0 0 0 0 0 0 0 0 0 0 0 0 0 0 0 0 0 0 0 0 0 0 0 0 0 63 81 89 93 95 103 104 104 105 104 104 104 103 102 102 102 102 101 101 100 100 99 99 99 99 98 98 99 101 105 100 100 99 92 72 0 0 0 0 0 0 0 0 0 0 0 0 0 0 0 0 0 
67 68 69 70 71 71 71 71 72 72 72 73 74 74 75 76 76 77 78 78 79 80 80 81 81 81 82 82 83 83 83 80 79 78 75 67 0 0 0 0 0 0 0 0 0 0 0 0 0 0 0 0 0 0 0 0 0 0 0 0 0 0 0 0 0 0 0 0 0 0 42 64 74 80 84 95 98 98 98 98 98 98 97 91 82 75 68 56 48 0 0 0 0 0 0 0 0 0 0 0 0 0 0 0 0 0 0 0 0 0 0 0 0 0 0 0 0 0 0 0 0 0 0 0 59 77 86 90 95 103 104 104 105 105 104 104 103 102 101 102 101 101 100 100 99 99 99 99 99 98 98 99 101 105 100 99 99 93 72 0 0 0 0 0 0 0 0 0 0 0 0 0 0 0 0 0 
70 68 69 70 71 71 71 71 71 71 72 73 74 74 75 76 77 77 78 78 79 79 79 80 80 81 81 82 82 83 83 79 79 77 74 65 0 0 0 0 0 0 0 0 0 0 0 0 0 0 0 0 0 0 0 0 0 0 0 0 0 0 0 0 0 0 0 0 0 0 43 65 75 81 85 96 98 99 99 99 99 98 98 92 83 77 71 59 51 0 0 0 0 0 0 0 0 0 0 0 0 0 0 0 0 0 0 0 0 0 0 0 0 0 0 0 0 0 0 0 0 0 0 0 58 76 85 90 95 104 105 105 105 105 104 104 103 103 102 102 101 101 100 100 99 99 99 99 99 99 99 100 102 105 100 100 99 93 73 0 0 0 0 0 0 0 0 0 0 0 0 0 0 0 0 0 
66 66 69 71 71 71 71 71 71 71 72 73 74 74 75 75 76 77 77 78 79 79 79 80 80 81 81 82 82 83 83 79 78 76 72 63 0 0 0 0 0 0 0 0 0 0 0 0 0 0 0 0 0 0 0 0 0 0 0 0 0 0 0 0 0 0 0 0 0 0 45 66 76 82 85 96 99 99 99 99 99 99 98 93 84 80 74 63 55 0 0 0 0 0 0 0 0 0 0 0 0 0 0 0 0 0 0 0 0 0 0 0 0 0 0 0 0 0 0 0 0 0 0 0 58 76 85 90 95 103 104 105 105 105 104 104 103 103 101 101 101 100 100 100 100 100 100 99 99 99 99 99 101 104 100 99 98 94 75 0 0 0 0 0 0 0 0 0 0 0 0 0 0 0 0 0 
65 75 69 70 70 71 71 71 72 72 72 73 74 74 75 75 76 76 77 78 79 79 80 80 80 81 81 81 82 82 82 79 78 76 73 63 0 0 0 0 0 0 0 0 0 0 0 0 0 0 0 0 0 0 0 0 0 0 0 0 0 0 0 0 0 0 0 0 0 0 45 66 76 82 86 96 99 100 99 100 100 99 99 94 85 81 76 64 58 0 0 0 0 0 0 0 0 0 0 0 0 0 0 0 0 0 0 0 0 0 0 0 0 0 0 0 0 0 0 0 0 0 0 0 56 73 82 87 94 103 104 105 105 105 104 104 103 103 102 101 101 100 100 100 100 100 100 99 99 99 99 100 102 105 100 100 99 95 76 0 0 0 0 0 0 0 0 0 0 0 0 0 0 0 0 0 
62 69 69 70 70 70 70 70 71 72 72 73 74 74 75 75 76 76 76 78 78 79 79 79 80 80 81 81 82 83 83 79 78 77 72 62 0 0 0 0 0 0 0 0 0 0 0 0 0 0 0 0 0 0 0 0 0 0 0 0 0 0 0 0 0 0 0 0 0 0 47 67 77 83 86 96 100 100 100 100 100 100 99 94 86 81 75 64 57 0 0 0 0 0 0 0 0 0 0 0 0 0 0 0 0 0 0 0 0 0 0 0 0 0 0 0 0 0 0 0 0 0 0 0 54 71 80 85 95 103 104 105 105 105 104 104 103 102 101 101 101 100 100 100 100 100 100 99 99 99 99 100 102 104 100 99 98 95 77 0 0 0 0 0 0 0 0 0 0 0 0 0 0 0 0 0 
68 70 69 70 70 70 70 70 71 72 72 73 74 75 75 75 76 76 76 78 79 79 79 79 79 80 81 81 82 82 82 79 78 77 73 63 0 0 0 0 0 0 0 0 0 0 0 0 0 0 0 0 0 0 0 0 0 0 0 0 0 38 38 38 0 0 0 0 0 0 47 67 77 83 86 97 100 101 100 101 101 101 100 96 87 80 74 64 55 0 0 0 0 0 0 0 0 0 0 0 0 0 0 0 0 0 0 0 0 0 0 0 0 0 0 0 0 0 0 0 0 0 0 0 53 71 80 85 95 103 104 104 104 104 104 104 103 103 102 102 102 101 100 100 100 100 99 99 98 98 98 99 101 104 100 100 99 95 79 0 0 0 0 0 0 0 0 0 0 0 0 0 0 0 0 0 
68 68 69 69 70 71 71 71 72 72 73 73 74 74 74 75 75 76 76 77 78 79 79 80 80 80 81 81 82 82 82 79 78 77 73 63 0 0 0 0 0 0 0 0 0 0 0 0 0 0 0 0 0 0 0 0 0 0 0 0 0 0 0 0 0 0 0 0 0 0 48 68 78 83 87 97 100 101 101 101 101 101 101 96 88 79 73 63 54 0 0 0 0 0 0 0 0 0 0 0 0 0 0 0 0 0 0 0 0 0 0 0 0 0 0 0 0 0 0 0 0 0 0 40 52 69 78 83 94 103 104 104 104 104 104 104 103 103 102 101 101 101 100 100 99 99 99 98 98 98 98 99 101 103 99 100 99 96 80 0 0 0 0 0 0 0 0 0 0 0 0 0 0 0 0 0 
62 63 69 69 70 70 70 70 72 72 72 73 74 75 75 75 76 76 76 77 78 78 79 79 80 80 81 81 82 82 82 79 79 77 74 66 0 0 0 0 0 0 0 0 0 0 0 0 0 0 0 0 0 0 0 0 0 0 0 0 0 0 0 0 0 0 0 0 0 0 47 68 78 83 87 98 101 101 101 102 102 102 101 97 89 78 72 63 53 41 0 0 46 46 46 46 0 0 0 0 0 0 0 0 0 0 0 0 0 0 0 0 0 0 0 0 0 0 0 0 0 0 0 41 51 66 75 81 94 103 104 104 104 104 104 104 103 103 102 101 101 101 100 100 99 99 98 98 98 98 98 99 101 103 99 100 99 96 81 0 0 0 0 0 0 0 0 0 0 0 0 0 0 0 0 0 
70 62 68 68 69 69 70 70 72 72 73 74 74 75 75 75 76 76 76 77 78 78 78 79 80 81 82 82 82 83 82 80 79 78 76 68 0 0 0 0 0 0 0 0 0 0 0 0 0 0 0 0 0 0 0 0 0 0 0 0 0 0 0 0 0 0 0 0 0 0 49 69 78 84 87 98 101 102 102 102 102 102 102 98 90 78 72 63 53 41 0 51 50 50 50 50 0 0 0 0 0 0 0 0 0 0 0 0 0 0 0 0 0 0 0 0 0 0 0 0 0 0 0 41 50 66 75 81 94 103 104 104 104 104 104 104 103 103 102 102 102 101 100 100 99 99 98 98 99 98 98 99 100 102 99 99 99 96 82 0 0 0 0 0 0 0 0 0 0 0 0 0 0 0 0 0 
67 71 68 68 70 70 70 71 72 73 74 74 75 75 75 75 76 76 76 77 78 78 79 80 80 81 82 82 82 82 82 80 79 78 77 71 0 0 0 0 0 0 0 0 0 0 0 0 0 0 0 0 0 0 0 0 0 0 0 0 0 0 0 0 0 0 0 0 0 0 49 69 79 84 87 98 101 102 102 103 103 103 103 99 92 79 73 63 54 39 0 50 54 52 52 52 55 0 0 0 0 0 0 0 0 0 0 0 0 0 0 0 0 0 0 0 0 0 0 0 0 0 0 42 51 68 77 82 93 102 103 103 104 103 104 104 103 103 103 102 101 101 100 100 100 99 99 99 99 99 99 99 100 102 100 100 99 97 84 0 0 0 0 0 0 0 0 0 0 0 0 0 0 0 0 0 
70 67 69 69 70 70 71 71 72 72 73 74 74 74 75 75 76 77 77 77 78 78 79 80 80 81 82 82 82 82 82 79 79 78 75 70 0 0 0 0 0 0 0 0 0 0 0 0 0 0 0 0 0 0 0 0 0 0 0 0 0 0 0 0 0 0 0 0 0 0 50 70 79 85 88 99 102 103 103 103 104 104 104 100 94 80 74 64 55 39 0 51 59 55 55 55 58 0 0 0 0 0 0 0 0 0 0 0 0 0 0 0 0 0 0 0 0 0 0 0 0 0 0 43 52 68 77 82 93 102 103 103 103 103 104 104 103 103 102 101 101 101 100 100 100 100 99 99 99 99 99 99 100 102 100 97 96 93 79 0 0 0 0 0 0 0 0 0 0 0 0 0 0 0 0 0 
68 67 69 69 70 70 71 71 72 73 73 73 74 74 75 75 76 77 77 77 78 78 78 79 80 81 82 82 83 83 82 80 80 79 77 73 0 0 0 0 0 0 0 0 0 0 0 0 0 0 0 0 0 0 0 0 0 0 0 0 0 0 0 0 0 0 0 0 0 0 50 70 79 85 88 98 102 103 104 104 105 105 105 101 95 82 75 66 56 40 0 0 66 61 61 61 65 0 0 0 0 0 0 0 0 0 0 0 0 0 0 0 0 0 0 0 0 0 0 0 0 0 0 42 52 68 77 82 93 101 103 103 103 103 103 103 103 103 102 102 101 101 100 100 99 99 99 98 99 98 99 99 100 102 100 97 96 93 79 0 0 0 0 0 0 0 0 0 0 0 0 0 0 0 0 0 
67 70 70 70 70 71 71 71 72 73 73 73 74 74 75 75 76 77 77 77 78 78 78 79 80 81 81 82 82 83 82 80 80 79 77 72 0 0 0 0 0 0 0 0 0 0 0 0 0 0 0 0 0 0 0 0 0 0 0 0 0 38 38 0 0 0 0 0 0 0 52 71 80 85 88 98 101 103 104 105 106 106 106 103 96 83 77 67 57 40 0 0 75 71 68 65 68 55 0 0 0 0 0 0 0 0 0 0 0 0 0 0 0 0 0 0 0 0 0 0 0 0 0 41 51 67 77 82 93 101 103 103 103 103 103 104 103 103 102 101 100 100 100 99 99 99 99 98 98 98 98 99 100 102 100 95 94 90 75 0 0 0 0 0 0 0 0 0 0 0 0 0 0 0 0 0 
66 72 69 70 70 71 71 71 72 72 73 73 74 74 75 75 76 77 77 77 78 78 78 79 80 81 81 82 82 83 82 80 79 79 76 71 0 0 0 0 0 0 0 0 0 0 0 0 0 0 0 0 0 0 0 0 0 0 0 0 0 38 38 0 0 0 0 0 0 0 48 70 80 85 89 99 102 104 105 106 107 107 107 104 97 84 78 68 58 40 0 0 82 81 75 72 73 65 46 0 0 0 0 0 0 0 0 0 0 0 0 0 0 0 0 0 0 0 0 0 0 0 0 42 52 68 77 82 92 101 103 103 103 103 103 103 103 102 101 101 100 99 99 99 99 99 99 98 98 97 98 99 100 103 100 94 92 87 72 0 0 0 0 0 0 0 0 0 0 0 0 0 0 0 0 0 
63 73 69 70 70 71 72 71 72 72 72 73 73 73 74 75 75 76 77 77 78 78 78 79 79 80 81 82 82 83 83 80 79 79 75 70 0 0 0 0 0 0 0 0 0 0 0 0 0 0 0 0 0 0 0 0 0 0 0 0 0 37 37 0 0 0 0 0 0 0 49 71 80 85 89 99 102 104 105 107 108 108 108 105 98 85 79 70 59 41 0 0 85 99 95 87 84 84 64 49 0 0 0 0 0 0 0 0 0 0 0 0 0 0 0 0 0 0 0 0 0 0 0 42 50 66 75 80 92 101 103 103 103 103 103 103 102 102 101 101 100 100 99 99 99 99 98 97 98 97 98 99 100 102 100 92 89 84 69 49 0 0 0 0 0 0 0 0 0 0 0 0 0 0 0 0 
63 67 69 70 70 71 71 71 72 72 72 72 73 73 74 75 75 76 77 78 78 79 78 79 79 80 81 82 82 82 83 80 79 79 76 70 0 0 0 0 0 0 0 0 0 0 0 0 0 0 0 0 0 0 0 0 0 0 0 0 0 0 0 0 0 0 0 0 0 0 50 71 80 86 89 99 102 104 106 108 109 109 109 105 99 86 80 71 61 43 0 0 77 213 186 180 174 206 110 124 0 0 0 0 0 0 0 0 0 0 0 0 0 0 0 0 0 0 0 0 0 0 0 45 52 66 74 81 92 102 103 103 103 103 102 102 102 101 101 100 100 100 99 99 98 98 98 97 97 97 97 98 100 102 100 92 90 84 69 49 0 0 0 0 0 0 0 0 0 0 0 0 0 0 0 0 
69 67 69 70 70 71 71 71 72 72 71 72 72 73 73 75 75 76 77 77 78 79 79 79 80 80 81 81 81 82 82 79 79 79 76 70 0 0 0 0 0 0 0 0 0 0 0 0 0 0 0 0 0 0 0 0 0 0 0 0 0 0 0 0 0 0 0 0 0 0 50 72 80 86 89 99 102 105 107 110 111 112 111 107 100 86 81 72 62 44 0 0 86 219 190 265 257 291 238 289 59 0 0 0 0 0 0 0 0 0 0 0 0 0 0 0 0 0 0 0 0 0 0 59 60 70 77 82 93 101 102 103 103 103 102 102 101 101 100 100 100 99 99 99 98 98 97 97 97 96 96 97 99 102 100 92 89 84 69 49 0 0 0 0 0 0 0 0 0 0 0 0 0 0 0 0 
71 69 69 69 70 70 71 71 71 72 72 72 72 73 73 74 75 76 77 78 78 79 79 80 80 80 81 81 81 82 82 79 79 78 76 69 0 0 0 0 0 0 0 0 0 0 0 0 0 0 0 0 0 0 0 0 0 0 0 0 0 0 0 0 0 0 0 0 0 0 50 72 80 86 89 99 102 105 109 113 115 116 114 109 101 87 82 73 64 47 0 0 88 219 202 353 343 376 331 372 60 0 0 0 0 0 0 0 0 0 0 0 0 0 0 0 0 0 0 0 0 0 0 72 67 75 81 82 92 101 102 103 103 102 101 101 101 101 100 100 100 99 99 99 98 98 97 97 96 96 96 97 98 101 99 93 91 86 71 0 0 0 0 0 0 0 0 0 0 0 0 0 0 0 0 0 
67 70 69 69 70 70 70 70 71 71 71 71 72 72 73 74 75 76 77 78 78 79 79 80 80 80 80 81 81 81 82 79 79 78 76 70 0 0 0 0 0 0 0 0 0 0 0 0 0 0 0 0 0 0 0 0 0 0 0 0 0 0 0 0 0 0 0 0 0 0 55 72 80 85 89 98 101 105 109 114 116 117 116 110 101 88 83 74 65 49 0 0 83 267 271 425 393 434 365 377 58 0 0 0 0 0 0 0 0 0 0 0 0 0 0 0 0 0 0 0 0 0 97 74 69 76 81 83 92 101 102 103 103 102 101 101 101 100 100 100 100 99 98 99 98 97 96 96 96 96 95 96 97 100 98 91 90 85 70 0 0 0 0 0 0 0 0 0 0 0 0 0 0 0 0 0 
63 65 68 69 69 70 70 70 71 71 71 71 72 73 73 75 76 76 77 78 78 79 80 80 80 80 80 80 81 81 82 79 79 78 76 70 0 0 0 0 0 0 0 0 0 0 0 0 0 0 0 0 0 0 0 0 0 0 0 0 0 0 0 0 0 0 0 0 0 0 55 72 80 86 89 98 101 104 108 113 116 117 117 110 101 88 82 73 64 48 0 0 87 273 276 440 426 453 395 414 62 0 0 0 0 0 0 0 0 0 0 0 0 0 0 0 0 0 0 0 0 0 88 72 68 75 80 83 92 101 102 102 102 102 101 101 100 100 100 100 99 99 98 98 96 96 94 93 93 93 92 93 95 98 95 91 90 86 71 0 0 0 0 0 0 0 0 0 0 0 0 0 0 0 0 0 
66 67 68 68 69 70 70 70 71 71 70 71 72 72 73 74 75 76 76 77 78 79 79 79 80 80 80 81 81 82 82 79 79 78 75 69 0 0 0 0 0 0 0 0 0 0 0 0 0 0 0 0 0 0 0 0 0 0 0 0 0 0 0 0 0 0 0 0 0 0 54 72 80 85 88 98 100 103 108 113 115 117 116 110 100 87 81 72 63 48 0 0 95 177 191 384 370 373 372 416 61 0 0 0 0 0 0 0 0 0 0 0 0 0 0 0 0 0 0 0 0 0 97 73 68 75 81 82 92 101 102 102 102 101 101 101 100 100 100 100 99 97 95 94 91 89 87 86 84 84 84 85 86 89 88 86 86 83 70 0 0 0 0 0 0 0 0 0 0 0 0 0 0 0 0 0 
65 67 68 69 70 70 70 70 71 71 71 71 72 73 73 75 75 76 77 78 78 79 79 79 80 80 80 81 82 82 82 79 79 77 74 68 0 0 0 0 0 0 0 0 0 0 0 0 0 0 0 0 0 0 0 0 0 0 0 0 0 0 0 0 0 0 0 0 0 0 54 71 80 85 88 97 100 102 106 111 113 115 115 109 100 86 80 71 61 45 0 0 0 200 196 291 264 270 253 281 55 0 0 0 0 0 0 0 0 0 0 0 0 0 0 0 0 0 0 0 0 0 0 67 64 72 79 83 92 101 102 102 102 101 101 101 100 100 100 98 95 91 89 87 85 85 84 83 81 81 81 82 84 87 85 84 83 80 67 0 0 0 0 0 0 0 0 0 0 0 0 0 0 0 0 0 
65 63 68 69 70 71 70 70 71 70 71 71 72 73 73 74 75 76 76 77 78 78 79 79 79 80 80 80 82 82 82 80 79 78 75 69 0 0 0 0 0 0 0 0 0 0 0 0 0 0 0 0 0 0 0 0 0 0 0 0 0 0 0 0 0 0 0 0 0 0 53 71 79 84 88 97 100 101 103 107 109 110 111 107 98 85 78 69 59 41 0 0 0 0 203 205 178 187 157 154 0 0 0 0 0 0 0 0 0 0 0 0 0 0 0 0 0 0 0 0 0 0 0 52 55 67 76 82 92 101 102 102 101 101 101 100 100 99 97 95 92 88 85 82 79 77 76 74 72 72 73 75 77 82 82 80 79 76 63 0 0 0 0 0 0 0 0 0 0 0 0 0 0 0 0 0 
70 70 68 69 70 71 71 71 71 71 71 71 72 73 73 74 75 76 77 78 78 79 79 78 79 80 80 81 82 83 82 80 79 77 74 69 0 0 0 0 0 0 0 0 0 0 0 0 0 0 0 0 0 0 0 0 0 0 0 0 0 0 0 0 0 0 0 0 0 0 50 70 79 85 88 97 100 101 102 105 107 108 109 105 97 83 77 68 57 39 0 0 0 0 88 113 104 104 108 114 0 0 0 0 0 0 0 0 0 0 0 0 0 0 0 0 0 0 0 0 0 0 0 43 51 65 74 81 92 101 103 102 102 101 100 100 99 97 95 93 90 83 79 76 73 72 73 71 70 68 68 68 69 73 75 76 76 74 0 0 0 0 0 0 0 0 0 0 0 0 0 0 0 0 0 0 
65 68 68 69 70 71 70 70 71 71 71 72 73 73 74 74 75 76 77 78 78 78 79 78 79 79 80 80 82 82 82 80 79 77 74 69 0 0 0 0 0 0 0 0 0 0 0 0 0 0 0 0 0 0 0 0 0 0 0 0 0 0 0 0 0 0 0 0 0 0 50 70 78 84 87 97 100 101 102 104 105 107 108 104 97 83 76 66 56 39 0 0 0 0 0 110 100 100 100 107 78 0 0 0 0 0 0 0 0 0 0 0 0 0 0 0 0 0 0 0 0 0 0 41 50 66 75 81 92 100 102 102 102 101 101 100 99 97 94 92 85 77 73 72 71 73 74 73 71 68 65 63 60 61 62 63 64 63 0 0 0 0 0 0 0 0 0 0 0 0 0 0 0 0 0 66 
63 64 69 69 70 71 71 71 71 71 72 72 73 74 74 75 76 76 77 77 77 78 78 78 79 79 79 80 81 82 82 80 79 78 76 72 0 0 0 0 0 0 0 0 0 0 0 0 0 0 0 0 0 0 0 0 0 0 0 0 0 0 0 0 0 0 0 0 0 0 48 69 78 83 87 97 100 101 101 103 104 105 106 103 96 84 77 67 57 37 0 0 0 0 0 98 91 87 87 91 74 0 0 0 0 0 0 0 0 0 0 0 0 0 0 0 0 0 0 0 0 0 0 0 52 68 77 83 92 100 102 102 102 101 100 100 98 95 93 88 79 72 73 74 78 81 83 81 79 76 73 67 63 66 69 69 73 73 0 0 0 0 0 0 0 0 0 0 0 0 0 0 0 63 0 57 
68 68 68 69 69 70 70 70 70 71 71 72 73 74 74 75 75 76 76 77 77 78 78 78 79 79 79 80 81 81 82 80 79 78 76 72 0 0 0 0 0 0 0 0 0 0 0 0 0 0 0 0 0 0 0 0 0 0 0 0 0 0 0 0 0 0 0 0 0 0 49 70 78 83 87 97 99 101 101 102 103 104 105 102 95 83 76 66 56 37 0 0 0 0 0 85 85 79 79 82 75 0 0 0 0 0 0 0 0 0 0 0 0 0 0 0 0 0 0 0 0 0 0 0 52 68 77 82 91 100 102 102 102 101 100 100 98 95 89 85 79 76 78 83 84 85 85 83 81 78 75 68 66 72 74 74 78 78 0 0 0 0 0 0 0 0 0 0 0 0 0 0 0 63 0 65 
70 68 68 68 69 69 70 70 71 71 71 72 73 74 74 75 75 76 76 77 77 78 78 78 79 79 80 80 81 81 81 80 79 78 76 71 0 0 0 0 0 0 0 0 0 0 0 0 0 0 0 0 0 0 0 0 0 0 0 0 0 0 0 0 0 0 0 0 0 0 48 69 78 83 87 97 99 100 100 101 102 103 104 100 93 82 75 65 55 38 0 0 0 0 0 0 79 71 71 71 69 0 0 0 0 0 0 0 0 0 0 0 0 0 0 0 0 0 0 0 0 0 0 0 53 70 79 84 91 100 101 101 101 101 100 100 96 94 88 83 79 79 82 87 89 90 92 90 88 85 80 72 72 79 78 79 82 81 70 0 0 0 0 0 0 0 0 0 0 0 0 0 0 63 0 64 
65 68 68 69 69 70 70 70 71 71 72 73 74 74 74 74 75 75 76 77 77 77 78 79 79 80 80 80 81 81 81 79 79 78 77 71 0 0 0 0 0 0 0 0 0 0 0 0 0 0 0 0 0 0 0 0 0 0 0 0 0 0 0 0 0 0 0 0 0 0 49 69 77 82 86 96 98 99 99 100 101 102 103 99 92 80 73 63 53 38 0 0 0 0 0 0 72 63 63 63 62 47 0 0 0 0 0 0 0 0 0 0 0 0 0 0 0 0 0 0 0 0 0 0 55 73 82 86 91 99 101 101 101 101 100 99 95 94 86 82 79 83 85 90 92 93 93 90 88 86 80 72 76 83 80 81 84 82 70 0 0 0 0 0 0 0 0 0 0 0 0 0 0 64 0 65 
66 71 68 68 69 69 70 70 71 71 72 72 73 74 74 74 74 75 75 76 76 77 78 78 78 79 79 80 81 81 81 80 79 78 77 72 0 0 0 0 0 0 0 0 0 0 0 0 0 0 0 0 0 0 0 0 0 0 0 0 0 0 0 0 0 0 0 0 0 0 48 68 77 82 86 96 98 99 99 99 100 101 101 97 90 80 73 63 54 0 0 0 0 0 0 0 65 57 57 57 58 47 0 0 0 0 0 0 0 0 0 0 0 0 0 0 0 0 0 0 0 0 0 0 59 77 85 88 91 99 100 100 100 100 99 99 94 92 84 81 80 85 87 91 94 93 92 89 88 85 79 73 79 85 83 85 88 88 75 0 0 0 0 0 0 0 0 0 0 0 0 0 0 65 56 69 
66 70 68 69 69 70 70 71 71 71 72 72 73 74 73 73 74 74 74 75 76 77 78 79 79 80 80 80 81 81 81 79 79 78 76 71 0 0 0 0 0 0 0 0 0 0 0 0 0 0 0 0 0 0 0 0 0 0 0 0 0 0 0 0 0 0 0 0 0 0 48 68 77 82 85 95 97 98 98 98 99 100 100 96 89 79 72 61 52 0 0 0 0 0 0 0 0 55 55 55 55 0 0 0 0 0 0 0 0 0 0 0 0 0 0 0 0 0 0 0 0 0 0 0 60 77 85 89 91 99 100 100 100 99 99 98 94 92 83 81 80 85 86 92 93 93 91 89 88 83 78 76 82 87 86 88 90 88 74 0 0 0 0 0 0 0 0 0 0 0 0 0 0 66 0 67 
68 67 68 69 69 70 70 71 72 72 73 73 73 74 73 72 72 71 71 72 74 75 77 79 79 80 80 81 81 81 81 79 78 77 75 68 0 0 0 0 0 0 0 0 0 0 0 0 0 0 0 0 0 0 0 0 0 0 0 0 0 0 0 0 0 0 0 0 0 0 47 67 77 82 85 95 97 97 97 97 97 98 99 94 87 79 72 61 53 0 0 0 0 0 0 0 0 50 50 50 50 0 0 0 0 0 0 0 0 0 0 0 0 0 0 0 0 0 0 0 0 0 0 0 60 77 85 89 91 98 100 100 99 99 98 97 92 90 83 80 79 84 85 88 89 88 87 85 84 79 75 76 81 85 85 87 88 86 71 0 0 0 0 0 0 0 0 0 0 0 0 0 0 66 0 70 
67 75 69 69 70 71 71 71 72 72 72 73 73 73 71 69 70 68 67 69 71 73 76 78 79 80 80 81 81 81 81 78 78 77 74 67 0 0 0 0 0 0 0 0 0 0 0 0 0 0 0 0 0 0 0 0 0 0 0 0 0 0 0 0 0 0 0 0 0 0 47 67 76 81 84 94 96 96 95 95 95 96 97 93 85 78 71 60 51 0 0 0 0 0 0 0 0 0 0 0 0 0 0 0 0 0 0 0 0 0 0 0 0 0 0 0 0 0 0 0 0 0 0 0 61 77 85 88 91 98 99 99 99 97 95 93 87 85 79 77 77 80 81 85 85 85 85 83 82 77 73 74 78 80 81 82 82 81 70 0 0 0 0 0 0 0 0 0 0 0 0 0 0 66 0 67 
69 66 69 69 69 70 70 70 71 71 72 72 72 73 70 68 67 64 63 65 69 72 76 78 79 80 80 80 81 81 81 78 77 76 73 65 0 0 0 0 0 0 0 0 0 0 0 0 0 0 0 0 0 0 0 0 0 0 0 0 0 0 0 0 0 0 0 0 0 0 46 67 76 81 84 94 96 95 95 94 94 95 96 91 84 78 72 61 53 0 0 0 0 0 0 0 0 0 0 0 0 0 0 0 0 0 0 0 0 0 0 0 0 0 0 0 0 0 0 0 0 0 0 0 61 77 85 88 90 98 99 98 96 95 92 89 84 83 78 76 75 78 79 82 83 82 83 83 82 75 72 74 76 78 79 80 80 80 0 0 0 0 0 0 0 0 0 0 0 0 0 0 0 66 61 67 
66 69 69 69 70 70 70 70 70 71 71 72 72 73 70 66 66 62 59 62 67 69 74 78 80 80 80 81 81 81 81 78 77 75 72 64 0 0 0 0 0 0 0 0 0 0 0 0 0 0 0 0 0 0 0 0 0 0 0 0 0 0 0 0 0 0 0 0 0 0 45 65 75 80 84 94 95 94 94 93 93 94 95 90 82 77 71 59 51 0 0 0 0 0 0 0 0 0 0 0 0 0 0 0 0 0 0 0 0 0 0 0 0 0 0 0 0 0 0 0 0 0 0 0 61 77 85 88 90 98 99 96 93 92 88 85 82 80 75 73 71 72 74 78 78 78 80 79 78 73 70 71 73 75 75 77 76 75 0 0 0 0 0 0 0 0 0 0 0 0 0 0 63 65 61 67 
67 64 70 69 70 70 69 69 70 70 71 72 72 73 70 67 65 62 58 60 66 68 73 76 79 79 80 80 80 81 81 77 76 74 71 61 0 0 0 0 0 0 0 0 0 0 0 0 0 0 0 0 0 0 0 0 0 0 0 0 0 0 0 0 0 0 0 0 0 0 44 64 74 80 83 93 94 93 92 92 92 93 94 89 81 76 69 57 49 0 0 0 0 0 0 0 0 0 0 0 0 0 0 0 0 0 0 0 0 0 0 0 0 0 0 0 0 0 0 0 0 0 0 0 61 77 85 89 91 98 98 95 92 89 85 81 76 74 70 67 64 64 66 68 68 68 72 72 0 0 64 65 65 67 67 69 68 0 0 0 0 0 0 0 0 0 0 0 0 0 0 0 62 64 67 64 
69 74 70 70 70 70 69 69 69 70 70 71 71 72 70 68 67 64 62 63 67 70 74 76 78 79 79 80 80 81 81 77 77 75 72 63 0 0 0 0 0 0 0 0 0 0 0 0 0 0 0 0 0 0 0 0 0 0 0 0 0 0 0 0 0 0 0 0 0 0 43 63 73 79 82 92 94 93 92 91 92 93 94 89 81 75 68 56 48 0 0 0 0 0 0 0 0 0 0 0 0 0 0 0 0 0 0 0 0 0 0 0 0 0 0 0 0 0 0 0 0 0 0 0 62 78 85 88 91 98 96 93 90 86 78 71 65 62 0 0 0 0 0 0 0 0 0 0 0 0 0 0 0 0 0 0 0 0 0 0 0 0 0 0 0 0 0 0 0 0 0 0 62 64 61 67 
73 69 69 69 70 69 69 69 69 70 70 71 72 73 71 70 69 68 66 67 70 72 74 77 78 78 79 79 80 80 81 77 77 75 72 65 0 0 0 0 0 0 0 0 0 0 0 0 0 0 0 0 0 0 0 0 0 0 0 0 0 0 0 0 0 0 0 0 0 0 41 61 72 77 81 92 93 93 93 92 92 94 94 89 80 76 69 56 48 0 0 0 0 0 0 0 0 0 0 0 0 0 0 0 0 0 0 0 0 0 0 0 0 0 0 0 0 0 0 0 0 0 0 0 61 77 84 88 90 97 95 90 86 82 74 61 0 0 0 0 0 0 0 0 0 0 0 0 0 0 0 0 0 0 0 0 0 0 0 0 0 0 0 0 0 0 0 0 0 0 0 60 62 63 62 66 
65 70 69 69 69 69 69 69 69 70 70 71 71 72 71 71 71 71 70 70 72 73 75 77 78 78 79 80 80 81 81 78 77 76 73 65 0 0 0 0 0 0 0 0 0 0 0 0 0 0 0 0 0 0 0 0 0 0 0 0 0 0 0 0 0 0 0 0 0 0 40 63 73 79 82 91 93 93 93 92 92 94 94 88 79 75 68 55 46 0 0 0 0 0 0 0 0 0 0 0 0 0 0 0 0 0 0 0 0 0 0 0 0 0 0 0 0 0 0 0 0 0 0 0 62 78 84 88 90 97 94 90 85 80 71 57 0 0 0 0 0 0 0 0 0 0 0 0 0 0 0 0 0 0 0 0 0 0 0 0 0 0 0 0 0 0 0 0 0 0 0 59 61 63 64 68 
69 65 68 69 69 69 69 69 68 69 69 70 70 71 71 72 73 73 73 73 74 75 76 77 78 78 79 79 80 81 81 78 77 76 74 66 0 0 0 0 0 0 0 0 0 0 0 0 0 0 0 0 0 0 0 0 0 0 0 0 0 0 0 0 0 0 0 0 0 0 41 63 73 79 82 91 93 94 93 93 93 94 94 88 78 74 67 54 46 0 0 0 0 0 0 0 0 0 0 0 0 0 0 0 0 0 0 0 0 0 0 0 0 0 0 0 0 0 0 0 0 0 0 0 62 78 84 87 89 96 94 91 86 81 73 64 0 0 0 0 0 0 0 0 0 0 0 0 0 0 0 0 0 0 0 0 0 0 0 0 0 0 0 0 0 0 0 0 0 0 0 58 61 63 64 64 
65 64 66 67 68 67 67 68 66 66 67 67 67 69 70 71 73 74 75 75 76 76 77 77 78 78 79 79 80 81 81 78 78 77 74 67 0 0 0 0 0 0 0 0 0 0 0 0 0 0 0 0 0 0 0 0 0 0 0 0 0 0 0 0 0 0 0 0 0 0 40 62 72 78 82 91 94 94 94 94 93 94 94 87 78 73 66 53 45 0 0 0 0 0 0 0 0 0 0 0 0 0 0 0 0 0 0 0 0 0 0 0 0 0 0 0 0 0 0 0 0 0 0 0 62 77 84 87 89 96 95 92 88 83 76 69 62 0 0 0 0 0 0 0 0 0 0 0 0 0 0 0 0 0 0 0 0 0 0 0 0 0 0 0 0 0 0 0 0 0 0 0 61 64 63 66 
65 65 66 67 68 67 67 67 66 65 66 65 65 66 67 68 71 72 73 74 74 75 76 76 77 78 78 78 79 80 81 78 78 77 75 69 0 0 0 0 0 0 0 0 0 0 0 0 0 0 0 0 0 0 0 0 0 0 0 0 0 0 0 0 0 0 0 0 0 0 0 65 75 80 83 90 93 94 94 94 93 94 93 86 76 72 65 51 44 0 0 0 0 0 0 0 0 0 0 0 0 0 0 0 0 0 0 0 0 0 0 0 0 0 0 0 0 0 0 0 0 0 0 0 63 78 84 87 88 95 95 93 89 85 79 74 69 65 61 61 60 60 63 63 61 58 56 0 0 0 0 0 0 0 0 0 0 0 0 0 0 0 0 0 0 0 0 0 0 0 0 0 63 65 64 69 
59 0 65 66 67 66 66 66 64 64 64 63 63 65 66 67 70 72 72 71 72 71 72 73 74 74 75 75 76 76 77 75 75 75 73 67 0 0 0 0 0 0 0 0 0 0 0 0 0 0 0 0 0 0 0 0 0 0 0 0 0 0 0 0 0 0 0 0 0 0 0 69 78 82 85 90 93 93 93 93 93 93 92 85 76 71 64 50 43 0 0 0 0 0 0 0 0 0 0 0 0 0 0 0 0 0 0 0 0 0 0 0 0 0 0 0 0 0 0 0 0 0 0 0 66 79 85 87 89 95 96 94 91 87 83 80 75 73 72 72 71 71 72 72 70 67 66 63 61 0 0 0 0 0 0 0 0 0 0 0 0 0 0 0 0 0 0 0 0 0 0 0 64 66 64 71 
0 0 65 65 66 65 64 63 61 60 60 60 60 62 64 66 69 70 70 69 70 70 70 71 72 72 74 74 74 75 76 74 74 74 72 68 0 0 0 0 0 0 0 0 0 0 0 0 0 0 0 0 0 0 0 0 0 0 0 0 0 0 0 0 0 0 0 0 0 0 0 68 76 81 83 88 91 92 92 92 92 92 91 84 74 70 63 49 41 0 0 0 0 0 0 0 0 0 0 0 0 0 0 0 0 0 0 0 0 0 0 0 0 0 0 0 0 0 0 0 0 0 0 0 65 78 84 86 88 93 94 93 91 88 84 81 78 74 72 71 70 69 70 70 68 67 66 64 62 0 0 0 0 0 0 0 0 0 0 0 0 0 0 0 0 0 0 0 0 0 0 0 65 67 64 67 
0 0 60 62 63 62 61 61 58 57 57 57 57 59 61 63 67 69 69 68 68 68 68 69 71 71 72 72 73 73 74 72 73 73 71 0 0 0 0 0 0 0 0 0 0 0 0 0 0 0 0 0 0 0 0 0 0 0 0 0 0 0 0 0 0 0 0 0 0 0 0 66 74 76 78 81 84 85 85 86 86 85 86 79 71 68 61 48 41 0 0 0 0 0 0 0 0 0 0 0 0 0 0 0 0 0 0 0 0 0 0 0 0 0 0 0 0 0 0 0 0 0 0 0 61 72 77 79 81 86 86 85 85 85 83 82 80 75 72 71 70 69 70 70 68 67 66 64 62 0 0 0 0 0 0 0 0 0 0 0 0 0 0 0 0 0 0 0 0 0 0 66 66 67 64 72 
0 0 0 0 0 0 0 0 0 85 78 74 72 69 61 61 61 64 63 62 63 63 63 65 67 67 68 69 69 70 71 70 71 71 70 0 0 0 0 0 0 0 0 0 0 0 0 0 0 0 0 0 0 0 0 0 0 0 0 0 0 0 0 0 0 0 0 0 0 0 0 69 74 76 78 79 82 83 83 84 84 84 84 77 70 66 60 47 0 0 0 0 0 0 0 0 0 0 0 0 0 0 0 0 0 0 0 0 0 0 0 0 0 0 0 0 0 0 0 0 0 0 0 0 61 71 75 77 79 83 83 82 83 83 83 83 82 77 74 71 70 69 70 70 68 67 66 64 62 0 0 0 0 0 0 0 0 0 0 0 0 0 0 0 0 0 0 0 0 0 0 66 66 67 68 67 
0 0 0 0 0 0 0 0 0 90 81 80 80 81 66 0 0 0 0 0 0 0 52 55 59 60 62 63 63 62 63 62 62 0 0 0 0 0 0 0 0 0 0 0 0 0 0 0 0 0 0 0 0 0 0 0 0 0 0 0 0 0 0 0 0 0 0 0 0 0 0 0 72 73 74 75 79 79 80 81 81 80 81 75 68 65 60 47 0 0 0 0 0 0 0 0 0 0 0 0 0 0 0 0 0 0 0 0 0 0 0 0 0 0 0 0 0 0 0 0 0 0 0 0 0 68 72 74 75 79 79 78 79 80 81 83 84 81 79 76 75 74 73 73 72 71 71 70 68 0 0 0 0 0 0 0 0 0 0 0 0 0 0 0 0 0 0 0 0 0 0 65 66 67 67 65 
0 0 0 0 0 0 0 0 74 89 83 80 80 82 70 0 0 0 0 0 0 0 0 0 0 0 0 0 0 0 0 0 0 0 0 0 0 0 0 0 0 0 0 0 0 0 0 0 0 0 0 0 0 0 0 0 0 0 0 0 0 0 0 0 0 0 0 0 0 0 0 0 65 67 69 69 73 73 74 75 76 75 76 71 66 63 58 0 0 0 0 0 0 0 0 0 0 0 0 0 0 0 0 0 0 0 0 0 0 0 0 0 0 0 0 0 0 0 0 0 0 0 0 0 0 62 65 67 68 72 71 70 71 72 72 75 78 75 72 69 67 65 64 66 64 65 66 0 0 0 0 0 0 0 0 0 0 0 0 0 0 0 0 0 0 0 0 0 0 0 0 65 66 67 67 72 
0 0 0 0 0 0 0 0 69 83 83 80 81 84 73 67 0 0 0 0 0 0 0 0 0 0 0 0 0 0 0 0 0 0 0 0 0 0 0 0 0 0 0 0 0 0 0 0 0 0 0 0 0 0 0 0 0 0 0 0 0 0 0 0 0 0 0 0 0 0 0 0 0 0 55 56 60 60 62 62 62 62 64 60 58 0 0 0 0 0 0 0 0 0 0 0 0 0 0 0 0 0 0 0 0 0 0 0 0 0 0 0 0 0 0 0 0 0 0 0 0 0 0 0 0 0 0 52 53 56 54 53 52 0 0 0 0 0 0 0 0 0 0 0 0 0 0 0 0 0 0 56 56 56 56 0 0 0 0 0 0 0 0 0 0 0 0 0 0 0 0 65 65 66 67 65 
0 0 0 0 0 0 0 61 69 83 89 84 86 89 79 66 0 0 0 0 0 0 0 0 0 0 0 0 0 0 0 0 0 0 0 0 0 0 0 0 0 0 0 0 0 0 0 0 0 0 0 0 0 0 0 0 0 0 0 0 0 0 0 0 0 0 0 0 0 0 0 0 0 0 0 0 0 0 0 0 0 0 0 0 0 0 0 0 0 0 0 0 0 0 0 0 0 0 0 0 0 0 0 0 0 0 0 0 0 0 0 0 0 0 0 0 0 0 0 0 0 0 0 0 0 0 0 0 0 0 0 0 0 0 0 0 0 0 0 0 0 0 0 0 0 0 0 0 0 0 0 56 56 56 56 0 0 0 0 0 0 0 0 0 0 0 0 0 0 0 0 64 65 67 66 69 
0 0 0 70 68 67 63 64 68 77 87 84 86 89 85 68 0 0 0 0 0 0 0 0 0 0 0 0 0 0 0 0 0 0 0 0 0 0 0 0 0 0 0 0 0 0 0 0 0 0 0 0 0 0 0 0 0 0 0 0 0 0 0 0 0 0 0 0 0 0 0 0 0 0 0 0 0 0 0 0 0 0 0 0 0 0 0 0 0 0 0 0 0 0 0 0 0 0 0 0 0 0 0 0 0 0 0 0 0 0 0 0 0 0 0 0 0 0 0 0 0 0 0 0 0 0 0 0 0 0 0 0 0 0 0 0 0 0 0 0 0 0 0 0 0 0 0 0 0 0 0 0 0 0 0 0 0 0 0 0 0 0 0 0 0 0 0 0 0 0 0 64 65 66 64 68 
0 0 75 74 71 69 67 66 68 74 86 85 86 89 89 71 0 0 0 0 0 0 0 0 0 0 0 0 0 0 0 0 0 0 0 0 0 0 0 0 0 0 0 0 0 0 0 0 0 0 0 0 0 0 0 0 0 0 0 0 0 0 0 0 0 0 0 0 0 0 0 0 0 0 0 0 0 0 0 0 0 0 0 0 0 0 0 0 0 0 0 0 0 0 0 0 0 0 0 0 0 0 0 0 0 0 0 0 0 0 0 0 0 0 0 0 0 0 0 0 0 0 0 0 0 0 0 0 0 0 0 0 0 0 0 0 0 0 0 0 0 0 0 0 0 0 0 0 0 0 0 0 0 0 0 0 0 0 0 0 0 0 0 0 0 0 0 0 0 0 0 64 65 66 69 72 
0 0 75 75 73 72 70 68 70 73 83 85 86 88 91 75 0 0 0 0 0 0 0 0 0 0 0 0 0 0 0 0 0 0 0 0 0 0 0 0 0 0 0 0 0 0 0 0 0 0 0 0 0 0 0 0 0 0 0 0 0 0 0 0 0 0 0 0 0 0 0 0 0 0 0 0 0 0 0 0 0 0 0 0 0 0 0 0 0 0 0 0 0 0 0 0 0 0 0 0 0 0 0 0 0 0 0 0 0 0 0 0 0 0 0 0 0 0 0 0 0 0 0 0 0 0 0 0 0 0 0 0 0 0 0 0 0 0 0 0 0 0 0 0 0 0 0 0 0 0 0 0 0 0 0 0 0 0 0 0 0 0 0 0 0 0 0 0 0 0 0 63 64 66 68 68 
0 0 75 75 74 74 72 71 71 73 82 86 85 87 91 79 62 0 0 0 0 0 0 0 0 0 0 0 0 0 0 0 0 0 0 0 0 0 0 0 0 0 0 0 0 0 0 0 0 0 0 0 0 0 0 0 0 0 0 0 0 0 0 0 0 0 0 0 0 0 0 0 0 0 0 0 0 0 0 0 0 0 0 0 0 0 0 0 0 0 0 0 0 0 0 0 0 0 0 0 0 0 0 0 0 0 0 0 0 0 0 0 0 0 0 0 0 0 0 0 0 0 0 0 0 0 0 0 0 0 0 0 0 0 0 0 0 0 0 0 0 0 0 0 0 0 0 0 0 0 0 0 0 0 0 0 0 0 0 0 0 0 0 0 0 0 0 0 0 0 0 0 65 67 60 69 
0 0 73 74 74 74 73 72 72 73 78 83 82 84 87 81 62 0 0 0 0 0 0 0 0 0 0 0 0 0 0 0 0 0 0 0 0 0 0 0 0 0 0 0 0 0 0 0 0 0 0 0 0 0 0 0 0 0 0 0 0 0 0 0 0 0 0 0 0 0 0 0 0 0 0 0 0 0 0 0 0 0 0 0 0 0 0 0 0 0 0 0 0 0 0 0 0 0 0 0 0 0 0 0 0 0 0 0 0 0 0 0 0 0 0 0 0 0 0 0 0 0 0 0 0 0 0 0 0 0 0 0 0 0 0 0 0 0 0 0 0 0 0 0 0 0 0 0 0 0 0 0 0 0 0 0 0 0 0 0 0 0 0 0 0 0 0 0 0 0 0 0 65 66 0 0 
0 0 73 74 75 75 74 73 72 72 74 79 78 79 83 83 0 0 0 0 0 0 0 0 0 0 0 0 0 0 0 0 0 0 0 0 0 0 0 0 0 0 0 0 0 0 0 0 0 0 0 0 0 0 0 0 0 0 0 0 0 0 0 0 0 0 0 0 0 0 0 0 0 0 0 0 0 0 0 0 0 0 0 0 0 0 0 0 0 0 0 0 0 0 0 0 0 0 0 0 0 0 0 0 0 0 0 0 0 0 0 0 0 0 0 0 0 0 0 0 0 0 0 0 0 0 0 0 0 0 0 0 0 0 0 0 0 0 0 0 0 0 0 0 0 0 0 0 0 0 0 0 0 0 0 0 0 0 0 0 0 0 0 0 0 0 0 0 0 0 0 0 0 0 0 0 
64 62 72 73 75 76 75 73 72 71 72 76 76 77 80 85 0 0 0 0 0 0 0 0 0 0 0 0 0 0 0 0 0 0 0 0 0 0 0 0 0 0 0 0 0 0 0 0 0 0 0 0 0 0 0 0 0 0 0 0 0 0 0 0 0 0 0 0 0 0 0 0 0 0 0 0 0 0 0 0 0 0 0 0 0 0 0 0 0 0 0 0 0 0 0 0 0 0 0 0 0 0 0 0 0 0 0 0 0 0 0 0 0 0 0 0 0 0 0 0 0 0 0 0 0 0 0 0 0 0 0 0 0 0 0 0 0 0 0 0 0 0 0 0 0 0 0 0 0 0 0 0 0 0 0 0 0 0 0 0 0 0 0 0 0 0 0 0 0 0 0 0 0 0 0 0 
63 66 71 72 73 73 72 71 71 71 71 74 74 74 77 0 0 0 0 0 0 0 0 0 0 0 0 0 0 0 0 0 0 0 0 0 0 0 0 0 0 0 0 0 0 0 0 0 0 0 0 0 0 0 0 0 0 0 0 0 0 0 0 0 0 0 0 0 0 0 0 0 0 0 0 0 0 0 0 0 0 0 0 0 0 0 0 0 0 0 0 0 0 0 0 0 0 0 0 0 0 0 0 0 0 0 0 0 0 0 0 0 0 0 0 0 0 0 0 0 0 0 0 0 0 0 0 0 0 0 0 0 0 0 0 0 0 0 0 0 0 0 0 0 0 0 0 0 0 0 0 0 0 0 0 0 0 0 0 0 0 0 0 0 0 0 0 0 0 0 0 0 0 0 0 0 
62 61 96 85 79 74 71 71 71 70 69 69 73 94 117 154 192 189 180 173 0 0 0 0 0 0 0 0 0 0 0 0 0 0 0 0 0 0 0 0 0 0 0 0 0 0 0 0 0 0 0 0 0 0 0 0 0 0 0 0 0 0 0 0 0 0 0 0 0 0 0 0 0 0 0 0 0 0 0 0 0 0 0 0 0 0 0 0 0 0 0 0 0 0 0 0 0 0 0 0 0 0 0 0 0 0 0 0 0 0 0 0 0 0 0 0 0 0 0 0 0 0 0 0 0 0 0 0 0 0 0 0 0 0 0 0 0 0 0 0 0 0 0 0 0 0 0 0 0 0 0 0 0 0 0 0 0 0 0 0 0 0 0 0 0 0 0 0 0 0 0 0 0 0 0 0 
76 0 180 164 146 129 119 116 114 120 134 156 195 259 303 338 322 282 255 218 162 0 0 0 0 0 0 0 0 0 0 0 0 0 0 0 0 0 0 0 0 0 0 0 0 0 0 0 0 0 0 0 0 0 0 0 0 0 0 0 0 0 0 0 0 0 0 0 0 0 0 0 0 0 0 0 0 0 0 0 0 0 0 0 0 0 0 0 0 0 0 0 0 0 0 0 0 0 0 0 0 0 0 0 0 0 0 0 0 0 0 0 0 0 0 0 0 0 0 0 0 0 0 0 0 0 0 0 0 0 0 0 0 0 0 0 0 0 0 0 0 0 0 0 0 0 0 0 0 0 0 0 0 0 0 0 0 0 0 0 0 0 0 0 0 0 0 0 0 0 0 0 0 0 0 0 
341 230 269 258 242 227 222 232 240 267 309 327 357 401 410 405 367 310 275 226 155 0 0 0 0 0 0 0 0 0 0 0 0 0 0 0 0 0 0 0 0 0 0 0 0 0 0 0 0 0 0 0 0 0 0 0 0 0 0 0 0 0 0 0 0 0 0 0 0 0 0 0 0 0 0 0 0 0 0 0 0 0 0 0 0 0 0 0 0 0 0 0 0 0 0 0 0 0 0 0 0 0 0 0 0 0 0 0 0 0 0 0 0 0 0 0 0 0 0 0 0 0 0 0 0 0 0 0 0 0 0 0 0 0 0 0 0 0 0 0 0 0 0 0 0 0 0 0 0 0 0 0 0 0 0 0 0 0 0 0 0 0 0 0 0 0 0 0 0 0 0 0 0 0 0 0 
481 476 345 338 323 310 312 334 352 376 410 407 415 432 438 426 378 324 285 230 152 0 0 0 0 0 0 0 0 0 0 0 0 0 0 0 0 0 0 0 0 0 0 0 0 0 0 0 0 0 0 0 0 0 0 0 0 0 0 0 0 0 0 0 0 0 0 0 0 0 0 0 0 0 0 0 0 0 0 0 0 0 0 0 0 0 0 0 0 0 0 0 0 0 0 0 0 0 0 0 0 0 0 0 0 0 0 0 0 0 0 0 0 0 0 0 0 0 0 0 0 0 0 0 0 0 0 0 0 0 0 0 0 0 0 0 0 0 0 0 0 0 0 0 0 0 0 0 0 0 0 0 0 0 0 0 0 0 0 0 0 0 0 0 0 0 0 0 0 0 0 0 0 0 0 0 
428 444 376 373 372 374 380 391 394 399 410 410 419 435 440 424 384 333 293 235 154 0 0 0 0 0 0 0 0 0 0 0 0 0 0 0 0 0 0 0 0 0 0 0 0 0 0 0 0 0 0 0 0 0 0 0 0 0 0 0 0 0 0 0 0 0 0 0 0 0 0 0 0 0 0 0 0 0 0 0 0 0 0 0 0 0 0 0 0 0 0 0 0 0 0 0 0 0 0 0 0 0 0 0 0 0 0 0 0 0 0 0 0 0 0 0 0 0 0 0 0 0 0 0 0 0 0 0 0 0 0 0 0 0 0 0 0 0 0 0 0 0 0 0 0 0 0 0 0 0 0 0 0 0 0 0 0 0 0 0 0 0 0 0 0 0 0 0 0 0 0 0 0 0 0 0 
399 403 414 411 405 399 394 390 391 396 406 421 443 466 479 464 402 350 303 230 135 0 0 0 0 0 0 0 0 0 0 0 0 0 0 0 0 0 0 0 0 0 0 0 0 0 0 0 0 0 0 0 0 0 0 0 0 0 0 0 0 0 0 0 0 0 0 0 0 0 0 0 0 0 0 0 0 0 0 0 0 0 0 0 0 0 0 0 0 0 0 0 0 0 0 0 0 0 0 0 0 0 0 0 0 0 0 0 0 0 0 0 0 0 0 0 0 0 0 0 0 0 0 0 0 0 0 0 0 0 0 0 0 0 0 0 0 0 0 0 0 0 0 0 0 0 0 0 0 0 0 0 0 0 0 0 0 0 0 0 0 0 0 0 0 0 0 0 0 0 0 0 0 0 0 0 
376 391 394 403 409 414 416 417 421 426 433 442 454 461 461 430 361 320 274 200 117 0 0 0 0 0 0 0 0 0 0 0 0 0 0 0 0 0 0 0 0 0 0 0 0 0 0 0 0 0 0 0 0 0 0 0 0 0 0 0 0 0 0 0 0 0 0 0 0 0 0 0 0 0 0 0 0 0 0 0 0 0 0 0 0 0 0 0 0 0 0 0 0 0 0 0 0 0 0 0 0 0 0 0 0 0 0 0 0 0 0 0 0 0 0 0 0 0 0 0 0 0 0 0 0 0 0 0 0 0 0 0 0 0 0 0 0 0 0 0 0 0 0 0 0 0 0 0 0 0 0 0 0 0 0 0 0 0 0 0 0 0 0 0 0 0 0 0 0 0 0 0 0 0 0 0 
353 363 352 371 383 389 391 392 394 397 403 411 421 426 423 385 319 288 243 168 99 0 0 0 0 0 0 0 0 0 0 0 0 0 0 0 0 0 0 0 0 0 0 0 0 0 0 0 0 0 0 0 0 0 0 0 0 0 0 0 0 0 0 0 0 0 0 0 0 0 0 0 0 0 0 0 0 0 0 0 0 0 0 0 0 0 0 0 0 0 0 0 0 0 0 0 0 0 0 0 0 0 0 0 0 0 0 0 0 0 0 0 0 0 0 0 0 0 0 0 0 0 0 0 0 0 0 0 0 0 0 0 0 0 0 0 0 0 0 0 0 0 0 0 0 0 0 0 0 0 0 0 0 0 0 0 0 0 0 0 0 0 0 0 0 0 0 0 0 0 0 0 0 0 0 0 
252 337 326 345 357 371 376 376 376 378 382 387 395 396 390 347 285 253 211 139 88 0 0 0 0 0 0 0 0 0 0 0 0 0 0 0 0 0 0 0 0 0 0 0 0 0 0 0 0 0 0 0 0 0 0 0 0 0 0 0 0 0 0 0 0 0 0 0 0 0 0 0 0 0 0 0 0 0 0 0 0 0 0 0 0 0 0 0 0 0 0 0 0 0 0 0 0 0 0 0 0 0 0 0 0 0 0 0 0 0 0 0 0 0 0 0 0 0 0 0 0 0 0 0 0 0 0 0 0 0 0 0 0 0 0 0 0 0 0 0 0 0 0 0 0 0 0 0 0 0 0 0 0 0 0 0 0 0 0 0 0 0 0 0 0 0 0 0 0 0 0 0 0 0 0 0 
99 177 293 317 330 343 356 360 360 363 367 373 379 377 367 322 269 237 196 121 82 0 0 0 0 0 0 0 0 0 0 0 0 0 0 0 0 0 0 0 0 0 0 0 0 0 0 0 0 0 0 0 0 0 0 0 0 0 0 0 0 0 0 0 0 0 0 0 0 0 0 0 0 0 0 0 0 0 0 0 0 0 0 0 0 0 0 0 0 0 0 0 0 0 0 0 0 0 0 0 0 0 0 0 0 0 0 0 0 0 0 0 0 0 0 0 0 0 0 0 0 0 0 0 0 0 0 0 0 0 0 0 0 0 0 0 0 0 0 0 0 0 0 0 0 0 0 0 0 0 0 0 0 0 0 0 0 0 0 0 0 0 0 0 0 0 0 0 0 0 0 0 0 0 0 0 
0 0 255 281 295 310 322 336 340 344 347 351 355 352 342 296 255 225 185 110 0 0 0 0 0 0 0 0 0 0 0 0 0 0 0 0 0 0 0 0 0 0 0 0 0 0 0 0 0 0 0 0 0 0 0 0 0 0 0 0 0 0 0 0 0 0 0 0 0 0 0 0 0 0 0 0 0 0 0 0 0 0 0 0 0 0 0 0 0 0 0 0 0 0 0 0 0 0 0 0 0 0 0 0 0 0 0 0 0 0 0 0 0 0 0 0 0 0 0 0 0 0 0 0 0 0 0 0 0 0 0 0 0 0 0 0 0 0 0 0 0 0 0 0 0 0 0 0 0 0 0 0 0 0 0 0 0 0 0 0 0 0 0 0 0 0 0 0 0 0 0 0 0 0 0 0 
0 0 217 252 261 274 284 293 293 303 310 318 325 325 312 276 243 213 171 101 0 0 0 0 0 0 0 0 0 0 0 0 0 0 0 0 0 0 0 0 0 0 0 0 0 0 0 0 0 0 0 0 0 0 0 0 0 0 0 0 0 0 0 0 0 0 0 0 0 0 0 0 0 0 0 0 0 0 0 0 0 0 0 0 0 0 0 0 0 0 0 0 0 0 0 0 0 0 0 0 0 0 0 0 0 0 0 0 0 0 0 0 0 0 0 0 0 0 0 0 0 0 0 0 0 0 0 0 0 0 0 0 0 0 0 0 0 0 0 0 0 0 0 0 0 0 0 0 0 0 0 0 0 0 0 0 0 0 0 0 0 0 0 0 0 0 0 0 0 0 0 0 0 0 0 0 
0 0 186 221 229 247 264 276 276 288 296 292 290 281 270 239 221 199 168 98 0 0 0 0 0 0 0 0 0 0 0 0 0 0 0 0 0 0 0 0 0 0 0 0 0 0 0 0 0 0 0 0 0 0 0 0 0 0 0 0 0 0 0 0 0 0 0 0 0 0 0 0 0 0 0 0 0 0 0 0 0 0 0 0 0 0 0 0 0 0 0 0 0 0 0 0 0 0 0 0 0 0 0 0 0 0 0 0 0 0 0 0 0 0 0 0 0 0 0 0 0 0 0 0 0 0 0 0 0 0 0 0 0 0 0 0 0 0 0 0 0 0 0 0 0 0 0 0 0 0 0 0 0 0 0 0 0 0 0 0 0 0 0 0 0 0 0 0 0 0 0 0 0 0 0 0 
0 0 0 186 194 206 227 245 247 263 274 270 268 259 248 221 212 194 166 0 0 0 0 0 0 0 0 0 0 0 0 0 0 0 0 0 0 0 0 0 0 0 0 0 0 0 0 0 0 0 0 0 0 0 0 0 0 0 0 0 0 0 0 0 0 0 0 0 0 0 0 0 0 0 0 0 0 0 0 0 0 0 0 0 0 0 0 0 0 0 0 0 0 0 0 0 0 0 0 0 0 0 0 0 0 0 0 0 0 0 0 0 0 0 0 0 0 0 0 0 0 0 0 0 0 0 0 0 0 0 0 0 0 0 0 0 0 0 0 0 0 0 0 0 0 0 0 0 0 0 0 0 0 0 0 0 0 0 0 0 0 0 0 0 0 0 0 0 0 0 0 0 0 0 0 0 
0 0 0 0 145 165 181 201 209 228 242 236 234 225 213 193 187 173 0 0 0 0 0 0 0 0 0 0 0 0 0 0 0 0 0 0 0 0 0 0 0 0 0 0 0 0 0 0 0 0 0 0 0 0 0 0 0 0 0 0 0 0 0 0 0 0 0 0 0 0 0 0 0 0 0 0 0 0 0 0 0 0 0 0 0 0 0 0 0 0 0 0 0 0 0 0 0 0 0 0 0 0 0 0 0 0 0 0 0 0 0 0 0 0 0 0 0 0 0 0 0 0 0 0 0 0 0 0 0 0 0 0 0 0 0 0 0 0 0 0 0 0 0 0 0 0 0 0 0 0 0 0 0 0 0 0 0 0 0 0 0 0 0 0 0 0 0 0 0 0 0 0 0 0 0 0 
0 0 0 0 0 0 0 123 135 168 194 191 194 185 171 159 154 0 0 0 0 0 0 0 0 0 0 0 0 0 0 0 0 0 0 0 0 0 0 0 0 0 0 0 0 0 0 0 0 0 0 0 0 0 0 0 0 0 0 0 0 0 0 0 0 0 0 0 0 0 0 0 0 0 0 0 0 0 0 0 0 0 0 0 0 0 0 0 0 0 0 0 0 0 0 0 0 0 0 0 0 0 0 0 0 0 0 0 0 0 0 0 0 0 0 0 0 0 0 0 0 0 0 0 0 0 0 0 0 0 0 0 0 0 0 0 0 0 0 0 0 0 0 0 0 0 0 0 0 0 0 0 0 0 0 0 0 0 0 0 0 0 0 0 0 0 0 0 0 0 0 0 0 0 0 0 
0 0 0 0 0 0 0 0 0 0 0 0 0 0 0 0 0 0 0 0 0 0 0 0 0 0 0 0 0 0 0 0 0 0 0 0 0 0 0 0 0 0 0 0 0 0 0 0 0 0 0 0 0 0 0 0 0 0 0 0 0 0 0 0 0 0 0 0 0 0 0 0 0 0 0 0 0 0 0 0 0 0 0 0 0 0 0 0 0 0 0 0 0 0 0 0 0 0 0 0 0 0 0 0 0 0 0 0 0 0 0 0 0 0 0 0 0 0 0 0 0 0 0 0 0 0 0 0 0 0 0 0 0 0 0 0 0 0 0 0 0 0 0 0 0 0 0 0 0 0 0 0 0 0 0 0 0 0 0 0 0 0 0 0 0 0 0 0 0 0 0 0 0 0 0 0 
0 0 0 0 0 0 0 0 0 0 0 0 0 0 0 0 0 0 0 0 0 0 0 0 0 0 0 0 0 0 0 0 0 0 0 0 0 0 0 0 0 0 0 0 0 0 0 0 0 0 0 0 0 0 0 0 0 0 0 0 0 0 0 0 0 0 0 0 0 0 0 0 0 0 0 0 0 0 0 0 0 0 0 0 0 0 0 0 0 0 0 0 0 0 0 0 0 0 0 0 0 0 0 0 0 0 0 0 0 0 0 0 0 0 0 0 0 0 0 0 0 0 0 0 0 0 0 0 0 0 0 0 0 0 0 0 0 0 0 0 0 0 0 0 0 0 0 0 0 0 0 0 0 0 0 0 0 0 0 0 0 0 0 0 0 0 0 0 0 0 0 0 0 0 0 0 
0 0 0 0 0 0 0 0 0 0 0 0 0 0 0 0 0 0 0 0 0 0 0 0 0 0 0 0 0 0 0 0 0 0 0 0 0 0 0 0 0 0 0 0 0 0 0 0 0 0 0 0 0 0 0 0 0 0 0 0 0 0 0 0 0 0 0 0 0 0 0 0 0 0 0 0 0 0 0 0 0 0 0 0 0 0 0 0 0 0 0 0 0 0 0 0 0 0 0 0 0 0 0 0 0 0 0 0 0 0 0 0 0 0 0 0 0 0 0 0 0 0 0 0 0 0 0 0 0 0 0 0 0 0 0 0 0 0 0 0 0 0 0 0 0 0 0 0 0 0 0 0 0 0 0 0 0 0 0 0 0 0 0 0 0 0 0 0 0 0 0 0 0 0 0 0 
0 0 0 0 0 0 0 0 0 0 0 0 0 0 0 0 0 0 0 0 0 0 0 0 0 0 0 0 0 0 0 0 0 0 0 0 0 0 0 0 0 0 0 0 0 0 0 0 0 0 0 0 0 0 0 0 0 0 0 0 0 0 0 0 0 0 0 0 0 0 0 0 0 0 0 0 0 0 0 0 0 0 0 0 0 0 0 0 0 0 0 0 0 0 0 0 0 0 0 0 0 0 0 0 0 0 0 0 0 0 0 0 0 0 0 0 0 0 0 0 0 0 0 0 0 0 0 0 0 0 0 0 0 0 0 0 0 0 0 0 0 0 0 0 0 0 0 0 0 0 0 0 0 0 0 0 0 0 0 0 0 0 0 0 0 0 0 0 0 0 0 0 0 0 0 0 
0 0 0 0 0 0 0 0 0 0 0 0 0 0 0 0 0 0 0 0 0 0 0 0 0 0 0 0 0 0 0 0 0 0 0 0 0 0 0 0 0 0 0 0 0 0 0 0 0 0 0 0 0 0 0 0 0 0 0 0 0 0 0 0 0 0 0 0 0 0 0 0 0 0 0 0 0 0 0 0 0 0 0 0 0 0 0 0 0 0 0 0 0 0 0 0 0 0 0 0 0 0 0 0 0 0 0 0 0 0 0 0 0 0 0 0 0 0 0 0 0 0 0 0 0 0 0 0 0 0 0 0 0 0 0 0 0 0 0 0 0 0 0 0 0 0 0 0 0 0 0 0 0 0 0 0 0 0 0 0 0 0 0 0 0 0 0 0 0 0 0 0 0 0 0 0 
0 0 0 0 0 0 0 0 0 0 0 0 0 0 0 0 0 0 0 0 0 0 0 0 0 0 0 0 0 0 0 0 0 0 0 0 0 0 0 0 0 0 0 0 0 0 0 0 0 0 0 0 0 0 0 0 0 0 0 0 0 0 0 0 0 0 0 0 0 0 0 0 0 0 0 0 0 0 0 0 0 0 0 0 0 0 0 0 0 0 0 0 0 0 0 0 0 0 0 0 0 0 0 0 0 0 0 0 0 0 0 0 0 0 0 0 0 0 0 0 0 0 0 0 0 0 0 0 0 0 0 0 0 0 0 0 0 0 0 0 0 0 0 0 0 0 0 0 0 0 0 0 0 0 0 0 0 0 0 0 0 0 0 0 0 0 0 0 0 0 0 0 0 0 0 0 
0 0 0 0 0 0 0 0 0 0 0 0 0 0 0 0 0 0 0 0 0 0 0 0 0 0 0 0 0 0 0 0 0 0 0 0 0 0 0 0 0 0 0 0 0 0 0 0 0 0 0 0 0 0 0 0 0 0 0 0 0 0 0 0 0 0 0 0 0 0 0 0 0 0 0 0 0 0 0 0 0 0 0 0 0 0 0 0 0 0 0 0 0 0 0 0 0 0 0 0 0 0 0 0 0 0 0 0 0 0 0 0 0 0 0 0 0 0 0 0 0 0 0 0 0 0 0 0 0 0 0 0 0 0 0 0 0 0 0 0 0 0 0 0 0 0 0 0 0 0 0 0 0 0 0 0 0 0 0 0 0 0 0 0 0 0 0 0 0 0 0 0 0 0 0 0 
0 0 0 0 0 0 0 0 0 0 0 0 0 0 0 0 0 0 0 0 0 0 0 0 0 0 0 0 0 0 0 0 0 0 0 0 0 0 0 0 0 0 0 0 0 0 0 0 0 0 0 0 0 0 0 0 0 0 0 0 0 0 0 0 0 0 0 0 0 0 0 0 0 0 0 0 0 0 0 0 0 0 0 0 0 0 0 0 0 0 0 0 0 0 0 0 0 0 0 0 0 0 0 0 0 0 0 0 0 0 0 0 0 0 0 0 0 0 0 0 0 0 0 0 0 0 0 0 0 0 0 0 0 0 0 0 0 0 0 0 0 0 0 0 0 0 0 0 0 0 0 0 0 0 0 0 0 0 0 0 0 0 0 0 0 0 0 0 0 0 0 0 0 0 0 0 
