92 88 88 92 93 81 87 75 76 89 87 90 87 85 91 87 76 76 86 80 82 81 78 76 80 78 77 80 75 83 82 80 79 72 76 74 81 84 85 81 78 75 75 77 77 77 82 74 68 75 72 76 74 77 76 81 76 85 76 73 62 70 73 79 75 75 70 79 83 80 78 81 84 79 80 78 76 79 72 80 78 79 75 76 78 69 66 70 76 71 77 73 80 78 81 79 79 76 86 79 76 81 74 80 75 78 80 79 83 80 79 72 71 78 84 84 82 82 91 83 91 94 90 90 88 90 88 92 90 95 91 96 93 93 90 97 90 87 94 95 89 94 96 95 99 102 98 104 97 98 104 104 118 109 109 92 75 77 76 79 70 74 79 70 0 72 78 77 75 80 89 91 92 101 98 99 
84 82 85 88 86 84 76 87 82 79 78 81 83 82 80 76 80 75 72 67 78 77 79 73 78 79 72 79 71 80 74 76 81 75 70 68 68 78 77 78 77 80 80 73 76 75 78 79 71 77 75 78 80 75 80 76 71 75 78 74 64 67 73 75 79 81 80 79 76 76 80 78 79 78 77 77 78 77 76 78 79 81 79 77 78 72 68 72 74 77 77 73 78 73 77 79 79 75 76 74 75 86 79 79 79 84 79 82 80 81 76 74 75 84 85 84 86 82 91 92 86 91 92 90 90 84 89 87 89 90 94 96 94 92 85 90 86 86 92 94 96 97 96 93 98 96 97 102 95 101 101 114 107 104 93 80 69 70 76 73 76 73 67 72 0 0 72 81 81 83 89 91 89 96 91 108 
81 86 84 84 84 83 81 80 79 79 79 78 78 79 78 78 77 77 77 77 77 78 78 77 77 76 76 76 76 76 76 76 76 75 75 74 73 73 73 74 74 74 74 74 75 74 74 73 73 72 73 73 74 74 74 74 75 74 73 73 71 70 70 71 73 74 75 76 76 76 76 76 76 76 77 76 76 76 76 76 77 77 77 77 75 74 74 73 74 75 76 76 76 76 77 77 77 77 77 77 78 78 78 78 78 79 79 80 79 78 77 77 78 79 81 83 83 84 84 85 86 86 87 87 87 87 87 88 88 89 89 90 90 89 88 88 88 89 90 91 93 93 94 95 96 97 98 99 100 102 102 101 97 92 85 79 76 74 73 73 73 72 71 72 73 74 75 77 79 82 86 90 93 96 101 100 
82 76 81 82 82 81 81 80 78 77 77 76 75 75 75 75 75 75 76 76 76 76 76 76 76 76 75 75 75 74 75 75 75 74 73 72 71 70 71 71 72 72 73 73 73 73 73 72 72 71 72 72 73 73 72 72 72 72 72 72 71 70 70 70 72 73 75 75 76 75 76 76 77 77 78 78 78 78 78 79 79 79 80 80 80 79 79 79 79 80 80 80 80 80 81 80 81 81 81 82 82 83 83 83 83 84 84 85 84 83 83 83 84 85 87 87 87 88 88 88 89 89 89 89 89 89 89 89 89 90 89 90 89 89 87 88 88 89 90 92 93 93 94 94 95 96 97 98 100 101 100 98 92 86 80 75 73 73 72 72 72 71 70 71 71 76 77 78 80 83 86 90 93 96 94 95 
82 73 79 80 80 79 79 79 76 76 75 74 74 74 73 73 73 74 74 75 75 76 75 75 74 74 74 74 74 74 74 74 74 73 73 72 71 70 69 69 69 70 71 71 71 71 71 70 70 69 70 70 71 71 71 71 72 72 72 73 73 72 73 73 74 76 77 78 79 79 79 80 80 81 82 82 83 82 83 82 83 83 84 85 85 84 85 84 84 85 85 85 85 85 85 85 86 86 86 86 87 87 87 88 88 89 89 90 89 89 89 90 90 91 92 92 92 93 92 93 93 93 93 93 94 94 94 94 94 94 93 93 93 93 91 92 92 93 93 95 95 95 95 96 97 97 99 100 101 101 99 95 88 82 77 73 72 72 72 72 72 71 69 0 0 76 75 77 78 81 85 89 92 95 99 100 
78 76 77 77 78 77 77 77 75 74 74 73 73 73 73 72 72 73 73 73 74 74 73 73 72 72 72 72 72 72 72 72 71 71 71 70 70 69 68 68 68 68 70 70 71 71 71 71 71 71 72 72 73 73 74 75 75 75 76 77 77 77 78 78 79 80 81 82 82 83 83 83 84 85 85 86 87 87 87 86 87 87 88 89 89 89 90 89 89 89 89 89 89 90 90 90 91 90 91 91 92 92 93 93 94 94 94 94 94 94 94 95 96 96 97 97 96 97 97 97 98 98 98 98 98 98 98 98 98 98 97 98 98 98 97 98 98 99 99 100 100 100 100 101 101 102 103 105 105 104 101 95 87 80 75 72 71 71 70 70 69 68 0 0 0 75 75 76 78 80 84 88 91 94 94 100 
85 76 76 76 76 76 76 76 75 74 74 73 72 71 70 70 69 70 71 72 72 73 72 71 71 70 71 71 71 71 70 70 70 70 70 70 70 69 69 69 69 70 72 73 74 74 74 74 75 74 75 76 76 77 78 78 79 79 80 81 81 82 82 82 83 84 85 85 86 86 87 87 88 89 90 90 91 91 91 91 91 91 92 93 94 94 95 95 94 94 93 93 94 94 95 95 96 96 96 96 97 98 98 98 99 99 99 100 100 100 101 102 102 102 103 102 102 102 102 102 103 103 103 103 103 103 103 103 103 102 102 102 102 103 102 103 103 103 103 104 104 104 104 105 105 106 107 109 110 108 103 96 88 80 74 71 70 70 69 69 69 0 0 0 0 78 75 75 78 80 83 87 91 94 92 98 
78 74 75 75 75 75 75 75 74 73 73 72 72 71 70 69 68 68 69 70 70 70 70 70 69 69 70 70 70 70 71 70 71 71 71 72 73 72 72 73 74 74 75 76 77 77 77 78 78 78 79 80 80 81 82 82 83 83 84 85 85 86 86 87 87 88 88 89 90 91 91 92 93 93 94 95 96 96 95 96 95 95 96 97 98 99 99 99 99 98 98 98 98 99 99 100 100 100 100 100 101 102 102 103 103 103 103 104 105 105 106 107 107 107 107 106 106 106 106 106 107 107 108 108 109 109 109 108 108 107 107 107 107 108 107 107 107 107 107 108 108 108 108 108 108 110 111 113 114 112 107 99 90 81 74 71 70 69 69 69 0 0 0 0 0 0 74 74 76 79 81 86 90 93 94 96 
76 73 74 74 74 74 73 73 72 72 72 71 71 70 70 69 68 67 68 68 68 69 69 69 69 70 70 71 72 72 72 72 73 74 74 75 76 76 75 76 77 77 78 79 80 80 80 81 82 82 84 84 85 86 86 87 87 88 88 88 89 89 90 90 91 91 92 93 93 94 94 94 95 95 96 96 97 97 97 97 97 96 97 97 98 98 99 99 98 98 98 98 98 99 99 99 100 100 100 100 101 101 102 102 103 102 102 103 104 104 106 106 106 106 107 107 106 107 107 107 108 109 109 110 110 110 111 111 110 111 111 111 111 112 111 111 111 111 110 111 111 111 112 112 113 114 115 116 118 116 110 102 92 82 75 71 70 68 68 68 0 0 0 0 0 0 70 71 73 76 79 83 88 92 102 98 
72 72 73 73 73 73 72 71 71 70 70 70 70 69 69 69 68 68 68 69 69 70 70 71 71 72 73 74 74 74 74 75 75 77 77 78 78 78 78 79 80 81 82 83 84 84 84 85 86 87 88 88 89 89 90 90 91 91 91 91 91 91 91 91 91 91 92 92 93 93 93 93 94 95 95 96 96 97 97 97 97 97 97 97 97 98 98 98 97 97 97 97 97 98 99 99 99 99 99 99 100 100 100 101 101 101 102 102 103 103 104 104 105 105 105 106 106 106 107 107 107 107 108 109 109 110 110 110 109 109 110 110 110 111 111 110 111 111 111 111 112 113 113 113 114 115 116 118 120 120 114 105 94 83 74 70 68 68 67 0 0 0 0 0 0 0 70 71 73 75 78 82 87 91 94 100 
69 74 72 72 72 71 70 70 70 70 70 70 70 70 70 70 70 70 70 70 71 72 72 72 73 74 75 76 77 77 77 77 78 80 80 81 82 82 82 83 84 84 85 86 87 86 87 88 87 88 89 89 89 90 90 90 91 91 91 91 90 90 90 90 90 91 91 91 92 92 92 92 93 94 94 95 96 96 96 97 97 96 96 95 95 95 95 95 95 94 94 94 94 94 95 95 95 95 94 94 95 95 96 96 96 96 97 98 98 99 99 100 100 100 102 102 102 103 104 103 104 105 106 107 109 109 109 109 109 109 109 109 110 110 110 110 109 109 109 110 110 111 111 111 112 112 114 116 118 119 114 105 95 85 75 69 67 66 0 0 0 0 0 0 0 0 70 70 73 74 77 81 86 90 96 95 
70 68 71 71 71 71 70 70 71 70 70 71 72 72 72 72 72 72 71 72 72 73 74 75 76 77 78 79 79 79 80 80 81 83 83 84 85 84 84 85 85 85 86 86 87 86 86 87 87 87 88 88 88 88 88 88 88 88 88 88 87 87 86 86 86 86 86 87 87 87 88 89 91 92 93 94 95 95 95 96 96 94 92 90 89 89 90 92 94 93 94 93 93 94 94 94 94 94 93 93 94 94 94 95 95 95 96 96 97 97 97 98 99 99 101 101 101 100 98 96 95 95 98 101 104 107 108 108 108 109 109 109 109 110 109 109 109 109 109 109 110 110 110 110 110 111 112 114 116 117 113 103 95 86 75 67 66 0 0 0 0 0 0 65 65 68 70 70 72 73 76 79 84 88 94 96 
71 76 71 71 71 71 71 72 72 72 72 72 73 74 74 74 74 74 74 75 75 76 77 78 79 79 80 80 81 81 81 81 82 83 83 84 85 84 83 84 84 84 84 84 85 84 84 84 83 83 84 84 84 84 83 82 83 82 82 83 84 84 85 85 85 85 86 86 85 85 86 87 88 91 93 93 94 95 95 96 95 92 90 87 86 85 88 90 92 92 92 92 92 92 93 92 92 92 92 91 92 92 92 93 93 93 94 94 95 95 94 95 96 97 99 100 100 98 96 93 92 91 95 98 102 104 106 107 107 108 108 109 109 109 109 109 109 108 108 108 108 109 109 109 109 109 110 112 114 115 111 104 97 89 77 66 0 0 0 0 0 63 63 65 65 68 70 70 72 73 75 78 83 86 94 91 
77 69 72 72 72 72 72 73 73 73 73 74 74 75 75 75 75 76 76 77 78 79 79 80 80 80 80 80 81 81 81 81 82 82 82 81 81 81 80 80 80 80 79 79 78 79 79 80 81 82 82 82 82 82 81 80 81 80 80 82 83 82 84 83 82 83 83 83 83 81 82 84 86 89 92 93 94 94 94 95 95 90 87 84 82 79 84 87 90 89 90 89 89 90 90 89 89 88 88 88 89 88 89 89 90 90 91 90 91 90 90 91 93 94 96 97 98 94 91 87 86 84 89 94 99 102 106 107 107 108 108 109 109 109 108 109 108 108 108 108 108 108 108 108 108 108 109 110 111 114 111 102 97 91 78 62 0 0 0 0 0 63 63 65 65 0 70 70 71 73 75 78 82 86 89 92 
0 72 73 73 73 73 74 74 75 75 76 75 75 76 76 76 76 77 77 78 78 79 79 79 80 80 80 79 80 79 80 80 80 80 80 80 80 80 79 79 79 78 78 77 76 77 77 78 79 80 80 80 80 80 79 77 78 76 77 78 79 78 80 79 78 79 79 79 79 76 78 82 84 87 91 93 93 94 94 94 93 88 84 80 75 70 75 79 85 84 83 83 81 81 82 81 80 80 79 79 79 79 81 81 81 82 82 81 81 81 82 84 85 86 88 88 88 83 80 76 74 76 85 91 97 100 105 106 107 108 108 108 108 108 108 108 108 108 108 108 108 108 108 108 107 107 107 108 109 112 109 101 98 93 80 60 0 0 0 0 0 63 63 65 65 0 70 70 71 72 74 77 81 85 91 91 
73 75 74 74 75 75 76 76 77 76 77 76 76 76 76 76 76 76 76 77 78 78 79 79 79 79 79 79 79 79 80 79 79 79 78 78 78 79 78 77 77 77 76 75 74 74 74 75 76 77 77 76 76 76 74 71 71 68 68 68 70 69 73 72 70 70 70 70 69 69 75 80 83 86 91 93 93 94 94 94 92 86 82 77 69 57 0 0 0 0 0 0 0 0 0 0 0 0 0 0 0 0 0 0 0 0 0 0 0 0 0 0 0 0 0 0 0 0 0 0 52 65 79 89 94 98 104 106 106 107 107 107 108 108 107 108 108 107 107 108 108 107 107 108 107 107 107 107 108 110 108 100 98 93 81 62 0 0 0 0 0 0 0 0 0 0 0 69 69 71 73 75 80 84 95 90 
76 69 75 76 76 76 76 77 77 77 77 76 76 76 76 76 76 76 76 77 77 78 78 78 79 78 78 78 78 79 79 79 77 77 76 75 74 76 75 73 72 72 70 68 67 67 66 66 67 69 69 67 68 69 67 63 62 56 0 0 0 0 0 0 0 0 0 0 0 68 76 82 85 86 92 94 94 94 94 94 92 85 82 79 71 57 0 0 0 0 0 0 0 0 0 0 0 0 0 0 0 0 0 0 0 0 0 0 0 0 0 0 0 0 0 0 0 0 0 0 0 75 86 93 96 98 104 106 106 107 107 107 107 107 106 107 107 107 106 107 107 107 107 107 106 106 106 106 106 108 108 101 99 96 85 66 0 0 0 0 0 0 0 0 0 0 0 67 68 70 72 75 79 83 93 97 
77 74 75 76 76 75 75 75 75 76 76 76 75 75 75 75 74 74 74 74 75 76 76 77 78 78 77 78 78 78 79 78 77 75 74 71 68 69 67 65 65 65 62 60 57 55 0 0 0 0 0 0 0 0 0 0 0 0 0 0 0 0 0 0 0 0 0 0 0 70 77 82 85 87 91 93 93 93 93 93 91 84 82 78 71 56 0 0 0 0 0 0 0 0 0 0 0 0 0 0 0 0 0 0 0 0 0 0 0 0 0 0 0 0 0 0 0 0 0 0 0 75 85 92 96 98 104 105 106 106 106 106 107 107 106 106 106 107 107 107 108 107 107 107 106 105 105 104 105 107 107 100 99 95 86 67 0 0 0 0 0 0 0 0 0 0 0 65 67 69 71 75 79 83 87 90 
74 81 75 74 74 74 74 74 74 75 75 75 75 75 75 74 74 74 72 73 73 74 75 76 77 77 77 77 78 78 78 77 75 74 73 70 66 0 0 0 0 0 0 0 0 0 0 0 0 0 0 0 0 0 0 0 0 0 0 0 0 0 0 0 0 0 0 0 0 71 78 83 86 87 91 93 92 92 92 92 91 84 81 78 70 56 0 0 0 0 0 0 0 0 0 0 0 0 0 0 0 0 0 0 0 0 0 0 0 0 0 0 0 0 0 0 0 0 0 0 0 75 85 92 96 98 103 105 105 105 105 105 106 106 105 106 106 106 106 107 106 107 106 106 105 105 104 104 104 106 107 101 100 98 90 72 0 0 0 0 0 0 0 0 0 0 0 65 67 69 71 74 78 82 87 82 
74 79 74 74 73 73 74 74 75 75 75 75 74 75 74 73 72 71 69 70 72 73 74 76 77 77 77 77 78 78 78 77 75 73 72 68 0 0 0 0 0 0 0 0 0 0 0 0 0 0 0 0 0 0 0 0 0 0 0 0 0 0 0 0 0 0 0 0 0 72 79 84 86 88 92 93 93 92 92 92 90 83 81 77 69 54 0 0 0 0 0 0 0 0 0 0 0 0 0 0 0 0 0 0 0 0 0 0 0 0 0 0 0 0 0 0 0 0 0 0 0 71 82 90 94 96 103 105 105 105 105 105 106 106 105 106 106 106 106 106 106 106 105 105 104 104 104 104 104 106 107 101 101 99 92 74 0 0 0 0 0 0 0 0 0 0 0 64 66 67 69 72 76 80 89 88 
78 71 73 73 72 72 73 74 74 74 74 74 74 74 73 71 69 69 66 67 69 72 73 76 77 77 77 77 77 77 77 76 74 73 72 67 0 0 0 0 0 0 0 0 0 0 0 0 0 0 0 0 0 0 0 0 0 0 0 0 0 0 52 50 50 49 48 44 0 64 77 82 85 86 91 92 92 92 91 92 90 83 80 77 69 54 0 0 0 0 0 0 0 0 0 0 0 0 0 0 0 0 0 0 0 0 0 0 0 0 0 0 0 0 0 0 0 0 0 0 0 67 80 88 93 95 102 104 105 105 105 105 106 105 105 105 105 106 106 106 106 106 105 105 104 103 103 103 104 106 107 102 102 100 94 77 0 0 0 0 0 0 0 0 0 0 0 64 66 68 69 72 76 80 83 97 
75 70 72 71 71 72 72 73 73 73 73 73 72 72 71 70 67 66 63 64 67 70 73 76 76 77 77 77 78 78 78 76 76 75 74 68 0 0 0 0 0 0 0 0 0 0 0 0 0 0 0 0 0 0 0 0 0 0 0 0 0 49 50 49 48 48 46 44 0 64 77 82 84 86 90 91 91 91 91 91 90 83 81 77 70 56 0 0 0 0 0 0 0 0 0 0 0 0 0 0 0 0 0 0 0 0 0 0 0 0 0 0 0 0 0 0 0 0 0 0 0 62 77 86 91 94 102 104 104 104 104 105 105 105 105 105 105 106 105 105 105 105 104 104 103 103 103 103 103 105 107 102 100 98 92 76 0 0 0 0 0 0 0 0 0 0 0 64 67 68 69 71 75 79 84 93 
67 71 71 70 71 71 72 72 73 73 73 72 72 72 71 69 66 65 62 63 67 70 73 76 76 77 77 77 77 77 78 75 75 74 73 66 0 0 0 0 0 0 0 0 0 0 0 0 0 0 0 0 0 0 0 0 0 0 0 0 0 49 50 49 48 48 46 44 0 62 76 81 84 85 90 91 91 91 92 92 90 83 80 76 69 54 0 0 0 0 0 0 0 0 0 0 0 0 0 0 0 0 0 0 0 0 0 0 0 0 0 0 0 0 0 0 0 0 0 0 0 58 75 85 90 92 102 104 104 104 105 105 105 105 105 105 105 105 105 105 105 105 104 104 103 103 103 103 103 105 106 103 98 96 91 76 0 0 0 0 0 0 0 0 0 0 0 62 66 67 69 71 74 79 79 95 
74 70 71 71 71 72 72 73 73 73 73 72 72 71 70 69 67 66 64 65 69 71 73 76 76 76 77 76 77 77 77 75 75 74 71 64 0 0 0 0 0 0 0 0 0 0 0 0 0 0 0 0 0 0 0 0 0 0 0 0 0 49 50 49 48 48 46 44 0 62 76 81 84 85 91 91 91 91 92 91 90 83 81 77 69 55 0 0 0 0 0 0 0 0 0 0 0 0 0 0 0 0 0 0 0 0 0 0 0 0 0 0 0 0 0 0 0 0 0 0 0 55 73 84 89 92 101 104 104 104 105 105 105 105 105 104 105 105 105 105 105 105 104 104 104 104 103 103 104 105 106 103 98 95 90 76 0 0 0 0 0 0 0 0 0 0 0 62 66 67 68 70 74 78 82 88 
68 72 71 71 71 71 71 72 72 72 72 72 71 71 70 69 68 67 66 67 70 72 74 75 75 76 76 76 77 78 78 75 75 73 71 64 0 0 0 0 0 0 0 0 0 0 0 0 0 0 0 0 0 0 0 0 0 0 0 0 0 49 50 48 47 47 45 43 0 60 75 81 83 85 91 92 92 91 92 91 90 83 81 77 70 55 0 0 0 0 0 0 0 0 0 0 0 0 0 0 0 0 0 0 0 0 0 0 0 0 0 0 0 0 0 0 0 0 0 0 0 52 72 82 87 90 101 103 103 104 105 104 104 104 105 104 105 105 105 105 105 105 104 104 104 104 103 103 104 105 106 104 97 95 90 78 60 0 0 0 0 0 0 0 0 0 0 64 67 67 69 71 74 78 85 86 
73 71 71 70 70 70 70 70 70 71 71 71 71 71 70 70 69 68 68 69 70 72 74 75 75 76 76 76 77 78 78 75 74 73 70 62 0 0 0 0 0 0 0 0 0 0 0 0 0 0 0 0 0 0 0 0 0 0 0 0 0 0 0 46 45 45 0 0 0 65 76 81 84 86 91 92 92 91 91 91 90 83 81 77 70 56 0 0 0 0 0 0 0 0 0 0 0 0 0 0 0 0 0 0 0 0 0 0 0 0 0 0 0 0 0 0 0 0 0 0 0 51 72 83 88 91 100 103 103 103 104 104 104 105 104 104 105 105 105 105 104 104 104 103 103 103 103 103 103 104 105 104 96 94 89 78 60 0 0 0 0 0 0 0 0 0 0 63 65 67 68 70 73 77 76 86 
74 72 70 70 69 70 70 70 70 71 71 71 71 72 71 70 70 70 70 71 72 73 74 74 75 75 76 76 77 77 77 74 73 72 69 62 0 0 0 0 0 0 0 0 0 0 0 0 0 0 0 0 0 0 0 0 0 0 0 0 0 0 0 0 0 0 0 0 0 63 75 81 84 86 92 93 92 91 91 91 89 83 81 77 70 56 0 0 0 0 0 0 0 0 0 0 0 0 0 0 0 0 0 0 0 0 0 0 0 0 0 0 0 0 0 0 0 0 0 0 0 0 74 85 90 93 100 103 104 104 104 104 105 105 105 104 105 105 105 105 105 104 104 103 103 103 103 103 103 103 105 104 97 95 91 81 63 0 0 0 0 0 0 0 0 0 0 63 65 67 68 70 73 77 86 88 
70 71 69 69 69 69 69 69 69 71 70 71 71 71 71 71 71 71 72 72 73 73 73 74 74 75 76 77 77 77 77 74 73 72 69 62 0 0 0 0 0 0 0 0 0 0 0 0 0 0 0 0 0 0 0 0 0 0 0 0 0 0 0 0 0 0 0 0 0 63 75 80 83 85 91 92 92 91 91 91 90 83 81 78 71 56 0 0 0 0 0 0 0 0 0 0 0 0 0 0 0 0 0 0 0 0 0 0 0 0 0 0 0 0 0 0 0 0 0 0 0 0 76 87 92 94 100 103 104 104 104 104 105 105 105 105 105 105 105 105 104 104 103 103 102 103 102 103 103 104 105 105 98 96 92 83 65 0 0 0 0 0 0 0 0 0 0 0 64 66 67 69 71 76 81 87 
71 66 69 68 68 68 68 68 69 70 70 70 71 71 70 71 71 71 72 72 73 73 73 74 75 76 77 77 77 77 77 74 73 72 69 62 0 0 0 0 0 0 0 0 0 0 0 0 0 0 0 0 0 0 0 0 0 0 0 0 0 0 0 0 0 0 0 0 0 63 76 81 83 85 91 92 91 91 91 91 90 83 81 77 70 54 0 0 0 0 0 0 0 0 0 0 0 0 0 0 0 0 0 0 0 0 0 0 0 0 0 0 0 0 0 0 0 0 0 0 0 0 78 89 93 96 99 103 104 104 104 104 105 105 105 105 105 105 105 104 104 103 102 102 102 102 102 102 102 103 105 105 98 97 93 85 67 0 0 0 0 0 0 0 0 0 0 0 65 66 67 69 71 75 70 84 
67 68 68 68 68 69 69 69 69 69 70 70 70 70 70 70 70 71 72 72 72 73 73 74 75 76 76 77 77 77 77 73 73 71 68 60 0 0 0 0 0 0 0 0 0 0 0 0 0 0 0 0 0 0 0 0 0 0 0 0 0 0 0 0 0 0 0 0 0 65 76 81 84 85 90 91 91 90 91 91 90 83 81 77 71 55 0 0 0 0 0 0 0 0 0 0 0 0 0 0 0 0 0 0 0 0 0 0 0 0 0 0 0 0 0 0 0 0 0 0 0 0 83 91 95 97 99 103 104 104 104 104 104 105 105 104 104 104 104 104 104 103 102 102 102 102 102 102 102 103 104 105 98 97 94 87 68 0 0 0 0 0 0 0 0 0 0 0 63 66 67 69 71 75 79 87 
66 69 68 68 68 69 69 69 69 69 70 70 70 70 70 70 70 71 72 72 72 73 73 74 75 76 77 77 77 77 77 73 73 71 67 60 0 0 0 0 0 0 0 0 0 0 0 0 0 0 0 0 0 0 0 0 0 0 0 0 0 0 0 0 0 0 0 0 0 65 77 82 84 85 90 91 91 90 91 91 90 83 81 77 70 53 0 0 0 0 0 0 0 0 0 0 0 0 0 0 0 0 0 0 0 0 0 0 0 0 0 0 0 0 0 0 0 0 0 0 0 0 83 92 95 97 99 103 104 104 105 105 105 105 105 105 104 104 104 104 103 103 102 102 102 102 101 102 102 103 104 105 99 98 95 89 71 0 0 0 0 0 0 0 0 0 0 0 64 66 67 69 70 75 74 84 
71 63 68 68 68 68 68 68 68 69 69 69 70 70 70 69 70 70 71 71 72 73 74 74 75 76 77 77 77 77 77 73 72 71 67 60 0 0 0 0 0 0 0 0 0 0 0 0 0 0 0 0 0 0 0 0 0 0 0 0 0 0 0 0 0 0 0 0 0 66 77 82 84 85 90 91 91 90 91 91 90 82 80 77 69 52 0 0 0 0 0 0 0 0 0 0 0 0 0 0 0 0 0 0 0 0 0 0 0 0 0 0 0 0 0 0 0 0 0 0 0 0 74 86 90 93 98 102 103 104 104 104 104 105 104 104 104 104 103 103 103 103 102 102 102 102 101 102 102 103 104 106 100 99 96 91 73 0 0 0 0 0 0 0 0 0 0 0 62 65 66 68 70 75 78 85 
69 67 69 68 68 69 68 68 69 69 70 70 69 69 69 69 69 70 71 72 72 73 74 75 76 76 76 76 76 77 76 72 72 70 66 58 0 0 0 0 0 0 0 0 0 0 0 0 0 0 0 0 0 0 0 0 0 0 0 0 0 0 0 0 0 0 0 0 0 68 78 83 85 86 91 91 91 91 91 91 90 82 80 77 69 54 0 0 0 0 0 0 0 0 0 0 0 0 0 0 0 0 0 0 0 0 0 0 0 0 0 0 0 0 0 0 0 0 0 0 0 0 73 85 90 93 97 102 103 104 104 104 105 105 104 104 104 104 103 103 103 103 102 102 102 102 102 102 102 102 104 106 100 99 98 93 74 0 0 0 0 0 0 0 0 0 0 0 62 65 66 68 70 74 81 90 
77 70 69 68 68 69 68 68 68 69 69 70 70 70 69 70 70 70 71 71 72 73 74 74 75 75 76 76 77 77 76 72 71 68 64 55 0 0 0 0 0 0 0 0 0 0 0 0 0 0 0 0 0 0 0 0 0 0 0 0 0 0 0 0 0 0 0 0 0 69 78 82 85 86 91 91 92 91 92 92 91 83 81 77 69 54 0 0 0 0 0 0 0 0 0 0 0 0 0 0 0 0 0 0 0 0 0 0 0 0 0 0 0 0 0 0 0 0 0 0 0 0 72 85 90 93 97 102 103 104 104 105 105 105 105 105 104 104 103 104 103 103 103 103 102 101 101 101 102 102 103 106 101 100 99 96 79 0 0 0 0 0 0 0 0 0 0 0 62 65 66 67 69 74 76 82 
76 66 69 68 67 67 67 67 68 69 69 70 70 70 69 70 70 70 71 72 72 73 74 74 75 75 76 76 77 77 76 71 70 67 62 53 0 0 0 0 0 0 0 0 0 0 0 0 0 0 0 0 0 0 0 0 0 0 0 0 0 0 0 0 0 0 0 0 0 70 79 83 85 87 91 92 92 92 91 92 90 83 78 74 66 51 0 0 0 0 0 0 0 0 0 0 0 0 0 0 0 0 0 0 0 0 0 0 0 0 0 0 0 0 0 0 0 0 0 0 0 0 70 84 90 93 97 102 103 104 104 104 105 105 105 104 104 104 103 103 103 103 102 102 102 101 101 101 101 102 104 106 102 99 97 93 77 0 0 0 0 0 0 0 0 0 0 0 62 64 65 67 69 73 78 80 
69 66 68 67 67 67 67 67 67 69 69 70 70 70 70 70 70 71 71 72 73 74 74 74 74 74 75 76 77 77 76 72 70 67 62 52 0 0 0 0 0 0 0 0 0 0 0 0 0 0 0 0 0 0 0 0 0 0 0 0 0 0 0 0 0 0 0 0 0 71 80 83 85 87 91 91 92 92 92 92 91 83 79 75 66 51 0 0 0 0 0 0 0 0 0 0 0 0 0 0 0 0 0 0 0 0 0 0 0 0 0 0 0 0 0 0 0 0 0 0 0 0 68 82 89 92 96 102 104 104 104 104 105 105 105 104 104 104 103 103 103 103 102 102 102 101 101 101 102 102 104 106 103 99 96 92 76 0 0 0 0 0 0 0 0 0 0 0 61 63 64 67 69 73 77 87 
66 62 68 67 67 67 66 67 67 69 69 70 70 70 70 70 71 71 72 73 74 74 74 74 74 74 75 76 77 77 76 72 70 68 61 0 0 0 0 0 0 0 0 0 0 0 0 0 0 0 0 0 0 0 0 0 0 0 0 0 0 0 0 0 0 0 0 0 0 72 80 83 85 87 91 92 92 92 92 92 91 83 77 73 64 49 0 0 0 0 0 0 0 0 0 0 0 0 0 0 0 0 0 0 0 0 0 0 0 0 0 0 0 0 0 0 0 0 0 0 0 0 71 86 91 94 96 102 104 104 104 104 105 104 104 104 104 105 104 104 103 103 102 102 102 101 101 101 101 102 103 106 103 97 95 90 76 0 0 0 0 0 0 0 0 0 0 0 0 64 64 66 69 72 78 82 
72 62 67 67 67 67 66 67 67 68 68 69 69 70 70 70 71 71 73 73 74 74 74 74 74 74 75 76 77 78 76 73 71 68 62 0 0 0 0 0 0 0 0 0 0 0 0 0 0 0 0 0 0 0 0 0 0 0 0 0 0 0 0 0 0 0 0 0 0 72 81 84 86 87 91 92 92 92 92 92 91 83 77 73 64 48 0 0 0 0 0 0 0 0 0 0 0 0 0 0 0 0 0 0 0 0 0 0 0 0 0 0 0 0 0 0 0 0 0 0 0 0 69 85 91 93 95 102 103 104 104 104 104 104 104 104 104 104 104 104 103 103 102 102 101 101 100 101 101 102 104 106 104 96 94 88 76 54 0 0 0 0 0 0 0 0 0 0 0 64 64 66 69 72 81 82 
65 65 67 67 67 66 66 67 67 68 69 69 69 69 69 69 70 71 72 73 74 74 74 74 74 74 75 76 76 77 75 73 72 70 64 0 0 0 0 0 0 0 0 0 0 0 0 0 0 0 0 0 0 0 0 0 0 0 0 0 0 0 0 0 0 0 0 0 0 74 82 85 86 88 91 92 91 92 91 91 90 83 75 71 62 47 0 0 0 0 0 0 0 0 0 0 0 0 0 0 0 0 0 0 0 0 0 0 0 0 0 0 0 0 0 0 0 0 0 0 0 0 68 84 91 93 95 102 103 103 104 103 104 103 103 103 103 104 104 103 103 103 102 102 102 101 101 101 101 102 104 106 105 95 92 87 75 55 0 0 0 0 0 0 0 0 0 0 0 64 64 66 69 72 74 81 
66 69 67 67 67 66 66 67 67 68 69 69 69 69 69 69 70 71 72 73 74 74 74 74 74 74 75 76 76 77 75 75 74 72 68 0 0 0 0 0 0 0 0 0 0 0 0 0 0 0 0 0 0 0 0 0 0 0 0 0 0 0 40 40 40 40 0 0 0 74 83 86 87 88 91 91 92 92 92 92 91 83 77 73 65 49 0 0 0 0 0 0 0 0 0 0 0 0 0 0 0 0 0 0 0 0 0 0 0 0 0 0 0 0 0 0 0 0 0 0 0 0 67 83 90 93 95 102 103 103 104 104 104 104 104 104 104 104 104 103 103 102 102 102 102 101 101 102 102 102 104 106 105 96 93 89 77 57 0 0 0 0 0 0 0 0 0 0 60 63 64 66 68 73 76 81 
64 64 67 67 67 66 66 67 67 67 68 68 68 68 69 69 70 70 71 72 73 73 74 74 74 75 75 76 76 76 75 74 74 72 68 0 0 0 0 0 0 0 0 0 0 0 0 0 0 0 0 0 0 0 0 0 0 0 0 0 0 0 41 41 41 41 0 0 0 75 83 86 87 88 91 92 92 92 92 92 91 83 75 71 63 47 0 0 0 0 0 0 0 0 0 0 0 0 0 0 0 0 0 0 0 0 0 0 0 0 0 0 0 0 0 0 0 0 0 0 0 0 67 83 90 93 95 102 103 103 104 103 104 103 103 103 103 103 104 104 103 102 102 102 102 101 101 102 102 102 104 106 105 96 94 89 79 59 0 0 0 0 0 0 0 0 0 0 60 62 64 66 68 72 79 87 
65 73 67 68 67 67 67 67 67 68 68 68 68 69 69 69 70 71 71 72 72 73 73 74 75 75 76 76 76 77 75 74 73 71 66 0 0 0 0 0 0 0 0 0 0 0 0 0 0 0 0 0 0 0 0 0 0 0 0 0 0 0 0 0 0 0 0 0 0 70 80 83 85 88 91 91 91 92 91 92 91 83 75 71 63 48 0 0 0 0 0 0 0 0 0 0 0 0 0 0 0 0 0 0 0 0 0 0 0 0 0 0 0 0 0 0 0 0 0 0 0 0 62 78 86 90 95 102 104 104 104 104 104 103 103 103 103 103 103 103 103 102 103 103 102 102 102 102 102 102 104 106 105 97 95 91 81 62 0 0 0 0 0 0 0 0 0 0 60 62 64 66 68 73 78 83 
61 67 67 67 67 66 66 67 67 67 68 68 68 69 69 70 70 71 71 72 72 73 73 73 74 75 75 75 76 76 74 73 73 71 65 0 0 0 0 0 0 0 0 0 0 0 0 0 0 0 0 0 0 0 0 0 0 0 0 0 0 0 40 40 40 40 0 0 0 70 80 83 85 88 91 91 92 92 92 92 91 83 74 70 61 47 39 0 0 0 0 0 0 0 0 0 0 0 0 0 0 0 0 0 0 0 0 0 0 0 0 0 0 0 0 0 0 0 0 0 0 0 59 75 83 88 95 103 104 105 105 104 104 104 103 104 104 104 103 103 103 103 103 103 103 102 102 102 102 102 104 106 105 98 97 94 84 67 0 0 0 0 0 0 0 0 0 0 0 62 64 66 68 72 74 84 
69 69 67 67 66 66 66 66 66 67 67 68 68 69 70 70 70 70 71 71 72 72 73 74 75 76 76 76 76 76 74 73 73 70 63 0 0 0 0 0 0 0 0 0 0 0 0 0 0 0 0 0 0 0 0 0 0 0 0 0 0 0 0 0 0 0 0 0 0 66 76 81 83 88 91 91 92 92 92 92 91 83 74 70 61 47 39 0 0 0 0 0 0 0 0 0 0 0 0 0 0 0 0 0 0 0 0 0 0 0 0 0 0 0 0 0 0 0 0 0 0 0 58 74 83 87 95 103 105 106 105 105 105 105 104 104 104 104 104 103 103 102 103 103 103 102 103 102 102 102 103 105 106 99 98 95 86 67 0 0 0 0 0 0 0 0 0 0 0 61 64 67 68 72 71 85 
72 64 66 66 66 66 66 67 67 67 67 68 69 70 70 71 70 71 71 71 71 72 73 74 75 76 76 76 77 76 73 73 72 69 61 0 0 0 0 0 0 0 0 0 0 0 0 0 0 0 0 0 0 0 0 0 0 0 0 0 0 0 0 0 0 0 0 0 0 63 74 79 81 88 91 92 92 92 92 92 91 83 73 68 60 46 39 0 0 0 0 0 0 0 0 0 0 0 0 0 0 0 0 0 0 0 0 0 0 0 0 0 0 0 0 0 0 0 0 0 0 0 58 74 83 88 95 104 106 106 106 105 105 104 104 104 104 104 104 104 103 103 103 103 102 102 103 102 102 102 103 105 106 99 99 96 88 69 0 0 0 0 0 0 0 0 0 0 0 62 65 67 68 72 71 82 
67 68 66 65 66 65 66 67 67 67 68 69 69 70 70 71 70 71 71 71 72 73 73 74 75 76 76 76 76 76 73 72 72 69 62 0 0 0 0 0 0 0 0 0 0 0 0 0 0 0 0 0 0 0 0 0 0 0 0 0 0 0 0 0 0 0 0 0 41 61 72 77 80 89 91 92 92 92 92 92 91 83 72 68 60 45 39 0 0 0 0 0 0 0 0 0 0 0 0 0 0 0 0 0 0 0 0 0 0 0 0 0 0 0 0 0 0 0 0 0 0 0 56 72 81 87 96 105 106 106 106 106 105 105 105 106 105 105 104 104 103 103 103 103 102 102 103 102 102 102 104 105 106 99 99 96 88 68 0 0 0 0 0 0 0 0 0 0 0 0 66 68 69 72 73 83 
64 65 65 64 65 65 66 67 67 67 68 69 70 70 71 70 70 70 71 71 71 72 73 74 75 76 76 76 76 76 73 72 71 68 61 0 0 0 0 0 0 0 0 0 0 0 0 0 0 0 0 0 0 0 0 0 0 0 0 0 0 0 0 0 0 0 0 0 40 62 72 77 80 89 91 92 93 92 92 93 92 83 73 68 60 46 39 0 0 0 0 0 0 0 0 0 0 0 0 0 0 0 0 0 0 0 0 0 0 0 0 0 0 0 0 0 0 0 0 0 0 0 56 72 82 87 96 105 106 106 106 106 106 106 106 106 106 105 104 103 103 103 102 102 102 102 102 102 102 102 103 105 107 100 99 96 89 68 0 0 0 0 0 0 0 0 0 0 0 0 0 68 69 72 71 78 
64 63 65 65 65 65 66 66 67 67 68 69 70 70 71 70 70 70 70 71 71 72 73 74 74 75 75 75 76 76 73 72 71 69 62 0 0 0 0 0 0 0 0 0 0 0 0 0 0 0 0 0 0 0 0 0 0 0 0 0 0 0 0 0 0 0 0 0 40 60 70 75 79 89 92 92 93 92 93 93 92 84 73 68 60 47 40 0 0 0 0 0 0 0 0 0 0 41 0 0 0 0 0 0 0 0 0 0 0 0 0 0 0 0 0 0 0 0 0 0 0 0 57 74 83 88 96 105 106 106 106 106 107 107 106 106 106 105 104 104 103 103 102 102 102 102 102 101 101 101 103 105 107 99 99 96 88 66 0 0 0 0 0 0 0 0 0 0 0 0 0 0 69 72 67 79 
72 60 64 65 65 65 66 67 67 67 69 69 70 70 70 70 69 70 70 71 71 72 73 74 74 74 75 75 76 76 74 73 72 70 64 0 0 0 0 0 0 0 0 0 0 0 0 0 0 0 0 0 0 0 0 0 0 0 0 0 0 0 0 0 0 0 0 0 39 60 70 75 79 89 92 93 93 93 93 93 92 84 73 69 60 47 40 0 0 0 0 0 0 0 0 0 0 43 0 0 0 0 0 0 0 0 0 0 0 0 0 0 0 0 0 0 0 0 0 0 0 0 57 74 83 88 97 105 106 106 106 106 107 107 107 106 105 105 104 104 103 103 102 102 102 101 101 101 101 101 103 105 107 100 99 97 89 68 0 0 0 0 0 0 0 0 0 0 0 0 0 0 67 70 69 73 
64 61 64 65 65 66 66 67 67 67 68 69 69 69 70 70 69 70 70 71 71 72 73 73 73 74 75 75 76 76 74 73 72 70 64 0 0 0 0 0 0 0 0 0 0 0 0 0 0 0 0 0 0 0 0 0 0 0 0 0 0 0 0 0 0 0 0 0 40 61 70 76 80 90 92 93 93 93 93 93 92 84 74 69 61 48 40 0 0 0 0 0 0 0 0 0 0 42 0 0 0 0 0 0 0 0 0 0 0 0 0 0 0 0 0 0 0 0 0 0 0 0 56 74 83 88 97 106 107 107 107 107 107 107 107 106 106 105 104 103 103 103 102 102 102 101 101 101 101 100 102 104 106 100 99 97 89 68 0 0 0 0 0 0 0 0 0 0 0 0 0 0 63 68 61 70 
65 67 65 66 66 66 66 67 67 67 68 68 69 69 69 69 69 69 70 71 71 72 73 73 73 74 75 75 76 76 74 73 72 71 65 0 0 0 0 0 0 0 0 0 0 0 0 0 0 0 0 0 0 0 0 0 0 0 0 0 0 0 0 0 0 0 0 0 39 61 70 76 80 90 92 93 93 93 93 93 92 84 74 70 61 49 42 0 0 0 0 0 0 0 0 0 0 42 0 0 0 0 0 0 0 0 0 0 0 0 0 0 0 0 0 0 0 0 0 0 0 0 56 73 83 88 97 106 107 107 107 107 107 107 106 106 105 104 104 104 103 103 102 101 102 101 101 101 101 101 102 104 106 100 99 97 90 69 0 0 0 0 0 0 0 0 0 0 0 0 0 0 62 68 63 73 
70 64 65 65 66 66 66 67 67 68 68 68 69 69 69 69 69 69 70 71 71 72 73 73 73 74 75 75 76 76 74 74 73 72 67 0 0 0 0 0 0 0 0 0 0 0 0 0 0 0 0 0 0 0 0 0 0 0 0 0 0 0 0 0 0 0 0 0 41 61 71 76 80 90 92 92 93 93 93 93 92 85 75 70 62 50 43 0 0 0 0 0 0 0 0 0 0 42 0 0 0 0 0 0 0 0 0 0 0 0 0 0 0 0 0 0 0 0 0 0 0 0 56 73 83 88 97 106 107 107 107 107 107 107 106 106 106 105 105 104 104 103 102 101 101 101 101 100 101 100 102 104 106 100 100 98 91 71 0 0 0 0 0 0 0 0 0 0 0 0 0 0 60 67 57 71 
65 67 65 65 65 66 66 67 67 68 68 68 69 69 69 69 69 69 70 71 71 72 72 73 73 74 75 75 76 76 74 74 73 72 67 0 0 0 0 0 0 0 0 0 0 0 0 0 0 0 0 0 0 0 0 0 0 0 0 0 0 0 0 0 0 0 0 0 42 62 71 76 80 90 92 93 93 93 93 93 92 85 75 70 63 50 43 0 0 0 0 0 0 0 0 0 0 0 0 0 0 0 0 0 0 0 0 0 0 0 0 0 0 0 0 0 0 0 0 0 0 0 54 72 82 88 97 107 108 108 107 107 106 107 106 106 106 105 105 104 104 103 103 102 102 101 101 101 101 101 102 103 106 100 100 98 92 71 0 0 0 0 0 0 0 0 0 0 0 0 0 0 62 68 0 73 
68 61 64 65 65 66 66 66 67 67 67 68 69 69 69 70 70 70 71 71 71 72 72 73 74 75 75 76 76 76 74 74 73 71 66 0 0 0 0 0 0 0 0 0 0 0 0 0 0 0 0 0 0 0 0 0 0 0 0 0 0 0 0 0 0 0 0 0 44 63 71 77 80 90 92 92 93 93 93 94 93 86 76 71 64 52 44 0 0 0 0 0 0 0 0 0 0 0 0 0 0 0 0 0 0 0 0 0 0 0 0 0 0 0 0 0 0 0 0 0 0 43 53 70 80 86 97 106 108 107 107 107 106 106 106 106 106 105 105 105 104 103 103 102 102 101 101 101 101 101 102 103 106 100 99 97 92 70 0 0 0 0 0 0 0 0 0 0 0 0 0 0 61 69 62 70 
63 62 64 65 65 66 66 66 66 67 67 67 68 68 69 69 70 70 71 71 72 72 72 73 74 74 75 75 75 76 74 74 73 71 65 0 0 0 0 0 0 0 0 0 0 0 0 0 0 0 0 0 0 0 0 0 0 0 0 0 0 0 0 0 0 0 0 0 43 63 72 77 80 90 92 92 93 93 93 94 93 86 76 72 64 52 45 0 0 0 0 0 0 0 0 0 0 0 0 0 0 0 0 0 0 0 0 0 0 0 0 0 0 0 0 0 0 0 0 0 0 43 52 68 78 84 97 106 108 108 107 107 107 106 106 105 105 105 105 104 104 103 103 102 102 101 101 101 102 102 102 103 106 100 99 97 93 71 0 0 0 0 0 0 0 0 0 0 0 0 0 0 63 70 67 77 
60 64 64 64 65 66 66 66 67 67 67 68 68 68 69 70 70 71 72 72 72 73 73 73 74 74 75 75 76 76 74 73 73 71 60 0 0 0 0 0 0 0 0 0 0 0 0 0 0 0 0 0 0 0 0 0 0 0 0 0 0 0 0 0 0 0 0 0 44 63 72 77 80 90 91 92 92 93 93 94 94 87 77 73 65 53 45 0 0 0 0 0 0 0 0 0 0 0 0 0 0 0 0 0 0 0 0 0 0 0 0 0 0 0 0 0 0 0 0 0 0 42 51 67 77 84 96 106 108 108 107 107 107 107 106 105 105 105 105 105 105 104 103 102 102 101 101 101 101 102 103 103 107 101 100 98 95 74 0 0 0 0 0 0 0 0 0 0 0 0 0 0 64 70 60 81 
63 66 65 66 66 66 66 66 67 67 67 67 68 68 68 69 70 71 71 72 72 73 73 73 74 75 75 75 75 76 73 73 72 70 60 0 0 0 0 0 0 0 0 0 0 0 0 0 0 0 0 0 0 0 0 0 0 0 0 0 0 0 0 0 0 0 0 0 44 64 73 77 80 90 92 92 93 93 94 95 95 88 79 74 67 54 46 0 0 0 0 0 0 0 0 0 0 0 0 0 0 0 0 0 0 0 0 0 0 0 0 0 0 0 0 0 0 0 0 0 0 44 52 68 78 84 96 106 108 108 107 107 107 106 106 105 105 105 105 105 105 104 103 103 103 102 102 102 102 102 103 103 106 100 100 98 95 75 0 0 0 0 0 0 0 0 0 0 0 0 0 0 64 71 64 78 
61 67 65 66 66 67 66 66 66 67 66 67 68 68 69 69 70 71 71 71 72 73 73 74 75 75 75 75 76 76 73 73 71 69 59 0 0 0 0 0 0 0 0 0 0 0 0 0 0 0 0 0 0 0 0 0 0 0 0 0 0 0 0 0 0 0 0 0 44 64 74 78 81 91 92 93 93 93 94 95 95 89 80 76 68 56 48 0 0 0 0 0 0 0 0 0 0 0 0 0 0 0 0 0 0 0 0 0 0 0 0 0 0 0 0 0 0 0 0 0 0 44 52 68 77 84 96 105 108 108 107 108 108 106 106 105 105 105 105 105 105 104 103 103 102 101 101 101 102 102 103 104 106 101 100 99 95 77 0 0 0 0 0 0 0 0 0 0 0 0 0 0 64 71 66 75 
68 69 65 66 66 67 66 66 66 67 67 67 68 69 69 69 70 71 71 71 72 73 73 74 74 75 75 75 75 75 72 72 71 68 58 0 0 0 0 0 0 0 0 0 0 0 0 0 0 0 0 0 0 0 0 0 0 0 0 0 0 0 37 37 37 37 0 0 46 66 75 79 82 91 93 93 93 93 94 95 95 89 80 76 69 57 49 0 0 0 0 0 0 0 0 0 0 0 52 52 52 52 0 0 0 0 0 0 0 0 0 0 0 0 0 0 0 0 0 0 0 45 52 67 77 83 96 105 108 108 108 108 108 107 106 105 105 105 105 105 105 104 103 103 102 102 101 101 101 101 102 103 106 101 101 100 96 79 0 0 0 0 0 0 0 0 0 0 0 0 0 0 64 70 62 76 
66 63 65 65 65 66 66 66 67 67 67 68 68 69 69 69 70 70 70 71 71 72 73 74 74 75 75 75 76 76 73 73 71 69 58 0 0 0 0 0 0 0 0 0 0 0 0 0 0 0 0 0 0 0 0 0 0 0 0 0 0 0 37 37 37 37 0 0 47 67 76 80 83 92 93 93 94 94 95 95 95 89 81 77 71 59 51 0 0 0 0 0 0 0 0 0 0 0 51 54 54 54 60 0 0 0 0 0 0 0 0 0 0 0 0 0 0 0 0 0 0 46 53 68 78 83 96 105 107 107 108 108 108 107 106 105 105 105 105 105 105 104 103 102 102 101 101 101 101 102 102 104 106 102 99 97 93 75 0 0 0 0 0 0 0 0 0 0 0 0 0 0 64 70 66 77 
59 65 65 65 65 66 66 66 66 67 67 67 68 69 69 69 69 70 70 70 71 72 73 74 75 76 75 76 76 76 73 72 71 68 61 0 0 0 0 0 0 0 0 0 0 0 0 0 0 0 0 0 0 0 0 0 0 0 0 0 0 37 37 37 37 37 0 0 47 66 76 80 83 93 94 94 95 95 95 96 95 90 82 78 72 61 53 0 0 0 0 0 0 0 0 0 0 43 52 54 54 54 61 0 0 0 0 0 0 0 0 0 0 0 0 0 0 0 0 0 0 46 53 68 78 84 96 105 107 108 108 108 108 107 106 105 105 105 105 105 104 104 103 103 102 101 101 101 101 101 102 103 106 102 99 98 93 76 0 0 0 0 0 0 0 0 0 0 0 0 0 0 65 70 62 75 
62 57 64 64 65 65 65 65 66 66 67 67 68 69 70 70 70 70 70 71 71 72 73 74 74 75 75 76 77 77 73 73 71 68 61 0 0 0 0 0 0 0 0 0 0 0 0 0 0 0 0 0 0 0 0 0 0 0 0 0 0 0 37 37 37 37 0 0 46 64 77 81 84 93 95 95 95 95 95 96 96 90 82 79 72 61 53 0 0 0 0 0 0 0 0 0 0 43 53 57 57 57 65 0 0 0 0 0 0 0 0 0 0 0 0 0 0 0 0 0 0 46 53 68 78 84 96 106 107 108 108 108 108 107 106 105 105 105 105 105 104 104 103 102 101 101 100 100 100 100 101 103 106 102 100 98 94 76 0 0 0 0 0 0 0 0 0 0 0 0 0 0 65 69 63 75 
60 67 64 64 65 65 65 65 65 66 67 67 68 69 69 70 70 70 70 71 71 72 73 73 74 75 75 76 76 76 73 73 71 67 60 0 0 0 0 0 0 0 0 0 0 0 0 0 0 0 0 0 0 0 0 0 0 0 0 0 0 0 0 0 0 38 0 0 45 64 76 81 84 93 95 95 95 95 96 97 96 91 83 78 71 60 51 0 0 0 0 0 0 0 0 0 0 43 55 64 63 63 71 79 0 0 0 0 0 0 0 0 0 0 0 0 0 0 0 0 0 47 54 68 78 84 96 106 107 108 108 107 107 107 106 105 105 105 104 104 104 103 103 102 101 101 100 100 100 100 101 102 106 102 100 99 95 77 0 0 0 0 0 0 0 0 0 0 0 0 0 0 64 69 72 75 
62 65 64 65 65 65 65 66 65 66 67 67 68 69 69 69 70 70 70 71 72 72 73 73 74 75 75 76 76 77 73 73 71 67 60 0 0 0 0 0 0 0 0 0 0 0 0 0 0 0 0 0 0 0 0 0 0 0 0 0 0 0 0 0 0 0 0 0 45 63 75 80 83 93 95 95 95 95 96 97 97 92 84 78 72 62 52 0 0 0 0 0 0 0 0 0 0 0 52 71 69 68 74 78 50 0 0 0 0 0 0 0 0 0 0 0 0 0 0 0 0 47 54 68 78 84 96 105 107 107 107 107 107 107 106 105 105 105 104 104 104 103 102 102 101 101 100 100 100 100 101 102 105 102 100 98 94 77 0 0 0 0 0 0 0 0 0 0 0 0 0 0 65 69 66 73 
70 60 65 65 65 66 65 66 65 66 67 67 68 68 69 69 70 70 70 71 72 72 73 74 74 75 75 76 76 76 73 72 70 67 59 0 0 0 0 0 0 0 0 0 0 0 0 0 0 0 0 0 0 0 0 0 0 0 0 0 0 0 0 0 0 0 0 0 44 62 74 80 83 93 95 96 95 95 96 97 97 92 84 77 71 60 51 0 0 0 0 0 0 0 0 0 0 0 52 80 90 90 93 104 94 66 0 0 0 0 0 0 0 0 0 0 0 0 0 0 0 47 54 68 78 84 96 106 108 108 108 107 107 107 107 106 105 105 104 104 104 103 102 102 100 100 100 100 100 100 101 102 105 101 101 101 98 83 0 0 0 0 0 0 0 0 0 0 0 0 0 60 65 69 66 79 
61 63 64 65 65 65 65 65 65 66 67 68 68 69 69 69 70 70 71 71 72 72 73 73 74 74 75 75 76 76 73 72 70 68 60 0 0 0 0 0 0 0 0 0 0 0 0 0 0 0 0 0 0 0 0 0 0 0 0 0 0 0 0 0 0 0 0 0 45 63 75 81 84 94 96 97 96 96 96 96 97 92 86 79 74 66 61 0 0 0 0 0 0 0 0 0 0 0 52 123 125 154 160 179 157 169 69 0 0 0 0 0 0 0 0 0 0 0 0 0 0 54 57 70 79 85 96 106 107 107 108 107 107 107 106 105 105 105 104 104 104 103 102 101 100 100 100 100 100 100 100 102 104 101 101 100 97 83 0 0 0 0 0 0 0 0 0 0 0 0 0 60 65 69 75 78 
65 59 65 66 66 66 66 66 66 66 67 68 68 68 69 69 70 70 71 72 72 73 73 74 74 74 75 75 75 76 72 72 70 68 60 0 0 0 0 0 0 0 0 0 0 0 0 0 0 0 0 0 0 0 0 0 0 0 0 0 0 0 0 0 0 0 0 0 46 65 74 81 85 96 98 99 98 96 96 97 97 92 88 87 82 78 79 82 0 0 0 0 0 0 0 0 0 0 54 196 184 202 228 244 160 168 103 40 0 0 0 0 0 0 0 0 0 0 0 0 0 69 66 75 82 87 96 106 108 108 108 107 107 107 106 106 105 105 104 104 103 102 101 101 100 100 99 100 99 99 99 101 103 100 100 99 96 82 0 0 0 0 0 0 0 0 0 0 0 0 0 60 65 69 67 71 
60 60 65 66 66 66 65 66 66 66 67 68 68 68 69 68 69 70 70 71 72 73 73 74 74 75 75 75 75 75 72 72 71 68 61 0 0 0 0 0 0 0 0 0 0 0 0 0 0 0 0 0 0 0 0 0 0 0 0 0 0 37 37 37 37 0 0 0 46 65 74 82 87 99 102 102 101 98 96 96 96 92 89 92 86 83 88 91 0 0 0 0 0 0 0 0 0 0 57 255 243 253 271 278 170 169 112 44 45 0 0 0 0 0 0 0 0 0 0 0 0 82 74 81 87 89 97 106 108 108 108 107 106 106 106 105 105 105 104 104 103 102 101 100 99 99 99 99 99 99 99 100 102 99 99 99 95 80 0 0 0 0 0 0 0 0 0 0 0 0 0 61 65 68 77 79 
64 67 64 65 65 65 65 65 65 66 66 67 68 68 69 68 69 70 70 71 72 73 73 74 74 75 75 75 76 76 72 72 71 67 60 0 0 0 0 0 0 0 0 0 0 0 0 0 0 0 0 0 0 0 0 0 0 0 0 0 0 37 37 37 37 36 0 0 45 65 74 81 88 100 103 104 102 99 97 97 97 92 89 90 84 80 84 84 0 0 0 0 0 0 0 0 0 0 56 258 264 316 314 324 221 210 101 46 44 46 46 0 0 0 0 0 0 0 0 0 90 82 75 81 87 90 97 106 108 108 107 106 106 106 105 105 104 104 103 103 102 101 100 99 98 98 98 98 98 98 98 99 101 97 97 97 94 78 0 0 0 0 0 0 0 0 0 0 0 0 0 60 64 68 67 77 
61 57 64 65 65 65 65 65 65 66 66 67 68 68 69 69 69 70 71 72 73 73 74 74 74 75 75 75 76 76 73 72 71 68 61 0 0 0 0 0 0 0 0 0 0 0 0 0 0 0 0 0 0 0 0 0 0 0 0 0 0 37 37 37 37 0 0 0 45 64 74 81 88 101 103 104 102 98 96 96 96 91 89 89 83 80 83 84 0 0 0 0 0 0 0 0 0 0 57 267 259 317 315 298 194 191 93 46 43 46 46 0 0 0 0 0 0 0 0 0 90 82 75 81 86 90 97 106 107 107 107 106 105 106 105 104 104 103 101 101 99 98 96 95 94 93 93 94 94 94 94 95 97 94 94 93 90 74 0 0 0 0 0 0 0 0 0 0 0 0 59 61 64 68 65 75 
63 60 65 65 65 65 65 65 65 66 66 67 67 67 68 68 69 70 71 72 73 73 74 75 75 75 75 75 76 76 73 72 71 68 61 0 0 0 0 0 0 0 0 0 0 0 0 0 0 0 0 0 0 0 0 0 0 0 0 0 0 0 37 37 37 37 0 0 42 63 73 80 87 100 103 103 102 98 96 96 96 91 87 87 81 77 79 82 0 0 0 0 0 0 0 0 0 0 59 281 252 280 265 251 160 157 90 46 43 46 46 0 0 0 0 0 0 0 0 0 0 81 74 80 86 89 97 106 107 107 106 106 105 105 104 103 101 99 96 93 90 90 89 90 90 92 92 93 90 89 88 88 88 87 87 87 85 73 0 0 0 0 0 0 0 0 0 0 0 0 59 60 63 66 74 76 
69 65 64 65 65 65 65 65 65 66 66 67 67 68 68 69 69 70 70 71 72 73 73 74 74 75 75 75 76 76 73 72 71 68 61 0 0 0 0 0 0 0 0 0 0 0 0 0 0 0 0 0 0 0 0 0 0 0 0 0 0 0 37 37 37 37 0 0 41 63 72 78 85 98 101 101 101 97 96 96 96 91 85 80 73 65 63 63 0 0 0 0 0 0 0 0 0 0 0 207 179 223 193 186 149 150 76 50 46 0 0 0 0 0 0 0 0 0 0 0 0 69 65 75 82 87 96 105 106 107 106 105 105 105 103 100 97 95 91 90 87 87 86 87 87 90 90 91 88 87 86 85 86 84 85 85 83 0 0 0 0 0 0 0 0 0 0 0 0 0 61 62 64 67 70 79 
67 68 64 64 65 65 65 65 66 66 67 67 67 68 68 68 69 70 70 71 72 72 73 73 74 74 75 75 76 77 74 73 72 68 61 0 0 0 0 0 0 0 0 0 0 0 0 0 0 0 0 0 0 0 0 0 0 0 0 0 0 0 0 0 37 0 0 0 41 62 72 77 83 94 97 98 98 97 96 96 96 91 83 76 69 59 52 0 0 0 0 0 0 0 0 0 0 0 0 0 123 188 154 150 140 139 59 48 0 0 0 0 0 0 0 0 0 0 0 0 0 53 56 69 77 84 95 105 106 106 106 105 105 103 98 95 93 89 84 83 79 77 76 76 77 81 82 84 84 82 81 80 81 79 80 80 78 0 0 0 0 0 0 0 0 0 0 0 0 0 61 62 64 67 71 75 
59 63 64 65 65 65 65 65 66 66 67 67 67 68 68 68 69 70 70 71 72 72 73 73 74 74 75 75 76 76 74 73 72 69 62 0 0 0 0 0 0 0 0 0 0 0 0 0 0 0 0 0 0 0 0 0 0 0 0 0 0 0 0 0 37 0 0 0 42 62 72 76 81 92 95 96 97 96 96 96 96 91 82 77 70 59 52 0 0 0 0 0 0 0 0 0 0 0 0 0 74 106 96 94 93 95 69 0 0 0 0 0 0 0 0 0 0 0 0 0 0 48 53 68 77 83 95 104 106 107 106 105 104 100 95 91 85 81 78 77 74 74 73 71 70 71 70 70 71 67 66 65 66 67 68 69 0 0 0 0 0 0 0 0 0 0 0 0 0 59 61 61 63 66 67 78 
67 62 64 64 65 65 66 66 66 67 67 67 67 68 68 68 68 70 70 71 71 72 72 72 73 74 74 75 76 76 74 73 72 69 62 0 0 0 0 0 0 0 0 0 0 0 0 0 0 0 0 0 0 0 0 0 0 0 0 0 0 0 0 38 37 0 0 0 41 62 72 76 80 91 94 95 96 96 96 96 96 90 82 78 73 61 53 0 0 0 0 0 0 0 0 0 0 0 0 0 0 97 95 95 95 100 92 0 0 0 0 0 0 0 0 0 0 0 0 0 0 47 53 67 77 83 95 104 106 106 105 105 102 98 92 86 79 75 74 75 75 76 74 71 69 67 58 56 60 61 61 62 62 63 63 63 0 0 0 0 0 0 0 0 0 0 0 0 0 59 61 62 64 67 69 83 
61 64 63 64 64 65 66 66 66 67 67 67 66 67 67 68 68 70 70 70 71 72 72 72 73 74 75 75 76 76 74 73 72 69 63 0 0 0 0 0 0 0 0 0 0 0 0 0 0 0 0 0 0 0 0 0 0 0 0 0 0 0 0 37 37 0 0 0 41 61 71 76 79 91 94 94 96 96 96 96 96 90 82 78 72 60 52 0 0 0 0 0 0 0 0 0 0 0 0 0 0 77 85 83 83 86 89 0 0 0 0 0 0 0 0 0 0 0 0 0 0 47 52 67 77 83 94 104 106 106 105 104 100 95 87 80 74 74 78 84 87 86 81 76 73 67 62 67 73 74 75 75 73 73 72 0 0 0 0 0 0 0 0 0 0 0 0 0 0 59 61 62 64 67 64 78 
63 60 64 64 65 65 66 66 67 67 67 67 67 67 67 68 69 70 70 71 72 72 72 72 73 74 75 76 76 76 74 73 72 69 62 0 0 0 0 0 0 0 0 0 0 0 0 0 0 0 0 0 0 0 0 0 0 0 0 0 0 0 0 37 37 0 0 0 41 61 71 76 79 90 93 94 95 96 96 96 96 90 81 77 70 59 51 0 0 0 0 0 0 0 0 0 0 0 0 0 0 66 77 73 73 73 77 0 0 0 0 0 0 0 0 0 0 0 0 0 0 47 52 66 76 83 94 103 105 105 104 103 99 93 85 79 74 78 83 89 90 87 82 78 72 67 67 73 78 80 80 79 77 77 75 70 0 0 0 0 0 0 0 0 0 0 0 0 0 58 60 62 63 66 72 78 
60 61 64 64 65 65 66 66 66 66 66 67 67 68 68 69 69 70 70 70 71 71 72 72 73 74 74 75 76 76 73 73 71 68 62 0 0 0 0 0 0 0 0 0 0 0 0 0 0 0 0 0 0 0 0 0 0 0 0 0 0 0 0 37 37 0 0 0 40 61 70 75 79 90 92 93 95 95 95 95 95 89 80 76 69 57 49 0 0 0 0 0 0 0 0 0 0 0 0 0 0 0 68 63 63 63 67 0 0 0 0 0 0 0 0 0 0 0 0 0 0 46 51 66 76 82 93 103 104 104 103 101 97 90 83 78 76 82 88 93 94 92 89 82 76 70 72 78 82 83 83 82 80 80 78 73 0 0 0 0 0 0 0 0 0 0 0 0 0 59 60 62 64 66 72 75 
64 64 64 65 66 66 66 66 66 66 66 66 66 67 67 68 69 70 70 70 71 71 72 72 73 74 75 76 76 76 73 73 71 69 62 0 0 0 0 0 0 0 0 0 0 0 0 0 0 0 0 0 0 0 0 0 0 0 0 0 0 0 0 0 0 0 0 0 40 61 70 75 79 89 92 93 94 95 95 95 94 88 79 75 68 57 48 0 0 0 0 0 0 0 0 0 0 0 0 0 0 0 61 56 56 56 60 50 0 0 0 0 0 0 0 0 0 0 0 0 0 44 50 65 75 81 93 102 104 103 102 99 96 89 82 79 81 86 92 96 96 92 88 81 75 73 77 82 86 88 89 88 88 87 85 80 0 0 0 0 0 0 0 0 0 0 0 0 0 60 60 62 64 67 66 74 
60 60 64 65 66 66 66 66 66 66 66 66 66 67 67 68 69 69 70 70 71 71 72 72 73 74 75 76 76 76 73 73 71 69 63 0 0 0 0 0 0 0 0 0 0 0 0 0 0 0 0 0 0 0 0 0 0 0 0 0 0 0 0 0 0 0 0 0 40 61 70 75 78 89 91 93 94 94 95 94 94 87 78 74 66 55 47 0 0 0 0 0 0 0 0 0 0 0 0 0 0 0 52 51 51 51 53 50 0 0 0 0 0 0 0 0 0 0 0 0 0 43 49 65 74 80 92 102 103 102 101 98 95 86 80 79 83 87 94 98 96 91 90 82 77 77 83 86 90 92 93 92 91 89 87 82 0 0 0 0 0 0 0 0 0 0 0 0 0 60 61 63 64 67 69 83 
64 61 64 65 66 65 66 66 65 65 66 66 67 67 67 67 67 68 68 69 70 71 72 73 73 74 75 75 76 76 73 73 71 69 64 0 0 0 0 0 0 0 0 0 0 0 0 0 0 0 0 0 0 0 0 0 0 0 0 0 0 0 0 0 0 0 0 0 39 60 69 75 78 89 91 92 93 93 94 94 93 86 77 72 65 54 46 0 0 0 0 0 0 0 0 0 0 0 0 0 0 0 0 49 49 49 49 0 0 0 0 0 0 0 0 0 0 0 0 0 0 42 48 64 73 79 92 101 102 102 101 97 96 87 81 81 85 87 94 97 93 90 86 78 74 79 84 87 91 93 93 91 91 90 88 84 0 0 0 0 0 0 0 0 0 0 0 0 0 60 61 63 64 67 68 79 
64 63 64 65 65 65 66 65 65 65 66 66 66 66 65 65 65 65 66 68 70 71 72 73 73 74 74 75 76 75 73 73 72 69 65 0 0 0 0 0 0 0 0 0 0 0 0 0 0 0 0 0 0 0 0 0 0 0 0 0 0 0 0 0 0 0 0 0 39 60 69 74 78 88 91 91 92 92 92 93 92 85 75 71 64 52 45 0 0 0 0 0 0 0 0 0 0 0 0 0 0 0 0 0 0 0 0 0 0 0 0 0 0 0 0 0 0 0 0 0 0 43 49 65 74 80 91 100 101 101 100 96 95 86 80 79 82 84 90 92 88 87 81 74 74 79 82 85 90 90 90 89 89 88 86 83 0 0 0 0 0 0 0 0 0 0 0 0 0 60 61 63 64 67 70 76 
59 65 63 64 65 65 65 65 65 65 66 66 66 65 64 63 63 64 64 67 69 71 72 73 74 74 74 75 75 75 73 73 72 69 65 0 0 0 0 0 0 0 0 0 0 0 0 0 0 0 0 0 0 0 0 0 0 0 0 0 0 0 0 0 0 0 0 0 40 60 69 75 78 88 90 91 91 91 92 92 91 85 75 70 63 51 44 0 0 0 0 0 0 0 0 0 0 0 0 0 0 0 0 0 0 0 0 0 0 0 0 0 0 0 0 0 0 0 0 0 0 43 49 64 74 80 90 99 99 97 95 90 88 82 77 77 82 84 88 91 87 85 78 74 74 77 80 84 85 84 85 83 81 81 81 78 0 0 0 0 0 0 0 0 0 0 0 0 0 60 61 62 64 67 75 82 
57 67 63 64 64 64 64 64 64 65 65 65 66 65 64 63 62 61 61 65 68 70 71 73 73 74 74 74 75 74 72 72 71 68 63 0 0 0 0 0 0 0 0 0 0 0 0 0 0 0 0 0 0 0 0 0 0 0 0 0 0 0 0 0 0 0 0 0 40 59 69 74 78 88 90 90 90 90 90 91 90 84 74 69 62 50 42 0 0 0 0 0 0 0 0 0 0 0 0 0 0 0 0 0 0 0 0 0 0 0 0 0 0 0 0 0 0 0 0 0 0 42 49 64 74 80 89 95 96 93 90 86 86 82 76 75 80 82 85 88 85 83 76 72 73 76 78 82 83 81 82 80 79 79 79 76 0 0 0 0 0 0 0 0 0 0 0 0 0 60 62 63 65 67 69 74 
66 62 63 63 63 64 65 65 65 65 65 65 66 65 63 61 60 59 58 62 66 69 70 73 73 74 74 74 74 74 72 72 72 69 64 0 0 0 0 0 0 0 0 0 0 0 0 0 0 0 0 0 0 0 0 0 0 0 0 0 0 0 0 0 0 0 0 0 40 61 71 76 79 88 90 90 89 89 90 90 90 83 73 69 61 49 42 0 0 0 0 0 0 0 0 0 0 0 0 0 0 0 0 0 0 0 0 0 0 0 0 0 0 0 0 0 0 0 0 0 0 44 50 64 74 79 86 92 92 89 85 83 83 81 75 74 78 80 80 83 80 79 70 68 70 72 74 79 78 76 78 76 75 75 75 0 0 0 0 0 0 0 0 0 0 0 0 0 0 61 61 62 65 67 73 76 
65 63 63 63 63 64 64 64 65 65 65 65 66 65 64 62 61 60 58 62 65 68 69 72 73 73 73 73 74 74 72 72 71 69 63 0 0 0 0 0 0 0 0 0 0 0 0 0 0 0 0 0 0 0 0 0 0 0 0 0 0 0 0 0 0 0 0 0 0 64 72 78 80 87 89 89 88 88 88 89 89 83 73 68 61 49 41 0 0 0 0 0 0 0 0 0 0 0 0 0 0 0 0 0 0 0 0 0 0 0 0 0 0 0 0 0 0 0 0 0 0 44 50 64 74 78 84 90 89 84 80 77 76 74 69 67 0 71 71 72 71 0 0 0 0 66 67 70 68 67 70 68 68 69 68 0 0 0 0 0 0 0 0 0 0 0 0 0 0 60 61 63 65 67 67 76 
62 62 62 62 63 63 64 64 64 64 64 65 66 66 65 64 64 62 61 64 66 69 70 72 72 73 73 73 74 75 72 71 71 68 61 0 0 0 0 0 0 0 0 0 0 0 0 0 0 0 0 0 0 0 0 0 0 0 0 0 0 0 0 0 0 0 0 0 0 67 75 80 82 87 89 89 88 88 88 89 89 83 73 68 61 48 41 0 0 0 0 0 0 0 0 0 0 0 0 0 0 0 0 0 0 0 0 0 0 0 0 0 0 0 0 0 0 0 0 0 0 44 50 65 74 77 82 87 85 77 69 62 60 0 0 0 0 0 0 0 0 0 0 0 0 0 0 0 0 0 0 55 55 0 0 0 0 0 0 0 0 0 0 0 0 0 0 0 0 60 61 63 65 68 76 82 
66 59 63 63 63 63 64 64 64 64 64 65 66 66 66 65 64 64 63 65 67 69 70 71 72 72 73 73 75 75 72 71 71 68 61 0 0 0 0 0 0 0 0 0 0 0 0 0 0 0 0 0 0 0 0 0 0 0 0 0 0 0 0 0 0 0 0 0 0 70 77 82 84 87 89 89 88 88 88 90 89 83 73 68 60 47 40 0 0 0 0 0 0 0 0 0 0 0 0 0 0 0 0 0 0 0 0 0 0 0 0 0 0 0 0 0 0 0 0 0 0 0 51 67 76 77 79 83 80 70 55 0 0 0 0 0 0 0 0 0 0 0 0 0 0 0 0 0 0 0 0 0 0 0 0 0 0 0 0 0 0 0 0 0 0 0 0 0 0 60 61 63 65 68 68 81 
62 62 63 63 63 64 64 64 64 64 64 65 66 66 66 66 66 66 66 67 69 70 70 71 72 72 73 73 74 74 72 71 71 68 62 0 0 0 0 0 0 0 0 0 0 0 0 0 0 0 0 0 0 0 0 0 0 0 0 0 0 0 0 0 0 0 0 0 0 76 81 84 86 87 88 89 88 88 89 89 89 82 73 68 61 48 41 0 0 0 0 0 0 0 0 0 0 0 0 0 0 0 0 0 0 0 0 0 0 0 0 0 0 0 0 0 0 0 0 0 0 0 53 69 77 78 78 84 81 71 0 0 0 0 0 0 0 0 0 0 0 0 0 0 0 0 0 0 0 0 0 0 0 0 0 0 0 0 0 0 0 0 0 0 0 0 0 0 0 60 61 63 65 68 73 83 
59 62 63 63 63 63 64 64 64 64 64 65 66 67 67 67 67 67 68 69 69 70 70 71 71 72 73 74 74 74 72 71 70 67 61 0 0 0 0 0 0 0 0 0 0 0 0 0 0 0 0 0 0 0 0 0 0 0 0 0 0 0 0 0 0 0 0 0 0 75 80 83 85 86 88 88 88 89 89 90 89 82 74 69 61 48 41 0 0 0 0 0 0 0 0 0 0 0 0 0 0 0 0 0 0 0 0 0 0 0 0 0 0 0 0 0 0 0 0 0 0 0 56 72 80 81 81 85 82 74 61 0 0 0 0 0 0 0 0 0 0 0 0 0 0 0 0 0 0 0 0 0 0 0 0 0 0 0 0 0 0 0 0 0 0 0 0 0 0 59 61 62 64 68 74 83 
67 66 63 63 63 62 62 63 62 63 64 65 65 66 67 67 67 67 68 69 70 70 70 71 71 72 73 74 74 74 72 71 70 67 60 0 0 0 0 0 0 0 0 0 0 0 0 0 0 0 0 0 0 0 0 0 0 0 0 0 0 0 0 0 0 0 0 0 0 75 81 83 85 85 88 89 89 89 90 90 89 82 73 69 61 47 41 0 0 0 0 0 0 0 0 0 0 0 0 0 0 0 0 0 0 0 0 0 0 0 0 0 0 0 0 0 0 0 0 0 0 0 59 76 83 85 83 86 83 77 68 0 0 0 0 0 0 0 0 0 0 0 0 0 0 0 0 0 0 0 0 0 0 0 0 0 0 0 0 0 0 0 0 0 0 0 0 0 0 60 62 62 64 68 68 81 
62 68 63 63 63 62 62 63 63 63 64 65 66 66 66 65 65 65 65 66 67 68 68 69 70 71 71 72 73 73 71 70 70 67 61 0 0 0 0 0 0 0 0 0 0 0 0 0 0 0 0 0 0 0 0 0 0 0 0 0 0 0 0 0 0 0 0 0 0 73 79 82 84 84 88 88 88 89 89 89 88 81 73 68 61 47 41 0 0 0 0 0 0 0 0 0 0 0 0 0 0 0 0 0 0 0 0 0 0 0 0 0 0 0 0 0 0 0 0 0 0 0 62 76 84 86 84 88 86 81 73 68 60 56 56 55 58 58 55 52 52 0 0 0 0 0 0 0 0 0 0 0 0 0 0 0 0 0 0 0 0 0 0 0 0 0 0 0 0 60 61 62 64 67 66 78 
0 0 63 62 62 62 62 62 63 63 64 65 65 66 65 65 64 65 65 66 66 68 67 69 69 70 70 70 70 70 67 67 67 65 60 0 0 0 0 0 0 0 0 0 0 0 0 0 0 0 0 0 0 0 0 0 0 0 0 0 0 0 0 0 0 0 0 0 0 72 79 81 83 84 87 87 88 88 88 89 88 80 73 69 62 48 0 0 0 0 0 0 0 0 0 0 0 0 0 0 0 0 0 0 0 0 0 0 0 0 0 0 0 0 0 0 0 0 0 0 0 0 63 76 83 87 87 91 90 87 82 76 73 72 71 70 72 72 70 67 65 64 62 0 0 0 0 0 0 0 0 0 0 0 0 0 0 0 0 0 0 0 0 0 0 0 0 0 0 60 61 62 64 67 70 84 
0 0 63 62 61 60 60 61 61 62 64 64 64 65 64 64 63 63 63 64 64 66 66 68 69 70 70 70 69 69 67 66 66 65 59 0 0 0 0 0 0 0 0 0 0 0 0 0 0 0 0 0 0 0 0 0 0 0 0 0 0 0 0 0 0 0 0 0 0 69 76 78 80 81 84 85 85 86 86 87 86 79 74 70 62 48 0 0 0 0 0 0 0 0 0 0 0 0 0 0 0 0 0 0 0 0 0 0 0 0 0 0 0 0 0 0 0 0 0 0 0 0 64 76 82 86 87 91 90 88 84 79 76 75 73 72 72 72 70 67 64 62 60 58 0 0 0 0 0 0 0 0 0 0 0 0 0 0 0 0 0 0 0 0 0 0 0 0 0 61 61 63 64 67 70 78 
0 0 0 0 0 57 58 58 58 59 61 62 63 65 63 61 60 60 60 62 62 64 64 66 67 69 68 68 67 67 64 64 64 63 0 0 0 0 0 0 0 0 0 0 0 0 0 0 0 0 0 0 0 0 0 0 0 0 0 0 0 0 0 0 0 0 0 0 0 68 75 75 77 78 80 78 81 79 79 80 80 72 68 64 58 46 0 0 0 0 0 0 0 0 0 0 0 0 0 0 0 0 0 0 0 0 0 0 0 0 0 0 0 0 0 0 0 0 0 0 0 0 59 69 74 78 79 84 84 82 78 74 71 70 70 71 72 72 70 67 64 62 60 58 0 0 0 0 0 0 0 0 0 0 0 0 0 0 0 0 0 0 0 0 0 0 0 0 0 63 62 63 65 68 69 75 
0 0 0 0 0 0 0 0 0 0 0 0 0 0 0 0 0 57 57 57 57 58 58 60 63 66 64 63 63 63 61 61 62 61 0 0 0 0 0 0 0 0 0 0 0 0 0 0 0 0 0 0 0 0 0 0 0 0 0 0 0 0 0 0 0 0 0 0 0 0 73 72 75 76 77 76 78 76 77 77 77 70 67 63 58 46 0 0 0 0 0 0 0 0 0 0 0 0 0 0 0 0 0 0 0 0 0 0 0 0 0 0 0 0 0 0 0 0 0 0 0 0 60 67 72 75 77 82 83 81 78 74 71 70 70 71 72 72 70 67 64 62 60 58 0 0 0 0 0 0 0 0 0 0 0 0 0 0 0 0 0 0 0 0 0 0 0 0 64 64 64 64 66 68 72 76 
0 0 0 0 0 0 0 0 0 0 0 0 0 0 0 0 0 0 0 0 0 0 0 0 0 0 0 0 0 54 54 54 0 0 0 0 0 0 0 0 0 0 0 0 0 0 0 0 0 0 0 0 0 0 0 0 0 0 0 0 0 0 0 0 0 0 0 0 0 0 71 69 72 73 73 71 74 72 73 74 74 66 65 61 57 0 0 0 0 0 0 0 0 0 0 0 0 0 0 0 0 0 0 0 0 0 0 0 0 0 0 0 0 0 0 0 0 0 0 0 0 0 0 64 69 72 73 78 79 79 78 76 75 76 76 77 79 79 77 74 69 67 64 60 0 0 0 0 0 0 0 0 0 0 0 0 0 0 0 0 0 0 0 0 0 0 0 0 63 64 64 64 66 68 70 74 
0 0 0 0 0 0 0 0 0 0 0 0 0 0 0 0 0 0 0 0 0 0 0 0 0 0 0 0 0 0 0 0 0 0 0 0 0 0 0 0 0 0 0 0 0 0 0 0 0 0 0 0 0 0 0 0 0 0 0 0 0 0 0 0 0 0 0 0 0 0 0 61 64 66 65 62 66 63 64 65 66 59 59 55 53 0 0 0 0 0 0 0 0 0 0 0 0 0 0 0 0 0 0 0 0 0 0 0 0 0 0 0 0 0 0 0 0 0 0 0 0 0 0 58 62 65 66 70 71 71 70 69 68 68 69 71 73 71 69 66 62 60 0 0 0 0 0 0 0 0 0 0 0 0 0 0 0 0 0 0 0 0 0 0 0 0 0 0 63 64 64 65 66 68 73 75 
0 0 0 0 0 0 0 0 0 0 0 0 0 0 0 0 0 0 0 0 0 0 0 0 0 0 0 0 0 0 0 0 0 0 0 0 0 0 0 0 0 0 0 0 0 0 0 0 0 0 0 0 0 0 0 0 0 0 0 0 0 0 0 0 0 0 0 0 0 0 0 0 0 0 0 0 0 0 0 0 0 42 0 0 0 0 0 0 0 0 0 0 0 0 0 0 0 0 0 0 0 0 0 0 0 0 0 0 0 0 0 0 0 0 0 0 0 0 0 0 0 0 0 0 0 48 50 52 53 53 51 50 49 0 0 0 0 0 0 0 0 0 0 0 0 0 53 53 53 53 54 0 0 0 0 0 0 0 0 0 0 0 0 0 0 0 0 0 62 63 64 65 66 68 71 75 
0 0 0 0 0 0 0 0 0 0 0 0 0 0 0 0 0 0 0 0 0 0 0 0 0 0 0 0 0 0 0 0 0 0 0 0 0 0 0 0 0 0 0 0 0 0 0 0 0 0 0 0 0 0 0 0 0 0 0 0 0 0 0 0 0 0 0 0 0 0 0 0 0 0 0 0 0 0 0 0 0 0 0 0 0 0 0 0 0 0 0 0 0 0 0 0 0 0 0 0 0 0 0 0 0 0 0 0 0 0 0 0 0 0 0 0 0 0 0 0 0 0 0 0 0 0 0 0 0 0 0 0 0 0 0 0 0 0 0 0 0 0 0 0 0 0 53 53 53 53 54 0 0 0 0 0 0 0 0 0 0 0 0 0 0 0 0 0 62 63 64 65 66 69 67 74 
0 0 0 0 0 0 0 0 0 0 0 0 0 0 0 0 0 0 0 0 0 0 0 0 0 0 0 0 0 0 0 0 0 0 0 0 0 0 0 0 0 0 0 0 0 0 0 0 0 0 0 0 0 0 0 0 0 0 0 0 0 0 0 0 0 0 0 0 0 0 0 0 0 0 0 0 0 0 0 0 0 0 0 0 0 0 0 0 0 0 0 0 0 0 0 0 0 0 0 0 0 0 0 0 0 0 0 0 0 0 0 0 0 0 0 0 0 0 0 0 0 0 0 0 0 0 0 0 0 0 0 0 0 0 0 0 0 0 0 0 0 0 0 0 0 0 53 53 53 53 0 0 0 0 0 0 0 0 0 0 0 0 0 0 0 0 0 0 63 63 64 65 66 69 67 78 
0 0 0 0 0 0 0 0 0 0 0 0 0 0 0 0 0 0 0 0 0 0 0 0 0 0 0 0 0 0 0 0 0 0 0 0 0 0 0 0 0 0 0 0 0 0 0 0 0 0 0 0 0 0 0 0 0 0 0 0 0 0 0 0 0 0 0 0 0 0 0 0 0 0 0 0 0 0 0 0 0 0 0 0 0 0 0 0 0 0 0 0 0 0 0 0 0 0 0 0 0 0 0 0 0 0 0 0 0 0 0 0 0 0 0 0 0 0 0 0 0 0 0 0 0 0 0 0 0 0 0 0 0 0 0 0 0 0 0 0 0 0 0 0 0 0 0 0 0 0 0 0 0 0 0 0 0 0 0 0 0 0 0 0 0 0 0 0 64 63 65 65 67 70 76 80 
0 0 0 0 0 0 0 0 0 0 0 0 0 0 0 0 0 0 0 0 0 0 0 0 0 0 0 0 0 0 0 0 0 0 0 0 0 0 0 0 0 0 0 0 0 0 0 0 0 0 0 0 0 0 0 0 0 0 0 0 0 0 0 0 0 0 0 0 0 0 0 0 0 0 0 0 0 0 0 0 0 0 0 0 0 0 0 0 0 0 0 0 0 0 0 0 0 0 0 0 0 0 0 0 0 0 0 0 0 0 0 0 0 0 0 0 0 0 0 0 0 0 0 0 0 0 0 0 0 0 0 0 0 0 0 0 0 0 0 0 0 0 0 0 0 0 0 0 0 0 0 0 0 0 0 0 0 0 0 0 0 0 0 0 0 0 0 0 0 64 66 66 67 70 73 80 
0 0 0 0 0 0 0 0 0 0 0 0 0 0 0 0 0 0 0 0 0 0 0 0 0 0 0 0 0 0 0 0 0 0 0 0 0 0 0 0 0 0 0 0 0 0 0 0 0 0 0 0 0 0 0 0 0 0 0 0 0 0 0 0 0 0 0 0 0 0 0 0 0 0 0 0 0 0 0 0 0 0 0 0 0 0 0 0 0 0 0 0 0 0 0 0 0 0 0 0 0 0 0 0 0 0 0 0 0 0 0 0 0 0 0 0 0 0 0 0 0 0 0 0 0 0 0 0 0 0 0 0 0 0 0 0 0 0 0 0 0 0 0 0 0 0 0 0 0 0 0 0 0 0 0 0 0 0 0 0 0 0 0 0 0 0 0 0 0 66 66 66 68 71 78 78 
0 0 0 0 0 0 0 0 0 0 0 0 0 0 0 0 0 0 0 0 0 0 0 0 0 0 0 0 0 0 0 0 0 0 0 0 0 0 0 0 0 0 0 0 0 0 0 0 0 0 0 0 0 0 0 0 0 0 0 0 0 0 0 0 0 0 0 0 0 0 0 0 0 0 0 0 0 0 0 0 0 0 0 0 0 0 0 0 0 0 0 0 0 0 0 0 0 0 0 0 0 0 0 0 0 0 0 0 0 0 0 0 0 0 0 0 0 0 0 0 0 0 0 0 0 0 0 0 0 0 0 0 0 0 0 0 0 0 0 0 0 0 0 0 0 0 0 0 0 0 0 0 0 0 0 0 0 0 0 0 0 0 0 0 0 0 0 0 0 0 66 66 68 70 68 82 
0 0 0 0 0 0 0 0 0 0 0 0 0 0 0 0 0 0 0 0 0 0 0 0 0 0 0 0 0 0 0 0 0 0 0 0 0 0 0 0 0 0 0 0 0 0 0 0 0 0 0 0 0 0 0 0 0 0 0 0 0 0 0 0 0 0 0 0 0 0 0 0 0 0 0 0 0 0 0 0 0 0 0 0 0 0 0 0 0 0 0 0 0 0 0 0 0 0 0 0 0 0 0 0 0 0 0 0 0 0 0 0 0 0 0 0 0 0 0 0 0 0 0 0 0 0 0 0 0 0 0 0 0 0 0 0 0 0 0 0 0 0 0 0 0 0 0 0 0 0 0 0 0 0 0 0 0 0 0 0 0 0 0 0 0 0 0 0 0 0 0 65 68 70 70 69 
0 0 0 0 0 0 0 0 0 0 0 0 0 0 0 0 0 0 0 0 0 0 0 0 0 0 0 0 0 0 0 0 0 0 0 0 0 0 0 0 0 0 0 0 0 0 0 0 0 0 0 0 0 0 0 0 0 0 0 0 0 0 0 0 0 0 0 0 0 0 0 0 0 0 0 0 0 0 0 0 0 0 0 0 0 0 0 0 0 0 0 0 0 0 0 0 0 0 0 0 0 0 0 0 0 0 0 0 0 0 0 0 0 0 0 0 0 0 0 0 0 0 0 0 0 0 0 0 0 0 0 0 0 0 0 0 0 0 0 0 0 0 0 0 0 0 0 0 0 0 0 0 0 0 0 0 0 0 0 0 0 0 0 0 0 0 0 0 0 0 0 0 0 70 0 65 
0 0 0 0 0 0 0 0 0 0 0 0 0 0 0 0 0 0 0 0 0 0 0 0 0 0 0 0 0 0 0 0 0 0 0 0 0 0 0 0 0 0 0 0 0 0 0 0 0 0 0 0 0 0 0 0 0 0 0 0 0 0 0 0 0 0 0 0 0 0 0 0 0 0 0 0 0 0 0 0 0 0 0 0 0 0 0 0 0 0 0 0 0 0 0 0 0 0 0 0 0 0 0 0 0 0 0 0 0 0 0 0 0 0 0 0 0 0 0 0 0 0 0 0 0 0 0 0 0 0 0 0 0 0 0 0 0 0 0 0 0 0 0 0 0 0 0 0 0 0 0 0 0 0 0 0 0 0 0 0 0 0 0 0 0 0 0 0 0 0 0 0 0 0 0 0 
0 0 0 0 0 0 0 0 0 0 0 0 0 0 0 0 0 0 0 0 0 0 0 0 0 0 0 0 0 0 0 0 0 0 0 0 0 0 0 0 0 0 0 0 0 0 0 0 0 0 0 0 0 0 0 0 0 0 0 0 0 0 0 0 0 0 0 0 0 0 0 0 0 0 0 0 0 0 0 0 0 0 0 0 0 0 0 0 0 0 0 0 0 0 0 0 0 0 0 0 0 0 0 0 0 0 0 0 0 0 0 0 0 0 0 0 0 0 0 0 0 0 0 0 0 0 0 0 0 0 0 0 0 0 0 0 0 0 0 0 0 0 0 0 0 0 0 0 0 0 0 0 0 0 0 0 0 0 0 0 0 0 0 0 0 0 0 0 0 0 0 0 0 0 0 0 
0 0 0 0 0 0 0 0 0 0 0 0 0 0 0 0 0 0 0 0 0 0 0 0 0 0 0 0 0 0 0 0 0 0 0 0 0 0 0 0 0 0 0 0 0 0 0 0 0 0 0 0 0 0 0 0 0 0 0 0 0 0 0 0 0 0 0 0 0 0 0 0 0 0 0 0 0 0 0 0 0 0 0 0 0 0 0 0 0 0 0 0 0 0 0 0 0 0 0 0 0 0 0 0 0 0 0 0 0 0 0 0 0 0 0 0 0 0 0 0 0 0 0 0 0 0 0 0 0 0 0 0 0 0 0 0 0 0 0 0 0 0 0 0 0 0 0 0 0 0 0 0 0 0 0 0 0 0 0 0 0 0 0 0 0 0 0 0 0 0 0 0 0 0 0 0 
0 0 0 0 0 0 0 0 0 0 0 0 0 0 0 0 0 0 0 0 0 0 0 0 0 0 0 0 0 0 0 0 0 0 0 0 0 0 0 0 0 0 0 0 0 0 0 0 0 0 0 0 0 0 0 0 0 0 0 0 0 0 0 0 0 0 0 0 0 0 0 0 0 0 0 0 0 0 0 0 0 0 0 0 0 0 0 0 0 0 0 0 0 0 0 0 0 0 0 0 0 0 0 0 0 0 0 0 0 0 0 0 0 0 0 0 0 0 0 0 0 0 0 0 0 0 0 0 0 0 0 0 0 0 0 0 0 0 0 0 0 0 0 0 0 0 0 0 0 0 0 0 0 0 0 0 0 0 0 0 0 0 0 0 0 0 0 0 0 0 0 0 0 0 0 0 
0 0 0 0 0 0 0 0 0 0 0 0 0 0 0 0 0 0 0 0 0 0 0 0 0 0 0 0 0 0 0 0 0 0 0 0 0 0 0 0 0 0 0 0 0 0 0 0 0 0 0 0 0 0 0 0 0 0 0 0 0 0 0 0 0 0 0 0 0 0 0 0 0 0 0 0 0 0 0 0 0 0 0 0 0 0 0 0 0 0 0 0 0 0 0 0 0 0 0 0 0 0 0 0 0 0 0 0 0 0 0 0 0 0 0 0 0 0 0 0 0 0 0 0 0 0 0 0 0 0 0 0 0 0 0 0 0 0 0 0 0 0 0 0 0 0 0 0 0 0 0 0 0 0 0 0 0 0 0 0 0 0 0 0 0 0 0 0 0 0 0 0 0 0 0 0 
0 0 0 0 0 0 0 0 0 0 0 0 0 0 0 0 0 0 0 0 0 0 0 0 0 0 0 0 0 0 0 0 0 0 0 0 0 0 0 0 0 0 0 0 0 0 0 0 0 0 0 0 0 0 0 0 0 0 0 0 0 0 0 0 0 0 0 0 0 0 0 0 0 0 0 0 0 0 0 0 0 0 0 0 0 0 0 0 0 0 0 0 0 0 0 0 0 0 0 0 0 0 0 0 0 0 0 0 0 0 0 0 0 0 0 0 0 0 0 0 0 0 0 0 0 0 0 0 0 0 0 0 0 0 0 0 0 0 0 0 0 0 0 0 0 0 0 0 0 0 0 0 0 0 0 0 0 0 0 0 0 0 0 0 0 0 0 0 0 0 0 0 0 0 0 0 
0 0 0 0 0 0 0 0 0 0 0 0 0 0 0 0 0 0 0 0 0 0 0 0 0 0 0 0 0 0 0 0 0 0 0 0 0 0 0 0 0 0 0 0 0 0 0 0 0 0 0 0 0 0 0 0 0 0 0 0 0 0 0 0 0 0 0 0 0 0 0 0 0 0 0 0 0 0 0 0 0 0 0 0 0 0 0 0 0 0 0 0 0 0 0 0 0 0 0 0 0 0 0 0 0 0 0 0 0 0 0 0 0 0 0 0 0 0 0 0 0 0 0 0 0 0 0 0 0 0 0 0 0 0 0 0 0 0 0 0 0 0 0 0 0 0 0 0 0 0 0 0 0 0 0 0 0 0 0 0 0 0 0 0 0 0 0 0 0 0 0 0 0 0 0 0 
0 0 0 0 0 0 0 0 0 0 0 0 0 0 0 0 0 0 0 0 0 0 0 0 0 0 0 0 0 0 0 0 0 0 0 0 0 0 0 0 0 0 0 0 0 0 0 0 0 0 0 0 0 0 0 0 0 0 0 0 0 0 0 0 0 0 0 0 0 0 0 0 0 0 0 0 0 0 0 0 0 0 0 0 0 0 0 0 0 0 0 0 0 0 0 0 0 0 0 0 0 0 0 0 0 0 0 0 0 0 0 0 0 0 0 0 0 0 0 0 0 0 0 0 0 0 0 0 0 0 0 0 0 0 0 0 0 0 0 0 0 0 0 0 0 0 0 0 0 0 0 0 0 0 0 0 0 0 0 0 0 0 0 0 0 0 0 0 0 0 0 0 0 0 0 0 
0 0 0 0 0 0 0 0 0 0 0 0 0 0 0 0 0 0 0 0 0 0 0 0 0 0 0 0 0 0 0 0 0 0 0 0 0 0 0 0 0 0 0 0 0 0 0 0 0 0 0 0 0 0 0 0 0 0 0 0 0 0 0 0 0 0 0 0 0 0 0 0 0 0 0 0 0 0 0 0 0 0 0 0 0 0 0 0 0 0 0 0 0 0 0 0 0 0 0 0 0 0 0 0 0 0 0 0 0 0 0 0 0 0 0 0 0 0 0 0 0 0 0 0 0 0 0 0 0 0 0 0 0 0 0 0 0 0 0 0 0 0 0 0 0 0 0 0 0 0 0 0 0 0 0 0 0 0 0 0 0 0 0 0 0 0 0 0 0 0 0 0 0 0 0 0 
0 0 0 0 0 0 0 0 0 0 0 0 0 0 0 0 0 0 0 0 0 0 0 0 0 0 0 0 0 0 0 0 0 0 0 0 0 0 0 0 0 0 0 0 0 0 0 0 0 0 0 0 0 0 0 0 0 0 0 0 0 0 0 0 0 0 0 0 0 0 0 0 0 0 0 0 0 0 0 0 0 0 0 0 0 0 0 0 0 0 0 0 0 0 0 0 0 0 0 0 0 0 0 0 0 0 0 0 0 0 0 0 0 0 0 0 0 0 0 0 0 0 0 0 0 0 0 0 0 0 0 0 0 0 0 0 0 0 0 0 0 0 0 0 0 0 0 0 0 0 0 0 0 0 0 0 0 0 0 0 0 0 0 0 0 0 0 0 0 0 0 0 0 0 0 0 
0 0 0 0 0 0 0 0 0 0 0 0 0 0 0 0 0 0 0 0 0 0 0 0 0 0 0 0 0 0 0 0 0 0 0 0 0 0 0 0 0 0 0 0 0 0 0 0 0 0 0 0 0 0 0 0 0 0 0 0 0 0 0 0 0 0 0 0 0 0 0 0 0 0 0 0 0 0 0 0 0 0 0 0 0 0 0 0 0 0 0 0 0 0 0 0 0 0 0 0 0 0 0 0 0 0 0 0 0 0 0 0 0 0 0 0 0 0 0 0 0 0 0 0 0 0 0 0 0 0 0 0 0 0 0 0 0 0 0 0 0 0 0 0 0 0 0 0 0 0 0 0 0 0 0 0 0 0 0 0 0 0 0 0 0 0 0 0 0 0 0 0 0 0 0 0 
0 0 0 0 0 0 0 0 0 0 0 0 0 0 0 0 0 0 0 0 0 0 0 0 0 0 0 0 0 0 0 0 0 0 0 0 0 0 0 0 0 0 0 0 0 0 0 0 0 0 0 0 0 0 0 0 0 0 0 0 0 0 0 0 0 0 0 0 0 0 0 0 0 0 0 0 0 0 0 0 0 0 0 0 0 0 0 0 0 0 0 0 0 0 0 0 0 0 0 0 0 0 0 0 0 0 0 0 0 0 0 0 0 0 0 0 0 0 0 0 0 0 0 0 0 0 0 0 0 0 0 0 0 0 0 0 0 0 0 0 0 0 0 0 0 0 0 0 0 0 0 0 0 0 0 0 0 0 0 0 0 0 0 0 0 0 0 0 0 0 0 0 0 0 0 69 
0 0 0 0 0 0 0 0 0 0 0 0 0 0 0 0 0 0 0 0 0 0 0 0 0 0 0 0 0 0 0 0 0 0 0 0 0 0 0 0 0 0 0 0 0 0 0 0 0 0 0 0 0 0 0 0 0 0 0 0 0 0 0 0 0 0 0 0 0 0 0 0 0 0 0 0 0 0 0 0 0 0 0 0 0 0 0 0 0 0 0 0 0 0 0 0 0 0 0 0 0 0 0 0 0 0 0 0 0 0 0 0 0 0 0 0 0 0 0 0 0 0 0 0 0 0 0 0 0 0 0 0 0 0 0 0 0 0 0 0 0 0 0 0 0 0 0 0 0 0 0 0 0 0 0 0 0 0 0 0 0 0 0 0 0 0 0 0 0 0 0 0 0 0 0 0 
0 0 0 0 0 0 0 0 0 0 0 0 0 0 0 0 0 0 0 0 0 0 0 0 0 0 0 0 0 0 0 0 0 0 0 0 0 0 0 0 0 0 0 0 0 0 0 0 0 0 0 0 0 0 0 0 0 0 0 0 0 0 0 0 0 0 0 0 0 0 0 0 0 0 0 0 0 0 0 0 0 0 0 0 0 0 0 0 0 0 0 0 0 0 0 0 0 0 0 0 0 0 0 0 0 0 0 0 0 0 0 0 0 0 0 0 0 0 0 0 0 0 0 0 0 0 0 0 0 0 0 0 0 0 0 0 0 0 0 0 0 0 0 0 0 0 0 0 0 0 0 0 0 0 0 0 0 0 0 0 0 0 0 0 0 0 0 0 0 0 0 0 0 0 0 0 
0 0 0 0 0 0 0 0 0 0 0 0 0 0 0 0 0 0 0 0 0 0 0 0 0 0 0 0 0 0 0 0 0 0 0 0 0 0 0 0 0 0 0 0 0 0 0 0 0 0 0 0 0 0 0 0 0 0 0 0 0 0 0 0 0 0 0 0 0 0 0 0 0 0 0 0 0 0 0 0 0 0 0 0 0 0 0 0 0 0 0 0 0 0 0 0 0 0 0 0 0 0 0 0 0 0 0 0 0 0 0 0 0 0 0 0 0 0 0 0 0 0 0 0 0 0 0 0 0 0 0 0 0 0 0 0 0 0 0 0 0 0 0 0 0 0 0 0 0 0 0 0 0 0 0 0 0 0 0 0 0 0 0 0 0 0 0 0 0 0 0 0 0 0 0 0 
0 0 0 0 0 0 0 0 0 0 0 0 0 0 0 0 0 0 0 0 0 0 0 0 0 0 0 0 0 0 0 0 0 0 0 0 0 0 0 0 0 0 0 0 0 0 0 0 0 0 0 0 0 0 0 0 0 0 0 0 0 0 0 0 0 0 0 0 0 0 0 0 0 0 0 0 0 0 0 0 0 0 0 0 0 0 0 0 0 0 0 0 0 0 0 0 0 0 0 0 0 0 0 0 0 0 0 0 0 0 0 0 0 0 0 0 0 0 0 0 0 0 0 0 0 0 0 0 0 0 0 0 0 0 0 0 0 0 0 0 0 0 0 0 0 0 0 0 0 0 0 0 0 0 0 0 0 0 0 0 0 0 0 0 0 0 0 0 0 0 0 0 0 0 0 0 
0 0 0 0 0 0 0 0 0 0 0 0 0 0 0 0 0 0 0 0 0 0 0 0 0 0 0 0 0 0 0 0 0 0 0 0 0 0 0 0 0 0 0 0 0 0 0 0 0 0 0 0 0 0 0 0 0 0 0 0 0 0 0 0 0 0 0 0 0 0 0 0 0 0 0 0 0 0 0 0 0 0 0 0 0 0 0 0 0 0 0 0 0 0 0 0 0 0 0 0 0 0 0 0 0 0 0 0 0 0 0 0 0 0 0 0 0 0 0 0 0 0 0 0 0 0 0 0 0 0 0 0 0 0 0 0 0 0 0 0 0 0 0 0 0 0 0 0 0 0 0 0 0 0 0 0 0 0 0 0 0 0 0 0 0 0 0 0 0 0 0 0 0 0 0 0 
0 0 0 0 0 0 0 0 0 0 0 0 0 0 0 0 0 0 0 0 0 0 0 0 0 0 0 0 0 0 0 0 0 0 0 0 0 0 0 0 0 0 0 0 0 0 0 0 0 0 0 0 0 0 0 0 0 0 0 0 0 0 0 0 0 0 0 0 0 0 0 0 0 0 0 0 0 0 0 0 0 0 0 0 0 0 0 0 0 0 0 0 0 0 0 0 0 0 0 0 0 0 0 0 0 0 0 0 0 0 0 0 0 0 0 0 0 0 0 0 0 0 0 0 0 0 0 0 0 0 0 0 0 0 0 0 0 0 0 0 0 0 0 0 0 0 0 0 0 0 0 0 0 0 0 0 0 0 0 0 0 0 0 0 0 0 0 0 0 0 0 0 0 0 0 0 
0 0 0 0 0 0 0 0 0 0 0 0 0 0 0 0 0 0 0 0 0 0 0 0 0 0 0 0 0 0 0 0 0 0 0 0 0 0 0 0 0 0 0 0 0 0 0 0 0 0 0 0 0 0 0 0 0 0 0 0 0 0 0 0 0 0 0 0 0 0 0 0 0 0 0 0 0 0 0 0 0 0 0 0 0 0 0 0 0 0 0 0 0 0 0 0 0 0 0 0 0 0 0 0 0 0 0 0 0 0 0 0 0 0 0 0 0 0 0 0 0 0 0 0 0 0 0 0 0 0 0 0 0 0 0 0 0 0 0 0 0 0 0 0 0 0 0 0 0 0 0 0 0 0 0 0 0 0 0 0 0 0 0 0 0 0 0 0 0 0 0 0 0 0 0 0 
0 0 0 0 0 0 0 0 0 0 0 0 0 0 0 0 0 0 0 0 0 0 0 0 0 0 0 0 0 0 0 0 0 0 0 0 0 0 0 0 0 0 0 0 0 0 0 0 0 0 0 0 0 0 0 0 0 0 0 0 0 0 0 0 0 0 0 0 0 0 0 0 0 0 0 0 0 0 0 0 0 0 0 0 0 0 0 0 0 0 0 0 0 0 0 0 0 0 0 0 0 0 0 0 0 0 0 0 0 0 0 0 0 0 0 0 0 0 0 0 0 0 0 0 0 0 0 0 0 0 0 0 0 0 0 0 0 0 0 0 0 0 0 0 0 0 0 0 0 0 0 0 0 0 0 0 0 0 0 0 0 0 0 0 0 0 0 0 0 0 0 0 0 0 0 0 
0 0 0 0 0 0 0 0 0 0 0 0 0 0 0 0 0 0 0 0 0 0 0 0 0 0 0 0 0 0 0 0 0 0 0 0 0 0 0 0 0 0 0 0 0 0 0 0 0 0 0 0 0 0 0 0 0 0 0 0 0 0 0 0 0 0 0 0 0 0 0 0 0 0 0 0 0 0 0 0 0 0 0 0 0 0 0 0 0 0 0 0 0 0 0 0 0 0 0 0 0 0 0 0 0 0 0 0 0 0 0 0 0 0 0 0 0 0 0 0 0 0 0 0 0 0 0 0 0 0 0 0 0 0 0 0 0 0 0 0 0 0 0 0 0 0 0 0 0 0 0 0 0 0 0 0 0 0 0 0 0 0 0 0 0 0 0 0 0 0 0 0 0 0 0 0 
0 0 0 0 0 0 0 0 0 0 0 0 0 0 0 0 0 0 0 0 0 0 0 0 0 0 0 0 0 0 0 0 0 0 0 0 0 0 0 0 0 0 0 0 0 0 0 0 0 0 0 0 0 0 0 0 0 0 0 0 0 0 0 0 0 0 0 0 0 0 0 0 0 0 0 0 0 0 0 0 0 0 0 0 0 0 0 0 0 0 0 0 0 0 0 0 0 0 0 0 0 0 0 0 0 0 0 0 0 0 0 0 0 0 0 0 0 0 0 0 0 0 0 0 0 0 0 0 0 0 0 0 0 0 0 0 0 0 0 0 0 0 0 0 0 0 0 0 0 0 0 0 0 0 0 0 0 0 0 0 0 0 0 0 0 0 0 0 0 0 0 0 0 0 0 0 
0 0 0 0 0 0 0 0 0 0 0 0 0 0 0 0 0 0 0 0 0 0 0 0 0 0 0 0 0 0 0 0 0 0 0 0 0 0 0 0 0 0 0 0 0 0 0 0 0 0 0 0 0 0 0 0 0 0 0 0 0 0 0 0 0 0 0 0 0 0 0 0 0 0 0 0 0 0 0 0 0 0 0 0 0 0 0 0 0 0 0 0 0 0 0 0 0 0 0 0 0 0 0 0 0 0 0 0 0 0 0 0 0 0 0 0 0 0 0 0 0 0 0 0 0 0 0 0 0 0 0 0 0 0 0 0 0 0 0 0 0 0 0 0 0 0 0 0 0 0 0 0 0 0 0 0 0 0 0 0 0 0 0 0 0 0 0 0 0 0 0 0 0 0 0 0 
0 0 0 0 0 0 0 0 0 0 0 0 0 0 0 0 0 0 0 0 0 0 0 0 0 0 0 0 0 0 0 0 0 0 0 0 0 0 0 0 0 0 0 0 0 0 0 0 0 0 0 0 0 0 0 0 0 0 0 0 0 0 0 0 0 0 0 0 0 0 0 0 0 0 0 0 0 0 0 0 0 0 0 0 0 0 0 0 0 0 0 0 0 0 0 0 0 0 0 0 0 0 0 0 0 0 0 0 0 0 0 0 0 0 0 0 0 0 0 0 0 0 0 0 0 0 0 0 0 0 0 0 0 0 0 0 0 0 0 0 0 0 0 0 0 0 0 0 0 0 0 0 0 0 0 0 0 0 0 0 0 0 0 0 0 0 0 0 0 0 0 0 0 0 0 0 
0 0 0 0 0 0 0 0 0 0 0 0 0 0 0 0 0 0 0 0 0 0 0 0 0 0 0 0 0 0 0 0 0 0 0 0 0 0 0 0 0 0 0 0 0 0 0 0 0 0 0 0 0 0 0 0 0 0 0 0 0 0 0 0 0 0 0 0 0 0 0 0 0 0 0 0 0 0 0 0 0 0 0 0 0 0 0 0 0 0 0 0 0 0 0 0 0 0 0 0 0 0 0 0 0 0 0 0 0 0 0 0 0 0 0 0 0 0 0 0 0 0 0 0 0 0 0 0 0 0 0 0 0 0 0 0 0 0 0 0 0 0 0 0 0 0 0 0 0 0 0 0 0 0 0 0 0 0 0 0 0 0 0 0 0 0 0 0 0 0 0 0 0 0 0 0 
