89 91 95 88 90 88 97 96 87 83 82 76 83 83 93 86 82 85 81 77 85 78 81 85 79 79 81 82 83 88 89 87 83 84 86 82 73 78 76 76 84 82 85 83 83 78 77 78 79 80 80 83 78 77 77 81 83 79 80 83 85 80 70 68 75 78 78 80 81 80 81 82 81 75 79 81 86 83 82 78 81 81 78 75 84 85 82 81 71 67 75 78 79 83 85 84 79 83 83 83 84 79 79 76 81 83 79 84 86 82 86 87 85 78 65 75 83 82 89 82 88 90 93 87 90 93 90 99 92 93 94 96 98 93 100 97 98 92 95 92 80 89 95 100 97 95 104 99 104 103 105 105 106 103 109 119 112 109 96 90 79 84 83 85 87 81 90 83 83 83 82 86 99 94 101 111 
84 97 82 86 92 92 86 90 91 84 82 79 76 75 75 75 74 76 83 85 86 88 87 84 85 79 86 80 80 86 81 80 83 84 78 83 78 67 68 77 83 81 77 79 76 77 81 79 76 81 81 79 80 77 79 73 82 82 78 79 76 80 76 68 71 79 84 82 80 75 77 81 82 79 77 83 81 80 84 81 84 80 79 81 83 84 79 84 73 66 76 84 80 83 84 86 86 81 78 85 81 81 80 80 78 80 79 79 82 81 87 82 84 74 67 77 83 86 88 88 86 85 85 82 85 97 88 91 94 91 95 89 92 99 98 91 96 102 89 86 87 95 92 93 95 92 98 97 95 100 94 100 106 100 107 113 108 102 89 82 82 79 80 81 85 87 78 76 81 79 85 84 92 102 102 107 
84 89 86 86 85 86 86 85 84 83 82 81 81 80 80 79 80 80 81 82 83 83 83 82 82 82 81 81 82 82 82 83 82 82 80 79 77 75 75 74 75 76 77 77 78 78 77 78 78 78 78 77 77 77 77 77 77 77 78 78 78 77 75 74 74 75 76 77 78 78 78 78 78 79 78 79 79 80 80 80 80 79 80 80 80 80 79 77 75 75 75 77 79 81 81 80 80 80 80 79 80 79 79 79 79 79 79 79 80 81 81 80 78 77 77 78 81 84 85 86 86 86 86 87 88 88 89 89 89 90 90 91 92 92 93 93 92 91 91 90 91 92 93 94 95 96 96 97 99 99 100 102 103 104 103 100 96 91 86 83 81 81 80 80 80 80 79 80 80 80 83 86 90 95 96 105 
86 91 84 84 83 84 84 83 83 82 81 81 80 79 78 78 78 79 79 81 82 82 82 82 82 81 80 80 80 80 80 81 80 80 80 78 77 75 74 73 73 74 74 75 76 76 76 77 77 76 76 76 76 75 75 75 75 75 76 76 76 76 75 74 74 75 75 76 77 78 78 78 79 79 79 79 80 80 81 82 82 82 82 82 82 82 81 80 79 79 79 80 82 83 83 82 82 82 82 82 82 82 82 82 82 82 82 81 82 82 82 81 80 80 80 81 83 85 85 85 85 85 85 86 87 86 87 87 87 87 88 89 90 90 91 90 89 89 90 90 90 91 92 92 93 95 95 96 98 98 99 101 101 100 98 94 89 85 82 80 79 78 78 78 78 77 77 77 78 79 82 85 89 93 99 109 
85 77 82 82 82 82 81 81 80 80 80 80 80 79 78 78 77 77 78 78 79 80 80 80 80 80 79 79 79 79 79 80 80 79 79 78 77 76 74 73 71 72 72 73 74 75 75 75 75 75 74 74 74 75 75 75 75 76 76 77 78 78 78 78 78 78 79 80 81 83 83 83 83 84 83 84 84 85 84 86 86 86 86 87 87 87 86 85 84 85 85 86 87 88 87 87 86 87 87 87 87 87 87 87 87 88 87 87 87 88 88 87 87 87 87 87 89 89 90 89 89 89 90 90 90 89 89 89 89 88 89 89 90 89 90 89 88 89 89 89 90 92 91 91 92 93 94 95 96 97 99 100 100 97 93 89 84 80 79 77 77 77 76 76 75 75 74 76 77 78 81 84 87 92 94 104 
77 85 80 80 80 80 80 79 79 79 80 80 80 79 77 77 76 75 75 76 76 77 78 78 78 78 77 77 77 78 78 78 78 77 77 76 76 75 74 73 72 72 72 73 74 76 76 77 77 77 77 77 78 79 79 79 79 79 80 81 82 83 83 83 83 83 83 84 85 86 87 87 87 88 87 87 88 88 88 90 90 91 91 92 91 91 91 91 90 90 91 91 91 92 92 91 91 91 91 91 91 91 92 92 92 92 92 92 92 93 93 92 92 93 93 93 94 94 94 94 94 94 94 94 94 93 93 93 93 93 93 94 94 93 94 93 92 92 93 93 94 94 94 94 94 94 95 96 97 98 99 99 98 93 89 84 80 77 76 75 75 75 74 75 75 75 0 77 78 78 80 83 86 91 90 97 
79 78 78 78 79 79 79 78 78 78 78 78 78 77 76 76 75 74 73 73 74 75 76 76 76 76 75 75 76 76 76 76 77 76 77 77 77 77 77 76 75 76 76 76 77 78 79 79 80 80 81 81 82 83 83 83 83 83 84 85 86 87 87 87 88 88 88 89 89 90 90 91 91 92 91 92 93 93 93 94 95 95 95 96 95 95 95 95 95 95 96 96 96 96 96 95 95 96 96 96 96 96 96 97 97 97 97 97 97 98 98 98 98 98 99 99 99 99 99 99 99 99 99 99 99 98 98 97 97 97 97 97 98 98 98 97 97 97 98 98 99 99 98 98 98 98 98 99 100 101 101 100 97 91 85 80 77 75 74 74 74 73 72 71 71 0 0 0 76 77 79 82 85 90 92 100 
73 74 78 78 78 77 77 77 77 77 76 76 76 76 75 74 74 72 71 71 71 72 73 74 75 75 75 75 76 77 77 78 78 78 79 79 80 80 81 81 80 80 80 80 81 82 83 83 83 84 84 85 85 86 86 87 87 87 88 89 90 91 91 92 92 92 93 93 94 95 95 96 96 97 97 97 98 98 98 99 99 99 100 100 100 100 100 101 101 100 101 101 101 101 101 101 101 101 101 101 101 101 101 102 102 103 103 103 103 104 104 104 104 104 104 104 104 104 104 104 104 104 104 104 104 104 103 103 102 101 101 101 101 101 101 101 101 102 102 102 103 104 103 102 103 102 102 103 104 106 106 103 98 91 84 78 75 73 72 72 71 70 70 69 0 0 0 0 75 77 79 81 83 88 97 96 
76 71 77 76 76 76 76 76 75 75 75 74 74 73 73 73 73 71 71 71 71 73 74 74 76 76 76 78 79 79 80 80 81 81 81 82 82 83 84 84 85 85 84 85 85 86 86 87 87 88 88 89 90 91 91 92 92 92 92 93 94 95 95 96 97 97 97 98 98 98 99 99 99 99 100 100 100 100 100 101 101 101 101 102 102 102 102 102 102 102 102 102 102 102 102 102 102 102 102 103 103 103 103 104 104 104 105 105 105 106 106 106 107 107 107 107 108 108 108 109 109 109 108 109 109 109 108 107 106 106 106 106 107 107 107 106 106 107 107 107 108 108 107 107 107 106 106 107 108 110 110 106 100 93 84 78 74 72 71 70 69 69 70 0 0 0 0 0 73 76 78 80 82 87 92 102 
76 92 75 75 74 74 75 74 74 74 74 73 73 73 73 74 74 73 73 73 74 75 76 77 78 78 78 80 81 82 82 83 83 83 84 85 85 86 87 88 88 88 88 89 89 90 91 91 92 92 92 93 94 94 95 95 94 94 95 96 96 97 97 97 97 98 97 98 98 98 98 98 98 98 99 99 99 99 100 100 100 100 101 101 101 101 101 102 102 101 101 101 101 101 102 101 101 102 102 102 103 103 103 103 103 103 104 104 104 104 105 105 105 106 106 107 107 108 108 108 108 109 108 109 109 110 109 109 109 108 108 109 110 110 110 110 110 111 111 111 112 112 111 112 112 111 111 112 113 114 115 110 103 95 86 78 74 72 70 69 68 67 0 0 0 0 0 0 72 75 77 79 81 86 85 93 
79 72 74 73 73 73 74 74 74 74 74 73 75 75 76 76 76 75 75 75 77 78 78 79 80 81 81 83 84 84 85 86 86 87 87 88 89 90 90 91 91 91 92 92 92 93 93 92 93 92 92 94 94 94 94 95 94 94 95 95 95 96 96 96 96 96 96 97 96 96 96 97 97 98 98 98 99 99 98 99 99 99 100 100 100 100 100 100 99 99 99 99 99 99 100 99 100 100 100 101 101 101 101 101 101 101 101 101 102 103 103 103 104 104 105 105 106 106 106 106 106 107 107 107 108 109 109 109 108 108 108 108 109 110 110 110 110 111 111 111 112 113 113 113 114 113 113 114 115 117 118 114 107 98 87 78 73 71 69 68 68 0 0 0 0 0 0 0 71 73 76 77 79 85 87 102 
78 75 74 74 74 74 75 75 76 75 76 75 76 76 77 78 78 78 78 78 79 80 81 82 83 83 84 86 86 87 88 88 88 90 89 90 90 91 91 91 91 91 92 92 92 93 92 92 92 92 92 92 93 92 92 92 92 92 92 92 92 92 91 92 91 91 90 91 91 91 91 92 93 94 96 97 98 98 98 98 98 98 99 98 97 96 95 94 93 93 93 93 92 93 93 93 93 94 94 94 94 94 94 95 95 95 95 96 97 98 98 99 99 99 98 98 98 98 99 100 100 101 102 103 105 106 107 108 108 108 108 109 109 110 110 109 110 110 110 110 111 111 111 111 112 111 111 112 114 116 118 115 108 98 89 79 73 70 68 67 0 0 0 0 0 0 0 0 70 72 75 77 79 84 88 95 
74 72 75 75 76 76 77 77 78 77 78 77 78 79 80 80 81 81 81 82 83 84 84 85 85 85 85 86 86 88 88 88 88 89 89 89 90 90 89 89 89 89 89 89 89 89 89 88 87 87 87 87 87 87 85 86 86 87 89 92 92 91 90 91 90 89 89 89 89 90 90 89 90 92 94 95 97 98 98 98 98 98 98 96 94 93 92 90 91 91 91 91 90 90 90 91 91 92 92 92 92 93 92 93 93 93 93 95 95 96 97 97 97 97 96 97 96 97 97 98 98 100 98 99 101 102 103 106 107 107 108 108 109 110 109 109 109 109 109 109 109 109 109 110 110 110 110 111 112 114 116 114 106 99 90 79 72 70 69 0 0 0 0 0 0 0 0 0 69 71 74 76 78 83 83 96 
77 70 77 77 77 78 78 78 79 78 79 79 80 81 82 83 84 84 84 84 84 84 85 85 85 85 86 86 86 87 87 87 88 88 87 87 86 86 84 84 83 83 83 84 85 87 88 86 86 86 85 85 85 85 83 83 84 85 88 91 91 90 89 89 87 86 86 86 86 87 87 86 87 89 91 93 97 98 98 98 98 98 98 94 93 91 89 86 88 88 88 87 87 87 88 88 88 89 89 89 89 89 89 89 90 90 90 91 93 93 94 95 94 94 93 93 92 93 93 95 95 97 96 96 98 100 101 105 107 107 107 108 108 109 109 109 109 108 108 109 109 109 109 109 109 109 109 110 111 113 115 113 106 99 91 80 72 70 0 0 0 0 0 0 0 0 0 0 0 70 73 75 78 82 84 93 
81 80 78 78 79 80 80 81 81 81 81 81 82 82 82 83 83 83 83 83 84 84 85 85 85 85 85 86 86 87 87 87 87 87 86 86 85 84 83 83 82 81 81 82 83 85 86 84 84 84 83 83 83 82 80 80 80 82 84 88 88 87 85 85 82 81 80 81 81 82 82 80 83 87 90 91 96 98 97 98 98 98 97 92 90 87 83 79 82 82 82 81 81 80 80 81 81 82 81 81 81 82 81 83 83 84 85 86 88 89 90 91 90 89 87 86 84 85 86 89 90 93 90 90 94 97 99 103 106 106 106 107 107 108 108 108 108 108 108 108 108 107 107 108 107 107 107 108 108 110 113 112 104 99 93 82 69 0 0 0 0 0 0 0 0 0 0 0 0 69 72 75 77 81 89 95 
84 81 80 80 81 81 82 82 82 82 82 81 82 81 82 82 83 82 82 83 83 83 84 84 84 84 85 85 85 86 86 86 87 85 84 84 82 81 81 80 79 78 77 79 79 81 83 81 79 80 79 79 79 77 74 72 72 73 76 81 81 79 76 75 72 69 68 69 69 71 73 72 79 85 89 91 97 98 98 98 98 98 97 91 88 84 79 69 71 71 70 70 68 68 67 67 67 69 69 69 69 70 69 71 72 73 73 76 78 79 81 83 79 77 74 72 68 70 71 75 77 81 78 81 89 94 97 101 106 106 106 107 107 107 107 107 108 107 107 108 107 106 106 107 106 106 106 107 107 109 111 111 103 100 95 85 69 0 0 0 0 0 0 0 0 0 0 0 0 69 72 74 77 80 87 87 
75 83 80 80 81 81 81 81 82 81 81 80 81 81 82 82 83 81 81 81 81 82 83 84 84 84 84 84 85 86 86 86 86 84 82 81 79 77 77 75 74 71 70 71 71 72 75 73 69 71 70 68 68 67 61 58 0 0 0 0 0 0 0 0 0 0 0 0 0 0 0 69 79 86 88 90 96 98 97 98 98 98 97 91 89 86 80 68 0 0 0 0 0 0 0 0 0 0 0 0 0 0 0 0 0 0 0 0 0 0 0 0 0 0 0 0 0 0 0 0 0 0 0 70 85 92 95 99 105 106 106 106 106 106 107 107 107 107 107 107 106 106 106 106 105 105 106 106 106 108 110 110 102 101 96 88 69 0 0 0 0 0 0 0 0 0 0 0 0 68 71 73 76 79 86 87 
79 78 79 79 79 79 80 80 81 80 80 79 80 80 80 81 81 79 78 78 78 79 82 82 84 84 84 84 85 86 85 86 86 82 80 78 75 70 69 67 65 60 56 0 0 0 0 0 0 0 0 0 0 0 0 0 0 0 0 0 0 0 0 0 0 0 0 0 0 0 0 71 80 86 88 90 95 97 97 97 98 97 96 91 90 87 82 71 0 0 0 0 0 0 0 0 0 0 0 0 0 0 0 0 0 0 0 0 0 0 0 0 0 0 0 0 0 0 0 0 0 0 0 70 85 93 96 98 105 106 106 105 105 105 106 106 106 106 106 106 106 106 105 105 105 104 104 105 105 107 109 109 102 101 97 90 71 0 0 0 0 0 0 0 0 0 0 0 0 68 71 73 76 78 85 84 
80 73 78 77 78 78 79 79 80 80 80 79 80 79 79 79 78 77 76 75 76 78 81 82 84 84 84 84 85 85 85 86 85 81 80 78 74 65 0 0 0 0 0 0 0 0 0 0 0 0 0 0 0 0 0 0 0 0 0 0 0 0 0 0 0 0 0 0 0 0 0 71 80 86 88 90 96 97 96 97 97 97 96 91 89 87 82 71 0 0 0 0 0 0 0 0 0 0 0 0 0 0 0 0 0 0 0 0 0 0 0 0 0 0 0 0 0 0 0 0 0 0 0 68 83 91 95 97 104 105 106 105 105 105 105 105 106 106 106 105 105 105 104 104 104 103 103 103 103 105 107 108 102 101 98 92 73 0 0 0 0 0 0 0 0 0 0 0 0 69 71 73 75 78 78 90 
76 72 77 76 77 77 78 78 79 78 78 78 78 78 79 78 78 75 74 71 73 76 79 80 83 83 83 83 84 84 84 85 84 80 78 77 71 61 0 0 0 0 0 0 0 0 0 0 0 0 0 0 0 0 0 0 0 0 0 0 0 0 51 50 50 49 49 0 0 0 0 72 81 87 89 90 95 97 96 97 97 97 96 91 89 87 82 71 0 0 0 0 0 0 0 0 0 0 0 0 0 0 0 0 0 0 0 0 0 0 0 0 0 0 0 0 0 0 0 0 0 0 0 68 84 91 95 97 104 105 105 105 105 105 105 105 105 105 105 105 105 105 104 103 103 102 102 102 103 104 106 107 102 101 98 93 77 0 0 0 0 0 0 0 0 0 0 0 0 69 71 72 75 77 86 85 
82 81 76 75 76 76 77 77 78 77 78 77 77 78 78 77 76 73 70 67 70 73 77 79 83 83 82 83 83 84 84 85 84 79 77 74 68 57 0 0 0 0 0 0 0 0 0 0 0 0 0 0 0 0 0 0 0 0 0 0 0 53 53 52 52 51 50 47 0 0 0 70 79 86 88 90 95 96 96 96 97 96 96 91 89 87 82 70 0 0 0 0 0 0 0 0 0 0 0 0 0 0 0 0 0 0 0 0 0 0 0 0 0 0 0 0 0 0 0 0 0 0 0 69 84 91 95 96 104 105 105 105 105 105 105 105 105 105 105 104 104 105 104 103 103 102 102 102 103 104 105 106 102 102 100 96 81 0 0 0 0 0 0 0 0 0 0 0 0 68 71 72 74 77 82 88 
75 77 76 75 75 75 76 75 76 76 77 76 77 77 77 75 74 71 67 64 68 72 77 79 82 83 82 83 83 84 84 85 83 79 77 75 68 55 0 0 0 0 0 0 0 0 0 0 0 0 0 0 0 0 0 0 0 0 0 0 49 51 51 50 50 50 48 45 0 0 0 69 80 86 88 90 96 96 96 96 96 96 96 90 89 86 81 70 0 0 0 0 0 0 0 0 0 0 0 0 0 0 0 0 0 0 0 0 0 0 0 0 0 0 0 0 0 0 0 0 0 0 0 70 84 90 94 96 103 104 105 105 105 105 105 105 105 105 105 105 104 105 104 103 103 102 101 102 102 103 104 106 102 100 99 94 80 0 0 0 0 0 0 0 0 0 0 0 0 0 71 72 74 76 78 81 
75 74 75 74 74 74 75 76 76 76 77 76 76 76 76 75 75 72 69 67 71 74 78 80 82 83 82 83 83 84 84 85 83 79 78 75 68 0 0 0 0 0 0 0 0 0 0 0 0 0 0 0 0 0 0 0 0 0 0 0 49 51 51 50 50 50 48 45 0 0 0 68 79 85 88 90 96 96 96 97 97 96 96 90 88 85 80 68 0 0 0 0 0 0 0 0 0 0 0 0 0 0 0 0 0 0 0 0 0 0 0 0 0 0 0 0 0 0 0 0 0 0 0 71 83 90 93 95 102 104 104 104 105 105 105 105 105 104 104 104 104 104 104 102 102 102 101 102 102 102 104 105 103 99 98 94 82 0 0 0 0 0 0 0 0 0 0 0 0 0 69 71 73 75 76 88 
76 79 74 74 74 74 75 76 76 76 77 76 76 76 76 75 75 73 71 70 73 75 78 80 81 82 82 83 83 84 84 85 83 80 78 76 69 0 0 0 0 0 0 0 0 0 0 0 0 0 0 0 0 0 0 0 0 0 0 0 49 52 53 52 52 51 49 45 0 0 0 66 79 85 88 89 96 96 96 96 96 96 96 89 88 85 79 66 0 0 0 0 0 0 0 0 0 0 0 0 0 0 0 0 0 0 0 0 0 0 0 0 0 0 0 0 0 0 0 0 0 0 0 69 82 89 93 95 102 104 104 104 105 105 105 106 105 104 104 104 103 103 103 102 102 102 101 102 102 102 103 105 103 98 97 92 81 0 0 0 0 0 0 0 0 0 0 0 0 0 69 71 72 75 70 80 
82 69 74 73 73 74 74 75 75 75 76 75 75 76 76 75 76 74 73 73 75 76 78 80 81 82 82 83 83 84 84 84 83 81 80 77 70 0 0 0 0 0 0 0 0 0 0 0 0 0 0 0 0 0 0 0 0 0 0 0 47 50 52 50 50 50 48 44 0 0 0 64 78 84 87 89 95 96 96 96 96 96 95 89 87 84 79 66 0 0 0 0 0 0 0 0 0 0 0 0 0 0 0 0 0 0 0 0 0 0 0 0 0 0 0 0 0 0 0 0 0 0 0 66 80 87 91 94 101 103 104 104 105 105 105 105 105 104 104 104 104 104 103 102 102 102 102 101 102 102 103 105 104 97 96 92 81 61 0 0 0 0 0 0 0 0 0 0 0 0 68 70 71 74 77 88 
73 75 74 73 73 73 74 74 75 75 75 75 75 75 75 76 76 75 75 76 77 78 80 81 81 82 82 83 83 84 84 84 82 81 81 79 72 0 0 0 0 0 0 0 0 0 0 0 0 0 0 0 0 0 0 0 0 0 0 0 0 0 48 47 47 47 0 0 0 0 0 65 79 84 87 89 95 96 96 96 95 95 95 89 87 85 79 66 0 0 0 0 0 0 0 0 0 0 0 0 0 0 0 0 0 0 0 0 0 0 0 0 0 0 0 0 0 0 0 0 0 0 0 62 77 86 90 93 101 104 104 104 104 105 105 104 104 104 104 104 103 103 103 102 102 102 101 101 101 101 102 104 104 96 95 92 82 64 0 0 0 0 0 0 0 0 0 0 0 0 67 69 71 73 73 79 
71 74 73 73 72 73 74 74 74 74 74 74 75 75 75 76 77 77 78 79 80 80 81 81 81 81 82 82 83 84 84 84 82 81 80 78 70 0 0 0 0 0 0 0 0 0 0 0 0 0 0 0 0 0 0 0 0 0 0 0 0 0 0 0 0 0 0 0 0 0 0 65 78 84 87 89 95 96 96 96 95 95 94 88 87 84 79 65 0 0 0 0 0 0 0 0 0 0 0 0 0 0 0 0 0 0 0 0 0 0 0 0 0 0 0 0 0 0 0 0 0 0 0 60 76 85 90 93 101 104 104 104 104 105 104 104 104 104 104 103 103 103 102 102 102 102 101 101 101 101 102 104 105 98 96 94 85 67 0 0 0 0 0 0 0 0 0 0 0 0 65 68 71 74 77 75 
80 77 73 73 72 73 73 73 74 74 74 74 75 75 76 76 77 77 78 79 80 80 80 81 81 81 82 83 83 83 84 84 81 80 79 77 67 0 0 0 0 0 0 0 0 0 0 0 0 0 0 0 0 0 0 0 0 0 0 0 0 0 0 0 0 0 0 0 0 0 0 66 79 85 88 90 96 96 96 96 95 95 94 88 86 84 78 65 0 0 0 0 0 0 0 0 0 0 0 0 0 0 0 0 0 0 0 0 0 0 0 0 0 0 0 0 0 0 0 0 0 0 0 57 74 83 89 92 101 104 104 104 104 105 105 105 104 104 104 103 103 103 102 102 102 101 101 101 100 101 102 104 105 98 97 95 87 68 0 0 0 0 0 0 0 0 0 0 0 0 65 68 71 73 73 82 
69 73 73 73 72 73 73 73 74 74 74 74 75 75 75 76 76 77 77 78 79 80 80 81 81 81 82 83 83 83 84 84 80 79 78 75 66 0 0 0 0 0 0 0 0 0 0 0 0 0 0 0 0 0 0 0 0 0 0 0 0 0 0 0 0 0 0 0 0 0 0 67 80 85 88 90 96 96 96 96 95 95 94 88 86 84 78 64 0 0 0 0 0 0 0 0 0 0 0 0 0 0 0 0 0 0 0 0 0 0 0 0 0 0 0 0 0 0 0 0 0 0 0 55 73 82 88 91 100 104 104 104 104 105 104 104 103 103 103 103 103 103 102 102 101 101 101 100 100 101 102 103 105 99 98 96 88 71 0 0 0 0 0 0 0 0 0 0 0 0 64 67 70 72 81 80 
73 75 73 73 73 73 73 73 74 74 74 74 75 75 75 76 76 77 78 78 79 80 79 80 81 81 82 83 84 84 84 84 80 79 78 75 66 0 0 0 0 0 0 0 0 0 0 0 0 0 0 0 0 0 0 0 0 0 0 0 0 0 0 0 0 0 0 0 0 0 0 68 80 86 88 90 96 96 96 96 95 95 94 88 86 83 77 63 0 0 0 0 0 0 0 0 0 0 0 0 0 0 0 0 0 0 0 0 0 0 0 0 0 0 0 0 0 0 0 0 0 0 0 52 70 81 87 90 100 103 104 104 104 104 104 104 103 104 104 103 103 103 102 102 101 101 101 101 100 101 102 103 105 99 98 96 90 72 0 0 0 0 0 0 0 0 0 0 0 0 64 68 71 73 75 73 
77 71 73 73 74 74 73 73 74 74 74 75 75 75 76 76 77 77 78 78 79 80 80 80 81 82 82 83 83 83 84 84 80 79 78 75 67 0 0 0 0 0 0 0 0 0 0 0 0 0 0 0 0 0 0 0 0 0 0 0 0 0 0 0 0 0 0 0 0 0 0 68 80 85 88 90 96 97 96 96 96 96 95 88 86 82 76 61 0 0 0 0 0 0 0 0 0 0 0 0 0 0 0 0 0 0 0 0 0 0 0 0 0 0 0 0 0 0 0 0 0 0 0 49 69 80 86 89 100 103 103 104 103 104 104 104 103 103 103 103 103 103 102 102 101 101 100 100 100 100 101 103 105 100 99 97 91 73 0 0 0 0 0 0 0 0 0 0 0 0 63 68 71 72 79 78 
71 72 73 73 73 74 73 73 74 74 74 74 75 75 76 76 77 77 77 78 79 79 79 80 81 82 82 83 84 84 84 84 81 80 79 76 68 0 0 0 0 0 0 0 0 0 0 0 0 0 0 0 0 0 0 0 0 0 0 0 0 0 0 0 0 0 0 0 0 0 0 69 80 86 88 90 95 96 96 96 96 96 95 88 86 83 77 62 0 0 0 0 0 0 0 0 0 0 0 0 0 0 0 0 0 0 0 0 0 0 0 0 0 0 0 0 0 0 0 0 0 0 0 46 69 81 87 90 99 103 103 103 103 103 104 103 103 103 103 103 103 102 102 101 101 100 100 100 100 100 101 102 105 100 99 98 93 75 0 0 0 0 0 0 0 0 0 0 0 0 0 67 70 71 71 76 
73 72 72 73 73 73 72 72 73 73 74 74 75 75 75 76 76 77 78 78 79 79 80 81 81 82 82 83 84 84 84 84 81 79 79 75 68 0 0 0 0 0 0 0 0 0 0 0 0 0 0 0 0 0 0 0 0 0 0 0 0 0 0 0 0 0 0 0 0 0 0 70 81 86 88 90 95 96 96 96 96 96 95 88 86 83 76 59 0 0 0 0 0 0 0 0 0 0 0 0 0 0 0 0 0 0 0 0 0 0 0 0 0 0 0 0 0 0 0 0 0 0 0 0 70 82 88 92 100 103 103 104 104 103 103 103 103 103 103 102 102 102 102 101 101 100 100 100 100 100 101 102 105 100 97 95 90 73 0 0 0 0 0 0 0 0 0 0 0 0 0 67 70 72 73 75 
67 70 72 72 72 73 73 73 73 73 74 74 75 75 75 76 77 78 78 79 79 80 80 81 81 82 82 82 83 83 83 83 80 79 78 75 66 0 0 0 0 0 0 0 0 0 0 0 0 0 0 0 0 0 0 0 0 0 0 0 0 0 0 0 0 0 0 0 0 0 0 71 82 87 89 91 96 97 96 97 96 96 95 88 85 82 75 58 0 0 0 0 0 0 0 0 0 0 0 0 0 0 0 0 0 0 0 0 0 0 0 0 0 0 0 0 0 0 0 0 0 0 0 0 72 85 90 93 99 103 103 103 103 103 103 103 103 103 103 102 102 101 101 101 101 100 100 100 100 100 101 103 105 101 97 94 89 72 0 0 0 0 0 0 0 0 0 0 0 0 0 67 70 72 68 73 
69 74 71 72 72 72 73 73 73 73 73 73 74 74 75 75 77 77 78 79 79 80 81 81 81 82 82 82 83 83 84 84 80 78 77 73 64 0 0 0 0 0 0 0 0 0 0 0 0 0 0 0 0 0 0 0 0 0 0 0 0 0 0 0 0 0 0 0 0 0 0 72 83 87 89 91 96 97 97 97 97 96 95 87 85 82 75 58 0 0 0 0 0 0 0 0 0 0 0 0 0 0 0 0 0 0 0 0 0 0 0 0 0 0 0 0 0 0 0 0 0 0 0 0 76 88 93 95 99 103 103 103 103 103 103 104 103 103 102 102 101 101 101 101 101 100 100 100 100 100 101 102 105 102 96 93 88 72 0 0 0 0 0 0 0 0 0 0 0 0 0 65 68 71 76 78 
69 75 71 72 72 72 73 73 73 72 73 73 73 74 75 75 76 77 77 78 79 79 80 81 81 82 82 82 83 83 83 83 79 77 76 71 60 0 0 0 0 0 0 0 0 0 0 0 0 0 0 0 0 0 0 0 0 0 0 0 0 0 0 0 0 0 0 0 0 0 0 74 84 88 90 91 96 96 96 96 96 96 95 87 83 79 71 54 0 0 0 0 0 0 0 0 0 0 0 0 0 0 0 0 0 0 0 0 0 0 0 0 0 0 0 0 0 0 0 0 0 0 0 0 81 92 96 98 99 103 104 103 103 104 104 104 104 103 103 102 102 101 101 101 100 100 100 100 100 100 101 102 105 102 94 92 88 73 56 0 0 0 0 0 0 0 0 0 0 0 0 65 69 71 75 80 
66 74 71 71 71 72 72 73 73 73 73 73 74 74 75 75 76 76 77 78 79 80 80 81 81 82 82 82 83 83 83 83 78 76 74 69 57 0 0 0 0 0 0 0 0 0 0 0 0 0 0 0 0 0 0 0 0 0 0 0 0 0 0 0 0 0 0 0 0 0 0 75 85 89 90 92 96 96 96 96 96 96 95 87 83 78 71 53 0 0 0 0 0 0 0 0 0 0 0 0 0 0 0 0 0 0 0 0 0 0 0 0 0 0 0 0 0 0 0 0 0 0 0 0 80 91 96 98 99 104 104 104 104 104 104 104 103 103 103 102 102 101 101 101 101 100 100 100 100 100 101 102 105 102 94 92 87 74 57 0 0 0 0 0 0 0 0 0 0 0 0 66 70 72 67 76 
70 73 70 71 71 72 72 73 73 73 73 74 74 74 75 76 76 77 77 78 79 80 80 81 81 81 82 82 83 83 83 83 77 75 73 68 55 0 0 0 0 0 0 0 0 0 0 0 0 0 0 0 0 0 0 0 0 0 0 0 0 0 0 0 0 0 0 0 0 0 0 76 85 89 91 92 96 97 96 96 96 96 95 87 81 76 69 52 0 0 0 0 0 0 0 0 0 0 0 0 0 0 0 0 0 0 0 0 0 0 0 0 0 0 0 0 0 0 0 0 0 0 0 0 79 91 95 97 98 103 104 104 104 104 103 104 103 103 103 103 102 102 101 101 101 101 101 101 101 100 100 102 104 103 95 94 90 77 60 0 0 0 0 0 0 0 0 0 0 0 0 65 69 72 79 70 
66 70 70 71 71 72 72 73 73 73 73 74 74 74 75 76 76 76 77 78 79 80 81 81 81 82 83 83 83 84 84 83 78 77 74 69 54 0 0 0 0 0 0 0 0 0 0 0 0 0 0 0 0 0 0 0 0 0 0 0 0 0 0 0 0 0 0 0 0 0 0 77 86 89 91 92 97 97 96 96 96 96 95 88 80 75 67 52 0 0 0 0 0 0 0 0 0 0 0 0 0 0 0 0 0 0 0 0 0 0 0 0 0 0 0 0 0 0 0 0 0 0 0 0 77 90 94 96 98 103 104 103 104 103 103 103 103 103 103 103 102 102 101 101 101 101 101 100 100 100 100 101 104 104 96 95 92 80 63 0 0 0 0 0 0 0 0 0 0 0 0 65 68 71 74 79 
71 68 70 71 71 71 72 72 73 73 73 74 74 75 76 76 76 77 77 78 79 80 81 81 81 81 82 83 83 84 83 83 78 77 75 70 0 0 0 0 0 0 0 0 0 0 0 0 0 0 0 0 0 0 0 0 0 0 0 0 0 0 0 0 0 0 0 0 0 0 0 71 82 87 89 93 97 97 96 96 96 96 95 88 78 73 65 51 41 0 0 0 0 0 0 0 0 0 0 0 0 0 0 0 0 0 0 0 0 0 0 0 0 0 0 0 0 0 0 0 0 0 0 0 77 89 94 96 98 103 104 103 104 103 103 103 103 103 103 103 103 102 102 101 101 101 101 100 100 100 100 101 104 104 97 96 92 82 65 0 0 0 0 0 0 0 0 0 0 0 0 64 69 71 72 79 
66 70 71 70 70 71 72 72 73 73 74 74 75 76 76 76 77 77 78 79 80 81 81 82 82 81 82 82 82 84 84 83 80 79 77 72 0 0 0 0 0 0 0 0 0 0 0 0 0 0 0 0 0 0 0 0 0 0 0 0 0 0 0 0 0 0 0 0 0 0 0 72 82 87 89 93 97 97 97 97 97 96 95 88 78 74 66 52 42 0 0 0 0 0 0 0 0 0 0 0 0 0 0 0 0 0 0 0 0 0 0 0 0 0 0 0 0 0 0 0 0 0 0 0 75 88 93 95 97 103 104 104 104 103 103 103 103 102 102 102 102 102 101 101 101 101 101 101 100 100 100 101 104 104 98 97 94 84 67 0 0 0 0 0 0 0 0 0 0 0 0 63 67 70 69 73 
72 71 71 70 71 71 72 73 73 73 74 74 75 76 76 76 77 77 78 79 80 81 82 82 81 81 82 82 83 84 84 83 81 81 79 75 0 0 0 0 0 0 0 0 0 0 0 0 0 0 0 0 0 0 0 0 0 0 0 0 0 0 0 0 0 0 0 0 0 0 0 67 83 88 90 93 97 98 97 97 97 96 95 88 77 72 65 52 43 0 0 0 0 0 0 0 0 0 0 0 0 0 0 0 0 0 0 0 0 0 0 0 0 0 0 0 0 0 0 0 0 0 0 0 74 86 92 95 97 102 103 103 103 103 103 103 103 103 103 103 102 102 101 101 101 101 101 100 100 100 99 101 104 105 99 98 95 87 69 0 0 0 0 0 0 0 0 0 0 0 0 62 67 70 77 75 
73 75 71 71 71 72 73 73 73 74 74 74 74 75 75 75 76 76 77 79 80 80 81 81 81 81 82 82 83 84 84 83 83 83 81 78 0 0 0 0 0 0 0 0 0 0 0 0 0 0 0 0 0 0 0 0 0 0 0 0 0 0 0 0 0 0 0 38 38 38 0 68 84 88 90 94 97 97 97 97 97 97 95 88 77 72 65 52 43 0 0 0 0 0 0 0 0 0 0 0 0 0 0 0 0 0 0 0 0 0 0 0 0 0 0 0 0 0 0 0 0 0 0 0 73 86 92 95 97 103 103 103 103 103 103 103 103 103 102 102 102 102 101 101 100 100 100 100 100 100 99 101 103 104 99 98 96 88 72 0 0 0 0 0 0 0 0 0 0 0 0 63 67 70 67 73 
75 68 71 71 71 72 73 73 73 74 74 74 74 75 75 75 76 77 77 79 80 80 80 81 81 81 82 82 82 83 84 83 83 82 81 77 0 0 0 0 0 0 0 0 0 0 0 0 0 0 0 0 0 0 0 0 0 0 0 0 0 0 0 0 0 0 0 38 38 38 38 64 79 85 88 94 97 98 97 97 97 97 96 89 78 73 65 52 43 0 0 0 0 0 0 0 0 0 0 0 0 0 0 0 0 0 0 0 0 0 0 0 0 0 0 0 0 0 0 0 0 0 0 0 72 86 92 95 97 103 103 103 104 104 104 104 103 103 102 102 102 102 101 101 100 100 100 100 99 99 100 101 103 104 100 99 97 91 76 0 0 0 0 0 0 0 0 0 0 0 0 62 67 69 76 72 
70 69 71 71 71 71 72 72 73 74 74 73 74 75 75 75 76 77 77 78 80 80 80 81 81 82 82 82 83 84 84 82 82 82 80 75 0 0 0 0 0 0 0 0 0 0 0 0 0 0 0 0 0 0 0 0 0 0 0 0 0 0 0 0 0 0 0 0 0 0 0 69 83 88 90 94 97 98 97 98 98 98 97 90 79 74 67 54 44 0 0 0 0 0 0 0 0 0 0 0 0 0 0 0 0 0 0 0 0 0 0 0 0 0 0 0 0 0 0 0 0 0 0 0 72 86 92 95 97 103 103 104 104 104 104 104 103 103 102 102 101 101 101 101 100 100 99 99 99 99 99 101 103 104 100 100 98 92 77 0 0 0 0 0 0 0 0 0 0 0 0 63 67 68 71 78 
68 69 70 70 71 71 72 72 73 73 73 73 74 74 75 75 76 77 77 78 79 80 80 80 81 81 82 82 83 84 84 82 82 80 78 73 0 0 0 0 0 0 0 0 0 0 0 0 0 0 0 0 0 0 0 0 0 0 0 0 0 0 0 0 0 0 0 0 0 0 38 66 80 85 88 94 97 98 98 98 98 98 97 91 80 75 67 54 44 0 0 0 0 0 0 0 0 0 0 0 0 0 0 0 0 0 0 0 0 0 0 0 0 0 0 0 0 0 0 0 0 0 0 0 70 86 92 95 97 103 103 104 104 104 104 104 103 103 102 102 102 102 101 101 100 100 99 99 99 99 99 101 103 104 100 99 97 91 75 0 0 0 0 0 0 0 0 0 0 0 0 0 67 69 66 70 
68 69 69 70 70 71 72 72 72 73 73 73 74 74 75 76 77 77 77 78 79 79 79 80 81 81 82 82 83 83 83 81 80 79 77 70 0 0 0 0 0 0 0 0 0 0 0 0 0 0 0 0 0 0 0 0 0 0 0 0 0 0 0 0 0 0 0 0 0 0 39 67 77 83 86 94 97 98 98 98 98 98 98 91 80 76 68 54 44 0 0 0 0 0 0 0 0 0 0 0 0 0 0 0 0 0 0 0 0 0 0 0 0 0 0 0 0 0 0 0 0 0 0 0 68 85 91 94 96 104 104 104 104 104 104 104 103 103 102 102 102 102 101 101 100 100 99 98 98 99 99 101 103 104 99 99 97 91 75 0 0 0 0 0 0 0 0 0 0 0 0 0 67 68 66 64 
64 68 69 70 70 70 71 71 72 73 73 73 74 74 75 76 77 78 78 78 79 79 80 80 81 82 82 82 83 83 83 80 79 79 76 70 0 0 0 0 0 0 0 0 0 0 0 0 0 0 0 0 0 0 0 0 0 0 0 0 0 0 0 0 0 0 0 0 0 0 39 64 75 80 84 94 97 98 98 98 98 98 98 92 81 77 69 56 46 0 0 0 0 0 0 0 0 0 0 0 0 0 0 0 0 0 0 0 0 0 0 0 0 0 0 0 0 0 0 0 0 0 0 0 66 83 90 94 96 104 104 105 105 104 104 104 103 103 103 102 102 102 101 101 100 99 98 98 98 99 99 101 103 105 99 99 97 91 73 0 0 0 0 0 0 0 0 0 0 0 0 0 0 66 0 0 
69 72 69 70 69 70 71 71 72 72 72 73 74 74 75 76 77 77 78 78 79 79 80 80 80 81 81 82 83 83 83 80 79 77 74 67 0 0 0 0 0 0 0 0 0 0 0 0 0 0 0 0 0 0 0 0 0 0 0 0 0 0 0 0 0 0 0 0 0 0 40 65 75 81 85 94 97 98 98 98 98 98 98 92 82 78 70 57 47 0 0 0 0 0 0 0 0 0 0 0 0 0 0 0 0 0 0 0 0 0 0 0 0 0 0 0 0 0 0 0 0 0 0 0 67 84 90 94 96 104 105 105 105 104 104 104 104 103 103 103 102 102 101 101 100 100 99 98 98 99 100 101 103 105 99 98 96 90 71 0 0 0 0 0 0 0 0 0 0 0 0 0 0 0 0 0 
67 71 68 69 69 70 71 71 72 72 73 74 74 75 75 76 77 77 77 78 78 79 79 80 80 81 81 82 82 83 83 79 78 77 74 66 0 0 0 0 0 0 0 0 0 0 0 0 0 0 0 0 0 0 0 0 0 0 0 0 0 0 0 0 0 0 0 0 0 0 39 63 73 79 83 95 98 98 98 98 98 98 98 92 82 78 71 58 49 0 0 0 0 0 0 0 0 0 0 0 0 0 0 0 0 0 0 0 0 0 0 0 0 0 0 0 0 0 0 0 0 0 0 0 63 80 87 92 97 104 105 105 104 104 104 104 104 104 103 103 103 103 101 101 100 99 99 99 98 99 100 101 103 105 99 98 97 92 72 0 0 0 0 0 0 0 0 0 0 0 0 0 0 0 0 0 
64 72 68 69 69 70 71 72 72 72 73 74 75 75 75 76 76 76 77 77 78 79 79 80 80 81 81 82 82 82 82 79 78 77 74 65 0 0 0 0 0 0 0 0 0 0 0 0 0 0 0 0 0 0 0 0 0 0 0 0 0 0 0 0 0 0 0 0 0 0 41 63 74 80 84 95 98 99 99 99 98 99 98 92 83 79 72 59 50 0 0 0 0 0 0 0 0 0 0 0 0 0 0 0 0 0 0 0 0 0 0 0 0 0 0 0 0 0 0 0 0 0 0 0 62 79 87 92 96 104 105 105 105 104 104 104 104 103 103 103 103 102 102 101 100 100 99 99 99 99 100 101 102 105 100 99 98 93 76 0 0 0 0 0 0 0 0 0 0 0 0 0 0 0 0 0 
70 65 68 69 70 70 71 72 72 73 73 74 75 75 75 76 76 76 77 78 78 79 79 80 80 80 81 82 82 83 83 79 78 77 74 64 0 0 0 0 0 0 0 0 0 0 0 0 0 0 0 0 0 0 0 0 0 0 0 0 0 0 0 0 0 0 0 0 0 0 41 64 75 80 84 96 99 99 99 99 99 98 98 92 83 79 73 60 52 0 0 0 0 0 0 0 0 0 0 0 0 0 0 0 0 0 0 0 0 0 0 0 0 0 0 0 0 0 0 0 0 0 0 0 62 79 87 92 96 104 105 105 104 104 104 103 103 103 103 103 102 102 101 101 100 100 99 99 99 100 100 101 102 105 100 100 98 94 76 0 0 0 0 0 0 0 0 0 0 0 0 0 0 0 0 0 
68 66 68 69 70 71 71 72 72 72 73 74 74 75 75 75 76 76 77 78 79 80 80 80 81 80 81 82 82 83 83 79 78 77 74 64 0 0 0 0 0 0 0 0 0 0 0 0 0 0 0 0 0 0 0 0 0 0 0 0 0 0 0 0 0 0 0 0 0 0 42 64 75 81 85 96 99 99 99 99 99 99 99 93 84 80 74 62 53 0 0 0 0 0 0 0 0 0 0 0 0 0 0 0 0 0 0 0 0 0 0 0 0 0 0 0 0 0 0 0 0 0 0 0 62 79 87 91 96 104 105 105 104 104 104 104 103 103 102 102 102 101 101 100 100 99 99 99 99 99 100 100 102 105 100 100 99 96 77 0 0 0 0 0 0 0 0 0 0 0 0 0 0 0 0 0 
67 70 68 69 70 71 71 71 72 72 73 74 75 75 75 76 76 76 76 77 78 79 79 80 80 80 81 82 82 83 83 79 78 77 73 63 0 0 0 0 0 0 0 0 0 0 0 0 0 0 0 0 0 0 0 0 0 0 0 0 0 0 0 0 0 0 0 0 0 0 43 65 76 82 85 97 99 100 99 100 100 99 99 94 85 81 75 64 56 0 0 0 0 0 0 0 0 0 0 0 0 0 0 0 0 0 0 0 0 0 0 0 0 0 0 0 0 0 0 0 0 0 0 0 58 75 84 89 96 104 105 105 104 104 104 103 103 103 102 101 102 101 101 100 100 100 99 99 99 99 99 100 102 105 101 101 100 97 79 0 0 0 0 0 0 0 0 0 0 0 0 0 0 0 0 0 
61 65 68 69 70 71 71 72 72 72 72 73 74 75 75 76 76 76 77 78 79 79 79 80 80 80 81 82 82 83 83 79 78 77 73 64 0 0 0 0 0 0 0 0 0 0 0 0 0 0 0 0 0 0 0 0 0 0 0 0 0 0 0 0 0 0 0 0 0 0 44 66 76 82 85 97 99 100 100 100 100 100 100 95 86 80 73 62 54 0 0 0 0 0 0 0 0 0 0 0 0 0 0 0 0 0 0 0 0 0 0 0 0 0 0 0 0 0 0 0 0 0 0 0 58 75 83 88 95 103 104 104 104 104 104 103 103 102 102 101 101 101 100 100 100 100 99 99 99 99 99 100 102 104 100 100 100 97 80 0 0 0 0 0 0 0 0 0 0 0 0 0 0 0 0 0 
65 69 69 70 71 71 71 72 72 71 72 73 74 74 75 75 76 76 77 78 79 80 80 80 80 81 81 82 82 83 83 79 78 77 73 65 0 0 0 0 0 0 0 0 0 0 0 0 0 0 0 0 0 0 0 0 0 0 0 0 0 0 0 0 0 0 0 0 0 0 45 66 76 82 85 97 99 100 100 100 100 100 100 95 87 79 73 62 54 0 0 40 40 40 40 0 0 0 0 0 0 0 0 0 0 0 0 0 0 0 0 0 0 0 0 0 0 0 0 0 0 0 0 0 56 72 81 86 95 103 104 104 103 104 103 103 103 103 102 101 101 101 100 100 100 99 99 98 99 99 99 100 101 104 101 101 101 98 81 0 0 0 0 0 0 0 0 0 0 0 0 0 0 0 0 0 
71 71 69 70 70 71 71 71 71 71 72 73 74 74 75 75 76 77 77 78 79 79 80 80 81 81 81 82 82 83 82 79 78 77 74 66 0 0 0 0 0 0 0 0 0 0 0 0 0 0 0 0 0 0 0 0 0 0 0 0 0 0 0 0 0 0 0 0 0 0 46 67 77 82 85 97 99 100 100 100 100 101 101 97 89 79 73 62 53 0 0 40 40 40 40 0 0 0 0 0 0 0 0 0 0 0 0 0 0 0 0 0 0 0 0 0 0 0 0 0 0 0 0 0 55 72 81 86 95 103 104 104 103 104 104 103 103 102 101 101 101 101 101 100 99 99 98 98 98 98 99 99 101 104 101 101 101 98 83 0 0 0 0 0 0 0 0 0 0 0 0 0 0 0 0 0 
67 71 69 70 70 70 70 71 71 72 72 73 74 74 75 76 76 77 77 78 79 79 80 80 80 80 81 81 82 83 82 79 79 78 74 69 0 0 0 0 0 0 0 0 0 0 0 0 0 0 0 0 0 0 0 0 0 0 0 0 0 0 0 0 0 0 0 0 0 0 48 68 77 83 86 97 100 101 101 101 101 101 101 97 90 78 72 62 53 38 0 41 41 41 41 42 0 0 0 0 0 0 0 0 0 0 0 0 0 0 0 0 0 0 0 0 0 0 0 0 0 0 0 42 54 70 78 84 94 103 103 103 103 103 103 103 102 102 102 102 102 102 101 100 100 99 98 98 98 99 99 100 102 104 101 101 101 98 84 0 0 0 0 0 0 0 0 0 0 0 0 0 0 0 0 0 
71 69 69 70 70 70 70 72 72 72 72 73 73 74 74 75 76 76 77 78 78 79 79 80 80 81 81 82 82 82 82 79 78 77 74 70 0 0 0 0 0 0 0 0 0 0 0 0 0 0 0 0 0 0 0 0 0 0 0 0 0 0 0 0 0 0 0 0 0 0 49 69 78 83 87 97 100 101 101 102 102 103 103 99 91 80 73 63 54 38 0 44 45 45 45 47 0 0 0 0 0 0 0 0 0 0 0 0 0 0 0 0 0 0 0 0 0 0 0 0 0 0 0 0 55 71 80 85 94 102 103 103 103 103 103 103 102 102 102 102 102 102 101 100 100 99 98 98 98 98 98 99 101 104 101 99 98 94 78 0 0 0 0 0 0 0 0 0 0 0 0 0 0 0 0 0 
67 70 69 70 70 71 71 72 72 72 72 73 73 74 74 75 76 77 77 78 78 79 80 80 80 81 81 82 82 83 82 80 79 78 75 71 0 0 0 0 0 0 0 0 0 0 0 0 0 0 0 0 0 0 0 0 0 0 0 0 0 0 0 0 0 0 0 0 0 0 49 69 78 83 87 98 101 102 102 102 103 103 103 100 93 81 75 65 56 40 0 46 50 50 50 51 0 0 0 0 0 0 0 0 0 0 0 0 0 0 0 0 0 0 0 0 0 0 0 0 0 0 0 0 55 73 81 86 93 102 103 104 103 103 103 103 102 102 102 102 102 102 101 100 100 99 98 98 98 98 98 99 100 103 101 99 98 95 74 52 52 52 52 0 0 0 0 0 0 0 0 0 0 0 0 0 
69 68 69 70 70 71 71 72 72 72 72 73 74 74 75 75 76 77 77 77 78 79 79 79 80 80 81 81 82 83 82 80 79 78 76 72 0 0 0 0 0 0 0 0 0 0 0 0 0 0 0 0 0 0 0 0 0 0 0 0 0 0 0 0 0 0 0 0 0 0 50 69 78 84 87 98 101 102 103 103 104 104 104 101 94 83 76 67 56 39 0 49 59 56 56 56 62 0 0 0 0 0 0 0 0 0 0 0 0 0 0 0 0 0 0 0 0 0 0 0 0 0 0 0 55 72 81 86 93 101 103 104 104 103 103 103 102 102 102 101 102 102 101 100 100 99 99 99 99 99 98 99 101 103 101 99 98 94 74 52 52 52 52 0 0 0 0 0 0 0 0 0 0 0 0 0 
68 68 69 70 70 71 71 72 72 73 73 73 74 74 75 75 76 76 77 77 78 79 79 79 80 80 81 82 82 82 82 80 79 78 76 73 0 0 0 0 0 0 0 0 0 0 0 0 0 0 0 0 0 0 0 0 0 0 0 0 0 0 0 0 0 0 0 0 0 0 49 69 78 84 87 98 101 103 104 105 105 106 106 102 96 84 78 68 57 39 0 0 66 65 65 65 70 0 0 0 0 0 0 0 0 0 0 0 0 0 0 0 0 0 0 0 0 0 0 0 0 0 0 0 53 69 78 83 93 101 103 104 104 103 103 102 101 101 101 101 101 101 100 100 100 99 98 99 99 98 98 99 101 103 101 99 98 94 74 52 0 0 0 0 0 0 0 0 0 0 0 0 0 0 0 0 
69 74 69 70 70 72 72 72 72 72 73 73 74 74 75 75 76 76 76 77 78 78 79 79 80 80 81 82 82 82 82 80 79 78 76 72 0 0 0 0 0 0 0 0 0 0 0 0 0 0 0 0 0 0 0 0 0 0 0 0 0 0 0 0 0 0 0 0 0 0 50 69 79 84 88 98 102 104 105 105 106 107 107 103 97 85 79 69 58 39 0 0 76 76 72 72 77 66 0 0 0 0 0 0 0 0 0 0 0 0 0 0 0 0 0 0 0 0 0 0 0 0 0 0 54 71 80 85 92 101 103 103 103 103 103 103 102 102 101 101 101 101 100 100 100 99 98 98 98 98 98 99 100 103 100 96 94 90 72 51 0 0 0 0 0 0 0 0 0 0 0 0 0 0 0 0 
63 68 69 70 70 71 71 72 72 73 73 74 74 75 75 75 76 76 76 77 78 78 79 79 80 80 81 82 82 83 83 81 80 79 77 72 0 0 0 0 0 0 0 0 0 0 0 0 0 0 0 0 0 0 0 0 0 0 0 0 0 0 0 0 0 0 0 0 0 0 52 70 79 85 88 98 102 104 105 106 107 107 107 104 98 84 78 68 57 38 0 0 82 86 79 77 79 73 0 0 0 0 0 0 0 0 0 0 0 0 0 0 0 0 0 0 0 0 0 0 0 0 0 0 54 71 80 85 92 101 102 103 103 103 103 102 101 101 101 100 100 100 99 99 99 99 98 98 97 97 97 98 100 102 100 96 94 90 72 52 0 0 0 0 0 0 0 0 0 0 0 0 0 0 0 0 
67 69 69 70 70 71 71 72 72 73 73 74 74 74 75 75 76 75 76 76 78 78 78 79 80 80 80 81 82 82 82 81 80 79 77 72 0 0 0 0 0 0 0 0 0 0 0 0 0 0 0 0 0 0 0 0 0 0 0 0 0 0 0 0 0 37 37 37 37 0 49 70 79 85 88 98 102 104 106 107 108 109 108 105 98 85 78 69 58 39 0 0 85 100 96 92 88 90 69 0 0 0 0 0 0 0 0 0 0 0 0 0 0 0 0 0 0 0 0 0 0 0 0 41 51 67 76 83 92 101 103 103 103 103 103 102 101 101 100 100 100 100 99 99 99 98 98 97 97 97 97 99 100 103 101 94 92 87 72 0 0 0 0 0 0 0 0 0 0 0 0 0 0 0 0 0 
67 64 69 70 70 71 71 71 72 72 73 73 73 74 75 74 75 76 75 76 77 78 78 79 80 80 80 81 82 82 82 80 80 79 77 73 0 0 0 0 0 0 0 0 0 0 0 0 0 0 0 0 0 0 0 0 0 0 0 0 0 0 0 0 0 37 37 37 37 0 50 71 79 85 88 98 102 104 106 108 109 110 110 106 99 85 79 69 59 39 0 0 76 213 186 188 181 206 111 124 0 0 0 0 0 0 0 0 0 0 0 0 0 0 0 0 0 0 0 0 0 0 0 46 53 67 76 84 92 101 102 103 103 103 103 102 101 101 100 100 100 100 99 99 99 98 97 97 96 96 97 98 100 103 100 94 92 86 72 0 0 0 0 0 0 0 0 0 0 0 0 0 0 0 0 0 
67 70 69 69 70 70 70 71 71 72 72 73 73 74 74 74 75 75 75 76 77 77 78 79 80 80 80 81 81 82 82 80 79 78 76 71 0 0 0 0 0 0 0 0 0 0 0 0 0 0 0 0 0 0 0 0 0 0 0 0 0 0 0 0 0 0 37 37 37 0 48 68 79 85 88 98 102 104 107 109 111 112 112 107 100 86 80 70 60 41 0 0 85 219 190 277 268 292 239 290 55 0 0 0 0 0 0 0 0 0 0 0 0 0 0 0 0 0 0 0 0 0 0 62 62 72 79 85 92 101 102 103 103 103 103 102 102 101 101 101 100 99 99 99 98 98 97 96 96 95 96 97 99 102 100 92 89 84 69 50 0 0 0 0 0 0 0 0 0 0 0 0 0 0 0 0 
72 69 69 69 70 70 70 71 71 72 72 73 73 73 73 74 75 76 76 76 77 77 78 79 79 80 80 81 81 82 82 80 79 78 75 71 0 0 0 0 0 0 0 0 0 0 0 0 0 0 0 0 0 0 0 0 0 0 0 0 0 0 0 0 0 0 37 37 37 36 47 67 79 85 88 98 101 105 108 112 115 116 116 110 102 87 81 72 62 44 0 0 88 219 202 355 344 358 313 347 57 0 0 0 0 0 0 0 0 0 0 0 0 0 0 0 0 0 0 0 0 0 89 73 68 76 81 84 92 101 102 103 103 103 103 102 102 101 101 101 100 100 100 99 98 97 96 96 95 95 96 97 99 102 99 93 91 86 72 0 0 0 0 0 0 0 0 0 0 0 0 0 0 0 0 0 
68 68 69 70 70 70 70 70 71 72 72 72 73 73 73 74 75 76 76 76 77 77 77 78 79 80 80 81 81 82 81 79 79 78 75 71 0 0 0 0 0 0 0 0 0 0 0 0 0 0 0 0 0 0 0 0 0 0 0 0 0 0 0 0 0 0 37 37 37 36 47 67 79 84 88 98 101 104 109 113 117 118 117 111 102 88 82 73 63 45 0 0 85 268 271 427 394 414 345 354 56 0 0 0 0 0 0 0 0 0 0 0 0 0 0 0 0 0 0 0 0 0 86 71 68 75 80 83 93 101 103 103 103 103 103 102 102 101 101 101 101 100 100 99 98 97 96 95 95 95 96 97 98 101 99 92 91 86 71 0 0 0 0 0 0 0 0 0 0 0 0 0 0 0 0 0 
67 73 68 69 69 70 70 70 71 71 72 72 73 73 73 74 75 76 76 77 77 78 77 78 79 80 80 81 81 81 81 79 78 77 75 69 0 0 0 0 0 0 0 0 0 0 0 0 0 0 0 0 0 0 0 0 0 0 0 0 0 0 0 0 0 0 0 0 0 0 49 68 79 85 88 98 101 104 108 113 116 118 117 111 102 87 82 72 63 45 0 0 89 273 276 442 406 408 348 358 56 0 0 0 0 0 0 0 0 0 0 0 0 0 0 0 0 0 0 0 0 0 87 71 68 75 80 83 93 101 103 103 103 103 102 102 102 101 101 101 100 100 99 98 96 95 94 93 93 92 93 93 95 98 95 89 88 83 69 0 0 0 0 0 0 0 0 0 0 0 0 0 0 0 0 0 
65 67 68 69 69 70 70 70 71 72 72 73 74 74 74 75 75 76 76 77 77 78 77 79 79 80 80 81 81 81 81 79 78 77 75 68 0 0 0 0 0 0 0 0 0 0 0 0 0 0 0 0 0 0 0 0 0 0 0 0 0 0 0 0 0 0 0 0 0 0 49 68 79 85 88 98 100 103 108 112 115 117 117 111 101 87 81 72 62 45 0 0 98 178 191 386 333 334 328 355 54 0 0 0 0 0 0 0 0 0 0 0 0 0 0 0 0 0 0 0 0 0 95 72 67 75 80 82 92 101 103 103 103 103 102 101 101 101 100 100 99 97 95 92 90 87 86 85 85 84 84 85 87 90 88 83 82 79 66 0 0 0 0 0 0 0 0 0 0 0 0 0 0 0 0 0 
69 63 68 68 69 69 70 71 71 72 72 72 73 74 74 76 76 77 76 77 77 77 77 79 79 80 80 81 81 81 82 79 79 77 76 69 0 0 0 0 0 0 0 0 0 0 0 0 0 0 0 0 0 0 0 0 0 0 0 0 38 38 38 0 0 0 0 0 0 0 50 71 79 85 88 98 100 103 106 110 113 114 114 109 100 86 80 71 60 44 0 0 0 201 196 292 239 243 225 239 51 0 0 0 0 0 0 0 0 0 0 0 0 0 0 0 0 0 0 0 0 0 0 66 63 72 79 83 92 101 102 102 102 102 102 101 101 100 99 98 95 93 91 88 86 85 84 83 82 81 82 82 84 87 86 82 81 78 65 0 0 0 0 0 0 0 0 0 0 0 0 0 0 0 0 0 
66 64 68 68 69 69 70 71 72 72 72 73 74 75 75 76 76 77 76 77 77 77 77 79 79 80 80 81 81 81 82 80 79 77 76 69 0 0 0 0 0 0 0 0 0 0 0 0 0 0 0 0 0 0 0 0 0 0 0 0 0 0 0 0 0 0 0 0 0 0 52 70 79 84 88 97 100 102 104 107 108 110 111 106 98 85 79 69 58 42 0 0 0 0 201 203 161 168 140 130 52 0 0 0 0 0 0 0 0 0 0 0 0 0 0 0 0 0 0 0 0 0 0 49 55 67 76 82 93 101 103 102 102 102 101 101 100 100 97 96 93 90 87 83 80 77 75 73 73 73 74 75 77 82 82 77 76 73 62 0 0 0 0 0 0 0 0 0 0 0 0 0 0 0 0 0 
71 69 68 68 69 70 70 71 71 72 72 73 74 75 76 76 77 77 76 76 77 78 78 79 80 80 80 81 82 82 83 80 79 77 75 68 0 0 0 0 0 0 0 0 0 0 0 0 0 0 0 0 0 0 0 0 0 0 0 0 0 37 37 0 0 0 0 0 0 0 51 70 78 84 87 97 100 101 103 105 106 107 108 105 97 84 78 68 57 41 0 0 0 0 87 112 95 95 98 99 61 0 0 0 0 0 0 0 0 0 0 0 0 0 0 0 0 0 0 0 0 0 0 42 53 67 76 83 92 100 102 102 102 102 101 101 100 98 96 94 90 84 80 76 73 73 72 72 72 70 70 69 70 73 74 71 71 69 0 0 0 0 0 0 0 0 0 0 0 0 0 0 0 0 0 0 
68 69 68 68 69 70 70 71 71 72 72 73 74 75 75 76 76 76 76 76 77 78 78 80 80 80 80 81 81 82 82 80 80 78 76 70 0 0 0 0 0 0 0 0 0 0 0 0 0 0 0 0 0 0 0 0 0 0 0 0 0 37 37 0 0 0 0 0 0 0 47 69 78 83 87 97 100 101 102 104 105 106 107 103 96 83 76 67 56 40 0 0 0 0 0 109 95 95 95 101 73 0 0 0 0 0 0 0 0 0 0 0 0 0 0 0 0 0 0 0 0 0 0 0 54 69 79 84 92 101 102 102 102 102 101 100 99 97 95 92 86 79 75 72 72 73 74 74 73 70 68 65 62 62 63 64 64 65 0 0 0 0 0 0 0 0 0 0 0 0 0 0 0 0 0 57 
66 67 69 68 69 70 70 71 71 72 72 73 73 74 75 75 76 76 76 77 77 78 78 79 79 79 80 81 81 82 82 80 79 78 75 70 0 0 0 0 0 0 0 0 0 0 0 0 0 0 0 0 0 0 0 0 0 0 0 0 0 0 0 0 0 0 0 0 0 0 48 69 78 83 87 97 100 101 102 103 104 105 105 102 95 83 77 67 57 40 0 0 0 0 0 96 91 87 87 91 76 0 0 0 0 0 0 0 0 0 0 0 0 0 0 0 0 0 0 0 0 0 0 0 56 72 81 86 93 101 102 102 102 101 101 100 98 96 94 88 81 76 76 77 80 82 83 82 79 76 74 68 63 67 69 69 73 74 0 0 0 0 0 0 0 0 0 0 0 0 0 0 0 62 0 59 
72 68 69 69 70 70 70 71 71 72 72 72 73 74 75 75 75 76 76 77 78 78 78 79 79 80 80 81 81 82 82 80 79 78 76 70 0 0 0 0 0 0 0 0 0 0 0 0 0 0 0 0 0 0 0 0 0 0 0 0 0 0 0 0 0 0 0 0 0 0 47 67 77 82 86 96 99 100 101 102 103 104 105 101 94 84 78 68 58 0 0 0 0 0 0 82 85 79 79 82 76 0 0 0 0 0 0 0 0 0 0 0 0 0 0 0 0 0 0 0 0 0 0 0 54 70 79 84 93 100 102 102 101 100 100 99 97 95 90 85 80 78 80 83 85 85 85 83 80 77 73 67 65 72 74 76 81 81 0 0 0 0 0 0 0 0 0 0 0 0 0 0 0 62 0 66 
69 69 68 68 69 70 70 71 71 72 72 73 73 74 74 74 75 75 76 77 78 78 78 79 79 79 79 81 81 82 82 80 79 78 76 72 0 0 0 0 0 0 0 0 0 0 0 0 0 0 0 0 0 0 0 0 0 0 0 0 0 0 0 0 0 0 0 0 0 0 46 67 77 82 86 96 99 100 100 101 102 103 104 100 93 83 76 65 55 0 0 0 0 0 0 0 79 71 71 71 69 0 0 0 0 0 0 0 0 0 0 0 0 0 0 0 0 0 0 0 0 0 0 0 54 71 80 85 92 100 101 101 101 100 100 99 96 93 88 83 79 79 83 87 89 90 91 89 85 82 76 70 70 78 78 81 84 83 73 0 0 0 0 0 0 0 0 0 0 0 0 0 0 64 0 64 
66 63 68 68 69 70 70 71 71 72 72 72 73 73 74 74 75 75 76 77 78 78 78 79 79 79 79 80 80 81 81 79 79 78 77 73 0 0 0 0 0 0 0 0 0 0 0 0 0 0 0 0 0 0 0 0 0 0 0 0 0 0 0 0 0 0 0 0 0 0 45 67 76 82 85 95 98 99 99 100 101 102 103 99 92 84 77 66 56 0 0 0 0 0 0 0 70 62 62 62 61 47 0 0 0 0 0 0 0 0 0 0 0 0 0 0 0 0 0 0 0 0 0 0 52 68 77 83 91 99 101 101 100 100 100 99 94 93 87 82 79 84 86 90 92 93 92 88 85 82 74 69 74 82 80 83 85 83 73 0 0 0 0 0 0 0 0 0 0 0 0 0 0 65 0 63 
63 63 68 68 69 70 70 70 71 72 72 73 74 74 74 74 75 75 75 76 77 77 78 78 78 79 80 80 81 81 81 79 78 77 76 70 0 0 0 0 0 0 0 0 0 0 0 0 0 0 0 0 0 0 0 0 0 0 0 0 0 0 0 0 0 0 0 0 0 0 46 66 76 81 84 95 97 98 99 99 100 102 102 98 91 85 78 67 58 0 0 0 0 0 0 0 62 54 54 54 54 45 0 0 0 0 0 0 0 0 0 0 0 0 0 0 0 0 0 0 0 0 0 0 53 70 79 84 91 99 100 100 100 100 100 99 94 92 85 81 80 85 87 91 93 93 91 87 84 80 73 70 76 84 83 86 89 88 75 0 0 0 0 0 0 0 0 0 0 0 0 0 0 64 0 68 
67 66 68 68 69 70 70 70 71 71 71 72 73 74 73 73 74 74 74 76 77 76 77 78 78 79 80 81 81 81 81 79 78 77 75 69 0 0 0 0 0 0 0 0 0 0 0 0 0 0 0 0 0 0 0 0 0 0 0 0 0 0 0 0 0 0 0 0 0 0 45 65 75 81 84 95 97 98 98 98 99 100 101 97 89 83 76 65 56 0 0 0 0 0 0 0 0 51 51 51 51 47 0 0 0 0 0 0 0 0 0 0 0 0 0 0 0 0 0 0 0 0 0 0 54 71 79 84 91 99 100 100 100 100 100 99 94 92 84 81 81 85 86 91 93 92 90 87 85 81 73 75 82 87 86 90 91 89 75 0 0 0 0 0 0 0 0 0 0 0 0 0 0 64 56 70 
72 68 68 68 68 69 69 69 70 71 72 73 74 74 73 72 72 71 71 72 74 74 76 78 78 79 80 81 81 81 81 78 77 76 74 66 0 0 0 0 0 0 0 0 0 0 0 0 0 0 0 0 0 0 0 0 0 0 0 0 0 0 0 0 0 0 0 0 0 0 45 66 75 81 84 95 97 97 97 97 97 99 99 95 87 81 74 63 53 0 0 0 0 0 0 0 0 44 44 44 44 0 0 0 0 0 0 0 0 0 0 0 0 0 0 0 0 0 0 0 0 0 0 0 59 75 83 87 91 99 100 100 100 99 99 98 92 90 84 80 79 83 84 87 88 88 86 84 83 77 73 76 82 86 85 88 88 85 71 0 0 0 0 0 0 0 0 0 0 0 0 0 0 64 62 64 
69 66 68 68 68 69 69 69 70 71 71 72 73 73 72 70 70 68 66 68 71 72 74 77 78 79 79 80 81 81 81 78 77 75 72 63 0 0 0 0 0 0 0 0 0 0 0 0 0 0 0 0 0 0 0 0 0 0 0 0 0 0 0 0 0 0 0 0 0 0 44 65 75 80 83 94 96 96 95 96 96 97 98 94 86 83 76 65 56 0 0 0 0 0 0 0 0 0 0 0 0 0 0 0 0 0 0 0 0 0 0 0 0 0 0 0 0 0 0 0 0 0 0 0 58 75 82 87 91 99 99 100 99 97 95 93 87 85 80 78 77 83 83 86 87 85 83 81 79 74 71 74 80 82 81 83 82 78 66 0 0 0 0 0 0 0 0 0 0 0 0 0 0 64 0 66 
66 67 68 68 68 69 69 70 71 71 71 72 72 72 70 68 67 65 62 64 68 69 72 77 78 79 80 81 81 82 81 78 76 75 71 61 0 0 0 0 0 0 0 0 0 0 0 0 0 0 0 0 0 0 0 0 0 0 0 0 0 0 0 0 0 0 0 0 0 0 44 64 74 80 83 94 95 95 94 94 95 96 97 93 84 81 75 63 54 0 0 0 0 0 0 0 0 0 0 0 0 0 0 0 0 0 0 0 0 0 0 0 0 0 0 0 0 0 0 0 0 0 0 0 63 79 85 89 91 99 99 98 96 94 91 89 84 84 79 76 76 79 80 83 85 83 81 79 78 72 72 75 78 80 79 80 79 75 64 0 0 0 0 0 0 0 0 0 0 0 0 0 0 64 0 65 
68 70 68 68 68 69 69 69 70 70 70 71 71 71 69 66 65 62 59 61 65 67 71 76 78 79 79 80 80 81 81 77 76 75 71 61 0 0 0 0 0 0 0 0 0 0 0 0 0 0 0 0 0 0 0 0 0 0 0 0 0 0 0 0 0 0 0 0 0 0 44 64 74 80 83 94 95 94 93 93 93 95 96 92 83 80 73 62 53 0 0 0 0 0 0 0 0 0 0 0 0 0 0 0 0 0 0 0 0 0 0 0 0 0 0 0 0 0 0 0 0 0 0 0 63 78 85 89 91 98 98 95 92 90 87 84 81 81 77 73 72 75 77 79 82 79 77 76 74 70 70 73 76 78 76 77 76 72 0 0 0 0 0 0 0 0 0 0 0 0 0 0 62 64 62 70 
66 70 68 68 68 69 69 69 70 70 70 70 71 71 69 66 65 62 58 60 64 67 70 76 78 79 79 80 81 81 81 78 76 74 71 61 0 0 0 0 0 0 0 0 0 0 0 0 0 0 0 0 0 0 0 0 0 0 0 0 0 0 0 0 0 0 0 0 0 0 44 64 74 79 83 93 94 93 92 92 92 94 95 91 82 79 73 60 51 0 0 0 0 0 0 0 0 0 0 0 0 0 0 0 0 0 0 0 0 0 0 0 0 0 0 0 0 0 0 0 0 0 0 0 66 79 86 89 91 98 97 92 88 85 80 76 75 74 72 67 64 0 68 69 72 70 69 69 67 64 65 65 69 69 67 68 67 63 0 0 0 0 0 0 0 0 0 0 0 0 0 0 63 65 60 66 
65 68 68 69 68 69 69 69 70 70 70 70 71 71 70 67 66 64 61 62 66 69 72 76 78 78 79 79 81 81 81 78 77 74 71 62 0 0 0 0 0 0 0 0 0 0 0 0 0 0 0 0 0 0 0 0 0 0 0 0 0 0 0 0 0 0 0 0 0 0 43 64 74 79 82 92 93 93 92 91 91 93 94 90 81 78 71 59 51 0 0 0 0 0 0 0 0 0 0 0 0 0 0 0 0 0 0 0 0 0 0 0 0 0 0 0 0 0 0 0 0 0 0 0 63 77 84 88 90 97 96 91 86 82 74 65 64 63 0 0 0 0 0 0 0 0 0 0 0 0 0 0 0 0 0 0 0 0 0 0 0 0 0 0 0 0 0 0 0 0 0 0 63 65 65 65 
71 68 69 69 69 69 69 69 69 69 70 70 71 71 70 69 68 68 66 67 70 71 73 76 78 78 79 80 81 81 81 78 77 75 71 63 0 0 0 0 0 0 0 0 0 0 0 0 0 0 0 0 0 0 0 0 0 0 0 0 0 0 0 0 0 0 0 0 0 0 43 63 73 78 82 92 93 93 92 92 92 93 94 89 80 76 70 58 49 0 0 0 0 0 0 0 0 0 0 0 0 0 0 0 0 0 0 0 0 0 0 0 0 0 0 0 0 0 0 0 0 0 0 0 64 78 85 88 90 97 95 88 84 79 69 55 0 0 0 0 0 0 0 0 0 0 0 0 0 0 0 0 0 0 0 0 0 0 0 0 0 0 0 0 0 0 0 0 0 0 0 60 63 64 68 68 
69 72 68 68 68 68 69 68 69 70 70 70 71 72 71 70 71 71 69 70 72 73 74 76 78 78 78 79 80 80 81 78 77 75 72 64 0 0 0 0 0 0 0 0 0 0 0 0 0 0 0 0 0 0 0 0 0 0 0 0 0 0 0 0 0 0 0 0 0 0 42 62 73 78 81 92 93 93 93 92 92 93 93 88 79 75 68 56 47 0 0 0 0 0 0 0 0 0 0 0 0 0 0 0 0 0 0 0 0 0 0 0 0 0 0 0 0 0 0 0 0 0 0 0 63 77 85 88 90 97 95 88 83 78 68 54 0 0 0 0 0 0 0 0 0 0 0 0 0 0 0 0 0 0 0 0 0 0 0 0 0 0 0 0 0 0 0 0 0 0 0 61 64 65 70 68 
68 70 68 69 69 69 69 68 68 69 69 69 70 71 71 72 72 73 73 73 74 75 76 77 78 78 78 79 80 80 81 78 77 76 74 67 0 0 0 0 0 0 0 0 0 0 0 0 0 0 0 0 0 0 0 0 0 0 0 0 0 0 0 0 0 0 0 0 0 0 41 61 71 77 80 91 93 93 93 93 93 93 93 87 78 74 67 54 45 0 0 0 0 0 0 0 0 0 0 0 0 0 0 0 0 0 0 0 0 0 0 0 0 0 0 0 0 0 0 0 0 0 0 0 63 77 84 88 90 97 95 90 84 80 72 63 0 0 0 0 0 0 0 0 0 0 0 0 0 0 0 0 0 0 0 0 0 0 0 0 0 0 0 0 0 0 0 0 0 0 0 62 65 66 63 68 
64 67 67 67 68 68 68 67 67 67 66 67 67 69 69 70 72 73 74 75 76 76 76 77 78 78 79 80 80 80 81 78 77 76 74 68 0 0 0 0 0 0 0 0 0 0 0 0 0 0 0 0 0 0 0 0 0 0 0 0 0 0 0 0 0 0 0 0 0 0 40 63 73 78 81 90 93 93 93 93 93 93 93 87 77 73 65 53 43 0 0 0 0 0 0 0 0 0 0 0 0 0 0 0 0 0 0 0 0 0 0 0 0 0 0 0 0 0 0 0 0 0 0 0 60 76 83 87 89 97 96 93 88 84 77 71 64 0 0 0 0 0 0 0 0 0 0 0 0 0 0 0 0 0 0 0 0 0 0 0 0 0 0 0 0 0 0 0 0 0 0 63 65 66 65 70 
64 66 67 67 68 68 67 66 65 66 65 65 65 66 66 68 70 71 72 73 74 75 75 76 77 77 78 79 79 79 80 79 78 77 75 69 0 0 0 0 0 0 0 0 0 0 0 0 0 0 0 0 0 0 0 0 0 0 0 0 0 0 0 0 0 0 0 0 0 0 0 64 74 79 82 89 92 92 93 93 93 93 93 86 76 71 64 51 41 0 0 0 0 0 0 0 0 0 0 0 0 0 0 0 0 0 0 0 0 0 0 0 0 0 0 0 0 0 0 0 0 0 0 0 59 76 83 87 89 96 96 93 89 86 81 76 72 69 62 59 59 58 60 62 60 61 0 0 0 0 0 0 0 0 0 0 0 0 0 0 0 0 0 0 0 0 0 0 0 0 0 63 64 66 71 69 
0 58 66 66 67 67 67 66 65 65 64 63 64 65 66 67 69 71 71 72 72 72 72 72 73 73 74 75 76 76 77 76 75 75 74 69 0 0 0 0 0 0 0 0 0 0 0 0 0 0 0 0 0 0 0 0 0 0 0 0 0 0 0 0 0 0 0 0 0 0 0 67 76 80 83 88 91 91 92 92 93 93 93 86 75 71 63 50 40 0 0 0 0 0 0 0 0 0 0 0 0 0 0 0 0 0 0 0 0 0 0 0 0 0 0 0 0 0 0 0 0 0 0 0 61 76 83 87 88 95 96 94 90 88 84 81 78 77 73 72 71 70 71 71 70 69 68 66 0 0 0 0 0 0 0 0 0 0 0 0 0 0 0 0 0 0 0 0 0 0 0 63 65 67 66 69 
0 0 66 66 68 68 66 65 62 61 60 60 60 62 63 64 67 69 70 72 71 71 71 71 71 72 73 74 75 75 76 75 75 74 73 69 0 0 0 0 0 0 0 0 0 0 0 0 0 0 0 0 0 0 0 0 0 0 0 0 0 0 0 0 0 0 0 0 0 0 0 71 78 81 84 86 89 90 91 91 91 91 91 84 74 69 62 49 39 0 0 0 0 0 0 0 0 0 0 0 0 0 0 0 0 0 0 0 0 0 0 0 0 0 0 0 0 0 0 0 0 0 0 0 61 76 82 85 87 93 94 93 91 89 86 82 79 76 72 71 70 68 68 69 68 67 67 65 64 0 0 0 0 0 0 0 0 0 0 0 0 0 0 0 0 0 0 0 0 0 0 62 65 66 64 69 
0 0 62 62 64 64 62 62 62 62 61 60 60 60 60 62 66 68 69 70 70 68 69 69 69 70 72 72 73 74 75 74 74 73 73 0 0 0 0 0 0 0 0 0 0 0 0 0 0 0 0 0 0 0 0 0 0 0 0 0 0 0 0 0 0 0 0 0 0 0 0 70 75 78 80 80 83 84 84 84 84 84 84 78 70 67 60 47 39 0 0 0 0 0 0 0 0 0 0 0 0 0 0 0 0 0 0 0 0 0 0 0 0 0 0 0 0 0 0 0 0 0 0 0 59 71 76 78 79 84 84 84 83 83 81 79 78 76 72 71 70 68 68 69 68 67 67 65 64 0 0 0 0 0 0 0 0 0 0 0 0 0 0 0 0 0 0 0 0 0 0 62 64 67 65 72 
0 0 0 0 0 0 0 0 0 91 81 77 74 71 61 62 63 66 67 68 65 64 64 64 65 66 68 69 70 71 72 71 71 71 71 0 0 0 0 0 0 0 0 0 0 0 0 0 0 0 0 0 0 0 0 0 0 0 0 0 0 0 0 0 0 0 0 0 0 0 0 67 73 76 77 78 81 82 82 82 82 82 83 76 69 66 60 47 0 0 0 0 0 0 0 0 0 0 0 0 0 0 0 0 0 0 0 0 0 0 0 0 0 0 0 0 0 0 0 0 0 0 0 0 59 70 74 75 77 81 81 81 81 82 81 80 79 78 73 71 70 68 68 69 68 67 67 65 64 0 0 0 0 0 0 0 0 0 0 0 0 0 0 0 0 0 0 0 0 0 0 63 65 67 69 71 
0 0 0 0 0 0 0 0 0 95 84 81 81 82 65 0 0 0 0 0 0 0 0 54 55 56 60 62 62 63 65 63 63 0 0 0 0 0 0 0 0 0 0 0 0 0 0 0 0 0 0 0 0 0 0 0 0 0 0 0 0 0 0 0 0 0 0 0 0 0 0 0 70 73 75 75 79 79 79 79 79 79 80 74 68 65 59 47 0 0 0 0 0 0 0 0 0 0 0 0 0 0 0 0 0 0 0 0 0 0 0 0 0 0 0 0 0 0 0 0 0 0 0 0 0 68 70 71 73 77 77 77 76 77 78 78 79 81 78 77 75 74 73 73 71 70 69 69 67 0 0 0 0 0 0 0 0 0 0 0 0 0 0 0 0 0 0 0 0 0 0 64 66 67 68 73 
0 0 0 0 0 0 0 0 72 89 83 80 81 83 68 0 0 0 0 0 0 0 0 0 0 0 0 0 0 0 0 0 0 0 0 0 0 0 0 0 0 0 0 0 0 0 0 0 0 0 0 0 0 0 0 0 0 0 0 0 0 0 0 0 0 0 0 0 0 0 0 0 64 67 70 70 74 74 74 73 73 73 74 68 65 62 57 0 0 0 0 0 0 0 0 0 0 0 0 0 0 0 0 0 0 0 0 0 0 0 0 0 0 0 0 0 0 0 0 0 0 0 0 0 0 63 64 65 66 69 68 68 68 68 69 70 71 73 71 69 66 65 64 64 63 64 64 0 0 0 0 0 0 0 0 0 0 0 0 0 0 0 0 0 0 0 0 0 0 0 0 64 66 67 68 70 
0 0 0 0 0 0 0 0 69 85 83 81 82 84 72 65 0 0 0 0 0 0 0 0 0 0 0 0 0 0 0 0 0 0 0 0 0 0 0 0 0 0 0 0 0 0 0 0 0 0 0 0 0 0 0 0 0 0 0 0 0 0 0 0 0 0 0 0 0 0 0 0 0 0 56 56 60 60 60 58 59 59 60 56 57 0 0 0 0 0 0 0 0 0 0 0 0 0 0 0 0 0 0 0 0 0 0 0 0 0 0 0 0 0 0 0 0 0 0 0 0 0 0 0 0 0 0 50 51 51 50 50 50 48 0 0 0 0 0 0 0 0 0 0 0 0 0 0 0 0 0 0 0 0 0 0 0 0 0 0 0 0 0 0 0 0 0 0 0 0 0 64 66 67 69 65 
0 0 0 0 0 0 0 59 69 85 87 83 84 86 76 62 0 0 0 0 0 0 0 0 0 0 0 0 0 0 0 0 0 0 0 0 0 0 0 0 0 0 0 0 0 0 0 0 0 0 0 0 0 0 0 0 0 0 0 0 0 0 0 0 0 0 0 0 0 0 0 0 0 0 0 0 0 0 0 0 0 0 0 0 0 0 0 0 0 0 0 0 0 0 0 0 0 0 0 0 0 0 0 0 0 0 0 0 0 0 0 0 0 0 0 0 0 0 0 0 0 0 0 0 0 0 0 0 0 0 0 0 0 0 0 0 0 0 0 0 0 0 0 0 0 0 0 0 0 0 0 0 0 0 0 0 0 0 0 0 0 0 0 0 0 0 0 0 0 0 0 63 66 67 67 74 
0 0 0 66 65 64 63 63 67 78 85 83 83 86 80 62 0 0 0 0 0 0 0 0 0 0 0 0 0 0 0 0 0 0 0 0 0 0 0 0 0 0 0 0 0 0 0 0 0 0 0 0 0 0 0 0 0 0 0 0 0 0 0 0 0 0 0 0 0 0 0 0 0 0 0 0 0 0 0 0 0 0 0 0 0 0 0 0 0 0 0 0 0 0 0 0 0 0 0 0 0 0 0 0 0 0 0 0 0 0 0 0 0 0 0 0 0 0 0 0 0 0 0 0 0 0 0 0 0 0 0 0 0 0 0 0 0 0 0 0 0 0 0 0 0 0 0 0 0 0 0 0 0 0 0 0 0 0 0 0 0 0 0 0 0 0 0 0 0 0 0 63 66 67 68 68 
0 0 72 71 69 68 66 65 68 74 85 84 83 86 84 65 0 0 0 0 0 0 0 0 0 0 0 0 0 0 0 0 0 0 0 0 0 0 0 0 0 0 0 0 0 0 0 0 0 0 0 0 0 0 0 0 0 0 0 0 0 0 0 0 0 0 0 0 0 0 0 0 0 0 0 0 0 0 0 0 0 0 0 0 0 0 0 0 0 0 0 0 0 0 0 0 0 0 0 0 0 0 0 0 0 0 0 0 0 0 0 0 0 0 0 0 0 0 0 0 0 0 0 0 0 0 0 0 0 0 0 0 0 0 0 0 0 0 0 0 0 0 0 0 0 0 0 0 0 0 0 0 0 0 0 0 0 0 0 0 0 0 0 0 0 0 0 0 0 0 0 62 65 67 69 75 
0 0 73 73 71 71 69 69 71 74 84 86 84 86 87 71 58 0 0 0 0 0 0 0 0 0 0 0 0 0 0 0 0 0 0 0 0 0 0 0 0 0 0 0 0 0 0 0 0 0 0 0 0 0 0 0 0 0 0 0 0 0 0 0 0 0 0 0 0 0 0 0 0 0 0 0 0 0 0 0 0 0 0 0 0 0 0 0 0 0 0 0 0 0 0 0 0 0 0 0 0 0 0 0 0 0 0 0 0 0 0 0 0 0 0 0 0 0 0 0 0 0 0 0 0 0 0 0 0 0 0 0 0 0 0 0 0 0 0 0 0 0 0 0 0 0 0 0 0 0 0 0 0 0 0 0 0 0 0 0 0 0 0 0 0 0 0 0 0 0 0 0 65 67 70 67 
0 0 74 73 73 72 72 71 72 74 82 86 83 84 86 74 58 0 0 0 0 0 0 0 0 0 0 0 0 0 0 0 0 0 0 0 0 0 0 0 0 0 0 0 0 0 0 0 0 0 0 0 0 0 0 0 0 0 0 0 0 0 0 0 0 0 0 0 0 0 0 0 0 0 0 0 0 0 0 0 0 0 0 0 0 0 0 0 0 0 0 0 0 0 0 0 0 0 0 0 0 0 0 0 0 0 0 0 0 0 0 0 0 0 0 0 0 0 0 0 0 0 0 0 0 0 0 0 0 0 0 0 0 0 0 0 0 0 0 0 0 0 0 0 0 0 0 0 0 0 0 0 0 0 0 0 0 0 0 0 0 0 0 0 0 0 0 0 0 0 0 0 65 67 62 0 
0 0 71 73 73 73 73 73 73 74 79 84 81 82 84 77 58 0 0 0 0 0 0 0 0 0 0 0 0 0 0 0 0 0 0 0 0 0 0 0 0 0 0 0 0 0 0 0 0 0 0 0 0 0 0 0 0 0 0 0 0 0 0 0 0 0 0 0 0 0 0 0 0 0 0 0 0 0 0 0 0 0 0 0 0 0 0 0 0 0 0 0 0 0 0 0 0 0 0 0 0 0 0 0 0 0 0 0 0 0 0 0 0 0 0 0 0 0 0 0 0 0 0 0 0 0 0 0 0 0 0 0 0 0 0 0 0 0 0 0 0 0 0 0 0 0 0 0 0 0 0 0 0 0 0 0 0 0 0 0 0 0 0 0 0 0 0 0 0 0 0 0 0 66 0 0 
0 0 71 73 74 75 74 74 74 74 76 81 78 79 81 80 59 0 0 0 0 0 0 0 0 0 0 0 0 0 0 0 0 0 0 0 0 0 0 0 0 0 0 0 0 0 0 0 0 0 0 0 0 0 0 0 0 0 0 0 0 0 0 0 0 0 0 0 0 0 0 0 0 0 0 0 0 0 0 0 0 0 0 0 0 0 0 0 0 0 0 0 0 0 0 0 0 0 0 0 0 0 0 0 0 0 0 0 0 0 0 0 0 0 0 0 0 0 0 0 0 0 0 0 0 0 0 0 0 0 0 0 0 0 0 0 0 0 0 0 0 0 0 0 0 0 0 0 0 0 0 0 0 0 0 0 0 0 0 0 0 0 0 0 0 0 0 0 0 0 0 0 0 0 0 0 
61 63 70 72 74 75 74 74 74 73 74 78 76 77 79 81 0 0 0 0 0 0 0 0 0 0 0 0 0 0 0 0 0 0 0 0 0 0 0 0 0 0 0 0 0 0 0 0 0 0 0 0 0 0 0 0 0 0 0 0 0 0 0 0 0 0 0 0 0 0 0 0 0 0 0 0 0 0 0 0 0 0 0 0 0 0 0 0 0 0 0 0 0 0 0 0 0 0 0 0 0 0 0 0 0 0 0 0 0 0 0 0 0 0 0 0 0 0 0 0 0 0 0 0 0 0 0 0 0 0 0 0 0 0 0 0 0 0 0 0 0 0 0 0 0 0 0 0 0 0 0 0 0 0 0 0 0 0 0 0 0 0 0 0 0 0 0 0 0 0 0 0 0 0 0 0 
65 59 69 71 72 72 72 72 72 71 71 75 73 74 74 78 0 0 0 0 0 0 0 0 0 0 0 0 0 0 0 0 0 0 0 0 0 0 0 0 0 0 0 0 0 0 0 0 0 0 0 0 0 0 0 0 0 0 0 0 0 0 0 0 0 0 0 0 0 0 0 0 0 0 0 0 0 0 0 0 0 0 0 0 0 0 0 0 0 0 0 0 0 0 0 0 0 0 0 0 0 0 0 0 0 0 0 0 0 0 0 0 0 0 0 0 0 0 0 0 0 0 0 0 0 0 0 0 0 0 0 0 0 0 0 0 0 0 0 0 0 0 0 0 0 0 0 0 0 0 0 0 0 0 0 0 0 0 0 0 0 0 0 0 0 0 0 0 0 0 0 0 0 0 0 0 
62 66 96 85 79 73 71 71 71 71 69 71 72 84 103 133 162 181 182 174 0 0 0 0 0 0 0 0 0 0 0 0 0 0 0 0 0 0 0 0 0 0 0 0 0 0 0 0 0 0 0 0 0 0 0 0 0 0 0 0 0 0 0 0 0 0 0 0 0 0 0 0 0 0 0 0 0 0 0 0 0 0 0 0 0 0 0 0 0 0 0 0 0 0 0 0 0 0 0 0 0 0 0 0 0 0 0 0 0 0 0 0 0 0 0 0 0 0 0 0 0 0 0 0 0 0 0 0 0 0 0 0 0 0 0 0 0 0 0 0 0 0 0 0 0 0 0 0 0 0 0 0 0 0 0 0 0 0 0 0 0 0 0 0 0 0 0 0 0 0 0 0 0 0 0 0 
81 0 176 160 144 130 119 116 117 124 134 163 206 252 296 332 315 278 256 220 162 0 0 0 0 0 0 0 0 0 0 0 0 0 0 0 0 0 0 0 0 0 0 0 0 0 0 0 0 0 0 0 0 0 0 0 0 0 0 0 0 0 0 0 0 0 0 0 0 0 0 0 0 0 0 0 0 0 0 0 0 0 0 0 0 0 0 0 0 0 0 0 0 0 0 0 0 0 0 0 0 0 0 0 0 0 0 0 0 0 0 0 0 0 0 0 0 0 0 0 0 0 0 0 0 0 0 0 0 0 0 0 0 0 0 0 0 0 0 0 0 0 0 0 0 0 0 0 0 0 0 0 0 0 0 0 0 0 0 0 0 0 0 0 0 0 0 0 0 0 0 0 0 0 0 0 
345 227 263 252 237 229 223 233 251 281 306 346 380 395 404 401 363 307 276 228 156 0 0 0 0 0 0 0 0 0 0 0 0 0 0 0 0 0 0 0 0 0 0 0 0 0 0 0 0 0 0 0 0 0 0 0 0 0 0 0 0 0 0 0 0 0 0 0 0 0 0 0 0 0 0 0 0 0 0 0 0 0 0 0 0 0 0 0 0 0 0 0 0 0 0 0 0 0 0 0 0 0 0 0 0 0 0 0 0 0 0 0 0 0 0 0 0 0 0 0 0 0 0 0 0 0 0 0 0 0 0 0 0 0 0 0 0 0 0 0 0 0 0 0 0 0 0 0 0 0 0 0 0 0 0 0 0 0 0 0 0 0 0 0 0 0 0 0 0 0 0 0 0 0 0 0 
481 480 336 329 315 313 313 336 354 377 386 406 414 427 433 422 374 321 285 230 153 0 0 0 0 0 0 0 0 0 0 0 0 0 0 0 0 0 0 0 0 0 0 0 0 0 0 0 0 0 0 0 0 0 0 0 0 0 0 0 0 0 0 0 0 0 0 0 0 0 0 0 0 0 0 0 0 0 0 0 0 0 0 0 0 0 0 0 0 0 0 0 0 0 0 0 0 0 0 0 0 0 0 0 0 0 0 0 0 0 0 0 0 0 0 0 0 0 0 0 0 0 0 0 0 0 0 0 0 0 0 0 0 0 0 0 0 0 0 0 0 0 0 0 0 0 0 0 0 0 0 0 0 0 0 0 0 0 0 0 0 0 0 0 0 0 0 0 0 0 0 0 0 0 0 0 
438 438 380 375 375 377 381 394 396 401 410 410 418 431 436 421 380 330 294 236 155 0 0 0 0 0 0 0 0 0 0 0 0 0 0 0 0 0 0 0 0 0 0 0 0 0 0 0 0 0 0 0 0 0 0 0 0 0 0 0 0 0 0 0 0 0 0 0 0 0 0 0 0 0 0 0 0 0 0 0 0 0 0 0 0 0 0 0 0 0 0 0 0 0 0 0 0 0 0 0 0 0 0 0 0 0 0 0 0 0 0 0 0 0 0 0 0 0 0 0 0 0 0 0 0 0 0 0 0 0 0 0 0 0 0 0 0 0 0 0 0 0 0 0 0 0 0 0 0 0 0 0 0 0 0 0 0 0 0 0 0 0 0 0 0 0 0 0 0 0 0 0 0 0 0 0 
405 406 416 412 407 403 395 393 394 398 406 422 443 465 477 463 401 350 304 232 139 0 0 0 0 0 0 0 0 0 0 0 0 0 0 0 0 0 0 0 0 0 0 0 0 0 0 0 0 0 0 0 0 0 0 0 0 0 0 0 0 0 0 0 0 0 0 0 0 0 0 0 0 0 0 0 0 0 0 0 0 0 0 0 0 0 0 0 0 0 0 0 0 0 0 0 0 0 0 0 0 0 0 0 0 0 0 0 0 0 0 0 0 0 0 0 0 0 0 0 0 0 0 0 0 0 0 0 0 0 0 0 0 0 0 0 0 0 0 0 0 0 0 0 0 0 0 0 0 0 0 0 0 0 0 0 0 0 0 0 0 0 0 0 0 0 0 0 0 0 0 0 0 0 0 0 
388 398 396 404 411 416 417 420 424 428 433 442 453 460 459 429 361 320 275 202 120 0 0 0 0 0 0 0 0 0 0 0 0 0 0 0 0 0 0 0 0 0 0 0 0 0 0 0 0 0 0 0 0 0 0 0 0 0 0 0 0 0 0 0 0 0 0 0 0 0 0 0 0 0 0 0 0 0 0 0 0 0 0 0 0 0 0 0 0 0 0 0 0 0 0 0 0 0 0 0 0 0 0 0 0 0 0 0 0 0 0 0 0 0 0 0 0 0 0 0 0 0 0 0 0 0 0 0 0 0 0 0 0 0 0 0 0 0 0 0 0 0 0 0 0 0 0 0 0 0 0 0 0 0 0 0 0 0 0 0 0 0 0 0 0 0 0 0 0 0 0 0 0 0 0 0 
364 366 353 371 384 390 392 394 396 399 403 412 421 424 420 384 318 288 245 171 104 0 0 0 0 0 0 0 0 0 0 0 0 0 0 0 0 0 0 0 0 0 0 0 0 0 0 0 0 0 0 0 0 0 0 0 0 0 0 0 0 0 0 0 0 0 0 0 0 0 0 0 0 0 0 0 0 0 0 0 0 0 0 0 0 0 0 0 0 0 0 0 0 0 0 0 0 0 0 0 0 0 0 0 0 0 0 0 0 0 0 0 0 0 0 0 0 0 0 0 0 0 0 0 0 0 0 0 0 0 0 0 0 0 0 0 0 0 0 0 0 0 0 0 0 0 0 0 0 0 0 0 0 0 0 0 0 0 0 0 0 0 0 0 0 0 0 0 0 0 0 0 0 0 0 0 
245 334 325 345 357 373 377 377 379 380 383 388 395 394 387 346 284 254 213 142 91 0 0 0 0 0 0 0 0 0 0 0 0 0 0 0 0 0 0 0 0 0 0 0 0 0 0 0 0 0 0 0 0 0 0 0 0 0 0 0 0 0 0 0 0 0 0 0 0 0 0 0 0 0 0 0 0 0 0 0 0 0 0 0 0 0 0 0 0 0 0 0 0 0 0 0 0 0 0 0 0 0 0 0 0 0 0 0 0 0 0 0 0 0 0 0 0 0 0 0 0 0 0 0 0 0 0 0 0 0 0 0 0 0 0 0 0 0 0 0 0 0 0 0 0 0 0 0 0 0 0 0 0 0 0 0 0 0 0 0 0 0 0 0 0 0 0 0 0 0 0 0 0 0 0 0 
83 170 292 316 330 344 357 361 363 365 368 373 379 375 365 321 269 237 198 125 86 0 0 0 0 0 0 0 0 0 0 0 0 0 0 0 0 0 0 0 0 0 0 0 0 0 0 0 0 0 0 0 0 0 0 0 0 0 0 0 0 0 0 0 0 0 0 0 0 0 0 0 0 0 0 0 0 0 0 0 0 0 0 0 0 0 0 0 0 0 0 0 0 0 0 0 0 0 0 0 0 0 0 0 0 0 0 0 0 0 0 0 0 0 0 0 0 0 0 0 0 0 0 0 0 0 0 0 0 0 0 0 0 0 0 0 0 0 0 0 0 0 0 0 0 0 0 0 0 0 0 0 0 0 0 0 0 0 0 0 0 0 0 0 0 0 0 0 0 0 0 0 0 0 0 0 
0 0 252 280 296 311 324 337 343 346 349 353 356 352 341 296 254 225 185 111 0 0 0 0 0 0 0 0 0 0 0 0 0 0 0 0 0 0 0 0 0 0 0 0 0 0 0 0 0 0 0 0 0 0 0 0 0 0 0 0 0 0 0 0 0 0 0 0 0 0 0 0 0 0 0 0 0 0 0 0 0 0 0 0 0 0 0 0 0 0 0 0 0 0 0 0 0 0 0 0 0 0 0 0 0 0 0 0 0 0 0 0 0 0 0 0 0 0 0 0 0 0 0 0 0 0 0 0 0 0 0 0 0 0 0 0 0 0 0 0 0 0 0 0 0 0 0 0 0 0 0 0 0 0 0 0 0 0 0 0 0 0 0 0 0 0 0 0 0 0 0 0 0 0 0 0 
0 0 215 251 263 276 287 297 298 307 314 320 326 324 311 276 242 212 171 102 0 0 0 0 0 0 0 0 0 0 0 0 0 0 0 0 0 0 0 0 0 0 0 0 0 0 0 0 0 0 0 0 0 0 0 0 0 0 0 0 0 0 0 0 0 0 0 0 0 0 0 0 0 0 0 0 0 0 0 0 0 0 0 0 0 0 0 0 0 0 0 0 0 0 0 0 0 0 0 0 0 0 0 0 0 0 0 0 0 0 0 0 0 0 0 0 0 0 0 0 0 0 0 0 0 0 0 0 0 0 0 0 0 0 0 0 0 0 0 0 0 0 0 0 0 0 0 0 0 0 0 0 0 0 0 0 0 0 0 0 0 0 0 0 0 0 0 0 0 0 0 0 0 0 0 0 
0 0 185 221 230 249 266 279 281 292 300 295 292 281 269 239 220 198 166 96 0 0 0 0 0 0 0 0 0 0 0 0 0 0 0 0 0 0 0 0 0 0 0 0 0 0 0 0 0 0 0 0 0 0 0 0 0 0 0 0 0 0 0 0 0 0 0 0 0 0 0 0 0 0 0 0 0 0 0 0 0 0 0 0 0 0 0 0 0 0 0 0 0 0 0 0 0 0 0 0 0 0 0 0 0 0 0 0 0 0 0 0 0 0 0 0 0 0 0 0 0 0 0 0 0 0 0 0 0 0 0 0 0 0 0 0 0 0 0 0 0 0 0 0 0 0 0 0 0 0 0 0 0 0 0 0 0 0 0 0 0 0 0 0 0 0 0 0 0 0 0 0 0 0 0 0 
0 0 0 188 197 208 229 249 252 268 279 274 271 260 248 221 213 194 164 0 0 0 0 0 0 0 0 0 0 0 0 0 0 0 0 0 0 0 0 0 0 0 0 0 0 0 0 0 0 0 0 0 0 0 0 0 0 0 0 0 0 0 0 0 0 0 0 0 0 0 0 0 0 0 0 0 0 0 0 0 0 0 0 0 0 0 0 0 0 0 0 0 0 0 0 0 0 0 0 0 0 0 0 0 0 0 0 0 0 0 0 0 0 0 0 0 0 0 0 0 0 0 0 0 0 0 0 0 0 0 0 0 0 0 0 0 0 0 0 0 0 0 0 0 0 0 0 0 0 0 0 0 0 0 0 0 0 0 0 0 0 0 0 0 0 0 0 0 0 0 0 0 0 0 0 0 
0 0 0 0 150 169 186 207 216 235 247 240 235 226 213 193 187 172 0 0 0 0 0 0 0 0 0 0 0 0 0 0 0 0 0 0 0 0 0 0 0 0 0 0 0 0 0 0 0 0 0 0 0 0 0 0 0 0 0 0 0 0 0 0 0 0 0 0 0 0 0 0 0 0 0 0 0 0 0 0 0 0 0 0 0 0 0 0 0 0 0 0 0 0 0 0 0 0 0 0 0 0 0 0 0 0 0 0 0 0 0 0 0 0 0 0 0 0 0 0 0 0 0 0 0 0 0 0 0 0 0 0 0 0 0 0 0 0 0 0 0 0 0 0 0 0 0 0 0 0 0 0 0 0 0 0 0 0 0 0 0 0 0 0 0 0 0 0 0 0 0 0 0 0 0 0 
0 0 0 0 0 0 0 136 147 177 200 194 193 183 168 157 153 0 0 0 0 0 0 0 0 0 0 0 0 0 0 0 0 0 0 0 0 0 0 0 0 0 0 0 0 0 0 0 0 0 0 0 0 0 0 0 0 0 0 0 0 0 0 0 0 0 0 0 0 0 0 0 0 0 0 0 0 0 0 0 0 0 0 0 0 0 0 0 0 0 0 0 0 0 0 0 0 0 0 0 0 0 0 0 0 0 0 0 0 0 0 0 0 0 0 0 0 0 0 0 0 0 0 0 0 0 0 0 0 0 0 0 0 0 0 0 0 0 0 0 0 0 0 0 0 0 0 0 0 0 0 0 0 0 0 0 0 0 0 0 0 0 0 0 0 0 0 0 0 0 0 0 0 0 0 0 
0 0 0 0 0 0 0 0 0 0 0 0 0 0 0 0 0 0 0 0 0 0 0 0 0 0 0 0 0 0 0 0 0 0 0 0 0 0 0 0 0 0 0 0 0 0 0 0 0 0 0 0 0 0 0 0 0 0 0 0 0 0 0 0 0 0 0 0 0 0 0 0 0 0 0 0 0 0 0 0 0 0 0 0 0 0 0 0 0 0 0 0 0 0 0 0 0 0 0 0 0 0 0 0 0 0 0 0 0 0 0 0 0 0 0 0 0 0 0 0 0 0 0 0 0 0 0 0 0 0 0 0 0 0 0 0 0 0 0 0 0 0 0 0 0 0 0 0 0 0 0 0 0 0 0 0 0 0 0 0 0 0 0 0 0 0 0 0 0 0 0 0 0 0 0 0 
0 0 0 0 0 0 0 0 0 0 0 0 0 0 0 0 0 0 0 0 0 0 0 0 0 0 0 0 0 0 0 0 0 0 0 0 0 0 0 0 0 0 0 0 0 0 0 0 0 0 0 0 0 0 0 0 0 0 0 0 0 0 0 0 0 0 0 0 0 0 0 0 0 0 0 0 0 0 0 0 0 0 0 0 0 0 0 0 0 0 0 0 0 0 0 0 0 0 0 0 0 0 0 0 0 0 0 0 0 0 0 0 0 0 0 0 0 0 0 0 0 0 0 0 0 0 0 0 0 0 0 0 0 0 0 0 0 0 0 0 0 0 0 0 0 0 0 0 0 0 0 0 0 0 0 0 0 0 0 0 0 0 0 0 0 0 0 0 0 0 0 0 0 0 0 0 
0 0 0 0 0 0 0 0 0 0 0 0 0 0 0 0 0 0 0 0 0 0 0 0 0 0 0 0 0 0 0 0 0 0 0 0 0 0 0 0 0 0 0 0 0 0 0 0 0 0 0 0 0 0 0 0 0 0 0 0 0 0 0 0 0 0 0 0 0 0 0 0 0 0 0 0 0 0 0 0 0 0 0 0 0 0 0 0 0 0 0 0 0 0 0 0 0 0 0 0 0 0 0 0 0 0 0 0 0 0 0 0 0 0 0 0 0 0 0 0 0 0 0 0 0 0 0 0 0 0 0 0 0 0 0 0 0 0 0 0 0 0 0 0 0 0 0 0 0 0 0 0 0 0 0 0 0 0 0 0 0 0 0 0 0 0 0 0 0 0 0 0 0 0 0 0 
0 0 0 0 0 0 0 0 0 0 0 0 0 0 0 0 0 0 0 0 0 0 0 0 0 0 0 0 0 0 0 0 0 0 0 0 0 0 0 0 0 0 0 0 0 0 0 0 0 0 0 0 0 0 0 0 0 0 0 0 0 0 0 0 0 0 0 0 0 0 0 0 0 0 0 0 0 0 0 0 0 0 0 0 0 0 0 0 0 0 0 0 0 0 0 0 0 0 0 0 0 0 0 0 0 0 0 0 0 0 0 0 0 0 0 0 0 0 0 0 0 0 0 0 0 0 0 0 0 0 0 0 0 0 0 0 0 0 0 0 0 0 0 0 0 0 0 0 0 0 0 0 0 0 0 0 0 0 0 0 0 0 0 0 0 0 0 0 0 0 0 0 0 0 0 0 
0 0 0 0 0 0 0 0 0 0 0 0 0 0 0 0 0 0 0 0 0 0 0 0 0 0 0 0 0 0 0 0 0 0 0 0 0 0 0 0 0 0 0 0 0 0 0 0 0 0 0 0 0 0 0 0 0 0 0 0 0 0 0 0 0 0 0 0 0 0 0 0 0 0 0 0 0 0 0 0 0 0 0 0 0 0 0 0 0 0 0 0 0 0 0 0 0 0 0 0 0 0 0 0 0 0 0 0 0 0 0 0 0 0 0 0 0 0 0 0 0 0 0 0 0 0 0 0 0 0 0 0 0 0 0 0 0 0 0 0 0 0 0 0 0 0 0 0 0 0 0 0 0 0 0 0 0 0 0 0 0 0 0 0 0 0 0 0 0 0 0 0 0 0 0 0 
0 0 0 0 0 0 0 0 0 0 0 0 0 0 0 0 0 0 0 0 0 0 0 0 0 0 0 0 0 0 0 0 0 0 0 0 0 0 0 0 0 0 0 0 0 0 0 0 0 0 0 0 0 0 0 0 0 0 0 0 0 0 0 0 0 0 0 0 0 0 0 0 0 0 0 0 0 0 0 0 0 0 0 0 0 0 0 0 0 0 0 0 0 0 0 0 0 0 0 0 0 0 0 0 0 0 0 0 0 0 0 0 0 0 0 0 0 0 0 0 0 0 0 0 0 0 0 0 0 0 0 0 0 0 0 0 0 0 0 0 0 0 0 0 0 0 0 0 0 0 0 0 0 0 0 0 0 0 0 0 0 0 0 0 0 0 0 0 0 0 0 0 0 0 0 0 
0 0 0 0 0 0 0 0 0 0 0 0 0 0 0 0 0 0 0 0 0 0 0 0 0 0 0 0 0 0 0 0 0 0 0 0 0 0 0 0 0 0 0 0 0 0 0 0 0 0 0 0 0 0 0 0 0 0 0 0 0 0 0 0 0 0 0 0 0 0 0 0 0 0 0 0 0 0 0 0 0 0 0 0 0 0 0 0 0 0 0 0 0 0 0 0 0 0 0 0 0 0 0 0 0 0 0 0 0 0 0 0 0 0 0 0 0 0 0 0 0 0 0 0 0 0 0 0 0 0 0 0 0 0 0 0 0 0 0 0 0 0 0 0 0 0 0 0 0 0 0 0 0 0 0 0 0 0 0 0 0 0 0 0 0 0 0 0 0 0 0 0 0 0 0 0 
0 0 0 0 0 0 0 0 0 0 0 0 0 0 0 0 0 0 0 0 0 0 0 0 0 0 0 0 0 0 0 0 0 0 0 0 0 0 0 0 0 0 0 0 0 0 0 0 0 0 0 0 0 0 0 0 0 0 0 0 0 0 0 0 0 0 0 0 0 0 0 0 0 0 0 0 0 0 0 0 0 0 0 0 0 0 0 0 0 0 0 0 0 0 0 0 0 0 0 0 0 0 0 0 0 0 0 0 0 0 0 0 0 0 0 0 0 0 0 0 0 0 0 0 0 0 0 0 0 0 0 0 0 0 0 0 0 0 0 0 0 0 0 0 0 0 0 0 0 0 0 0 0 0 0 0 0 0 0 0 0 0 0 0 0 0 0 0 0 0 0 0 0 0 0 0 
