89 93 89 86 92 90 95 86 92 85 80 81 86 88 86 88 83 82 79 81 82 83 80 82 83 80 77 90 87 87 84 84 84 86 85 76 76 75 76 87 82 82 83 84 80 80 88 82 76 82 82 80 78 79 81 79 81 77 79 76 77 82 72 73 75 80 85 79 79 80 78 81 78 80 81 82 79 79 86 78 80 85 85 83 82 81 78 81 72 67 77 84 77 80 86 75 81 81 79 79 82 76 80 83 85 84 82 86 84 85 83 88 88 78 67 76 81 86 83 82 85 97 86 90 91 93 89 88 92 91 95 86 95 95 97 93 90 95 92 88 90 91 96 98 101 104 103 98 103 102 109 103 107 111 110 104 116 115 104 81 78 82 81 72 81 79 87 85 81 76 84 92 92 102 104 111 
92 88 96 87 88 88 88 93 76 86 87 84 76 75 77 73 72 80 83 84 82 90 86 84 85 79 84 87 87 83 84 84 79 79 86 84 74 68 66 76 82 77 81 81 75 76 79 78 82 81 81 83 81 70 77 78 78 79 85 82 80 80 76 61 70 74 83 76 80 77 80 81 82 81 78 82 78 81 85 85 79 79 80 85 81 81 83 76 73 67 78 79 76 80 82 86 79 80 76 82 82 83 79 85 82 83 82 84 87 87 82 81 86 82 72 77 85 84 85 88 82 87 92 93 84 89 90 87 90 93 95 91 92 93 93 91 92 94 87 78 90 95 98 95 100 95 100 102 102 104 108 107 104 105 104 118 104 103 90 81 78 76 85 85 80 82 80 78 75 88 81 93 89 91 105 105 
86 80 86 86 86 85 85 84 83 83 82 81 81 80 79 78 78 79 80 82 83 83 83 83 82 82 83 83 83 83 82 81 81 80 80 79 77 76 76 75 75 76 76 76 77 77 77 77 78 78 78 77 77 77 77 77 77 78 78 78 77 76 74 73 74 74 76 77 78 78 78 78 78 78 78 78 79 80 79 80 80 80 80 80 81 80 79 77 76 76 76 77 79 80 79 79 79 78 79 79 79 80 80 80 80 81 81 82 82 82 82 80 78 78 78 79 80 82 84 85 85 86 87 88 87 88 88 88 89 89 90 91 92 92 92 91 90 89 89 89 90 92 94 95 96 97 98 99 100 101 102 103 104 104 102 100 95 90 86 82 81 79 79 79 80 79 79 80 80 82 84 87 91 96 100 103 
85 89 84 84 83 83 82 82 81 81 81 80 81 79 78 77 77 77 78 81 83 83 83 83 82 82 82 81 81 81 80 80 80 80 79 79 77 76 75 74 73 74 74 75 75 76 76 76 76 77 77 76 76 76 75 75 76 76 76 76 77 75 74 73 73 74 75 76 78 78 79 79 79 79 80 80 80 81 81 81 82 82 82 82 83 82 82 80 79 79 79 80 82 82 82 82 81 82 82 82 82 82 83 83 83 83 84 83 83 83 83 81 80 80 80 81 82 84 85 85 86 86 86 87 86 87 87 87 88 88 89 89 90 90 90 89 88 88 88 88 90 92 93 94 95 96 97 98 99 100 101 102 102 101 97 93 89 84 81 79 79 78 78 78 79 78 78 78 79 81 83 86 90 94 99 107 
84 82 82 82 81 81 81 81 81 81 80 80 80 79 78 77 76 76 77 79 80 81 81 81 80 80 80 79 79 79 78 78 79 79 78 78 77 76 75 74 72 72 72 73 73 74 74 74 74 75 75 74 75 76 76 76 76 76 77 77 78 78 77 77 77 78 79 80 81 82 83 83 83 84 84 84 84 85 85 85 86 86 86 86 87 87 87 86 85 85 85 85 86 87 87 87 87 87 87 87 87 87 87 87 88 88 89 88 88 89 88 87 86 86 86 87 88 89 89 90 90 90 90 90 89 90 90 89 90 90 90 90 90 90 90 89 88 88 88 89 90 91 92 93 94 95 96 96 97 98 99 100 99 96 92 87 82 79 78 78 78 77 77 77 77 76 77 77 78 80 82 85 89 93 93 102 
75 84 80 80 79 79 79 79 79 80 80 81 81 79 77 76 74 74 74 76 78 79 79 79 79 78 78 78 77 77 76 76 76 76 76 76 75 75 74 73 72 72 72 73 74 75 75 75 76 77 77 77 78 79 79 79 80 80 80 81 82 82 83 83 83 84 84 85 86 87 87 87 88 88 88 88 89 89 89 90 90 90 90 91 91 91 91 91 90 91 91 90 91 91 91 91 91 92 92 92 92 92 92 92 93 93 93 93 93 93 93 92 92 93 93 93 94 94 94 94 94 94 94 94 93 94 94 94 94 94 94 94 94 94 94 92 92 92 92 92 93 94 93 94 95 96 97 97 97 98 99 99 97 93 88 83 79 77 76 76 77 76 75 74 74 73 0 75 77 79 81 84 88 92 95 94 
82 80 78 78 78 78 78 79 79 79 78 79 78 78 76 75 74 73 73 73 74 76 76 76 76 76 75 75 75 75 74 75 75 76 75 76 76 76 76 76 76 76 76 77 78 79 79 79 80 81 81 81 83 83 83 84 84 84 84 84 85 86 87 87 87 89 89 90 90 91 91 91 91 92 92 93 93 94 94 94 95 95 95 95 95 95 96 96 95 95 96 95 95 96 96 96 96 96 97 97 97 97 97 97 97 98 98 98 98 98 98 97 98 98 99 99 99 99 99 99 99 99 98 98 98 98 99 98 99 98 98 98 99 98 98 96 96 97 97 97 98 98 97 98 99 99 100 101 101 102 102 100 96 91 84 79 76 75 75 75 75 74 73 73 72 0 0 0 75 77 79 82 86 91 104 102 
76 77 77 78 77 77 77 78 78 77 77 76 76 76 75 75 74 72 71 71 72 73 73 74 75 75 74 75 75 75 76 77 78 78 78 78 79 79 80 80 80 80 80 81 82 83 83 83 84 85 85 86 87 87 87 87 88 87 87 88 89 90 91 92 93 94 94 95 95 95 96 96 96 97 97 97 98 98 99 99 99 100 100 100 100 100 101 101 101 101 101 100 100 101 101 101 101 102 102 102 102 102 102 102 102 103 103 103 103 103 103 103 103 104 104 105 105 105 105 105 104 104 104 104 104 104 104 103 103 103 103 102 103 102 102 101 102 102 102 103 103 103 102 102 103 103 104 105 105 106 106 103 97 91 83 78 75 74 74 74 73 72 72 70 0 0 0 0 75 76 77 81 85 89 99 98 
72 75 76 76 76 76 77 77 77 76 75 75 74 74 73 73 72 72 71 71 71 72 73 74 75 76 76 77 77 78 78 79 80 80 81 81 81 82 83 83 84 84 85 85 86 86 86 86 87 88 89 90 91 92 92 92 92 92 92 93 93 95 95 96 97 98 98 99 99 99 99 99 99 99 99 100 100 101 101 101 101 101 101 101 102 102 102 103 102 102 103 102 102 102 102 102 103 103 103 103 104 104 104 104 104 104 105 105 105 106 106 106 106 107 108 108 108 108 108 108 108 109 109 108 108 108 108 108 108 107 107 107 108 108 107 106 107 107 107 107 107 106 105 106 106 107 107 109 110 111 111 107 100 93 85 78 75 74 74 73 72 71 71 0 0 0 0 0 73 74 76 80 84 89 91 100 
73 88 74 75 75 75 75 75 75 74 73 73 73 73 73 74 74 74 73 73 74 74 75 76 78 78 79 79 80 81 81 81 82 83 83 84 85 85 86 87 88 88 89 90 91 91 91 91 92 93 93 94 95 95 95 95 95 95 95 95 95 96 97 97 98 98 98 99 99 98 98 99 98 99 99 99 100 100 100 100 100 100 100 100 101 101 101 102 102 102 102 102 101 101 102 101 102 102 102 102 103 103 103 104 103 104 104 104 104 104 105 105 105 106 106 107 108 108 108 108 108 108 108 109 109 109 109 109 109 109 109 109 110 111 111 110 111 111 110 111 111 111 110 110 110 111 111 113 114 115 116 111 104 96 87 78 75 74 72 71 70 68 0 0 0 0 0 0 72 73 75 79 82 87 96 97 
75 74 73 74 74 74 74 75 74 74 74 74 75 75 76 76 76 76 77 76 77 77 78 79 80 80 81 82 82 83 84 85 86 87 87 88 89 89 90 90 91 91 92 92 93 93 93 93 93 94 94 94 94 95 94 94 94 94 95 95 95 96 96 96 96 97 96 97 97 97 97 97 97 97 97 98 98 99 99 99 98 99 99 99 100 100 100 100 100 100 100 100 99 99 100 99 99 100 100 100 101 101 101 102 102 102 102 102 102 102 103 103 103 104 105 106 106 106 106 106 106 107 107 108 108 108 108 108 108 108 109 109 109 110 110 109 110 111 111 111 112 111 110 111 111 112 113 115 116 118 120 115 107 98 88 78 74 72 71 69 68 0 0 0 0 0 0 0 72 73 74 78 81 85 94 96 
70 73 73 74 74 75 75 75 75 75 76 76 77 77 78 78 78 78 79 80 80 81 82 82 83 84 85 85 86 87 87 88 88 89 89 90 90 91 91 91 91 91 92 92 93 93 93 92 92 93 93 93 93 93 93 92 93 92 92 92 92 92 92 91 91 91 91 91 91 92 92 92 93 94 95 97 98 98 98 98 98 98 98 98 98 97 95 94 94 93 93 93 92 92 92 92 92 93 93 93 94 95 95 96 95 96 96 97 97 97 98 98 98 98 99 99 99 99 99 100 100 102 102 103 105 106 106 107 107 107 108 108 109 109 109 109 110 110 110 111 111 111 110 111 111 111 112 114 115 117 120 116 108 99 89 79 74 71 70 69 66 0 0 0 0 0 0 0 69 72 73 76 79 84 90 97 
67 0 74 76 76 77 77 77 77 76 78 79 79 79 80 80 80 81 82 83 83 85 85 86 86 86 87 87 87 88 88 88 88 88 88 89 89 89 89 89 90 89 90 90 89 89 89 88 88 88 88 88 89 88 87 86 85 86 87 88 90 92 91 90 90 89 89 89 89 90 90 89 90 92 93 95 97 98 98 98 98 98 98 97 96 94 92 91 92 91 91 91 90 90 90 90 90 90 90 91 92 93 94 95 94 95 95 95 95 96 96 96 96 96 97 97 97 97 97 98 99 100 99 99 101 102 103 105 106 107 107 108 108 109 108 108 109 109 109 109 110 109 109 110 110 110 111 112 113 115 118 115 107 99 90 79 72 71 70 69 0 0 0 0 0 0 0 0 68 71 73 76 79 84 89 94 
70 76 76 77 77 78 78 78 78 78 80 81 82 82 82 82 83 83 84 85 85 86 86 86 86 86 85 86 87 87 87 87 87 87 86 86 86 86 85 85 84 82 84 84 85 87 88 87 87 87 87 87 87 86 85 84 82 83 84 86 88 90 90 89 88 87 86 86 87 87 87 86 87 89 91 93 96 97 97 97 98 98 98 95 94 91 89 87 89 88 87 88 87 86 86 86 86 87 86 87 89 90 90 91 91 91 91 92 93 93 93 94 94 94 94 95 94 93 94 95 96 97 96 96 98 100 101 104 106 107 107 107 108 108 108 107 108 108 108 109 110 109 108 109 109 108 109 110 111 114 116 113 105 98 90 79 70 68 67 0 0 0 0 0 0 0 0 0 67 70 72 74 77 82 88 89 
77 85 77 78 78 79 79 79 80 80 81 82 83 83 83 83 83 83 84 84 84 85 85 85 85 85 85 85 86 87 87 87 87 86 86 85 85 83 83 83 82 80 81 82 83 85 86 85 85 85 84 85 85 83 82 80 78 79 80 82 84 87 86 85 83 82 81 81 81 82 82 79 82 86 88 91 96 97 97 97 98 98 97 93 92 89 85 80 82 82 81 82 81 80 80 79 79 80 80 80 82 83 84 84 84 85 85 86 87 88 87 88 89 88 89 89 88 87 88 89 91 92 91 90 95 97 99 102 106 107 107 107 108 108 107 107 107 108 107 108 109 108 107 108 107 108 109 109 110 112 113 111 103 98 91 81 70 0 0 0 0 0 0 0 0 0 0 0 66 70 72 74 76 80 89 92 
86 81 79 79 80 80 80 81 81 81 81 82 82 82 81 82 82 83 83 84 83 84 83 84 84 84 84 85 86 86 87 87 87 85 84 83 82 81 82 81 80 77 78 79 80 81 82 81 81 81 80 80 81 79 76 74 71 71 71 73 75 78 76 73 71 69 69 70 71 73 74 71 77 84 87 90 96 98 97 98 98 98 97 92 90 86 80 71 70 70 69 69 67 66 65 65 66 66 66 67 69 71 73 72 72 74 74 75 79 79 78 78 79 76 76 76 74 72 74 76 78 80 80 81 89 94 97 100 106 107 107 107 108 108 108 107 107 108 108 108 109 108 107 107 107 107 108 108 109 110 111 110 103 99 95 84 71 0 0 0 0 0 0 0 0 0 0 0 65 69 71 73 76 80 80 90 
80 79 79 79 79 79 79 80 80 80 80 81 81 80 80 81 81 81 81 81 81 82 82 83 83 84 84 84 85 86 86 87 87 83 82 81 79 76 78 75 74 70 70 70 71 72 73 71 71 71 70 72 72 69 65 61 55 52 0 0 0 0 0 0 0 0 0 0 0 0 0 68 78 85 88 89 95 97 97 97 97 97 96 91 89 86 81 69 0 0 0 0 0 0 0 0 0 0 0 0 0 0 0 0 0 0 0 0 0 0 0 0 0 0 0 0 0 0 0 0 0 0 0 73 86 92 96 99 105 106 106 106 107 107 107 107 107 107 106 107 107 107 106 106 106 106 107 107 108 109 110 109 102 101 96 88 71 0 0 0 0 0 0 0 0 0 0 0 0 69 70 72 75 79 78 88 
77 78 78 78 78 78 78 79 79 79 79 80 80 80 80 81 81 79 79 78 78 79 80 81 82 83 83 84 84 86 86 86 86 83 81 79 76 70 70 66 64 58 57 0 0 0 0 0 0 0 0 0 0 0 0 0 0 0 0 0 0 0 0 0 0 0 0 0 0 0 0 69 80 85 88 90 95 97 97 97 97 97 96 90 89 86 81 69 0 0 0 0 0 0 0 0 0 0 0 0 0 0 0 0 0 0 0 0 0 0 0 0 0 0 0 0 0 0 0 0 0 0 0 72 87 93 96 98 105 106 106 106 106 106 107 107 107 106 106 106 106 106 105 105 105 105 105 105 106 107 108 108 102 100 97 89 72 0 0 0 0 0 0 0 0 0 0 0 0 68 70 72 74 77 84 94 
80 78 77 77 77 77 78 79 79 79 79 80 80 80 80 80 79 77 77 75 75 77 79 81 82 83 83 84 84 85 85 86 86 81 80 78 74 65 0 0 0 0 0 0 0 0 0 0 0 0 0 0 0 0 0 0 0 0 0 0 0 0 0 0 0 0 0 0 0 0 0 69 80 86 88 90 96 97 97 97 97 97 96 90 89 86 81 69 0 0 0 0 0 0 0 0 0 0 0 0 0 0 0 0 0 0 0 0 0 0 0 0 0 0 0 0 0 0 0 0 0 0 0 71 85 91 95 97 104 105 105 105 105 106 106 106 106 106 105 105 105 105 104 105 105 104 105 105 105 106 107 108 102 102 99 92 76 0 0 0 0 0 0 0 0 0 0 0 0 69 71 72 74 77 81 86 
75 81 76 77 77 77 77 78 78 78 78 79 79 79 79 79 77 74 74 72 72 76 79 80 82 83 83 83 84 85 85 85 85 80 79 77 72 62 0 0 0 0 0 0 0 0 0 0 0 0 0 0 0 0 0 0 0 0 0 0 0 0 51 49 49 49 47 0 0 0 0 67 80 85 88 90 96 97 96 97 97 97 96 90 89 86 81 69 0 0 0 0 0 0 0 0 0 0 0 0 0 0 0 0 0 0 0 0 0 0 0 0 0 0 0 0 0 0 0 0 0 0 0 71 85 91 94 96 103 104 104 104 104 105 105 106 106 106 105 104 104 104 104 104 104 104 104 104 104 105 106 108 103 103 100 95 78 0 0 0 0 0 0 0 0 0 0 0 0 67 69 71 74 77 85 86 
81 79 76 76 76 76 77 77 77 77 77 78 78 79 79 78 76 72 69 66 68 72 76 79 82 82 82 83 83 84 85 85 85 81 80 78 73 62 0 0 0 0 0 0 0 0 0 0 0 0 0 0 0 0 0 0 0 0 0 0 0 54 53 51 50 50 48 45 0 0 0 65 79 85 88 89 96 97 96 97 97 97 95 90 88 85 80 68 0 0 0 0 0 0 0 0 0 0 0 0 0 0 0 0 0 0 0 0 0 0 0 0 0 0 0 0 0 0 0 0 0 0 0 72 85 92 94 96 103 104 104 104 105 105 105 105 106 105 104 104 104 103 103 104 104 104 104 104 103 104 105 107 102 102 100 97 79 0 0 0 0 0 0 0 0 0 0 0 0 0 70 71 74 76 80 94 
72 71 76 76 76 76 77 77 77 77 77 78 78 78 79 78 75 71 68 65 67 71 76 79 82 82 82 83 83 84 84 85 84 81 80 78 73 0 0 0 0 0 0 0 0 0 0 0 0 0 0 0 0 0 0 0 0 0 0 0 0 53 53 51 50 50 47 44 0 0 0 64 78 84 87 89 95 97 96 97 97 97 95 90 88 85 80 68 0 0 0 0 0 0 0 0 0 0 0 0 0 0 0 0 0 0 0 0 0 0 0 0 0 0 0 0 0 0 0 0 0 0 0 70 83 90 94 96 103 105 105 105 105 105 105 105 105 105 104 104 103 103 103 103 104 104 104 103 102 103 104 106 103 101 99 95 79 0 0 0 0 0 0 0 0 0 0 0 0 0 69 70 73 76 74 79 
77 78 75 75 76 76 76 76 76 77 77 78 78 78 78 77 74 72 69 67 70 74 77 79 81 81 82 82 83 84 84 84 84 81 80 78 74 0 0 0 0 0 0 0 0 0 0 0 0 0 0 0 0 0 0 0 0 0 0 0 0 53 53 51 50 50 47 44 0 0 0 65 79 85 87 89 95 96 96 96 96 96 95 89 87 85 79 67 0 0 0 0 0 0 0 0 0 0 0 0 0 0 0 0 0 0 0 0 0 0 0 0 0 0 0 0 0 0 0 0 0 0 0 70 83 90 93 95 103 104 105 105 105 105 105 105 105 104 104 103 103 103 103 103 103 103 104 103 102 103 104 106 104 100 98 95 80 0 0 0 0 0 0 0 0 0 0 0 0 0 67 69 72 75 81 88 
74 75 75 75 76 76 75 76 76 76 77 77 77 77 77 76 75 73 71 70 72 74 77 79 81 81 82 82 83 83 84 85 84 82 82 80 75 0 0 0 0 0 0 0 0 0 0 0 0 0 0 0 0 0 0 0 0 0 0 0 0 53 53 52 51 50 48 45 0 0 0 65 78 84 88 89 96 97 97 97 97 96 95 89 87 84 79 66 0 0 0 0 0 0 0 0 0 0 0 0 0 0 0 0 0 0 0 0 0 0 0 0 0 0 0 0 0 0 0 0 0 0 0 69 82 89 93 95 103 105 105 105 106 105 104 104 104 103 103 103 103 103 102 102 103 103 103 103 102 102 103 106 104 98 97 93 79 0 0 0 0 0 0 0 0 0 0 0 0 0 65 69 72 74 79 79 
80 69 75 75 75 75 75 75 76 77 77 78 77 77 77 76 76 75 74 73 75 75 77 80 81 81 82 82 83 83 84 85 83 83 83 81 75 0 0 0 0 0 0 0 0 0 0 0 0 0 0 0 0 0 0 0 0 0 0 0 0 54 54 52 51 50 47 44 0 0 0 66 79 85 87 89 95 96 96 97 97 97 95 89 86 83 77 64 0 0 0 0 0 0 0 0 0 0 0 0 0 0 0 0 0 0 0 0 0 0 0 0 0 0 0 0 0 0 0 0 0 0 0 67 81 88 93 95 103 105 105 105 106 105 105 104 104 103 103 103 102 103 102 102 103 103 103 102 102 102 103 105 104 97 96 92 81 60 0 0 0 0 0 0 0 0 0 0 0 0 65 69 72 74 79 85 
68 69 74 74 75 75 74 75 75 76 76 77 77 76 77 76 76 76 76 76 77 78 79 80 81 81 81 82 83 83 84 85 82 82 82 79 72 0 0 0 0 0 0 0 0 0 0 0 0 0 0 0 0 0 0 0 0 0 0 0 0 0 0 50 50 48 0 0 0 0 0 67 79 85 87 89 95 96 96 96 96 96 95 89 87 84 77 65 0 0 0 0 0 0 0 0 0 0 0 0 0 0 0 0 0 0 0 0 0 0 0 0 0 0 0 0 0 0 0 0 0 0 0 63 78 86 91 93 102 104 105 104 105 105 104 104 103 103 103 103 103 103 103 102 103 103 102 102 101 101 102 104 105 97 96 92 82 62 0 0 0 0 0 0 0 0 0 0 0 0 64 68 71 73 77 79 
77 71 74 74 74 74 74 74 75 76 76 77 77 76 77 77 76 77 77 78 79 79 80 80 80 80 80 81 82 82 84 85 82 81 81 78 70 0 0 0 0 0 0 0 0 0 0 0 0 0 0 0 0 0 0 0 0 0 0 0 0 0 0 0 0 0 0 0 0 0 0 66 79 85 87 89 95 96 96 96 96 96 95 88 86 84 77 64 0 0 0 0 0 0 0 0 0 0 0 0 0 0 0 0 0 0 0 0 0 0 0 0 0 0 0 0 0 0 0 0 0 0 0 60 76 85 90 93 102 104 104 104 104 104 104 104 103 103 103 103 103 103 103 102 103 102 101 101 101 101 102 104 105 98 97 94 85 67 0 0 0 0 0 0 0 0 0 0 0 0 65 69 71 73 77 78 
71 75 73 73 74 74 74 74 75 75 75 76 76 76 76 76 77 78 78 79 79 79 80 80 80 80 80 81 82 83 84 84 82 81 80 77 69 0 0 0 0 0 0 0 0 0 0 0 0 0 0 0 0 0 0 0 0 0 0 0 0 0 0 0 0 0 0 0 0 0 0 64 79 84 87 89 95 96 96 96 96 96 94 88 86 83 76 62 0 0 0 0 0 0 0 0 0 0 0 0 0 0 0 0 0 0 0 0 0 0 0 0 0 0 0 0 0 0 0 0 0 0 0 55 74 84 89 92 102 104 104 104 105 104 104 104 103 103 103 103 103 103 103 102 103 102 101 101 101 101 102 104 105 98 98 95 87 68 0 0 0 0 0 0 0 0 0 0 0 0 67 70 71 73 72 79 
76 72 74 73 74 74 73 73 74 75 74 75 75 75 75 77 77 77 78 79 79 80 80 80 80 80 81 81 82 83 84 84 82 81 80 77 70 0 0 0 0 0 0 0 0 0 0 0 0 0 0 0 0 0 0 0 0 0 0 0 0 0 0 0 0 0 0 0 0 0 0 65 80 85 87 89 95 96 96 95 95 95 94 87 85 82 75 59 0 0 0 0 0 0 0 0 0 0 0 0 0 0 0 0 0 0 0 0 0 0 0 0 0 0 0 0 0 0 0 0 0 0 0 51 71 82 87 90 101 103 104 104 104 104 104 104 104 103 104 103 103 104 103 102 102 102 101 100 100 100 101 103 105 99 98 97 90 71 0 0 0 0 0 0 0 0 0 0 0 0 67 70 72 73 76 74 
71 72 73 73 73 74 73 73 74 74 74 75 75 76 76 77 78 78 78 79 79 80 80 80 80 80 80 81 82 83 84 84 82 82 80 78 72 0 0 0 0 0 0 0 0 0 0 0 0 0 0 0 0 0 0 0 0 0 0 0 0 0 0 0 0 0 0 0 0 0 0 66 81 85 88 89 96 96 96 96 95 95 94 87 85 81 74 58 0 0 0 0 0 0 0 0 0 0 0 0 0 0 0 0 0 0 0 0 0 0 0 0 0 0 0 0 0 0 0 0 0 0 0 48 68 80 86 89 100 103 103 104 104 104 104 104 104 103 103 103 103 103 103 102 102 101 100 100 100 100 101 103 105 99 99 97 90 71 0 0 0 0 0 0 0 0 0 0 0 0 67 69 71 72 73 78 
74 73 72 72 73 73 73 74 74 74 74 74 75 76 76 77 77 77 78 78 79 80 80 80 80 81 81 81 82 83 84 84 82 81 80 78 72 0 0 0 0 0 0 0 0 0 0 0 0 0 0 0 0 0 0 0 0 0 0 0 0 0 0 0 0 0 0 0 0 0 0 67 81 86 88 90 95 96 96 96 95 95 94 86 82 78 71 55 0 0 0 0 0 0 0 0 0 0 0 0 0 0 0 0 0 0 0 0 0 0 0 0 0 0 0 0 0 0 0 0 0 0 0 46 67 79 85 89 100 103 104 104 104 104 104 104 104 103 104 103 103 103 103 102 102 101 100 100 100 100 102 103 105 99 99 97 91 72 0 0 0 0 0 0 0 0 0 0 0 0 65 68 69 71 80 78 
71 73 72 72 73 74 73 74 74 74 74 74 75 75 76 77 77 77 78 78 79 80 80 80 81 81 81 81 82 83 83 84 82 81 80 78 73 0 0 0 0 0 0 0 0 0 0 0 0 0 0 0 0 0 0 0 0 0 0 0 0 0 0 0 0 0 0 0 0 0 0 70 83 87 89 91 96 96 96 96 95 95 94 87 80 76 69 53 0 0 0 0 0 0 0 0 0 0 0 0 0 0 0 0 0 0 0 0 0 0 0 0 0 0 0 0 0 0 0 0 0 0 0 45 66 78 84 88 100 103 104 104 104 104 104 104 104 104 104 104 104 103 103 102 101 101 100 101 101 101 102 103 105 99 99 97 92 74 0 0 0 0 0 0 0 0 0 0 0 0 63 66 68 71 70 74 
70 72 72 72 72 73 73 73 74 74 74 74 75 75 76 77 77 77 78 78 78 79 80 80 80 81 81 81 82 83 83 84 81 81 80 78 72 0 0 0 0 0 0 0 0 0 0 0 0 0 0 0 0 0 0 0 0 0 0 0 0 0 0 0 0 0 0 0 0 0 0 71 83 86 89 90 95 96 96 96 96 95 94 87 80 76 69 53 0 0 0 0 0 0 0 0 0 0 0 0 0 0 0 0 0 0 0 0 0 0 0 0 0 0 0 0 0 0 0 0 0 0 0 44 67 79 85 89 99 103 103 104 104 104 104 104 104 104 104 104 104 103 102 102 101 100 100 101 100 101 102 103 105 100 100 99 95 78 0 0 0 0 0 0 0 0 0 0 0 0 63 66 68 70 67 79 
76 72 71 72 72 73 73 73 73 73 73 74 74 75 76 77 77 77 78 78 78 80 80 80 81 82 81 81 82 82 83 83 81 80 79 76 69 0 0 0 0 0 0 0 0 0 0 0 0 0 0 0 0 0 0 0 0 0 0 0 0 0 0 0 0 0 0 0 0 0 0 72 83 86 89 90 95 95 96 96 96 95 94 87 79 74 66 51 0 0 0 0 0 0 0 0 0 0 0 0 0 0 0 0 0 0 0 0 0 0 0 0 0 0 0 0 0 0 0 0 0 0 0 0 70 82 88 91 99 103 103 104 104 104 104 104 104 104 104 104 103 102 102 101 100 100 100 101 101 101 102 103 105 101 99 98 93 78 0 0 0 0 0 0 0 0 0 0 0 0 0 66 67 70 71 79 
63 72 71 72 72 72 73 73 74 74 74 74 74 75 76 76 76 77 78 78 78 80 80 80 81 82 81 81 82 82 83 83 80 79 78 75 66 0 0 0 0 0 0 0 0 0 0 0 0 0 0 0 0 0 0 0 0 0 0 0 0 0 0 0 0 0 0 0 0 0 0 74 84 87 89 90 95 95 96 96 96 96 95 88 78 73 65 50 38 0 0 0 0 0 0 0 0 0 0 0 0 0 0 0 0 0 0 0 0 0 0 0 0 0 0 0 0 0 0 0 0 0 0 0 72 84 90 93 99 103 103 103 103 103 104 104 104 104 104 104 103 103 102 101 100 100 100 101 100 101 102 103 105 102 98 96 92 77 0 0 0 0 0 0 0 0 0 0 0 0 0 66 68 70 68 73 
75 71 71 72 72 72 72 73 73 73 73 73 74 74 75 76 76 77 78 78 78 79 80 80 81 81 81 81 82 82 83 83 80 79 77 73 64 0 0 0 0 0 0 0 0 0 0 0 0 0 0 0 0 0 0 0 0 0 0 0 0 0 0 0 0 0 0 0 0 0 0 75 84 87 89 90 95 95 96 96 96 96 95 87 77 72 64 49 38 0 0 0 0 0 0 0 0 0 0 0 0 0 0 0 0 0 0 0 0 0 0 0 0 0 0 0 0 0 0 0 0 0 0 0 71 83 89 92 98 102 103 103 103 103 103 103 104 104 103 104 103 102 101 101 100 100 100 101 100 100 101 102 105 103 97 96 91 77 0 0 0 0 0 0 0 0 0 0 0 0 0 66 69 71 73 79 
69 71 71 71 72 72 72 73 73 73 73 73 73 74 75 76 76 77 77 77 78 79 80 80 81 81 82 82 83 83 84 83 79 78 76 71 61 0 0 0 0 0 0 0 0 0 0 0 0 0 0 0 0 0 0 0 0 0 0 0 0 0 0 0 0 0 0 0 0 0 0 76 85 88 90 91 95 95 96 96 96 95 95 87 77 72 64 49 38 0 0 0 0 0 0 0 0 0 0 0 0 0 0 0 0 0 0 0 0 0 0 0 0 0 0 0 0 0 0 0 0 0 0 0 73 86 91 94 98 102 102 103 103 103 103 103 103 103 103 103 103 102 101 101 100 100 100 100 100 100 101 102 105 103 96 95 90 77 59 0 0 0 0 0 0 0 0 0 0 0 0 65 69 70 73 70 
68 68 71 71 72 72 72 73 74 74 73 73 73 74 74 75 76 76 76 77 77 78 80 80 81 81 81 82 83 83 84 83 78 77 74 69 58 0 0 0 0 0 0 0 0 0 0 0 0 0 0 0 0 0 0 0 0 0 0 0 0 0 0 0 0 0 0 0 0 0 0 77 86 88 90 91 95 95 96 96 96 95 95 87 75 70 63 48 39 0 0 0 0 0 0 0 0 0 0 0 0 0 0 0 0 0 0 0 0 0 0 0 0 0 0 0 0 0 0 0 0 0 0 0 72 85 91 93 98 102 103 103 103 103 103 103 103 103 103 103 102 102 101 101 100 100 100 100 100 100 100 102 104 103 95 94 89 77 60 0 0 0 0 0 0 0 0 0 0 0 0 65 68 71 75 76 
69 67 70 71 71 72 72 73 73 74 73 74 74 74 74 75 76 76 76 77 78 78 80 80 81 81 81 82 83 83 84 83 78 76 74 68 57 0 0 0 0 0 0 0 0 0 0 0 0 0 0 0 0 0 0 0 0 0 0 0 0 0 0 0 0 0 0 0 0 0 0 79 87 90 91 92 95 96 96 96 96 95 95 87 76 71 64 49 39 0 0 0 0 0 0 0 0 0 0 0 0 0 0 0 0 0 0 0 0 0 0 0 0 0 0 0 0 0 0 0 0 0 0 0 70 84 90 93 98 103 103 103 104 103 103 103 103 103 103 103 103 103 102 101 101 100 100 100 100 100 101 102 105 104 96 95 91 80 64 0 0 0 0 0 0 0 0 0 0 0 0 63 67 69 70 68 
69 72 70 71 71 72 72 73 73 73 73 73 74 74 74 75 76 76 76 77 78 78 80 81 81 82 82 82 83 83 84 84 77 75 73 66 54 0 0 0 0 0 0 0 0 0 0 0 0 0 0 0 0 0 0 0 0 0 0 0 0 0 0 0 0 0 0 0 0 0 0 73 83 87 89 93 96 96 96 96 96 95 94 86 76 71 63 49 40 0 0 0 0 0 0 0 0 0 0 0 0 0 0 0 0 0 0 0 0 0 0 0 0 0 0 0 0 0 0 0 0 0 0 0 69 84 90 93 98 104 104 104 103 103 103 103 103 103 103 103 103 102 102 101 100 100 99 99 100 100 100 101 105 104 97 96 93 82 66 0 0 0 0 0 0 0 0 0 0 0 0 63 67 69 68 81 
69 73 70 71 71 72 72 72 73 73 73 74 74 74 75 75 76 76 76 77 78 78 80 81 81 82 82 83 83 83 84 83 77 76 73 66 52 0 0 0 0 0 0 0 0 0 0 0 0 0 0 0 0 0 0 0 0 0 0 0 0 0 0 0 0 0 0 0 0 0 0 68 80 85 87 93 96 97 97 96 96 95 95 87 76 72 64 50 40 0 0 0 0 0 0 0 0 0 0 0 0 0 0 0 0 0 0 0 0 0 0 0 0 0 0 0 0 0 0 0 0 0 0 0 74 88 94 97 98 104 105 104 104 103 103 102 102 102 103 102 102 102 101 100 100 100 100 100 100 100 100 102 105 104 98 97 94 83 67 0 0 0 0 0 0 0 0 0 0 0 0 64 67 69 70 71 
65 71 70 71 71 71 71 72 72 72 73 74 74 74 75 76 76 77 77 77 78 79 80 80 81 82 82 83 83 83 84 83 78 77 74 67 0 0 0 0 0 0 0 0 0 0 0 0 0 0 0 0 0 0 0 0 0 0 0 0 0 0 0 0 0 0 0 0 0 0 0 69 80 85 87 93 97 97 97 97 96 96 95 88 77 72 64 51 42 0 0 0 0 0 0 0 0 0 0 0 0 0 0 0 0 0 0 0 0 0 0 0 0 0 0 0 0 0 0 0 0 0 0 0 73 88 94 97 98 105 105 104 104 104 103 102 103 102 102 102 102 102 101 100 100 100 100 100 99 100 100 102 105 105 99 98 95 86 69 0 0 0 0 0 0 0 0 0 0 0 0 65 67 69 70 67 
68 75 70 71 71 71 71 72 72 72 73 74 74 75 76 76 77 77 77 77 78 79 80 81 82 82 83 83 83 84 84 82 79 78 75 69 0 0 0 0 0 0 0 0 0 0 0 0 0 0 0 0 0 0 0 0 0 0 0 0 0 0 0 0 0 0 0 0 0 0 0 69 80 85 88 94 97 97 97 97 97 97 96 88 78 73 65 51 41 0 0 0 0 0 0 0 0 0 0 0 0 0 0 0 0 0 0 0 0 0 0 0 0 0 0 0 0 0 0 0 0 0 0 0 72 87 93 96 98 105 104 104 104 103 103 103 103 103 102 102 102 102 101 101 100 100 100 100 99 100 100 101 104 106 100 99 96 88 71 0 0 0 0 0 0 0 0 0 0 0 0 64 67 68 75 76 
72 71 69 70 70 71 71 71 72 72 73 74 74 75 76 76 77 77 77 77 78 79 79 80 81 82 83 83 83 83 83 81 79 78 76 70 0 0 0 0 0 0 0 0 0 0 0 0 0 0 0 0 0 0 0 0 0 0 0 0 0 0 0 0 0 0 0 0 0 0 0 65 76 82 85 94 97 97 97 97 97 97 96 89 78 73 65 51 42 0 0 0 0 0 0 0 0 0 0 0 0 0 0 0 0 0 0 0 0 0 0 0 0 0 0 0 0 0 0 0 0 0 0 0 71 87 93 96 98 104 104 104 103 103 103 103 103 103 102 102 102 102 101 101 101 100 100 100 99 99 100 101 103 105 99 98 96 88 70 0 0 0 0 0 0 0 0 0 0 0 0 63 67 68 67 68 
67 68 69 70 70 70 70 71 72 72 73 74 74 74 75 76 76 77 77 78 78 79 79 80 81 81 82 83 83 83 83 80 80 79 78 73 0 0 0 0 0 0 0 0 0 0 0 0 0 0 0 0 0 0 0 0 0 0 0 0 0 0 0 0 0 0 0 0 0 0 0 65 77 82 85 94 97 97 98 97 97 97 96 90 79 74 66 52 42 0 0 0 0 0 0 0 0 0 0 0 0 0 0 0 0 0 0 0 0 0 0 0 0 0 0 0 0 0 0 0 0 0 0 0 70 86 92 95 97 104 104 104 104 104 103 103 103 103 103 103 102 102 101 101 101 100 100 100 99 99 100 101 103 105 99 98 95 89 69 0 0 0 0 0 0 0 0 0 0 0 0 64 67 68 67 74 
68 68 69 69 70 70 71 71 72 73 73 74 74 75 75 75 76 77 77 78 79 80 80 80 81 81 82 82 83 83 82 80 80 79 78 72 0 0 0 0 0 0 0 0 0 0 0 0 0 0 0 0 0 0 0 0 0 0 0 0 0 0 0 0 0 0 0 0 0 0 0 65 77 82 85 94 97 97 98 98 97 98 97 90 79 74 66 53 43 0 0 0 0 0 0 0 0 0 0 0 0 0 0 0 0 0 0 0 0 0 0 0 0 0 0 0 0 0 0 0 0 0 0 0 69 85 91 94 96 103 103 104 104 104 104 104 104 103 103 103 102 102 101 101 100 100 100 100 99 99 100 101 102 105 99 98 95 89 70 0 0 0 0 0 0 0 0 0 0 0 0 0 66 66 73 70 
68 71 69 70 70 71 71 71 72 73 73 74 74 74 75 75 75 77 77 78 79 80 80 80 80 81 81 82 82 83 83 80 80 79 77 71 0 0 0 0 0 0 0 0 0 0 0 0 0 0 0 0 0 0 0 0 0 0 0 0 0 0 40 40 0 0 0 0 0 0 39 63 74 80 84 94 97 97 98 98 98 98 97 90 80 75 67 54 44 0 0 0 0 0 0 0 0 0 0 0 0 0 0 0 0 0 0 0 0 0 0 0 0 0 0 0 0 0 0 0 0 0 0 0 67 84 91 94 96 103 104 104 104 104 104 104 103 104 103 103 103 102 101 101 101 100 100 100 99 100 100 101 102 105 98 97 95 89 69 0 0 0 0 0 0 0 0 0 0 0 0 0 66 66 65 66 
71 71 69 69 70 70 71 71 72 72 73 74 74 74 75 75 76 76 77 77 78 79 80 80 81 81 81 82 82 83 82 80 79 78 76 70 0 0 0 0 0 0 0 0 0 0 0 0 0 0 0 0 0 0 0 0 0 0 0 0 0 0 40 40 0 0 0 0 0 0 39 59 72 78 82 94 97 97 98 98 98 98 98 91 80 76 68 55 46 0 0 0 0 0 0 0 0 0 0 0 0 0 0 0 0 0 0 0 0 0 0 0 0 0 0 0 0 0 0 0 0 0 0 0 66 83 90 94 96 103 104 104 104 104 104 104 103 104 103 103 103 102 101 101 101 100 100 100 100 100 100 101 102 104 98 97 95 89 69 0 0 0 0 0 0 0 0 0 0 0 0 0 0 66 0 58 
67 66 69 70 71 71 72 72 72 72 73 73 74 75 75 75 76 77 77 78 79 80 80 81 81 82 82 82 82 83 83 80 80 79 76 68 0 0 0 0 0 0 0 0 0 0 0 0 0 0 0 0 0 0 0 0 0 0 0 0 0 0 0 0 0 0 0 0 0 0 40 60 73 79 83 95 97 97 98 98 98 99 98 92 81 77 70 57 47 0 0 0 0 0 0 0 0 0 0 0 0 0 0 0 0 0 0 0 0 0 0 0 0 0 0 0 0 0 0 0 0 0 0 0 65 82 89 93 95 103 104 104 105 105 104 104 104 103 103 103 102 102 101 100 100 100 100 100 100 100 100 101 103 105 99 98 96 90 70 0 0 0 0 0 0 0 0 0 0 0 0 0 0 0 0 0 
70 69 69 70 71 71 71 72 72 72 73 73 74 75 75 75 77 77 77 78 79 80 81 81 81 82 82 82 83 83 83 80 79 78 75 67 0 0 0 0 0 0 0 0 0 0 0 0 0 0 0 0 0 0 0 0 0 0 0 0 0 0 38 38 38 0 0 0 0 0 41 61 74 80 83 95 97 98 98 99 99 99 99 92 82 78 71 58 48 0 0 0 0 0 0 0 0 0 0 0 0 0 0 0 0 0 0 0 0 0 0 0 0 0 0 0 0 0 0 0 0 0 0 0 59 77 86 90 95 103 104 105 105 105 104 104 104 104 103 103 102 102 101 100 100 100 100 100 100 100 101 102 103 106 100 99 97 91 72 0 0 0 0 0 0 0 0 0 0 0 0 0 0 0 0 0 
69 68 69 70 71 71 71 72 72 73 73 74 74 75 75 75 76 77 77 78 78 79 80 80 81 81 82 82 83 83 83 80 79 77 74 65 0 0 0 0 0 0 0 0 0 0 0 0 0 0 0 0 0 0 0 0 0 0 0 0 0 0 38 38 38 0 0 0 0 0 43 62 75 81 84 95 98 98 98 99 99 99 99 92 82 78 72 60 50 0 0 0 0 0 0 0 0 0 0 0 0 0 0 0 0 0 0 0 0 0 0 0 0 0 0 0 0 0 0 0 0 0 0 0 59 77 86 90 95 103 104 104 104 104 104 104 103 103 102 103 102 102 101 100 100 99 99 100 100 100 101 102 103 106 100 100 98 93 73 0 0 0 0 0 0 0 0 0 0 0 0 0 0 0 0 0 
68 65 69 70 71 71 71 71 72 72 73 73 74 75 75 75 76 77 78 78 79 79 80 80 81 81 82 82 83 83 83 79 78 77 74 65 0 0 0 0 0 0 0 0 0 0 0 0 0 0 0 0 0 0 0 0 0 0 0 0 0 0 0 0 0 0 0 0 0 0 43 63 76 81 84 95 97 98 98 99 99 99 99 93 83 79 73 61 51 0 0 0 0 0 0 0 0 0 0 0 0 0 0 0 0 0 0 0 0 0 0 0 0 0 0 0 0 0 0 0 0 0 0 0 59 77 86 90 95 103 104 104 104 104 104 104 103 103 102 103 102 101 100 100 99 99 99 99 99 100 101 102 103 106 100 100 98 93 74 0 0 0 0 0 0 0 0 0 0 0 0 0 0 0 0 0 
67 69 70 70 71 71 71 72 72 73 73 74 74 75 75 75 77 77 78 79 79 80 80 80 81 81 82 82 83 83 83 79 79 77 74 65 0 0 0 0 0 0 0 0 0 0 0 0 0 0 0 0 0 0 0 0 0 0 0 0 0 0 0 0 0 0 0 0 0 0 44 66 77 82 85 95 98 98 98 99 99 99 99 93 84 78 71 60 50 0 0 0 0 0 0 0 0 0 0 0 0 0 0 0 0 0 0 0 0 0 0 0 0 0 0 0 0 0 0 0 0 0 0 0 57 74 83 88 95 103 104 104 104 104 104 104 103 103 103 102 102 101 100 99 99 98 98 99 99 99 100 102 103 106 101 100 99 94 74 0 0 0 0 0 0 0 0 0 0 0 0 0 0 0 0 0 
69 73 70 70 70 71 71 72 72 73 74 74 75 75 75 76 76 77 78 79 79 79 80 80 81 81 82 82 83 83 83 79 78 77 73 64 0 0 0 0 0 0 0 0 0 0 0 0 0 0 0 0 0 0 0 0 0 0 0 0 0 0 0 0 0 0 0 0 0 0 44 66 77 82 85 96 98 98 98 99 100 100 99 94 85 77 71 60 50 0 0 0 0 0 0 0 0 0 0 0 0 0 0 0 0 0 0 0 0 0 0 0 0 0 0 0 0 0 0 0 0 0 0 0 56 74 83 88 95 103 104 104 104 104 104 103 103 103 103 102 102 101 100 100 100 99 98 99 99 99 99 101 102 105 100 100 99 95 76 0 0 0 0 0 0 0 0 0 0 0 0 0 0 0 0 0 
72 71 70 70 70 71 71 72 72 73 73 74 75 75 75 76 77 77 78 78 79 79 80 80 81 81 82 82 83 83 83 79 78 77 74 64 0 0 0 0 0 0 0 0 0 0 0 0 0 0 0 0 0 0 0 0 0 0 0 0 0 0 0 0 0 0 0 0 0 0 44 66 77 82 85 96 98 99 99 99 100 100 100 95 86 76 70 59 50 0 0 0 0 0 0 0 0 0 0 0 0 0 0 0 0 0 0 0 0 0 0 0 0 0 0 0 0 0 0 0 0 0 0 0 60 77 86 90 95 103 104 104 104 104 103 103 103 103 102 102 102 101 100 100 100 99 98 98 98 98 99 100 102 105 100 100 99 96 76 0 0 0 0 0 0 0 0 0 0 0 0 0 0 0 0 0 
71 75 70 70 70 71 70 71 72 72 73 74 75 75 75 76 77 77 78 79 79 80 80 80 81 81 82 82 82 82 83 79 79 77 74 64 0 0 0 0 0 0 0 0 0 0 0 0 0 0 0 0 0 0 0 0 0 0 0 0 0 0 0 0 0 0 0 0 0 0 43 66 76 81 85 96 99 99 99 100 100 101 100 96 87 77 71 61 51 0 0 0 0 0 0 0 0 0 0 0 0 0 0 0 0 0 0 0 0 0 0 0 0 0 0 0 0 0 0 0 0 0 0 0 57 74 82 87 95 103 104 104 104 104 103 103 103 103 102 102 101 101 100 100 100 99 99 99 99 99 99 100 101 105 100 100 100 96 77 0 0 0 0 0 0 0 0 0 0 0 0 0 0 0 0 0 
67 66 70 70 71 71 71 71 72 72 73 74 75 75 75 76 77 77 77 78 79 80 80 81 81 81 82 82 83 83 83 79 79 77 74 65 0 0 0 0 0 0 0 0 0 0 0 0 0 0 0 0 0 0 0 0 0 0 0 0 0 0 0 0 0 0 0 0 0 0 45 66 76 82 86 97 100 100 100 100 101 101 101 97 89 79 72 62 53 0 0 0 0 0 0 0 0 0 0 0 0 0 0 0 0 0 0 0 0 0 0 0 0 0 0 0 0 0 0 0 0 0 0 0 56 73 82 87 94 103 104 104 104 104 104 103 103 103 102 102 101 101 100 100 100 100 99 99 99 99 99 100 101 105 101 101 101 98 80 0 0 0 0 0 0 0 0 0 0 0 0 0 0 0 0 0 
72 66 70 70 70 71 71 72 72 72 72 74 74 75 75 76 76 77 77 78 79 80 80 81 81 82 82 82 82 82 83 80 79 78 76 67 0 0 0 0 0 0 0 0 0 0 0 0 0 0 0 0 0 0 0 0 0 0 0 0 0 38 38 0 0 0 0 0 0 0 46 66 77 82 86 97 100 101 101 101 102 102 102 97 90 80 73 63 54 0 0 41 40 40 40 0 0 0 0 0 0 0 0 0 0 0 0 0 0 0 0 0 0 0 0 0 0 0 0 0 0 0 0 0 56 73 82 87 94 103 104 104 104 104 104 104 104 103 102 102 101 101 101 101 100 100 99 99 99 99 98 99 101 104 100 101 101 98 81 0 0 0 0 0 0 0 0 0 0 0 0 0 0 0 0 0 
70 66 70 70 70 71 71 71 72 72 72 73 74 74 75 76 77 77 78 79 79 79 80 81 81 81 81 82 81 81 82 80 79 79 77 70 0 0 0 0 0 0 0 0 0 0 0 0 0 0 0 0 0 0 0 0 0 0 0 0 0 38 38 0 0 0 0 0 0 0 47 67 77 82 86 97 100 101 102 102 102 102 102 98 90 80 74 64 55 0 0 46 46 46 46 50 0 0 0 0 0 0 0 0 0 0 0 0 0 0 0 0 0 0 0 0 0 0 0 0 0 0 0 0 54 70 79 85 94 103 104 104 104 104 103 103 103 102 102 102 101 101 101 101 100 99 99 99 99 99 98 99 101 104 100 101 101 98 83 0 0 0 0 0 0 0 0 0 0 0 0 0 0 0 0 0 
67 67 70 70 70 71 71 71 72 72 72 73 73 74 75 76 77 77 78 79 79 79 79 80 81 81 81 82 81 81 82 81 80 79 78 72 0 0 0 0 0 0 0 0 0 0 0 0 0 0 0 0 0 0 0 0 0 0 0 0 0 38 38 38 38 38 0 0 0 0 47 68 77 83 87 98 101 102 103 103 103 103 103 98 92 82 76 66 56 0 0 50 52 52 52 54 0 0 0 0 0 0 0 0 0 0 0 0 0 0 0 0 0 0 0 0 0 0 0 0 0 0 0 41 52 68 77 83 94 102 104 104 104 103 103 103 103 102 101 102 101 101 100 101 100 99 99 99 98 98 98 99 100 103 101 102 101 99 78 0 0 0 0 0 0 0 0 0 0 0 0 0 0 0 0 0 
70 72 70 70 70 71 71 71 72 72 72 72 73 74 74 76 77 77 78 78 79 79 79 80 81 81 82 82 82 82 82 81 80 79 78 73 0 0 0 0 0 0 0 0 0 0 0 0 0 0 0 0 0 0 0 0 0 0 0 0 0 0 38 0 0 0 0 0 0 0 50 69 79 84 88 98 102 103 104 104 104 104 104 100 93 82 76 66 56 38 0 51 58 57 57 57 62 0 0 0 0 0 0 0 0 0 0 0 0 0 0 0 0 0 0 0 0 0 0 0 0 0 0 41 52 68 77 83 94 103 104 104 104 103 103 103 102 102 101 101 101 101 100 100 99 99 98 98 98 98 98 98 100 103 101 102 102 100 80 0 0 0 0 0 0 0 0 0 0 0 0 0 0 0 0 0 
69 69 70 70 70 71 70 71 72 72 72 73 73 74 75 76 77 77 77 78 78 78 79 80 81 81 81 82 82 82 82 81 80 79 78 74 0 0 0 0 0 0 0 0 0 0 0 0 0 0 0 0 0 0 0 0 0 0 0 0 0 0 38 0 0 38 37 0 0 0 47 70 79 84 88 98 101 103 104 104 105 105 105 101 95 81 75 65 55 38 0 51 62 62 62 62 71 0 0 0 0 0 0 0 0 0 0 0 0 0 0 0 0 0 0 0 0 0 0 0 0 0 0 41 51 66 75 80 93 102 103 103 103 103 103 102 102 102 101 101 101 101 100 100 99 98 98 98 98 97 97 98 99 102 100 101 101 99 80 0 0 0 0 0 0 0 0 0 0 0 0 0 0 0 0 0 
67 67 70 70 70 71 71 71 72 72 72 73 73 74 74 75 77 77 77 78 78 78 79 80 80 81 81 82 82 82 82 80 80 79 78 74 0 0 0 0 0 0 0 0 0 0 0 0 0 0 0 0 0 0 0 0 0 0 0 0 0 0 0 38 38 38 37 37 0 0 48 70 80 85 88 98 102 103 104 105 106 106 106 102 96 83 77 67 57 40 0 50 70 73 70 70 79 69 0 0 0 0 0 0 0 0 0 0 0 0 0 0 0 0 0 0 0 0 0 0 0 0 0 42 51 65 75 80 93 101 103 103 103 102 102 101 101 101 100 101 101 100 99 99 98 98 98 98 98 98 98 98 99 102 100 101 101 100 80 0 0 0 0 0 0 0 0 0 0 0 0 0 0 0 0 0 
71 70 69 69 70 71 71 71 72 72 72 72 73 73 74 75 76 77 77 77 78 79 79 80 81 81 81 81 81 82 82 81 80 79 77 73 0 0 0 0 0 0 0 0 0 0 0 0 0 0 0 0 0 0 0 0 0 0 0 0 0 0 0 0 0 0 37 0 0 0 49 71 81 86 89 99 102 103 104 105 107 107 107 104 97 84 78 68 58 41 0 0 73 80 75 74 81 74 0 0 0 0 0 0 0 0 0 0 0 0 0 0 0 0 0 0 0 0 0 0 0 0 0 41 50 65 74 80 92 101 102 103 103 103 103 102 102 102 101 101 100 100 99 99 99 98 98 98 98 98 98 98 99 102 100 99 98 96 76 0 0 0 0 0 0 0 0 0 0 0 0 0 0 0 0 0 
68 67 69 69 70 70 71 71 72 72 72 72 73 73 74 75 76 76 77 78 79 79 80 80 81 81 81 81 81 82 82 80 80 79 77 74 0 0 0 0 0 0 0 0 0 0 0 0 0 0 0 0 0 0 0 0 0 0 0 0 0 0 0 0 0 0 0 0 0 0 49 70 80 85 88 98 102 103 105 106 108 108 108 105 99 85 80 70 59 42 0 0 74 92 90 86 89 85 64 48 0 0 0 0 0 0 0 0 0 0 0 0 0 0 0 0 0 0 0 0 0 0 0 42 49 63 73 80 92 100 102 103 103 103 103 103 102 102 101 101 100 100 99 99 98 98 98 98 98 97 98 97 99 102 100 96 95 91 77 0 0 0 0 0 0 0 0 0 0 0 0 0 0 0 0 0 
64 68 69 69 70 70 71 71 72 72 72 72 73 73 74 75 75 76 77 77 78 79 79 80 80 80 80 80 81 81 81 80 80 79 76 73 0 0 0 0 0 0 0 0 0 0 0 0 0 0 0 0 0 0 0 0 0 0 0 0 0 0 0 0 0 0 0 0 0 0 48 71 80 85 88 98 101 103 105 107 108 109 110 106 100 86 81 71 60 43 0 0 71 200 322 303 304 359 349 122 0 0 0 0 0 0 0 0 0 0 0 0 0 0 0 0 0 0 0 0 0 0 0 45 51 63 72 80 92 100 102 103 102 103 103 102 102 101 101 100 100 100 99 99 98 98 97 97 97 97 97 97 99 101 99 95 94 91 77 0 0 0 0 0 0 0 0 0 0 0 0 0 0 0 0 0 
67 73 69 69 70 70 70 70 71 72 72 72 73 73 74 75 75 76 77 78 79 79 79 80 80 80 80 80 81 81 81 80 79 79 76 73 0 0 0 0 0 0 0 0 0 0 0 0 0 0 0 0 0 0 0 0 0 0 0 0 0 0 0 0 0 0 0 0 0 0 48 70 80 85 88 99 102 104 107 109 111 111 111 108 100 87 82 72 62 46 0 0 86 219 345 394 381 421 412 288 55 0 0 0 0 0 0 0 0 0 0 0 0 0 0 0 0 0 0 0 0 0 0 57 58 68 75 81 92 101 102 103 102 102 102 102 101 101 100 100 100 100 99 98 98 97 97 96 96 96 96 96 98 101 99 95 94 90 76 0 0 0 0 0 0 0 0 0 0 0 0 0 0 0 0 0 
64 65 69 69 69 70 70 70 71 72 72 72 73 73 74 75 75 76 77 78 78 79 79 79 80 80 80 80 81 81 81 80 79 78 76 71 0 0 0 0 0 0 0 0 0 0 0 0 0 0 0 0 0 0 0 0 0 0 0 0 0 0 0 0 0 0 0 0 0 0 48 70 80 85 88 99 102 105 108 112 114 116 115 110 101 88 83 73 64 48 0 0 87 218 366 466 451 475 457 344 58 0 0 0 0 0 0 0 0 0 0 0 0 0 0 0 0 0 0 0 0 0 88 69 65 73 79 82 92 100 102 102 102 102 102 102 101 101 100 100 100 100 99 98 98 97 97 96 96 95 95 96 98 100 98 94 93 90 76 0 0 0 0 0 0 0 0 0 0 0 0 0 0 0 0 0 
70 67 69 69 69 70 70 70 71 72 72 72 73 73 74 74 75 76 77 78 78 78 79 79 80 80 80 81 81 81 81 79 78 77 75 70 0 0 0 0 0 0 0 0 0 0 0 0 0 0 0 0 0 0 0 0 0 0 0 0 0 0 0 0 0 0 0 0 0 0 49 71 80 85 88 99 102 105 109 114 116 117 117 111 102 89 83 74 64 49 0 0 84 268 430 534 494 522 479 352 56 0 0 0 0 0 0 0 0 0 0 0 0 0 0 0 0 0 0 0 0 0 86 71 67 74 80 83 92 101 102 102 102 102 102 101 101 100 100 100 99 99 99 98 97 97 96 95 95 94 95 95 97 100 97 96 95 92 79 0 0 0 0 0 0 0 0 0 0 0 0 0 0 0 0 0 
69 67 69 69 69 70 70 70 71 72 73 73 74 74 74 74 75 75 76 77 78 79 80 80 80 80 80 80 81 81 81 79 78 77 75 70 0 0 0 0 0 0 0 0 0 0 0 0 0 0 0 0 0 0 0 0 0 0 0 0 0 0 0 0 0 0 0 0 0 0 50 71 80 85 89 99 102 104 108 113 116 117 117 111 101 88 82 73 64 49 0 0 87 273 447 555 535 574 546 415 63 0 0 0 0 0 0 0 0 0 0 0 0 0 0 0 0 0 0 0 0 0 89 73 68 75 80 83 92 101 102 102 102 102 101 101 100 100 99 99 99 99 98 97 97 95 94 93 92 92 92 92 94 97 95 95 95 94 83 0 0 0 0 0 0 0 0 0 0 0 0 0 0 0 0 0 
66 69 68 69 69 70 70 70 71 72 72 73 73 73 74 74 74 75 76 77 78 79 80 80 80 81 80 80 81 81 81 79 79 78 76 71 0 0 0 0 0 0 0 0 0 0 0 0 0 0 0 0 0 0 0 0 0 0 0 0 38 38 38 0 0 0 0 0 0 0 50 70 80 85 89 99 101 104 108 113 115 117 117 110 101 87 81 72 63 47 0 0 97 177 191 385 350 352 348 382 57 0 0 0 0 0 0 0 0 0 0 0 0 0 0 0 0 0 0 0 0 0 97 73 68 75 81 83 92 101 102 102 102 102 101 101 100 99 98 99 98 96 95 93 91 89 87 85 84 84 84 84 86 89 88 89 89 88 79 0 0 0 0 0 0 0 0 0 0 0 0 0 0 0 0 0 
71 61 69 69 69 70 70 70 71 72 73 73 73 74 74 74 74 75 76 77 78 79 80 80 80 80 80 80 81 81 81 79 78 77 75 68 0 0 0 0 0 0 0 0 0 0 0 0 0 0 0 0 0 0 0 0 0 0 0 0 38 38 38 0 0 0 0 0 0 0 53 71 80 85 89 98 101 103 106 110 112 114 115 109 99 86 80 70 60 45 0 0 0 201 194 289 249 254 236 256 52 0 0 0 0 0 0 0 0 0 0 0 0 0 0 0 0 0 0 0 0 0 0 68 64 73 80 84 92 101 102 102 102 102 101 101 100 99 98 97 94 93 91 89 87 86 85 83 82 81 81 82 84 86 86 87 88 87 78 0 0 0 0 0 0 0 0 0 0 0 0 0 0 0 0 0 
63 69 68 69 70 70 70 70 71 71 72 73 73 73 74 74 74 75 76 77 78 79 79 80 80 80 80 80 81 81 81 79 78 77 74 67 0 0 0 0 0 0 0 0 0 0 0 0 0 0 0 0 0 0 0 0 0 0 0 0 38 38 38 0 0 0 0 0 0 0 53 71 80 85 89 98 100 101 104 107 108 110 111 107 98 85 78 68 57 41 0 0 0 0 200 202 168 175 146 139 54 0 0 0 0 0 0 0 0 0 0 0 0 0 0 0 0 0 0 0 0 0 0 52 54 67 75 82 92 101 102 102 102 102 101 101 100 99 96 93 90 88 85 82 81 78 76 73 72 72 73 74 77 81 82 83 84 84 0 0 0 0 0 0 0 0 0 0 0 0 0 0 0 0 0 0 
71 68 68 69 70 70 70 71 71 72 72 73 73 73 74 74 75 76 77 78 78 79 79 79 79 80 80 81 81 82 82 79 79 78 75 67 0 0 0 0 0 0 0 0 0 0 0 0 0 0 0 0 0 0 0 0 0 0 0 0 38 38 38 0 0 0 0 0 0 0 49 70 79 84 88 98 100 102 103 105 106 108 109 105 97 83 77 67 56 39 0 0 0 0 85 111 98 98 101 105 64 0 0 0 0 0 0 0 0 0 0 0 0 0 0 0 0 0 0 0 0 0 0 44 51 66 75 81 92 101 102 102 101 101 100 101 100 97 94 91 86 82 79 76 75 74 73 72 70 69 68 67 68 71 75 77 79 79 0 0 0 0 0 0 0 0 0 0 0 0 0 0 0 0 0 0 
62 68 68 69 70 70 71 71 71 71 71 72 72 73 73 74 75 76 77 77 78 78 79 79 79 80 80 81 81 82 82 80 79 78 75 68 0 0 0 0 0 0 0 0 0 0 0 0 0 0 0 0 0 0 0 0 0 0 0 0 0 0 0 0 0 0 0 0 0 0 49 70 79 84 88 98 100 101 102 104 105 106 107 104 96 82 75 65 55 39 0 0 0 0 0 107 93 93 93 99 71 0 0 0 0 0 0 0 0 0 0 0 0 0 0 0 0 0 0 0 0 0 0 0 52 68 77 83 92 101 102 101 101 101 100 100 99 97 94 87 80 74 72 71 74 75 75 74 71 68 65 62 59 59 63 64 65 68 0 0 0 0 0 0 0 0 0 0 0 0 0 0 0 0 0 0 
67 66 69 69 70 70 70 70 71 71 71 71 72 72 73 74 75 76 77 77 77 78 78 78 79 79 80 80 81 82 82 80 79 78 75 68 0 0 0 0 0 0 0 0 0 0 0 0 0 0 0 0 0 0 0 0 0 0 0 0 0 0 0 0 0 0 0 0 0 0 49 70 78 84 87 97 100 100 101 102 104 106 106 103 95 81 74 64 54 39 0 0 0 0 0 95 89 85 85 90 75 0 0 0 0 0 0 0 0 0 0 0 0 0 0 0 0 0 0 0 0 0 0 0 52 69 78 83 92 101 101 101 101 101 100 100 99 96 93 83 76 71 72 74 81 84 84 82 78 73 71 65 59 63 68 68 69 74 0 0 0 0 0 0 0 0 0 0 0 0 0 0 0 0 0 62 
63 64 68 69 70 70 71 71 71 71 71 71 72 72 73 74 75 76 76 77 77 78 78 79 79 80 80 81 81 82 83 80 80 78 75 68 0 0 0 0 0 0 0 0 0 0 0 0 0 0 0 0 0 0 0 0 0 0 0 0 0 0 0 0 0 0 0 0 0 0 49 69 78 83 86 96 99 100 100 102 103 105 105 102 94 82 75 65 55 39 0 0 0 0 0 84 85 79 79 82 75 0 0 0 0 0 0 0 0 0 0 0 0 0 0 0 0 0 0 0 0 0 0 0 52 68 77 82 91 100 101 101 100 100 100 100 97 94 88 78 73 71 76 80 85 86 86 83 79 75 72 66 63 70 74 74 77 80 0 0 0 0 0 0 0 0 0 0 0 0 0 0 0 61 0 60 
69 71 68 69 70 70 71 70 71 70 71 71 72 73 73 74 74 75 75 76 77 78 78 79 79 80 80 80 81 82 83 80 80 78 75 68 0 0 0 0 0 0 0 0 0 0 0 0 0 0 0 0 0 0 0 0 0 0 0 0 0 0 0 0 0 0 0 0 0 0 48 69 78 83 86 96 99 99 99 101 102 104 105 101 93 83 76 66 56 0 0 0 0 0 0 0 78 71 71 71 69 0 0 0 0 0 0 0 0 0 0 0 0 0 0 0 0 0 0 0 0 0 0 0 54 69 78 83 91 99 100 100 100 100 100 99 96 93 87 78 74 76 81 86 90 91 92 89 85 80 76 69 69 77 78 79 81 82 70 0 0 0 0 0 0 0 0 0 0 0 0 0 0 62 0 60 
61 63 69 69 70 70 70 70 71 70 71 71 72 73 73 74 74 74 75 75 76 77 78 79 79 80 79 80 81 82 82 80 80 79 75 70 0 0 0 0 0 0 0 0 0 0 0 0 0 0 0 0 0 0 0 0 0 0 0 0 0 0 0 0 0 0 0 0 0 0 51 68 78 82 86 95 98 98 99 99 101 103 103 100 92 84 77 67 58 0 0 0 0 0 0 0 69 61 61 61 61 48 0 0 0 0 0 0 0 0 0 0 0 0 0 0 0 0 0 0 0 0 0 0 55 71 80 85 91 99 101 100 100 100 100 99 94 92 85 77 75 80 83 88 92 93 93 88 84 80 74 68 72 81 80 81 82 82 71 0 0 0 0 0 0 0 0 0 0 0 0 0 0 63 61 63 
66 68 69 69 70 70 70 71 71 71 72 72 72 73 73 74 74 74 75 75 75 77 77 78 79 80 80 80 81 82 82 80 79 78 75 69 0 0 0 0 0 0 0 0 0 0 0 0 0 0 0 0 0 0 0 0 0 0 0 0 0 0 0 0 0 0 0 0 0 0 49 68 77 82 85 95 97 98 98 99 100 102 103 99 91 85 78 68 58 0 0 0 0 0 0 0 61 55 55 55 56 48 0 0 0 0 0 0 0 0 0 0 0 0 0 0 0 0 0 0 0 0 0 0 55 71 80 84 90 99 100 100 100 100 100 99 93 91 83 78 77 84 86 91 93 93 92 87 84 80 75 71 79 87 85 86 88 87 73 0 0 0 0 0 0 0 0 0 0 0 0 0 0 64 0 68 
68 68 69 69 70 70 71 71 71 71 72 72 72 73 74 73 74 73 74 74 75 76 77 78 79 80 80 81 81 82 82 79 78 77 73 67 0 0 0 0 0 0 0 0 0 0 0 0 0 0 0 0 0 0 0 0 0 0 0 0 0 0 0 0 0 0 0 0 0 0 48 67 77 82 85 95 97 97 97 97 99 100 101 97 89 86 79 69 60 0 0 0 0 0 0 0 0 53 53 53 53 0 0 0 0 0 0 0 0 0 0 0 0 0 0 0 0 0 0 0 0 0 0 0 59 74 82 87 91 99 100 100 99 100 99 99 93 91 81 78 77 83 85 91 92 92 91 86 85 81 76 75 84 88 87 89 90 88 72 0 0 0 0 0 0 0 0 0 0 0 0 0 0 65 0 68 
63 69 69 70 70 70 71 71 71 71 72 72 72 73 73 71 71 70 70 71 73 74 76 78 80 80 80 80 81 81 81 79 78 77 73 66 0 0 0 0 0 0 0 0 0 0 0 0 0 0 0 0 0 0 0 0 0 0 0 0 0 0 0 0 0 0 0 0 0 0 47 67 76 81 84 94 96 97 96 97 97 99 99 95 87 84 77 67 58 0 0 0 0 0 0 0 0 47 47 47 47 0 0 0 0 0 0 0 0 0 0 0 0 0 0 0 0 0 0 0 0 0 0 0 59 75 83 87 91 99 100 99 99 99 99 98 92 90 82 78 77 82 83 87 88 88 87 84 83 78 74 76 82 86 85 87 87 84 70 0 0 0 0 0 0 0 0 0 0 0 0 0 0 66 0 62 
74 71 69 70 70 70 71 71 71 71 72 72 72 72 71 69 69 68 67 68 71 73 75 78 79 80 80 81 81 82 81 78 77 76 73 65 0 0 0 0 0 0 0 0 0 0 0 0 0 0 0 0 0 0 0 0 0 0 0 0 0 0 0 0 0 0 0 0 0 0 46 66 75 80 84 93 95 96 95 95 96 97 98 94 85 82 75 64 56 0 0 0 0 0 0 0 0 0 0 0 0 0 0 0 0 0 0 0 0 0 0 0 0 0 0 0 0 0 0 0 0 0 0 0 61 77 85 89 91 99 100 99 99 98 95 93 87 84 78 76 75 81 82 85 87 87 85 83 82 76 72 72 78 80 79 81 81 77 66 0 0 0 0 0 0 0 0 0 0 0 0 0 0 64 64 67 
64 70 68 69 70 71 71 72 71 71 71 71 72 72 70 68 67 65 63 65 69 71 74 78 80 80 81 81 81 81 81 78 77 76 72 63 0 0 0 0 0 0 0 0 0 0 0 0 0 0 0 0 0 0 0 0 0 0 0 0 0 0 0 0 0 0 0 0 0 0 44 65 74 80 83 93 95 95 94 94 95 96 97 92 84 80 73 62 54 0 0 0 0 0 0 0 0 0 0 0 0 0 0 0 0 0 0 0 0 0 0 0 0 0 0 0 0 0 0 0 0 0 0 0 62 77 85 89 90 98 99 98 96 94 92 89 84 83 78 74 74 79 80 83 85 85 83 82 82 75 72 73 76 78 77 78 79 74 64 0 0 0 0 0 0 0 0 0 0 0 0 0 61 63 59 70 
71 65 68 69 70 71 71 71 71 71 70 71 71 72 69 66 65 63 60 62 67 69 73 77 79 80 80 80 81 82 81 77 77 75 71 62 0 0 0 0 0 0 0 0 0 0 0 0 0 0 0 0 0 0 0 0 0 0 0 0 0 0 0 0 0 0 0 0 0 0 43 64 74 79 83 93 94 94 93 93 94 95 95 90 82 78 71 60 51 0 0 0 0 0 0 0 0 0 0 0 0 0 0 0 0 0 0 0 0 0 0 0 0 0 0 0 0 0 0 0 0 0 0 0 62 77 85 89 91 98 99 96 93 92 88 85 82 81 75 72 70 75 76 79 81 81 79 79 78 74 70 69 73 74 72 73 74 70 0 0 0 0 0 0 0 0 0 0 0 0 0 0 65 65 58 62 
64 65 68 69 70 71 71 71 71 71 70 70 71 71 68 65 64 61 58 60 65 68 72 77 79 79 80 80 80 81 81 77 77 75 72 63 0 0 0 0 0 0 0 0 0 0 0 0 0 0 0 0 0 0 0 0 0 0 0 0 0 0 0 0 0 0 0 0 0 0 42 62 73 78 82 92 94 93 93 93 93 94 95 90 81 77 70 59 50 0 0 0 0 0 0 0 0 0 0 0 0 0 0 0 0 0 0 0 0 0 0 0 0 0 0 0 0 0 0 0 0 0 0 0 60 77 84 88 90 98 98 95 92 89 84 79 76 75 71 67 64 0 69 70 73 73 72 73 0 0 65 63 67 67 65 66 67 62 0 0 0 0 0 0 0 0 0 0 0 0 0 0 64 65 62 64 
66 71 68 69 69 70 71 71 71 71 70 70 71 71 69 67 67 64 62 64 68 70 73 77 79 79 80 80 80 81 81 78 77 76 73 64 0 0 0 0 0 0 0 0 0 0 0 0 0 0 0 0 0 0 0 0 0 0 0 0 0 0 0 0 0 0 0 0 0 0 40 62 72 78 81 92 94 93 92 92 93 94 95 90 80 76 69 57 48 0 0 0 0 0 0 0 0 0 0 0 0 0 0 0 0 0 0 0 0 0 0 0 0 0 0 0 0 0 0 0 0 0 0 0 61 77 84 88 90 98 97 93 90 86 78 70 65 63 0 0 0 0 0 0 0 0 0 0 0 0 0 0 0 0 51 0 0 0 0 0 0 0 0 0 0 0 0 0 0 0 0 0 65 65 70 64 
69 71 68 69 69 70 71 71 71 71 70 70 71 71 70 69 69 67 66 67 70 71 74 77 78 79 80 80 80 81 81 78 78 76 73 66 0 0 0 0 0 0 0 0 0 0 0 0 0 0 0 0 0 0 0 0 0 0 0 0 0 0 0 0 0 0 0 0 0 0 40 61 72 77 81 92 93 93 93 93 93 94 94 89 79 75 68 56 46 0 0 0 0 0 0 0 0 0 0 0 0 0 0 0 0 0 0 0 0 0 0 0 0 0 0 0 0 0 0 0 0 0 0 0 60 76 84 87 89 97 96 91 87 83 74 61 0 0 0 0 0 0 0 0 0 0 0 0 0 0 0 0 0 0 0 0 0 0 0 0 0 0 0 0 0 0 0 0 0 0 0 0 64 65 65 68 
70 70 69 69 69 70 70 70 70 70 70 70 72 72 71 71 71 70 69 70 72 73 74 76 78 79 79 79 80 80 80 78 77 76 73 66 0 0 0 0 0 0 0 0 0 0 0 0 0 0 0 0 0 0 0 0 0 0 0 0 0 0 0 0 0 0 0 0 0 0 39 60 70 76 80 91 93 93 93 93 93 93 93 88 78 74 67 55 46 0 0 0 0 0 0 0 0 0 0 0 0 0 0 0 0 0 0 0 0 0 0 0 0 0 0 0 0 0 0 0 0 0 0 0 61 77 84 87 89 96 95 90 88 84 76 0 0 0 0 0 0 0 0 0 0 0 0 0 0 0 0 0 0 0 0 0 0 0 0 0 0 0 0 0 0 0 0 0 0 0 0 66 65 66 64 62 
67 66 68 69 69 69 69 68 68 68 68 68 71 71 71 72 72 72 72 73 74 75 76 77 78 78 78 79 79 80 80 78 77 76 74 66 0 0 0 0 0 0 0 0 0 0 0 0 0 0 0 0 0 0 0 0 0 0 0 0 0 0 0 0 0 0 0 0 0 0 39 59 70 76 79 90 93 93 93 93 93 93 94 88 78 73 67 54 45 0 0 0 0 0 0 0 0 0 0 0 0 0 0 0 0 0 0 0 0 0 0 0 0 0 0 0 0 0 0 0 0 0 0 0 60 76 83 87 89 96 95 92 89 83 76 68 0 0 0 0 0 0 0 0 0 0 0 0 0 0 0 0 0 0 0 0 0 0 0 0 0 0 0 0 0 0 0 0 0 0 0 0 63 65 58 69 
67 73 67 67 67 68 68 67 66 66 66 66 68 69 70 72 73 73 74 75 75 76 77 77 77 78 78 79 80 80 80 78 77 76 74 68 0 0 0 0 0 0 0 0 0 0 0 0 0 0 0 0 0 0 0 0 0 0 0 0 0 0 0 0 0 0 0 0 0 0 40 59 69 75 79 90 92 93 93 93 93 93 93 87 77 72 66 52 42 0 0 0 0 0 0 0 0 0 0 0 0 0 0 0 0 0 0 0 0 0 0 0 0 0 0 0 0 0 0 0 0 0 0 0 62 77 84 87 89 96 95 93 90 84 78 71 64 0 0 0 0 0 0 0 0 0 0 0 0 0 0 0 0 0 0 0 0 0 0 0 0 0 0 0 0 0 0 0 0 0 0 0 63 65 65 72 
62 66 66 67 67 67 67 65 65 65 64 64 66 67 67 69 71 71 72 73 73 74 75 76 77 77 78 78 79 80 80 78 77 76 74 68 0 0 0 0 0 0 0 0 0 0 0 0 0 0 0 0 0 0 0 0 0 0 0 0 0 0 0 0 0 0 0 0 0 0 39 59 69 75 78 89 92 93 93 93 93 93 93 86 76 72 65 52 42 0 0 0 0 0 0 0 0 0 0 0 0 0 0 0 0 0 0 0 0 0 0 0 0 0 0 0 0 0 0 0 0 0 0 0 63 78 84 87 89 95 96 93 91 86 81 76 71 64 61 57 55 56 59 61 61 58 57 0 0 0 0 0 0 0 0 0 0 0 0 0 0 0 0 0 0 0 0 0 0 0 0 62 63 65 65 66 
60 67 66 66 66 66 66 64 64 63 62 62 64 65 66 68 70 70 71 72 72 72 72 72 72 74 74 75 76 76 77 76 74 74 73 67 0 0 0 0 0 0 0 0 0 0 0 0 0 0 0 0 0 0 0 0 0 0 0 0 0 0 0 0 0 0 0 0 0 0 40 60 70 76 79 89 92 92 93 93 92 92 92 85 75 71 64 51 41 0 0 0 0 0 0 0 0 0 0 0 0 0 0 0 0 0 0 0 0 0 0 0 0 0 0 0 0 0 0 0 0 0 0 0 63 78 84 87 89 95 96 94 92 88 85 81 77 73 72 70 69 69 70 72 71 69 67 65 62 0 0 0 0 0 0 0 0 0 0 0 0 0 0 0 0 0 0 0 0 0 0 0 65 66 67 69 
0 0 65 65 66 65 65 63 62 61 60 59 60 62 63 67 69 70 71 71 70 71 71 71 71 73 73 75 75 76 77 75 74 74 73 68 0 0 0 0 0 0 0 0 0 0 0 0 0 0 0 0 0 0 0 0 0 0 0 0 0 0 0 0 0 0 0 0 0 0 0 63 72 77 80 87 90 91 91 92 91 91 91 84 75 71 64 51 40 0 0 0 0 0 0 0 0 0 0 0 0 0 0 0 0 0 0 0 0 0 0 0 0 0 0 0 0 0 0 0 0 0 0 0 63 77 83 86 88 94 94 94 92 88 85 81 77 73 71 70 69 69 71 72 70 68 66 64 62 0 0 0 0 0 0 0 0 0 0 0 0 0 0 0 0 0 0 0 0 0 0 0 64 66 68 68 
0 0 63 63 62 63 64 63 63 63 60 58 59 60 61 65 68 68 70 70 69 69 69 69 69 72 72 74 74 75 75 74 73 73 73 0 0 0 0 0 0 0 0 0 0 0 0 0 0 0 0 0 0 0 0 0 0 0 0 0 0 0 0 0 0 0 0 0 0 0 0 63 70 74 76 81 83 84 84 85 85 84 84 78 70 67 60 49 40 0 0 0 0 0 0 0 0 0 0 0 0 0 0 0 0 0 0 0 0 0 0 0 0 0 0 0 0 0 0 0 0 0 0 0 61 72 77 79 80 85 86 86 84 83 81 80 77 74 71 70 69 69 71 72 70 68 66 64 62 0 0 0 0 0 0 0 0 0 0 0 0 0 0 0 0 0 0 0 0 0 0 61 64 66 63 69 
0 0 0 0 0 0 0 0 0 90 82 75 75 71 61 60 64 65 66 67 64 65 65 65 66 68 69 71 71 72 72 72 70 70 70 0 0 0 0 0 0 0 0 0 0 0 0 0 0 0 0 0 0 0 0 0 0 0 0 0 0 0 0 0 0 0 0 0 0 0 0 64 71 74 76 79 81 82 82 83 83 82 82 76 69 66 58 47 40 0 0 0 0 0 0 0 0 0 0 0 0 0 0 0 0 0 0 0 0 0 0 0 0 0 0 0 0 0 0 0 0 0 0 0 59 69 74 76 78 83 83 83 82 82 82 81 79 77 73 70 69 69 71 72 70 68 66 64 62 0 0 0 0 0 0 0 0 0 0 0 0 0 0 0 0 0 0 0 0 0 0 62 65 66 66 67 
0 0 0 0 0 0 0 0 0 94 88 84 84 86 68 0 0 0 0 0 0 0 0 56 57 60 61 66 66 66 67 68 64 0 0 0 0 0 0 0 0 0 0 0 0 0 0 0 0 0 0 0 0 0 0 0 0 0 0 0 0 0 0 0 0 0 0 0 0 0 0 0 72 74 75 76 78 79 79 80 80 79 79 73 67 64 56 46 0 0 0 0 0 0 0 0 0 0 0 0 0 0 0 0 0 0 0 0 0 0 0 0 0 0 0 0 0 0 0 0 0 0 0 0 0 66 71 73 75 79 79 79 77 78 78 79 80 80 78 77 76 76 77 77 75 73 71 69 67 0 0 0 0 0 0 0 0 0 0 0 0 0 0 0 0 0 0 0 0 0 0 64 65 66 68 72 
0 0 0 0 0 0 0 0 75 92 90 84 84 88 73 0 0 0 0 0 0 0 0 0 0 0 0 0 0 0 0 0 0 0 0 0 0 0 0 0 0 0 0 0 0 0 0 0 0 0 0 0 0 0 0 0 0 0 0 0 0 0 0 0 0 0 0 0 0 0 0 0 68 68 69 70 72 72 73 74 74 74 73 69 64 62 54 45 0 0 0 0 0 0 0 0 0 0 0 0 0 0 0 0 0 0 0 0 0 0 0 0 0 0 0 0 0 0 0 0 0 0 0 0 0 61 64 66 68 71 71 71 69 69 70 71 71 72 70 70 70 70 73 71 69 67 65 0 0 0 0 56 56 56 56 56 0 0 0 0 0 0 0 0 0 0 0 0 0 0 0 63 65 66 67 66 
0 0 0 0 0 0 0 0 75 90 90 84 84 88 76 62 0 0 0 0 0 0 0 0 0 0 0 0 0 0 0 0 0 0 0 0 0 0 0 0 0 0 0 0 0 0 0 0 0 0 0 0 0 0 0 0 0 0 0 0 0 0 0 0 0 0 0 0 0 0 0 0 0 0 57 56 57 58 59 60 61 61 60 57 53 51 46 0 0 0 0 0 0 0 0 0 0 0 0 0 0 0 0 0 0 0 0 0 0 0 0 0 0 0 0 0 0 0 0 0 0 0 0 0 0 0 0 51 53 54 54 53 51 49 0 0 0 0 0 0 0 0 0 0 0 0 0 0 0 0 0 56 56 56 56 56 0 0 0 0 0 0 0 0 0 0 0 0 0 0 0 63 65 65 66 70 
0 0 0 0 0 0 0 0 71 88 93 85 86 90 80 62 0 0 0 0 0 0 0 0 0 0 0 0 0 0 0 0 0 0 0 0 0 0 0 0 0 0 0 0 0 0 0 0 0 0 0 0 0 0 0 0 0 0 0 0 0 0 0 0 0 0 0 0 0 0 0 0 0 0 0 0 0 0 0 0 0 0 0 0 0 0 0 0 0 0 0 0 0 0 0 0 0 0 0 0 0 0 0 0 0 0 0 0 0 0 0 0 0 0 0 0 0 0 0 0 0 0 0 0 0 0 0 0 0 0 0 0 0 0 0 0 0 0 0 0 0 0 0 0 0 0 0 0 0 0 0 0 0 0 0 0 0 0 0 0 0 0 0 0 0 0 0 0 0 0 0 64 65 66 66 64 
0 0 0 0 66 65 64 64 68 81 89 85 85 89 84 64 0 0 0 0 0 0 0 0 0 0 0 0 0 0 0 0 0 0 0 0 0 0 0 0 0 0 0 0 0 0 0 0 0 0 0 0 0 0 0 0 0 0 0 0 0 0 0 0 0 0 0 0 0 0 0 0 0 0 0 0 0 0 0 0 0 0 0 0 0 0 0 0 0 0 0 0 0 0 0 0 0 0 0 0 0 0 0 0 0 0 0 0 0 0 0 0 0 0 0 0 0 0 0 0 0 0 0 0 0 0 0 0 0 0 0 0 0 0 0 0 0 0 0 0 0 0 0 0 0 0 0 0 0 0 0 0 0 0 0 0 0 0 0 0 0 0 0 0 0 0 0 0 0 0 0 63 64 65 61 65 
0 0 74 73 70 69 68 67 70 76 88 85 84 87 86 65 0 0 0 0 0 0 0 0 0 0 0 0 0 0 0 0 0 0 0 0 0 0 0 0 0 0 0 0 0 0 0 0 0 0 0 0 0 0 0 0 0 0 0 0 0 0 0 0 0 0 0 0 0 0 0 0 0 0 0 0 0 0 0 0 0 0 0 0 0 0 0 0 0 0 0 0 0 0 0 0 0 0 0 0 0 0 0 0 0 0 0 0 0 0 0 0 0 0 0 0 0 0 0 0 0 0 0 0 0 0 0 0 0 0 0 0 0 0 0 0 0 0 0 0 0 0 0 0 0 0 0 0 0 0 0 0 0 0 0 0 0 0 0 0 0 0 0 0 0 0 0 0 0 0 0 63 64 65 68 70 
0 0 75 75 73 74 72 71 72 75 85 85 84 86 87 72 0 0 0 0 0 0 0 0 0 0 0 0 0 0 0 0 0 0 0 0 0 0 0 0 0 0 0 0 0 0 0 0 0 0 0 0 0 0 0 0 0 0 0 0 0 0 0 0 0 0 0 0 0 0 0 0 0 0 0 0 0 0 0 0 0 0 0 0 0 0 0 0 0 0 0 0 0 0 0 0 0 0 0 0 0 0 0 0 0 0 0 0 0 0 0 0 0 0 0 0 0 0 0 0 0 0 0 0 0 0 0 0 0 0 0 0 0 0 0 0 0 0 0 0 0 0 0 0 0 0 0 0 0 0 0 0 0 0 0 0 0 0 0 0 0 0 0 0 0 0 0 0 0 0 0 0 64 65 65 69 
0 0 74 75 73 74 72 71 72 74 82 85 83 85 87 77 61 0 0 0 0 0 0 0 0 0 0 0 0 0 0 0 0 0 0 0 0 0 0 0 0 0 0 0 0 0 0 0 0 0 0 0 0 0 0 0 0 0 0 0 0 0 0 0 0 0 0 0 0 0 0 0 0 0 0 0 0 0 0 0 0 0 0 0 0 0 0 0 0 0 0 0 0 0 0 0 0 0 0 0 0 0 0 0 0 0 0 0 0 0 0 0 0 0 0 0 0 0 0 0 0 0 0 0 0 0 0 0 0 0 0 0 0 0 0 0 0 0 0 0 0 0 0 0 0 0 0 0 0 0 0 0 0 0 0 0 0 0 0 0 0 0 0 0 0 0 0 0 0 0 0 0 65 67 0 70 
0 64 73 73 73 75 73 73 73 74 79 84 82 83 86 80 61 0 0 0 0 0 0 0 0 0 0 0 0 0 0 0 0 0 0 0 0 0 0 0 0 0 0 0 0 0 0 0 0 0 0 0 0 0 0 0 0 0 0 0 0 0 0 0 0 0 0 0 0 0 0 0 0 0 0 0 0 0 0 0 0 0 0 0 0 0 0 0 0 0 0 0 0 0 0 0 0 0 0 0 0 0 0 0 0 0 0 0 0 0 0 0 0 0 0 0 0 0 0 0 0 0 0 0 0 0 0 0 0 0 0 0 0 0 0 0 0 0 0 0 0 0 0 0 0 0 0 0 0 0 0 0 0 0 0 0 0 0 0 0 0 0 0 0 0 0 0 0 0 0 0 0 0 66 0 0 
0 0 72 73 74 76 74 74 73 73 75 80 79 80 83 83 0 0 0 0 0 0 0 0 0 0 0 0 0 0 0 0 0 0 0 0 0 0 0 0 0 0 0 0 0 0 0 0 0 0 0 0 0 0 0 0 0 0 0 0 0 0 0 0 0 0 0 0 0 0 0 0 0 0 0 0 0 0 0 0 0 0 0 0 0 0 0 0 0 0 0 0 0 0 0 0 0 0 0 0 0 0 0 0 0 0 0 0 0 0 0 0 0 0 0 0 0 0 0 0 0 0 0 0 0 0 0 0 0 0 0 0 0 0 0 0 0 0 0 0 0 0 0 0 0 0 0 0 0 0 0 0 0 0 0 0 0 0 0 0 0 0 0 0 0 0 0 0 0 0 0 0 0 0 0 0 
0 60 71 73 75 76 75 74 73 73 73 78 78 80 83 88 0 0 0 0 0 0 0 0 0 0 0 0 0 0 0 0 0 0 0 0 0 0 0 0 0 0 0 0 0 0 0 0 0 0 0 0 0 0 0 0 0 0 0 0 0 0 0 0 0 0 0 0 0 0 0 0 0 0 0 0 0 0 0 0 0 0 0 0 0 0 0 0 0 0 0 0 0 0 0 0 0 0 0 0 0 0 0 0 0 0 0 0 0 0 0 0 0 0 0 0 0 0 0 0 0 0 0 0 0 0 0 0 0 0 0 0 0 0 0 0 0 0 0 0 0 0 0 0 0 0 0 0 0 0 0 0 0 0 0 0 0 0 0 0 0 0 0 0 0 0 0 0 0 0 0 0 0 0 0 0 
68 62 71 72 73 73 72 72 71 71 72 76 76 77 80 0 0 0 0 0 0 0 0 0 0 0 0 0 0 0 0 0 0 0 0 0 0 0 0 0 0 0 0 0 0 0 0 0 0 0 0 0 0 0 0 0 0 0 0 0 0 0 0 0 0 0 0 0 0 0 0 0 0 0 0 0 0 0 0 0 0 0 0 0 0 0 0 0 0 0 0 0 0 0 0 0 0 0 0 0 0 0 0 0 0 0 0 0 0 0 0 0 0 0 0 0 0 0 0 0 0 0 0 0 0 0 0 0 0 0 0 0 0 0 0 0 0 0 0 0 0 0 0 0 0 0 0 0 0 0 0 0 0 0 0 0 0 0 0 0 0 0 0 0 0 0 0 0 0 0 0 0 0 0 0 0 
65 63 98 86 79 75 72 72 70 71 70 72 76 102 132 177 194 193 183 175 0 0 0 0 0 0 0 0 0 0 0 0 0 0 0 0 0 0 0 0 0 0 0 0 0 0 0 0 0 0 0 0 0 0 0 0 0 0 0 0 0 0 0 0 0 0 0 0 0 0 0 0 0 0 0 0 0 0 0 0 0 0 0 0 0 0 0 0 0 0 0 0 0 0 0 0 0 0 0 0 0 0 0 0 0 0 0 0 0 0 0 0 0 0 0 0 0 0 0 0 0 0 0 0 0 0 0 0 0 0 0 0 0 0 0 0 0 0 0 0 0 0 0 0 0 0 0 0 0 0 0 0 0 0 0 0 0 0 0 0 0 0 0 0 0 0 0 0 0 0 0 0 0 0 0 0 
85 0 181 164 147 130 120 117 114 120 135 165 207 281 330 370 323 285 258 221 164 0 0 0 0 0 0 0 0 0 0 0 0 0 0 0 0 0 0 0 0 0 0 0 0 0 0 0 0 0 0 0 0 0 0 0 0 0 0 0 0 0 0 0 0 0 0 0 0 0 0 0 0 0 0 0 0 0 0 0 0 0 0 0 0 0 0 0 0 0 0 0 0 0 0 0 0 0 0 0 0 0 0 0 0 0 0 0 0 0 0 0 0 0 0 0 0 0 0 0 0 0 0 0 0 0 0 0 0 0 0 0 0 0 0 0 0 0 0 0 0 0 0 0 0 0 0 0 0 0 0 0 0 0 0 0 0 0 0 0 0 0 0 0 0 0 0 0 0 0 0 0 0 0 0 0 
348 225 271 259 243 228 222 232 239 267 308 348 380 428 436 430 368 312 277 228 157 0 0 0 0 0 0 0 0 0 0 0 0 0 0 0 0 0 0 0 0 0 0 0 0 0 0 0 0 0 0 0 0 0 0 0 0 0 0 0 0 0 0 0 0 0 0 0 0 0 0 0 0 0 0 0 0 0 0 0 0 0 0 0 0 0 0 0 0 0 0 0 0 0 0 0 0 0 0 0 0 0 0 0 0 0 0 0 0 0 0 0 0 0 0 0 0 0 0 0 0 0 0 0 0 0 0 0 0 0 0 0 0 0 0 0 0 0 0 0 0 0 0 0 0 0 0 0 0 0 0 0 0 0 0 0 0 0 0 0 0 0 0 0 0 0 0 0 0 0 0 0 0 0 0 0 
489 477 347 340 325 312 312 335 352 376 408 429 435 452 457 445 378 326 287 232 154 0 0 0 0 0 0 0 0 0 0 0 0 0 0 0 0 0 0 0 0 0 0 0 0 0 0 0 0 0 0 0 0 0 0 0 0 0 0 0 0 0 0 0 0 0 0 0 0 0 0 0 0 0 0 0 0 0 0 0 0 0 0 0 0 0 0 0 0 0 0 0 0 0 0 0 0 0 0 0 0 0 0 0 0 0 0 0 0 0 0 0 0 0 0 0 0 0 0 0 0 0 0 0 0 0 0 0 0 0 0 0 0 0 0 0 0 0 0 0 0 0 0 0 0 0 0 0 0 0 0 0 0 0 0 0 0 0 0 0 0 0 0 0 0 0 0 0 0 0 0 0 0 0 0 0 
438 434 378 374 373 376 380 393 394 400 410 428 435 450 455 439 383 334 294 236 154 0 0 0 0 0 0 0 0 0 0 0 0 0 0 0 0 0 0 0 0 0 0 0 0 0 0 0 0 0 0 0 0 0 0 0 0 0 0 0 0 0 0 0 0 0 0 0 0 0 0 0 0 0 0 0 0 0 0 0 0 0 0 0 0 0 0 0 0 0 0 0 0 0 0 0 0 0 0 0 0 0 0 0 0 0 0 0 0 0 0 0 0 0 0 0 0 0 0 0 0 0 0 0 0 0 0 0 0 0 0 0 0 0 0 0 0 0 0 0 0 0 0 0 0 0 0 0 0 0 0 0 0 0 0 0 0 0 0 0 0 0 0 0 0 0 0 0 0 0 0 0 0 0 0 0 
407 406 415 412 406 400 394 392 393 397 406 422 443 464 477 464 401 350 304 232 137 0 0 0 0 0 0 0 0 0 0 0 0 0 0 0 0 0 0 0 0 0 0 0 0 0 0 0 0 0 0 0 0 0 0 0 0 0 0 0 0 0 0 0 0 0 0 0 0 0 0 0 0 0 0 0 0 0 0 0 0 0 0 0 0 0 0 0 0 0 0 0 0 0 0 0 0 0 0 0 0 0 0 0 0 0 0 0 0 0 0 0 0 0 0 0 0 0 0 0 0 0 0 0 0 0 0 0 0 0 0 0 0 0 0 0 0 0 0 0 0 0 0 0 0 0 0 0 0 0 0 0 0 0 0 0 0 0 0 0 0 0 0 0 0 0 0 0 0 0 0 0 0 0 0 0 
384 399 395 405 410 414 417 420 423 428 434 442 453 460 460 430 361 320 274 199 116 0 0 0 0 0 0 0 0 0 0 0 0 0 0 0 0 0 0 0 0 0 0 0 0 0 0 0 0 0 0 0 0 0 0 0 0 0 0 0 0 0 0 0 0 0 0 0 0 0 0 0 0 0 0 0 0 0 0 0 0 0 0 0 0 0 0 0 0 0 0 0 0 0 0 0 0 0 0 0 0 0 0 0 0 0 0 0 0 0 0 0 0 0 0 0 0 0 0 0 0 0 0 0 0 0 0 0 0 0 0 0 0 0 0 0 0 0 0 0 0 0 0 0 0 0 0 0 0 0 0 0 0 0 0 0 0 0 0 0 0 0 0 0 0 0 0 0 0 0 0 0 0 0 0 0 
347 369 352 372 384 390 393 395 396 399 404 412 421 424 421 385 318 288 244 168 97 0 0 0 0 0 0 0 0 0 0 0 0 0 0 0 0 0 0 0 0 0 0 0 0 0 0 0 0 0 0 0 0 0 0 0 0 0 0 0 0 0 0 0 0 0 0 0 0 0 0 0 0 0 0 0 0 0 0 0 0 0 0 0 0 0 0 0 0 0 0 0 0 0 0 0 0 0 0 0 0 0 0 0 0 0 0 0 0 0 0 0 0 0 0 0 0 0 0 0 0 0 0 0 0 0 0 0 0 0 0 0 0 0 0 0 0 0 0 0 0 0 0 0 0 0 0 0 0 0 0 0 0 0 0 0 0 0 0 0 0 0 0 0 0 0 0 0 0 0 0 0 0 0 0 0 
243 334 325 345 358 372 378 378 379 380 383 388 394 393 388 347 292 263 222 147 87 0 0 0 0 0 0 0 0 0 0 0 0 0 0 0 0 0 0 0 0 0 0 0 0 0 0 0 0 0 0 0 0 0 0 0 0 0 0 0 0 0 0 0 0 0 0 0 0 0 0 0 0 0 0 0 0 0 0 0 0 0 0 0 0 0 0 0 0 0 0 0 0 0 0 0 0 0 0 0 0 0 0 0 0 0 0 0 0 0 0 0 0 0 0 0 0 0 0 0 0 0 0 0 0 0 0 0 0 0 0 0 0 0 0 0 0 0 0 0 0 0 0 0 0 0 0 0 0 0 0 0 0 0 0 0 0 0 0 0 0 0 0 0 0 0 0 0 0 0 0 0 0 0 0 0 
96 148 292 318 331 344 358 363 363 366 369 373 378 374 365 321 276 247 207 130 0 0 0 0 0 0 0 0 0 0 0 0 0 0 0 0 0 0 0 0 0 0 0 0 0 0 0 0 0 0 0 0 0 0 0 0 0 0 0 0 0 0 0 0 0 0 0 0 0 0 0 0 0 0 0 0 0 0 0 0 0 0 0 0 0 0 0 0 0 0 0 0 0 0 0 0 0 0 0 0 0 0 0 0 0 0 0 0 0 0 0 0 0 0 0 0 0 0 0 0 0 0 0 0 0 0 0 0 0 0 0 0 0 0 0 0 0 0 0 0 0 0 0 0 0 0 0 0 0 0 0 0 0 0 0 0 0 0 0 0 0 0 0 0 0 0 0 0 0 0 0 0 0 0 0 0 
0 0 253 281 297 311 325 338 342 346 348 351 354 349 340 295 262 234 194 116 0 0 0 0 0 0 0 0 0 0 0 0 0 0 0 0 0 0 0 0 0 0 0 0 0 0 0 0 0 0 0 0 0 0 0 0 0 0 0 0 0 0 0 0 0 0 0 0 0 0 0 0 0 0 0 0 0 0 0 0 0 0 0 0 0 0 0 0 0 0 0 0 0 0 0 0 0 0 0 0 0 0 0 0 0 0 0 0 0 0 0 0 0 0 0 0 0 0 0 0 0 0 0 0 0 0 0 0 0 0 0 0 0 0 0 0 0 0 0 0 0 0 0 0 0 0 0 0 0 0 0 0 0 0 0 0 0 0 0 0 0 0 0 0 0 0 0 0 0 0 0 0 0 0 0 0 
0 0 215 252 263 276 287 297 297 306 313 319 324 322 310 275 251 224 185 109 0 0 0 0 0 0 0 0 0 0 0 0 0 0 0 0 0 0 0 0 0 0 0 0 0 0 0 0 0 0 0 0 0 0 0 0 0 0 0 0 0 0 0 0 0 0 0 0 0 0 0 0 0 0 0 0 0 0 0 0 0 0 0 0 0 0 0 0 0 0 0 0 0 0 0 0 0 0 0 0 0 0 0 0 0 0 0 0 0 0 0 0 0 0 0 0 0 0 0 0 0 0 0 0 0 0 0 0 0 0 0 0 0 0 0 0 0 0 0 0 0 0 0 0 0 0 0 0 0 0 0 0 0 0 0 0 0 0 0 0 0 0 0 0 0 0 0 0 0 0 0 0 0 0 0 0 
0 0 187 223 231 249 266 279 281 291 299 294 290 280 270 240 230 212 185 0 0 0 0 0 0 0 0 0 0 0 0 0 0 0 0 0 0 0 0 0 0 0 0 0 0 0 0 0 0 0 0 0 0 0 0 0 0 0 0 0 0 0 0 0 0 0 0 0 0 0 0 0 0 0 0 0 0 0 0 0 0 0 0 0 0 0 0 0 0 0 0 0 0 0 0 0 0 0 0 0 0 0 0 0 0 0 0 0 0 0 0 0 0 0 0 0 0 0 0 0 0 0 0 0 0 0 0 0 0 0 0 0 0 0 0 0 0 0 0 0 0 0 0 0 0 0 0 0 0 0 0 0 0 0 0 0 0 0 0 0 0 0 0 0 0 0 0 0 0 0 0 0 0 0 0 0 
0 0 0 186 196 208 229 249 252 266 277 273 269 260 249 223 215 198 172 0 0 0 0 0 0 0 0 0 0 0 0 0 0 0 0 0 0 0 0 0 0 0 0 0 0 0 0 0 0 0 0 0 0 0 0 0 0 0 0 0 0 0 0 0 0 0 0 0 0 0 0 0 0 0 0 0 0 0 0 0 0 0 0 0 0 0 0 0 0 0 0 0 0 0 0 0 0 0 0 0 0 0 0 0 0 0 0 0 0 0 0 0 0 0 0 0 0 0 0 0 0 0 0 0 0 0 0 0 0 0 0 0 0 0 0 0 0 0 0 0 0 0 0 0 0 0 0 0 0 0 0 0 0 0 0 0 0 0 0 0 0 0 0 0 0 0 0 0 0 0 0 0 0 0 0 0 
0 0 0 0 147 166 183 205 215 233 245 239 235 226 216 196 190 177 0 0 0 0 0 0 0 0 0 0 0 0 0 0 0 0 0 0 0 0 0 0 0 0 0 0 0 0 0 0 0 0 0 0 0 0 0 0 0 0 0 0 0 0 0 0 0 0 0 0 0 0 0 0 0 0 0 0 0 0 0 0 0 0 0 0 0 0 0 0 0 0 0 0 0 0 0 0 0 0 0 0 0 0 0 0 0 0 0 0 0 0 0 0 0 0 0 0 0 0 0 0 0 0 0 0 0 0 0 0 0 0 0 0 0 0 0 0 0 0 0 0 0 0 0 0 0 0 0 0 0 0 0 0 0 0 0 0 0 0 0 0 0 0 0 0 0 0 0 0 0 0 0 0 0 0 0 0 
0 0 0 0 0 0 0 135 145 174 200 197 197 188 177 166 161 0 0 0 0 0 0 0 0 0 0 0 0 0 0 0 0 0 0 0 0 0 0 0 0 0 0 0 0 0 0 0 0 0 0 0 0 0 0 0 0 0 0 0 0 0 0 0 0 0 0 0 0 0 0 0 0 0 0 0 0 0 0 0 0 0 0 0 0 0 0 0 0 0 0 0 0 0 0 0 0 0 0 0 0 0 0 0 0 0 0 0 0 0 0 0 0 0 0 0 0 0 0 0 0 0 0 0 0 0 0 0 0 0 0 0 0 0 0 0 0 0 0 0 0 0 0 0 0 0 0 0 0 0 0 0 0 0 0 0 0 0 0 0 0 0 0 0 0 0 0 0 0 0 0 0 0 0 0 0 
0 0 0 0 0 0 0 0 0 0 0 0 0 0 0 0 0 0 0 0 0 0 0 0 0 0 0 0 0 0 0 0 0 0 0 0 0 0 0 0 0 0 0 0 0 0 0 0 0 0 0 0 0 0 0 0 0 0 0 0 0 0 0 0 0 0 0 0 0 0 0 0 0 0 0 0 0 0 0 0 0 0 0 0 0 0 0 0 0 0 0 0 0 0 0 0 0 0 0 0 0 0 0 0 0 0 0 0 0 0 0 0 0 0 0 0 0 0 0 0 0 0 0 0 0 0 0 0 0 0 0 0 0 0 0 0 0 0 0 0 0 0 0 0 0 0 0 0 0 0 0 0 0 0 0 0 0 0 0 0 0 0 0 0 0 0 0 0 0 0 0 0 0 0 0 0 
0 0 0 0 0 0 0 0 0 0 0 0 0 0 0 0 0 0 0 0 0 0 0 0 0 0 0 0 0 0 0 0 0 0 0 0 0 0 0 0 0 0 0 0 0 0 0 0 0 0 0 0 0 0 0 0 0 0 0 0 0 0 0 0 0 0 0 0 0 0 0 0 0 0 0 0 0 0 0 0 0 0 0 0 0 0 0 0 0 0 0 0 0 0 0 0 0 0 0 0 0 0 0 0 0 0 0 0 0 0 0 0 0 0 0 0 0 0 0 0 0 0 0 0 0 0 0 0 0 0 0 0 0 0 0 0 0 0 0 0 0 0 0 0 0 0 0 0 0 0 0 0 0 0 0 0 0 0 0 0 0 0 0 0 0 0 0 0 0 0 0 0 0 0 0 0 
0 0 0 0 0 0 0 0 0 0 0 0 0 0 0 0 0 0 0 0 0 0 0 0 0 0 0 0 0 0 0 0 0 0 0 0 0 0 0 0 0 0 0 0 0 0 0 0 0 0 0 0 0 0 0 0 0 0 0 0 0 0 0 0 0 0 0 0 0 0 0 0 0 0 0 0 0 0 0 0 0 0 0 0 0 0 0 0 0 0 0 0 0 0 0 0 0 0 0 0 0 0 0 0 0 0 0 0 0 0 0 0 0 0 0 0 0 0 0 0 0 0 0 0 0 0 0 0 0 0 0 0 0 0 0 0 0 0 0 0 0 0 0 0 0 0 0 0 0 0 0 0 0 0 0 0 0 0 0 0 0 0 0 0 0 0 0 0 0 0 0 0 0 0 0 0 
0 0 0 0 0 0 0 0 0 0 0 0 0 0 0 0 0 0 0 0 0 0 0 0 0 0 0 0 0 0 0 0 0 0 0 0 0 0 0 0 0 0 0 0 0 0 0 0 0 0 0 0 0 0 0 0 0 0 0 0 0 0 0 0 0 0 0 0 0 0 0 0 0 0 0 0 0 0 0 0 0 0 0 0 0 0 0 0 0 0 0 0 0 0 0 0 0 0 0 0 0 0 0 0 0 0 0 0 0 0 0 0 0 0 0 0 0 0 0 0 0 0 0 0 0 0 0 0 0 0 0 0 0 0 0 0 0 0 0 0 0 0 0 0 0 0 0 0 0 0 0 0 0 0 0 0 0 0 0 0 0 0 0 0 0 0 0 0 0 0 0 0 0 0 0 0 
0 0 0 0 0 0 0 0 0 0 0 0 0 0 0 0 0 0 0 0 0 0 0 0 0 0 0 0 0 0 0 0 0 0 0 0 0 0 0 0 0 0 0 0 0 0 0 0 0 0 0 0 0 0 0 0 0 0 0 0 0 0 0 0 0 0 0 0 0 0 0 0 0 0 0 0 0 0 0 0 0 0 0 0 0 0 0 0 0 0 0 0 0 0 0 0 0 0 0 0 0 0 0 0 0 0 0 0 0 0 0 0 0 0 0 0 0 0 0 0 0 0 0 0 0 0 0 0 0 0 0 0 0 0 0 0 0 0 0 0 0 0 0 0 0 0 0 0 0 0 0 0 0 0 0 0 0 0 0 0 0 0 0 0 0 0 0 0 0 0 0 0 0 0 0 0 
0 0 0 0 0 0 0 0 0 0 0 0 0 0 0 0 0 0 0 0 0 0 0 0 0 0 0 0 0 0 0 0 0 0 0 0 0 0 0 0 0 0 0 0 0 0 0 0 0 0 0 0 0 0 0 0 0 0 0 0 0 0 0 0 0 0 0 0 0 0 0 0 0 0 0 0 0 0 0 0 0 0 0 0 0 0 0 0 0 0 0 0 0 0 0 0 0 0 0 0 0 0 0 0 0 0 0 0 0 0 0 0 0 0 0 0 0 0 0 0 0 0 0 0 0 0 0 0 0 0 0 0 0 0 0 0 0 0 0 0 0 0 0 0 0 0 0 0 0 0 0 0 0 0 0 0 0 0 0 0 0 0 0 0 0 0 0 0 0 0 0 0 0 0 0 0 
0 0 0 0 0 0 0 0 0 0 0 0 0 0 0 0 0 0 0 0 0 0 0 0 0 0 0 0 0 0 0 0 0 0 0 0 0 0 0 0 0 0 0 0 0 0 0 0 0 0 0 0 0 0 0 0 0 0 0 0 0 0 0 0 0 0 0 0 0 0 0 0 0 0 0 0 0 0 0 0 0 0 0 0 0 0 0 0 0 0 0 0 0 0 0 0 0 0 0 0 0 0 0 0 0 0 0 0 0 0 0 0 0 0 0 0 0 0 0 0 0 0 0 0 0 0 0 0 0 0 0 0 0 0 0 0 0 0 0 0 0 0 0 0 0 0 0 0 0 0 0 0 0 0 0 0 0 0 0 0 0 0 0 0 0 0 0 0 0 0 0 0 0 0 0 0 
0 0 0 0 0 0 0 0 0 0 0 0 0 0 0 0 0 0 0 0 0 0 0 0 0 0 0 0 0 0 0 0 0 0 0 0 0 0 0 0 0 0 0 0 0 0 0 0 0 0 0 0 0 0 0 0 0 0 0 0 0 0 0 0 0 0 0 0 0 0 0 0 0 0 0 0 0 0 0 0 0 0 0 0 0 0 0 0 0 0 0 0 0 0 0 0 0 0 0 0 0 0 0 0 0 0 0 0 0 0 0 0 0 0 0 0 0 0 0 0 0 0 0 0 0 0 0 0 0 0 0 0 0 0 0 0 0 0 0 0 0 0 0 0 0 0 0 0 0 0 0 0 0 0 0 0 0 0 0 0 0 0 0 0 0 0 0 0 0 0 0 0 0 0 0 0 
