93 91 92 97 90 88 90 97 89 81 84 82 83 88 93 83 80 81 77 85 77 79 79 78 81 86 82 85 88 85 83 87 84 81 77 84 79 66 72 79 82 86 79 80 83 78 80 79 83 79 83 84 84 78 77 81 78 76 79 77 80 79 75 66 71 80 79 76 78 78 79 78 79 78 78 78 84 79 82 78 80 76 81 83 79 81 80 79 67 68 76 81 82 82 82 80 85 79 82 81 81 80 79 87 82 82 80 83 80 83 87 82 82 80 70 75 85 89 87 87 89 88 90 85 93 90 86 92 98 94 87 90 93 90 101 94 96 97 98 91 84 90 101 91 102 100 97 99 103 98 106 102 111 99 111 110 115 108 100 86 76 78 81 84 80 82 80 82 87 83 84 88 94 87 102 103 
96 97 85 80 90 83 92 94 86 83 84 78 72 79 77 84 82 78 84 82 83 87 87 81 90 89 83 84 80 82 89 85 87 84 82 81 82 71 66 73 75 79 81 78 77 81 79 76 82 78 76 78 75 79 77 82 79 70 79 76 80 77 74 67 68 79 79 80 80 81 79 78 79 79 79 75 79 79 84 80 78 78 80 83 77 86 78 82 72 71 75 83 82 80 79 80 80 80 76 77 78 78 83 82 87 85 81 85 82 82 79 83 82 79 73 79 86 82 83 85 86 86 93 91 89 91 94 91 87 91 91 87 90 95 93 94 92 99 92 83 87 100 98 99 95 105 102 92 98 98 106 108 107 107 103 116 110 97 88 85 79 77 82 82 87 79 82 75 86 81 83 92 86 101 101 110 
90 82 86 85 85 86 86 85 84 83 81 81 81 80 80 80 80 81 81 82 82 82 82 82 83 82 82 82 82 82 82 82 82 81 80 79 78 76 74 74 74 75 76 78 77 78 78 78 77 77 78 77 77 78 77 76 77 77 77 77 77 76 74 73 73 73 75 77 78 78 78 78 77 78 78 78 78 78 78 78 78 78 78 79 80 80 78 77 75 75 76 77 79 79 79 79 79 78 79 78 79 80 80 81 81 81 81 81 81 81 81 80 78 77 78 79 80 83 84 84 85 86 87 87 88 89 89 89 90 90 90 91 92 92 92 92 92 90 90 91 92 93 95 96 97 97 98 98 99 100 102 103 104 104 102 98 95 90 85 82 81 79 79 80 79 78 79 79 80 82 84 86 90 95 95 111 
81 79 83 83 83 83 84 83 83 82 81 80 80 79 78 79 79 79 80 81 82 82 82 82 82 81 80 81 81 81 80 81 81 80 80 80 78 77 75 74 73 73 74 75 76 76 76 76 76 76 75 76 75 76 76 75 75 75 75 75 76 75 74 73 74 74 75 77 78 78 78 78 79 79 79 79 80 80 79 80 80 80 80 82 82 83 81 80 79 79 79 80 81 81 81 81 81 81 81 81 82 82 83 83 83 83 84 83 83 83 83 81 80 80 80 81 82 83 84 84 85 85 86 87 87 88 88 88 88 88 88 89 90 90 90 90 89 88 89 90 91 92 94 95 95 96 96 97 98 99 101 102 102 101 98 93 88 84 80 79 79 78 79 79 79 77 78 77 78 80 82 85 89 94 104 103 
76 75 81 81 81 81 82 81 81 81 80 80 79 79 78 78 77 78 78 79 79 80 80 80 80 80 79 80 80 79 79 79 79 79 79 79 78 77 75 74 72 72 72 73 74 75 74 75 74 75 74 75 75 75 75 76 76 76 77 77 78 78 78 77 78 78 79 81 82 82 83 83 83 83 83 84 84 84 84 84 84 84 85 86 87 87 86 86 85 84 85 85 86 86 86 86 87 86 87 87 87 87 88 88 88 88 88 88 88 88 88 87 86 86 86 86 87 88 88 88 88 89 90 90 90 91 90 90 90 90 90 90 90 90 89 89 88 88 89 89 90 91 92 93 94 94 95 96 96 98 99 100 99 97 93 87 83 79 76 76 77 77 77 77 77 76 74 75 76 78 81 84 88 93 97 100 
78 81 80 79 79 79 79 79 79 80 79 79 78 78 77 76 75 75 75 76 76 77 77 78 78 78 77 78 79 78 77 77 77 76 76 77 76 76 75 74 73 73 73 74 75 76 76 77 76 77 77 78 78 79 79 80 80 80 80 81 82 82 83 83 84 84 85 86 86 86 87 87 87 87 87 88 88 89 89 89 89 89 89 90 91 91 91 90 90 90 90 90 91 91 92 91 92 92 92 92 93 92 92 93 92 92 93 93 93 93 93 92 92 92 92 92 93 93 93 92 93 93 94 94 95 95 95 95 95 95 94 94 94 94 93 93 92 92 92 92 93 94 94 94 95 96 96 97 97 98 99 98 96 93 88 83 79 76 75 75 75 75 75 75 75 75 0 75 77 78 80 82 87 91 93 104 
85 73 79 78 78 78 78 78 78 78 77 77 77 77 76 76 75 74 74 73 74 74 75 76 76 76 76 76 77 76 76 77 77 77 77 77 77 77 76 76 76 76 76 77 78 79 80 80 80 80 80 81 82 82 83 84 85 85 85 85 86 87 87 88 89 89 89 90 90 90 90 91 91 92 92 92 92 93 93 93 94 94 94 95 96 96 96 96 95 95 95 96 96 96 96 96 97 97 97 97 98 97 97 97 97 97 98 98 98 99 98 98 98 98 98 98 98 98 98 97 98 98 98 99 100 100 100 99 99 98 98 98 98 98 98 97 97 97 97 97 97 98 98 98 99 100 100 100 101 102 102 100 97 91 86 80 77 75 74 74 74 74 74 74 74 0 0 0 76 77 79 81 85 89 95 104 
91 83 78 77 77 76 76 77 76 76 76 76 76 76 76 75 74 73 72 71 71 72 73 74 74 75 76 76 77 77 77 78 78 79 80 80 80 80 80 80 80 80 81 81 83 83 84 84 84 84 85 85 86 87 87 88 89 89 89 89 89 90 91 92 93 94 95 95 95 95 95 96 97 97 97 97 97 98 98 98 99 99 100 100 100 100 100 100 100 100 100 101 102 102 102 102 102 102 103 103 103 103 102 102 102 102 103 103 103 104 104 104 104 105 105 105 105 104 104 103 104 104 104 104 105 105 105 104 103 103 103 102 102 102 102 101 101 101 101 101 101 102 102 102 103 104 104 105 105 106 107 104 99 93 86 80 76 74 73 72 72 73 73 73 0 0 0 0 76 76 78 81 84 88 98 95 
75 75 77 76 76 75 74 75 74 74 74 74 73 73 74 73 72 72 72 70 71 72 73 74 76 77 78 78 79 79 79 80 81 81 82 82 82 82 83 83 84 85 85 86 87 87 88 88 89 89 89 90 91 91 92 93 94 94 94 94 94 95 95 97 98 99 99 99 98 99 99 99 99 100 100 99 99 100 100 100 101 101 101 101 102 101 102 101 102 102 102 102 103 103 103 103 103 103 104 104 105 104 104 104 104 104 105 105 106 107 107 107 107 108 108 108 108 108 108 108 108 108 108 109 109 109 109 109 109 109 108 108 107 107 106 106 106 106 106 106 106 106 106 107 107 107 108 109 110 111 111 107 100 93 86 79 75 74 72 71 70 71 70 0 0 0 0 0 75 76 77 80 82 87 92 97 
71 78 75 74 75 74 73 74 73 73 73 73 73 73 74 74 74 74 74 73 74 74 75 76 77 78 79 80 80 80 81 82 83 84 84 85 85 85 86 86 88 88 89 90 91 91 92 92 93 93 93 94 95 95 96 96 97 97 96 96 96 96 96 97 98 99 98 98 98 98 98 98 99 99 99 98 98 99 99 99 100 101 101 101 101 101 101 101 100 101 101 102 102 102 102 102 102 102 102 103 103 103 103 103 103 103 104 105 105 106 106 106 106 107 107 107 108 108 108 108 108 109 109 109 110 110 110 110 110 111 111 111 111 111 110 110 110 110 110 110 110 111 111 111 111 111 112 113 114 116 116 111 103 96 87 79 75 74 72 71 70 71 0 0 0 0 0 0 73 74 76 79 81 86 86 95 
74 69 73 73 73 73 73 73 73 73 74 75 75 76 76 76 76 76 77 76 77 77 77 78 79 79 81 82 82 83 83 84 85 87 88 89 89 89 89 90 91 91 92 92 93 93 93 93 94 94 94 94 95 95 95 95 95 95 96 95 95 95 95 96 96 97 97 97 96 97 96 96 97 98 98 98 98 99 98 99 100 100 101 101 101 100 100 99 99 99 99 99 100 100 100 99 99 99 100 100 101 101 101 101 101 102 102 103 103 104 104 104 104 105 106 106 106 107 107 107 108 108 108 108 109 109 109 109 109 110 110 110 110 110 110 109 110 109 110 111 111 111 112 112 112 113 114 115 117 119 119 114 107 98 88 79 74 73 71 70 69 0 0 0 0 0 0 0 70 73 76 79 81 85 83 103 
73 70 73 73 74 75 74 75 75 75 75 76 77 78 78 77 78 78 78 79 80 80 80 81 82 82 83 85 86 86 86 87 87 88 89 90 90 90 90 90 91 91 91 92 92 93 93 93 93 93 93 93 94 94 93 93 93 92 92 92 92 91 91 91 91 92 92 92 92 92 92 92 92 94 95 97 97 98 98 98 99 99 100 99 98 97 95 93 92 92 92 92 93 92 92 92 92 92 93 93 94 95 95 95 95 96 96 97 97 98 98 99 99 99 99 99 99 99 100 100 101 102 103 104 105 106 107 108 108 109 109 109 109 109 109 108 109 109 109 110 110 110 111 111 111 112 113 114 116 118 119 115 107 98 88 79 74 72 70 69 0 0 0 0 0 0 0 0 68 73 75 78 80 84 89 99 
75 80 73 73 74 75 76 76 77 77 77 77 78 79 79 80 81 81 81 82 83 83 83 84 85 85 85 86 86 86 86 87 88 88 89 90 89 89 89 89 89 89 89 89 89 89 88 88 87 88 88 88 89 88 86 85 84 85 86 88 89 91 90 90 90 90 91 91 91 91 91 89 89 92 93 95 97 98 98 98 98 99 99 97 96 95 92 90 90 90 90 90 91 90 90 89 90 90 91 91 92 92 92 92 93 94 94 95 95 96 96 97 97 97 97 97 97 97 98 98 99 100 98 99 101 102 103 107 108 109 109 109 109 109 108 108 108 108 109 109 110 110 110 110 110 111 111 112 114 116 117 114 106 97 89 79 72 71 69 0 0 0 0 0 0 0 0 0 67 71 74 76 78 83 91 95 
68 75 75 75 75 76 77 78 78 79 79 80 81 82 82 83 84 83 83 83 84 84 84 85 85 84 85 85 86 86 86 87 87 88 87 87 86 85 84 84 83 82 83 84 84 86 87 86 86 86 86 87 87 86 84 83 82 82 84 86 87 90 89 88 88 88 88 89 89 89 89 85 86 89 91 93 97 98 97 97 98 98 98 95 94 92 89 86 87 87 86 87 88 88 87 87 87 86 87 88 89 89 89 89 90 91 92 92 92 93 94 94 95 95 95 94 94 94 95 95 96 97 96 96 98 100 102 105 107 108 108 109 108 108 108 108 108 108 109 109 109 109 109 109 109 109 109 110 111 113 115 113 105 98 90 80 72 70 0 0 0 0 0 0 0 0 0 0 66 70 73 76 78 82 86 86 
75 76 76 77 77 78 79 80 80 81 81 81 82 82 83 83 83 83 83 82 83 83 83 84 85 84 84 85 86 86 86 87 87 87 86 85 84 83 83 83 82 80 81 82 83 85 85 84 83 83 84 84 85 83 81 79 77 77 79 82 83 86 86 85 84 83 84 85 85 85 84 78 81 86 88 91 96 98 98 98 97 98 97 93 91 89 84 80 81 81 80 80 81 81 81 80 80 80 81 82 83 83 83 83 84 85 86 86 87 87 88 89 90 90 90 89 87 87 88 89 91 92 90 90 94 97 99 103 106 107 107 108 108 108 108 108 108 108 108 108 108 108 108 108 108 108 107 108 110 112 113 112 104 98 91 81 69 0 0 0 0 0 0 0 0 0 0 0 66 70 74 76 78 81 81 87 
77 81 78 78 79 79 80 80 81 81 81 81 81 81 82 82 82 82 82 82 83 83 83 84 84 84 84 85 86 86 86 87 87 85 84 83 82 80 81 80 79 77 78 78 79 81 82 80 79 79 80 80 80 78 75 71 69 68 69 73 75 79 78 75 74 72 73 75 75 76 76 70 77 84 87 90 96 97 97 97 97 97 96 91 89 86 79 71 68 69 68 69 68 68 67 67 67 68 70 69 70 70 71 71 73 74 77 77 77 79 79 80 82 80 77 75 74 71 72 74 78 79 77 80 88 94 97 101 106 107 107 108 108 108 108 108 107 108 108 108 108 108 108 107 107 107 106 107 108 110 112 111 103 99 95 85 72 0 0 0 0 0 0 0 0 0 0 0 0 70 73 75 77 80 86 92 
83 80 78 78 79 79 79 79 80 80 80 81 81 81 81 81 81 81 81 80 81 81 82 83 84 83 84 85 85 86 86 87 86 84 82 81 78 76 76 75 72 71 70 69 69 72 72 69 64 65 66 66 66 67 63 57 53 50 0 0 0 0 0 0 0 0 0 0 0 0 0 66 78 85 88 90 96 97 97 97 97 97 96 91 89 87 81 69 0 0 0 0 0 0 0 0 0 0 0 0 0 0 0 0 0 0 0 0 0 0 0 0 0 0 0 0 0 0 0 0 0 0 0 71 85 92 95 99 105 107 107 107 107 107 106 106 107 107 107 107 107 107 107 106 106 105 105 105 106 108 110 109 102 100 97 88 72 0 0 0 0 0 0 0 0 0 0 0 0 70 72 74 76 79 82 98 
76 77 78 78 78 78 78 79 80 80 80 80 80 80 80 80 80 80 78 77 79 79 79 81 83 83 84 85 85 86 86 86 86 83 81 79 75 70 68 67 63 60 56 0 0 0 0 0 0 0 0 0 0 0 0 0 0 0 0 0 0 0 0 0 0 0 0 0 0 0 0 67 79 85 88 90 96 97 97 97 97 97 96 91 89 86 81 69 0 0 0 0 0 0 0 0 0 0 0 0 0 0 0 0 0 0 0 0 0 0 0 0 0 0 0 0 0 0 0 0 0 0 0 72 86 93 96 98 105 106 106 106 107 106 106 106 107 107 107 107 107 107 106 106 105 104 104 104 105 106 108 108 101 100 97 89 73 0 0 0 0 0 0 0 0 0 0 0 0 70 72 74 75 78 82 82 
75 77 78 77 77 77 77 78 79 80 80 81 81 80 80 79 78 78 76 75 76 78 78 80 83 82 83 84 84 85 85 85 85 81 79 78 75 65 0 0 0 0 0 0 0 0 0 0 0 0 0 0 0 0 0 0 0 0 0 0 0 0 0 0 0 0 0 0 0 0 0 67 79 84 88 89 96 97 97 97 97 97 96 91 89 87 81 70 0 0 0 0 0 0 0 0 0 0 0 0 0 0 0 0 0 0 0 0 0 0 0 0 0 0 0 0 0 0 0 0 0 0 0 72 85 92 95 97 104 105 106 106 106 106 106 106 106 106 107 107 107 107 106 105 104 103 103 103 104 105 107 108 101 101 98 91 76 0 0 0 0 0 0 0 0 0 0 0 0 69 71 73 74 77 80 89 
78 85 77 76 76 77 76 77 78 79 79 80 80 80 79 79 76 75 72 70 71 74 76 79 82 82 84 84 84 84 85 85 85 80 79 77 73 62 0 0 0 0 0 0 0 0 0 0 0 0 0 0 0 0 0 0 0 0 0 0 0 0 49 47 47 48 47 0 0 0 0 69 80 85 88 90 95 96 97 96 97 97 96 91 89 87 81 70 0 0 0 0 0 0 0 0 0 0 0 0 0 0 0 0 0 0 0 0 0 0 0 0 0 0 0 0 0 0 0 0 0 0 0 71 85 92 95 97 104 105 106 106 106 105 106 105 105 106 106 107 106 106 106 105 104 103 103 103 104 104 106 107 102 101 99 94 79 0 0 0 0 0 0 0 0 0 0 0 0 68 70 72 73 76 70 85 
76 76 76 76 76 76 76 77 77 78 78 79 79 79 79 78 75 73 70 66 68 72 75 78 82 82 83 83 84 84 84 85 85 79 78 76 71 59 0 0 0 0 0 0 0 0 0 0 0 0 0 0 0 0 0 0 0 0 0 0 0 51 51 50 49 49 47 45 0 0 0 67 79 84 87 89 95 96 96 96 97 97 96 91 89 87 81 69 0 0 0 0 0 0 0 0 0 0 0 0 0 0 0 0 0 0 0 0 0 0 0 0 0 0 0 0 0 0 0 0 0 0 0 73 85 92 95 97 103 105 105 106 106 105 105 105 105 105 106 106 106 106 105 104 103 102 102 102 103 104 105 106 102 99 97 91 77 0 0 0 0 0 0 0 0 0 0 0 0 0 68 71 73 76 81 90 
76 75 76 76 76 76 76 76 76 77 77 77 78 78 78 76 74 71 67 64 67 72 75 78 82 82 83 83 83 84 84 84 84 80 78 76 70 57 0 0 0 0 0 0 0 0 0 0 0 0 0 0 0 0 0 0 0 0 0 0 47 50 50 49 49 49 48 46 0 0 0 65 78 84 87 88 95 96 96 96 96 96 96 90 89 86 81 69 0 0 0 0 0 0 0 0 0 0 0 0 0 0 0 0 0 0 0 0 0 0 0 0 0 0 0 0 0 0 0 0 0 0 0 73 85 91 94 96 103 104 105 106 106 105 105 105 105 105 105 105 105 105 104 103 103 102 102 103 103 103 105 106 102 98 95 90 77 0 0 0 0 0 0 0 0 0 0 0 0 0 69 72 73 76 75 88 
74 79 76 76 76 76 76 76 76 77 77 77 77 77 78 76 74 71 69 66 70 74 78 79 82 82 82 83 83 84 84 84 84 79 78 75 69 0 0 0 0 0 0 0 0 0 0 0 0 0 0 0 0 0 0 0 0 0 0 0 47 50 50 49 49 49 48 46 0 0 0 63 78 83 86 88 95 96 96 96 97 96 96 90 89 86 81 69 0 0 0 0 0 0 0 0 0 0 0 0 0 0 0 0 0 0 0 0 0 0 0 0 0 0 0 0 0 0 0 0 0 0 0 72 84 91 94 96 103 105 105 105 105 105 105 104 105 105 105 105 105 104 104 103 103 102 102 103 103 103 104 106 103 97 95 91 78 0 0 0 0 0 0 0 0 0 0 0 0 0 69 72 74 76 76 82 
73 74 75 76 76 76 75 75 76 75 76 75 76 77 77 76 74 72 70 69 72 75 78 80 82 82 82 82 83 83 84 85 84 80 79 77 70 0 0 0 0 0 0 0 0 0 0 0 0 0 0 0 0 0 0 0 0 0 0 0 47 50 51 50 50 50 48 45 0 0 0 63 78 84 86 88 95 96 96 96 96 96 95 89 88 85 80 66 0 0 0 0 0 0 0 0 0 0 0 0 0 0 0 0 0 0 0 0 0 0 0 0 0 0 0 0 0 0 0 0 0 0 0 69 81 89 93 95 103 105 105 105 105 105 105 105 105 105 104 104 104 103 103 103 102 102 103 103 103 103 104 105 104 97 95 91 80 59 0 0 0 0 0 0 0 0 0 0 0 0 68 72 73 76 78 86 
74 76 74 74 74 75 75 75 75 75 75 75 77 77 78 76 76 75 74 73 76 78 80 80 82 82 82 82 83 84 84 84 83 81 80 77 71 0 0 0 0 0 0 0 0 0 0 0 0 0 0 0 0 0 0 0 0 0 0 0 48 50 51 50 51 50 49 46 0 0 0 62 78 83 86 88 95 96 96 96 97 96 95 89 87 84 79 65 0 0 0 0 0 0 0 0 0 0 0 0 0 0 0 0 0 0 0 0 0 0 0 0 0 0 0 0 0 0 0 0 0 0 0 66 79 87 91 94 102 105 105 105 105 105 105 104 105 104 104 104 104 103 103 102 102 102 103 102 102 102 103 104 103 95 94 90 80 60 0 0 0 0 0 0 0 0 0 0 0 0 67 71 73 76 79 81 
73 73 74 74 74 74 74 75 75 75 75 75 76 76 77 76 76 75 75 75 77 79 80 81 82 82 81 82 83 84 84 84 83 82 81 80 73 0 0 0 0 0 0 0 0 0 0 0 0 0 0 0 0 0 0 0 0 0 0 0 0 0 48 48 49 49 0 0 0 0 0 62 78 83 86 89 96 96 96 97 97 96 95 89 87 83 78 63 0 0 0 0 0 0 0 0 0 0 0 0 0 0 0 0 0 0 0 0 0 0 0 0 0 0 0 0 0 0 0 0 0 0 0 61 76 86 90 93 102 105 105 104 105 105 105 105 106 105 105 104 104 102 103 102 102 102 103 103 102 102 102 104 104 96 95 92 82 64 0 0 0 0 0 0 0 0 0 0 0 0 68 71 73 76 79 80 
75 77 73 73 74 74 74 74 75 74 74 75 76 76 76 77 76 77 77 77 79 80 81 81 82 82 81 82 83 84 84 84 82 82 80 78 72 0 0 0 0 0 0 0 0 0 0 0 0 0 0 0 0 0 0 0 0 0 0 0 0 0 0 0 0 0 0 0 0 0 0 64 79 85 87 89 96 96 97 97 96 96 95 88 86 83 77 62 0 0 0 0 0 0 0 0 0 0 0 0 0 0 0 0 0 0 0 0 0 0 0 0 0 0 0 0 0 0 0 0 0 0 0 56 74 84 89 92 102 105 105 104 105 105 105 105 106 105 105 104 104 103 103 102 102 102 102 102 102 102 102 104 104 97 96 93 85 66 0 0 0 0 0 0 0 0 0 0 0 0 66 70 72 74 78 84 
69 78 72 72 72 73 73 74 74 74 74 75 75 75 76 77 77 78 78 78 79 80 80 80 81 82 82 82 83 84 84 85 82 81 80 77 70 0 0 0 0 0 0 0 0 0 0 0 0 0 0 0 0 0 0 0 0 0 0 0 0 0 0 0 0 0 0 0 0 0 0 65 80 85 87 89 96 96 96 97 96 95 95 88 85 82 76 60 0 0 0 0 0 0 0 0 0 0 0 0 0 0 0 0 0 0 0 0 0 0 0 0 0 0 0 0 0 0 0 0 0 0 0 52 72 82 87 91 101 104 105 104 105 105 105 105 105 105 105 104 104 103 102 101 101 101 101 102 102 102 102 103 104 97 96 94 86 69 0 0 0 0 0 0 0 0 0 0 0 0 65 70 72 74 73 83 
75 73 73 73 73 72 72 73 73 73 74 75 75 76 77 77 77 78 78 78 79 81 81 81 82 82 82 83 84 84 85 85 82 81 79 76 68 0 0 0 0 0 0 0 0 0 0 0 0 0 0 0 0 0 0 0 0 0 0 0 0 0 0 0 0 0 0 0 0 0 0 66 80 85 87 90 96 96 96 97 96 96 95 88 86 82 76 60 0 0 0 0 0 0 0 0 0 0 0 0 0 0 0 0 0 0 0 0 0 0 0 0 0 0 0 0 0 0 0 0 0 0 0 52 71 81 87 90 101 103 104 104 104 105 105 104 105 104 105 104 104 103 103 102 101 101 101 101 101 101 101 103 103 98 96 94 87 71 0 0 0 0 0 0 0 0 0 0 0 0 64 69 71 73 71 77 
77 74 73 72 73 72 72 73 73 73 74 75 75 76 77 77 77 78 78 78 79 80 80 81 82 82 82 83 84 84 84 85 81 80 78 75 66 0 0 0 0 0 0 0 0 0 0 0 0 0 0 0 0 0 0 0 0 0 0 0 0 0 0 0 0 0 0 0 0 0 0 68 80 85 88 90 96 96 96 97 96 95 95 87 85 82 75 59 0 0 0 0 0 0 0 0 0 0 0 0 0 0 0 0 0 0 0 0 0 0 0 0 0 0 0 0 0 0 0 0 0 0 0 49 69 80 86 90 100 104 104 104 104 104 105 104 105 105 104 104 104 103 103 102 102 101 101 101 101 101 102 103 104 98 97 95 89 72 0 0 0 0 0 0 0 0 0 0 0 0 0 70 71 73 75 80 
69 70 72 72 72 72 72 73 73 73 74 74 76 77 78 78 78 78 78 79 79 80 80 81 82 82 82 83 84 84 84 84 81 80 78 75 67 0 0 0 0 0 0 0 0 0 0 0 0 0 0 0 0 0 0 0 0 0 0 0 0 0 0 0 0 0 0 0 0 0 0 69 82 86 88 90 96 96 96 97 96 95 94 87 84 81 74 57 0 0 0 0 0 0 0 0 0 0 0 0 0 0 0 0 0 0 0 0 0 0 0 0 0 0 0 0 0 0 0 0 0 0 0 48 71 82 87 91 100 103 104 104 104 104 104 104 104 104 104 103 104 103 102 101 101 101 100 100 101 101 101 103 104 98 98 96 90 74 0 0 0 0 0 0 0 0 0 0 0 0 64 68 69 71 70 78 
72 65 71 71 72 72 72 72 73 73 74 75 76 77 78 78 78 78 78 78 79 80 80 81 82 82 82 83 84 84 84 85 81 80 78 75 67 0 0 0 0 0 0 0 0 0 0 0 0 0 0 0 0 0 0 0 0 0 0 0 0 0 0 0 0 0 0 0 0 0 0 69 82 86 88 90 96 96 96 97 96 95 95 87 82 78 70 53 0 0 0 0 0 0 0 0 0 0 0 0 0 0 0 0 0 0 0 0 0 0 0 0 0 0 0 0 0 0 0 0 0 0 0 48 70 81 87 91 100 103 104 104 104 104 104 104 104 104 104 103 103 103 102 101 101 100 100 100 101 100 101 103 104 99 99 97 92 76 0 0 0 0 0 0 0 0 0 0 0 0 0 67 69 71 77 74 
67 70 71 71 72 73 73 73 73 73 74 75 76 77 77 77 77 78 78 78 79 80 81 81 81 82 82 83 83 84 84 85 81 80 78 75 67 0 0 0 0 0 0 0 0 0 0 0 0 0 0 0 0 0 0 0 0 0 0 0 0 0 0 0 0 0 0 0 0 0 0 66 82 86 88 90 96 96 96 97 96 96 95 87 82 78 70 52 0 0 0 0 0 0 0 0 0 0 0 0 0 0 0 0 0 0 0 0 0 0 0 0 0 0 0 0 0 0 0 0 0 0 0 0 71 83 89 92 100 104 104 104 104 104 104 104 104 103 103 102 102 102 102 101 101 100 100 100 100 100 101 102 104 100 99 98 94 78 0 0 0 0 0 0 0 0 0 0 0 0 0 66 68 71 71 74 
68 70 70 70 71 72 73 73 74 74 74 75 76 77 77 77 77 78 78 78 79 80 80 81 81 82 82 82 84 84 84 85 81 80 78 75 67 0 0 0 0 0 0 0 0 0 0 0 0 0 0 0 0 0 0 0 0 0 0 0 0 0 0 0 0 0 0 0 0 0 0 67 83 87 88 90 95 96 96 97 96 96 95 86 80 76 68 52 0 0 0 0 0 0 0 0 0 0 0 0 0 0 0 0 0 0 0 0 0 0 0 0 0 0 0 0 0 0 0 0 0 0 0 0 70 82 87 91 99 103 103 104 104 104 104 104 104 103 103 103 102 102 102 101 101 101 100 100 101 101 101 103 105 101 101 99 96 81 0 0 0 0 0 0 0 0 0 0 0 0 0 66 69 71 69 78 
74 70 70 71 72 73 73 74 74 74 74 74 75 76 76 76 77 77 77 78 79 80 80 81 81 82 82 82 83 84 84 84 81 79 77 74 66 0 0 0 0 0 0 0 0 0 0 0 0 0 0 0 0 0 0 0 0 0 0 0 0 0 0 0 0 0 0 0 0 0 0 68 84 87 89 90 95 96 96 97 96 96 95 87 81 76 69 52 0 0 0 0 0 0 0 0 0 0 0 0 0 0 0 0 0 0 0 0 0 0 0 0 0 0 0 0 0 0 0 0 0 0 0 0 72 84 89 93 99 103 103 104 104 104 104 104 104 103 103 102 102 102 102 101 101 100 100 100 100 100 101 102 105 101 99 99 95 81 0 0 0 0 0 0 0 0 0 0 0 0 0 65 68 71 70 84 
71 68 70 72 72 73 73 73 73 73 73 74 75 75 75 76 77 77 78 79 80 80 81 81 81 81 82 82 83 84 84 84 80 79 77 72 62 0 0 0 0 0 0 0 0 0 0 0 0 0 0 0 0 0 0 0 0 0 0 0 0 0 0 0 0 0 0 0 0 0 0 69 84 88 89 91 95 96 96 96 96 96 95 87 81 77 69 53 0 0 0 0 0 0 0 0 0 0 0 0 0 0 0 0 0 0 0 0 0 0 0 0 0 0 0 0 0 0 0 0 0 0 0 0 71 83 89 92 99 103 103 104 103 103 104 104 103 103 103 102 102 102 102 101 101 101 100 100 100 100 101 103 105 102 99 97 93 81 0 0 0 0 0 0 0 0 0 0 0 0 0 65 68 72 75 75 
69 72 71 72 72 73 73 73 73 74 73 74 75 75 75 76 76 77 78 78 80 80 81 81 82 82 82 82 83 83 84 83 79 77 75 70 59 0 0 0 0 0 0 0 0 0 0 0 0 0 0 0 0 0 0 0 0 0 0 0 0 0 0 0 0 0 0 0 0 0 0 65 80 85 87 91 95 96 96 96 95 95 94 87 83 79 72 56 0 0 0 0 0 0 0 0 0 0 0 0 0 0 0 0 0 0 0 0 0 0 0 0 0 0 0 0 0 0 0 0 0 0 0 0 74 86 91 94 98 103 104 104 103 104 104 104 104 103 103 102 102 102 102 101 101 100 100 100 99 100 101 102 104 103 98 96 92 79 0 0 0 0 0 0 0 0 0 0 0 0 0 66 70 73 71 74 
69 71 70 71 71 72 73 73 73 74 73 74 75 74 75 76 76 77 78 78 79 80 80 81 81 81 82 82 83 83 84 83 77 75 73 67 56 0 0 0 0 0 0 0 0 0 0 0 0 0 0 0 0 0 0 0 0 0 0 0 0 0 0 0 0 0 0 0 0 0 0 70 81 86 88 92 96 96 96 96 95 96 94 87 81 77 69 54 0 0 0 0 0 0 0 0 0 0 0 0 0 0 0 0 0 0 0 0 0 0 0 0 0 0 0 0 0 0 0 0 0 0 0 0 72 86 91 94 98 103 103 103 103 103 103 103 103 103 103 103 103 102 102 102 101 101 101 100 100 100 100 102 104 103 97 95 91 79 61 0 0 0 0 0 0 0 0 0 0 0 0 66 70 72 72 81 
69 70 70 71 71 72 72 73 73 73 73 74 75 75 75 76 76 77 78 78 79 79 80 81 81 81 82 83 83 83 84 82 76 74 71 65 52 0 0 0 0 0 0 0 0 0 0 0 0 0 0 0 0 0 0 0 0 0 0 0 0 0 0 0 0 0 0 0 0 0 0 72 82 86 89 92 96 96 96 96 96 95 94 87 81 77 69 54 0 0 0 0 0 0 0 0 0 0 0 0 0 0 0 0 0 0 0 0 0 0 0 0 0 0 0 0 0 0 0 0 0 0 0 0 76 89 94 97 98 103 104 103 103 103 103 103 103 103 103 103 103 102 102 101 101 100 100 100 100 99 100 101 104 103 96 94 91 80 62 0 0 0 0 0 0 0 0 0 0 0 0 65 69 72 76 81 
71 69 70 70 71 72 72 72 73 73 74 74 75 75 75 76 77 77 78 78 79 79 80 80 81 81 82 83 83 83 83 82 75 74 71 64 50 0 0 0 0 0 0 0 0 0 0 0 0 0 0 0 0 0 0 0 0 0 0 0 0 0 0 0 0 0 0 0 0 0 0 72 82 87 89 92 96 97 96 96 96 96 95 88 80 75 68 53 0 0 0 0 0 0 0 0 0 0 0 0 0 0 0 0 0 0 0 0 0 0 0 0 0 0 0 0 0 0 0 0 0 0 0 0 75 88 93 96 98 104 104 104 104 103 103 103 103 102 102 103 102 102 101 101 100 100 100 100 99 99 100 101 104 104 97 95 92 81 64 0 0 0 0 0 0 0 0 0 0 0 0 65 70 72 74 73 
68 68 70 70 71 71 72 72 74 74 74 75 75 74 75 75 76 77 78 78 79 79 80 80 81 82 82 82 83 83 83 82 76 74 71 64 49 0 0 0 0 0 0 0 0 0 0 0 0 0 0 0 0 0 0 0 0 0 0 0 0 0 0 0 0 0 0 0 0 0 0 68 79 84 87 93 96 97 96 96 96 96 95 88 78 74 66 52 41 0 0 0 0 0 0 0 0 0 0 0 0 0 0 0 0 0 0 0 0 0 0 0 0 0 0 0 0 0 0 0 0 0 0 0 68 83 89 93 97 104 104 104 105 104 103 103 103 103 102 103 103 102 101 101 101 100 100 100 99 99 100 101 104 104 98 96 93 83 67 0 0 0 0 0 0 0 0 0 0 0 0 67 71 72 75 75 
72 68 69 69 70 70 71 72 73 73 74 74 75 74 75 75 76 77 78 78 79 79 79 80 81 82 82 83 83 83 83 81 77 75 72 65 0 0 0 0 0 0 0 0 0 0 0 0 0 0 0 0 0 0 0 0 0 0 0 0 0 0 0 0 39 0 0 0 0 0 0 68 79 84 87 93 97 97 97 97 96 97 96 89 78 73 65 52 42 0 0 0 0 0 0 0 0 0 0 0 0 0 0 0 0 0 0 0 0 0 0 0 0 0 0 0 0 0 0 0 0 0 0 0 68 82 89 92 97 103 104 104 104 104 103 103 103 102 102 102 103 102 101 101 101 100 100 100 100 99 100 101 104 104 99 98 95 87 71 0 0 0 0 0 0 0 0 0 0 0 0 66 70 71 79 74 
68 67 70 70 71 71 72 72 73 73 74 74 75 75 75 76 76 77 78 79 79 79 79 80 81 82 82 83 83 83 83 82 78 77 74 68 0 0 0 0 0 0 0 0 0 0 0 0 0 0 0 0 0 0 0 0 0 0 0 0 0 0 0 0 0 0 0 0 0 0 0 65 76 81 85 93 96 97 97 97 97 97 96 90 79 74 66 52 43 0 0 0 0 0 0 0 0 0 0 0 0 0 0 0 0 0 0 0 0 0 0 0 0 0 0 0 0 0 0 0 0 0 0 0 67 81 88 92 96 103 104 105 105 105 104 103 103 102 102 102 102 101 100 101 100 100 100 100 100 99 100 101 104 104 99 98 96 89 73 0 0 0 0 0 0 0 0 0 0 0 0 65 69 70 69 72 
65 72 70 70 71 71 71 72 73 73 74 74 75 75 76 76 76 77 78 78 79 79 79 80 81 81 82 82 83 82 82 81 79 77 76 70 0 0 0 0 0 0 0 0 0 0 0 0 0 0 0 0 0 0 0 0 0 0 0 0 0 0 0 0 0 0 0 0 0 0 39 62 74 80 83 93 97 97 97 97 97 97 97 90 79 75 66 53 43 0 0 0 0 0 0 0 0 0 0 0 0 0 0 0 0 0 0 0 0 0 0 0 0 0 0 0 0 0 0 0 0 0 0 0 67 81 88 92 96 103 104 104 105 105 104 104 103 103 102 102 102 101 100 100 100 100 100 100 100 99 100 101 103 104 99 98 96 89 72 0 0 0 0 0 0 0 0 0 0 0 0 66 69 70 72 76 
68 71 70 70 71 71 72 72 73 73 73 74 75 75 76 76 76 77 78 78 79 79 79 80 81 81 82 82 83 83 83 81 80 79 78 73 0 0 0 0 0 0 0 0 0 0 0 0 0 0 0 0 0 0 0 0 0 0 0 0 0 0 0 0 0 0 0 0 0 0 39 63 74 80 84 94 97 97 97 97 97 97 97 91 80 75 67 54 44 0 0 0 0 0 0 0 0 0 0 0 0 0 0 0 0 0 0 0 0 0 0 0 0 0 0 0 0 0 0 0 0 0 0 0 67 81 89 92 97 103 104 104 105 104 104 103 104 103 102 102 102 101 101 101 101 100 100 100 100 99 100 101 104 105 99 98 96 88 70 0 0 0 0 0 0 0 0 0 0 0 0 65 67 69 69 71 
68 70 70 70 71 71 71 72 73 73 73 74 75 75 76 76 76 77 77 78 79 79 79 80 81 81 82 82 83 83 83 81 80 79 78 73 0 0 0 0 0 0 0 0 0 0 0 0 0 0 0 0 0 0 0 0 0 0 0 0 0 0 0 0 0 0 0 0 0 0 39 63 74 80 83 93 97 97 97 97 97 97 97 91 80 76 68 54 44 0 0 0 0 0 0 0 0 0 0 0 0 0 0 0 0 0 0 0 0 0 0 0 0 0 0 0 0 0 0 0 0 0 0 0 71 85 92 95 97 103 105 104 104 104 104 103 104 103 103 103 102 101 101 101 100 100 100 100 99 99 100 101 103 105 99 98 95 88 69 0 0 0 0 0 0 0 0 0 0 0 0 63 66 68 68 74 
70 66 70 71 72 72 72 72 73 73 73 74 75 75 76 77 77 77 78 78 79 79 79 80 81 81 81 82 83 82 83 81 80 79 78 73 0 0 0 0 0 0 0 0 0 0 0 0 0 0 0 0 0 0 0 0 0 0 0 0 0 0 0 0 0 0 0 0 0 0 40 64 75 81 84 93 96 97 97 97 98 98 97 91 81 76 68 55 45 0 0 0 0 0 0 0 0 0 0 0 0 0 0 0 0 0 0 0 0 0 0 0 0 0 0 0 0 0 0 0 0 0 0 0 70 85 91 95 97 104 105 105 105 105 104 104 104 103 103 102 102 101 101 101 101 101 100 100 100 100 100 102 104 105 99 98 95 88 68 0 0 0 0 0 0 0 0 0 0 0 0 0 66 67 68 66 
73 64 70 70 71 71 71 72 73 73 73 74 75 75 76 76 76 77 78 78 78 79 79 80 80 81 81 82 82 82 82 80 79 79 77 72 0 0 0 0 0 0 0 0 0 0 0 0 0 0 0 0 0 0 0 0 0 0 0 0 0 0 0 0 0 0 0 0 0 0 40 65 76 82 85 94 97 97 96 97 97 98 97 91 81 76 69 56 46 0 0 0 0 0 0 0 0 0 0 0 0 0 0 0 0 0 0 0 0 0 0 0 0 0 0 0 0 0 0 0 0 0 0 0 70 85 91 95 97 104 105 105 105 105 104 103 104 103 103 103 103 102 102 102 101 101 100 100 99 99 100 102 104 106 99 98 95 88 68 0 0 0 0 0 0 0 0 0 0 0 0 0 66 66 0 62 
71 71 70 70 71 71 71 71 72 73 73 74 74 74 75 75 76 77 78 79 79 80 80 80 81 81 81 82 83 83 83 81 80 79 77 70 0 0 0 0 0 0 0 0 0 0 0 0 0 0 0 0 0 0 0 0 0 0 0 0 0 0 0 0 0 0 0 0 0 0 40 65 76 82 85 95 97 97 97 97 98 98 98 92 82 78 70 57 48 0 0 0 0 0 0 0 0 0 0 0 0 0 0 0 0 0 0 0 0 0 0 0 0 0 0 0 0 0 0 0 0 0 0 0 69 85 91 94 96 104 105 105 105 105 105 104 104 103 103 103 103 102 102 102 101 100 100 100 99 100 100 102 104 106 99 99 97 90 69 0 0 0 0 0 0 0 0 0 0 0 0 0 0 64 0 0 
70 72 70 70 71 71 71 71 72 73 73 74 74 74 75 75 76 77 78 78 79 80 80 80 81 81 81 82 82 83 83 80 79 78 76 69 0 0 0 0 0 0 0 0 0 0 0 0 0 0 0 0 0 0 0 0 0 0 0 0 0 0 0 0 0 0 0 0 0 0 41 63 74 80 83 95 97 98 97 98 98 99 98 92 83 78 71 59 50 0 0 0 0 0 0 0 0 0 0 0 0 0 0 0 0 0 0 0 0 0 0 0 0 0 0 0 0 0 0 0 0 0 0 0 67 84 90 94 96 103 105 105 105 105 105 104 104 103 103 103 102 102 102 101 100 100 100 100 100 100 100 101 103 105 99 99 97 91 71 0 0 0 0 0 0 0 0 0 0 0 0 0 0 0 0 0 
65 65 70 71 71 71 71 71 72 73 73 74 74 74 75 75 76 77 77 78 79 79 79 80 80 81 81 82 82 83 83 80 79 78 76 68 0 0 0 0 0 0 0 0 0 0 0 0 0 0 0 0 0 0 0 0 0 0 0 0 0 0 0 0 0 0 0 0 0 0 41 64 75 81 84 96 98 98 98 98 98 99 99 93 83 77 70 58 50 0 0 0 0 0 0 0 0 0 0 0 0 0 0 0 0 0 0 0 0 0 0 0 0 0 0 0 0 0 0 0 0 0 0 0 67 84 90 94 96 104 104 105 105 104 104 104 103 103 103 102 102 102 101 101 101 100 100 100 100 100 101 101 103 105 99 98 97 91 71 0 0 0 0 0 0 0 0 0 0 0 0 0 0 0 0 0 
70 68 70 70 70 71 71 71 71 72 73 73 73 74 74 75 75 76 77 78 79 79 79 80 80 81 81 82 82 83 83 80 79 77 74 66 0 0 0 0 0 0 0 0 0 0 0 0 0 0 0 0 0 0 0 0 0 0 0 0 0 0 0 0 0 0 0 0 0 0 42 64 75 81 85 96 98 98 98 99 99 99 99 93 83 78 71 59 50 0 0 0 0 0 0 0 0 0 0 0 0 0 0 0 0 0 0 0 0 0 0 0 0 0 0 0 0 0 0 0 0 0 0 0 66 83 89 94 96 104 105 105 104 104 104 104 103 103 103 102 102 102 101 101 101 100 100 100 100 100 100 100 102 105 99 99 98 92 72 0 0 0 0 0 0 0 0 0 0 0 0 0 0 0 0 0 
67 71 70 70 71 71 71 72 72 73 73 73 73 74 75 75 75 76 77 77 79 79 80 81 81 81 81 82 81 82 83 79 79 77 74 65 0 0 0 0 0 0 0 0 0 0 0 0 0 0 0 0 0 0 0 0 0 0 0 0 0 0 0 0 0 0 0 0 0 0 44 65 76 81 85 96 99 99 99 99 99 99 99 94 84 78 72 60 51 0 0 0 0 0 0 0 0 0 0 0 0 0 0 0 0 0 0 0 0 0 0 0 0 0 0 0 0 0 0 0 0 0 0 0 60 78 86 91 95 103 105 105 105 104 105 104 103 103 103 102 102 101 101 100 100 99 100 100 100 100 100 100 101 104 99 99 98 94 74 0 0 0 0 0 0 0 0 0 0 0 0 0 0 0 0 0 
68 75 69 70 70 72 72 72 72 73 73 73 74 74 75 76 76 76 77 78 79 80 80 81 81 81 82 82 82 83 82 79 78 77 74 65 0 0 0 0 0 0 0 0 0 0 0 0 0 0 0 0 0 0 0 0 0 0 0 0 0 0 0 0 0 0 0 0 0 0 46 66 76 82 86 97 99 100 100 100 100 99 99 94 85 77 71 60 51 0 0 0 0 0 0 0 0 0 0 0 0 0 0 0 0 0 0 0 0 0 0 0 0 0 0 0 0 0 0 0 0 0 0 0 59 77 85 90 95 104 105 105 104 104 104 104 103 103 103 102 102 101 101 100 100 100 100 100 100 100 99 99 101 104 99 99 99 94 75 0 0 0 0 0 0 0 0 0 0 0 0 0 0 0 0 0 
64 72 69 70 70 72 72 72 73 73 73 73 74 75 76 76 76 77 77 78 79 80 80 81 81 81 82 83 82 83 83 79 78 77 74 65 0 0 0 0 0 0 0 0 0 0 0 0 0 0 0 0 0 0 0 0 0 0 0 0 0 0 0 0 0 0 0 0 0 0 46 67 77 83 86 97 100 100 100 100 100 99 99 94 85 76 70 58 50 0 0 0 0 0 0 0 0 0 0 0 0 0 0 0 0 0 0 0 0 0 0 0 0 0 0 0 0 0 0 0 0 0 0 0 56 73 82 87 95 103 105 105 104 104 104 104 103 103 103 102 102 101 100 100 100 99 100 99 100 99 99 99 101 104 100 100 100 95 78 0 0 0 0 0 0 0 0 0 0 0 0 0 0 0 0 0 
67 66 68 69 70 71 72 72 73 73 73 73 74 75 75 76 76 77 77 78 79 79 80 81 81 81 82 82 82 83 83 80 79 77 74 67 0 0 0 0 0 0 0 0 0 0 0 0 0 0 0 0 0 0 0 0 0 0 0 0 0 0 0 0 0 0 0 0 0 0 48 68 77 83 87 97 100 101 100 100 100 100 100 95 87 80 73 62 53 0 0 0 0 0 0 0 0 0 0 0 0 0 0 0 0 0 0 0 0 0 0 0 0 0 0 0 0 0 0 0 0 0 0 0 55 73 82 87 95 103 105 105 104 104 104 104 104 104 103 102 102 101 100 100 99 99 99 99 99 99 99 99 102 104 100 101 100 97 79 0 0 0 0 0 0 0 0 0 0 0 0 0 0 0 0 0 
63 69 69 70 70 71 72 72 73 73 73 74 74 75 76 76 76 77 77 78 79 79 79 81 81 81 82 83 83 83 83 80 79 78 75 68 0 0 0 0 0 0 0 0 0 0 0 0 0 0 0 0 0 0 0 0 0 0 0 0 0 0 0 0 0 0 0 0 0 0 48 68 78 83 87 98 101 101 101 101 101 101 101 96 88 81 75 64 55 0 0 0 0 0 0 0 0 0 0 0 0 0 0 0 0 0 0 0 0 0 0 0 0 0 0 0 0 0 0 0 0 0 0 0 56 73 82 88 95 103 105 104 104 104 104 103 103 103 103 102 102 101 100 99 99 99 99 98 99 99 98 99 101 104 100 101 100 97 81 0 0 0 0 0 0 0 0 0 0 0 0 0 0 0 0 0 
66 69 70 70 71 71 72 72 73 73 73 74 74 75 76 76 76 77 77 78 78 79 79 80 80 81 81 83 83 83 83 80 79 78 75 70 0 0 0 0 0 0 0 0 0 0 0 0 0 0 0 0 0 0 0 0 0 0 0 0 0 0 0 0 0 0 0 0 0 0 49 69 78 83 87 98 101 101 101 101 101 101 101 97 90 80 74 64 55 0 0 0 46 46 46 46 0 0 0 0 0 0 0 0 0 0 0 0 0 0 0 0 0 0 0 0 0 0 0 0 0 0 0 0 56 74 82 88 95 103 104 104 103 103 103 102 103 103 102 102 102 101 100 99 99 99 99 98 98 98 98 98 101 104 100 101 101 97 81 0 0 0 0 0 0 0 0 0 0 0 0 0 0 0 0 0 
77 74 71 71 71 71 72 72 73 73 74 74 74 75 75 76 76 77 77 78 78 79 79 80 80 81 81 82 82 83 82 80 79 78 76 71 0 0 0 0 0 0 0 0 0 0 0 0 0 0 0 0 0 0 0 0 0 0 0 0 0 0 0 0 0 0 0 0 0 0 50 69 79 84 87 98 101 101 101 102 102 102 102 98 91 81 75 65 56 0 0 50 49 49 49 49 0 0 0 0 0 0 0 0 0 0 0 0 0 0 0 0 0 0 0 0 0 0 0 0 0 0 0 0 54 71 80 85 94 103 104 104 104 103 103 102 103 102 102 102 102 101 100 100 99 99 98 98 98 98 98 99 100 103 101 102 101 99 84 0 0 0 0 0 0 0 0 0 0 0 0 0 0 0 0 0 
73 72 71 70 71 71 72 72 72 73 73 74 74 74 75 75 76 77 77 78 78 79 79 79 79 80 80 81 82 82 82 80 79 78 75 70 0 0 0 0 0 0 0 0 0 0 0 0 0 0 0 0 0 0 0 0 0 0 0 0 0 0 0 0 0 0 0 0 0 0 51 69 79 84 88 98 101 102 102 102 103 103 103 99 92 83 77 68 58 0 0 53 53 53 53 53 0 0 0 0 0 0 0 0 0 0 0 0 0 0 0 0 0 0 0 0 0 0 0 0 0 0 0 0 56 74 83 88 95 103 105 104 104 103 103 102 102 102 101 101 101 101 100 99 99 98 98 98 98 98 98 99 100 103 100 101 101 99 84 0 0 0 0 0 0 0 0 0 0 0 0 0 0 0 0 0 
72 68 72 71 71 71 72 72 72 73 73 73 74 74 75 75 76 76 77 78 78 79 78 79 79 80 80 81 82 82 82 79 79 77 74 69 0 0 0 0 0 0 0 0 0 0 0 0 0 0 0 0 0 0 0 0 0 0 0 38 38 38 38 0 0 0 0 0 0 0 51 69 79 84 87 98 101 102 103 103 104 104 104 101 94 83 77 67 58 42 0 53 58 57 57 57 60 0 0 0 0 0 0 0 0 0 0 0 0 0 0 0 0 0 0 0 0 0 0 0 0 0 0 0 55 73 82 87 94 103 104 104 104 104 103 102 102 102 101 101 101 101 100 99 99 98 97 98 98 98 98 99 100 103 100 98 98 94 79 0 0 0 0 0 0 0 0 0 0 0 0 0 0 0 0 0 
71 69 70 70 71 71 71 71 72 72 73 73 74 74 75 75 76 76 77 78 78 78 78 79 79 80 80 81 82 82 82 79 79 77 74 68 0 0 0 0 0 0 0 0 0 0 0 0 0 0 0 0 0 0 0 0 0 0 0 0 0 0 37 0 0 0 0 0 0 0 51 70 79 84 88 98 101 102 103 104 105 105 105 102 95 82 76 66 57 41 0 0 64 63 63 63 67 0 0 0 0 0 0 0 0 0 0 0 0 0 0 0 0 0 0 0 0 0 0 0 0 0 0 0 53 70 79 85 94 103 104 104 104 104 103 102 101 101 100 101 101 101 100 99 99 98 98 98 98 99 98 99 100 103 101 96 95 91 76 0 0 0 0 0 0 0 0 0 0 0 0 0 0 0 0 0 
66 73 70 70 70 70 71 70 71 72 72 72 73 74 74 75 75 76 76 78 78 78 78 78 79 79 80 81 82 83 82 79 78 77 73 67 0 0 0 0 0 0 0 0 0 0 0 0 0 0 0 0 0 0 0 0 0 0 0 0 37 37 37 37 0 0 0 0 0 0 52 70 80 85 88 98 102 103 104 105 105 106 106 103 96 83 77 67 57 42 0 0 72 72 69 69 73 64 0 0 0 0 0 0 0 0 0 0 0 0 0 0 0 0 0 0 0 0 0 0 0 0 0 0 52 69 79 84 93 102 104 104 104 104 103 102 102 101 100 100 100 100 99 99 98 98 97 98 98 99 99 99 100 103 100 96 95 91 77 0 0 0 0 0 0 0 0 0 0 0 0 0 0 0 0 0 
69 65 69 69 70 70 70 71 71 71 72 72 73 73 74 75 75 75 76 78 78 78 78 78 78 79 79 81 81 82 82 79 78 76 73 67 0 0 0 0 0 0 0 0 0 0 0 0 0 0 0 0 0 0 0 0 0 0 0 0 0 0 37 0 0 0 0 0 0 0 53 71 80 85 89 99 102 103 105 106 106 107 107 104 97 84 78 69 59 42 0 0 72 79 73 72 77 72 0 0 0 0 0 0 0 0 0 0 0 0 0 0 0 0 0 0 0 0 0 0 0 0 0 0 51 69 79 84 93 102 104 103 104 103 103 102 101 101 100 100 100 100 100 99 98 98 98 98 98 99 98 99 101 103 100 94 92 87 72 0 0 0 0 0 0 0 0 0 0 0 0 0 0 0 0 0 
69 65 68 69 70 70 70 71 71 71 72 73 73 73 74 74 75 75 76 77 78 79 78 79 79 79 80 81 82 82 82 80 79 78 75 69 0 0 0 0 0 0 0 0 0 0 0 0 0 0 0 0 0 0 0 0 0 0 0 0 0 0 37 37 39 0 0 0 0 0 51 70 79 85 88 99 102 104 105 107 107 108 109 105 99 85 80 70 59 42 0 0 75 93 90 86 90 93 73 0 0 0 0 0 0 0 0 0 0 0 0 0 0 0 0 0 0 0 0 0 0 0 0 41 50 65 75 82 93 102 103 103 103 103 102 102 101 101 101 101 100 100 100 99 98 98 98 98 97 98 98 98 100 103 100 92 90 85 70 49 0 0 0 0 0 0 0 0 0 0 0 0 0 0 0 0 
64 68 68 68 69 70 70 71 71 71 72 73 73 74 74 75 75 76 77 78 78 79 79 79 79 80 80 81 82 83 83 80 79 78 75 69 0 0 0 0 0 0 0 0 0 0 0 0 0 0 0 0 0 0 0 0 0 0 0 0 0 0 0 37 37 0 0 0 0 0 51 70 80 85 88 99 102 104 106 107 108 109 110 106 99 86 80 70 59 42 0 0 69 196 173 178 188 217 119 141 0 0 0 0 0 0 0 0 0 0 0 0 0 0 0 0 0 0 0 0 0 0 0 44 50 64 73 81 93 102 103 103 103 102 102 102 102 101 101 101 101 100 99 99 98 98 98 98 98 98 98 99 100 103 100 92 90 85 70 50 0 0 0 0 0 0 0 0 0 0 0 0 0 0 0 0 
67 63 68 69 69 70 70 71 72 72 72 73 73 73 74 75 75 77 77 79 79 79 79 79 80 80 80 81 82 82 82 80 80 78 76 72 0 0 0 0 0 0 0 0 0 0 0 0 0 0 0 0 0 0 0 0 0 0 0 0 0 0 0 0 0 0 0 0 0 0 50 70 79 85 88 99 102 105 107 109 111 112 112 108 100 87 81 72 62 45 0 0 79 202 178 264 280 308 257 322 61 0 0 0 0 0 0 0 0 0 0 0 0 0 0 0 0 0 0 0 0 0 0 57 57 68 76 82 93 101 103 103 103 103 103 102 102 102 101 101 101 100 99 99 98 97 97 97 97 98 98 98 100 103 99 92 89 84 69 49 0 0 0 0 0 0 0 0 0 0 0 0 0 0 0 0 
70 69 69 70 70 71 71 72 73 73 73 74 74 74 74 75 76 77 77 78 78 79 79 80 80 80 80 81 82 82 82 80 80 78 77 72 0 0 0 0 0 0 0 0 0 0 0 0 0 0 0 0 0 0 0 0 0 0 0 0 0 0 0 0 0 0 0 0 0 0 50 69 79 85 88 99 102 105 109 113 115 116 116 110 102 88 83 73 64 48 0 41 82 203 189 337 360 376 333 375 61 0 0 0 0 0 0 0 0 0 0 0 0 0 0 0 0 0 0 0 0 0 88 69 65 73 79 83 92 101 102 102 102 103 102 102 102 101 101 101 101 100 99 99 98 97 97 97 97 97 97 98 99 102 99 91 89 83 68 49 0 0 0 0 0 0 0 0 0 0 0 0 0 0 0 0 
64 75 68 70 70 71 71 72 72 73 73 74 74 74 75 75 76 77 77 78 78 78 79 79 80 80 81 81 82 82 82 81 80 79 77 73 0 0 0 0 0 0 0 0 0 0 0 0 0 0 0 0 0 0 0 0 0 0 0 0 0 0 0 0 0 0 0 0 0 0 50 70 79 84 88 99 102 105 110 114 117 118 117 112 102 89 83 74 64 48 0 41 79 248 254 405 412 435 367 380 59 0 0 0 0 0 0 0 0 0 0 0 0 0 0 0 0 0 0 0 0 0 86 71 67 74 80 83 92 101 103 103 102 103 103 102 102 102 101 100 100 99 99 98 97 97 96 96 96 97 96 97 98 101 98 90 88 82 67 48 0 0 0 0 0 0 0 0 0 0 0 0 0 0 0 0 
65 74 68 70 70 71 71 71 72 73 72 73 74 75 75 76 76 77 77 77 78 78 79 79 80 80 81 81 82 82 82 80 80 78 76 72 0 0 0 0 0 0 0 0 0 0 0 0 0 0 0 0 0 0 0 0 0 0 0 0 0 0 0 0 0 0 0 0 0 0 52 71 80 85 88 98 101 104 109 114 117 118 117 111 102 88 83 73 63 48 0 41 77 233 241 399 388 408 350 359 57 0 0 0 0 0 0 0 0 0 0 0 0 0 0 0 0 0 0 0 0 0 87 72 68 75 80 83 93 101 103 103 102 102 102 102 102 101 101 100 100 99 98 97 96 95 95 94 94 94 93 94 95 97 95 90 88 83 69 0 0 0 0 0 0 0 0 0 0 0 0 0 0 0 0 0 
62 68 68 70 70 71 71 72 72 73 72 73 74 74 75 76 76 76 76 77 77 78 78 79 80 80 81 81 81 82 81 80 79 78 75 72 0 0 0 0 0 0 0 0 0 0 0 0 0 0 0 0 0 0 0 0 0 0 0 0 0 0 0 0 0 0 0 0 0 0 52 71 80 85 88 98 101 103 108 113 116 117 117 111 102 88 82 73 63 47 0 0 80 146 166 345 318 335 329 356 55 0 0 0 0 0 0 0 0 0 0 0 0 0 0 0 0 0 0 0 0 0 96 73 68 75 81 83 92 101 103 103 103 103 102 102 102 101 101 100 99 97 95 93 90 88 87 85 84 84 84 85 87 90 88 85 84 81 68 0 0 0 0 0 0 0 0 0 0 0 0 0 0 0 0 0 
63 69 68 69 70 71 70 71 71 71 71 73 74 74 75 76 76 76 76 76 77 78 78 79 80 80 80 81 81 81 81 79 79 78 75 71 0 0 0 0 0 0 0 0 0 0 0 0 0 0 0 0 0 0 0 0 0 0 0 0 0 0 0 0 0 0 0 0 0 0 55 73 81 85 89 98 100 102 106 110 113 114 115 109 100 86 81 71 61 44 0 0 63 153 167 260 229 244 226 239 51 0 0 0 0 0 0 0 0 0 0 0 0 0 0 0 0 0 0 0 0 0 0 64 63 71 78 82 92 101 103 103 103 103 102 102 101 101 100 98 95 93 91 89 87 86 85 83 82 82 81 82 84 87 85 84 84 81 69 0 0 0 0 0 0 0 0 0 0 0 0 0 0 0 0 0 
63 66 68 69 69 70 70 71 71 72 72 73 73 74 75 75 75 76 76 76 77 77 78 79 80 80 80 81 81 82 81 79 79 78 75 71 0 0 0 0 0 0 0 0 0 0 0 0 0 0 0 0 0 0 0 0 0 0 0 0 0 0 0 0 0 0 0 0 0 0 54 72 80 85 88 97 99 101 103 106 109 110 111 107 99 85 79 69 59 41 0 0 0 176 169 182 156 170 142 131 53 0 0 0 0 0 0 0 0 0 0 0 0 0 0 0 0 0 0 0 0 0 0 51 55 67 76 82 93 101 103 103 103 103 102 102 101 100 99 96 93 91 88 85 81 78 76 73 72 73 73 75 78 81 82 80 80 77 66 0 0 0 0 0 0 0 0 0 0 0 0 0 0 0 0 0 
68 69 68 69 69 70 70 71 71 71 71 73 73 74 74 75 75 76 76 76 77 78 79 79 80 80 81 81 82 82 82 80 79 77 74 70 0 0 0 0 0 0 0 0 0 0 0 0 0 0 0 0 0 0 0 0 0 0 0 0 0 0 0 0 0 0 0 0 0 0 54 72 80 84 87 96 99 100 102 104 106 108 109 105 98 84 78 68 57 39 0 0 0 0 80 107 92 96 99 100 60 0 0 0 0 0 0 0 0 0 0 0 0 0 0 0 0 0 0 0 0 0 0 42 51 65 74 81 92 101 103 103 103 102 101 101 101 98 96 94 90 86 82 79 76 74 73 71 71 69 69 69 70 73 75 77 77 77 0 0 0 0 0 0 0 0 0 0 0 0 0 0 0 0 0 0 
63 68 68 69 70 70 70 71 71 72 72 72 73 73 74 75 76 76 76 76 77 78 79 79 81 81 81 81 82 82 82 79 79 77 74 69 0 0 0 0 0 0 0 0 0 0 0 0 0 0 0 0 0 0 0 0 0 0 0 0 0 0 0 0 0 0 0 0 0 0 53 71 79 84 87 97 99 100 101 103 105 106 107 104 97 83 76 66 56 39 0 0 0 0 0 111 96 96 96 101 72 0 0 0 0 0 0 0 0 0 0 0 0 0 0 0 0 0 0 0 0 0 0 0 52 69 78 84 92 101 102 102 102 102 102 101 100 95 93 90 84 78 78 76 75 75 75 74 72 69 68 65 63 63 63 64 65 64 0 0 0 0 0 0 0 0 0 0 0 0 0 0 0 0 0 62 
68 66 69 69 70 71 71 71 71 72 72 72 73 73 74 75 75 76 76 76 77 78 79 79 80 81 81 81 82 82 82 79 79 77 75 69 0 0 0 0 0 0 0 0 0 0 0 0 0 0 0 0 0 0 0 0 0 0 0 0 0 0 0 0 0 0 0 0 0 0 52 70 79 84 87 96 99 100 101 102 104 106 106 103 96 82 75 64 54 38 0 0 0 0 0 98 92 88 88 91 76 0 0 0 0 0 0 0 0 0 0 0 0 0 0 0 0 0 0 0 0 0 0 0 52 69 78 84 93 101 102 102 102 102 101 101 99 94 91 87 80 76 79 80 82 84 84 83 80 76 74 70 65 68 70 70 70 71 0 0 0 0 0 0 0 0 0 0 0 0 0 0 0 66 0 63 
64 67 69 70 70 71 71 71 71 72 72 73 73 74 74 75 75 75 76 76 77 78 79 79 81 81 81 82 82 82 82 79 79 77 75 68 0 0 0 0 0 0 0 0 0 0 0 0 0 0 0 0 0 0 0 0 0 0 0 0 0 0 0 0 0 0 0 0 0 0 51 69 78 83 86 96 99 100 100 101 103 104 105 102 95 80 74 63 53 37 0 0 0 0 0 78 81 76 76 78 75 0 0 0 0 0 0 0 0 0 0 0 0 0 0 0 0 0 0 0 0 0 0 0 54 71 80 85 92 100 101 101 101 101 100 100 98 93 87 83 78 76 82 86 86 86 86 84 81 78 75 70 68 76 77 77 78 78 0 0 0 0 0 0 0 0 0 0 0 0 0 0 0 67 0 69 
70 67 69 70 70 71 71 72 71 72 72 72 73 74 74 75 75 75 76 77 77 78 79 80 81 81 81 81 82 82 82 80 79 78 76 70 0 0 0 0 0 0 0 0 0 0 0 0 0 0 0 0 0 0 0 0 0 0 0 0 0 0 0 0 0 0 0 0 0 0 52 69 78 83 86 96 98 99 99 100 102 103 104 101 94 80 73 62 52 37 0 0 0 0 0 67 73 67 67 67 68 0 0 0 0 0 0 0 0 0 0 0 0 0 0 0 0 0 0 0 0 0 0 0 54 71 80 85 92 100 101 101 100 100 100 99 96 91 85 81 77 78 84 89 90 92 92 90 86 83 78 73 73 82 80 81 81 80 69 0 0 0 0 0 0 0 0 0 0 0 0 0 0 66 0 70 
68 67 69 69 70 71 71 71 71 72 72 72 73 74 74 75 75 75 76 77 77 78 79 80 80 81 81 81 81 81 81 79 79 78 76 71 0 0 0 0 0 0 0 0 0 0 0 0 0 0 0 0 0 0 0 0 0 0 0 0 0 0 0 0 0 0 0 0 0 0 50 68 78 83 86 96 98 99 99 99 101 102 103 100 92 80 73 63 52 38 0 0 0 0 0 0 66 60 60 60 60 47 0 0 0 0 0 0 0 0 0 0 0 0 0 0 0 0 0 0 0 0 0 0 56 74 82 87 91 100 101 101 100 100 99 99 95 91 84 80 78 82 86 91 93 94 94 90 85 81 74 69 74 83 81 83 83 82 70 0 0 0 0 0 0 0 0 0 0 0 0 0 0 67 0 70 
66 71 69 69 70 70 71 71 71 71 72 72 73 74 74 74 74 75 75 77 77 78 79 79 79 80 80 80 80 81 81 79 78 77 75 69 0 0 0 0 0 0 0 0 0 0 0 0 0 0 0 0 0 0 0 0 0 0 0 0 0 0 0 0 0 0 0 0 0 0 51 69 78 83 86 95 98 98 98 98 100 101 101 98 91 78 72 61 51 37 0 0 0 0 0 0 58 53 53 53 56 47 0 0 0 0 0 0 0 0 0 0 0 0 0 0 0 0 0 0 0 0 0 0 56 74 82 86 91 99 100 100 100 100 99 98 93 92 84 81 80 85 87 92 93 93 92 88 85 78 72 70 77 85 85 88 88 88 73 0 0 0 0 0 0 0 0 0 0 0 0 0 0 67 61 64 
64 67 69 69 69 70 70 70 70 71 72 72 73 74 73 74 74 74 75 76 77 78 79 79 79 80 80 80 80 80 81 78 78 77 75 68 0 0 0 0 0 0 0 0 0 0 0 0 0 0 0 0 0 0 0 0 0 0 0 0 0 0 0 0 0 0 0 0 0 0 50 68 77 82 85 95 97 98 97 97 98 99 100 97 89 79 72 62 51 0 0 0 0 0 0 0 52 49 49 49 50 45 0 0 0 0 0 0 0 0 0 0 0 0 0 0 0 0 0 0 0 0 0 0 61 78 85 89 91 99 100 100 100 99 98 98 93 91 82 80 79 83 85 92 93 93 91 87 85 77 72 73 81 86 87 90 91 89 73 0 0 0 0 0 0 0 0 0 0 0 0 0 0 66 0 68 
69 68 69 70 69 70 70 70 71 71 72 72 73 73 72 72 72 71 71 73 74 76 77 78 79 79 79 79 80 80 80 78 77 75 73 66 0 0 0 0 0 0 0 0 0 0 0 0 0 0 0 0 0 0 0 0 0 0 0 0 0 0 0 0 0 0 0 0 0 0 50 68 77 82 85 94 96 97 96 96 97 99 99 95 87 79 72 62 52 0 0 0 0 0 0 0 0 45 45 45 45 0 0 0 0 0 0 0 0 0 0 0 0 0 0 0 0 0 0 0 0 0 0 0 62 79 86 89 91 99 100 100 99 99 98 97 91 90 82 79 77 82 83 87 89 88 86 84 82 73 70 73 79 84 86 88 88 86 70 0 0 0 0 0 0 0 0 0 0 0 0 0 0 65 66 67 
67 74 69 70 69 69 70 70 70 71 72 72 73 73 72 70 70 68 67 69 71 73 76 78 79 79 79 80 80 81 80 77 76 74 70 61 0 0 0 0 0 0 0 0 0 0 0 0 0 0 0 0 0 0 0 0 0 0 0 0 0 0 0 0 0 0 0 0 0 0 47 67 76 81 84 94 96 96 96 96 96 98 98 94 85 79 73 62 52 0 0 0 0 0 0 0 0 0 0 0 0 0 0 0 0 0 0 0 0 0 0 0 0 0 0 0 0 0 0 0 0 0 0 0 60 75 83 87 92 99 100 100 99 97 95 92 86 83 78 76 75 81 82 86 87 85 83 81 79 69 69 73 77 81 82 82 80 79 65 0 0 0 0 0 0 0 0 0 0 0 0 0 0 66 0 67 
65 71 69 70 70 70 71 70 71 71 72 72 72 72 70 68 68 66 64 66 70 72 75 78 79 79 79 80 80 81 81 76 76 73 70 60 0 0 0 0 0 0 0 0 0 0 0 0 0 0 0 0 0 0 0 0 0 0 0 0 0 0 0 0 0 0 0 0 0 0 46 66 75 80 84 94 95 95 95 95 95 97 97 93 84 78 71 61 51 0 0 0 0 0 0 0 0 0 0 0 0 0 0 0 0 0 0 0 0 0 0 0 0 0 0 0 0 0 0 0 0 0 0 0 57 72 80 85 92 99 100 99 96 94 91 88 83 82 77 74 74 79 81 84 85 83 80 79 77 69 71 76 78 81 80 80 78 77 64 0 0 0 0 0 0 0 0 0 0 0 0 0 61 65 56 73 
68 68 69 70 70 70 71 71 71 71 71 71 72 71 69 66 66 63 61 63 67 69 74 77 79 80 80 80 81 81 81 77 76 74 71 61 0 0 0 0 0 0 0 0 0 0 0 0 0 0 0 0 0 0 0 0 0 0 0 0 0 0 0 0 0 0 0 0 0 0 44 64 74 79 83 93 94 94 93 93 94 96 96 92 83 80 73 61 52 0 0 0 0 0 0 0 0 0 0 0 0 0 0 0 0 0 0 0 0 0 0 0 0 0 0 0 0 0 0 0 0 0 0 0 57 72 80 85 92 99 99 97 94 91 88 84 80 79 74 71 70 75 76 80 82 79 76 75 72 66 70 76 75 78 76 75 73 73 0 0 0 0 0 0 0 0 0 0 0 0 0 0 60 65 62 70 
68 70 68 69 70 70 70 71 71 70 71 71 71 71 69 66 65 62 59 61 65 68 73 77 79 80 80 81 81 82 81 77 76 74 71 61 0 0 0 0 0 0 0 0 0 0 0 0 0 0 0 0 0 0 0 0 0 0 0 0 0 0 0 0 0 0 0 0 0 0 43 64 74 79 82 93 94 93 93 92 93 95 96 91 82 78 71 59 50 0 0 0 0 0 0 0 0 0 0 0 0 0 0 0 0 0 0 0 0 0 0 0 0 0 0 0 0 0 0 0 0 0 0 0 56 71 79 84 91 98 98 95 92 89 84 79 75 73 70 66 64 0 70 70 72 68 67 66 65 61 0 0 68 70 68 67 65 65 0 0 0 0 0 0 0 0 0 0 0 0 0 0 61 65 63 69 
69 71 68 69 70 70 70 70 71 70 70 71 71 71 70 68 68 66 63 64 67 70 73 77 80 80 81 81 81 82 81 78 77 75 71 63 0 0 0 0 0 0 0 0 0 0 0 0 0 0 0 0 0 0 0 0 0 0 0 0 0 0 0 0 0 0 0 0 0 0 42 63 73 78 82 92 93 93 92 92 92 94 95 90 81 78 71 58 48 0 0 0 0 0 0 0 0 0 0 0 0 0 0 0 0 0 0 0 0 0 0 0 0 0 0 0 0 0 0 0 0 0 0 0 57 72 80 84 91 98 97 94 90 86 78 70 64 62 0 0 0 0 0 0 0 0 0 0 0 0 0 0 0 0 0 0 0 0 0 0 0 0 0 0 0 0 0 0 0 0 0 59 62 65 63 72 
65 68 68 69 69 70 70 70 70 70 70 70 71 71 71 69 69 68 67 67 71 72 74 77 79 79 80 80 81 81 81 78 77 76 73 64 0 0 0 0 0 0 0 0 0 0 0 0 0 0 0 0 0 0 0 0 0 0 0 0 0 0 0 0 0 0 0 0 0 0 42 63 73 78 81 92 93 93 92 92 92 94 95 90 81 77 70 57 46 0 0 0 0 0 0 0 0 0 0 0 0 0 0 0 0 0 0 0 0 0 0 0 0 0 0 0 0 0 0 0 0 0 0 0 59 74 82 86 90 97 95 90 86 82 73 59 0 0 0 0 0 0 0 0 0 0 0 0 0 0 0 0 0 0 0 0 0 0 0 0 0 0 0 0 0 0 0 0 0 0 0 59 62 65 65 72 
64 67 68 68 69 69 70 69 69 70 70 70 71 72 72 71 71 71 70 70 72 73 74 77 79 79 80 80 80 81 81 78 77 76 73 65 0 0 0 0 0 0 0 0 0 0 0 0 0 0 0 0 0 0 0 0 0 0 0 0 0 0 0 0 0 0 0 0 0 0 42 65 75 79 82 91 93 93 93 92 92 94 95 89 80 76 68 55 45 0 0 0 0 0 0 0 0 0 0 0 0 0 0 0 0 0 0 0 0 0 0 0 0 0 0 0 0 0 0 0 0 0 0 0 64 79 85 88 90 97 95 90 88 83 75 0 0 0 0 0 0 0 0 0 0 0 0 0 0 0 0 0 0 0 0 0 0 0 0 0 0 0 0 0 0 0 0 0 0 0 0 60 62 65 66 72 
64 66 67 68 69 69 69 69 68 68 68 69 70 71 72 72 73 73 73 73 74 75 76 77 78 78 79 80 80 80 81 78 77 76 74 67 0 0 0 0 0 0 0 0 0 0 0 0 0 0 0 0 0 0 0 0 0 0 0 0 0 0 0 0 0 0 0 0 0 0 41 64 73 78 81 90 92 93 93 93 93 94 94 89 79 75 68 54 45 0 0 0 0 0 0 0 0 0 0 0 0 0 0 0 0 0 0 0 0 0 0 0 0 0 0 0 0 0 0 0 0 0 0 0 64 78 85 88 90 96 95 91 89 82 76 65 0 0 0 0 0 0 0 0 0 0 0 0 0 0 0 0 0 0 0 0 0 0 0 0 0 0 0 0 0 0 0 0 0 0 0 59 62 64 64 66 
65 64 66 67 67 68 68 67 66 66 66 66 67 69 70 71 73 74 74 75 76 76 77 77 78 78 79 79 80 80 81 78 78 77 75 68 0 0 0 0 0 0 0 0 0 0 0 0 0 0 0 0 0 0 0 0 0 0 0 0 0 0 0 0 0 0 0 0 0 0 41 63 72 77 80 90 92 93 93 94 93 94 94 88 78 74 66 53 44 0 0 0 0 0 0 0 0 0 0 0 0 0 0 0 0 0 0 0 0 0 0 0 0 0 0 0 0 0 0 0 0 0 0 0 63 78 85 88 90 97 96 92 90 84 77 69 65 0 0 0 0 0 0 0 0 0 0 0 0 0 0 0 0 0 0 0 0 0 0 0 0 0 0 0 0 0 0 0 0 0 0 0 63 65 62 66 
63 72 65 66 67 67 67 66 65 64 64 64 65 67 69 69 71 72 72 73 74 75 76 76 77 77 78 78 79 80 80 78 78 77 75 68 0 0 0 0 0 0 0 0 0 0 0 0 0 0 0 0 0 0 0 0 0 0 0 0 0 0 0 0 0 0 0 0 0 0 39 62 71 76 80 89 91 93 93 94 94 94 94 87 77 73 65 51 43 0 0 0 0 0 0 0 0 0 0 0 0 0 0 0 0 0 0 0 0 0 0 0 0 0 0 0 0 0 0 0 0 0 0 0 60 77 84 87 89 96 97 92 91 86 80 74 71 63 60 58 59 60 63 63 64 0 0 0 0 0 0 0 0 0 0 0 0 0 0 0 0 0 0 0 0 0 0 0 0 0 0 0 63 65 65 66 
0 62 65 66 66 66 67 65 64 62 63 62 64 65 67 68 70 71 71 71 71 71 71 72 73 74 74 75 75 76 77 75 75 74 72 68 0 0 0 0 0 0 0 0 0 0 0 0 0 0 0 0 0 0 0 0 0 0 0 0 0 0 0 0 0 0 0 0 0 0 0 64 73 78 81 88 91 92 93 93 93 93 93 86 76 72 64 51 42 0 0 0 0 0 0 0 0 0 0 0 0 0 0 0 0 0 0 0 0 0 0 0 0 0 0 0 0 0 0 0 0 0 0 0 63 78 85 88 90 96 97 94 93 88 84 80 77 72 71 71 70 70 72 72 73 72 71 71 0 0 0 0 0 0 0 0 0 0 0 0 0 0 0 0 0 0 0 0 0 0 0 62 64 65 69 66 
0 0 64 65 64 65 65 63 62 59 59 59 60 62 65 66 69 70 71 71 70 71 70 71 72 73 73 74 74 76 76 74 75 74 72 68 0 0 0 0 0 0 0 0 0 0 0 0 0 0 0 0 0 0 0 0 0 0 0 0 0 0 0 0 0 0 0 0 0 0 0 62 71 76 79 87 90 91 91 92 92 92 91 85 74 70 63 50 41 0 0 0 0 0 0 0 0 0 0 0 0 0 0 0 0 0 0 0 0 0 0 0 0 0 0 0 0 0 0 0 0 0 0 0 63 77 83 86 88 94 95 94 92 88 84 80 77 72 71 69 69 68 70 71 72 71 71 70 70 0 0 0 0 0 0 0 0 0 0 0 0 0 0 0 0 0 0 0 0 0 0 63 66 67 63 72 
0 0 59 60 60 60 60 59 59 58 59 58 60 61 63 64 67 68 69 69 68 68 68 68 70 71 72 73 73 74 74 73 73 73 70 0 0 0 0 0 0 0 0 0 0 0 0 0 0 0 0 0 0 0 0 0 0 0 0 0 0 0 0 0 0 0 0 0 0 0 0 62 69 74 76 80 83 84 84 85 85 85 84 78 69 65 59 48 39 0 0 0 0 0 0 0 0 0 0 0 0 0 0 0 0 0 0 0 0 0 0 0 0 0 0 0 0 0 0 0 0 0 0 0 61 72 77 79 80 86 86 85 85 85 82 81 79 74 71 69 69 68 70 71 72 71 71 70 70 0 0 0 0 0 0 0 0 0 0 0 0 0 0 0 0 0 0 0 0 0 0 65 66 67 67 68 
0 0 0 0 0 0 0 0 0 80 76 74 72 68 62 61 63 64 65 64 63 63 63 63 65 67 68 69 69 70 71 69 70 70 67 0 0 0 0 0 0 0 0 0 0 0 0 0 0 0 0 0 0 0 0 0 0 0 0 0 0 0 0 0 0 0 0 0 0 0 0 64 70 73 75 78 81 82 82 83 83 83 82 76 67 64 58 47 39 0 0 0 0 0 0 0 0 0 0 0 0 0 0 0 0 0 0 0 0 0 0 0 0 0 0 0 0 0 0 0 0 0 0 0 61 71 75 77 78 83 83 82 83 83 83 82 81 76 72 69 69 68 70 71 72 71 71 70 70 0 0 0 0 0 0 0 0 0 0 0 0 0 0 0 0 0 0 0 0 0 0 64 66 67 77 67 
0 0 0 0 0 0 0 0 0 92 83 80 80 81 66 0 0 0 0 0 0 0 52 55 58 61 61 62 62 62 63 63 64 0 0 0 0 0 0 0 0 0 0 0 0 0 0 0 0 0 0 0 0 0 0 0 0 0 0 0 0 0 0 0 0 0 0 0 0 0 0 0 70 73 74 75 78 79 79 80 80 79 79 73 65 62 56 47 0 0 0 0 0 0 0 0 0 0 0 0 0 0 0 0 0 0 0 0 0 0 0 0 0 0 0 0 0 0 0 0 0 0 0 0 0 69 72 74 75 79 78 78 79 80 80 81 83 80 77 75 74 72 74 75 75 74 74 72 70 0 0 0 0 0 0 0 0 0 0 0 0 0 0 0 0 0 0 0 0 0 0 64 66 67 64 66 
0 0 0 0 0 0 0 0 76 91 85 81 81 82 69 0 0 0 0 0 0 0 0 0 0 0 0 0 0 0 0 0 0 0 0 0 0 0 0 0 0 0 0 0 0 0 0 0 0 0 0 0 0 0 0 0 0 0 0 0 0 0 0 0 0 0 0 0 0 0 0 0 65 67 68 69 72 73 73 73 74 73 73 69 61 58 54 45 0 0 0 0 0 0 0 0 0 0 0 0 0 0 0 0 0 0 0 0 0 0 0 0 0 0 0 0 0 0 0 0 0 0 0 0 0 63 64 66 67 70 69 69 70 72 72 74 76 73 70 67 66 64 67 68 69 69 71 0 0 0 0 0 0 0 0 0 0 0 0 0 0 0 0 0 0 0 0 0 0 0 0 63 66 66 69 66 
0 0 0 0 0 0 0 0 69 84 83 80 82 84 73 65 0 0 0 0 0 0 0 0 0 0 0 0 0 0 0 0 0 0 0 0 0 0 0 0 0 0 0 0 0 0 0 0 0 0 0 0 0 0 0 0 0 0 0 0 0 0 0 0 0 0 0 0 0 0 0 0 0 0 55 55 57 59 59 60 59 59 58 56 51 51 0 0 0 0 0 0 0 0 0 0 0 0 0 0 0 0 0 0 0 0 0 0 0 0 0 0 0 0 0 0 0 0 0 0 0 0 0 0 0 0 0 52 51 52 51 50 49 0 0 0 0 0 0 0 0 0 0 0 0 0 0 0 0 0 0 54 54 54 54 0 0 0 0 0 0 0 0 0 0 0 0 0 0 0 0 63 65 66 66 71 
0 0 0 0 0 0 60 61 69 84 88 84 85 87 77 63 0 0 0 0 0 0 0 0 0 0 0 0 0 0 0 0 0 0 0 0 0 0 0 0 0 0 0 0 0 0 0 0 0 0 0 0 0 0 0 0 0 0 0 0 0 0 0 0 0 0 0 0 0 0 0 0 0 0 0 0 0 0 0 0 0 0 0 0 0 0 0 0 0 0 0 0 0 0 0 0 0 0 0 0 0 0 0 0 0 0 0 0 0 0 0 0 0 0 0 0 0 0 0 0 0 0 0 0 0 0 0 0 0 0 0 0 0 0 0 0 0 0 0 0 0 0 0 0 0 0 0 0 0 0 0 54 54 54 54 0 0 0 0 0 0 0 0 0 0 0 0 0 0 0 0 64 65 66 66 62 
0 0 0 71 69 67 64 64 67 77 86 84 84 87 82 65 0 0 0 0 0 0 0 0 0 0 0 0 0 0 0 0 0 0 0 0 0 0 0 0 0 0 0 0 0 0 0 0 0 0 0 0 0 0 0 0 0 0 0 0 0 0 0 0 0 0 0 0 0 0 0 0 0 0 0 0 0 0 0 0 0 0 0 0 0 0 0 0 0 0 0 0 0 0 0 0 0 0 0 0 0 0 0 0 0 0 0 0 0 0 0 0 0 0 0 0 0 0 0 0 0 0 0 0 0 0 0 0 0 0 0 0 0 0 0 0 0 0 0 0 0 0 0 0 0 0 0 0 0 0 0 0 0 0 0 0 0 0 0 0 0 0 0 0 0 0 0 0 0 0 0 64 65 67 70 71 
0 0 77 75 72 69 67 66 69 74 85 86 85 87 87 68 0 0 0 0 0 0 0 0 0 0 0 0 0 0 0 0 0 0 0 0 0 0 0 0 0 0 0 0 0 0 0 0 0 0 0 0 0 0 0 0 0 0 0 0 0 0 0 0 0 0 0 0 0 0 0 0 0 0 0 0 0 0 0 0 0 0 0 0 0 0 0 0 0 0 0 0 0 0 0 0 0 0 0 0 0 0 0 0 0 0 0 0 0 0 0 0 0 0 0 0 0 0 0 0 0 0 0 0 0 0 0 0 0 0 0 0 0 0 0 0 0 0 0 0 0 0 0 0 0 0 0 0 0 0 0 0 0 0 0 0 0 0 0 0 0 0 0 0 0 0 0 0 0 0 0 64 65 66 62 72 
0 0 77 76 74 73 70 69 70 74 83 86 85 87 88 73 61 0 0 0 0 0 0 0 0 0 0 0 0 0 0 0 0 0 0 0 0 0 0 0 0 0 0 0 0 0 0 0 0 0 0 0 0 0 0 0 0 0 0 0 0 0 0 0 0 0 0 0 0 0 0 0 0 0 0 0 0 0 0 0 0 0 0 0 0 0 0 0 0 0 0 0 0 0 0 0 0 0 0 0 0 0 0 0 0 0 0 0 0 0 0 0 0 0 0 0 0 0 0 0 0 0 0 0 0 0 0 0 0 0 0 0 0 0 0 0 0 0 0 0 0 0 0 0 0 0 0 0 0 0 0 0 0 0 0 0 0 0 0 0 0 0 0 0 0 0 0 0 0 0 0 0 66 67 67 72 
0 0 77 76 74 73 71 71 71 74 82 87 84 86 88 77 62 0 0 0 0 0 0 0 0 0 0 0 0 0 0 0 0 0 0 0 0 0 0 0 0 0 0 0 0 0 0 0 0 0 0 0 0 0 0 0 0 0 0 0 0 0 0 0 0 0 0 0 0 0 0 0 0 0 0 0 0 0 0 0 0 0 0 0 0 0 0 0 0 0 0 0 0 0 0 0 0 0 0 0 0 0 0 0 0 0 0 0 0 0 0 0 0 0 0 0 0 0 0 0 0 0 0 0 0 0 0 0 0 0 0 0 0 0 0 0 0 0 0 0 0 0 0 0 0 0 0 0 0 0 0 0 0 0 0 0 0 0 0 0 0 0 0 0 0 0 0 0 0 0 0 0 66 67 66 66 
0 0 75 75 74 74 73 72 73 74 79 85 81 83 85 79 60 0 0 0 0 0 0 0 0 0 0 0 0 0 0 0 0 0 0 0 0 0 0 0 0 0 0 0 0 0 0 0 0 0 0 0 0 0 0 0 0 0 0 0 0 0 0 0 0 0 0 0 0 0 0 0 0 0 0 0 0 0 0 0 0 0 0 0 0 0 0 0 0 0 0 0 0 0 0 0 0 0 0 0 0 0 0 0 0 0 0 0 0 0 0 0 0 0 0 0 0 0 0 0 0 0 0 0 0 0 0 0 0 0 0 0 0 0 0 0 0 0 0 0 0 0 0 0 0 0 0 0 0 0 0 0 0 0 0 0 0 0 0 0 0 0 0 0 0 0 0 0 0 0 0 0 0 67 0 0 
0 0 75 75 75 75 74 73 73 73 76 82 80 81 85 83 61 0 0 0 0 0 0 0 0 0 0 0 0 0 0 0 0 0 0 0 0 0 0 0 0 0 0 0 0 0 0 0 0 0 0 0 0 0 0 0 0 0 0 0 0 0 0 0 0 0 0 0 0 0 0 0 0 0 0 0 0 0 0 0 0 0 0 0 0 0 0 0 0 0 0 0 0 0 0 0 0 0 0 0 0 0 0 0 0 0 0 0 0 0 0 0 0 0 0 0 0 0 0 0 0 0 0 0 0 0 0 0 0 0 0 0 0 0 0 0 0 0 0 0 0 0 0 0 0 0 0 0 0 0 0 0 0 0 0 0 0 0 0 0 0 0 0 0 0 0 0 0 0 0 0 0 0 0 0 0 
0 60 73 74 75 75 74 73 73 73 74 79 78 79 82 82 0 0 0 0 0 0 0 0 0 0 0 0 0 0 0 0 0 0 0 0 0 0 0 0 0 0 0 0 0 0 0 0 0 0 0 0 0 0 0 0 0 0 0 0 0 0 0 0 0 0 0 0 0 0 0 0 0 0 0 0 0 0 0 0 0 0 0 0 0 0 0 0 0 0 0 0 0 0 0 0 0 0 0 0 0 0 0 0 0 0 0 0 0 0 0 0 0 0 0 0 0 0 0 0 0 0 0 0 0 0 0 0 0 0 0 0 0 0 0 0 0 0 0 0 0 0 0 0 0 0 0 0 0 0 0 0 0 0 0 0 0 0 0 0 0 0 0 0 0 0 0 0 0 0 0 0 0 0 0 0 
0 64 72 72 73 73 72 71 71 72 72 77 76 76 78 80 0 0 0 0 0 0 0 0 0 0 0 0 0 0 0 0 0 0 0 0 0 0 0 0 0 0 0 0 0 0 0 0 0 0 0 0 0 0 0 0 0 0 0 0 0 0 0 0 0 0 0 0 0 0 0 0 0 0 0 0 0 0 0 0 0 0 0 0 0 0 0 0 0 0 0 0 0 0 0 0 0 0 0 0 0 0 0 0 0 0 0 0 0 0 0 0 0 0 0 0 0 0 0 0 0 0 0 0 0 0 0 0 0 0 0 0 0 0 0 0 0 0 0 0 0 0 0 0 0 0 0 0 0 0 0 0 0 0 0 0 0 0 0 0 0 0 0 0 0 0 0 0 0 0 0 0 0 0 0 0 
66 64 101 86 79 75 72 71 71 72 72 72 75 89 111 134 165 181 181 174 0 0 0 0 0 0 0 0 0 0 0 0 0 0 0 0 0 0 0 0 0 0 0 0 0 0 0 0 0 0 0 0 0 0 0 0 0 0 0 0 0 0 0 0 0 0 0 0 0 0 0 0 0 0 0 0 0 0 0 0 0 0 0 0 0 0 0 0 0 0 0 0 0 0 0 0 0 0 0 0 0 0 0 0 0 0 0 0 0 0 0 0 0 0 0 0 0 0 0 0 0 0 0 0 0 0 0 0 0 0 0 0 0 0 0 0 0 0 0 0 0 0 0 0 0 0 0 0 0 0 0 0 0 0 0 0 0 0 0 0 0 0 0 0 0 0 0 0 0 0 0 0 0 0 0 0 
76 0 187 164 146 130 119 116 118 125 148 175 225 275 322 332 317 278 256 221 162 0 0 0 0 0 0 0 0 0 0 0 0 0 0 0 0 0 0 0 0 0 0 0 0 0 0 0 0 0 0 0 0 0 0 0 0 0 0 0 0 0 0 0 0 0 0 0 0 0 0 0 0 0 0 0 0 0 0 0 0 0 0 0 0 0 0 0 0 0 0 0 0 0 0 0 0 0 0 0 0 0 0 0 0 0 0 0 0 0 0 0 0 0 0 0 0 0 0 0 0 0 0 0 0 0 0 0 0 0 0 0 0 0 0 0 0 0 0 0 0 0 0 0 0 0 0 0 0 0 0 0 0 0 0 0 0 0 0 0 0 0 0 0 0 0 0 0 0 0 0 0 0 0 0 0 
349 237 272 260 243 228 223 233 252 282 328 347 380 397 405 402 366 308 277 228 155 0 0 0 0 0 0 0 0 0 0 0 0 0 0 0 0 0 0 0 0 0 0 0 0 0 0 0 0 0 0 0 0 0 0 0 0 0 0 0 0 0 0 0 0 0 0 0 0 0 0 0 0 0 0 0 0 0 0 0 0 0 0 0 0 0 0 0 0 0 0 0 0 0 0 0 0 0 0 0 0 0 0 0 0 0 0 0 0 0 0 0 0 0 0 0 0 0 0 0 0 0 0 0 0 0 0 0 0 0 0 0 0 0 0 0 0 0 0 0 0 0 0 0 0 0 0 0 0 0 0 0 0 0 0 0 0 0 0 0 0 0 0 0 0 0 0 0 0 0 0 0 0 0 0 0 
491 486 349 341 325 312 313 336 354 377 409 406 414 428 434 424 377 310 273 218 142 82 0 0 0 0 0 0 0 0 0 0 0 0 0 0 0 0 0 0 0 0 0 0 0 0 0 0 0 0 0 0 0 0 0 0 0 0 0 0 0 0 0 0 0 0 0 0 0 0 0 0 0 0 0 0 0 0 0 0 0 0 0 0 0 0 0 0 0 0 0 0 0 0 0 0 0 0 0 0 0 0 0 0 0 0 0 0 0 0 0 0 0 0 0 0 0 0 0 0 0 0 0 0 0 0 0 0 0 0 0 0 0 0 0 0 0 0 0 0 0 0 0 0 0 0 0 0 0 0 0 0 0 0 0 0 0 0 0 0 0 0 0 0 0 0 0 0 0 0 0 0 0 0 0 0 
445 437 380 375 373 376 380 393 396 400 410 410 419 431 437 422 382 320 282 223 143 82 0 0 0 0 0 0 0 0 0 0 0 0 0 0 0 0 0 0 0 0 0 0 0 0 0 0 0 0 0 0 0 0 0 0 0 0 0 0 0 0 0 0 0 0 0 0 0 0 0 0 0 0 0 0 0 0 0 0 0 0 0 0 0 0 0 0 0 0 0 0 0 0 0 0 0 0 0 0 0 0 0 0 0 0 0 0 0 0 0 0 0 0 0 0 0 0 0 0 0 0 0 0 0 0 0 0 0 0 0 0 0 0 0 0 0 0 0 0 0 0 0 0 0 0 0 0 0 0 0 0 0 0 0 0 0 0 0 0 0 0 0 0 0 0 0 0 0 0 0 0 0 0 0 0 
411 418 418 413 407 401 395 392 394 397 406 421 442 464 478 463 402 338 291 219 127 0 0 0 0 0 0 0 0 0 0 0 0 0 0 0 0 0 0 0 0 0 0 0 0 0 0 0 0 0 0 0 0 0 0 0 0 0 0 0 0 0 0 0 0 0 0 0 0 0 0 0 0 0 0 0 0 0 0 0 0 0 0 0 0 0 0 0 0 0 0 0 0 0 0 0 0 0 0 0 0 0 0 0 0 0 0 0 0 0 0 0 0 0 0 0 0 0 0 0 0 0 0 0 0 0 0 0 0 0 0 0 0 0 0 0 0 0 0 0 0 0 0 0 0 0 0 0 0 0 0 0 0 0 0 0 0 0 0 0 0 0 0 0 0 0 0 0 0 0 0 0 0 0 0 0 
383 398 398 405 410 414 416 418 423 427 434 442 453 460 460 429 361 308 262 188 108 0 0 0 0 0 0 0 0 0 0 0 0 0 0 0 0 0 0 0 0 0 0 0 0 0 0 0 0 0 0 0 0 0 0 0 0 0 0 0 0 0 0 0 0 0 0 0 0 0 0 0 0 0 0 0 0 0 0 0 0 0 0 0 0 0 0 0 0 0 0 0 0 0 0 0 0 0 0 0 0 0 0 0 0 0 0 0 0 0 0 0 0 0 0 0 0 0 0 0 0 0 0 0 0 0 0 0 0 0 0 0 0 0 0 0 0 0 0 0 0 0 0 0 0 0 0 0 0 0 0 0 0 0 0 0 0 0 0 0 0 0 0 0 0 0 0 0 0 0 0 0 0 0 0 0 
359 374 354 372 384 390 392 393 396 398 403 412 420 424 421 384 317 276 232 159 92 0 0 0 0 0 0 0 0 0 0 0 0 0 0 0 0 0 0 0 0 0 0 0 0 0 0 0 0 0 0 0 0 0 0 0 0 0 0 0 0 0 0 0 0 0 0 0 0 0 0 0 0 0 0 0 0 0 0 0 0 0 0 0 0 0 0 0 0 0 0 0 0 0 0 0 0 0 0 0 0 0 0 0 0 0 0 0 0 0 0 0 0 0 0 0 0 0 0 0 0 0 0 0 0 0 0 0 0 0 0 0 0 0 0 0 0 0 0 0 0 0 0 0 0 0 0 0 0 0 0 0 0 0 0 0 0 0 0 0 0 0 0 0 0 0 0 0 0 0 0 0 0 0 0 0 
248 341 325 345 357 372 377 377 379 380 383 388 394 394 388 346 283 252 211 138 83 0 0 0 0 0 0 0 0 0 0 0 0 0 0 0 0 0 0 0 0 0 0 0 0 0 0 0 0 0 0 0 0 0 0 0 0 0 0 0 0 0 0 0 0 0 0 0 0 0 0 0 0 0 0 0 0 0 0 0 0 0 0 0 0 0 0 0 0 0 0 0 0 0 0 0 0 0 0 0 0 0 0 0 0 0 0 0 0 0 0 0 0 0 0 0 0 0 0 0 0 0 0 0 0 0 0 0 0 0 0 0 0 0 0 0 0 0 0 0 0 0 0 0 0 0 0 0 0 0 0 0 0 0 0 0 0 0 0 0 0 0 0 0 0 0 0 0 0 0 0 0 0 0 0 0 
81 147 293 318 331 345 358 361 362 364 368 373 379 375 366 321 267 237 197 123 78 0 0 0 0 0 0 0 0 0 0 0 0 0 0 0 0 0 0 0 0 0 0 0 0 0 0 0 0 0 0 0 0 0 0 0 0 0 0 0 0 0 0 0 0 0 0 0 0 0 0 0 0 0 0 0 0 0 0 0 0 0 0 0 0 0 0 0 0 0 0 0 0 0 0 0 0 0 0 0 0 0 0 0 0 0 0 0 0 0 0 0 0 0 0 0 0 0 0 0 0 0 0 0 0 0 0 0 0 0 0 0 0 0 0 0 0 0 0 0 0 0 0 0 0 0 0 0 0 0 0 0 0 0 0 0 0 0 0 0 0 0 0 0 0 0 0 0 0 0 0 0 0 0 0 0 
0 0 254 282 297 312 325 337 342 346 349 353 356 351 341 296 253 224 184 109 0 0 0 0 0 0 0 0 0 0 0 0 0 0 0 0 0 0 0 0 0 0 0 0 0 0 0 0 0 0 0 0 0 0 0 0 0 0 0 0 0 0 0 0 0 0 0 0 0 0 0 0 0 0 0 0 0 0 0 0 0 0 0 0 0 0 0 0 0 0 0 0 0 0 0 0 0 0 0 0 0 0 0 0 0 0 0 0 0 0 0 0 0 0 0 0 0 0 0 0 0 0 0 0 0 0 0 0 0 0 0 0 0 0 0 0 0 0 0 0 0 0 0 0 0 0 0 0 0 0 0 0 0 0 0 0 0 0 0 0 0 0 0 0 0 0 0 0 0 0 0 0 0 0 0 0 
0 0 216 253 265 277 287 296 297 306 313 320 326 325 312 276 242 213 172 101 0 0 0 0 0 0 0 0 0 0 0 0 0 0 0 0 0 0 0 0 0 0 0 0 0 0 0 0 0 0 0 0 0 0 0 0 0 0 0 0 0 0 0 0 0 0 0 0 0 0 0 0 0 0 0 0 0 0 0 0 0 0 0 0 0 0 0 0 0 0 0 0 0 0 0 0 0 0 0 0 0 0 0 0 0 0 0 0 0 0 0 0 0 0 0 0 0 0 0 0 0 0 0 0 0 0 0 0 0 0 0 0 0 0 0 0 0 0 0 0 0 0 0 0 0 0 0 0 0 0 0 0 0 0 0 0 0 0 0 0 0 0 0 0 0 0 0 0 0 0 0 0 0 0 0 0 
0 0 189 224 232 250 266 279 280 291 300 296 293 283 271 241 221 200 167 97 0 0 0 0 0 0 0 0 0 0 0 0 0 0 0 0 0 0 0 0 0 0 0 0 0 0 0 0 0 0 0 0 0 0 0 0 0 0 0 0 0 0 0 0 0 0 0 0 0 0 0 0 0 0 0 0 0 0 0 0 0 0 0 0 0 0 0 0 0 0 0 0 0 0 0 0 0 0 0 0 0 0 0 0 0 0 0 0 0 0 0 0 0 0 0 0 0 0 0 0 0 0 0 0 0 0 0 0 0 0 0 0 0 0 0 0 0 0 0 0 0 0 0 0 0 0 0 0 0 0 0 0 0 0 0 0 0 0 0 0 0 0 0 0 0 0 0 0 0 0 0 0 0 0 0 0 
0 0 0 192 199 210 229 248 250 266 279 274 271 262 250 223 214 196 168 0 0 0 0 0 0 0 0 0 0 0 0 0 0 0 0 0 0 0 0 0 0 0 0 0 0 0 0 0 0 0 0 0 0 0 0 0 0 0 0 0 0 0 0 0 0 0 0 0 0 0 0 0 0 0 0 0 0 0 0 0 0 0 0 0 0 0 0 0 0 0 0 0 0 0 0 0 0 0 0 0 0 0 0 0 0 0 0 0 0 0 0 0 0 0 0 0 0 0 0 0 0 0 0 0 0 0 0 0 0 0 0 0 0 0 0 0 0 0 0 0 0 0 0 0 0 0 0 0 0 0 0 0 0 0 0 0 0 0 0 0 0 0 0 0 0 0 0 0 0 0 0 0 0 0 0 0 
0 0 0 0 150 168 184 205 214 234 247 241 237 229 216 196 189 175 0 0 0 0 0 0 0 0 0 0 0 0 0 0 0 0 0 0 0 0 0 0 0 0 0 0 0 0 0 0 0 0 0 0 0 0 0 0 0 0 0 0 0 0 0 0 0 0 0 0 0 0 0 0 0 0 0 0 0 0 0 0 0 0 0 0 0 0 0 0 0 0 0 0 0 0 0 0 0 0 0 0 0 0 0 0 0 0 0 0 0 0 0 0 0 0 0 0 0 0 0 0 0 0 0 0 0 0 0 0 0 0 0 0 0 0 0 0 0 0 0 0 0 0 0 0 0 0 0 0 0 0 0 0 0 0 0 0 0 0 0 0 0 0 0 0 0 0 0 0 0 0 0 0 0 0 0 0 
0 0 0 0 0 0 0 131 143 173 200 198 198 189 175 164 159 0 0 0 0 0 0 0 0 0 0 0 0 0 0 0 0 0 0 0 0 0 0 0 0 0 0 0 0 0 0 0 0 0 0 0 0 0 0 0 0 0 0 0 0 0 0 0 0 0 0 0 0 0 0 0 0 0 0 0 0 0 0 0 0 0 0 0 0 0 0 0 0 0 0 0 0 0 0 0 0 0 0 0 0 0 0 0 0 0 0 0 0 0 0 0 0 0 0 0 0 0 0 0 0 0 0 0 0 0 0 0 0 0 0 0 0 0 0 0 0 0 0 0 0 0 0 0 0 0 0 0 0 0 0 0 0 0 0 0 0 0 0 0 0 0 0 0 0 0 0 0 0 0 0 0 0 0 0 0 
0 0 0 0 0 0 0 0 0 0 0 0 0 0 0 0 0 0 0 0 0 0 0 0 0 0 0 0 0 0 0 0 0 0 0 0 0 0 0 0 0 0 0 0 0 0 0 0 0 0 0 0 0 0 0 0 0 0 0 0 0 0 0 0 0 0 0 0 0 0 0 0 0 0 0 0 0 0 0 0 0 0 0 0 0 0 0 0 0 0 0 0 0 0 0 0 0 0 0 0 0 0 0 0 0 0 0 0 0 0 0 0 0 0 0 0 0 0 0 0 0 0 0 0 0 0 0 0 0 0 0 0 0 0 0 0 0 0 0 0 0 0 0 0 0 0 0 0 0 0 0 0 0 0 0 0 0 0 0 0 0 0 0 0 0 0 0 0 0 0 0 0 0 0 0 0 
0 0 0 0 0 0 0 0 0 0 0 0 0 0 0 0 0 0 0 0 0 0 0 0 0 0 0 0 0 0 0 0 0 0 0 0 0 0 0 0 0 0 0 0 0 0 0 0 0 0 0 0 0 0 0 0 0 0 0 0 0 0 0 0 0 0 0 0 0 0 0 0 0 0 0 0 0 0 0 0 0 0 0 0 0 0 0 0 0 0 0 0 0 0 0 0 0 0 0 0 0 0 0 0 0 0 0 0 0 0 0 0 0 0 0 0 0 0 0 0 0 0 0 0 0 0 0 0 0 0 0 0 0 0 0 0 0 0 0 0 0 0 0 0 0 0 0 0 0 0 0 0 0 0 0 0 0 0 0 0 0 0 0 0 0 0 0 0 0 0 0 0 0 0 0 0 
0 0 0 0 0 0 0 0 0 0 0 0 0 0 0 0 0 0 0 0 0 0 0 0 0 0 0 0 0 0 0 0 0 0 0 0 0 0 0 0 0 0 0 0 0 0 0 0 0 0 0 0 0 0 0 0 0 0 0 0 0 0 0 0 0 0 0 0 0 0 0 0 0 0 0 0 0 0 0 0 0 0 0 0 0 0 0 0 0 0 0 0 0 0 0 0 0 0 0 0 0 0 0 0 0 0 0 0 0 0 0 0 0 0 0 0 0 0 0 0 0 0 0 0 0 0 0 0 0 0 0 0 0 0 0 0 0 0 0 0 0 0 0 0 0 0 0 0 0 0 0 0 0 0 0 0 0 0 0 0 0 0 0 0 0 0 0 0 0 0 0 0 0 0 0 0 
0 0 0 0 0 0 0 0 0 0 0 0 0 0 0 0 0 0 0 0 0 0 0 0 0 0 0 0 0 0 0 0 0 0 0 0 0 0 0 0 0 0 0 0 0 0 0 0 0 0 0 0 0 0 0 0 0 0 0 0 0 0 0 0 0 0 0 0 0 0 0 0 0 0 0 0 0 0 0 0 0 0 0 0 0 0 0 0 0 0 0 0 0 0 0 0 0 0 0 0 0 0 0 0 0 0 0 0 0 0 0 0 0 0 0 0 0 0 0 0 0 0 0 0 0 0 0 0 0 0 0 0 0 0 0 0 0 0 0 0 0 0 0 0 0 0 0 0 0 0 0 0 0 0 0 0 0 0 0 0 0 0 0 0 0 0 0 0 0 0 0 0 0 0 0 0 
0 0 0 0 0 0 0 0 0 0 0 0 0 0 0 0 0 0 0 0 0 0 0 0 0 0 0 0 0 0 0 0 0 0 0 0 0 0 0 0 0 0 0 0 0 0 0 0 0 0 0 0 0 0 0 0 0 0 0 0 0 0 0 0 0 0 0 0 0 0 0 0 0 0 0 0 0 0 0 0 0 0 0 0 0 0 0 0 0 0 0 0 0 0 0 0 0 0 0 0 0 0 0 0 0 0 0 0 0 0 0 0 0 0 0 0 0 0 0 0 0 0 0 0 0 0 0 0 0 0 0 0 0 0 0 0 0 0 0 0 0 0 0 0 0 0 0 0 0 0 0 0 0 0 0 0 0 0 0 0 0 0 0 0 0 0 0 0 0 0 0 0 0 0 0 0 
0 0 0 0 0 0 0 0 0 0 0 0 0 0 0 0 0 0 0 0 0 0 0 0 0 0 0 0 0 0 0 0 0 0 0 0 0 0 0 0 0 0 0 0 0 0 0 0 0 0 0 0 0 0 0 0 0 0 0 0 0 0 0 0 0 0 0 0 0 0 0 0 0 0 0 0 0 0 0 0 0 0 0 0 0 0 0 0 0 0 0 0 0 0 0 0 0 0 0 0 0 0 0 0 0 0 0 0 0 0 0 0 0 0 0 0 0 0 0 0 0 0 0 0 0 0 0 0 0 0 0 0 0 0 0 0 0 0 0 0 0 0 0 0 0 0 0 0 0 0 0 0 0 0 0 0 0 0 0 0 0 0 0 0 0 0 0 0 0 0 0 0 0 0 0 0 
0 0 0 0 0 0 0 0 0 0 0 0 0 0 0 0 0 0 0 0 0 0 0 0 0 0 0 0 0 0 0 0 0 0 0 0 0 0 0 0 0 0 0 0 0 0 0 0 0 0 0 0 0 0 0 0 0 0 0 0 0 0 0 0 0 0 0 0 0 0 0 0 0 0 0 0 0 0 0 0 0 0 0 0 0 0 0 0 0 0 0 0 0 0 0 0 0 0 0 0 0 0 0 0 0 0 0 0 0 0 0 0 0 0 0 0 0 0 0 0 0 0 0 0 0 0 0 0 0 0 0 0 0 0 0 0 0 0 0 0 0 0 0 0 0 0 0 0 0 0 0 0 0 0 0 0 0 0 0 0 0 0 0 0 0 0 0 0 0 0 0 0 0 0 0 0 
0 0 0 0 0 0 0 0 0 0 0 0 0 0 0 0 0 0 0 0 0 0 0 0 0 0 0 0 0 0 0 0 0 0 0 0 0 0 0 0 0 0 0 0 0 0 0 0 0 0 0 0 0 0 0 0 0 0 0 0 0 0 0 0 0 0 0 0 0 0 0 0 0 0 0 0 0 0 0 0 0 0 0 0 0 0 0 0 0 0 0 0 0 0 0 0 0 0 0 0 0 0 0 0 0 0 0 0 0 0 0 0 0 0 0 0 0 0 0 0 0 0 0 0 0 0 0 0 0 0 0 0 0 0 0 0 0 0 0 0 0 0 0 0 0 0 0 0 0 0 0 0 0 0 0 0 0 0 0 0 0 0 0 0 0 0 0 0 0 0 0 0 0 0 0 0 
