85 81 88 90 93 90 96 88 89 77 87 82 84 82 88 91 85 85 79 79 83 81 84 85 79 85 83 84 85 85 82 82 86 89 81 82 76 70 79 82 83 77 83 83 79 86 75 84 82 79 83 81 78 82 86 84 82 85 79 75 78 79 72 64 78 84 80 76 79 80 79 83 78 78 84 79 78 79 83 82 82 82 82 82 80 80 80 76 68 69 81 77 83 82 79 81 76 80 79 83 77 82 80 78 83 86 82 88 82 84 82 79 83 82 68 73 84 85 93 87 87 87 91 92 93 93 90 93 89 91 89 93 94 94 92 90 89 94 96 84 84 92 99 92 95 99 102 105 99 99 106 108 110 106 113 117 118 109 99 91 77 85 85 83 84 86 83 82 82 87 89 87 94 94 100 102 
82 89 88 94 84 93 90 83 84 88 78 77 76 81 83 78 80 74 81 88 85 81 88 83 81 87 79 85 83 82 85 83 76 83 82 85 81 72 66 75 76 81 78 80 78 83 76 77 76 79 74 76 78 79 82 86 82 74 77 79 77 76 74 63 76 77 80 80 76 80 74 78 78 78 84 82 81 79 79 78 80 78 82 78 80 82 78 78 70 70 75 80 80 85 83 82 80 77 85 78 73 80 79 84 83 82 79 82 83 81 82 85 80 75 69 81 86 84 87 89 85 84 90 88 93 90 88 90 87 94 85 96 92 89 99 92 91 96 86 82 85 95 97 101 96 101 97 97 95 103 105 100 107 109 106 107 108 102 85 76 77 79 83 86 83 79 83 72 80 84 79 90 99 93 105 105 
89 87 85 85 85 85 84 83 83 82 82 81 81 80 79 79 80 80 81 82 82 83 82 83 83 82 82 82 82 82 82 81 81 81 81 79 78 77 75 75 75 76 77 78 78 78 78 78 77 77 77 77 78 78 78 78 78 77 77 77 76 75 74 73 73 74 75 76 77 77 77 77 77 78 78 79 79 79 79 79 79 79 80 80 80 80 79 76 75 75 75 77 78 79 79 79 79 80 79 80 80 80 80 81 81 81 80 81 81 81 81 80 77 77 77 78 81 84 85 85 86 86 87 87 88 88 88 89 89 90 90 91 91 91 91 91 90 88 88 89 91 93 94 96 96 97 97 98 100 101 102 104 105 105 104 101 96 90 85 82 80 80 79 80 79 79 78 79 80 82 85 87 91 95 97 101 
83 85 84 84 83 83 82 81 81 81 81 80 79 79 78 77 77 78 78 80 81 82 81 81 81 81 80 81 81 80 80 80 79 79 79 78 77 76 75 73 73 74 75 76 77 77 77 76 76 75 76 75 75 76 76 76 76 76 75 75 75 75 74 73 73 74 74 76 77 77 77 78 78 79 79 80 80 81 80 80 81 81 82 82 83 82 82 80 79 79 79 80 81 82 82 82 83 83 82 83 83 83 83 83 83 83 82 83 83 83 83 82 80 79 79 80 82 84 85 85 86 86 86 86 87 86 87 87 88 89 89 89 90 90 90 89 88 87 87 88 90 93 94 95 95 96 96 97 98 99 101 102 103 101 98 94 89 84 80 79 78 78 78 78 78 77 76 77 78 81 83 86 90 95 100 99 
80 80 82 81 81 81 80 80 80 80 80 80 79 79 77 76 76 76 76 77 78 79 79 80 80 79 79 79 79 79 79 79 78 78 78 77 77 76 75 73 72 72 73 74 75 75 75 74 74 74 75 75 75 76 76 76 76 76 76 77 77 78 77 76 77 78 78 80 81 82 82 82 82 83 83 84 84 85 85 85 86 86 87 87 87 87 87 85 85 85 85 85 86 87 87 87 87 88 87 88 88 89 89 89 88 88 87 88 89 89 88 88 86 86 86 86 88 90 90 89 90 90 90 90 90 89 89 90 90 90 91 90 90 89 89 88 87 86 87 89 90 93 93 94 94 94 95 96 97 98 99 100 99 97 93 88 83 79 77 76 76 76 76 76 75 75 74 75 77 80 82 85 89 93 98 108 
80 82 81 80 80 80 79 79 79 80 80 79 79 79 76 75 75 74 74 75 76 77 77 77 78 78 77 77 77 77 77 77 76 76 76 75 76 76 75 73 72 72 73 73 75 75 76 76 76 76 77 78 78 79 80 80 80 80 81 81 81 82 82 82 83 83 83 84 86 86 86 87 87 88 88 88 89 89 89 89 90 90 90 91 92 92 91 91 90 90 90 90 91 92 92 92 92 92 92 93 93 93 94 93 93 93 92 93 94 94 94 93 92 92 93 92 93 94 94 94 95 95 94 94 94 93 94 94 95 95 95 94 94 93 93 92 92 91 92 92 93 95 95 95 95 95 95 97 97 99 99 99 96 92 87 82 79 76 75 75 75 75 74 74 75 73 0 75 77 79 81 83 88 92 101 98 
84 78 80 79 78 78 78 78 78 78 78 78 78 78 76 75 74 73 72 73 73 74 74 75 75 75 75 75 75 75 76 75 75 75 76 75 77 77 77 76 76 76 77 77 78 79 79 80 80 81 81 82 82 83 84 84 84 85 85 86 86 87 87 87 87 88 88 89 90 91 91 92 92 92 92 92 93 93 93 94 94 94 95 95 96 96 96 96 96 96 96 96 97 97 97 97 97 97 97 97 98 98 99 98 98 97 97 97 98 98 98 99 98 98 99 98 99 99 99 99 100 100 99 99 98 98 98 99 99 99 99 99 99 98 98 97 96 96 96 97 98 99 99 99 99 99 99 101 102 103 103 100 96 90 84 79 76 74 74 73 73 73 73 73 74 0 0 76 77 78 80 83 87 91 100 101 
77 82 80 79 78 77 77 77 76 77 76 76 76 76 75 74 73 71 71 71 71 72 73 73 73 74 74 74 75 76 77 77 78 78 79 79 80 80 81 80 79 80 80 80 81 82 83 83 84 85 85 86 86 87 88 88 89 89 89 90 90 91 91 92 92 93 93 94 95 95 96 97 97 97 97 98 98 98 98 99 99 99 100 100 100 100 100 100 100 101 101 102 102 102 102 102 102 102 102 102 103 103 103 103 102 102 102 102 103 104 104 104 104 104 105 104 104 104 104 105 105 105 105 104 104 104 103 103 103 103 103 103 103 102 102 102 101 102 101 102 102 102 102 103 103 103 103 105 105 106 106 103 97 90 83 77 75 74 73 72 72 71 71 71 0 0 0 0 76 78 79 82 85 90 91 99 
79 83 78 77 77 77 76 76 75 75 74 74 74 74 73 72 72 71 71 71 71 72 73 74 75 76 76 76 78 78 80 80 80 81 81 81 83 83 83 83 83 83 84 84 85 86 86 87 88 89 89 90 91 92 92 94 94 94 94 95 96 96 96 96 97 97 97 98 98 99 99 100 100 100 100 100 100 100 100 101 101 100 101 101 101 102 102 102 102 102 103 103 104 104 103 103 103 103 103 103 103 104 104 104 104 104 104 104 105 105 106 107 107 108 109 109 109 109 109 109 109 109 109 109 108 108 107 107 107 107 108 108 108 108 107 106 106 106 106 106 106 106 106 107 107 108 108 110 110 111 111 106 99 92 84 78 75 73 72 71 70 69 68 0 0 0 0 0 75 76 78 81 83 89 96 99 
76 75 76 76 76 75 75 74 73 73 73 73 73 73 73 73 74 74 74 74 74 75 75 76 77 78 78 79 80 81 82 82 83 84 84 84 85 86 86 87 87 88 88 89 90 90 91 92 93 93 94 94 94 95 95 96 96 96 96 97 97 97 97 97 97 97 97 97 98 98 98 99 99 99 99 99 99 100 99 99 99 99 99 100 101 101 102 102 102 102 102 102 103 102 102 102 103 102 102 102 102 102 102 103 103 103 103 104 104 104 105 105 106 107 107 107 108 108 108 108 108 109 108 109 109 109 109 109 109 110 110 110 111 111 111 111 111 111 111 111 110 110 111 111 111 112 112 114 115 116 116 110 103 94 86 78 75 73 71 70 69 68 0 0 0 0 0 0 73 75 77 80 82 87 93 101 
68 73 74 74 74 74 73 73 73 73 73 74 75 75 75 76 76 76 77 77 77 77 78 78 79 80 80 81 83 84 85 85 86 87 88 88 89 89 89 90 90 90 91 91 92 92 93 94 94 94 95 95 95 95 95 95 96 96 96 96 96 97 96 97 96 97 97 96 96 97 96 97 97 98 98 98 98 99 99 99 99 99 99 100 100 100 100 100 100 100 100 100 101 100 101 101 101 100 100 100 100 100 100 101 101 101 101 102 102 102 103 103 104 105 105 105 106 106 106 106 106 107 107 107 108 109 108 109 108 109 109 109 109 110 110 110 111 111 111 111 111 112 112 113 113 114 115 116 118 119 119 114 106 97 88 79 74 73 70 69 68 0 0 0 0 0 0 0 71 74 76 79 81 87 88 95 
77 68 73 73 74 74 75 74 75 74 74 75 76 76 77 77 77 78 78 79 79 80 81 81 82 83 83 84 86 87 88 88 89 89 89 89 89 89 89 90 90 90 90 91 92 92 92 93 93 93 93 93 93 93 93 93 93 93 93 93 93 92 92 92 92 91 91 91 92 92 92 92 93 94 95 97 98 98 98 98 98 98 98 98 97 96 95 94 93 93 93 93 93 93 94 94 94 94 94 93 93 94 94 94 96 96 96 97 97 97 97 98 99 100 99 100 99 99 99 99 100 101 101 103 104 106 106 108 107 108 108 108 109 109 109 109 110 110 110 110 110 110 111 111 111 113 113 115 117 118 119 115 107 98 89 79 74 72 70 68 0 0 0 0 0 0 0 0 68 72 75 77 80 86 93 99 
72 71 74 74 75 75 76 76 76 76 76 77 78 78 79 80 80 81 81 82 82 83 84 84 85 85 85 86 87 87 88 88 88 88 88 88 88 88 88 89 89 89 88 89 89 89 88 89 89 88 89 89 88 87 86 85 85 85 86 88 89 92 91 92 90 90 90 90 90 91 91 89 90 92 93 95 98 98 98 98 98 98 98 97 96 94 92 91 91 91 91 91 91 91 92 92 92 92 92 91 91 92 92 92 94 94 95 95 96 96 96 97 98 98 98 98 98 98 98 97 98 99 99 100 102 105 105 106 107 108 108 108 108 109 108 109 109 109 109 110 109 110 110 110 110 111 111 113 115 116 117 113 105 97 90 80 73 71 69 0 0 0 0 0 0 67 67 0 68 72 74 76 79 84 86 96 
78 73 76 75 76 77 77 77 78 78 79 79 80 81 82 82 83 83 84 84 84 84 85 85 85 85 85 86 87 87 88 88 88 87 86 86 86 85 84 84 84 84 84 85 87 88 88 88 87 87 88 87 86 85 84 82 82 83 83 85 87 90 89 89 89 88 89 88 88 89 89 85 87 90 92 93 97 98 98 98 98 99 98 95 94 92 89 87 88 87 87 87 87 88 88 89 88 89 88 88 88 89 89 89 90 91 91 92 93 93 94 94 95 95 94 94 94 94 94 94 95 96 97 97 100 103 104 105 107 108 107 107 107 108 108 108 109 109 109 109 109 109 109 109 109 109 109 110 112 113 115 112 104 98 91 80 72 71 0 0 0 0 0 0 0 67 67 0 68 71 74 76 79 84 91 96 
76 80 77 77 78 78 79 79 80 80 81 81 82 82 83 83 83 82 83 83 83 83 84 84 84 84 84 85 86 86 86 87 87 86 85 85 85 84 83 83 82 82 82 83 85 86 86 86 85 85 85 85 84 83 81 79 77 79 79 81 84 87 86 86 84 83 84 83 84 85 85 80 83 87 89 92 97 98 98 99 98 98 98 94 92 89 85 80 81 80 81 80 81 81 82 81 81 81 81 80 82 83 83 83 85 86 86 87 88 88 89 89 90 90 90 89 88 88 88 88 89 91 93 92 96 100 102 103 106 107 107 107 107 107 108 107 108 108 108 108 108 108 108 108 108 108 108 108 110 111 113 111 103 98 92 83 71 0 0 0 0 0 0 0 0 67 67 0 68 71 74 76 79 83 85 95 
78 81 78 78 79 79 80 80 81 80 81 81 82 81 82 82 82 81 82 82 83 83 83 83 83 84 84 84 85 85 86 87 87 85 84 83 83 81 81 81 80 79 79 80 82 84 83 82 81 80 81 81 79 77 75 71 69 70 70 71 74 77 76 75 73 71 73 74 75 77 78 71 78 84 87 90 97 98 98 98 98 98 97 92 89 85 79 70 69 69 68 67 67 68 69 69 70 70 69 67 69 70 71 71 75 75 76 78 78 78 79 80 82 82 81 79 76 73 73 74 76 79 82 82 91 95 98 100 105 106 106 107 107 107 108 107 107 108 107 107 107 108 107 107 107 107 106 107 108 109 111 110 103 99 95 85 71 0 0 0 0 0 0 0 0 0 0 0 0 70 73 75 78 81 90 89 
72 74 79 79 79 79 79 79 80 80 80 80 81 81 81 81 81 80 81 81 81 81 82 83 83 83 84 84 85 85 85 86 87 84 84 82 81 77 78 76 74 72 72 72 74 76 73 71 72 71 73 74 72 68 64 59 54 54 0 0 0 0 0 0 0 0 0 0 0 0 0 66 78 85 88 90 96 98 98 98 98 98 97 91 89 86 81 68 0 0 0 0 0 0 0 0 0 0 0 0 0 0 0 0 0 0 0 0 0 0 0 0 0 0 0 0 0 0 0 0 0 0 0 73 88 94 97 99 105 106 106 106 106 106 107 107 107 107 107 107 107 108 107 107 106 106 105 106 107 108 109 109 102 100 97 88 71 0 0 0 0 0 0 0 0 0 0 0 0 72 73 75 78 80 89 90 
80 81 79 78 78 78 79 79 79 79 79 79 80 80 80 80 80 79 78 78 78 79 79 81 83 83 84 84 84 84 85 85 85 82 81 79 76 69 68 65 63 59 0 0 0 0 0 0 0 0 0 0 0 0 0 0 0 0 0 0 0 0 0 0 0 0 0 0 0 0 0 68 79 85 88 90 96 98 98 98 98 97 96 90 89 86 80 69 0 0 0 0 0 0 0 0 0 0 0 0 0 0 0 0 0 0 0 0 0 0 0 0 0 0 0 0 0 0 0 0 0 0 0 69 85 91 95 97 104 105 105 106 106 106 106 106 106 106 106 106 106 106 106 105 105 105 104 104 105 106 108 109 102 101 98 90 74 0 0 0 0 0 0 0 0 0 0 0 0 70 71 73 76 79 85 91 
77 86 78 78 77 77 78 78 78 78 79 79 79 79 80 79 78 77 76 75 76 78 79 81 82 83 83 83 83 84 84 85 85 81 80 79 74 65 0 0 0 0 0 0 0 0 0 0 0 0 0 0 0 0 0 0 0 0 0 0 0 0 0 0 0 0 0 0 0 0 0 70 80 86 88 90 96 97 97 97 97 97 96 90 88 85 80 68 0 0 0 0 0 0 0 0 0 0 0 0 0 0 0 0 0 0 0 0 0 0 0 0 0 0 0 0 0 0 0 0 0 0 0 67 83 90 93 96 103 105 105 105 105 105 105 106 105 106 106 106 105 105 105 105 104 104 104 104 104 105 107 108 103 101 99 92 75 0 0 0 0 0 0 0 0 0 0 0 0 68 69 72 75 77 83 86 
79 78 77 77 77 76 77 78 78 78 78 79 79 79 79 79 77 76 74 72 74 77 78 81 83 83 83 83 83 84 84 84 84 79 78 76 71 60 0 0 0 0 0 0 0 0 0 0 0 0 0 0 0 0 0 0 0 0 0 0 0 0 49 48 48 49 48 0 0 0 0 69 80 86 88 90 96 97 97 97 97 97 96 90 88 85 80 66 0 0 0 0 0 0 0 0 0 0 0 0 0 0 0 0 0 0 0 0 0 0 0 0 0 0 0 0 0 0 0 0 0 0 0 68 83 89 93 96 103 105 105 106 105 105 105 105 105 105 105 105 105 105 104 104 104 104 103 103 104 104 106 108 103 102 100 94 78 0 0 0 0 0 0 0 0 0 0 0 0 66 68 71 73 76 82 88 
76 76 77 77 77 76 77 77 77 77 78 78 78 78 78 78 76 75 72 68 71 75 77 80 83 83 83 83 83 84 84 85 84 79 78 76 70 58 0 0 0 0 0 0 0 0 0 0 0 0 0 0 0 0 0 0 0 0 0 0 0 54 52 51 51 51 49 48 0 0 0 72 82 87 89 90 95 96 96 96 96 96 95 90 88 86 80 69 0 0 0 0 0 0 0 0 0 0 0 0 0 0 0 0 0 0 0 0 0 0 0 0 0 0 0 0 0 0 0 0 0 0 0 69 84 90 94 96 103 104 105 105 104 105 104 105 105 105 105 105 104 104 104 104 104 104 103 103 103 103 105 107 103 102 101 96 81 0 0 0 0 0 0 0 0 0 0 0 0 67 68 70 73 76 80 85 
72 77 76 76 77 76 77 77 77 77 78 78 78 78 78 77 74 73 69 65 69 75 77 80 82 82 82 82 83 84 84 84 83 79 78 75 69 0 0 0 0 0 0 0 0 0 0 0 0 0 0 0 0 0 0 0 0 0 0 0 0 52 52 51 50 50 49 47 0 0 0 72 82 87 89 90 95 96 96 96 96 96 95 89 88 85 79 67 0 0 0 0 0 0 0 0 0 0 0 0 0 0 0 0 0 0 0 0 0 0 0 0 0 0 0 0 0 0 0 0 0 0 0 70 84 90 94 96 103 104 104 104 104 105 104 104 105 104 104 104 104 104 104 103 103 103 102 102 102 102 104 106 103 103 102 99 86 0 0 0 0 0 0 0 0 0 0 0 0 0 68 70 72 75 74 87 
77 77 76 77 76 76 76 76 76 77 77 78 78 78 78 77 74 73 70 69 72 77 78 81 82 82 82 82 83 84 84 85 83 80 79 76 70 0 0 0 0 0 0 0 0 0 0 0 0 0 0 0 0 0 0 0 0 0 0 0 0 52 52 51 50 50 49 47 0 0 0 69 81 86 88 89 95 96 95 96 96 96 95 89 88 85 80 68 0 0 0 0 0 0 0 0 0 0 0 0 0 0 0 0 0 0 0 0 0 0 0 0 0 0 0 0 0 0 0 0 0 0 0 72 84 91 94 96 103 104 105 104 104 105 105 104 105 104 104 104 104 104 104 104 104 104 103 102 103 102 103 106 104 101 101 97 84 0 0 0 0 0 0 0 0 0 0 0 0 0 69 70 73 75 83 87 
79 70 75 76 76 76 76 76 76 77 77 77 77 77 78 76 75 75 72 71 74 77 78 81 82 82 83 83 84 85 85 85 83 81 79 77 71 0 0 0 0 0 0 0 0 0 0 0 0 0 0 0 0 0 0 0 0 0 0 0 0 52 53 52 51 51 50 47 0 0 0 68 80 86 88 89 95 96 96 96 96 96 95 90 88 85 81 70 0 0 0 0 0 0 0 0 0 0 0 0 0 0 0 0 0 0 0 0 0 0 0 0 0 0 0 0 0 0 0 0 0 0 0 71 83 90 94 96 103 104 104 104 104 105 105 105 105 104 104 104 103 103 103 103 103 103 102 102 102 102 103 105 104 100 99 96 84 0 0 0 0 0 0 0 0 0 0 0 0 0 69 70 72 75 76 82 
74 79 75 75 75 75 76 75 76 76 76 76 77 77 77 77 75 75 74 74 76 78 79 80 81 82 82 83 84 85 85 85 83 82 81 79 75 0 0 0 0 0 0 0 0 0 0 0 0 0 0 0 0 0 0 0 0 0 0 0 0 53 54 53 52 51 50 47 0 0 0 67 80 86 88 89 95 96 96 96 96 96 95 90 88 86 81 71 0 0 0 0 0 0 0 0 0 0 0 0 0 0 0 0 0 0 0 0 0 0 0 0 0 0 0 0 0 0 0 0 0 0 0 68 80 89 93 95 102 105 104 104 104 105 105 105 105 104 104 104 104 103 103 103 103 103 102 102 101 101 102 105 104 99 99 96 85 0 0 0 0 0 0 0 0 0 0 0 0 0 69 70 73 75 81 80 
71 75 74 75 75 75 76 75 75 75 75 75 76 76 77 77 76 76 75 76 77 79 79 80 81 81 82 83 84 85 85 84 82 81 80 78 73 0 0 0 0 0 0 0 0 0 0 0 0 0 0 0 0 0 0 0 0 0 0 0 0 0 0 50 49 49 49 0 0 0 0 65 79 85 87 89 95 96 96 96 97 96 95 89 88 85 80 69 0 0 0 0 0 0 0 0 0 0 0 0 0 0 0 0 0 0 0 0 0 0 0 0 0 0 0 0 0 0 0 0 0 0 0 66 78 88 92 95 102 105 105 105 105 106 106 105 105 104 104 104 104 103 103 103 103 102 102 101 101 101 101 104 104 98 98 95 85 68 0 0 0 0 0 0 0 0 0 0 0 0 67 69 72 74 79 82 
74 73 74 74 74 75 75 74 74 74 74 75 75 76 76 77 77 77 77 78 78 79 79 80 80 81 82 83 84 85 84 84 82 81 80 78 71 0 0 0 0 0 0 0 0 0 0 0 0 0 0 0 0 0 0 0 0 0 0 0 0 0 0 0 0 0 0 0 0 0 0 65 79 85 87 89 95 96 96 96 97 96 95 90 88 86 82 72 0 0 0 0 0 0 0 0 0 0 0 0 0 0 0 0 0 0 0 0 0 0 0 0 0 0 0 0 0 0 0 0 0 0 0 61 76 85 91 93 102 105 105 105 105 105 105 105 104 104 104 103 103 103 102 102 102 102 102 101 100 101 102 104 105 98 97 94 85 69 0 0 0 0 0 0 0 0 0 0 0 0 67 69 72 74 78 82 
64 75 72 73 73 74 74 74 74 74 74 75 76 76 76 77 77 77 78 79 79 79 79 80 80 81 82 83 84 84 84 84 81 80 78 76 68 0 0 0 0 0 0 0 0 0 0 0 0 0 0 0 0 0 0 0 0 0 0 0 0 0 0 0 0 0 0 0 0 0 0 66 79 85 87 89 95 96 97 97 97 96 95 89 88 85 81 68 0 0 0 0 0 0 0 0 0 0 0 0 0 0 0 0 0 0 0 0 0 0 0 0 0 0 0 0 0 0 0 0 0 0 0 56 73 84 89 92 102 105 105 105 106 105 105 105 104 104 104 103 103 103 102 102 101 101 101 100 100 101 101 104 105 99 98 95 87 70 0 0 0 0 0 0 0 0 0 0 0 0 67 70 72 74 74 76 
76 73 72 73 73 73 73 73 74 74 74 75 76 76 76 77 78 77 78 79 79 78 79 80 80 81 81 83 83 83 83 83 79 78 77 74 65 0 0 0 0 0 0 0 0 0 0 0 0 0 0 0 0 0 0 0 0 0 0 0 0 0 0 0 0 0 0 0 0 0 0 67 80 85 88 89 95 96 97 97 96 96 95 89 87 85 80 68 0 0 0 0 0 0 0 0 0 0 0 0 0 0 0 0 0 0 0 0 0 0 0 0 0 0 0 0 0 0 0 0 0 0 0 52 71 82 88 91 102 105 105 106 106 105 105 104 104 104 104 104 103 103 102 103 102 102 101 100 100 100 101 104 105 99 98 96 88 71 0 0 0 0 0 0 0 0 0 0 0 0 65 68 71 73 78 83 
68 71 72 72 73 73 73 73 74 74 74 75 76 76 76 77 78 78 78 79 79 78 79 80 80 81 82 83 83 83 83 83 79 78 77 74 65 0 0 0 0 0 0 0 0 0 0 0 0 0 0 0 0 0 0 0 0 0 0 0 0 0 0 0 0 0 0 0 0 0 0 68 81 86 88 90 95 96 96 96 96 95 94 88 86 84 78 64 0 0 0 0 0 0 0 0 0 0 0 0 0 0 0 0 0 0 0 0 0 0 0 0 0 0 0 0 0 0 0 0 0 0 0 49 72 84 89 92 102 104 105 105 105 105 104 104 103 103 103 103 103 103 102 102 102 102 101 100 100 100 101 103 105 99 98 96 89 72 0 0 0 0 0 0 0 0 0 0 0 0 64 67 70 72 74 80 
73 78 72 73 73 72 72 73 74 74 75 76 76 76 76 76 77 77 78 78 79 79 79 80 81 81 82 83 83 83 83 83 79 78 76 73 64 0 0 0 0 0 0 0 0 0 0 0 0 0 0 0 0 0 0 0 0 0 0 0 0 0 0 0 0 0 0 0 0 0 0 68 81 85 88 89 95 96 96 96 96 95 94 88 86 83 78 64 0 0 0 0 0 0 0 0 0 0 0 0 0 0 0 0 0 0 0 0 0 0 0 0 0 0 0 0 0 0 0 0 0 0 0 0 73 84 90 93 101 104 104 104 105 104 104 104 103 103 103 102 102 102 102 102 102 102 101 100 100 101 100 103 105 99 98 97 91 74 0 0 0 0 0 0 0 0 0 0 0 0 64 67 69 72 76 75 
71 76 72 73 73 73 73 73 74 74 75 76 76 75 76 76 77 78 79 79 79 79 79 80 81 81 82 83 83 83 83 83 80 79 77 75 66 0 0 0 0 0 0 0 0 0 0 0 0 0 0 0 0 0 0 0 0 0 0 0 0 0 0 0 0 0 0 0 0 0 0 69 81 86 88 90 96 96 96 96 96 95 94 88 86 83 76 61 0 0 0 0 0 0 0 0 0 0 0 0 0 0 0 0 0 0 0 0 0 0 0 0 0 0 0 0 0 0 0 0 0 0 0 0 76 86 92 94 100 103 104 104 104 104 104 103 103 103 103 103 102 102 102 102 102 102 101 100 100 100 100 102 104 99 99 98 93 76 0 0 0 0 0 0 0 0 0 0 0 0 0 66 69 71 72 80 
70 73 73 73 73 73 73 73 74 74 75 75 75 75 76 77 77 78 79 78 79 79 80 81 82 82 82 83 83 83 83 83 80 79 78 75 67 0 0 0 0 0 0 0 0 0 0 0 0 0 0 0 0 0 0 0 0 0 0 0 0 0 0 0 0 0 0 0 0 0 0 71 83 87 89 91 96 96 97 96 96 95 94 88 85 83 76 61 0 0 0 0 0 0 0 0 0 0 0 0 0 0 0 0 0 0 0 0 0 0 0 0 0 0 0 0 0 0 0 0 0 0 0 0 79 89 94 96 100 103 104 103 103 103 103 103 103 103 103 103 103 102 102 102 101 101 101 100 99 100 99 101 104 100 98 97 93 76 0 0 0 0 0 0 0 0 0 0 0 0 0 65 68 71 71 77 
68 73 72 72 73 73 73 73 73 74 74 75 75 75 76 76 76 78 78 78 80 80 80 81 82 82 83 83 83 83 83 83 80 80 79 76 68 0 0 0 0 0 0 0 0 0 0 0 0 0 0 0 0 0 0 0 0 0 0 0 0 0 0 0 0 0 0 0 0 0 0 72 82 87 89 91 96 97 97 96 96 95 95 87 85 82 74 57 0 0 0 0 0 0 0 0 0 0 0 0 0 0 0 0 0 0 0 0 0 0 0 0 0 0 0 0 0 0 0 0 0 0 0 0 84 93 97 98 99 103 103 103 103 103 102 102 103 103 103 103 102 102 101 101 100 100 100 100 99 100 100 101 104 101 98 98 94 78 0 0 0 0 0 0 0 0 0 0 0 0 0 66 69 72 72 78 
73 66 72 72 72 72 72 72 73 74 74 74 74 75 75 76 76 77 78 78 79 80 81 81 82 82 82 82 82 83 83 83 80 79 78 74 65 0 0 0 0 0 0 0 0 0 0 0 0 0 0 0 0 0 0 0 0 0 0 0 0 0 0 0 0 0 0 0 0 0 0 73 83 87 89 91 96 97 97 97 96 96 95 87 85 81 74 57 0 0 0 0 0 0 0 0 0 0 0 0 0 0 0 0 0 0 0 0 0 0 0 0 0 0 0 0 0 0 0 0 0 0 0 0 82 92 96 97 99 103 103 103 104 103 103 103 103 102 103 102 102 101 101 101 100 100 100 99 99 99 99 101 104 102 98 97 93 77 0 0 0 0 0 0 0 0 0 0 0 0 0 66 69 72 67 78 
69 70 71 71 72 72 72 72 73 73 73 74 74 75 75 76 76 77 77 78 79 80 81 81 82 82 83 82 82 82 82 83 79 79 77 74 64 0 0 0 0 0 0 0 0 0 0 0 0 0 0 0 0 0 0 0 0 0 0 0 0 0 0 0 0 0 0 0 0 0 0 75 84 88 90 91 96 97 97 97 96 96 95 87 82 78 71 53 0 0 0 0 0 0 0 0 0 0 0 0 0 0 0 0 0 0 0 0 0 0 0 0 0 0 0 0 0 0 0 0 0 0 0 0 82 91 95 97 99 103 103 103 104 103 103 103 103 102 103 103 103 102 101 101 100 100 100 99 99 100 100 101 105 102 97 95 91 76 0 0 0 0 0 0 0 0 0 0 0 0 0 67 69 72 77 81 
69 68 71 71 71 72 71 71 72 73 72 73 74 74 75 76 76 77 77 78 79 80 81 81 82 82 83 82 82 82 83 82 78 77 75 71 59 0 0 0 0 0 0 0 0 0 0 0 0 0 0 0 0 0 0 0 0 0 0 0 0 0 0 0 0 0 0 0 0 0 0 76 85 88 90 92 96 96 96 96 96 95 94 87 80 76 68 51 0 0 0 0 0 0 0 0 0 0 0 0 0 0 0 0 0 0 0 0 0 0 0 0 0 0 0 0 0 0 0 0 0 0 0 0 81 90 95 96 98 103 103 103 104 103 103 103 103 102 103 103 102 102 101 101 100 99 99 99 99 100 100 102 105 103 96 95 90 77 58 0 0 0 0 0 0 0 0 0 0 0 0 66 69 71 72 74 
74 70 70 71 71 72 71 72 72 72 72 73 74 74 75 76 76 77 77 78 79 80 81 81 81 82 82 82 83 83 83 82 77 76 73 69 56 0 0 0 0 0 0 0 0 0 0 0 0 0 0 0 0 0 0 0 0 0 0 0 0 0 0 0 0 0 0 0 0 0 0 76 85 88 90 91 95 96 96 96 96 96 94 87 80 76 68 52 0 0 0 0 0 0 0 0 0 0 0 0 0 0 0 0 0 0 0 0 0 0 0 0 0 0 0 0 0 0 0 0 0 0 0 0 80 90 94 96 98 103 103 104 104 104 104 104 103 103 103 102 102 101 101 101 100 99 100 99 99 100 101 102 105 103 97 95 91 78 60 0 0 0 0 0 0 0 0 0 0 0 0 65 69 72 71 77 
67 70 70 71 71 72 72 72 72 72 72 73 74 74 75 76 76 77 77 78 78 79 80 81 81 82 82 82 83 83 83 82 77 76 73 68 54 0 0 0 0 0 0 0 0 0 0 0 0 0 0 0 0 0 0 0 0 0 0 0 0 0 0 0 0 0 0 0 0 0 0 76 85 89 90 91 95 96 96 96 96 95 95 87 79 74 67 51 0 0 0 0 0 0 0 0 0 0 0 0 0 0 0 0 0 0 0 0 0 0 0 0 0 0 0 0 0 0 0 0 0 0 0 0 78 89 94 96 97 103 104 104 104 104 104 104 103 103 103 102 102 101 101 101 100 100 100 99 100 100 100 102 104 104 96 94 90 79 60 0 0 0 0 0 0 0 0 0 0 0 0 64 68 70 74 68 
67 68 70 71 71 72 72 72 72 72 72 73 74 75 75 76 76 77 77 78 79 79 80 81 81 82 82 82 83 83 83 82 78 76 74 69 0 0 0 0 0 0 0 0 0 0 0 0 0 0 0 0 0 0 0 0 0 0 0 0 0 0 0 0 0 0 0 0 0 0 0 71 82 86 88 92 96 96 96 96 96 96 95 87 78 73 65 50 39 0 0 0 0 0 0 0 0 0 0 0 0 0 0 0 0 0 0 0 0 0 0 0 0 0 0 0 0 0 0 0 0 0 0 0 79 89 94 96 97 102 103 104 104 104 104 104 103 103 103 102 102 101 101 101 101 100 100 100 100 100 101 102 104 104 96 95 91 81 63 0 0 0 0 0 0 0 0 0 0 0 0 63 68 70 76 79 
65 69 69 70 71 71 72 72 72 73 73 74 75 75 75 76 76 77 77 78 79 80 80 81 81 83 83 83 83 84 83 82 79 78 76 70 0 0 0 0 0 0 0 0 0 0 0 0 0 0 0 0 0 0 0 0 0 0 0 0 0 0 0 0 0 0 0 0 0 0 0 71 82 86 88 92 96 96 96 96 96 96 95 88 79 74 66 50 40 0 0 0 0 0 0 0 0 0 0 0 0 0 0 0 0 0 0 0 0 0 0 0 0 0 0 0 0 0 0 0 0 0 0 0 77 89 94 96 97 103 104 104 104 104 104 104 104 103 103 102 102 101 101 101 101 100 100 100 100 100 100 102 104 104 97 96 92 83 66 0 0 0 0 0 0 0 0 0 0 0 0 62 68 69 72 70 
74 71 69 69 70 71 72 72 72 73 73 73 74 75 76 76 76 77 77 78 79 80 81 81 82 83 83 83 84 84 83 82 80 79 77 73 0 0 0 0 0 0 0 0 0 0 0 0 0 0 0 0 0 0 0 0 0 0 0 0 0 0 0 0 0 0 0 0 0 0 0 72 81 86 88 92 96 96 96 96 97 96 96 89 79 74 67 51 40 0 0 0 0 0 0 0 0 0 0 0 0 0 0 0 0 0 0 0 0 0 0 0 0 0 0 0 0 0 0 0 0 0 0 0 75 88 93 96 97 103 104 104 104 104 104 104 104 103 103 102 102 101 101 101 101 101 101 100 100 100 100 101 103 104 97 96 93 85 67 0 0 0 0 0 0 0 0 0 0 0 0 64 68 70 69 73 
71 68 69 69 70 71 72 72 73 74 73 74 74 75 76 76 77 77 77 78 78 80 81 81 82 84 84 84 84 84 83 82 82 81 80 76 0 0 0 0 0 0 0 0 0 0 0 0 0 0 0 0 0 0 0 0 0 0 0 0 0 0 0 0 0 0 0 0 0 0 0 67 78 84 86 92 96 97 97 97 97 96 96 89 78 73 65 51 40 0 0 0 0 0 0 0 0 0 0 0 0 0 0 0 0 0 0 0 0 0 0 0 0 0 0 0 0 0 0 0 0 0 0 0 73 88 93 95 97 103 103 103 104 104 104 104 104 103 102 102 102 102 101 101 101 101 100 100 100 100 100 101 103 104 98 97 94 87 70 0 0 0 0 0 0 0 0 0 0 0 0 63 67 69 72 72 
75 72 69 69 70 71 72 72 73 74 73 73 74 75 75 76 76 77 77 78 79 80 81 81 82 83 83 83 83 84 83 82 81 81 79 76 0 0 0 0 0 0 0 0 0 0 0 0 0 0 0 0 0 0 0 0 0 0 0 0 0 0 0 0 0 0 0 0 0 0 0 65 76 81 85 93 97 97 97 97 97 97 96 89 78 74 66 52 42 0 0 0 0 0 0 0 0 0 0 0 0 0 0 0 0 0 0 0 0 0 0 0 0 0 0 0 0 0 0 0 0 0 0 0 72 87 92 95 97 103 103 103 104 104 104 104 104 103 103 103 102 102 102 101 101 101 100 100 100 100 100 101 103 104 98 98 95 89 72 0 0 0 0 0 0 0 0 0 0 0 0 65 67 69 71 75 
65 69 69 69 70 71 72 73 73 74 73 74 75 75 75 76 76 77 78 78 79 80 81 81 82 83 83 83 83 84 83 82 82 81 79 76 0 0 0 0 0 0 0 0 0 0 0 0 0 0 0 0 0 0 0 0 0 0 0 0 0 0 0 0 0 0 0 0 0 0 0 65 75 81 85 93 97 98 98 98 98 97 97 90 79 72 65 51 42 0 0 0 0 0 0 0 0 0 0 0 0 0 0 0 0 0 0 0 0 0 0 0 0 0 0 0 0 0 0 0 0 0 0 0 70 85 91 94 97 103 104 104 104 104 103 103 103 103 103 103 103 102 102 101 100 100 100 100 100 100 100 101 103 104 99 98 96 89 73 0 0 0 0 0 0 0 0 0 0 0 0 66 67 69 68 71 
65 67 70 70 70 72 72 73 73 73 73 74 74 75 76 76 77 77 78 79 80 80 81 81 81 82 82 82 82 83 82 81 81 80 78 74 0 0 0 0 0 0 0 0 0 0 0 0 0 0 0 0 0 0 0 0 0 0 0 0 0 0 0 0 0 0 0 0 0 0 40 63 74 80 84 93 97 98 98 98 98 97 97 90 80 73 66 52 43 0 0 0 0 0 0 0 0 0 0 0 0 0 0 0 0 0 0 0 0 0 0 0 0 0 0 0 0 0 0 0 0 0 0 0 69 85 91 94 96 103 104 103 103 103 103 103 103 102 102 102 102 102 101 101 100 99 99 99 99 99 100 101 103 105 99 98 96 89 72 0 0 0 0 0 0 0 0 0 0 0 0 66 67 69 64 79 
68 73 70 71 71 71 72 73 73 73 73 74 74 75 76 76 77 78 78 79 80 80 80 80 80 81 81 82 82 83 82 80 80 80 77 72 0 0 0 0 0 0 0 0 0 0 0 0 0 0 0 0 0 0 0 0 0 0 0 0 0 0 0 0 0 0 0 0 0 0 40 61 72 79 83 94 98 98 98 98 98 98 97 90 80 74 66 53 44 0 0 0 0 0 0 0 0 0 0 0 0 0 0 0 0 0 0 0 0 0 0 0 0 0 0 0 0 0 0 0 0 0 0 0 68 84 91 94 96 103 104 104 103 103 103 103 103 103 103 102 102 102 101 100 100 99 99 99 100 100 100 101 103 105 99 98 96 90 71 0 0 0 0 0 0 0 0 0 0 0 0 0 65 68 65 68 
73 72 70 70 70 71 72 72 73 73 73 74 74 75 76 76 77 77 78 79 80 80 80 80 81 81 81 82 82 83 82 80 79 79 76 70 0 0 0 0 0 0 0 0 0 0 0 0 0 0 0 0 0 0 0 0 0 0 0 0 0 0 0 0 0 0 0 0 0 0 41 61 73 79 83 94 98 98 98 98 98 98 98 91 81 73 65 52 44 0 0 0 0 0 0 0 0 0 0 0 0 0 0 0 0 0 0 0 0 0 0 0 0 0 0 0 0 0 0 0 0 0 0 0 69 83 90 94 96 103 104 104 103 104 103 103 103 103 102 102 102 102 101 100 100 99 99 99 99 99 100 101 103 105 99 98 97 90 70 0 0 0 0 0 0 0 0 0 0 0 0 0 65 68 0 0 
73 68 70 70 70 71 72 72 73 73 74 74 75 75 76 76 77 78 79 79 80 80 80 80 80 80 81 82 82 82 82 79 78 77 74 67 0 0 0 0 0 0 0 0 0 0 0 0 0 0 0 0 0 0 0 0 0 0 0 0 0 0 0 0 0 0 0 0 0 0 41 61 73 79 83 94 98 98 98 98 98 99 98 92 82 74 66 54 45 0 0 0 0 0 0 0 0 0 0 0 0 0 0 0 0 0 0 0 0 0 0 0 0 0 0 0 0 0 0 0 0 0 0 0 68 83 90 94 96 104 105 104 104 104 103 103 103 103 102 102 102 101 101 100 100 99 99 99 99 99 100 100 103 105 99 98 97 90 70 0 0 0 0 0 0 0 0 0 0 0 0 0 0 0 0 0 
70 64 70 69 70 70 71 72 73 73 74 75 75 75 76 76 77 78 78 79 79 79 79 79 80 80 81 82 82 82 82 79 78 76 73 64 0 0 0 0 0 0 0 0 0 0 0 0 0 0 0 0 0 0 0 0 0 0 0 0 0 0 0 0 0 0 0 0 0 0 41 62 74 80 83 95 98 98 98 98 98 98 98 92 82 76 69 57 48 0 0 0 0 0 0 0 0 0 0 0 0 0 0 0 0 0 0 0 0 0 0 0 0 0 0 0 0 0 0 0 0 0 0 0 67 83 91 94 96 104 104 104 104 104 104 104 104 103 102 102 101 101 101 101 100 100 99 99 99 99 100 100 102 104 99 98 97 90 70 0 0 0 0 0 0 0 0 0 0 0 0 0 0 0 0 0 
72 67 69 69 70 70 71 72 72 73 74 74 75 75 76 76 77 77 78 79 79 79 79 79 80 80 81 82 83 83 83 79 78 76 73 63 0 0 0 0 0 0 0 0 0 0 0 0 0 0 0 0 0 0 0 0 0 0 0 0 0 0 0 0 0 0 0 0 0 0 42 63 74 80 84 95 98 98 98 98 98 99 98 93 83 77 70 58 48 0 0 0 0 0 0 0 0 0 0 0 0 0 0 0 0 0 0 0 0 0 0 0 0 0 0 0 0 0 0 0 0 0 0 0 66 82 90 94 96 104 105 104 104 104 104 104 104 103 103 102 102 102 102 101 100 100 100 99 99 99 99 100 102 104 99 99 98 92 73 0 0 0 0 0 0 0 0 0 0 0 0 0 0 0 0 0 
75 68 69 69 70 70 71 72 73 74 75 75 75 76 76 76 76 77 78 78 78 79 79 79 80 81 81 82 83 83 83 79 78 76 73 62 0 0 0 0 0 0 0 0 0 0 0 0 0 0 0 0 0 0 0 0 0 0 0 0 0 0 0 0 0 0 0 0 0 0 43 64 75 80 84 95 97 98 98 98 98 99 99 93 84 76 69 57 48 0 0 0 0 0 0 0 0 0 0 0 0 0 0 0 0 0 0 0 0 0 0 0 0 0 0 0 0 0 0 0 0 0 0 0 65 82 90 94 96 104 105 104 104 104 104 104 103 103 102 102 102 102 102 102 101 100 100 99 99 99 99 99 101 104 99 99 98 92 74 0 0 0 0 0 0 0 0 0 0 0 0 0 0 0 0 0 
71 68 70 69 70 70 71 72 72 73 74 74 75 75 76 76 77 77 78 78 78 79 79 79 80 81 81 82 83 83 83 78 78 75 72 61 0 0 0 0 0 0 0 0 0 0 0 0 0 0 0 0 0 0 0 0 0 0 0 0 0 0 0 0 0 0 0 0 0 0 45 65 76 81 85 95 98 98 98 98 99 99 99 94 84 76 70 58 49 0 0 0 0 0 0 0 0 0 0 0 0 0 0 0 0 0 0 0 0 0 0 0 0 0 0 0 0 0 0 0 0 0 0 0 63 82 90 94 96 104 105 105 104 104 104 104 103 103 102 102 101 101 102 101 101 100 99 99 99 98 99 99 101 103 99 99 98 93 76 0 0 0 0 0 0 0 0 0 0 0 0 0 0 0 0 0 
71 65 70 69 70 70 71 71 72 73 74 74 75 75 75 75 76 77 78 78 78 79 79 79 80 81 82 83 84 84 83 79 78 76 72 61 0 0 0 0 0 0 0 0 0 0 0 0 0 0 0 0 0 0 0 0 0 0 0 0 0 0 0 0 0 0 0 0 0 0 45 66 76 81 85 96 98 98 99 99 99 99 99 94 85 76 69 58 49 0 0 0 0 0 0 0 0 0 0 0 0 0 0 0 0 0 0 0 0 0 0 0 0 0 0 0 0 0 0 0 0 0 0 0 59 77 86 91 96 104 105 105 104 104 104 104 104 103 102 102 101 101 101 101 100 100 99 99 99 99 99 100 101 104 99 99 98 94 76 0 0 0 0 0 0 0 0 0 0 0 0 0 0 0 0 0 
69 71 70 69 70 70 70 71 72 73 74 74 74 75 75 76 76 77 78 78 79 79 80 80 81 81 81 82 83 83 83 79 78 75 71 61 0 0 0 0 0 0 0 0 0 0 0 0 0 0 0 0 0 0 0 0 0 0 0 0 0 0 0 0 0 0 0 0 0 0 46 67 77 82 85 96 98 98 99 99 100 100 100 95 86 76 70 59 49 0 0 0 0 0 0 0 0 0 0 0 0 0 0 0 0 0 0 0 0 0 0 0 0 0 0 0 0 0 0 0 0 0 0 0 58 76 85 90 95 104 105 105 105 104 104 104 104 103 103 102 102 101 101 101 100 99 99 99 99 99 99 100 101 104 100 100 99 96 80 0 0 0 0 0 0 0 0 0 0 0 0 0 0 0 0 0 
70 70 70 70 70 71 71 71 72 72 73 74 74 74 75 75 75 76 77 78 78 79 79 80 80 81 81 82 83 83 83 79 77 75 72 61 0 0 0 0 0 0 0 0 0 0 0 0 0 0 0 0 0 0 0 0 0 0 0 0 0 0 0 0 0 0 0 0 0 0 46 67 77 81 85 96 99 99 100 100 100 101 101 96 88 76 70 59 50 38 0 0 0 0 0 0 0 0 0 0 0 0 0 0 0 0 0 0 0 0 0 0 0 0 0 0 0 0 0 0 0 0 0 0 55 73 82 87 95 104 105 105 105 104 104 104 104 103 103 102 102 101 101 101 101 100 99 99 99 99 99 100 101 104 100 100 99 96 80 0 0 0 0 0 0 0 0 0 0 0 0 0 0 0 0 0 
69 72 70 71 70 71 71 71 71 72 73 74 73 74 74 75 75 77 77 78 79 80 80 80 81 81 81 82 83 83 83 79 78 76 72 61 0 0 0 0 0 0 0 0 0 0 0 0 0 0 0 0 0 0 0 0 0 0 0 0 0 0 0 0 0 0 0 0 0 0 46 67 77 82 86 97 100 100 101 101 101 101 102 96 88 77 70 60 51 38 0 0 0 0 0 0 0 0 0 0 0 0 0 0 0 0 0 0 0 0 0 0 0 0 0 0 0 0 0 0 0 0 0 0 54 72 81 87 95 103 105 105 105 104 104 104 104 103 102 102 102 101 101 100 100 99 99 98 99 98 99 100 101 104 100 100 100 97 81 0 0 0 0 0 0 0 0 0 0 0 0 0 0 0 0 0 
67 71 70 70 70 71 71 72 72 72 73 74 73 74 74 75 75 76 77 78 79 80 80 80 80 81 81 82 83 82 83 79 78 76 73 64 0 0 0 0 0 0 0 0 0 0 0 0 0 0 0 0 0 0 0 0 0 0 0 0 0 0 0 0 0 0 0 0 0 0 46 67 77 82 86 97 100 101 102 102 102 102 102 98 90 79 72 62 53 39 0 0 0 0 0 0 0 0 0 0 0 0 0 0 0 0 0 0 0 0 0 0 0 0 0 0 0 0 0 0 0 0 0 0 53 70 79 85 94 103 105 105 105 105 105 104 104 103 102 102 102 101 101 100 100 99 99 98 98 98 98 99 101 103 100 100 100 98 82 0 0 0 0 0 0 0 0 0 0 0 0 0 0 0 0 0 
63 64 70 70 70 71 71 72 72 73 73 73 73 73 74 75 75 77 77 78 79 80 80 80 80 80 81 82 82 82 82 79 78 76 72 64 0 0 0 0 0 0 0 0 0 0 0 0 0 0 0 0 0 0 0 0 0 0 0 0 0 0 0 0 0 0 0 0 0 0 48 68 78 83 87 98 101 102 102 103 103 103 103 99 91 80 74 64 55 40 0 53 53 53 53 53 0 0 0 0 0 0 0 0 0 0 0 0 0 0 0 0 0 0 0 0 0 0 0 0 0 0 0 0 53 69 79 84 94 103 104 105 105 104 104 104 103 103 102 102 102 101 101 101 100 99 99 98 98 98 98 99 100 103 100 100 100 98 83 0 0 0 0 0 0 0 0 0 0 0 0 0 0 0 0 0 
70 77 69 70 70 71 71 72 72 72 73 73 73 74 74 75 75 77 77 78 78 79 79 80 81 81 81 82 82 82 82 79 78 76 73 65 0 0 0 0 0 0 0 0 0 0 0 0 0 0 0 0 0 0 0 0 0 0 0 0 0 0 0 0 0 0 0 0 0 0 48 69 78 84 87 98 102 103 103 104 104 104 104 100 93 80 73 64 54 40 0 55 58 58 58 58 0 0 0 0 0 0 0 0 0 0 0 0 0 0 0 0 0 0 0 0 0 0 0 0 0 0 0 40 51 67 77 82 94 102 104 104 104 104 104 103 103 103 102 102 102 101 101 100 100 99 98 98 98 98 98 99 100 103 99 99 99 97 78 0 0 0 0 0 0 0 0 0 0 0 0 0 0 0 0 0 
66 69 69 69 70 70 71 72 72 73 73 73 73 74 74 76 76 77 78 78 78 79 79 80 81 81 82 82 82 82 82 79 78 76 74 67 0 0 0 0 0 0 0 0 0 0 0 0 0 0 0 0 0 0 0 0 0 0 0 0 0 0 0 0 0 0 0 0 0 0 47 69 79 84 88 99 102 103 104 104 104 105 105 101 94 81 75 65 55 40 0 56 63 60 60 60 66 0 0 0 0 0 0 0 0 0 0 0 0 0 0 0 0 0 0 0 0 0 0 0 0 0 0 40 51 67 77 82 94 102 104 104 104 104 103 103 102 102 101 102 101 101 100 100 99 99 98 98 98 98 98 99 100 102 99 100 100 97 78 0 0 0 0 0 0 0 0 0 0 0 0 0 0 0 0 0 
68 68 69 69 69 70 70 71 72 73 73 73 73 74 74 75 76 77 77 78 78 79 79 80 81 81 81 82 83 82 83 80 79 77 75 68 0 0 0 0 0 0 0 0 0 0 0 0 0 0 0 0 0 0 0 0 0 0 0 0 0 0 0 0 0 0 0 0 0 0 46 69 79 84 88 99 102 104 104 105 105 106 106 102 95 83 76 67 56 41 0 60 70 66 66 66 71 0 0 0 0 0 0 0 0 0 0 0 0 0 0 0 0 0 0 0 0 0 0 0 0 0 0 40 51 67 77 82 93 102 103 104 104 103 103 103 102 102 102 102 101 101 100 100 99 99 98 98 98 98 98 99 100 103 100 100 100 98 79 0 0 0 0 0 0 0 0 0 0 0 0 0 0 0 0 0 
71 70 68 69 69 70 70 71 72 73 73 73 73 74 74 75 77 77 78 78 78 78 79 79 81 81 81 82 83 82 82 80 79 77 74 68 0 0 0 0 0 0 0 0 0 0 0 0 0 0 0 0 0 0 0 0 0 0 0 0 38 38 38 0 0 0 0 0 0 0 48 69 79 85 88 99 103 104 105 106 106 106 106 103 96 84 78 68 57 41 0 0 76 74 71 71 74 63 0 0 0 0 0 0 0 0 0 0 0 0 0 0 0 0 0 0 0 0 0 0 0 0 0 40 50 66 76 82 93 101 103 103 103 103 103 103 102 102 102 102 101 100 100 99 99 98 98 98 98 98 98 99 100 102 100 98 97 93 76 54 0 0 0 0 0 0 0 0 0 0 0 0 0 0 0 0 
72 66 68 69 69 70 71 72 72 73 73 73 73 74 74 75 76 77 77 77 77 78 78 79 80 81 81 82 83 82 82 80 79 78 76 71 0 0 0 0 0 0 0 0 0 0 0 0 0 0 0 0 0 0 0 0 0 0 0 39 38 38 38 0 0 0 0 0 0 0 47 69 79 85 88 99 102 104 105 106 107 108 107 104 97 85 78 69 58 42 0 0 80 84 79 76 80 72 0 0 0 0 0 0 0 0 0 0 0 0 0 0 0 0 0 0 0 0 0 0 0 0 0 40 50 66 76 82 92 101 102 103 103 103 103 103 102 102 102 101 101 100 99 99 99 98 98 97 97 97 98 98 100 103 100 98 97 94 75 0 0 0 0 0 0 0 0 0 0 0 0 0 0 0 0 0 
62 67 69 69 69 70 71 72 72 72 72 72 73 73 74 75 76 77 77 77 78 78 79 79 81 81 81 81 82 82 82 81 80 79 77 72 0 0 0 0 0 0 0 0 0 0 0 0 0 0 0 0 0 0 0 0 0 0 0 39 38 38 38 37 0 0 0 0 0 0 48 69 80 85 89 99 103 104 106 107 108 108 108 105 98 86 80 70 59 43 0 0 83 96 94 91 90 90 71 0 0 0 0 0 0 0 0 0 0 0 0 0 0 0 0 0 0 0 0 0 0 0 0 41 50 65 75 82 92 101 103 103 103 103 103 103 102 102 101 101 100 99 99 99 99 98 98 98 97 97 97 98 99 103 100 96 94 90 74 0 0 0 0 0 0 0 0 0 0 0 0 0 0 0 0 0 
72 70 69 69 70 71 71 72 72 72 72 72 73 73 74 74 76 76 76 77 77 78 79 79 80 80 80 81 82 82 82 81 80 79 77 72 0 0 0 0 0 0 0 0 0 0 0 0 0 0 0 0 0 0 0 0 0 0 0 0 38 37 37 37 37 0 0 0 0 0 49 69 79 85 89 99 103 105 106 108 109 110 109 106 99 86 81 71 60 44 0 0 81 215 187 190 183 219 121 141 0 0 0 0 0 0 0 0 0 0 0 0 0 0 0 0 0 0 0 0 0 0 0 48 53 66 75 83 93 102 103 103 102 103 102 103 102 102 101 101 100 100 99 99 98 98 98 97 97 97 97 97 99 102 99 93 91 86 71 0 0 0 0 0 0 0 0 0 0 0 0 0 0 0 0 0 
67 75 69 70 70 71 72 73 72 72 72 72 73 73 74 75 76 76 76 77 77 77 79 79 80 80 81 81 82 82 82 80 80 79 77 73 0 0 0 0 0 0 0 0 0 0 0 0 0 0 0 0 0 0 0 0 0 0 0 0 38 38 38 37 0 0 0 0 0 0 51 70 80 85 89 99 103 105 107 110 112 113 112 108 100 87 81 72 62 47 0 0 89 222 193 280 271 309 257 321 59 0 0 0 0 0 0 0 0 0 0 0 0 0 0 0 0 0 0 0 0 0 0 59 59 69 77 82 93 102 103 103 103 103 102 102 102 101 101 100 100 99 99 99 98 98 97 97 96 96 96 96 98 101 99 93 91 86 71 0 0 0 0 0 0 0 0 0 0 0 0 0 0 0 0 0 
70 71 69 70 70 71 72 72 72 72 72 72 72 73 74 74 75 76 76 77 78 78 79 79 80 80 81 81 81 82 82 80 80 79 77 72 0 0 0 0 0 0 0 0 0 0 0 0 0 0 0 0 0 0 0 0 0 0 0 0 0 38 38 0 0 0 0 0 0 0 50 70 80 85 89 99 102 105 109 113 116 117 116 110 101 88 82 74 64 50 0 0 91 221 204 356 345 377 333 373 60 0 0 0 0 0 0 0 0 0 0 0 0 0 0 0 0 0 0 0 0 0 91 70 66 74 80 83 93 102 103 103 103 103 102 102 102 101 101 100 100 99 99 98 98 98 97 96 96 96 95 96 98 101 98 92 90 86 70 0 0 0 0 0 0 0 0 0 0 0 0 0 0 0 0 0 
63 73 69 70 70 71 71 71 71 71 71 72 72 73 74 75 75 76 76 77 78 78 79 79 80 80 81 81 81 82 82 80 79 79 77 71 0 0 0 0 0 0 0 0 0 0 0 0 0 0 0 0 0 0 0 0 0 0 0 0 0 0 0 0 0 0 0 0 0 0 51 70 80 85 89 99 102 105 109 114 117 118 117 111 101 88 83 74 64 50 0 0 87 269 273 427 395 435 367 380 58 0 0 0 0 0 0 0 0 0 0 0 0 0 0 0 0 0 0 0 0 0 89 72 68 75 81 84 93 102 104 103 103 103 102 102 102 101 101 100 100 99 99 98 97 97 97 96 96 96 95 96 98 100 97 90 87 82 68 51 0 0 0 0 0 0 0 0 0 0 0 0 0 0 0 0 
66 72 69 70 70 71 71 72 71 71 71 72 72 73 74 75 75 75 76 77 77 78 79 79 80 80 81 82 82 82 82 80 79 78 76 71 0 0 0 0 0 0 0 0 0 0 0 0 0 0 0 0 0 0 0 0 0 0 0 0 0 0 0 0 0 0 0 0 0 0 50 70 79 85 88 98 101 104 109 114 117 118 117 111 101 88 83 74 64 49 0 0 89 273 276 441 426 453 395 414 62 0 0 0 0 0 0 0 0 0 0 0 0 0 0 0 0 0 0 0 0 0 89 73 69 75 81 84 93 102 104 103 103 103 102 101 101 101 100 99 99 99 98 97 96 95 94 93 93 93 92 94 95 98 95 88 86 81 67 52 0 0 0 0 0 0 0 0 0 0 0 0 0 0 0 0 
67 73 69 70 70 71 71 71 71 71 72 72 72 73 73 74 75 75 76 77 77 78 79 79 80 81 81 82 82 82 82 80 79 78 76 71 0 0 0 0 0 0 0 0 0 0 0 0 0 0 0 0 0 0 0 0 0 0 0 0 0 0 0 0 0 0 0 0 0 0 52 71 79 85 88 98 101 103 108 113 116 117 117 110 101 87 81 72 63 47 0 0 99 179 192 386 351 352 348 383 57 0 0 0 0 0 0 0 0 0 0 0 0 0 0 0 0 0 0 0 0 0 95 76 70 77 83 85 93 101 103 103 103 103 102 101 101 100 99 99 98 96 94 92 91 89 87 85 85 84 84 86 88 91 89 85 83 79 66 0 0 0 0 0 0 0 0 0 0 0 0 0 0 0 0 0 
67 68 69 69 70 71 71 71 71 71 72 72 72 72 73 74 75 75 76 77 77 78 79 79 80 81 81 81 81 81 81 79 79 78 76 72 0 0 0 0 0 0 0 0 0 0 0 0 0 0 0 0 0 0 0 0 0 0 0 0 0 0 0 0 0 0 0 0 0 0 52 71 79 84 87 97 100 102 106 111 113 114 114 109 100 86 81 72 62 45 0 0 0 203 196 291 250 255 237 257 52 0 0 0 0 0 0 0 0 0 0 0 0 0 0 0 0 0 0 0 0 0 0 67 64 73 80 83 92 101 103 103 103 102 101 101 100 100 99 97 95 93 91 89 87 86 84 83 82 81 81 83 85 88 86 81 80 76 63 0 0 0 0 0 0 0 0 0 0 0 0 0 0 0 0 0 
72 66 69 69 70 71 72 72 72 72 72 72 72 72 73 74 75 75 76 77 77 78 79 79 80 81 81 81 81 81 81 79 79 78 76 72 0 0 0 0 0 0 0 0 0 0 0 0 0 0 0 0 0 0 0 0 0 0 0 0 0 0 0 0 0 0 0 0 0 0 49 67 79 84 87 97 100 101 104 107 109 110 111 106 99 85 79 70 60 42 0 0 0 0 202 204 169 176 147 140 55 0 0 0 0 0 0 0 0 0 0 0 0 0 0 0 0 0 0 0 0 0 0 50 55 67 75 82 92 101 102 103 102 102 101 101 100 99 97 95 92 90 87 85 81 78 75 74 73 73 74 76 78 82 82 79 78 74 63 0 0 0 0 0 0 0 0 0 0 0 0 0 0 0 0 0 
68 64 68 69 70 71 72 72 72 72 72 72 72 72 73 74 75 75 76 76 77 77 78 79 80 81 81 81 81 81 81 79 79 78 76 72 0 0 0 0 0 0 0 0 0 0 0 0 0 0 0 0 0 0 0 0 0 0 0 0 0 0 0 0 0 0 0 0 0 0 47 67 79 83 87 97 99 100 103 105 106 108 108 104 97 84 78 68 58 41 0 0 0 0 86 112 98 98 102 105 64 0 0 0 0 0 0 0 0 0 0 0 0 0 0 0 0 0 0 0 0 0 0 43 53 68 77 83 92 101 102 103 102 102 101 101 99 98 95 93 89 86 82 79 76 74 72 71 70 69 68 69 71 73 76 75 75 72 0 0 0 0 0 0 0 0 0 0 0 0 0 0 0 0 0 0 
69 69 69 69 70 72 72 72 72 71 71 72 72 73 74 75 75 75 76 77 77 78 78 79 80 80 81 81 81 81 81 79 79 78 75 71 0 0 0 0 0 0 0 0 0 0 0 0 0 0 0 0 0 0 0 0 0 0 0 0 0 0 0 0 0 0 0 0 0 0 47 66 78 83 86 96 99 100 102 103 105 106 107 103 97 83 76 67 57 40 0 0 0 0 0 109 94 94 94 100 70 0 0 0 0 0 0 0 0 0 0 0 0 0 0 0 0 0 0 0 0 0 0 0 55 72 80 85 93 101 102 102 102 101 101 101 99 97 94 92 86 81 78 76 74 74 74 73 72 69 67 65 63 61 63 64 65 64 0 0 0 0 0 0 0 0 0 0 0 0 0 0 0 0 0 59 
68 69 68 69 70 71 72 72 72 71 71 72 72 73 74 75 75 75 76 76 77 78 78 79 79 80 81 81 81 81 81 79 78 78 75 71 0 0 0 0 0 0 0 0 0 0 0 0 0 0 0 0 0 0 0 0 0 0 0 0 0 0 0 0 0 0 0 0 0 0 46 66 78 82 86 96 99 100 101 102 104 105 106 102 96 82 76 66 56 39 0 0 0 0 0 96 90 86 86 90 75 0 0 0 0 0 0 0 0 0 0 0 0 0 0 0 0 0 0 0 0 0 0 0 55 72 80 86 93 101 102 102 102 101 100 100 98 96 93 88 81 78 78 79 81 83 83 82 79 76 74 68 64 67 70 70 74 73 0 0 0 0 0 0 0 0 0 0 0 0 0 0 0 59 0 57 
77 66 68 69 70 71 71 72 71 71 71 72 72 73 74 75 75 76 76 76 77 77 78 79 79 80 81 81 81 81 81 79 78 77 74 68 0 0 0 0 0 0 0 0 0 0 0 0 0 0 0 0 0 0 0 0 0 0 0 0 0 0 0 0 0 0 0 0 0 0 46 65 77 82 86 96 99 100 101 102 103 104 105 101 95 81 74 64 54 37 0 0 0 0 0 84 85 79 79 82 75 0 0 0 0 0 0 0 0 0 0 0 0 0 0 0 0 0 0 0 0 0 0 0 57 74 83 88 93 101 102 102 101 101 101 101 97 95 92 86 80 80 82 84 85 85 85 83 81 78 76 69 67 74 75 75 79 78 0 0 0 0 0 0 0 0 0 0 0 0 0 0 0 61 0 60 
68 68 68 69 70 70 70 71 71 71 71 72 72 74 74 75 75 76 76 76 77 77 78 78 79 80 80 80 81 81 81 79 79 78 75 69 0 0 0 0 0 0 0 0 0 0 0 0 0 0 0 0 0 0 0 0 0 0 0 0 0 0 0 0 0 0 0 0 0 0 47 67 76 82 85 95 99 100 100 101 102 103 104 101 94 81 75 64 54 36 0 0 0 0 0 0 78 71 71 71 70 0 0 0 0 0 0 0 0 0 0 0 0 0 0 0 0 0 0 0 0 0 0 0 59 77 85 90 92 101 101 102 101 100 100 100 96 94 90 84 80 81 84 87 90 91 91 90 86 83 79 72 71 79 78 80 83 81 70 0 0 0 0 0 0 0 0 0 0 0 0 0 0 63 0 60 
62 66 68 69 70 70 70 71 71 71 71 72 72 74 74 75 75 76 76 76 77 78 78 78 79 80 80 81 81 82 82 80 80 79 76 70 0 0 0 0 0 0 0 0 0 0 0 0 0 0 0 0 0 0 0 0 0 0 0 0 0 0 0 0 0 0 0 0 0 0 50 67 76 82 86 95 99 100 100 100 101 102 103 100 92 82 75 65 54 0 0 0 0 0 0 0 71 63 63 63 63 50 0 0 0 0 0 0 0 0 0 0 0 0 0 0 0 0 0 0 0 0 0 0 59 77 85 89 92 100 101 101 100 100 99 99 94 93 88 83 80 85 87 90 92 93 93 90 86 84 78 72 75 84 81 82 85 83 72 0 0 0 0 0 0 0 0 0 0 0 0 0 0 65 0 71 
68 68 67 68 69 70 70 71 71 71 71 72 72 73 74 75 75 76 76 76 77 77 77 78 79 79 80 80 81 82 82 80 79 78 75 69 0 0 0 0 0 0 0 0 0 0 0 0 0 0 0 0 0 0 0 0 0 0 0 0 0 0 0 0 0 0 0 0 0 0 50 68 76 82 85 95 98 99 99 99 100 101 102 98 91 82 76 65 54 0 0 0 0 0 0 0 62 57 57 57 58 50 0 0 0 0 0 0 0 0 0 0 0 0 0 0 0 0 0 0 0 0 0 0 57 76 84 89 92 100 101 101 100 100 99 99 93 92 86 82 81 86 88 91 93 93 92 89 86 82 76 72 78 85 84 86 89 88 75 0 0 0 0 0 0 0 0 0 0 0 0 0 0 66 0 69 
69 70 68 68 69 70 70 71 71 71 71 72 72 73 73 74 74 75 75 75 76 77 77 78 78 79 79 80 81 82 83 80 80 79 76 69 0 0 0 0 0 0 0 0 0 0 0 0 0 0 0 0 0 0 0 0 0 0 0 0 0 0 0 0 0 0 0 0 0 0 49 67 76 82 85 95 97 98 98 98 99 100 100 97 89 83 77 66 56 0 0 0 0 0 0 0 0 56 56 56 56 0 0 0 0 0 0 0 0 0 0 0 0 0 0 0 0 0 0 0 0 0 0 0 58 76 84 89 91 100 101 101 100 100 99 98 93 92 85 82 82 87 88 92 93 93 91 88 87 82 76 77 83 88 87 89 91 88 74 0 0 0 0 0 0 0 0 0 0 0 0 0 0 67 59 69 
64 69 68 68 69 70 70 70 71 71 71 72 73 73 72 72 72 71 71 72 73 75 76 77 78 79 79 80 81 82 82 80 80 79 76 69 0 0 0 0 0 0 0 0 0 0 0 0 0 0 0 0 0 0 0 0 0 0 0 0 0 0 0 0 0 0 0 0 0 0 48 67 76 81 84 94 97 97 97 97 98 99 99 95 87 83 77 67 58 0 0 0 0 0 0 0 0 51 51 51 51 0 0 0 0 0 0 0 0 0 0 0 0 0 0 0 0 0 0 0 0 0 0 0 59 76 84 88 91 99 100 100 99 99 98 98 92 91 84 81 80 84 85 88 89 89 87 85 84 78 74 76 82 86 86 88 88 85 71 0 0 0 0 0 0 0 0 0 0 0 0 0 0 66 0 70 
65 67 68 69 69 70 70 71 71 71 71 72 72 73 71 70 69 68 67 69 72 73 76 77 79 79 79 80 81 81 82 79 79 78 75 68 0 0 0 0 0 0 0 0 0 0 0 0 0 0 0 0 0 0 0 0 0 0 0 0 0 0 0 0 0 0 0 0 0 0 46 66 75 81 84 94 96 96 96 96 97 97 98 94 85 82 76 65 56 0 0 0 0 0 0 0 0 0 0 0 0 0 0 0 0 0 0 0 0 0 0 0 0 0 0 0 0 0 0 0 0 0 0 0 59 76 84 88 91 99 100 100 99 97 95 93 87 85 80 78 78 84 85 87 87 87 84 81 80 74 72 75 78 81 80 80 80 79 67 0 0 0 0 0 0 0 0 0 0 0 0 0 61 65 60 70 
65 63 68 69 69 70 70 71 71 72 71 72 72 72 70 68 66 64 63 65 69 71 75 77 78 78 79 80 80 81 81 78 78 76 73 65 0 0 0 0 0 0 0 0 0 0 0 0 0 0 0 0 0 0 0 0 0 0 0 0 0 0 0 0 0 0 0 0 0 0 45 65 75 80 83 93 95 95 95 95 96 96 97 92 84 80 74 63 55 0 0 0 0 0 0 0 0 0 0 0 0 0 0 0 0 0 0 0 0 0 0 0 0 0 0 0 0 0 0 0 0 0 0 0 59 76 84 88 90 98 99 98 95 92 89 87 83 82 80 77 77 82 83 85 86 86 82 80 79 72 71 74 76 79 78 77 78 76 65 0 0 0 0 0 0 0 0 0 0 0 0 0 61 65 59 71 
65 69 68 69 70 70 70 70 71 71 71 72 72 72 69 66 65 62 59 61 67 70 75 76 78 78 79 79 80 81 81 78 77 76 73 65 0 0 0 0 0 0 0 0 0 0 0 0 0 0 0 0 0 0 0 0 0 0 0 0 0 0 0 0 0 0 0 0 0 0 45 64 74 80 83 93 94 94 94 94 94 95 95 91 83 79 73 62 54 0 0 0 0 0 0 0 0 0 0 0 0 0 0 0 0 0 0 0 0 0 0 0 0 0 0 0 0 0 0 0 0 0 0 0 61 77 84 87 90 97 97 94 92 88 85 82 80 79 77 74 75 79 80 82 83 83 78 77 75 70 69 73 73 76 74 73 73 72 0 0 0 0 0 0 0 0 0 0 0 0 0 0 64 66 66 65 
66 65 69 69 69 70 70 70 70 71 71 71 72 72 69 66 64 61 58 60 66 69 74 77 79 79 80 80 80 81 81 77 77 75 72 64 0 0 0 0 0 0 0 0 0 0 0 0 0 0 0 0 0 0 0 0 0 0 0 0 0 0 0 0 0 0 0 0 0 0 44 64 74 79 82 92 94 94 93 93 93 94 95 90 81 78 72 60 52 0 0 0 0 0 0 0 0 0 0 0 0 0 0 0 0 0 0 0 0 0 0 0 0 0 0 0 0 0 0 0 0 0 0 0 61 76 84 87 90 97 96 93 90 85 80 77 73 72 72 68 67 0 71 72 73 72 69 69 67 64 65 66 65 68 66 65 65 66 0 0 0 0 0 0 0 0 0 0 0 0 0 0 64 65 59 67 
70 63 69 69 70 70 70 70 70 71 71 71 72 72 70 68 67 64 62 63 68 71 75 77 79 79 79 80 80 81 81 78 77 76 73 64 0 0 0 0 0 0 0 0 0 0 0 0 0 0 0 0 0 0 0 0 0 0 0 0 0 0 0 0 0 0 0 0 0 0 44 63 73 79 82 92 94 93 93 93 92 93 94 89 81 77 71 59 51 0 0 0 0 0 0 0 0 0 0 0 0 0 0 0 0 0 0 0 0 0 0 0 0 0 0 0 0 0 0 0 0 0 0 0 63 77 84 87 89 96 95 92 88 82 74 66 61 58 0 0 0 0 0 0 0 0 0 0 0 0 0 0 0 0 52 52 0 0 0 0 0 0 0 0 0 0 0 0 0 0 0 0 65 65 67 65 
70 72 69 69 69 70 69 69 70 71 71 71 72 72 71 69 69 68 66 67 71 73 76 77 79 79 79 79 80 80 81 78 77 76 73 65 0 0 0 0 0 0 0 0 0 0 0 0 0 0 0 0 0 0 0 0 0 0 0 0 0 0 0 0 0 0 0 0 0 0 44 62 72 78 81 92 94 93 93 92 92 93 93 88 80 76 70 57 49 0 0 0 0 0 0 0 0 0 0 0 0 0 0 0 0 0 0 0 0 0 0 0 0 0 0 0 0 0 0 0 0 0 0 0 64 77 84 87 89 96 95 90 86 79 69 55 0 0 0 0 0 0 0 0 0 0 0 0 0 0 0 0 0 0 0 0 0 0 0 0 0 0 0 0 0 0 0 0 0 0 0 0 65 65 65 63 
71 66 68 68 68 69 69 68 69 70 71 71 72 73 72 71 71 71 70 71 73 75 76 78 79 79 79 79 80 80 81 78 77 76 74 66 0 0 0 0 0 0 0 0 0 0 0 0 0 0 0 0 0 0 0 0 0 0 0 0 0 0 0 0 0 0 0 0 0 0 42 61 71 77 81 91 93 93 93 93 92 93 94 88 79 75 69 56 47 0 0 0 0 0 0 0 0 0 0 0 0 0 0 0 0 0 0 0 0 0 0 0 0 0 0 0 0 0 0 0 0 0 0 0 63 77 84 87 89 96 95 90 85 81 72 56 0 0 0 0 0 0 0 0 0 0 0 0 0 0 0 0 0 0 0 0 0 0 0 0 0 0 0 0 0 0 0 0 0 0 0 65 65 65 65 68 
70 67 68 68 68 68 68 68 68 69 70 69 71 71 72 72 73 74 72 73 74 75 76 78 79 78 79 79 79 80 81 78 78 77 75 67 0 0 0 0 0 0 0 0 0 0 0 0 0 0 0 0 0 0 0 0 0 0 0 0 0 0 0 0 0 0 0 0 0 0 41 63 73 78 82 91 93 93 93 93 93 93 94 88 79 75 68 55 46 0 0 0 0 0 0 0 0 0 0 0 0 0 0 0 0 0 0 0 0 0 0 0 0 0 0 0 0 0 0 0 0 0 0 0 63 78 84 87 90 96 95 92 87 81 74 63 0 0 0 0 0 0 0 0 0 0 0 0 0 0 0 0 0 0 0 0 0 0 0 0 0 0 0 0 0 0 0 0 0 0 0 63 63 64 66 64 
66 63 67 67 68 68 67 67 67 67 67 67 68 69 70 71 73 74 74 75 76 76 76 78 78 78 78 78 79 80 80 78 78 77 75 68 0 0 0 0 0 0 0 0 0 0 0 0 0 0 0 0 0 0 0 0 0 0 0 0 0 0 0 0 0 0 0 0 0 0 0 64 74 80 83 90 93 93 93 93 93 93 93 88 78 74 67 53 44 0 0 0 0 0 0 0 0 0 0 0 0 0 0 0 0 0 0 0 0 0 0 0 0 0 0 0 0 0 0 0 0 0 0 0 63 77 83 87 89 95 95 92 88 82 76 69 63 0 0 0 0 0 0 0 0 0 0 0 0 0 0 0 0 0 0 0 0 0 0 0 0 0 0 0 0 0 0 0 0 0 0 64 65 65 58 66 
62 65 67 67 67 67 66 66 66 66 66 66 66 68 69 70 71 73 73 74 74 75 75 76 76 77 77 78 78 79 80 78 78 77 75 69 0 0 0 0 0 0 0 0 0 0 0 0 0 0 0 0 0 0 0 0 0 0 0 0 0 0 0 0 0 0 0 0 0 0 0 67 77 81 84 90 93 93 93 93 93 93 93 87 77 73 65 52 42 0 0 0 0 0 0 0 0 0 0 0 0 0 0 0 0 0 0 0 0 0 0 0 0 0 0 0 0 0 0 0 0 0 0 0 63 77 83 87 89 95 95 92 88 84 80 74 69 64 60 59 57 57 61 61 58 58 0 0 0 0 0 0 0 0 0 0 0 0 0 0 0 0 0 0 0 0 0 0 0 0 0 65 66 66 65 65 
0 0 66 67 67 67 66 65 64 64 64 63 64 66 67 69 70 72 72 71 71 71 71 71 72 73 75 75 76 76 77 75 75 75 73 69 0 0 0 0 0 0 0 0 0 0 0 0 0 0 0 0 0 0 0 0 0 0 0 0 0 0 0 0 0 0 0 0 0 0 0 72 80 83 85 89 92 92 92 92 92 93 93 86 76 71 64 50 41 0 0 0 0 0 0 0 0 0 0 0 0 0 0 0 0 0 0 0 0 0 0 0 0 0 0 0 0 0 0 0 0 0 0 0 63 77 83 87 88 94 95 94 90 87 84 80 76 73 72 72 71 71 72 72 69 68 68 66 0 0 0 0 0 0 0 0 0 0 0 0 0 0 0 0 0 0 0 0 0 0 0 66 66 66 72 71 
0 0 67 67 67 67 65 64 64 62 60 60 61 63 65 68 69 72 72 71 70 70 69 69 71 72 74 74 75 76 76 74 74 74 73 69 0 0 0 0 0 0 0 0 0 0 0 0 0 0 0 0 0 0 0 0 0 0 0 0 0 0 0 0 0 0 0 0 0 0 0 77 83 85 86 87 90 90 90 91 91 91 91 84 76 71 64 50 40 0 0 0 0 0 0 0 0 0 0 0 0 0 0 0 0 0 0 0 0 0 0 0 0 0 0 0 0 0 0 0 0 0 0 0 63 77 83 85 87 92 93 93 91 88 85 81 77 73 71 71 71 70 71 71 69 67 67 66 63 0 0 0 0 0 0 0 0 0 0 0 0 0 0 0 0 0 0 0 0 0 0 67 67 67 69 68 
0 0 0 66 66 66 63 63 62 60 58 58 59 61 63 66 68 70 70 69 68 67 67 67 69 70 73 74 74 74 75 73 73 73 72 0 0 0 0 0 0 0 0 0 0 0 0 0 0 0 0 0 0 0 0 0 0 0 0 0 0 0 0 0 0 0 0 0 0 0 0 71 76 78 80 80 83 84 84 84 84 84 84 78 72 69 62 49 0 0 0 0 0 0 0 0 0 0 0 0 0 0 0 0 0 0 0 0 0 0 0 0 0 0 0 0 0 0 0 0 0 0 0 0 60 71 76 78 79 84 84 84 83 81 80 78 76 73 71 71 71 70 71 71 69 67 67 66 63 0 0 0 0 0 0 0 0 0 0 0 0 0 0 0 0 0 0 0 0 0 0 66 67 68 60 69 
0 0 0 0 0 0 0 0 0 89 80 79 77 74 65 68 66 68 68 65 63 62 62 62 65 66 69 70 71 71 72 71 71 71 71 0 0 0 0 0 0 0 0 0 0 0 0 0 0 0 0 0 0 0 0 0 0 0 0 0 0 0 0 0 0 0 0 0 0 0 0 68 73 76 77 78 81 82 82 82 82 82 82 76 71 68 62 48 0 0 0 0 0 0 0 0 0 0 0 0 0 0 0 0 0 0 0 0 0 0 0 0 0 0 0 0 0 0 0 0 0 0 0 0 60 70 74 77 78 82 82 81 80 79 79 78 77 75 72 71 71 70 71 71 69 67 67 66 63 0 0 0 0 0 0 0 0 0 0 0 0 0 0 0 0 0 0 0 0 0 0 66 67 67 70 64 
0 0 0 0 0 0 0 0 0 94 83 82 82 82 67 0 0 0 0 0 0 0 50 52 56 59 63 64 64 63 64 63 64 0 0 0 0 0 0 0 0 0 0 0 0 0 0 0 0 0 0 0 0 0 0 0 0 0 0 0 0 0 0 0 0 0 0 0 0 0 0 0 70 73 74 75 77 78 78 79 79 79 79 74 69 64 58 45 0 0 0 0 0 0 0 0 0 0 0 0 0 0 0 0 0 0 0 0 0 0 0 0 0 0 0 0 0 0 0 0 0 0 0 0 0 68 71 73 74 78 78 77 76 75 76 76 76 77 78 77 78 76 76 77 75 71 70 69 66 0 0 0 0 0 0 0 0 0 0 0 0 0 0 0 0 0 0 0 0 0 0 65 65 66 72 70 
0 0 0 0 0 0 0 0 77 92 86 83 83 84 72 0 0 0 0 0 0 0 0 0 0 0 0 0 0 0 0 0 0 0 0 0 0 0 0 0 0 0 0 0 0 0 0 0 0 0 0 0 0 0 0 0 0 0 0 0 0 0 0 0 0 0 0 0 0 0 0 0 64 67 68 68 71 72 73 73 74 74 74 69 67 62 57 0 0 0 0 0 0 0 0 0 0 0 0 0 0 0 0 0 0 0 0 0 0 0 0 0 0 0 0 0 0 0 0 0 0 0 0 0 0 63 65 67 68 70 69 69 67 65 65 65 66 68 69 69 71 68 69 71 70 65 67 0 0 0 0 55 55 55 55 56 0 0 0 0 0 0 0 0 0 0 0 0 0 0 0 63 65 66 65 69 
0 0 0 0 0 0 0 0 74 88 86 82 83 86 75 66 0 0 0 0 0 0 0 0 0 0 0 0 0 0 0 0 0 0 0 0 0 0 0 0 0 0 0 0 0 0 0 0 0 0 0 0 0 0 0 0 0 0 0 0 0 0 0 0 0 0 0 0 0 0 0 0 0 0 55 55 58 59 59 61 61 61 61 58 56 52 0 0 0 0 0 0 0 0 0 0 0 0 0 0 0 0 0 0 0 0 0 0 0 0 0 0 0 0 0 0 0 0 0 0 0 0 0 0 0 0 0 52 53 53 52 50 48 46 45 0 0 0 0 0 0 0 0 0 0 0 0 0 0 0 0 55 55 55 55 56 0 0 0 0 0 0 0 0 0 0 0 0 0 0 0 62 65 66 63 66 
0 0 0 0 0 0 0 61 71 86 92 86 86 88 79 63 0 0 0 0 0 0 0 0 0 0 0 0 0 0 0 0 0 0 0 0 0 0 0 0 0 0 0 0 0 0 0 0 0 0 0 0 0 0 0 0 0 0 0 0 0 0 0 0 0 0 0 0 0 0 0 0 0 0 0 0 0 0 0 0 0 0 0 0 0 0 0 0 0 0 0 0 0 0 0 0 0 0 0 0 0 0 0 0 0 0 0 0 0 0 0 0 0 0 0 0 0 0 0 0 0 0 0 0 0 0 0 0 0 0 0 0 0 0 0 0 0 0 0 0 0 0 0 0 0 0 0 0 0 0 0 55 55 55 55 0 0 0 0 0 0 0 0 0 0 0 0 0 0 0 0 62 64 66 68 71 
0 0 0 0 67 64 63 64 69 79 90 86 85 88 83 64 0 0 0 0 0 0 0 0 0 0 0 0 0 0 0 0 0 0 0 0 0 0 0 0 0 0 0 0 0 0 0 0 0 0 0 0 0 0 0 0 0 0 0 0 0 0 0 0 0 0 0 0 0 0 0 0 0 0 0 0 0 0 0 0 0 0 0 0 0 0 0 0 0 0 0 0 0 0 0 0 0 0 0 0 0 0 0 0 0 0 0 0 0 0 0 0 0 0 0 0 0 0 0 0 0 0 0 0 0 0 0 0 0 0 0 0 0 0 0 0 0 0 0 0 0 0 0 0 0 0 0 0 0 0 0 56 56 56 56 0 0 0 0 0 0 0 0 0 0 0 0 0 0 0 0 61 64 65 67 69 
0 0 73 73 71 69 68 68 69 75 88 85 85 87 86 65 0 0 0 0 0 0 0 0 0 0 0 0 0 0 0 0 0 0 0 0 0 0 0 0 0 0 0 0 0 0 0 0 0 0 0 0 0 0 0 0 0 0 0 0 0 0 0 0 0 0 0 0 0 0 0 0 0 0 0 0 0 0 0 0 0 0 0 0 0 0 0 0 0 0 0 0 0 0 0 0 0 0 0 0 0 0 0 0 0 0 0 0 0 0 0 0 0 0 0 0 0 0 0 0 0 0 0 0 0 0 0 0 0 0 0 0 0 0 0 0 0 0 0 0 0 0 0 0 0 0 0 0 0 0 0 0 0 0 0 0 0 0 0 0 0 0 0 0 0 0 0 0 0 0 0 62 64 65 66 70 
0 0 72 73 73 72 70 70 71 74 85 85 84 86 87 71 61 0 0 0 0 0 0 0 0 0 0 0 0 0 0 0 0 0 0 0 0 0 0 0 0 0 0 0 0 0 0 0 0 0 0 0 0 0 0 0 0 0 0 0 0 0 0 0 0 0 0 0 0 0 0 0 0 0 0 0 0 0 0 0 0 0 0 0 0 0 0 0 0 0 0 0 0 0 0 0 0 0 0 0 0 0 0 0 0 0 0 0 0 0 0 0 0 0 0 0 0 0 0 0 0 0 0 0 0 0 0 0 0 0 0 0 0 0 0 0 0 0 0 0 0 0 0 0 0 0 0 0 0 0 0 0 0 0 0 0 0 0 0 0 0 0 0 0 0 0 0 0 0 0 0 63 64 65 67 68 
0 61 73 74 73 73 72 71 71 73 82 85 83 84 87 75 61 0 0 0 0 0 0 0 0 0 0 0 0 0 0 0 0 0 0 0 0 0 0 0 0 0 0 0 0 0 0 0 0 0 0 0 0 0 0 0 0 0 0 0 0 0 0 0 0 0 0 0 0 0 0 0 0 0 0 0 0 0 0 0 0 0 0 0 0 0 0 0 0 0 0 0 0 0 0 0 0 0 0 0 0 0 0 0 0 0 0 0 0 0 0 0 0 0 0 0 0 0 0 0 0 0 0 0 0 0 0 0 0 0 0 0 0 0 0 0 0 0 0 0 0 0 0 0 0 0 0 0 0 0 0 0 0 0 0 0 0 0 0 0 0 0 0 0 0 0 0 0 0 0 0 0 63 65 60 64 
0 60 72 73 74 74 73 72 72 73 79 83 81 83 85 79 62 0 0 0 0 0 0 0 0 0 0 0 0 0 0 0 0 0 0 0 0 0 0 0 0 0 0 0 0 0 0 0 0 0 0 0 0 0 0 0 0 0 0 0 0 0 0 0 0 0 0 0 0 0 0 0 0 0 0 0 0 0 0 0 0 0 0 0 0 0 0 0 0 0 0 0 0 0 0 0 0 0 0 0 0 0 0 0 0 0 0 0 0 0 0 0 0 0 0 0 0 0 0 0 0 0 0 0 0 0 0 0 0 0 0 0 0 0 0 0 0 0 0 0 0 0 0 0 0 0 0 0 0 0 0 0 0 0 0 0 0 0 0 0 0 0 0 0 0 0 0 0 0 0 0 0 63 64 0 0 
0 0 71 73 74 75 74 73 72 72 75 80 78 80 84 81 61 0 0 0 0 0 0 0 0 0 0 0 0 0 0 0 0 0 0 0 0 0 0 0 0 0 0 0 0 0 0 0 0 0 0 0 0 0 0 0 0 0 0 0 0 0 0 0 0 0 0 0 0 0 0 0 0 0 0 0 0 0 0 0 0 0 0 0 0 0 0 0 0 0 0 0 0 0 0 0 0 0 0 0 0 0 0 0 0 0 0 0 0 0 0 0 0 0 0 0 0 0 0 0 0 0 0 0 0 0 0 0 0 0 0 0 0 0 0 0 0 0 0 0 0 0 0 0 0 0 0 0 0 0 0 0 0 0 0 0 0 0 0 0 0 0 0 0 0 0 0 0 0 0 0 0 0 0 0 0 
0 65 71 72 73 74 74 73 71 71 73 77 76 79 83 82 0 0 0 0 0 0 0 0 0 0 0 0 0 0 0 0 0 0 0 0 0 0 0 0 0 0 0 0 0 0 0 0 0 0 0 0 0 0 0 0 0 0 0 0 0 0 0 0 0 0 0 0 0 0 0 0 0 0 0 0 0 0 0 0 0 0 0 0 0 0 0 0 0 0 0 0 0 0 0 0 0 0 0 0 0 0 0 0 0 0 0 0 0 0 0 0 0 0 0 0 0 0 0 0 0 0 0 0 0 0 0 0 0 0 0 0 0 0 0 0 0 0 0 0 0 0 0 0 0 0 0 0 0 0 0 0 0 0 0 0 0 0 0 0 0 0 0 0 0 0 0 0 0 0 0 0 0 0 0 0 
61 65 71 72 72 73 73 71 70 70 71 75 74 77 80 81 0 0 0 0 0 0 0 0 0 0 0 0 0 0 0 0 0 0 0 0 0 0 0 0 0 0 0 0 0 0 0 0 0 0 0 0 0 0 0 0 0 0 0 0 0 0 0 0 0 0 0 0 0 0 0 0 0 0 0 0 0 0 0 0 0 0 0 0 0 0 0 0 0 0 0 0 0 0 0 0 0 0 0 0 0 0 0 0 0 0 0 0 0 0 0 0 0 0 0 0 0 0 0 0 0 0 0 0 0 0 0 0 0 0 0 0 0 0 0 0 0 0 0 0 0 0 0 0 0 0 0 0 0 0 0 0 0 0 0 0 0 0 0 0 0 0 0 0 0 0 0 0 0 0 0 0 0 0 0 0 
0 64 102 88 80 74 71 71 70 70 71 71 74 97 122 143 174 192 183 174 0 0 0 0 0 0 0 0 0 0 0 0 0 0 0 0 0 0 0 0 0 0 0 0 0 0 0 0 0 0 0 0 0 0 0 0 0 0 0 0 0 0 0 0 0 0 0 0 0 0 0 0 0 0 0 0 0 0 0 0 0 0 0 0 0 0 0 0 0 0 0 0 0 0 0 0 0 0 0 0 0 0 0 0 0 0 0 0 0 0 0 0 0 0 0 0 0 0 0 0 0 0 0 0 0 0 0 0 0 0 0 0 0 0 0 0 0 0 0 0 0 0 0 0 0 0 0 0 0 0 0 0 0 0 0 0 0 0 0 0 0 0 0 0 0 0 0 0 0 0 0 0 0 0 0 0 
79 0 188 166 148 130 120 117 114 121 141 165 207 281 330 337 321 283 256 220 164 0 0 0 0 0 0 0 0 0 0 0 0 0 0 0 0 0 0 0 0 0 0 0 0 0 0 0 0 0 0 0 0 0 0 0 0 0 0 0 0 0 0 0 0 0 0 0 0 0 0 0 0 0 0 0 0 0 0 0 0 0 0 0 0 0 0 0 0 0 0 0 0 0 0 0 0 0 0 0 0 0 0 0 0 0 0 0 0 0 0 0 0 0 0 0 0 0 0 0 0 0 0 0 0 0 0 0 0 0 0 0 0 0 0 0 0 0 0 0 0 0 0 0 0 0 0 0 0 0 0 0 0 0 0 0 0 0 0 0 0 0 0 0 0 0 0 0 0 0 0 0 0 0 0 0 
339 232 283 262 246 229 223 234 241 268 309 327 356 401 408 404 366 310 275 227 157 0 0 0 0 0 0 0 0 0 0 0 0 0 0 0 0 0 0 0 0 0 0 0 0 0 0 0 0 0 0 0 0 0 0 0 0 0 0 0 0 0 0 0 0 0 0 0 0 0 0 0 0 0 0 0 0 0 0 0 0 0 0 0 0 0 0 0 0 0 0 0 0 0 0 0 0 0 0 0 0 0 0 0 0 0 0 0 0 0 0 0 0 0 0 0 0 0 0 0 0 0 0 0 0 0 0 0 0 0 0 0 0 0 0 0 0 0 0 0 0 0 0 0 0 0 0 0 0 0 0 0 0 0 0 0 0 0 0 0 0 0 0 0 0 0 0 0 0 0 0 0 0 0 0 0 
486 485 350 343 327 313 313 337 354 378 410 408 415 431 437 425 377 325 286 231 155 0 0 0 0 0 0 0 0 0 0 0 0 0 0 0 0 0 0 0 0 0 0 0 0 0 0 0 0 0 0 0 0 0 0 0 0 0 0 0 0 0 0 0 0 0 0 0 0 0 0 0 0 0 0 0 0 0 0 0 0 0 0 0 0 0 0 0 0 0 0 0 0 0 0 0 0 0 0 0 0 0 0 0 0 0 0 0 0 0 0 0 0 0 0 0 0 0 0 0 0 0 0 0 0 0 0 0 0 0 0 0 0 0 0 0 0 0 0 0 0 0 0 0 0 0 0 0 0 0 0 0 0 0 0 0 0 0 0 0 0 0 0 0 0 0 0 0 0 0 0 0 0 0 0 0 
435 438 380 376 375 376 381 394 396 401 412 412 420 434 439 423 382 333 294 235 156 0 0 0 0 0 0 0 0 0 0 0 0 0 0 0 0 0 0 0 0 0 0 0 0 0 0 0 0 0 0 0 0 0 0 0 0 0 0 0 0 0 0 0 0 0 0 0 0 0 0 0 0 0 0 0 0 0 0 0 0 0 0 0 0 0 0 0 0 0 0 0 0 0 0 0 0 0 0 0 0 0 0 0 0 0 0 0 0 0 0 0 0 0 0 0 0 0 0 0 0 0 0 0 0 0 0 0 0 0 0 0 0 0 0 0 0 0 0 0 0 0 0 0 0 0 0 0 0 0 0 0 0 0 0 0 0 0 0 0 0 0 0 0 0 0 0 0 0 0 0 0 0 0 0 0 
409 409 416 412 406 401 395 392 394 399 408 424 444 465 477 463 399 349 303 231 137 0 0 0 0 0 0 0 0 0 0 0 0 0 0 0 0 0 0 0 0 0 0 0 0 0 0 0 0 0 0 0 0 0 0 0 0 0 0 0 0 0 0 0 0 0 0 0 0 0 0 0 0 0 0 0 0 0 0 0 0 0 0 0 0 0 0 0 0 0 0 0 0 0 0 0 0 0 0 0 0 0 0 0 0 0 0 0 0 0 0 0 0 0 0 0 0 0 0 0 0 0 0 0 0 0 0 0 0 0 0 0 0 0 0 0 0 0 0 0 0 0 0 0 0 0 0 0 0 0 0 0 0 0 0 0 0 0 0 0 0 0 0 0 0 0 0 0 0 0 0 0 0 0 0 0 
387 397 396 404 410 414 416 419 423 428 434 443 454 460 460 429 360 320 275 200 118 0 0 0 0 0 0 0 0 0 0 0 0 0 0 0 0 0 0 0 0 0 0 0 0 0 0 0 0 0 0 0 0 0 0 0 0 0 0 0 0 0 0 0 0 0 0 0 0 0 0 0 0 0 0 0 0 0 0 0 0 0 0 0 0 0 0 0 0 0 0 0 0 0 0 0 0 0 0 0 0 0 0 0 0 0 0 0 0 0 0 0 0 0 0 0 0 0 0 0 0 0 0 0 0 0 0 0 0 0 0 0 0 0 0 0 0 0 0 0 0 0 0 0 0 0 0 0 0 0 0 0 0 0 0 0 0 0 0 0 0 0 0 0 0 0 0 0 0 0 0 0 0 0 0 0 
357 361 352 370 383 389 391 393 395 398 404 412 421 424 422 385 318 288 246 171 102 0 0 0 0 0 0 0 0 0 0 0 0 0 0 0 0 0 0 0 0 0 0 0 0 0 0 0 0 0 0 0 0 0 0 0 0 0 0 0 0 0 0 0 0 0 0 0 0 0 0 0 0 0 0 0 0 0 0 0 0 0 0 0 0 0 0 0 0 0 0 0 0 0 0 0 0 0 0 0 0 0 0 0 0 0 0 0 0 0 0 0 0 0 0 0 0 0 0 0 0 0 0 0 0 0 0 0 0 0 0 0 0 0 0 0 0 0 0 0 0 0 0 0 0 0 0 0 0 0 0 0 0 0 0 0 0 0 0 0 0 0 0 0 0 0 0 0 0 0 0 0 0 0 0 0 
252 337 324 344 357 371 377 377 378 380 383 389 395 394 387 346 283 252 212 140 86 0 0 0 0 0 0 0 0 0 0 0 0 0 0 0 0 0 0 0 0 0 0 0 0 0 0 0 0 0 0 0 0 0 0 0 0 0 0 0 0 0 0 0 0 0 0 0 0 0 0 0 0 0 0 0 0 0 0 0 0 0 0 0 0 0 0 0 0 0 0 0 0 0 0 0 0 0 0 0 0 0 0 0 0 0 0 0 0 0 0 0 0 0 0 0 0 0 0 0 0 0 0 0 0 0 0 0 0 0 0 0 0 0 0 0 0 0 0 0 0 0 0 0 0 0 0 0 0 0 0 0 0 0 0 0 0 0 0 0 0 0 0 0 0 0 0 0 0 0 0 0 0 0 0 0 
84 149 290 316 330 343 357 361 361 364 367 373 378 374 365 321 268 237 199 125 81 0 0 0 0 0 0 0 0 0 0 0 0 0 0 0 0 0 0 0 0 0 0 0 0 0 0 0 0 0 0 0 0 0 0 0 0 0 0 0 0 0 0 0 0 0 0 0 0 0 0 0 0 0 0 0 0 0 0 0 0 0 0 0 0 0 0 0 0 0 0 0 0 0 0 0 0 0 0 0 0 0 0 0 0 0 0 0 0 0 0 0 0 0 0 0 0 0 0 0 0 0 0 0 0 0 0 0 0 0 0 0 0 0 0 0 0 0 0 0 0 0 0 0 0 0 0 0 0 0 0 0 0 0 0 0 0 0 0 0 0 0 0 0 0 0 0 0 0 0 0 0 0 0 0 0 
0 0 252 281 297 311 324 337 342 345 348 351 355 350 340 296 254 225 186 112 0 0 0 0 0 0 0 0 0 0 0 0 0 0 0 0 0 0 0 0 0 0 0 0 0 0 0 0 0 0 0 0 0 0 0 0 0 0 0 0 0 0 0 0 0 0 0 0 0 0 0 0 0 0 0 0 0 0 0 0 0 0 0 0 0 0 0 0 0 0 0 0 0 0 0 0 0 0 0 0 0 0 0 0 0 0 0 0 0 0 0 0 0 0 0 0 0 0 0 0 0 0 0 0 0 0 0 0 0 0 0 0 0 0 0 0 0 0 0 0 0 0 0 0 0 0 0 0 0 0 0 0 0 0 0 0 0 0 0 0 0 0 0 0 0 0 0 0 0 0 0 0 0 0 0 0 
0 0 214 252 264 276 287 298 299 308 315 322 325 323 310 275 241 212 172 103 0 0 0 0 0 0 0 0 0 0 0 0 0 0 0 0 0 0 0 0 0 0 0 0 0 0 0 0 0 0 0 0 0 0 0 0 0 0 0 0 0 0 0 0 0 0 0 0 0 0 0 0 0 0 0 0 0 0 0 0 0 0 0 0 0 0 0 0 0 0 0 0 0 0 0 0 0 0 0 0 0 0 0 0 0 0 0 0 0 0 0 0 0 0 0 0 0 0 0 0 0 0 0 0 0 0 0 0 0 0 0 0 0 0 0 0 0 0 0 0 0 0 0 0 0 0 0 0 0 0 0 0 0 0 0 0 0 0 0 0 0 0 0 0 0 0 0 0 0 0 0 0 0 0 0 0 
0 0 186 222 231 248 266 281 283 293 302 297 291 280 268 238 219 197 166 95 0 0 0 0 0 0 0 0 0 0 0 0 0 0 0 0 0 0 0 0 0 0 0 0 0 0 0 0 0 0 0 0 0 0 0 0 0 0 0 0 0 0 0 0 0 0 0 0 0 0 0 0 0 0 0 0 0 0 0 0 0 0 0 0 0 0 0 0 0 0 0 0 0 0 0 0 0 0 0 0 0 0 0 0 0 0 0 0 0 0 0 0 0 0 0 0 0 0 0 0 0 0 0 0 0 0 0 0 0 0 0 0 0 0 0 0 0 0 0 0 0 0 0 0 0 0 0 0 0 0 0 0 0 0 0 0 0 0 0 0 0 0 0 0 0 0 0 0 0 0 0 0 0 0 0 0 
0 0 0 187 197 208 229 252 254 269 281 276 269 259 247 220 211 194 166 0 0 0 0 0 0 0 0 0 0 0 0 0 0 0 0 0 0 0 0 0 0 0 0 0 0 0 0 0 0 0 0 0 0 0 0 0 0 0 0 0 0 0 0 0 0 0 0 0 0 0 0 0 0 0 0 0 0 0 0 0 0 0 0 0 0 0 0 0 0 0 0 0 0 0 0 0 0 0 0 0 0 0 0 0 0 0 0 0 0 0 0 0 0 0 0 0 0 0 0 0 0 0 0 0 0 0 0 0 0 0 0 0 0 0 0 0 0 0 0 0 0 0 0 0 0 0 0 0 0 0 0 0 0 0 0 0 0 0 0 0 0 0 0 0 0 0 0 0 0 0 0 0 0 0 0 0 
0 0 0 0 151 168 184 211 220 238 252 245 235 226 213 192 185 171 0 0 0 0 0 0 0 0 0 0 0 0 0 0 0 0 0 0 0 0 0 0 0 0 0 0 0 0 0 0 0 0 0 0 0 0 0 0 0 0 0 0 0 0 0 0 0 0 0 0 0 0 0 0 0 0 0 0 0 0 0 0 0 0 0 0 0 0 0 0 0 0 0 0 0 0 0 0 0 0 0 0 0 0 0 0 0 0 0 0 0 0 0 0 0 0 0 0 0 0 0 0 0 0 0 0 0 0 0 0 0 0 0 0 0 0 0 0 0 0 0 0 0 0 0 0 0 0 0 0 0 0 0 0 0 0 0 0 0 0 0 0 0 0 0 0 0 0 0 0 0 0 0 0 0 0 0 0 
0 0 0 0 0 0 0 144 154 184 211 205 195 185 170 158 153 0 0 0 0 0 0 0 0 0 0 0 0 0 0 0 0 0 0 0 0 0 0 0 0 0 0 0 0 0 0 0 0 0 0 0 0 0 0 0 0 0 0 0 0 0 0 0 0 0 0 0 0 0 0 0 0 0 0 0 0 0 0 0 0 0 0 0 0 0 0 0 0 0 0 0 0 0 0 0 0 0 0 0 0 0 0 0 0 0 0 0 0 0 0 0 0 0 0 0 0 0 0 0 0 0 0 0 0 0 0 0 0 0 0 0 0 0 0 0 0 0 0 0 0 0 0 0 0 0 0 0 0 0 0 0 0 0 0 0 0 0 0 0 0 0 0 0 0 0 0 0 0 0 0 0 0 0 0 0 
0 0 0 0 0 0 0 0 0 0 0 0 0 0 0 0 0 0 0 0 0 0 0 0 0 0 0 0 0 0 0 0 0 0 0 0 0 0 0 0 0 0 0 0 0 0 0 0 0 0 0 0 0 0 0 0 0 0 0 0 0 0 0 0 0 0 0 0 0 0 0 0 0 0 0 0 0 0 0 0 0 0 0 0 0 0 0 0 0 0 0 0 0 0 0 0 0 0 0 0 0 0 0 0 0 0 0 0 0 0 0 0 0 0 0 0 0 0 0 0 0 0 0 0 0 0 0 0 0 0 0 0 0 0 0 0 0 0 0 0 0 0 0 0 0 0 0 0 0 0 0 0 0 0 0 0 0 0 0 0 0 0 0 0 0 0 0 0 0 0 0 0 0 0 0 0 
0 0 0 0 0 0 0 0 0 0 0 0 0 0 0 0 0 0 0 0 0 0 0 0 0 0 0 0 0 0 0 0 0 0 0 0 0 0 0 0 0 0 0 0 0 0 0 0 0 0 0 0 0 0 0 0 0 0 0 0 0 0 0 0 0 0 0 0 0 0 0 0 0 0 0 0 0 0 0 0 0 0 0 0 0 0 0 0 0 0 0 0 0 0 0 0 0 0 0 0 0 0 0 0 0 0 0 0 0 0 0 0 0 0 0 0 0 0 0 0 0 0 0 0 0 0 0 0 0 0 0 0 0 0 0 0 0 0 0 0 0 0 0 0 0 0 0 0 0 0 0 0 0 0 0 0 0 0 0 0 0 0 0 0 0 0 0 0 0 0 0 0 0 0 0 0 
0 0 0 0 0 0 0 0 0 0 0 0 0 0 0 0 0 0 0 0 0 0 0 0 0 0 0 0 0 0 0 0 0 0 0 0 0 0 0 0 0 0 0 0 0 0 0 0 0 0 0 0 0 0 0 0 0 0 0 0 0 0 0 0 0 0 0 0 0 0 0 0 0 0 0 0 0 0 0 0 0 0 0 0 0 0 0 0 0 0 0 0 0 0 0 0 0 0 0 0 0 0 0 0 0 0 0 0 0 0 0 0 0 0 0 0 0 0 0 0 0 0 0 0 0 0 0 0 0 0 0 0 0 0 0 0 0 0 0 0 0 0 0 0 0 0 0 0 0 0 0 0 0 0 0 0 0 0 0 0 0 0 0 0 0 0 0 0 0 0 0 0 0 0 0 0 
0 0 0 0 0 0 0 0 0 0 0 0 0 0 0 0 0 0 0 0 0 0 0 0 0 0 0 0 0 0 0 0 0 0 0 0 0 0 0 0 0 0 0 0 0 0 0 0 0 0 0 0 0 0 0 0 0 0 0 0 0 0 0 0 0 0 0 0 0 0 0 0 0 0 0 0 0 0 0 0 0 0 0 0 0 0 0 0 0 0 0 0 0 0 0 0 0 0 0 0 0 0 0 0 0 0 0 0 0 0 0 0 0 0 0 0 0 0 0 0 0 0 0 0 0 0 0 0 0 0 0 0 0 0 0 0 0 0 0 0 0 0 0 0 0 0 0 0 0 0 0 0 0 0 0 0 0 0 0 0 0 0 0 0 0 0 0 0 0 0 0 0 0 0 0 0 
0 0 0 0 0 0 0 0 0 0 0 0 0 0 0 0 0 0 0 0 0 0 0 0 0 0 0 0 0 0 0 0 0 0 0 0 0 0 0 0 0 0 0 0 0 0 0 0 0 0 0 0 0 0 0 0 0 0 0 0 0 0 0 0 0 0 0 0 0 0 0 0 0 0 0 0 0 0 0 0 0 0 0 0 0 0 0 0 0 0 0 0 0 0 0 0 0 0 0 0 0 0 0 0 0 0 0 0 0 0 0 0 0 0 0 0 0 0 0 0 0 0 0 0 0 0 0 0 0 0 0 0 0 0 0 0 0 0 0 0 0 0 0 0 0 0 0 0 0 0 0 0 0 0 0 0 0 0 0 0 0 0 0 0 0 0 0 0 0 0 0 0 0 0 0 0 
0 0 0 0 0 0 0 0 0 0 0 0 0 0 0 0 0 0 0 0 0 0 0 0 0 0 0 0 0 0 0 0 0 0 0 0 0 0 0 0 0 0 0 0 0 0 0 0 0 0 0 0 0 0 0 0 0 0 0 0 0 0 0 0 0 0 0 0 0 0 0 0 0 0 0 0 0 0 0 0 0 0 0 0 0 0 0 0 0 0 0 0 0 0 0 0 0 0 0 0 0 0 0 0 0 0 0 0 0 0 0 0 0 0 0 0 0 0 0 0 0 0 0 0 0 0 0 0 0 0 0 0 0 0 0 0 0 0 0 0 0 0 0 0 0 0 0 0 0 0 0 0 0 0 0 0 0 0 0 0 0 0 0 0 0 0 0 0 0 0 0 0 0 0 0 0 
0 0 0 0 0 0 0 0 0 0 0 0 0 0 0 0 0 0 0 0 0 0 0 0 0 0 0 0 0 0 0 0 0 0 0 0 0 0 0 0 0 0 0 0 0 0 0 0 0 0 0 0 0 0 0 0 0 0 0 0 0 0 0 0 0 0 0 0 0 0 0 0 0 0 0 0 0 0 0 0 0 0 0 0 0 0 0 0 0 0 0 0 0 0 0 0 0 0 0 0 0 0 0 0 0 0 0 0 0 0 0 0 0 0 0 0 0 0 0 0 0 0 0 0 0 0 0 0 0 0 0 0 0 0 0 0 0 0 0 0 0 0 0 0 0 0 0 0 0 0 0 0 0 0 0 0 0 0 0 0 0 0 0 0 0 0 0 0 0 0 0 0 0 0 0 0 
0 0 0 0 0 0 0 0 0 0 0 0 0 0 0 0 0 0 0 0 0 0 0 0 0 0 0 0 0 0 0 0 0 0 0 0 0 0 0 0 0 0 0 0 0 0 0 0 0 0 0 0 0 0 0 0 0 0 0 0 0 0 0 0 0 0 0 0 0 0 0 0 0 0 0 0 0 0 0 0 0 0 0 0 0 0 0 0 0 0 0 0 0 0 0 0 0 0 0 0 0 0 0 0 0 0 0 0 0 0 0 0 0 0 0 0 0 0 0 0 0 0 0 0 0 0 0 0 0 0 0 0 0 0 0 0 0 0 0 0 0 0 0 0 0 0 0 0 0 0 0 0 0 0 0 0 0 0 0 0 0 0 0 0 0 0 0 0 0 0 0 0 0 0 0 0 
