86 86 90 91 88 88 87 83 76 77 85 86 86 84 81 83 83 89 83 83 85 82 75 82 76 74 80 78 74 71 79 84 80 71 68 73 82 73 75 77 81 81 79 84 76 79 79 79 78 81 79 77 79 77 78 83 78 71 75 64 67 71 77 78 71 73 82 78 76 77 75 77 75 74 79 82 81 79 77 74 76 82 78 77 81 70 61 71 72 82 77 78 81 78 81 74 79 81 79 81 80 86 74 80 83 80 78 78 84 78 75 70 71 83 85 84 81 85 88 88 88 90 91 89 95 87 100 94 92 94 85 93 98 98 98 88 90 86 94 91 95 96 100 100 95 103 101 101 103 111 103 107 112 112 106 91 79 73 77 83 71 74 72 68 0 74 78 80 78 85 87 90 104 98 92 100 
88 83 86 87 89 83 81 80 77 72 75 85 82 88 77 80 79 76 78 75 78 80 68 75 77 80 84 80 82 83 78 81 82 77 69 61 71 74 73 78 72 78 74 76 75 76 80 77 78 71 75 74 80 73 76 75 70 70 70 79 60 63 71 78 76 73 77 80 80 79 79 75 75 78 76 76 77 78 84 79 75 77 75 80 75 77 61 76 73 83 79 77 75 79 73 82 77 79 78 80 76 82 79 75 80 76 79 85 78 81 83 71 69 77 82 83 87 84 84 85 86 93 94 88 89 86 87 87 88 92 90 89 92 97 97 87 80 86 97 94 100 95 94 100 98 100 99 100 97 105 108 107 108 106 95 74 68 72 77 81 79 74 73 78 0 0 73 82 82 86 85 96 97 101 105 92 
83 86 83 82 82 82 81 79 78 78 78 78 78 78 78 78 78 79 79 80 79 78 78 77 77 77 77 77 77 77 77 76 76 74 73 72 71 72 73 73 74 74 74 74 75 75 75 74 74 73 73 74 74 74 74 73 73 73 71 71 70 70 70 71 73 74 75 76 76 76 75 75 75 75 76 76 76 77 76 76 76 76 76 76 74 74 73 73 74 75 76 77 77 77 77 77 77 78 78 78 78 78 78 78 78 79 79 79 79 77 76 76 77 77 80 82 82 83 84 85 86 86 86 87 87 87 88 89 89 89 89 90 90 89 89 88 88 88 90 92 94 94 95 96 97 97 98 100 101 102 103 102 98 92 85 79 76 74 73 74 74 74 73 73 73 74 75 76 78 82 86 90 93 96 98 103 
84 80 80 80 79 79 79 78 78 78 78 77 77 76 76 75 76 76 77 78 77 77 77 76 76 76 77 76 76 76 76 75 75 73 72 71 70 70 70 71 71 71 72 72 73 73 73 73 73 72 72 72 72 72 72 71 71 71 71 71 70 69 69 70 72 73 75 75 76 76 76 76 76 76 77 77 78 78 78 78 79 79 79 80 79 79 78 79 79 80 81 81 81 81 81 82 82 82 82 82 82 83 83 83 83 84 84 84 84 83 82 82 82 83 84 86 86 87 87 88 88 88 88 89 88 88 89 89 89 89 90 89 90 88 88 88 88 88 90 91 93 93 94 94 95 96 97 98 100 100 100 98 93 86 80 75 72 71 72 73 73 73 74 74 73 73 73 75 77 81 85 89 93 96 97 99 
80 79 78 78 77 78 78 77 77 77 77 76 75 74 74 74 74 75 76 77 76 76 76 76 75 75 75 74 74 74 73 73 73 72 72 71 70 69 69 69 69 69 69 70 71 71 71 71 71 70 71 71 71 71 71 71 72 72 72 73 72 72 72 73 74 76 78 79 79 80 80 80 80 81 81 81 82 83 82 83 83 83 83 84 84 84 84 84 84 84 85 85 86 86 86 87 87 86 87 87 87 88 88 88 89 89 89 89 89 88 88 88 88 89 90 91 91 92 92 92 93 92 93 93 93 93 94 94 94 94 94 93 93 92 92 92 92 92 93 94 95 94 95 95 96 97 99 100 101 100 99 94 88 81 76 72 71 70 71 71 71 71 0 0 0 72 72 74 76 79 83 88 91 95 92 102 
77 76 77 76 76 76 76 76 76 76 76 75 74 73 73 73 74 74 75 75 75 75 75 74 74 74 73 73 73 72 72 72 72 71 71 70 69 68 67 66 67 67 68 69 70 71 71 71 71 71 71 72 73 74 74 74 75 75 76 77 77 77 77 78 78 80 82 83 83 83 83 84 84 85 85 85 86 87 86 87 87 88 88 88 89 89 89 89 89 89 90 90 90 91 90 91 91 91 91 92 92 93 93 93 93 94 93 93 94 94 94 95 95 95 95 96 96 97 96 97 97 97 98 98 98 98 98 99 99 98 99 98 98 97 97 97 97 98 98 99 99 99 99 99 101 101 103 105 107 105 101 95 87 79 74 71 69 69 69 69 68 69 0 0 0 73 73 74 76 78 82 86 89 93 102 98 
0 78 76 76 75 75 75 75 75 75 75 74 73 72 72 71 71 72 72 72 72 72 73 72 72 72 72 72 72 71 70 70 70 70 70 70 70 69 68 67 68 69 70 71 72 73 73 74 74 75 75 76 77 77 78 78 78 78 79 81 81 82 82 82 83 84 86 86 87 88 88 88 88 89 89 89 90 91 90 90 91 91 92 92 93 94 94 95 94 94 94 94 95 96 96 96 96 96 97 97 97 98 98 98 98 99 99 99 100 100 101 101 101 101 101 101 101 101 101 102 103 103 103 103 103 102 103 103 103 102 103 102 101 101 102 101 102 102 103 103 103 104 104 104 105 105 107 108 110 109 104 96 88 79 73 71 69 69 68 67 66 0 0 0 0 0 73 73 75 78 81 85 89 93 94 94 
75 0 75 74 74 74 74 74 74 74 73 73 72 71 71 70 70 70 70 69 69 70 70 70 70 70 70 70 70 71 71 70 71 71 72 72 73 72 72 71 72 72 74 75 76 77 77 78 78 79 79 80 81 81 81 82 82 82 83 85 85 85 86 87 87 88 90 90 91 92 92 93 93 93 94 94 94 95 95 95 96 96 96 97 97 98 98 99 99 99 98 99 99 100 100 101 101 101 101 101 101 102 102 103 103 103 103 103 103 105 105 105 106 106 106 105 106 106 106 107 108 108 108 108 109 108 108 107 107 107 108 108 107 107 107 107 106 108 108 108 108 108 108 108 109 109 111 113 115 113 107 99 90 81 73 71 69 68 67 67 65 0 0 0 0 0 73 74 76 78 80 84 88 91 86 98 
69 77 74 74 74 73 72 73 73 72 72 71 70 70 69 69 69 68 68 67 67 68 69 70 70 71 71 72 72 73 73 72 73 74 74 75 76 76 75 75 76 76 77 78 78 79 79 80 81 82 82 84 84 85 86 86 86 87 88 89 89 90 91 91 91 92 93 94 95 95 95 95 95 95 96 96 96 97 97 96 97 97 97 97 97 98 98 98 98 98 98 98 99 100 100 101 101 101 101 101 101 101 101 102 102 102 102 102 102 103 104 105 105 106 106 106 106 107 107 108 108 109 109 109 110 110 110 110 110 110 111 112 111 111 112 111 111 112 112 112 113 113 112 112 113 114 115 117 119 118 111 103 93 82 73 71 68 67 66 65 0 0 0 0 0 0 72 73 75 77 79 83 86 90 95 94 
85 70 73 73 73 72 72 72 72 71 70 69 69 68 68 68 69 69 68 68 68 69 70 71 72 72 73 74 74 75 76 75 76 76 77 77 78 79 79 79 80 81 81 82 82 83 84 84 85 86 86 87 88 88 89 89 89 89 90 91 91 92 93 92 92 93 93 93 94 94 94 94 94 94 95 95 95 96 96 96 96 96 96 97 97 97 97 98 98 98 97 98 98 99 99 100 100 100 100 100 100 100 100 101 101 101 101 101 101 102 103 104 104 105 105 104 105 106 106 107 107 107 108 108 108 109 109 109 109 110 110 111 111 111 111 111 110 111 112 112 113 114 114 114 114 115 116 118 121 121 115 106 95 85 74 70 68 67 64 0 0 0 0 0 0 0 72 73 75 77 78 82 86 89 93 100 
69 80 72 72 72 71 71 71 71 70 69 69 68 69 69 70 70 70 70 70 70 71 72 73 74 74 75 76 77 78 78 78 79 79 80 81 82 82 83 83 84 84 84 85 85 86 87 87 88 88 88 89 89 89 88 89 88 88 89 90 90 91 91 91 91 91 91 92 92 92 93 93 93 93 94 94 95 95 95 95 95 95 95 95 95 95 95 95 95 94 94 94 94 95 96 96 96 96 96 96 96 96 96 96 96 96 96 97 97 98 99 100 100 100 100 101 102 102 103 103 103 104 105 106 107 108 108 108 108 108 109 109 109 110 110 110 109 110 110 111 111 112 112 112 112 113 114 116 118 120 114 106 95 86 74 69 67 66 0 0 0 0 0 0 0 65 69 71 74 76 79 81 86 89 94 94 
72 67 71 70 70 70 70 70 71 70 70 70 70 70 71 72 73 73 73 72 73 74 74 75 76 76 77 78 80 81 81 81 82 83 83 84 84 84 84 84 85 85 85 86 86 86 86 87 87 87 86 87 88 87 87 87 87 86 87 88 88 88 88 87 87 87 87 87 87 87 88 89 90 91 92 93 94 94 95 95 95 93 91 89 89 88 89 91 94 93 93 93 94 94 94 95 95 95 95 95 95 95 95 94 95 94 94 95 96 97 98 98 98 99 99 97 96 94 93 92 92 94 97 100 103 106 107 108 107 108 108 109 109 110 110 109 109 109 109 110 110 110 110 110 110 111 112 114 116 118 113 105 95 87 74 68 65 65 0 0 0 0 62 62 62 64 68 70 73 75 77 80 85 88 91 95 
70 69 71 71 71 71 71 71 72 71 71 71 71 72 73 73 74 75 75 75 76 77 78 78 79 79 80 80 82 82 82 82 83 83 83 83 84 84 84 84 84 84 83 83 83 84 84 84 83 83 83 83 84 84 83 82 81 81 80 82 83 85 85 86 86 86 86 86 86 85 85 87 88 89 92 93 93 94 94 94 94 91 88 86 85 85 88 90 93 92 92 91 92 92 93 93 94 93 93 93 93 93 93 92 92 92 92 93 94 95 96 96 96 97 98 95 93 91 89 88 89 90 94 98 101 104 106 107 107 107 107 108 108 109 109 108 108 108 108 109 109 110 109 109 109 110 110 112 114 116 112 103 95 87 75 67 64 0 0 0 0 0 62 62 62 63 66 67 70 73 75 78 83 87 97 96 
69 69 72 72 72 72 72 72 72 73 73 73 73 75 75 76 77 78 78 78 78 79 79 79 80 80 80 80 81 81 82 82 82 82 82 81 80 80 79 79 79 79 78 78 78 79 80 81 82 82 82 82 82 82 82 80 79 79 78 79 81 83 82 84 84 84 83 84 83 81 82 84 86 88 91 92 93 93 93 94 93 88 86 83 81 79 84 87 90 90 89 88 89 89 90 90 90 89 90 89 90 90 89 88 89 89 88 90 91 92 92 93 93 93 94 90 88 85 83 82 83 84 90 95 99 102 106 107 106 107 107 107 108 108 108 108 108 108 108 108 109 109 109 108 108 109 109 110 112 114 110 103 97 91 78 66 0 0 0 0 0 0 0 62 62 62 66 67 70 73 75 78 83 86 92 93 
0 79 73 73 73 73 73 73 74 74 74 75 76 77 78 78 79 79 78 78 79 79 79 79 79 79 79 79 80 80 80 81 81 80 79 79 78 77 78 77 78 77 77 76 76 77 78 78 79 80 80 80 81 80 80 78 76 76 74 75 76 79 78 80 80 80 79 80 79 76 78 82 84 86 91 93 93 93 93 93 92 86 83 79 74 70 76 79 85 84 83 82 83 83 83 82 82 81 82 81 81 82 81 79 79 80 80 81 83 84 84 85 85 86 87 81 76 73 71 70 73 76 84 92 97 100 106 107 106 107 106 107 107 108 108 107 107 108 108 108 108 108 108 107 107 108 108 109 110 112 109 102 98 93 80 65 0 0 0 0 0 0 0 62 62 62 64 66 69 71 73 77 82 86 91 85 
72 74 74 74 74 74 73 74 74 75 75 76 76 77 78 78 78 78 78 77 78 78 78 78 78 78 78 78 79 80 80 80 79 77 77 76 75 76 76 76 76 76 75 74 73 74 74 75 77 77 77 77 77 77 77 74 71 70 67 66 68 70 69 71 71 71 71 72 72 68 74 79 83 85 90 92 92 93 93 93 92 85 81 75 68 55 0 0 0 0 0 0 0 0 0 0 0 0 0 0 0 0 0 0 0 0 0 0 0 0 0 0 0 0 0 0 0 0 48 49 55 66 80 90 95 98 105 106 106 107 107 107 108 108 108 107 108 107 107 107 108 107 107 107 107 107 107 107 109 110 108 102 100 95 83 66 0 0 0 0 0 0 0 0 0 0 65 67 69 71 72 76 80 84 83 95 
74 78 75 75 75 75 75 75 75 75 75 75 75 76 77 77 77 77 77 77 77 78 78 77 77 77 77 78 79 79 79 79 77 75 74 72 70 72 72 72 72 72 70 69 67 67 67 68 69 70 70 70 70 71 72 67 61 59 52 0 0 0 0 0 0 0 0 0 0 65 75 80 84 85 91 92 93 93 93 94 92 85 82 79 71 57 0 0 0 0 0 0 0 0 0 0 0 0 0 0 0 0 0 0 0 0 0 0 0 0 0 0 0 0 0 0 0 0 0 0 0 73 85 93 96 98 104 106 106 106 107 107 107 107 107 107 107 107 107 107 107 107 107 107 107 107 106 106 107 109 108 102 100 97 86 67 0 0 0 0 0 0 0 0 0 0 0 67 68 70 71 75 79 84 98 96 
70 75 74 74 74 74 74 74 74 74 74 74 74 75 76 76 76 75 75 75 75 76 76 76 76 77 77 78 78 79 79 78 76 74 72 69 64 64 63 63 64 63 62 60 57 55 0 0 0 0 0 0 0 0 0 0 0 0 0 0 0 0 0 0 0 0 0 0 0 65 76 81 84 86 91 92 93 93 93 94 92 85 82 79 71 57 0 0 0 0 0 0 0 0 0 0 0 0 0 0 0 0 0 0 0 0 0 0 0 0 0 0 0 0 0 0 0 0 0 0 0 72 85 92 95 97 104 106 106 106 107 107 107 107 107 107 107 107 106 107 106 106 106 106 106 106 105 105 106 108 107 102 101 98 89 70 0 0 0 0 0 0 0 0 0 0 0 68 69 70 72 75 79 83 85 93 
73 75 73 74 73 74 74 74 74 73 73 73 73 74 75 74 74 74 73 73 74 75 75 76 76 76 77 78 78 79 79 78 75 73 71 67 57 0 0 0 0 0 0 0 0 0 0 0 0 0 0 0 0 0 0 0 0 0 0 0 0 0 0 0 0 0 0 0 0 66 76 81 84 86 91 93 93 93 93 94 92 85 83 79 72 57 0 0 0 0 0 0 0 0 0 0 0 0 0 0 0 0 0 0 0 0 0 0 0 0 0 0 0 0 0 0 0 0 0 0 0 71 83 90 94 96 103 105 105 105 106 106 106 106 106 106 107 106 106 106 106 105 105 105 105 105 104 105 105 107 108 102 101 98 89 71 0 0 0 0 0 0 0 0 0 0 0 68 68 70 71 74 78 82 86 87 
71 71 72 73 73 73 73 73 73 73 73 73 72 73 73 73 72 71 69 69 71 72 74 76 76 76 77 78 78 79 79 78 75 74 72 67 0 0 0 0 0 0 0 0 0 0 0 0 0 0 0 0 0 0 0 0 0 0 0 0 0 0 0 48 48 48 0 0 0 65 76 82 84 86 91 92 92 93 92 93 91 84 82 79 71 55 0 0 0 0 0 0 0 0 0 0 0 0 0 0 0 0 0 0 0 0 0 0 0 0 0 0 0 0 0 0 0 0 0 0 0 72 83 90 93 95 102 104 105 105 106 106 106 106 106 106 106 106 105 106 106 105 106 105 105 104 104 104 104 106 107 102 101 99 91 73 0 0 0 0 0 0 0 0 0 0 0 67 68 70 71 74 77 81 91 91 
73 69 72 72 72 73 73 73 73 72 72 72 72 72 73 72 71 68 66 66 69 70 73 75 75 76 77 77 78 79 79 77 76 75 73 68 0 0 0 0 0 0 0 0 0 0 0 0 0 0 0 0 0 0 0 0 0 0 0 0 0 0 51 50 49 48 47 45 0 61 76 81 84 85 91 92 92 92 92 92 91 84 81 78 70 54 0 0 0 0 0 0 0 0 0 0 0 0 0 0 0 0 0 0 0 0 0 0 0 0 0 0 0 0 0 0 0 0 0 0 0 68 80 87 92 94 101 103 104 104 105 105 105 105 106 106 106 106 106 105 105 105 105 105 105 104 103 104 104 106 107 102 102 100 94 77 0 0 0 0 0 0 0 0 0 0 0 66 67 69 71 73 76 80 77 89 
76 74 71 71 71 72 72 73 72 72 72 72 72 72 72 70 69 66 63 63 67 69 72 75 76 76 77 77 78 78 78 76 76 75 74 69 0 0 0 0 0 0 0 0 0 0 0 0 0 0 0 0 0 0 0 0 0 0 0 0 0 49 49 48 48 47 46 45 43 57 75 81 84 86 91 93 92 92 91 92 90 83 81 78 70 55 0 0 0 0 0 0 0 0 0 0 0 0 0 0 0 0 0 0 0 0 0 0 0 0 0 0 0 0 0 0 0 0 0 0 0 61 76 85 89 92 101 103 104 104 104 104 104 104 105 105 105 106 105 105 106 106 105 105 104 104 103 103 104 105 107 103 102 101 96 80 0 0 0 0 0 0 0 0 0 0 0 67 67 69 71 73 76 80 79 88 
65 72 71 72 72 72 71 72 72 72 72 71 72 72 71 69 68 65 63 64 67 69 72 75 75 75 77 77 78 78 79 76 76 74 73 67 0 0 0 0 0 0 0 0 0 0 0 0 0 0 0 0 0 0 0 0 0 0 0 0 0 49 49 48 48 47 46 45 43 57 75 81 84 86 91 93 92 92 91 92 90 83 81 78 70 55 0 0 0 0 0 0 0 0 0 0 0 0 0 0 0 0 0 0 0 0 0 0 0 0 0 0 0 0 0 0 0 0 0 0 0 58 73 83 88 91 100 103 104 104 104 104 104 105 105 105 105 106 106 105 106 106 105 105 104 104 103 103 103 105 107 103 101 100 94 78 0 0 0 0 0 0 0 0 0 0 0 0 67 69 71 73 75 79 83 91 
72 69 71 71 71 71 71 71 71 71 71 71 71 71 71 69 68 66 64 65 68 70 72 75 75 75 76 77 77 78 78 75 74 73 70 64 0 0 0 0 0 0 0 0 0 0 0 0 0 0 0 0 0 0 0 0 0 0 0 0 0 49 50 49 48 47 47 45 43 58 76 81 84 86 91 92 92 92 91 92 90 83 81 78 70 56 0 0 0 0 0 0 0 0 0 0 0 0 0 0 0 0 0 0 0 0 0 0 0 0 0 0 0 0 0 0 0 0 0 0 0 55 72 82 87 90 100 103 104 104 104 104 105 105 105 105 104 105 105 105 105 105 105 104 104 103 102 103 103 104 107 104 99 98 93 79 0 0 0 0 0 0 0 0 0 0 0 0 67 68 70 72 74 78 77 90 
67 80 70 71 70 70 71 71 71 71 71 71 71 71 71 70 69 67 67 67 70 71 73 74 74 74 76 76 77 77 78 75 74 72 70 64 0 0 0 0 0 0 0 0 0 0 0 0 0 0 0 0 0 0 0 0 0 0 0 0 0 49 49 48 48 47 46 44 43 58 75 81 83 85 91 92 92 92 92 92 90 83 81 78 70 56 0 0 0 0 0 0 0 0 0 0 0 0 0 0 0 0 0 0 0 0 0 0 0 0 0 0 0 0 0 0 0 0 0 0 0 52 72 82 88 92 100 103 104 105 104 105 105 105 105 105 105 105 105 105 105 105 104 103 103 103 102 103 103 104 106 104 98 97 92 79 0 0 0 0 0 0 0 0 0 0 0 0 66 68 69 71 74 78 81 86 
70 68 70 70 70 70 71 71 71 71 71 70 70 71 71 69 68 68 68 69 71 72 73 74 74 75 76 76 77 77 78 75 74 73 70 64 0 0 0 0 0 0 0 0 0 0 0 0 0 0 0 0 0 0 0 0 0 0 0 0 0 0 0 46 46 45 45 0 0 62 76 81 84 86 91 93 93 93 92 93 91 84 82 79 72 57 0 0 0 0 0 0 0 0 0 0 0 0 0 0 0 0 0 0 0 0 0 0 0 0 0 0 0 0 0 0 0 0 0 0 0 48 70 81 87 91 100 104 105 105 105 105 105 105 104 104 104 104 104 105 105 105 104 104 103 103 102 103 103 104 106 105 97 96 91 79 58 0 0 0 0 0 0 0 0 0 0 0 67 67 68 70 73 77 87 88 
70 70 70 70 70 69 70 70 70 69 70 70 70 70 71 70 69 70 70 70 72 73 73 74 74 75 76 76 77 77 77 74 74 73 70 64 0 0 0 0 0 0 0 0 0 0 0 0 0 0 0 0 0 0 0 0 0 0 0 0 0 0 0 0 0 0 0 0 0 65 76 81 83 85 90 92 92 93 93 93 91 84 82 78 71 57 0 0 0 0 0 0 0 0 0 0 0 0 0 0 0 0 0 0 0 0 0 0 0 0 0 0 0 0 0 0 0 0 0 0 0 0 72 84 89 93 100 104 105 105 105 105 105 104 104 104 104 104 104 104 104 104 104 103 103 103 102 102 102 103 105 105 96 94 89 78 58 0 0 0 0 0 0 0 0 0 0 63 66 67 68 70 73 76 80 86 
68 71 69 69 69 69 69 69 69 69 69 70 70 70 70 70 70 71 71 72 73 73 73 74 74 75 76 76 77 77 77 74 74 72 70 64 0 0 0 0 0 0 0 0 0 0 0 0 0 0 0 0 0 0 0 0 0 0 0 0 0 0 0 0 0 0 0 0 0 64 76 80 83 85 90 91 92 93 92 93 91 84 82 79 72 58 0 0 0 0 0 0 0 0 0 0 0 0 0 0 0 0 0 0 0 0 0 0 0 0 0 0 0 0 0 0 0 0 0 0 0 0 75 86 91 94 100 104 104 105 105 104 105 104 104 104 104 103 104 104 104 104 104 103 103 102 102 102 102 103 105 105 98 96 92 83 63 0 0 0 0 0 0 0 0 0 0 63 65 65 67 69 72 76 81 80 
68 68 69 69 69 68 68 68 69 69 69 70 69 69 70 69 70 71 72 72 73 73 73 73 73 74 76 76 76 77 77 74 74 72 69 64 0 0 0 0 0 0 0 0 0 0 0 0 0 0 0 0 0 0 0 0 0 0 0 0 0 0 0 0 0 0 0 0 0 64 76 81 83 85 90 92 92 93 93 93 91 83 81 78 71 56 0 0 0 0 0 0 0 0 0 0 0 0 0 0 0 0 0 0 0 0 0 0 0 0 0 0 0 0 0 0 0 0 0 0 0 0 78 88 93 96 99 103 104 104 105 104 105 104 104 104 104 104 104 104 104 104 103 103 103 102 102 102 102 103 105 105 98 97 93 85 66 0 0 0 0 0 0 0 0 0 0 0 64 65 66 69 72 76 82 88 
69 71 69 68 68 68 68 68 69 69 69 69 69 69 69 69 70 72 72 72 73 72 73 73 73 75 76 76 77 78 78 74 74 72 69 62 0 0 0 0 0 0 0 0 0 0 0 0 0 0 0 0 0 0 0 0 0 0 0 0 0 0 0 0 0 0 0 0 0 65 76 81 83 85 90 91 92 92 92 92 91 83 81 78 71 57 0 0 0 0 0 0 0 0 0 0 0 0 0 0 0 0 0 0 0 0 0 0 0 0 0 0 0 0 0 0 0 0 0 0 0 0 77 88 93 95 99 103 104 104 104 103 104 104 103 104 104 104 104 104 104 104 103 103 102 102 101 101 102 103 105 106 99 98 95 87 67 0 0 0 0 0 0 0 0 0 0 0 63 64 66 69 71 76 76 89 
66 69 68 68 68 68 68 68 69 69 69 69 69 69 69 69 71 72 72 73 73 73 73 73 74 75 76 77 78 78 78 74 72 71 67 59 0 0 0 0 0 0 0 0 0 0 0 0 0 0 0 0 0 0 0 0 0 0 0 0 0 0 0 0 0 0 0 0 0 65 77 81 84 85 91 92 92 93 92 92 90 83 80 77 70 56 0 0 0 0 0 0 0 0 0 0 0 0 0 0 0 0 0 0 0 0 0 0 0 0 0 0 0 0 0 0 0 0 0 0 0 0 82 92 96 97 99 103 103 104 104 103 104 103 103 103 104 104 104 104 104 104 103 103 102 102 102 101 102 104 105 106 100 99 96 89 70 0 0 0 0 0 0 0 0 0 0 0 62 64 66 69 71 76 76 90 
67 70 68 68 68 68 69 69 69 69 69 69 70 69 70 70 71 71 72 72 73 72 73 73 74 75 76 76 78 78 77 73 72 70 66 57 0 0 0 0 0 0 0 0 0 0 0 0 0 0 0 0 0 0 0 0 0 0 0 0 0 0 0 0 0 0 0 0 0 67 78 82 84 86 91 91 92 92 92 92 90 83 80 77 70 55 0 0 0 0 0 0 0 0 0 0 0 0 0 0 0 0 0 0 0 0 0 0 0 0 0 0 0 0 0 0 0 0 0 0 0 0 80 90 95 97 98 102 103 104 104 104 104 104 104 104 104 104 104 104 104 104 103 103 101 101 101 101 101 103 105 106 101 100 98 92 74 0 0 0 0 0 0 0 0 0 0 0 61 64 66 69 70 75 78 83 
67 70 67 68 68 69 69 69 69 69 69 69 69 70 70 70 71 72 72 73 73 72 73 73 74 75 76 76 77 77 77 73 71 69 65 56 0 0 0 0 0 0 0 0 0 0 0 0 0 0 0 0 0 0 0 0 0 0 0 0 0 0 0 0 0 0 0 0 0 68 79 83 85 86 91 91 92 92 92 92 91 83 81 77 70 54 0 0 0 0 0 0 0 0 0 0 0 0 0 0 0 0 0 0 0 0 0 0 0 0 0 0 0 0 0 0 0 0 0 0 0 0 78 89 94 96 97 102 103 104 104 104 105 104 104 103 104 104 104 104 104 104 103 103 101 101 101 101 101 102 104 106 100 100 98 93 74 0 0 0 0 0 0 0 0 0 0 0 61 64 66 68 70 74 75 88 
64 69 67 68 67 68 69 69 69 69 68 69 69 69 69 70 71 71 72 73 73 73 73 73 74 75 76 77 78 77 77 73 71 69 65 55 0 0 0 0 0 0 0 0 0 0 0 0 0 0 0 0 0 0 0 0 0 0 0 0 0 0 0 0 0 0 0 0 0 70 80 83 85 87 91 91 92 92 92 92 90 83 81 77 70 55 0 0 0 0 0 0 0 0 0 0 0 0 0 0 0 0 0 0 0 0 0 0 0 0 0 0 0 0 0 0 0 0 0 0 0 0 76 88 93 95 97 102 103 104 104 104 105 104 104 103 103 104 104 104 104 104 103 103 102 101 101 101 101 102 104 106 101 101 100 95 77 0 0 0 0 0 0 0 0 0 0 0 62 65 66 68 70 74 79 80 
65 66 66 67 67 68 68 69 69 69 68 68 69 69 69 69 70 71 72 73 73 73 74 74 74 75 76 76 77 77 77 72 70 68 63 52 0 0 0 0 0 0 0 0 0 0 0 0 0 0 0 0 0 0 0 0 0 0 0 0 0 0 0 0 0 0 0 0 0 72 81 84 86 87 91 91 92 92 92 92 91 83 79 74 67 51 0 0 0 0 0 0 0 0 0 0 0 0 0 0 0 0 0 0 0 0 0 0 0 0 0 0 0 0 0 0 0 0 0 0 0 0 75 87 92 95 97 102 103 103 104 104 104 104 104 103 103 103 103 103 103 103 103 103 102 102 102 102 101 102 103 105 101 102 101 97 81 0 0 0 0 0 0 0 0 0 0 0 61 64 65 67 69 73 76 80 
66 74 66 67 67 68 68 69 69 69 68 68 69 69 69 69 70 71 72 72 72 73 73 74 74 75 75 75 76 77 76 72 71 69 63 52 0 0 0 0 0 0 0 0 0 0 0 0 0 0 0 0 0 0 0 0 0 0 0 0 0 0 0 0 0 0 0 0 0 72 80 84 86 87 91 91 92 92 92 92 91 83 79 74 67 51 0 0 0 0 0 0 0 0 0 0 0 0 0 0 0 0 0 0 0 0 0 0 0 0 0 0 0 0 0 0 0 0 0 0 0 0 73 86 92 95 96 102 104 104 104 104 105 104 104 103 103 103 103 103 103 103 103 103 102 102 102 102 101 102 103 105 102 103 102 100 86 0 0 0 0 0 0 0 0 0 0 0 60 63 65 66 68 73 78 83 
63 65 67 67 67 67 67 67 68 68 68 68 68 68 68 69 70 71 71 72 73 73 73 74 74 74 75 76 77 77 76 73 72 70 63 0 0 0 0 0 0 0 0 0 0 0 0 0 0 0 0 0 0 0 0 0 0 0 0 0 0 0 0 0 0 39 0 0 0 68 81 84 86 87 91 91 92 92 92 91 91 83 79 74 67 51 0 0 0 0 0 0 0 0 0 0 0 0 0 0 0 0 0 0 0 0 0 0 0 0 0 0 0 0 0 0 0 0 0 0 0 0 71 86 91 94 96 102 103 103 104 104 104 104 103 103 103 103 103 103 103 103 103 103 103 102 102 102 101 102 103 105 103 101 100 97 83 0 0 0 0 0 0 0 0 0 0 0 59 62 64 65 68 73 81 85 
66 68 67 67 66 67 67 67 68 68 68 68 68 68 68 69 70 71 71 72 72 72 73 73 73 74 75 76 77 78 76 74 73 71 64 0 0 0 0 0 0 0 0 0 0 0 0 0 0 0 0 0 0 0 0 0 0 0 0 0 0 0 0 0 0 39 0 0 0 69 81 84 87 88 91 92 92 92 92 92 91 82 78 74 66 50 0 0 0 0 0 0 0 0 0 0 0 0 0 0 0 0 0 0 0 0 0 0 0 0 0 0 0 0 0 0 0 0 0 0 0 0 69 85 91 94 96 102 103 104 104 104 104 104 104 104 104 103 103 103 103 103 103 103 102 102 102 102 101 102 103 105 103 99 98 94 82 0 0 0 0 0 0 0 0 0 0 0 59 63 64 66 68 73 78 82 
67 68 66 67 66 67 68 68 68 68 68 67 68 68 69 69 70 71 71 72 72 73 73 73 74 74 75 76 76 77 76 74 73 71 65 0 0 0 0 0 0 0 0 0 0 0 0 0 0 0 0 0 0 0 0 0 0 0 0 0 0 0 0 0 0 39 0 0 0 69 82 85 87 88 92 92 92 92 92 91 90 82 78 73 66 49 0 0 0 0 0 0 0 0 0 0 0 0 0 0 0 0 0 0 0 0 0 0 0 0 0 0 0 0 0 0 0 0 0 0 0 0 69 84 90 94 95 102 103 104 104 104 104 104 103 103 104 103 103 103 103 103 103 102 102 102 102 101 101 102 103 104 104 98 96 93 81 0 0 0 0 0 0 0 0 0 0 0 59 62 63 65 68 72 81 81 
67 68 66 67 67 66 67 68 68 68 68 68 68 68 69 69 70 70 71 71 72 73 73 74 74 75 76 76 77 77 75 75 74 72 67 0 0 0 0 0 0 0 0 0 0 0 0 0 0 0 0 0 0 0 0 0 0 0 0 0 0 0 0 0 39 39 39 0 0 69 82 85 86 88 92 92 92 92 92 91 90 82 80 75 68 51 0 0 0 0 0 0 0 0 0 0 0 0 0 0 0 0 0 0 0 0 0 0 0 0 0 0 0 0 0 0 0 0 0 0 0 0 68 83 90 93 95 102 103 104 104 104 104 104 104 104 104 104 103 103 103 103 103 102 102 101 101 101 101 102 103 105 104 97 95 91 80 57 0 0 0 0 0 0 0 0 0 0 59 63 64 65 68 72 78 82 
64 66 65 65 66 66 67 67 68 68 68 68 68 68 69 69 70 71 71 72 73 73 74 74 75 75 76 77 77 77 75 74 73 71 66 0 0 0 0 0 0 0 0 0 0 0 0 0 0 0 0 0 0 0 0 0 0 0 0 0 0 0 0 0 0 0 0 0 0 70 83 86 87 88 92 92 92 92 92 91 90 82 78 73 66 49 0 0 0 0 0 0 0 0 0 0 0 0 0 0 0 0 0 0 0 0 0 0 0 0 0 0 0 0 0 0 0 0 0 0 0 0 67 83 90 93 95 102 103 103 104 104 105 105 104 105 105 104 104 104 104 104 103 103 102 101 101 101 101 102 103 104 104 96 93 89 79 58 0 0 0 0 0 0 0 0 0 0 59 62 63 65 67 71 77 85 
62 64 65 65 66 66 67 68 68 68 69 68 68 69 69 70 71 71 72 73 73 74 74 74 75 75 76 76 76 77 74 74 72 71 65 0 0 0 0 0 0 0 0 0 0 0 0 0 0 0 0 0 0 0 0 0 0 0 0 0 0 0 0 0 0 0 0 0 0 77 83 86 88 89 92 92 92 92 92 91 90 82 78 74 66 50 0 0 0 0 0 0 0 0 0 0 0 0 0 0 0 0 0 0 0 0 0 0 0 0 0 0 0 0 0 0 0 0 0 0 0 0 66 82 90 93 95 102 103 104 104 104 105 105 105 105 105 105 104 104 104 104 103 103 102 101 102 101 102 102 103 105 105 97 95 92 83 62 0 0 0 0 0 0 0 0 0 0 0 63 64 65 67 71 76 76 
66 60 65 65 66 66 67 67 67 68 68 68 68 69 69 70 71 72 72 73 73 74 75 75 75 76 76 76 76 76 74 73 72 70 63 0 0 0 0 0 0 0 0 0 0 0 0 0 0 0 0 0 0 0 0 0 0 0 0 0 0 0 0 0 0 0 0 0 0 71 80 83 85 89 91 92 92 92 91 91 90 83 77 73 65 49 0 0 0 0 0 0 0 0 0 0 0 0 0 0 0 0 0 0 0 0 0 0 0 0 0 0 0 0 0 0 0 0 0 0 0 0 66 82 90 93 95 103 104 104 104 104 105 105 105 105 105 105 104 104 104 104 103 103 102 101 101 101 102 103 103 105 105 98 96 94 85 66 0 0 0 0 0 0 0 0 0 0 0 62 63 64 67 70 72 80 
62 63 65 65 66 66 66 67 67 68 68 68 69 69 69 70 71 72 72 73 73 74 74 75 75 76 76 76 77 77 74 74 72 69 63 0 0 0 0 0 0 0 0 0 0 0 0 0 0 0 0 0 0 0 0 0 0 0 0 0 0 0 0 0 0 0 0 0 37 66 76 80 83 88 91 91 91 91 91 92 91 83 76 72 64 49 0 0 0 0 0 0 0 0 0 0 0 0 0 0 0 0 0 0 0 0 0 0 0 0 0 0 0 0 0 0 0 0 0 0 0 0 60 77 86 90 95 103 104 104 104 104 104 105 105 105 105 105 104 104 104 104 103 103 102 101 101 101 102 103 104 105 106 99 98 96 88 70 0 0 0 0 0 0 0 0 0 0 0 61 62 64 66 70 75 80 
61 67 65 66 66 66 66 66 66 67 68 68 69 70 70 70 71 72 72 73 73 74 74 74 75 75 75 76 76 76 74 74 72 69 62 0 0 0 0 0 0 0 0 0 0 0 0 0 0 0 0 0 0 0 0 0 0 0 0 0 0 0 0 0 0 0 0 0 0 67 76 81 83 88 90 91 91 91 91 92 91 84 75 70 62 48 40 0 0 0 0 0 0 0 0 0 0 0 0 0 0 0 0 0 0 0 0 0 0 0 0 0 0 0 0 0 0 0 0 0 0 0 57 74 83 88 95 103 105 105 105 105 105 105 105 105 105 105 104 104 104 103 103 103 102 102 102 102 102 103 103 105 107 100 98 97 90 71 0 0 0 0 0 0 0 0 0 0 0 59 61 63 65 69 71 82 
59 70 65 66 66 67 66 66 67 67 67 68 68 69 69 70 70 72 72 73 73 74 74 74 74 75 75 75 76 76 73 72 71 68 60 0 0 0 0 0 0 0 0 0 0 0 0 0 0 0 0 0 0 0 0 0 0 0 0 0 0 0 0 0 0 0 0 0 38 64 74 79 81 88 90 91 91 91 91 92 92 84 75 71 63 48 41 0 0 0 0 0 0 0 0 0 0 0 0 0 0 0 0 0 0 0 0 0 0 0 0 0 0 0 0 0 0 0 0 0 0 0 56 74 83 88 96 104 105 105 105 105 105 106 105 105 104 105 104 104 103 103 102 102 102 102 102 102 102 103 103 105 107 100 99 97 91 72 0 0 0 0 0 0 0 0 0 0 0 0 62 63 66 69 76 87 
67 64 66 66 66 66 66 66 67 67 67 68 68 69 69 70 70 71 72 72 73 73 73 74 74 74 75 76 76 76 73 73 71 68 61 0 0 0 0 0 0 0 0 0 0 0 0 0 0 0 0 0 0 0 0 0 0 0 0 0 0 0 0 0 0 0 0 0 39 62 71 77 80 88 91 91 91 91 92 92 92 84 74 70 62 48 42 0 0 0 0 0 0 0 0 0 0 0 0 0 0 0 0 0 0 0 0 0 0 0 0 0 0 0 0 0 0 0 0 0 0 0 54 71 81 86 96 105 106 106 106 105 105 105 105 105 105 104 103 103 103 103 102 102 102 102 101 101 102 102 102 104 106 100 98 97 90 71 0 0 0 0 0 0 0 0 0 0 0 0 62 63 66 70 69 77 
65 67 65 66 66 67 66 67 67 67 67 68 69 69 70 70 70 71 71 72 73 73 74 74 75 75 75 76 76 76 74 73 71 69 62 0 0 0 0 0 0 0 0 0 0 0 0 0 0 0 0 0 0 0 0 0 0 0 0 0 0 0 0 0 0 0 0 0 39 62 72 77 80 89 91 91 91 91 92 92 92 85 75 70 62 48 42 0 0 0 0 0 0 0 0 0 0 0 0 0 0 0 0 0 0 0 0 0 0 0 0 0 0 0 0 0 0 0 0 0 0 40 52 69 79 85 97 105 107 107 106 106 106 106 106 106 105 105 103 103 103 103 102 102 102 102 101 101 101 102 102 104 106 99 98 96 89 69 0 0 0 0 0 0 0 0 0 0 0 0 0 62 65 70 65 74 
66 67 65 65 66 66 66 67 67 67 67 68 69 70 70 70 70 71 71 72 73 73 73 74 74 74 75 75 75 75 73 73 71 69 62 0 0 0 0 0 0 0 0 0 0 0 0 0 0 0 0 0 0 0 0 0 0 0 0 0 0 0 0 0 0 0 0 0 39 62 72 77 81 89 91 92 92 92 92 92 92 85 75 70 62 49 42 0 0 0 0 0 0 0 0 0 0 0 0 0 0 0 0 0 0 0 0 0 0 0 0 0 0 0 0 0 0 0 0 0 0 41 53 70 79 85 97 106 107 107 107 106 106 106 106 106 105 105 104 104 103 103 102 102 102 102 101 101 101 102 102 104 106 99 98 96 89 68 0 0 0 0 0 0 0 0 0 0 0 0 0 0 65 70 65 78 
64 58 65 65 66 66 66 66 67 67 67 69 69 70 70 71 71 71 71 71 72 72 73 74 74 75 75 76 75 76 73 73 72 70 62 0 0 0 0 0 0 0 0 0 0 0 0 0 0 0 0 0 0 0 0 0 0 0 0 0 0 0 0 0 0 0 0 0 39 61 70 76 79 90 92 92 92 92 93 93 92 85 75 70 63 49 42 0 0 0 0 0 0 0 0 0 0 0 0 0 0 0 0 0 0 0 0 0 0 0 0 0 0 0 0 0 0 0 0 0 0 40 52 70 79 86 97 106 108 108 107 106 106 106 106 106 105 105 104 104 103 103 102 102 102 102 101 101 102 101 102 104 106 99 98 96 89 67 0 0 0 0 0 0 0 0 0 0 0 0 0 0 0 72 0 72 
62 68 65 65 66 66 66 66 66 67 67 69 69 70 71 71 71 71 71 71 72 72 73 74 74 74 75 76 76 76 74 74 73 71 64 0 0 0 0 0 0 0 0 0 0 0 0 0 0 0 0 0 0 0 0 0 0 0 0 0 0 0 0 0 0 0 0 0 39 61 71 76 79 90 92 92 93 93 93 93 92 84 74 70 62 50 43 0 0 0 0 0 0 0 0 0 0 0 0 0 0 0 0 0 0 0 0 0 0 0 0 0 0 0 0 0 0 0 0 0 0 41 51 68 78 84 97 106 108 108 107 107 107 106 106 106 106 105 104 104 103 103 103 103 102 102 102 101 101 102 102 104 106 99 98 96 89 68 0 0 0 0 0 0 0 0 0 0 0 0 0 0 0 72 0 72 
68 66 64 65 65 66 66 66 67 67 67 68 69 70 71 71 71 71 71 71 72 72 73 74 75 75 75 76 76 76 75 74 73 72 65 0 0 0 0 0 0 0 0 0 0 0 0 0 0 0 0 0 0 0 0 0 0 0 0 0 0 0 0 0 0 0 0 0 40 61 71 76 79 90 92 92 93 93 93 93 92 85 75 70 63 50 42 0 0 0 0 0 0 0 0 0 0 0 0 0 0 0 0 0 0 0 0 0 0 0 0 0 0 0 0 0 0 0 0 0 0 41 51 68 78 84 97 107 108 108 107 108 107 107 106 106 105 105 104 104 104 103 102 102 102 102 102 102 102 102 102 104 106 100 99 97 90 70 0 0 0 0 0 0 0 0 0 0 0 0 0 0 0 70 0 77 
66 64 65 65 65 65 65 66 66 67 67 68 69 70 71 71 71 71 71 71 72 72 72 74 74 74 75 76 76 76 74 74 73 71 65 0 0 0 0 0 0 0 0 0 0 0 0 0 0 0 0 0 0 0 0 0 0 0 0 0 0 0 0 0 0 0 0 0 41 62 72 76 79 89 92 92 93 93 93 93 92 85 75 70 63 50 43 0 0 0 0 0 0 0 0 0 0 0 0 0 0 0 0 0 0 0 0 0 0 0 0 0 0 0 0 0 0 0 0 0 0 41 51 67 78 84 97 106 108 108 108 108 107 107 107 106 106 106 105 105 105 104 103 103 102 102 102 102 101 102 102 104 106 100 99 97 91 71 0 0 0 0 0 0 0 0 0 0 0 0 0 0 0 71 61 74 
58 66 65 65 65 66 65 65 66 66 67 68 69 70 70 71 71 71 71 71 72 72 72 73 74 74 75 76 76 77 75 75 74 72 65 0 0 0 0 0 0 0 0 0 0 0 0 0 0 0 0 0 0 0 0 0 0 0 0 0 0 0 0 0 0 0 0 0 43 63 72 77 80 90 92 92 93 93 93 93 92 86 75 71 63 51 43 0 0 0 0 0 0 0 0 0 0 0 0 0 0 0 0 0 0 0 0 0 0 0 0 0 0 0 0 0 0 0 0 0 0 41 50 67 78 84 97 107 108 108 108 108 107 107 107 106 106 106 105 104 104 104 103 103 103 103 102 102 102 102 103 104 106 101 100 98 93 73 0 0 0 0 0 0 0 0 0 0 0 0 0 0 0 72 58 76 
66 62 64 64 65 65 65 65 66 66 67 68 69 69 70 70 70 71 71 71 72 73 73 74 74 75 75 76 76 77 75 74 73 71 61 0 0 0 0 0 0 0 0 0 0 0 0 0 0 0 0 0 0 0 0 0 0 0 0 0 0 0 38 38 38 38 0 0 42 63 72 77 81 90 92 93 93 93 93 94 93 86 76 72 65 53 44 0 0 0 0 0 0 0 0 0 0 0 0 0 0 0 0 0 0 0 0 0 0 0 0 0 0 0 0 0 0 0 0 0 0 42 50 67 77 83 97 107 108 108 108 108 108 107 107 106 106 105 105 104 104 103 103 103 102 102 102 102 101 102 102 104 106 101 100 98 93 75 0 0 0 0 0 0 0 0 0 0 0 0 0 0 66 72 0 77 
64 65 64 65 65 65 65 65 66 67 68 68 69 69 70 70 70 70 71 71 72 72 73 74 74 75 75 76 76 77 74 74 73 71 61 0 0 0 0 0 0 0 0 0 0 0 0 0 0 0 0 0 0 0 0 0 0 0 0 0 0 0 38 38 38 38 0 0 43 63 72 77 81 90 92 93 93 93 94 94 93 87 77 73 66 53 44 0 0 0 0 0 0 0 0 0 0 0 0 0 0 0 0 0 0 0 0 0 0 0 0 0 0 0 0 0 0 0 0 0 0 42 51 67 78 84 97 107 108 108 108 107 107 107 106 105 105 105 105 104 104 103 103 102 102 102 102 101 101 102 102 103 106 101 100 99 94 75 0 0 0 0 0 0 0 0 0 0 0 0 0 0 67 73 80 75 
66 65 65 65 65 65 65 66 66 67 68 69 69 69 69 69 69 70 71 71 72 73 73 73 74 74 75 75 76 76 74 74 73 71 58 0 0 0 0 0 0 0 0 0 0 0 0 0 0 0 0 0 0 0 0 0 0 0 0 0 0 39 38 38 38 38 0 0 43 64 73 78 81 91 93 93 93 93 94 94 94 88 78 73 66 54 45 0 0 0 0 0 0 0 0 0 0 0 39 39 39 39 0 0 0 0 0 0 0 0 0 0 0 0 0 0 0 0 0 0 0 43 52 68 78 84 97 106 107 108 108 107 107 107 106 106 106 105 105 104 104 103 103 102 102 102 101 101 101 102 102 103 106 101 100 99 95 75 0 0 0 0 0 0 0 0 0 0 0 0 0 0 69 74 66 84 
64 70 65 65 65 66 66 66 67 67 67 68 68 68 69 69 69 70 71 72 72 73 73 73 74 74 75 76 76 76 74 73 72 70 57 0 0 0 0 0 0 0 0 0 0 0 0 0 0 0 0 0 0 0 0 0 0 0 0 0 0 38 38 38 38 38 0 0 43 65 74 79 82 91 93 94 94 94 94 95 94 88 79 74 67 55 46 0 0 0 0 0 0 0 0 0 0 0 42 42 42 42 0 0 0 0 0 0 0 0 0 0 0 0 0 0 0 0 0 0 0 43 52 68 78 84 97 106 107 108 108 107 107 107 106 106 105 105 104 104 103 103 102 102 102 102 101 101 101 101 101 103 106 101 100 99 95 75 0 0 0 0 0 0 0 0 0 0 0 0 0 0 68 73 64 79 
63 65 64 65 65 66 66 67 67 67 67 68 68 69 69 69 69 70 71 71 72 72 73 73 74 74 75 76 76 76 74 73 71 69 56 0 0 0 0 0 0 0 0 0 0 0 0 0 0 0 0 0 0 0 0 0 0 0 0 0 0 38 38 38 38 37 0 0 42 64 73 78 81 91 93 93 94 94 95 96 95 89 80 75 68 56 48 0 0 0 0 0 0 0 0 0 0 44 47 46 46 46 48 0 0 0 0 0 0 0 0 0 0 0 0 0 0 0 0 0 0 43 52 68 77 83 96 106 107 108 108 107 107 107 106 105 105 105 104 104 103 103 102 102 101 101 101 101 101 101 101 102 105 100 100 99 95 76 0 0 0 0 0 0 0 0 0 0 0 0 0 0 64 72 66 78 
60 63 64 65 65 66 66 67 67 67 67 68 68 69 69 70 70 71 71 72 72 72 73 73 74 74 75 76 76 76 73 73 71 69 59 0 0 0 0 0 0 0 0 0 0 0 0 0 0 0 0 0 0 0 0 0 0 0 0 0 0 38 38 38 38 37 0 0 43 65 74 79 82 91 93 94 94 95 95 96 96 90 80 76 69 57 49 0 0 0 0 0 0 0 0 0 0 42 47 47 47 47 50 0 0 0 0 0 0 0 0 0 0 0 0 0 0 0 0 0 0 44 53 68 77 84 96 105 107 107 107 107 107 107 106 106 106 105 105 104 103 103 103 102 102 102 101 101 101 101 100 102 105 100 100 100 96 78 0 0 0 0 0 0 0 0 0 0 0 0 0 0 64 71 62 78 
60 62 64 65 65 66 66 67 67 67 67 67 68 68 69 69 70 70 71 71 72 72 72 73 74 74 75 76 75 76 73 72 70 68 57 0 0 0 0 0 0 0 0 0 0 0 0 0 0 0 0 0 0 0 0 0 0 0 0 0 0 38 38 38 38 37 0 0 44 66 75 80 82 92 93 94 94 95 96 97 96 90 81 77 70 59 51 0 0 0 0 0 0 0 0 0 0 44 51 53 53 53 56 48 0 0 0 0 0 0 0 0 0 0 0 0 0 0 0 0 0 45 53 67 77 83 96 105 107 107 107 107 107 107 106 106 105 105 104 104 103 103 102 101 101 101 101 101 101 101 101 102 105 101 101 100 97 80 0 0 0 0 0 0 0 0 0 0 0 0 0 0 64 70 60 81 
64 65 64 65 65 66 66 66 67 66 66 67 67 68 69 70 70 71 71 72 72 72 73 73 73 73 74 76 76 76 73 72 70 67 59 0 0 0 0 0 0 0 0 0 0 0 0 0 0 0 0 0 0 0 0 0 0 0 0 0 0 0 0 38 37 37 0 0 44 65 75 80 83 92 94 94 94 95 96 96 96 91 82 79 72 61 53 0 0 0 0 0 0 0 0 0 0 44 56 62 62 61 64 58 0 0 0 0 0 0 0 0 0 0 0 0 0 0 0 0 0 45 53 67 77 83 96 105 107 107 107 107 107 106 106 106 105 105 104 104 103 103 102 101 101 101 101 101 101 101 101 102 104 101 101 100 98 82 0 0 0 0 0 0 0 0 0 0 0 0 0 0 64 69 65 75 
66 60 64 64 65 65 66 66 66 66 67 67 68 68 69 70 71 71 71 72 73 73 73 74 74 74 74 75 76 76 73 72 70 67 60 0 0 0 0 0 0 0 0 0 0 0 0 0 0 0 0 0 0 0 0 0 0 0 0 0 0 0 0 38 38 38 0 0 45 65 75 80 83 93 94 94 95 95 96 97 97 92 83 80 74 62 54 0 0 0 0 0 0 0 0 0 0 41 59 71 71 69 71 68 0 0 0 0 0 0 0 0 0 0 0 0 0 0 0 0 0 45 53 67 78 84 96 105 107 107 107 107 107 106 106 106 105 105 104 104 103 102 102 101 101 101 101 101 101 101 100 102 105 101 101 102 99 84 0 0 0 0 0 0 0 0 0 0 0 0 0 0 64 69 70 76 
62 66 64 64 65 65 65 66 66 66 67 67 67 68 68 69 70 71 71 73 73 73 73 74 74 74 75 75 76 76 73 72 71 68 61 0 0 0 0 0 0 0 0 0 0 0 0 0 0 0 0 0 0 0 0 0 0 0 0 0 0 0 0 0 0 0 0 0 45 66 75 81 83 93 95 95 95 95 96 97 97 92 84 78 72 61 52 0 0 0 0 0 0 0 0 0 0 38 55 78 77 73 76 78 50 0 0 0 0 0 0 0 0 0 0 0 0 0 0 0 0 46 53 68 78 84 97 106 108 107 107 107 107 106 106 106 105 105 105 104 103 102 102 101 101 101 101 100 101 100 100 102 105 101 102 102 99 86 0 0 0 0 0 0 0 0 0 0 0 0 0 60 65 69 70 77 
68 61 65 65 65 65 65 65 66 66 66 67 67 68 68 69 70 70 71 72 72 73 73 73 74 74 75 75 76 76 73 72 71 68 61 0 0 0 0 0 0 0 0 0 0 0 0 0 0 0 0 0 0 0 0 0 0 0 0 0 0 0 0 0 0 0 0 0 47 66 75 81 84 93 95 95 95 95 96 97 98 93 85 78 71 61 53 0 0 0 0 0 0 0 0 0 0 0 57 87 100 95 96 105 92 60 0 0 0 0 0 0 0 0 0 0 0 0 0 0 0 46 53 68 78 84 96 106 107 107 107 106 106 106 106 105 105 105 104 104 103 102 101 101 101 101 100 100 101 101 101 102 105 102 101 101 99 85 0 0 0 0 0 0 0 0 0 0 0 0 0 61 66 69 68 82 
65 64 65 65 65 65 65 65 66 66 66 67 67 68 69 70 70 71 71 72 73 73 73 74 74 75 75 76 76 76 74 73 72 68 62 0 0 0 0 0 0 0 0 0 0 0 0 0 0 0 0 0 0 0 0 0 0 0 0 0 0 0 0 0 0 0 0 0 47 66 75 81 85 94 96 96 95 95 96 97 98 93 87 80 74 66 62 0 0 0 0 0 0 0 0 0 0 0 52 125 131 155 162 190 170 169 0 0 0 0 0 0 0 0 0 0 0 0 0 0 0 53 56 69 79 85 96 106 107 107 107 107 106 106 106 105 105 104 104 103 103 102 102 101 101 101 100 100 100 101 101 102 105 101 101 100 98 84 0 0 0 0 0 0 0 0 0 0 0 0 0 62 65 69 70 71 
62 67 65 65 66 66 65 66 66 66 66 67 67 68 68 69 70 71 71 72 72 73 73 74 74 74 75 76 76 76 73 73 71 69 62 0 0 0 0 0 0 0 0 0 0 0 0 0 0 0 0 0 0 0 0 0 0 0 0 0 0 0 0 0 0 0 0 0 48 66 75 81 86 96 98 98 97 96 96 97 98 93 89 87 81 77 79 82 0 0 0 0 0 0 0 0 0 38 52 194 191 210 238 271 196 202 126 0 0 0 0 0 0 0 0 0 0 0 0 0 0 69 66 75 82 87 97 106 107 107 107 106 106 106 106 105 105 104 104 103 103 102 102 101 101 101 100 99 100 100 100 102 105 101 101 100 98 83 0 0 0 0 0 0 0 0 0 0 0 0 0 62 66 69 74 73 
66 62 65 66 66 66 65 65 65 66 66 67 67 68 68 70 70 71 71 72 72 73 73 73 74 75 75 76 76 76 73 73 71 69 62 0 0 0 0 0 0 0 0 0 0 0 0 0 0 0 0 0 0 0 0 0 0 0 0 0 0 0 0 0 0 0 0 0 48 66 74 81 88 99 101 101 99 97 96 97 98 93 90 90 83 80 83 82 0 0 0 0 0 0 0 0 0 0 53 237 228 241 270 292 192 196 129 48 0 0 0 0 0 0 0 0 0 0 0 0 0 81 74 81 86 89 96 105 107 107 107 107 106 106 105 105 104 103 103 103 102 102 102 101 101 101 99 99 99 99 100 101 103 100 99 99 96 81 0 0 0 0 0 0 0 0 0 0 0 0 0 63 66 69 67 78 
62 66 64 65 66 65 65 65 66 66 66 67 67 68 68 69 70 71 71 72 72 73 73 73 74 74 75 76 77 77 74 73 72 69 61 0 0 0 0 0 0 0 0 0 0 0 0 0 0 0 0 0 0 0 0 0 0 0 0 0 0 0 0 0 0 0 0 0 48 65 74 81 88 100 102 103 101 97 96 97 97 93 90 90 84 80 83 83 0 0 0 0 0 0 0 0 0 0 55 258 263 315 313 324 232 222 105 48 46 0 0 0 0 0 0 0 0 0 0 0 85 80 73 80 85 90 96 105 106 106 106 106 106 105 105 104 104 103 102 102 102 101 101 100 100 99 98 98 98 98 99 100 102 99 98 97 95 81 0 0 0 0 0 0 0 0 0 0 0 0 0 63 66 70 68 82 
61 66 64 65 65 65 65 66 66 66 66 67 68 68 69 69 70 71 71 72 72 73 73 73 74 74 75 76 76 77 74 73 72 69 61 0 0 0 0 0 0 0 0 0 0 0 0 0 0 0 0 0 0 0 0 0 0 0 0 0 0 0 0 0 0 0 0 0 47 65 73 80 88 99 102 103 102 98 96 97 97 93 90 92 85 82 86 90 0 0 0 0 0 0 0 0 0 0 56 266 258 316 314 298 203 201 97 48 46 0 0 0 0 0 0 0 0 0 0 0 85 80 73 80 86 90 96 105 107 106 106 106 106 105 105 104 104 102 101 100 99 98 97 96 95 94 93 93 93 94 95 96 98 95 94 93 90 76 0 0 0 0 0 0 0 0 0 0 0 0 60 62 65 69 75 80 
65 62 64 64 65 65 65 65 66 66 66 67 68 68 69 70 70 71 71 71 72 73 73 73 74 74 75 76 76 76 73 72 71 69 61 0 0 0 0 0 0 0 0 0 0 0 0 0 0 0 0 0 0 0 0 0 0 0 0 0 0 0 0 0 0 0 0 0 47 64 73 79 87 99 102 102 101 98 96 96 97 92 88 90 83 79 82 89 0 0 0 0 0 0 0 0 0 0 60 280 250 278 263 250 167 166 95 49 46 0 0 0 0 0 0 0 0 0 0 0 0 79 72 79 85 89 95 105 106 106 106 106 106 105 104 103 101 99 96 93 92 90 89 90 90 90 91 89 89 88 88 88 90 87 88 87 86 75 0 0 0 0 0 0 0 0 0 0 0 0 59 61 64 68 69 75 
61 65 64 64 65 65 65 65 66 66 66 67 68 69 69 70 71 71 71 71 72 72 73 73 74 75 75 76 77 76 73 73 72 69 62 0 0 0 0 0 0 0 0 0 0 0 0 0 0 0 0 0 0 0 0 0 0 0 0 0 0 0 0 0 0 0 0 0 46 64 73 79 85 97 100 101 100 97 96 96 96 92 85 83 76 68 65 0 0 0 0 0 0 0 0 0 0 0 0 206 176 222 191 183 147 150 75 49 46 0 0 0 0 0 0 0 0 0 0 0 0 68 64 74 82 86 95 104 106 106 106 106 106 105 103 100 98 95 92 89 90 87 86 87 88 87 89 87 87 86 85 85 87 84 84 84 82 0 0 0 0 0 0 0 0 0 0 0 0 0 59 61 64 67 66 82 
65 61 64 64 64 65 65 65 65 66 66 67 68 68 69 70 71 71 72 72 72 72 73 73 74 75 75 76 76 76 74 73 72 69 62 0 0 0 0 0 0 0 0 0 0 0 0 0 0 0 0 0 0 0 0 0 0 0 0 0 0 0 0 0 0 0 0 0 46 64 73 78 83 94 97 98 98 96 95 96 96 91 83 78 72 62 53 0 0 0 0 0 0 0 0 0 0 0 0 0 119 187 153 148 140 141 61 47 0 0 0 0 0 0 0 0 0 0 0 0 0 52 55 68 77 84 95 104 106 106 106 105 105 103 99 96 94 90 85 83 81 77 76 75 77 77 81 80 83 81 80 80 82 80 80 80 78 0 0 0 0 0 0 0 0 0 0 0 0 59 59 61 63 66 65 76 
62 63 64 64 65 65 65 65 65 66 66 67 68 68 69 70 70 71 72 72 72 72 73 73 74 74 75 75 75 76 73 72 71 69 62 0 0 0 0 0 0 0 0 0 0 0 0 0 0 0 0 0 0 0 0 0 0 0 0 0 0 0 0 0 0 0 0 0 46 64 73 78 82 92 95 96 96 96 95 96 95 91 82 79 73 62 54 0 0 0 0 0 0 0 0 0 0 0 0 0 69 105 97 93 94 98 72 0 0 0 0 0 0 0 0 0 0 0 0 0 0 50 54 68 78 84 95 104 106 106 106 106 104 100 96 92 86 82 79 77 76 74 73 71 71 69 70 66 67 65 64 64 66 66 67 69 0 0 0 0 0 0 0 0 0 0 0 0 0 59 60 61 62 66 74 75 
63 64 64 65 65 66 66 65 65 66 66 67 68 68 68 69 70 70 71 71 72 72 72 73 73 74 75 75 76 76 73 72 72 69 62 0 0 0 0 0 0 0 0 0 0 0 0 0 0 0 0 0 0 0 0 0 0 0 0 0 0 0 0 0 0 0 0 0 44 63 73 78 81 92 95 96 96 96 95 95 95 90 82 78 72 61 53 0 0 0 0 0 0 0 0 0 0 0 0 0 0 96 95 95 95 102 94 0 0 0 0 0 0 0 0 0 0 0 0 0 0 48 54 68 77 83 95 104 106 106 106 106 102 98 94 87 80 76 75 75 77 76 75 72 71 67 64 57 59 60 61 62 63 63 64 63 0 0 0 0 0 0 0 0 0 0 0 0 0 60 61 62 63 66 66 82 
59 63 64 65 65 66 65 65 65 65 66 67 68 68 68 69 69 70 70 71 71 72 72 73 73 74 74 75 75 76 73 72 71 69 62 0 0 0 0 0 0 0 0 0 0 0 0 0 0 0 0 0 0 0 0 0 0 0 0 0 0 0 0 0 0 0 0 0 43 63 73 78 81 92 95 95 95 96 95 95 95 90 81 77 71 60 51 0 0 0 0 0 0 0 0 0 0 0 0 0 0 85 92 88 88 92 91 0 0 0 0 0 0 0 0 0 0 0 0 0 0 48 53 68 77 83 95 104 106 106 105 105 100 96 89 82 75 76 79 84 86 85 82 77 74 69 65 67 71 72 74 73 73 73 72 0 0 0 0 0 0 0 0 0 0 0 0 0 0 61 62 63 64 67 68 82 
62 60 64 64 64 65 65 65 65 66 66 67 68 69 68 69 70 70 70 72 71 72 73 73 73 74 74 75 75 76 73 72 71 69 61 0 0 0 0 0 0 0 0 0 0 0 0 0 0 0 0 0 0 0 0 0 0 0 0 0 0 0 0 0 0 0 0 0 44 63 73 78 81 91 95 95 95 95 95 95 94 89 80 77 70 59 51 0 0 0 0 0 0 0 0 0 0 0 0 0 0 0 85 80 80 80 81 0 0 0 0 0 0 0 0 0 0 0 0 0 0 47 52 67 76 83 94 103 105 105 104 104 99 94 87 80 75 79 84 88 89 86 83 78 73 68 69 72 76 78 79 78 77 77 75 69 0 0 0 0 0 0 0 0 0 0 0 0 0 63 63 63 65 68 67 75 
67 67 64 64 64 65 65 65 66 66 67 67 68 68 68 69 69 70 70 71 72 72 73 73 73 74 74 75 75 75 73 72 71 69 61 0 0 0 0 0 0 0 0 0 0 0 0 0 0 0 0 0 0 0 0 0 0 0 0 0 0 0 0 0 0 0 0 0 43 62 72 77 80 91 94 95 95 95 95 95 94 89 80 76 69 57 49 0 0 0 0 0 0 0 0 0 0 0 0 0 0 0 73 68 68 68 69 0 0 0 0 0 0 0 0 0 0 0 0 0 0 45 51 66 76 82 94 103 105 104 103 102 98 91 85 79 77 82 89 93 94 92 89 83 77 71 73 77 80 82 83 81 80 80 78 72 0 0 0 0 0 0 0 0 0 0 0 0 0 61 63 64 65 68 68 80 
63 67 64 64 65 65 65 65 66 66 66 67 68 68 68 69 69 69 70 71 72 72 72 73 74 74 74 75 75 75 73 72 71 69 63 0 0 0 0 0 0 0 0 0 0 0 0 0 0 0 0 0 0 0 0 0 0 0 0 0 0 0 0 0 0 0 0 0 42 62 71 76 80 91 94 95 95 95 95 94 94 88 79 75 68 56 48 0 0 0 0 0 0 0 0 0 0 0 0 0 0 0 66 59 59 59 61 51 0 0 0 0 0 0 0 0 0 0 0 0 0 44 50 65 75 81 93 102 104 103 102 100 97 90 83 80 82 86 92 96 96 92 89 83 76 73 77 81 85 87 89 88 88 87 85 78 0 0 0 0 0 0 0 0 0 0 0 0 0 60 62 64 65 68 72 77 
60 62 65 64 65 65 65 65 66 66 67 67 67 68 68 69 69 70 70 71 72 72 73 73 73 73 74 74 75 75 72 72 71 68 62 0 0 0 0 0 0 0 0 0 0 0 0 0 0 0 0 0 0 0 0 0 0 0 0 0 0 0 0 0 0 0 0 0 42 61 71 76 79 89 92 93 94 94 94 94 94 87 78 74 67 55 46 0 0 0 0 0 0 0 0 0 0 0 0 0 0 0 0 55 55 55 55 51 0 0 0 0 0 0 0 0 0 0 0 0 0 44 50 65 75 81 92 101 103 102 102 99 97 87 81 80 83 87 93 98 95 91 89 82 75 75 82 84 89 91 93 91 90 89 87 80 0 0 0 0 0 0 0 0 0 0 0 0 0 62 62 63 65 68 72 77 
68 66 64 64 64 65 66 66 66 66 66 66 67 67 67 68 68 69 69 70 71 71 72 73 73 73 73 74 75 75 72 72 71 68 63 0 0 0 0 0 0 0 0 0 0 0 0 0 0 0 0 0 0 0 0 0 0 0 0 0 0 0 0 0 0 0 0 0 41 60 69 75 78 89 92 93 94 94 94 94 93 87 77 73 66 54 45 0 0 0 0 0 0 0 0 0 0 0 0 0 0 0 0 52 52 52 52 0 0 0 0 0 0 0 0 0 0 0 0 0 0 43 49 64 74 80 92 101 103 102 101 98 97 88 82 81 85 88 94 98 94 90 86 79 74 78 83 87 91 93 94 91 91 90 87 81 0 0 0 0 0 0 0 0 0 0 0 0 0 62 62 63 65 67 68 81 
67 62 64 64 65 65 66 66 66 66 66 66 66 66 66 66 66 67 67 68 70 71 72 73 73 73 73 74 74 75 72 72 71 69 64 0 0 0 0 0 0 0 0 0 0 0 0 0 0 0 0 0 0 0 0 0 0 0 0 0 0 0 0 0 0 0 0 0 40 59 69 74 78 88 91 92 92 93 93 93 92 86 76 72 65 52 43 0 0 0 0 0 0 0 0 0 0 0 0 0 0 0 0 0 0 0 0 0 0 0 0 0 0 0 0 0 0 0 0 0 0 42 48 63 74 80 92 101 102 102 101 97 96 87 81 79 82 84 90 92 89 88 82 76 74 78 81 85 89 90 91 89 89 88 86 82 0 0 0 0 0 0 0 0 0 0 0 0 0 60 61 63 64 67 67 81 
62 63 64 64 65 65 65 66 66 66 66 66 66 66 66 65 65 65 65 66 69 70 71 73 73 73 73 74 74 75 73 73 71 69 64 0 0 0 0 0 0 0 0 0 0 0 0 0 0 0 0 0 0 0 0 0 0 0 0 0 0 0 0 0 0 0 0 0 39 59 68 74 77 88 90 91 91 92 92 92 92 85 75 71 63 51 42 0 0 0 0 0 0 0 0 0 0 0 0 0 0 0 0 0 0 0 0 0 0 0 0 0 0 0 0 0 0 0 0 0 0 42 49 65 75 81 92 100 100 99 96 91 89 83 78 77 81 84 88 90 87 85 78 72 71 77 78 82 85 84 84 83 82 82 81 77 0 0 0 0 0 0 0 0 0 0 0 0 0 62 62 64 65 67 67 77 
67 63 64 64 65 65 65 66 66 66 66 66 67 66 66 64 64 63 63 65 68 70 71 74 73 73 74 75 75 75 73 73 71 69 63 0 0 0 0 0 0 0 0 0 0 0 0 0 0 0 0 0 0 0 0 0 0 0 0 0 0 0 0 0 0 0 0 0 40 59 68 74 77 88 89 90 90 90 90 91 90 84 74 70 63 51 41 0 0 0 0 0 0 0 0 0 0 0 0 0 0 0 0 0 0 0 0 0 0 0 0 0 0 0 0 0 0 0 0 0 0 40 48 64 74 80 90 96 96 94 91 87 87 82 77 76 80 83 86 88 85 84 76 70 70 75 76 81 83 82 81 81 80 80 80 76 0 0 0 0 0 0 0 0 0 0 0 0 0 63 63 64 65 67 72 70 
66 65 64 63 64 65 65 65 65 65 65 66 67 66 64 63 62 60 60 63 66 69 71 73 73 74 74 75 75 75 74 73 72 70 66 0 0 0 0 0 0 0 0 0 0 0 0 0 0 0 0 0 0 0 0 0 0 0 0 0 0 0 0 0 0 0 0 0 39 61 71 76 79 88 89 89 89 89 89 90 90 84 74 69 62 50 41 0 0 0 0 0 0 0 0 0 0 0 0 0 0 0 0 0 0 0 0 0 0 0 0 0 0 0 0 0 0 0 0 0 0 0 49 66 76 81 87 93 93 90 86 84 84 82 76 75 79 81 81 84 81 79 70 66 67 72 72 77 78 77 77 76 75 76 75 0 0 0 0 0 0 0 0 0 0 0 0 0 0 61 62 63 65 67 69 77 
70 58 64 64 64 64 64 64 65 65 66 66 67 66 65 63 62 60 60 63 66 68 70 73 74 74 74 75 75 75 73 73 72 70 65 0 0 0 0 0 0 0 0 0 0 0 0 0 0 0 0 0 0 0 0 0 0 0 0 0 0 0 0 0 0 0 0 0 40 62 71 76 79 88 89 89 88 88 88 89 89 83 74 69 62 49 40 0 0 0 0 0 0 0 0 0 0 0 0 0 0 0 0 0 0 0 0 0 0 0 0 0 0 0 0 0 0 0 0 0 0 0 49 66 76 79 85 90 89 85 80 78 78 75 70 67 0 70 71 72 72 0 0 60 62 65 64 68 69 67 68 69 68 70 71 0 0 0 0 0 0 0 0 0 0 0 0 0 0 61 62 63 65 67 67 81 
66 66 64 64 64 64 64 64 65 65 66 67 68 67 66 64 64 62 62 64 67 68 70 72 73 73 74 75 75 75 73 73 72 70 64 0 0 0 0 0 0 0 0 0 0 0 0 0 0 0 0 0 0 0 0 0 0 0 0 0 0 0 0 0 0 0 0 0 40 61 70 76 79 88 89 89 88 88 88 89 89 83 73 69 62 49 40 0 0 0 0 0 0 0 0 0 0 0 0 0 0 0 0 0 0 0 0 0 0 0 0 0 0 0 0 0 0 0 0 0 0 0 52 68 78 80 82 87 85 77 70 63 61 0 0 0 0 0 0 0 0 0 0 0 0 0 0 0 0 0 55 57 57 0 0 0 0 0 0 0 0 0 0 0 0 0 0 0 0 62 63 63 65 67 70 75 
62 64 64 64 65 65 65 65 65 65 66 67 68 67 67 66 65 64 64 66 67 69 70 72 73 73 73 75 75 76 73 73 72 69 63 0 0 0 0 0 0 0 0 0 0 0 0 0 0 0 0 0 0 0 0 0 0 0 0 0 0 0 0 0 0 0 0 0 0 64 72 77 80 87 89 89 89 88 88 89 89 83 73 68 61 48 40 0 0 0 0 0 0 0 0 0 0 0 0 0 0 0 0 0 0 0 0 0 0 0 0 0 0 0 0 0 0 0 0 0 0 0 52 68 78 79 80 85 83 72 0 0 0 0 0 0 0 0 0 0 0 0 0 0 0 0 0 0 0 0 0 0 0 0 0 0 0 0 0 0 0 0 0 0 0 0 0 0 0 61 62 63 64 67 67 82 
61 61 64 65 65 65 64 64 65 65 65 66 67 67 67 66 66 65 65 67 68 69 70 72 72 73 73 74 75 75 73 73 72 69 62 0 0 0 0 0 0 0 0 0 0 0 0 0 0 0 0 0 0 0 0 0 0 0 0 0 0 0 0 0 0 0 0 0 0 66 74 78 81 86 88 89 89 89 89 89 89 83 73 68 61 47 39 0 0 0 0 0 0 0 0 0 0 0 0 0 0 0 0 0 0 0 0 0 0 0 0 0 0 0 0 0 0 0 0 0 0 0 54 71 80 81 80 87 86 76 0 0 0 0 0 0 0 0 0 0 0 0 0 0 0 0 0 0 0 0 0 0 0 0 0 0 0 0 0 0 0 0 0 0 0 0 0 0 0 60 62 63 65 67 71 75 
60 61 64 64 65 65 64 64 65 65 65 66 67 67 67 67 68 67 67 68 69 70 71 72 72 72 73 73 74 75 72 72 71 68 59 0 0 0 0 0 0 0 0 0 0 0 0 0 0 0 0 0 0 0 0 0 0 0 0 0 0 0 0 0 0 0 0 0 0 65 73 78 80 86 89 89 89 89 89 90 89 82 72 68 60 47 39 0 0 0 0 0 0 0 0 0 0 0 0 0 0 0 0 0 0 0 0 0 0 0 0 0 0 0 0 0 0 0 0 0 0 0 56 72 81 82 83 88 87 79 0 0 0 0 0 0 0 0 0 0 0 0 0 0 0 0 0 0 0 0 0 0 0 0 0 0 0 0 0 0 0 0 0 0 0 0 0 0 0 61 62 63 65 68 72 81 
65 64 63 64 64 64 64 64 64 64 64 65 65 66 67 67 68 68 68 69 69 70 70 71 72 72 73 74 75 75 72 72 71 68 60 0 0 0 0 0 0 0 0 0 0 0 0 0 0 0 0 0 0 0 0 0 0 0 0 0 0 0 0 0 0 0 0 0 0 67 75 79 81 84 88 89 89 89 90 90 89 82 72 67 59 46 39 0 0 0 0 0 0 0 0 0 0 0 0 0 0 0 0 0 0 0 0 0 0 0 0 0 0 0 0 0 0 0 0 0 0 0 61 75 84 85 85 89 87 81 73 0 0 0 0 0 0 0 0 0 0 0 0 0 0 0 0 0 0 0 0 0 0 0 0 0 0 0 0 0 0 0 0 0 0 0 0 0 0 62 62 63 65 68 71 78 
64 58 63 64 64 64 64 64 63 64 64 64 64 64 64 65 65 66 66 67 67 68 68 69 70 71 71 72 73 74 72 72 70 68 61 0 0 0 0 0 0 0 0 0 0 0 0 0 0 0 0 0 0 0 0 0 0 0 0 0 0 0 0 0 0 0 0 0 0 72 79 81 82 84 87 88 89 90 90 90 89 82 73 69 61 47 39 0 0 0 0 0 0 0 0 0 0 0 0 0 0 0 0 0 0 0 0 0 0 0 0 0 0 0 0 0 0 0 0 0 0 0 62 76 84 87 87 91 89 83 75 66 59 58 59 59 60 60 57 53 52 0 0 0 0 0 0 0 0 0 0 0 0 0 0 0 0 0 0 0 0 0 0 0 0 0 0 0 0 62 61 63 65 68 71 77 
0 0 63 63 63 63 63 63 62 63 63 63 63 64 64 64 64 65 65 66 66 68 68 69 69 70 71 71 71 71 68 68 67 65 60 0 0 0 0 0 0 0 0 0 0 0 0 0 0 0 0 0 0 0 0 0 0 0 0 0 0 0 0 0 0 0 0 0 0 72 78 81 82 83 87 88 88 89 89 89 89 82 74 70 63 48 0 0 0 0 0 0 0 0 0 0 0 0 0 0 0 0 0 0 0 0 0 0 0 0 0 0 0 0 0 0 0 0 0 0 0 0 63 77 84 88 88 92 90 86 81 76 73 73 73 72 73 73 70 67 64 63 61 0 0 0 0 0 0 0 0 0 0 0 0 0 0 0 0 0 0 0 0 0 0 0 0 0 0 62 62 63 65 67 68 81 
0 0 63 62 62 63 62 62 61 61 61 62 61 62 62 62 63 64 64 65 65 66 66 68 68 70 70 70 70 70 68 67 66 65 60 0 0 0 0 0 0 0 0 0 0 0 0 0 0 0 0 0 0 0 0 0 0 0 0 0 0 0 0 0 0 0 0 0 0 69 75 78 80 81 84 85 86 86 87 87 86 79 74 70 64 49 0 0 0 0 0 0 0 0 0 0 0 0 0 0 0 0 0 0 0 0 0 0 0 0 0 0 0 0 0 0 0 0 0 0 0 0 65 78 84 87 88 91 89 86 83 78 76 75 75 74 73 72 70 68 65 64 62 60 0 0 0 0 0 0 0 0 0 0 0 0 0 0 0 0 0 0 0 0 0 0 0 0 0 63 63 63 65 68 70 80 
0 0 0 0 0 0 0 60 59 59 59 58 58 60 60 61 61 62 62 63 62 64 64 65 66 68 69 69 69 68 66 65 64 63 0 0 0 0 0 0 0 0 0 0 0 0 0 0 0 0 0 0 0 0 0 0 0 0 0 0 0 0 0 0 0 0 0 0 0 67 74 77 79 80 81 80 79 80 78 79 78 74 70 67 63 50 0 0 0 0 0 0 0 0 0 0 0 0 0 0 0 0 0 0 0 0 0 0 0 0 0 0 0 0 0 0 0 0 0 0 0 0 66 75 79 81 82 84 83 80 76 72 70 70 71 72 73 72 70 68 65 64 62 60 0 0 0 0 0 0 0 0 0 0 0 0 0 0 0 0 0 0 0 0 0 0 0 0 0 65 64 64 65 67 72 77 
0 0 0 0 0 0 0 0 0 0 0 0 0 0 0 55 54 56 57 58 57 61 61 62 63 64 64 64 63 64 62 61 61 61 0 0 0 0 0 0 0 0 0 0 0 0 0 0 0 0 0 0 0 0 0 0 0 0 0 0 0 0 0 0 0 0 0 0 0 0 73 76 78 79 80 78 77 77 76 76 76 72 68 65 62 49 0 0 0 0 0 0 0 0 0 0 0 0 0 0 0 0 0 0 0 0 0 0 0 0 0 0 0 0 0 0 0 0 0 0 0 0 0 73 77 79 80 82 82 79 76 72 71 70 71 72 73 72 70 68 65 64 62 60 0 0 0 0 0 0 0 0 0 0 0 0 0 0 0 0 0 0 0 0 0 0 0 0 0 65 64 65 66 68 71 77 
0 0 0 0 0 0 0 0 0 0 0 0 0 0 0 0 0 0 0 0 0 0 0 0 0 0 0 0 0 0 52 52 0 0 0 0 0 0 0 0 0 0 0 0 0 0 0 0 0 0 0 0 0 0 0 0 0 0 0 0 0 0 0 0 0 0 0 0 0 0 70 74 76 77 77 75 73 73 71 71 71 68 64 62 58 0 0 0 0 0 0 0 0 0 0 0 0 0 0 0 0 0 0 0 0 0 0 0 0 0 0 0 0 0 0 0 0 0 0 0 0 0 0 71 74 76 76 78 79 77 76 74 74 75 77 78 79 78 76 75 70 69 66 63 0 0 0 0 0 0 0 0 0 0 0 0 0 0 0 0 0 0 0 0 0 0 0 0 69 65 64 64 65 68 68 79 
0 0 0 0 0 0 0 0 0 0 0 0 0 0 0 0 0 0 0 0 0 0 0 0 0 0 0 0 0 0 0 0 0 0 0 0 0 0 0 0 0 0 0 0 0 0 0 0 0 0 0 0 0 0 0 0 0 0 0 0 0 0 0 0 0 0 0 0 0 0 0 0 71 72 70 67 64 64 62 62 62 61 56 54 52 0 0 0 0 0 0 0 0 0 0 0 0 0 0 0 0 0 0 0 0 0 0 0 0 0 0 0 0 0 0 0 0 0 0 0 0 0 0 0 69 69 69 69 69 68 66 65 66 67 69 71 73 71 69 69 65 66 0 0 0 0 0 0 0 0 0 0 0 0 0 0 0 0 0 0 0 0 0 0 0 0 0 0 69 65 65 65 66 68 71 82 
0 0 0 0 0 0 0 0 0 0 0 0 0 0 0 0 0 0 0 0 0 0 0 0 0 0 0 0 0 0 0 0 0 0 0 0 0 0 0 0 0 0 0 0 0 0 0 0 0 0 0 0 0 0 0 0 0 0 0 0 0 0 0 0 0 0 0 0 0 0 0 0 0 0 0 0 0 0 41 42 43 0 41 0 0 0 0 0 0 0 0 0 0 0 0 0 0 0 0 0 0 0 0 0 0 0 0 0 0 0 0 0 0 0 0 0 0 0 0 0 0 0 0 0 0 0 52 51 51 49 47 46 45 0 0 0 0 0 0 0 0 0 0 0 0 0 58 58 58 58 58 0 0 0 0 0 0 0 0 0 0 0 0 0 0 0 0 0 67 64 64 64 66 68 70 85 
0 0 0 0 0 0 0 0 0 0 0 0 0 0 0 0 0 0 0 0 0 0 0 0 0 0 0 0 0 0 0 0 0 0 0 0 0 0 0 0 0 0 0 0 0 0 0 0 0 0 0 0 0 0 0 0 0 0 0 0 0 0 0 0 0 0 0 0 0 0 0 0 0 0 0 0 0 0 0 0 0 0 0 0 0 0 0 0 0 0 0 0 0 0 0 0 0 0 0 0 0 0 0 0 0 0 0 0 0 0 0 0 0 0 0 0 0 0 0 0 0 0 0 0 0 0 0 0 0 0 0 0 0 0 0 0 0 0 0 0 0 0 0 0 0 0 56 56 56 56 58 0 0 0 0 0 0 0 0 0 0 0 0 0 0 0 0 0 0 63 63 64 66 69 68 74 
0 0 0 0 0 0 0 0 0 0 0 0 0 0 0 0 0 0 0 0 0 0 0 0 0 0 0 0 0 0 0 0 0 0 0 0 0 0 0 0 0 0 0 0 0 0 0 0 0 0 0 0 0 0 0 0 0 0 0 0 0 0 0 0 0 0 0 0 0 0 0 0 0 0 0 0 0 0 0 0 0 0 0 0 0 0 0 0 0 0 0 0 0 0 0 0 0 0 0 0 0 0 0 0 0 0 0 0 0 0 0 0 0 0 0 0 0 0 0 0 0 0 0 0 0 0 0 0 0 0 0 0 0 0 0 0 0 0 0 0 0 0 0 0 0 0 55 55 55 55 0 0 0 0 0 0 0 0 0 0 0 0 0 0 0 0 0 0 0 62 63 64 65 69 72 79 
0 0 0 0 0 0 0 0 0 0 0 0 0 0 0 0 0 0 0 0 0 0 0 0 0 0 0 0 0 0 0 0 0 0 0 0 0 0 0 0 0 0 0 0 0 0 0 0 0 0 0 0 0 0 0 0 0 0 0 0 0 0 0 0 0 0 0 0 0 0 0 0 0 0 0 0 0 0 0 0 0 0 0 0 0 0 0 0 0 0 0 0 0 0 0 0 0 0 0 0 0 0 0 0 0 0 0 0 0 0 0 0 0 0 0 0 0 0 0 0 0 0 0 0 0 0 0 0 0 0 0 0 0 0 0 0 0 0 0 0 0 0 0 0 0 0 0 0 0 0 0 0 0 0 0 0 0 0 0 0 0 0 0 0 0 0 0 0 0 62 63 64 66 69 77 80 
0 0 0 0 0 0 0 0 0 0 0 0 0 0 0 0 0 0 0 0 0 0 0 0 0 0 0 0 0 0 0 0 0 0 0 0 0 0 0 0 0 0 0 0 0 0 0 0 0 0 0 0 0 0 0 0 0 0 0 0 0 0 0 0 0 0 0 0 0 0 0 0 0 0 0 0 0 0 0 0 0 0 0 0 0 0 0 0 0 0 0 0 0 0 0 0 0 0 0 0 0 0 0 0 0 0 0 0 0 0 0 0 0 0 0 0 0 0 0 0 0 0 0 0 0 0 0 0 0 0 0 0 0 0 0 0 0 0 0 0 0 0 0 0 0 0 0 0 0 0 0 0 0 0 0 0 0 0 0 0 0 0 0 0 0 0 0 0 0 62 63 64 66 70 68 81 
0 0 0 0 0 0 0 0 0 0 0 0 0 0 0 0 0 0 0 0 0 0 0 0 0 0 0 0 0 0 0 0 0 0 0 0 0 0 0 0 0 0 0 0 0 0 0 0 0 0 0 0 0 0 0 0 0 0 0 0 0 0 0 0 0 0 0 0 0 0 0 0 0 0 0 0 0 0 0 0 0 0 0 0 0 0 0 0 0 0 0 0 0 0 0 0 0 0 0 0 0 0 0 0 0 0 0 0 0 0 0 0 0 0 0 0 0 0 0 0 0 0 0 0 0 0 0 0 0 0 0 0 0 0 0 0 0 0 0 0 0 0 0 0 0 0 0 0 0 0 0 0 0 0 0 0 0 0 0 0 0 0 0 0 0 0 0 0 0 0 64 65 67 70 72 84 
0 0 0 0 0 0 0 0 0 0 0 0 0 0 0 0 0 0 0 0 0 0 0 0 0 0 0 0 0 0 0 0 0 0 0 0 0 0 0 0 0 0 0 0 0 0 0 0 0 0 0 0 0 0 0 0 0 0 0 0 0 0 0 0 0 0 0 0 0 0 0 0 0 0 0 0 0 0 0 0 0 0 0 0 0 0 0 0 0 0 0 0 0 0 0 0 0 0 0 0 0 0 0 0 0 0 0 0 0 0 0 0 0 0 0 0 0 0 0 0 0 0 0 0 0 0 0 0 0 0 0 0 0 0 0 0 0 0 0 0 0 0 0 0 0 0 0 0 0 0 0 0 0 0 0 0 0 0 0 0 0 0 0 0 0 0 0 0 0 0 63 64 66 70 71 83 
0 0 0 0 0 0 0 0 0 0 0 0 0 0 0 0 0 0 0 0 0 0 0 0 0 0 0 0 0 0 0 0 0 0 0 0 0 0 0 0 0 0 0 0 0 0 0 0 0 0 0 0 0 0 0 0 0 0 0 0 0 0 0 0 0 0 0 0 0 0 0 0 0 0 0 0 0 0 0 0 0 0 0 0 0 0 0 0 0 0 0 0 0 0 0 0 0 0 0 0 0 0 0 0 0 0 0 0 0 0 0 0 0 0 0 0 0 0 0 0 0 0 0 0 0 0 0 0 0 0 0 0 0 0 0 0 0 0 0 0 0 0 0 0 0 0 0 0 0 0 0 0 0 0 0 0 0 0 0 0 0 0 0 0 0 0 0 0 0 0 0 66 68 71 68 72 
0 0 0 0 0 0 0 0 0 0 0 0 0 0 0 0 0 0 0 0 0 0 0 0 0 0 0 0 0 0 0 0 0 0 0 0 0 0 0 0 0 0 0 0 0 0 0 0 0 0 0 0 0 0 0 0 0 0 0 0 0 0 0 0 0 0 0 0 0 0 0 0 0 0 0 0 0 0 0 0 0 0 0 0 0 0 0 0 0 0 0 0 0 0 0 0 0 0 0 0 0 0 0 0 0 0 0 0 0 0 0 0 0 0 0 0 0 0 0 0 0 0 0 0 0 0 0 0 0 0 0 0 0 0 0 0 0 0 0 0 0 0 0 0 0 0 0 0 0 0 0 0 0 0 0 0 0 0 0 0 0 0 0 0 0 0 0 0 0 0 0 0 68 71 0 0 
0 0 0 0 0 0 0 0 0 0 0 0 0 0 0 0 0 0 0 0 0 0 0 0 0 0 0 0 0 0 0 0 0 0 0 0 0 0 0 0 0 0 0 0 0 0 0 0 0 0 0 0 0 0 0 0 0 0 0 0 0 0 0 0 0 0 0 0 0 0 0 0 0 0 0 0 0 0 0 0 0 0 0 0 0 0 0 0 0 0 0 0 0 0 0 0 0 0 0 0 0 0 0 0 0 0 0 0 0 0 0 0 0 0 0 0 0 0 0 0 0 0 0 0 0 0 0 0 0 0 0 0 0 0 0 0 0 0 0 0 0 0 0 0 0 0 0 0 0 0 0 0 0 0 0 0 0 0 0 0 0 0 0 0 0 0 0 0 0 0 0 0 0 0 0 0 
0 0 0 0 0 0 0 0 0 0 0 0 0 0 0 0 0 0 0 0 0 0 0 0 0 0 0 0 0 0 0 0 0 0 0 0 0 0 0 0 0 0 0 0 0 0 0 0 0 0 0 0 0 0 0 0 0 0 0 0 0 0 0 0 0 0 0 0 0 0 0 0 0 0 0 0 0 0 0 0 0 0 0 0 0 0 0 0 0 0 0 0 0 0 0 0 0 0 0 0 0 0 0 0 0 0 0 0 0 0 0 0 0 0 0 0 0 0 0 0 0 0 0 0 0 0 0 0 0 0 0 0 0 0 0 0 0 0 0 0 0 0 0 0 0 0 0 0 0 0 0 0 0 0 0 0 0 0 0 0 0 0 0 0 0 0 0 0 0 0 0 0 0 0 0 0 
0 0 0 0 0 0 0 0 0 0 0 0 0 0 0 0 0 0 0 0 0 0 0 0 0 0 0 0 0 0 0 0 0 0 0 0 0 0 0 0 0 0 0 0 0 0 0 0 0 0 0 0 0 0 0 0 0 0 0 0 0 0 0 0 0 0 0 0 0 0 0 0 0 0 0 0 0 0 0 0 0 0 0 0 0 0 0 0 0 0 0 0 0 0 0 0 0 0 0 0 0 0 0 0 0 0 0 0 0 0 0 0 0 0 0 0 0 0 0 0 0 0 0 0 0 0 0 0 0 0 0 0 0 0 0 0 0 0 0 0 0 0 0 0 0 0 0 0 0 0 0 0 0 0 0 0 0 0 0 0 0 0 0 0 0 0 0 0 0 0 0 0 0 0 0 0 
0 0 0 0 0 0 0 0 0 0 0 0 0 0 0 0 0 0 0 0 0 0 0 0 0 0 0 0 0 0 0 0 0 0 0 0 0 0 0 0 0 0 0 0 0 0 0 0 0 0 0 0 0 0 0 0 0 0 0 0 0 0 0 0 0 0 0 0 0 0 0 0 0 0 0 0 0 0 0 0 0 0 0 0 0 0 0 0 0 0 0 0 0 0 0 0 0 0 0 0 0 0 0 0 0 0 0 0 0 0 0 0 0 0 0 0 0 0 0 0 0 0 0 0 0 0 0 0 0 0 0 0 0 0 0 0 0 0 0 0 0 0 0 0 0 0 0 0 0 0 0 0 0 0 0 0 0 0 0 0 0 0 0 0 0 0 0 0 0 0 0 0 0 0 0 0 
0 0 0 0 0 0 0 0 0 0 0 0 0 0 0 0 0 0 0 0 0 0 0 0 0 0 0 0 0 0 0 0 0 0 0 0 0 0 0 0 0 0 0 0 0 0 0 0 0 0 0 0 0 0 0 0 0 0 0 0 0 0 0 0 0 0 0 0 0 0 0 0 0 0 0 0 0 0 0 0 0 0 0 0 0 0 0 0 0 0 0 0 0 0 0 0 0 0 0 0 0 0 0 0 0 0 0 0 0 0 0 0 0 0 0 0 0 0 0 0 0 0 0 0 0 0 0 0 0 0 0 0 0 0 0 0 0 0 0 0 0 0 0 0 0 0 0 0 0 0 0 0 0 0 0 0 0 0 0 0 0 0 0 0 0 0 0 0 0 0 0 0 0 0 0 0 
0 0 0 0 0 0 0 0 0 0 0 0 0 0 0 0 0 0 0 0 0 0 0 0 0 0 0 0 0 0 0 0 0 0 0 0 0 0 0 0 0 0 0 0 0 0 0 0 0 0 0 0 0 0 0 0 0 0 0 0 0 0 0 0 0 0 0 0 0 0 0 0 0 0 0 0 0 0 0 0 0 0 0 0 0 0 0 0 0 0 0 0 0 0 0 0 0 0 0 0 0 0 0 0 0 0 0 0 0 0 0 0 0 0 0 0 0 0 0 0 0 0 0 0 0 0 0 0 0 0 0 0 0 0 0 0 0 0 0 0 0 0 0 0 0 0 0 0 0 0 0 0 0 0 0 0 0 0 0 0 0 0 0 0 0 0 0 0 0 0 0 0 0 0 0 0 
0 0 0 0 0 0 0 0 0 0 0 0 0 0 0 0 0 0 0 0 0 0 0 0 0 0 0 0 0 0 0 0 0 0 0 0 0 0 0 0 0 0 0 0 0 0 0 0 0 0 0 0 0 0 0 0 0 0 0 0 0 0 0 0 0 0 0 0 0 0 0 0 0 0 0 0 0 0 0 0 0 0 0 0 0 0 0 0 0 0 0 0 0 0 0 0 0 0 0 0 0 0 0 0 0 0 0 0 0 0 0 0 0 0 0 0 0 0 0 0 0 0 0 0 0 0 0 0 0 0 0 0 0 0 0 0 0 0 0 0 0 0 0 0 0 0 0 0 0 0 0 0 0 0 0 0 0 0 0 0 0 0 0 0 0 0 0 0 0 0 0 0 0 0 0 0 
0 0 0 0 0 0 0 0 0 0 0 0 0 0 0 0 0 0 0 0 0 0 0 0 0 0 0 0 0 0 0 0 0 0 0 0 0 0 0 0 0 0 0 0 0 0 0 0 0 0 0 0 0 0 0 0 0 0 0 0 0 0 0 0 0 0 0 0 0 0 0 0 0 0 0 0 0 0 0 0 0 0 0 0 0 0 0 0 0 0 0 0 0 0 0 0 0 0 0 0 0 0 0 0 0 0 0 0 0 0 0 0 0 0 0 0 0 0 0 0 0 0 0 0 0 0 0 0 0 0 0 0 0 0 0 0 0 0 0 0 0 0 0 0 0 0 0 0 0 0 0 0 0 0 0 0 0 0 0 0 0 0 0 0 0 0 0 0 0 0 0 0 0 0 0 0 
0 0 0 0 0 0 0 0 0 0 0 0 0 0 0 0 0 0 0 0 0 0 0 0 0 0 0 0 0 0 0 0 0 0 0 0 0 0 0 0 0 0 0 0 0 0 0 0 0 0 0 0 0 0 0 0 0 0 0 0 0 0 0 0 0 0 0 0 0 0 0 0 0 0 0 0 0 0 0 0 0 0 0 0 0 0 0 0 0 0 0 0 0 0 0 0 0 0 0 0 0 0 0 0 0 0 0 0 0 0 0 0 0 0 0 0 0 0 0 0 0 0 0 0 0 0 0 0 0 0 0 0 0 0 0 0 0 0 0 0 0 0 0 0 0 0 0 0 0 0 0 0 0 0 0 0 0 0 0 0 0 0 0 0 0 0 0 0 0 0 0 0 0 0 0 0 
0 0 0 0 0 0 0 0 0 0 0 0 0 0 0 0 0 0 0 0 0 0 0 0 0 0 0 0 0 0 0 0 0 0 0 0 0 0 0 0 0 0 0 0 0 0 0 0 0 0 0 0 0 0 0 0 0 0 0 0 0 0 0 0 0 0 0 0 0 0 0 0 0 0 0 0 0 0 0 0 0 0 0 0 0 0 0 0 0 0 0 0 0 0 0 0 0 0 0 0 0 0 0 0 0 0 0 0 0 0 0 0 0 0 0 0 0 0 0 0 0 0 0 0 0 0 0 0 0 0 0 0 0 0 0 0 0 0 0 0 0 0 0 0 0 0 0 0 0 0 0 0 0 0 0 0 0 0 0 0 0 0 0 0 0 0 0 0 0 0 0 0 0 0 0 0 
0 0 0 0 0 0 0 0 0 0 0 0 0 0 0 0 0 0 0 0 0 0 0 0 0 0 0 0 0 0 0 0 0 0 0 0 0 0 0 0 0 0 0 0 0 0 0 0 0 0 0 0 0 0 0 0 0 0 0 0 0 0 0 0 0 0 0 0 0 0 0 0 0 0 0 0 0 0 0 0 0 0 0 0 0 0 0 0 0 0 0 0 0 0 0 0 0 0 0 0 0 0 0 0 0 0 0 0 0 0 0 0 0 0 0 0 0 0 0 0 0 0 0 0 0 0 0 0 0 0 0 0 0 0 0 0 0 0 0 0 0 0 0 0 0 0 0 0 0 0 0 0 0 0 0 0 0 0 0 0 0 0 0 0 0 0 0 0 0 0 0 0 0 0 0 0 
0 0 0 0 0 0 0 0 0 0 0 0 0 0 0 0 0 0 0 0 0 0 0 0 0 0 0 0 0 0 0 0 0 0 0 0 0 0 0 0 0 0 0 0 0 0 0 0 0 0 0 0 0 0 0 0 0 0 0 0 0 0 0 0 0 0 0 0 0 0 0 0 0 0 0 0 0 0 0 0 0 0 0 0 0 0 0 0 0 0 0 0 0 0 0 0 0 0 0 0 0 0 0 0 0 0 0 0 0 0 0 0 0 0 0 0 0 0 0 0 0 0 0 0 0 0 0 0 0 0 0 0 0 0 0 0 0 0 0 0 0 0 0 0 0 0 0 0 0 0 0 0 0 0 0 0 0 0 0 0 0 0 0 0 0 0 0 0 0 0 0 0 0 0 0 0 
0 0 0 0 0 0 0 0 0 0 0 0 0 0 0 0 0 0 0 0 0 0 0 0 0 0 0 0 0 0 0 0 0 0 0 0 0 0 0 0 0 0 0 0 0 0 0 0 0 0 0 0 0 0 0 0 0 0 0 0 0 0 0 0 0 0 0 0 0 0 0 0 0 0 0 0 0 0 0 0 0 0 0 0 0 0 0 0 0 0 0 0 0 0 0 0 0 0 0 0 0 0 0 0 0 0 0 0 0 0 0 0 0 0 0 0 0 0 0 0 0 0 0 0 0 0 0 0 0 0 0 0 0 0 0 0 0 0 0 0 0 0 0 0 0 0 0 0 0 0 0 0 0 0 0 0 0 0 0 0 0 0 0 0 0 0 0 0 0 0 0 0 0 0 0 0 
0 0 0 0 0 0 0 0 0 0 0 0 0 0 0 0 0 0 0 0 0 0 0 0 0 0 0 0 0 0 0 0 0 0 0 0 0 0 0 0 0 0 0 0 0 0 0 0 0 0 0 0 0 0 0 0 0 0 0 0 0 0 0 0 0 0 0 0 0 0 0 0 0 0 0 0 0 0 0 0 0 0 0 0 0 0 0 0 0 0 0 0 0 0 0 0 0 0 0 0 0 0 0 0 0 0 0 0 0 0 0 0 0 0 0 0 0 0 0 0 0 0 0 0 0 0 0 0 0 0 0 0 0 0 0 0 0 0 0 0 0 0 0 0 0 0 0 0 0 0 0 0 0 0 0 0 0 0 0 0 0 0 0 0 0 0 0 0 0 0 0 0 0 0 0 0 
0 0 0 0 0 0 0 0 0 0 0 0 0 0 0 0 0 0 0 0 0 0 0 0 0 0 0 0 0 0 0 0 0 0 0 0 0 0 0 0 0 0 0 0 0 0 0 0 0 0 0 0 0 0 0 0 0 0 0 0 0 0 0 0 0 0 0 0 0 0 0 0 0 0 0 0 0 0 0 0 0 0 0 0 0 0 0 0 0 0 0 0 0 0 0 0 0 0 0 0 0 0 0 0 0 0 0 0 0 0 0 0 0 0 0 0 0 0 0 0 0 0 0 0 0 0 0 0 0 0 0 0 0 0 0 0 0 0 0 0 0 0 0 0 0 0 0 0 0 0 0 0 0 0 0 0 0 0 0 0 0 0 0 0 0 0 0 0 0 0 0 0 0 0 0 0 
0 0 0 0 0 0 0 0 0 0 0 0 0 0 0 0 0 0 0 0 0 0 0 0 0 0 0 0 0 0 0 0 0 0 0 0 0 0 0 0 0 0 0 0 0 0 0 0 0 0 0 0 0 0 0 0 0 0 0 0 0 0 0 0 0 0 0 0 0 0 0 0 0 0 0 0 0 0 0 0 0 0 0 0 0 0 0 0 0 0 0 0 0 0 0 0 0 0 0 0 0 0 0 0 0 0 0 0 0 0 0 0 0 0 0 0 0 0 0 0 0 0 0 0 0 0 0 0 0 0 0 0 0 0 0 0 0 0 0 0 0 0 0 0 0 0 0 0 0 0 0 0 0 0 0 0 0 0 0 0 0 0 0 0 0 0 0 0 0 0 0 0 0 0 0 0 
0 0 0 0 0 0 0 0 0 0 0 0 0 0 0 0 0 0 0 0 0 0 0 0 0 0 0 0 0 0 0 0 0 0 0 0 0 0 0 0 0 0 0 0 0 0 0 0 0 0 0 0 0 0 0 0 0 0 0 0 0 0 0 0 0 0 0 0 0 0 0 0 0 0 0 0 0 0 0 0 0 0 0 0 0 0 0 0 0 0 0 0 0 0 0 0 0 0 0 0 0 0 0 0 0 0 0 0 0 0 0 0 0 0 0 0 0 0 0 0 0 0 0 0 0 0 0 0 0 0 0 0 0 0 0 0 0 0 0 0 0 0 0 0 0 0 0 0 0 0 0 0 0 0 0 0 0 0 0 0 0 0 0 0 0 0 0 0 0 0 0 0 0 0 0 0 
0 0 0 0 0 0 0 0 0 0 0 0 0 0 0 0 0 0 0 0 0 0 0 0 0 0 0 0 0 0 0 0 0 0 0 0 0 0 0 0 0 0 0 0 0 0 0 0 0 0 0 0 0 0 0 0 0 0 0 0 0 0 0 0 0 0 0 0 0 0 0 0 0 0 0 0 0 0 0 0 0 0 0 0 0 0 0 0 0 0 0 0 0 0 0 0 0 0 0 0 0 0 0 0 0 0 0 0 0 0 0 0 0 0 0 0 0 0 0 0 0 0 0 0 0 0 0 0 0 0 0 0 0 0 0 0 0 0 0 0 0 0 0 0 0 0 0 0 0 0 0 0 0 0 0 0 0 0 0 0 0 0 0 0 0 0 0 0 0 0 0 0 0 0 0 0 
0 0 0 0 0 0 0 0 0 0 0 0 0 0 0 0 0 0 0 0 0 0 0 0 0 0 0 0 0 0 0 0 0 0 0 0 0 0 0 0 0 0 0 0 0 0 0 0 0 0 0 0 0 0 0 0 0 0 0 0 0 0 0 0 0 0 0 0 0 0 0 0 0 0 0 0 0 0 0 0 0 0 0 0 0 0 0 0 0 0 0 0 0 0 0 0 0 0 0 0 0 0 0 0 0 0 0 0 0 0 0 0 0 0 0 0 0 0 0 0 0 0 0 0 0 0 0 0 0 0 0 0 0 0 0 0 0 0 0 0 0 0 0 0 0 0 0 0 0 0 0 0 0 0 0 0 0 0 0 0 0 0 0 0 0 0 0 0 0 0 0 0 0 0 0 0 
0 0 0 0 0 0 0 0 0 0 0 0 0 0 0 0 0 0 0 0 0 0 0 0 0 0 0 0 0 0 0 0 0 0 0 0 0 0 0 0 0 0 0 0 0 0 0 0 0 0 0 0 0 0 0 0 0 0 0 0 0 0 0 0 0 0 0 0 0 0 0 0 0 0 0 0 0 0 0 0 0 0 0 0 0 0 0 0 0 0 0 0 0 0 0 0 0 0 0 0 0 0 0 0 0 0 0 0 0 0 0 0 0 0 0 0 0 0 0 0 0 0 0 0 0 0 0 0 0 0 0 0 0 0 0 0 0 0 0 0 0 0 0 0 0 0 0 0 0 0 0 0 0 0 0 0 0 0 0 0 0 0 0 0 0 0 0 0 0 0 0 0 0 0 0 0 
0 0 0 0 0 0 0 0 0 0 0 0 0 0 0 0 0 0 0 0 0 0 0 0 0 0 0 0 0 0 0 0 0 0 0 0 0 0 0 0 0 0 0 0 0 0 0 0 0 0 0 0 0 0 0 0 0 0 0 0 0 0 0 0 0 0 0 0 0 0 0 0 0 0 0 0 0 0 0 0 0 0 0 0 0 0 0 0 0 0 0 0 0 0 0 0 0 0 0 0 0 0 0 0 0 0 0 0 0 0 0 0 0 0 0 0 0 0 0 0 0 0 0 0 0 0 0 0 0 0 0 0 0 0 0 0 0 0 0 0 0 0 0 0 0 0 0 0 0 0 0 0 0 0 0 0 0 0 0 0 0 0 0 0 0 0 0 0 0 0 0 0 0 0 0 0 
0 0 0 0 0 0 0 0 0 0 0 0 0 0 0 0 0 0 0 0 0 0 0 0 0 0 0 0 0 0 0 0 0 0 0 0 0 0 0 0 0 0 0 0 0 0 0 0 0 0 0 0 0 0 0 0 0 0 0 0 0 0 0 0 0 0 0 0 0 0 0 0 0 0 0 0 0 0 0 0 0 0 0 0 0 0 0 0 0 0 0 0 0 0 0 0 0 0 0 0 0 0 0 0 0 0 0 0 0 0 0 0 0 0 0 0 0 0 0 0 0 0 0 0 0 0 0 0 0 0 0 0 0 0 0 0 0 0 0 0 0 0 0 0 0 0 0 0 0 0 0 0 0 0 0 0 0 0 0 0 0 0 0 0 0 0 0 0 0 0 0 0 0 0 0 0 
0 0 0 0 0 0 0 0 0 0 0 0 0 0 0 0 0 0 0 0 0 0 0 0 0 0 0 0 0 0 0 0 0 0 0 0 0 0 0 0 0 0 0 0 0 0 0 0 0 0 0 0 0 0 0 0 0 0 0 0 0 0 0 0 0 0 0 0 0 0 0 0 0 0 0 0 0 0 0 0 0 0 0 0 0 0 0 0 0 0 0 0 0 0 0 0 0 0 0 0 0 0 0 0 0 0 0 0 0 0 0 0 0 0 0 0 0 0 0 0 0 0 0 0 0 0 0 0 0 0 0 0 0 0 0 0 0 0 0 0 0 0 0 0 0 0 0 0 0 0 0 0 0 0 0 0 0 0 0 0 0 0 0 0 0 0 0 0 0 0 0 0 0 0 0 0 
0 0 0 0 0 0 0 0 0 0 0 0 0 0 0 0 0 0 0 0 0 0 0 0 0 0 0 0 0 0 0 0 0 0 0 0 0 0 0 0 0 0 0 0 0 0 0 0 0 0 0 0 0 0 0 0 0 0 0 0 0 0 0 0 0 0 0 0 0 0 0 0 0 0 0 0 0 0 0 0 0 0 0 0 0 0 0 0 0 0 0 0 0 0 0 0 0 0 0 0 0 0 0 0 0 0 0 0 0 0 0 0 0 0 0 0 0 0 0 0 0 0 0 0 0 0 0 0 0 0 0 0 0 0 0 0 0 0 0 0 0 0 0 0 0 0 0 0 0 0 0 0 0 0 0 0 0 0 0 0 0 0 0 0 0 0 0 0 0 0 0 0 0 0 0 0 
0 0 0 0 0 0 0 0 0 0 0 0 0 0 0 0 0 0 0 0 0 0 0 0 0 0 0 0 0 0 0 0 0 0 0 0 0 0 0 0 0 0 0 0 0 0 0 0 0 0 0 0 0 0 0 0 0 0 0 0 0 0 0 0 0 0 0 0 0 0 0 0 0 0 0 0 0 0 0 0 0 0 0 0 0 0 0 0 0 0 0 0 0 0 0 0 0 0 0 0 0 0 0 0 0 0 0 0 0 0 0 0 0 0 0 0 0 0 0 0 0 0 0 0 0 0 0 0 0 0 0 0 0 0 0 0 0 0 0 0 0 0 0 0 0 0 0 0 0 0 0 0 0 0 0 0 0 0 0 0 0 0 0 0 0 0 0 0 0 0 0 0 0 0 0 0 
