92 93 93 94 92 94 89 93 91 89 84 78 82 86 87 88 91 86 82 80 78 82 81 78 82 83 81 83 84 84 86 82 86 88 82 76 77 68 79 80 86 80 86 88 79 79 80 84 76 79 77 85 85 82 79 78 76 83 81 81 85 76 72 68 74 79 84 75 81 80 78 81 78 78 84 80 85 82 77 83 81 81 78 85 83 76 81 77 69 70 77 79 85 80 86 79 82 78 79 85 75 82 87 80 81 82 85 84 81 81 84 82 86 80 68 70 83 84 84 85 87 87 86 89 87 89 94 91 85 96 91 98 90 90 97 93 92 99 96 86 87 87 101 99 95 97 102 103 100 99 108 103 102 109 105 112 112 110 96 89 82 84 80 84 81 84 77 85 86 78 89 91 89 101 98 106 
82 86 91 88 83 89 89 86 91 88 81 78 72 72 81 83 73 81 84 86 88 83 88 86 85 87 88 80 81 86 74 83 82 86 79 83 82 75 70 74 84 78 73 80 84 74 82 72 77 81 81 79 79 75 78 82 80 76 77 80 80 77 76 66 70 77 76 79 77 79 78 79 77 81 80 80 78 80 86 78 84 77 77 80 79 83 84 81 70 69 79 80 84 80 75 80 80 82 84 81 86 82 80 79 81 82 80 82 82 83 76 80 82 79 64 82 83 87 83 86 86 84 85 86 89 86 91 92 87 89 92 93 96 92 96 92 91 96 96 81 89 92 101 91 89 94 95 99 100 99 108 102 99 107 107 111 108 105 88 76 80 84 77 77 80 78 74 79 85 85 80 83 87 99 104 107 
90 92 86 86 85 86 86 86 85 84 83 82 81 81 81 81 81 82 82 82 82 83 83 83 83 82 82 81 81 80 81 82 82 81 81 79 77 76 75 75 75 76 77 78 78 78 78 78 78 78 78 78 78 78 77 77 77 77 77 78 78 76 74 73 74 74 75 77 78 78 77 77 78 78 78 79 80 79 80 80 79 79 80 80 80 80 79 77 76 75 75 76 78 79 79 79 79 80 80 80 80 80 80 81 80 80 80 80 80 81 81 79 78 77 77 78 79 82 84 85 85 86 86 86 87 88 88 89 90 91 91 92 92 92 92 92 91 89 90 90 90 92 93 94 96 96 97 98 100 101 102 104 105 105 103 100 95 90 85 83 81 80 79 78 77 78 78 78 80 82 84 87 92 96 93 105 
82 86 83 83 83 83 83 83 83 83 83 82 81 80 79 79 79 79 81 81 82 83 83 82 83 82 81 80 80 79 80 80 80 80 80 79 78 76 75 74 73 73 75 75 76 77 77 77 77 77 76 76 76 76 76 75 76 76 76 76 76 75 74 73 73 74 75 76 77 78 77 78 78 79 79 80 81 81 81 81 81 81 82 82 82 82 82 80 79 78 78 79 81 82 82 82 82 83 83 83 83 83 83 83 82 82 83 82 82 83 82 81 79 79 79 80 81 84 85 85 86 86 86 86 86 87 87 88 88 89 89 90 90 90 90 90 89 88 88 89 90 91 93 93 95 95 95 97 98 99 101 103 103 102 98 94 89 84 81 79 78 78 78 77 76 76 76 76 79 81 83 86 90 95 100 103 
81 78 82 81 81 81 81 81 82 82 82 82 81 80 80 79 79 78 79 78 79 80 80 80 81 80 79 79 79 79 79 79 80 79 79 78 77 76 74 73 71 72 72 73 74 75 75 75 75 75 75 75 75 76 76 76 76 76 76 77 78 78 77 77 77 78 79 81 82 82 82 82 83 83 83 84 85 85 85 86 86 86 87 87 87 87 87 85 84 84 84 84 85 87 87 88 88 87 87 88 88 88 89 89 88 88 88 88 88 89 88 87 86 85 85 86 87 88 89 89 90 90 90 89 90 89 90 90 90 91 91 91 91 91 90 90 89 88 89 89 89 91 92 92 93 94 94 95 97 98 100 101 101 98 93 88 83 79 77 76 76 76 76 75 75 75 74 74 78 80 82 85 89 93 100 101 
84 78 80 79 79 80 80 80 80 80 81 81 81 80 79 78 77 76 76 76 77 77 78 78 79 78 78 77 77 77 77 77 77 77 77 76 76 74 73 72 71 72 73 74 75 76 77 77 77 77 77 78 78 79 79 79 80 80 80 81 82 82 82 82 83 83 84 85 86 86 86 86 87 88 88 89 89 89 89 90 90 90 91 91 91 91 91 90 89 89 89 89 90 91 92 92 92 92 92 93 93 93 93 94 93 93 93 93 93 94 93 92 92 92 92 92 93 94 94 94 94 94 94 94 94 94 94 95 95 95 95 95 94 94 94 93 92 92 93 93 93 94 95 94 94 95 94 95 97 98 99 99 98 94 88 83 79 76 75 75 75 75 74 73 74 73 71 73 79 81 82 85 88 93 97 104 
78 80 79 78 79 79 79 79 79 79 79 79 79 78 78 77 76 75 74 73 74 74 75 75 76 75 75 75 76 76 76 77 77 76 77 77 76 76 76 75 75 76 76 78 79 80 80 81 81 81 81 81 82 83 83 84 84 84 84 85 86 86 86 86 87 88 89 89 91 91 91 91 92 92 92 93 93 94 94 94 95 95 95 95 95 96 95 95 95 94 94 95 96 96 97 97 97 97 96 97 97 98 98 98 98 98 98 98 98 99 99 98 98 98 98 97 98 98 98 98 98 99 99 98 99 99 98 99 99 99 99 99 99 99 99 99 98 98 98 98 98 98 98 98 98 98 98 99 100 101 102 101 97 92 85 80 76 75 73 74 73 73 72 72 72 72 0 72 77 79 80 83 87 91 91 106 
84 83 78 77 78 78 77 78 78 78 77 77 77 76 76 76 75 73 72 71 71 72 72 73 74 74 75 76 76 76 77 77 78 78 79 79 79 80 79 79 79 79 80 81 82 83 84 84 85 84 85 85 86 87 87 88 88 88 89 89 90 91 91 91 92 93 94 94 95 95 95 96 97 97 97 98 98 99 99 99 99 99 100 100 100 101 100 100 100 100 100 101 101 101 102 102 102 101 102 102 103 103 104 104 103 103 103 104 104 104 104 104 104 104 104 104 104 104 103 103 104 104 104 104 105 104 103 104 104 103 103 103 103 103 103 103 102 102 102 102 102 102 102 102 103 103 103 104 105 106 107 104 98 92 84 79 76 74 73 73 71 71 70 71 71 0 0 0 76 78 79 81 85 89 99 97 
87 75 77 76 76 76 76 77 77 76 75 74 74 74 73 74 73 72 72 71 71 71 72 73 75 75 77 77 78 79 79 80 80 80 81 81 82 82 82 82 83 84 84 85 86 87 87 87 88 88 88 89 91 91 92 92 93 93 93 94 95 95 96 96 97 97 98 98 98 99 99 99 100 100 100 100 100 100 101 101 101 101 101 101 102 103 102 102 102 102 102 102 103 103 103 103 103 103 103 104 104 105 105 105 105 105 105 105 106 106 106 107 107 108 107 107 108 108 108 107 108 108 109 108 109 109 109 109 109 108 108 108 108 108 108 108 108 108 108 108 108 107 106 107 107 107 107 108 109 110 111 107 101 94 85 79 76 74 72 72 70 69 68 69 0 0 0 0 75 77 78 80 83 88 95 97 
76 71 76 75 75 75 75 75 75 74 73 72 72 72 73 74 74 73 73 73 73 74 75 76 78 78 79 80 81 81 82 82 82 83 84 84 85 86 86 86 87 88 89 89 90 91 92 92 93 92 93 94 95 95 95 95 96 96 96 96 97 97 97 98 98 98 98 98 97 97 98 98 99 99 100 100 100 100 100 100 100 100 100 100 101 101 101 101 101 101 101 101 101 101 101 101 101 101 102 102 103 103 104 104 104 104 104 104 105 105 105 105 106 107 107 107 108 108 108 107 108 108 108 109 109 110 110 110 110 110 109 110 110 111 111 111 111 111 111 111 111 110 110 111 111 111 112 113 114 115 115 110 104 96 86 79 76 74 72 71 70 68 0 0 0 0 0 0 74 76 78 80 83 87 86 98 
77 72 74 74 74 74 74 75 75 74 74 73 73 73 74 75 76 76 75 75 76 77 77 78 80 80 81 83 84 84 85 85 86 86 87 88 89 90 90 90 91 91 91 92 92 93 93 93 93 93 93 94 94 94 95 95 95 95 95 95 96 96 96 96 97 97 97 97 96 96 96 97 97 98 98 98 99 99 100 100 99 100 100 100 100 100 100 100 99 99 99 100 100 100 99 99 99 99 100 101 101 102 102 102 102 103 102 103 103 104 103 104 105 105 105 106 106 107 107 107 107 107 108 108 109 109 109 109 109 109 109 110 110 110 111 111 111 111 111 110 111 111 110 112 113 113 114 116 116 119 119 115 107 99 88 79 75 73 70 70 68 0 0 0 0 0 0 0 71 73 76 78 81 85 88 91 
72 75 73 73 74 74 74 75 75 75 75 74 74 75 76 77 78 78 78 79 79 80 80 81 83 83 84 85 86 87 87 88 88 88 89 89 90 90 90 90 91 90 91 91 91 92 92 92 92 92 92 92 93 93 93 93 93 93 93 93 93 92 92 92 92 91 91 91 90 91 91 92 93 94 95 97 98 98 99 99 99 99 99 98 97 96 95 94 93 92 92 92 92 92 92 92 92 92 93 93 94 95 95 96 96 97 97 97 97 98 98 99 99 100 99 99 99 99 100 100 101 102 102 103 105 106 107 108 108 108 108 108 108 109 109 109 110 110 110 110 111 110 109 111 111 112 113 114 115 118 119 115 108 99 89 80 74 71 70 69 0 0 0 0 0 0 0 0 70 73 75 77 80 83 91 91 
73 74 75 75 75 75 76 76 77 77 77 76 77 77 78 79 80 81 81 82 83 83 84 84 85 85 85 87 88 88 88 88 88 88 89 89 89 89 89 89 89 88 88 89 89 89 89 88 87 87 86 87 87 87 86 85 85 85 86 87 90 91 91 91 90 90 89 90 89 89 90 89 90 91 93 95 97 98 98 98 98 98 98 97 95 94 93 91 91 90 90 90 90 90 90 90 90 91 91 91 92 92 93 93 94 95 95 95 96 97 96 98 98 98 97 98 97 98 98 99 99 100 99 99 101 103 104 106 108 107 107 108 108 108 109 109 109 110 110 109 110 108 108 109 109 110 111 112 113 115 117 114 107 99 89 80 73 70 69 0 0 0 0 0 0 62 62 0 66 71 74 76 79 83 86 88 
67 68 76 77 77 77 77 78 79 78 79 78 79 80 81 82 83 83 82 83 83 84 84 84 84 84 84 86 86 87 87 88 88 87 87 86 86 85 84 84 83 83 84 85 86 88 88 87 86 86 85 86 86 86 85 83 82 82 83 85 87 89 89 89 88 87 87 87 87 87 87 85 87 89 91 93 97 98 98 98 98 98 97 94 93 91 89 87 87 87 87 87 86 86 86 87 86 87 87 87 88 89 90 90 91 93 92 92 93 94 94 96 96 96 95 94 93 94 95 95 96 97 95 95 98 100 102 105 107 107 107 108 108 108 109 108 109 109 108 108 108 107 107 108 108 108 109 110 112 114 115 113 105 98 89 79 72 68 0 0 0 0 0 0 62 62 62 0 65 70 73 75 78 82 89 96 
79 83 78 78 78 79 80 80 81 81 81 80 81 81 82 82 83 83 82 82 83 84 83 83 84 83 84 85 85 86 86 87 87 86 86 85 85 84 83 82 81 81 82 83 85 87 86 85 84 83 83 83 83 83 81 79 78 78 79 81 84 86 85 84 83 82 81 82 83 83 82 80 83 86 89 92 96 98 98 98 98 98 97 93 90 88 84 80 82 82 81 80 80 80 79 80 80 81 81 81 82 83 83 84 85 86 86 87 88 90 90 92 91 91 89 88 86 88 89 90 91 93 91 90 94 97 99 103 107 107 107 107 107 107 108 108 108 108 108 108 108 107 107 107 107 107 108 109 110 112 114 112 105 99 91 82 70 0 0 0 0 0 0 0 62 62 62 0 64 69 71 74 77 81 91 102 
79 83 79 79 80 80 81 81 81 81 81 81 81 82 82 82 82 82 82 82 83 83 82 83 83 83 84 84 85 86 86 86 87 85 84 84 83 81 81 79 78 78 78 80 82 84 84 81 80 79 79 78 78 77 74 71 70 69 70 73 76 79 77 75 72 71 69 70 72 73 73 72 79 84 87 90 96 98 98 98 97 97 96 91 89 85 80 71 69 69 68 66 67 66 66 67 67 67 68 68 68 69 70 71 74 75 76 76 78 80 81 84 82 80 77 74 70 72 73 75 77 80 78 80 89 94 97 101 106 107 107 107 107 107 107 107 108 107 108 108 108 107 107 107 106 107 107 107 109 110 112 111 104 99 95 85 69 0 0 0 0 0 0 0 62 62 0 0 0 69 71 74 77 80 83 90 
79 87 80 80 80 80 81 81 81 81 80 80 80 81 81 81 81 81 80 80 81 81 81 82 83 83 83 84 84 85 85 86 86 84 82 82 80 77 76 74 72 71 70 72 74 78 77 74 70 69 69 68 68 67 62 56 52 50 0 0 0 0 0 0 0 0 0 0 0 0 0 69 80 86 88 90 96 97 97 98 97 97 96 91 89 87 81 71 0 0 0 0 0 0 0 0 0 0 0 0 0 0 0 0 0 0 0 0 0 0 0 0 0 0 0 0 0 0 0 0 0 0 0 72 86 93 96 99 106 107 106 106 107 107 107 107 107 107 107 107 107 107 106 106 106 106 106 106 107 108 110 110 103 101 97 89 73 0 0 0 0 0 0 0 0 0 0 0 0 69 71 73 76 79 92 92 
77 74 79 79 79 79 80 81 81 80 80 80 79 80 80 80 79 79 78 77 77 78 79 81 82 83 83 84 84 85 85 85 85 83 81 79 76 70 67 65 61 59 0 0 0 0 0 0 0 0 0 0 0 0 0 0 0 0 0 0 0 0 0 0 0 0 0 0 0 0 0 70 81 86 88 90 96 97 97 97 97 97 96 90 89 86 80 70 0 0 0 0 0 0 0 0 0 0 0 0 0 0 0 0 0 0 0 0 0 0 0 0 0 0 0 0 0 0 0 0 0 0 0 71 86 93 96 98 105 106 106 106 106 106 107 106 106 106 106 106 106 106 105 105 105 105 105 105 106 107 108 109 103 101 99 92 75 0 0 0 0 0 0 0 0 0 0 0 0 70 71 73 75 78 80 87 
83 82 78 78 78 79 79 80 80 79 79 79 79 79 80 80 79 78 77 75 76 77 78 81 83 83 84 84 84 85 85 85 85 81 80 79 75 66 0 0 0 0 0 0 0 0 0 0 0 0 0 0 0 0 0 0 0 0 0 0 0 0 0 0 0 0 0 0 0 0 0 72 81 86 89 90 95 97 97 97 97 97 96 90 89 86 80 68 0 0 0 0 0 0 0 0 0 0 0 0 0 0 0 0 0 0 0 0 0 0 0 0 0 0 0 0 0 0 0 0 0 0 0 71 85 92 95 97 105 106 106 106 106 106 106 106 105 106 106 106 106 106 105 105 104 104 103 104 104 105 107 109 104 103 101 95 78 0 0 0 0 0 0 0 0 0 0 0 0 69 71 73 75 78 78 86 
76 78 77 77 77 78 78 79 79 79 79 80 79 79 79 79 76 75 73 71 73 76 78 80 83 83 84 84 84 84 84 85 85 80 79 78 73 62 0 0 0 0 0 0 0 0 0 0 0 0 0 0 0 0 0 0 0 0 0 0 0 0 52 50 50 49 0 0 0 0 0 71 81 87 89 90 95 96 96 96 97 97 96 90 88 85 79 66 0 0 0 0 0 0 0 0 0 0 0 0 0 0 0 0 0 0 0 0 0 0 0 0 0 0 0 0 0 0 0 0 0 0 0 72 86 92 96 97 104 106 106 106 106 106 105 105 105 105 105 105 105 105 104 104 103 103 103 103 104 104 106 108 103 103 102 97 81 0 0 0 0 0 0 0 0 0 0 0 0 0 71 73 75 78 84 89 
81 81 77 77 76 77 77 78 79 79 79 79 78 78 78 78 76 73 70 67 69 73 77 80 83 83 83 83 83 84 84 84 84 79 77 75 70 57 0 0 0 0 0 0 0 0 0 0 0 0 0 0 0 0 0 0 0 0 0 0 0 54 53 51 51 50 47 0 0 0 0 73 82 87 89 91 95 97 96 97 97 97 96 90 88 85 79 67 0 0 0 0 0 0 0 0 0 0 0 0 0 0 0 0 0 0 0 0 0 0 0 0 0 0 0 0 0 0 0 0 0 0 0 71 85 91 95 97 104 105 105 106 106 106 105 105 105 105 105 105 105 104 103 104 104 103 103 103 103 102 104 107 103 101 100 95 79 0 0 0 0 0 0 0 0 0 0 0 0 0 71 73 75 78 82 91 
77 71 76 76 76 77 77 78 78 78 78 79 78 78 78 76 74 70 67 64 67 72 77 79 83 83 83 83 83 83 84 84 84 79 78 75 70 56 0 0 0 0 0 0 0 0 0 0 0 0 0 0 0 0 0 0 0 0 0 0 49 52 51 50 49 48 46 43 0 0 0 75 83 88 90 91 95 97 96 97 97 97 96 90 88 85 79 66 0 0 0 0 0 0 0 0 0 0 0 0 0 0 0 0 0 0 0 0 0 0 0 0 0 0 0 0 0 0 0 0 0 0 0 74 86 92 95 97 103 105 106 106 106 106 106 105 105 105 104 104 104 104 103 103 103 103 103 102 102 102 104 107 103 99 97 92 76 0 0 0 0 0 0 0 0 0 0 0 0 0 70 72 74 77 81 84 
75 84 75 75 75 76 76 77 76 76 76 77 77 78 78 76 73 70 68 66 70 74 78 80 82 82 83 83 83 83 84 84 83 79 78 75 69 0 0 0 0 0 0 0 0 0 0 0 0 0 0 0 0 0 0 0 0 0 0 0 49 52 51 50 49 48 46 43 0 0 0 73 83 88 90 91 96 97 96 96 96 96 96 90 89 85 80 66 0 0 0 0 0 0 0 0 0 0 0 0 0 0 0 0 0 0 0 0 0 0 0 0 0 0 0 0 0 0 0 0 0 0 0 74 85 91 94 97 103 105 105 106 105 105 105 105 104 104 105 105 104 104 103 103 103 103 103 102 102 102 104 106 103 97 96 91 77 0 0 0 0 0 0 0 0 0 0 0 0 0 69 72 74 76 79 89 
74 74 75 75 75 75 75 76 76 76 76 77 77 77 77 76 73 71 69 68 71 74 78 80 82 81 82 83 82 83 83 84 82 79 78 76 69 0 0 0 0 0 0 0 0 0 0 0 0 0 0 0 0 0 0 0 0 0 0 0 49 52 52 50 50 49 46 43 0 0 0 71 82 87 89 91 96 97 96 96 96 96 96 90 88 85 79 65 0 0 0 0 0 0 0 0 0 0 0 0 0 0 0 0 0 0 0 0 0 0 0 0 0 0 0 0 0 0 0 0 0 0 0 73 84 91 94 96 102 104 104 105 105 105 105 104 104 104 104 104 103 103 103 103 103 103 102 102 102 102 103 106 104 96 94 90 77 60 0 0 0 0 0 0 0 0 0 0 0 0 68 71 73 75 73 81 
75 76 74 75 75 75 74 75 75 75 76 76 77 77 77 76 75 73 72 72 74 76 78 80 81 81 82 83 82 83 83 84 82 80 79 77 70 0 0 0 0 0 0 0 0 0 0 0 0 0 0 0 0 0 0 0 0 0 0 0 0 51 51 49 49 48 46 43 0 0 0 69 81 86 89 90 96 96 96 96 96 96 95 90 88 85 79 67 0 0 0 0 0 0 0 0 0 0 0 0 0 0 0 0 0 0 0 0 0 0 0 0 0 0 0 0 0 0 0 0 0 0 0 69 81 89 93 95 102 104 104 104 104 104 104 104 104 103 104 104 103 103 103 103 102 103 102 101 102 102 103 106 104 95 93 89 77 60 0 0 0 0 0 0 0 0 0 0 0 0 68 70 72 75 75 78 
76 75 74 74 74 75 75 75 75 75 76 76 77 77 77 76 75 74 74 75 77 78 79 81 81 81 82 83 83 83 83 83 81 81 80 79 73 0 0 0 0 0 0 0 0 0 0 0 0 0 0 0 0 0 0 0 0 0 0 0 0 0 0 46 46 46 0 0 0 0 0 66 79 85 88 90 96 96 96 96 96 96 95 89 87 84 77 64 0 0 0 0 0 0 0 0 0 0 0 0 0 0 0 0 0 0 0 0 0 0 0 0 0 0 0 0 0 0 0 0 0 0 0 66 79 88 92 94 102 104 104 104 104 104 104 104 104 104 104 104 103 103 103 102 102 102 101 101 101 102 103 105 105 96 94 90 80 62 0 0 0 0 0 0 0 0 0 0 0 0 68 70 71 74 77 81 
73 74 73 74 74 75 74 75 75 75 75 76 77 77 77 77 77 77 78 78 79 80 81 81 81 81 82 83 83 83 84 84 81 80 80 78 70 0 0 0 0 0 0 0 0 0 0 0 0 0 0 0 0 0 0 0 0 0 0 0 0 0 0 0 0 0 0 0 0 0 0 64 78 85 87 89 96 96 96 95 95 95 95 88 86 83 76 62 0 0 0 0 0 0 0 0 0 0 0 0 0 0 0 0 0 0 0 0 0 0 0 0 0 0 0 0 0 0 0 0 0 0 0 61 76 86 90 93 101 104 104 103 103 103 103 103 103 103 104 104 103 103 103 102 102 102 101 101 101 102 102 105 105 98 96 93 84 66 0 0 0 0 0 0 0 0 0 0 0 0 67 69 71 74 74 86 
73 73 73 73 74 74 74 75 75 75 75 76 77 77 77 77 77 78 79 79 80 81 80 81 81 82 82 83 83 84 84 84 81 80 79 77 69 0 0 0 0 0 0 0 0 0 0 0 0 0 0 0 0 0 0 0 0 0 0 0 0 0 0 0 0 0 0 0 0 0 0 64 78 84 87 89 95 96 96 96 96 96 95 88 86 82 75 60 0 0 0 0 0 0 0 0 0 0 0 0 0 0 0 0 0 0 0 0 0 0 0 0 0 0 0 0 0 0 0 0 0 0 0 57 74 84 89 92 101 104 104 103 103 104 103 103 104 103 104 104 103 103 103 102 102 102 101 101 101 101 102 104 105 99 98 95 87 71 0 0 0 0 0 0 0 0 0 0 0 0 68 70 71 74 72 83 
70 70 73 73 73 74 74 74 74 75 75 76 76 76 77 77 77 78 79 80 80 81 81 81 81 82 82 83 83 84 84 84 81 80 79 77 69 0 0 0 0 0 0 0 0 0 0 0 0 0 0 0 0 0 0 0 0 0 0 0 0 0 0 0 0 0 0 0 0 0 0 66 79 85 87 89 95 96 96 96 96 96 95 87 86 82 75 60 0 0 0 0 0 0 0 0 0 0 0 0 0 0 0 0 0 0 0 0 0 0 0 0 0 0 0 0 0 0 0 0 0 0 0 52 71 82 87 91 101 104 104 104 103 103 103 104 104 104 104 104 103 103 103 102 102 102 101 101 101 101 102 104 105 99 99 96 89 72 0 0 0 0 0 0 0 0 0 0 0 0 66 68 70 73 76 81 
77 70 73 73 73 74 74 74 74 74 75 75 76 76 77 77 77 78 79 80 80 81 80 80 80 81 82 83 83 84 84 84 81 80 79 76 67 0 0 0 0 0 0 0 0 0 0 0 0 0 0 0 0 0 0 0 0 0 0 0 0 0 0 0 0 0 0 0 0 0 0 67 80 86 89 90 96 97 96 96 96 96 95 88 86 82 75 60 0 0 0 0 0 0 0 0 0 0 0 0 0 0 0 0 0 0 0 0 0 0 0 0 0 0 0 0 0 0 0 0 0 0 0 49 69 80 86 90 101 104 104 104 104 104 104 104 105 104 104 104 104 103 103 102 102 102 101 101 100 100 101 104 105 100 100 97 91 76 0 0 0 0 0 0 0 0 0 0 0 0 66 69 71 73 71 80 
75 71 72 72 73 74 74 74 73 73 74 74 75 76 77 77 77 78 79 79 80 80 80 80 81 81 82 83 83 84 84 85 81 81 79 76 67 0 0 0 0 0 0 0 0 0 0 0 0 0 0 0 0 0 0 0 0 0 0 0 0 0 0 0 0 0 0 0 0 0 0 68 80 86 89 90 96 97 96 95 96 96 94 88 86 83 77 62 0 0 0 0 0 0 0 0 0 0 0 0 0 0 0 0 0 0 0 0 0 0 0 0 0 0 0 0 0 0 0 0 0 0 0 47 68 80 85 89 100 103 104 104 104 104 104 104 104 104 104 104 103 103 103 102 102 102 101 101 101 100 101 104 105 101 101 100 94 78 0 0 0 0 0 0 0 0 0 0 0 0 64 68 71 73 75 80 
75 75 72 72 73 73 73 73 73 73 74 74 75 75 76 76 76 77 78 79 79 80 80 80 80 81 82 83 83 84 85 85 81 80 79 76 68 0 0 0 0 0 0 0 0 0 0 0 0 0 0 0 0 0 0 0 0 0 0 0 0 0 0 0 0 0 0 0 0 0 0 69 80 86 89 90 96 96 96 96 96 96 95 88 87 84 78 63 0 0 0 0 0 0 0 0 0 0 0 0 0 0 0 0 0 0 0 0 0 0 0 0 0 0 0 0 0 0 0 0 0 0 0 46 67 79 85 89 100 103 103 104 104 104 104 104 104 104 104 103 103 103 103 102 102 102 101 101 101 100 101 103 105 101 101 100 95 80 0 0 0 0 0 0 0 0 0 0 0 0 0 68 70 73 72 79 
72 70 72 72 72 73 73 73 73 73 74 74 75 75 76 76 76 77 78 79 79 80 80 80 80 81 82 83 83 84 84 85 81 80 79 76 68 0 0 0 0 0 0 0 0 0 0 0 0 0 0 0 0 0 0 0 0 0 0 0 0 0 0 0 0 0 0 0 0 0 0 70 81 87 89 91 96 96 96 96 95 95 95 88 84 81 74 59 0 0 0 0 0 0 0 0 0 0 0 0 0 0 0 0 0 0 0 0 0 0 0 0 0 0 0 0 0 0 0 0 0 0 0 45 68 81 86 90 100 103 103 104 104 104 104 104 104 104 103 103 103 102 102 102 102 101 101 101 101 100 100 103 105 101 101 101 96 80 0 0 0 0 0 0 0 0 0 0 0 0 0 67 70 72 77 82 
69 66 71 72 72 73 73 73 73 73 73 74 74 75 76 76 76 77 78 78 79 80 80 80 80 81 82 82 83 85 85 85 81 80 78 74 65 0 0 0 0 0 0 0 0 0 0 0 0 0 0 0 0 0 0 0 0 0 0 0 0 0 0 0 0 0 0 0 0 0 0 71 81 87 89 91 96 97 96 96 96 96 95 88 84 81 74 58 0 0 0 0 0 0 0 0 0 0 0 0 0 0 0 0 0 0 0 0 0 0 0 0 0 0 0 0 0 0 0 0 0 0 0 0 70 83 88 92 100 103 103 104 104 104 104 104 103 103 102 102 102 102 102 102 102 101 101 100 100 100 100 102 105 102 100 99 94 79 0 0 0 0 0 0 0 0 0 0 0 0 0 67 70 72 73 74 
72 78 71 72 72 73 73 73 73 73 73 73 74 75 75 76 76 77 78 78 79 80 80 80 80 81 82 82 83 84 85 85 81 80 78 74 64 0 0 0 0 0 0 0 0 0 0 0 0 0 0 0 0 0 0 0 0 0 0 0 0 0 0 0 0 0 39 39 0 0 0 73 83 87 89 91 96 96 96 96 96 96 96 88 82 78 69 53 0 0 0 0 0 0 0 0 0 0 0 0 0 0 0 0 0 0 0 0 0 0 0 0 0 0 0 0 0 0 0 0 0 0 0 0 72 85 90 93 99 103 103 104 104 104 104 104 104 103 103 102 102 102 102 102 102 101 101 100 100 100 100 102 105 102 100 100 96 81 0 0 0 0 0 0 0 0 0 0 0 0 0 66 70 71 70 75 
68 67 71 72 72 73 73 73 73 73 73 73 74 75 75 76 76 77 77 78 79 80 80 80 81 81 82 82 83 84 84 84 80 78 76 71 60 0 0 0 0 0 0 0 0 0 0 0 0 0 0 0 0 0 0 0 0 0 0 0 0 0 0 0 39 39 39 39 0 0 0 75 84 88 90 92 96 97 97 97 96 97 96 88 81 77 68 51 0 0 0 0 0 0 0 0 0 0 0 0 0 0 0 0 0 0 0 0 0 0 0 0 0 0 0 0 0 0 0 0 0 0 0 0 75 88 92 95 99 103 103 104 104 104 104 104 104 104 103 103 102 102 102 102 101 101 101 100 100 100 101 102 105 102 98 97 93 79 0 0 0 0 0 0 0 0 0 0 0 0 0 66 69 71 77 69 
66 73 70 71 72 73 73 73 73 73 73 73 74 75 75 76 76 77 77 78 79 80 80 81 81 82 82 82 83 83 84 84 79 78 75 70 57 0 0 0 0 0 0 0 0 0 0 0 0 0 0 0 0 0 0 0 0 0 0 0 0 0 0 0 40 40 40 40 40 0 0 70 80 85 88 92 96 97 96 97 97 97 96 88 79 75 64 48 38 0 0 0 0 0 0 0 0 0 0 0 0 0 0 0 0 0 0 0 0 0 0 0 0 0 0 0 0 0 0 0 0 0 0 0 73 87 91 94 99 103 103 104 104 104 104 104 104 103 103 102 102 102 102 102 101 101 100 99 100 100 101 102 105 103 97 96 91 78 0 0 0 0 0 0 0 0 0 0 0 0 0 66 69 71 73 74 
70 64 70 71 72 72 73 73 73 73 73 73 74 75 75 76 76 77 77 78 79 80 80 80 81 81 82 82 83 83 84 83 78 76 74 68 53 0 0 0 0 0 0 0 0 0 0 0 0 0 0 0 0 0 0 0 0 0 0 0 0 0 0 0 40 40 40 40 40 0 0 71 81 86 88 92 96 97 96 97 97 97 96 89 82 77 66 50 0 0 0 0 0 0 0 0 0 0 0 0 0 0 0 0 0 0 0 0 0 0 0 0 0 0 0 0 0 0 0 0 0 0 0 0 72 86 91 94 98 103 103 104 104 104 104 104 104 103 103 103 102 102 102 101 101 101 100 99 100 100 101 102 105 103 96 94 89 76 57 0 0 0 0 0 0 0 0 0 0 0 0 66 69 71 71 78 
67 71 70 71 71 72 72 72 72 73 73 74 75 75 76 76 76 77 77 78 79 80 80 80 81 82 82 82 83 83 84 83 77 75 72 66 51 0 0 0 0 0 0 0 0 0 0 0 0 0 0 0 0 0 0 0 0 0 0 0 0 0 0 0 40 40 0 0 0 0 0 72 82 86 89 93 96 96 96 97 97 97 96 89 82 77 66 50 0 0 0 0 0 0 0 0 0 0 0 0 0 0 0 0 0 0 0 0 0 0 0 0 0 0 0 0 0 0 0 0 0 0 0 0 70 85 90 93 98 103 104 104 104 104 104 105 104 104 103 103 102 102 102 101 101 101 100 100 100 100 101 103 105 104 97 95 90 79 59 0 0 0 0 0 0 0 0 0 0 0 0 66 68 70 72 71 
70 74 70 70 71 72 72 72 73 73 73 74 75 76 76 76 76 77 77 77 78 79 79 80 81 81 82 82 83 83 83 82 76 74 71 65 50 0 0 0 0 0 0 0 0 0 0 0 0 0 0 0 0 0 0 0 0 0 0 0 0 0 0 0 0 0 0 0 0 0 0 68 79 84 87 93 96 96 96 97 97 97 96 89 82 78 67 52 0 0 0 0 0 0 0 0 0 0 0 0 0 0 0 0 0 0 0 0 0 0 0 0 0 0 0 0 0 0 0 0 0 0 0 0 70 84 90 93 97 103 104 103 104 104 104 104 104 103 103 103 102 102 102 102 101 101 100 100 100 100 100 102 105 104 96 94 90 79 61 0 0 0 0 0 0 0 0 0 0 0 0 65 67 70 67 80 
68 68 69 70 71 71 72 72 72 73 73 74 75 76 76 76 76 77 77 78 79 79 80 80 81 81 82 82 83 83 83 82 77 75 71 65 49 0 0 0 0 0 0 0 0 0 0 0 0 0 0 0 0 0 0 0 0 0 0 0 0 0 0 0 0 0 0 0 0 0 0 68 80 84 87 93 96 96 97 97 97 97 96 89 81 76 66 51 41 0 0 0 0 0 0 0 0 0 0 0 0 0 0 0 0 0 0 0 0 0 0 0 0 0 0 0 0 0 0 0 0 0 0 0 69 83 90 93 97 103 104 104 104 104 104 104 104 103 103 102 102 102 101 101 101 101 100 100 100 101 101 102 104 104 96 95 91 82 64 0 0 0 0 0 0 0 0 0 0 0 0 64 67 70 70 69 
68 68 70 71 71 71 71 72 72 72 72 74 75 76 76 77 77 77 78 78 79 79 79 80 81 81 82 83 83 83 83 82 78 76 73 66 0 0 0 0 0 0 0 0 0 0 0 0 0 0 0 0 0 0 0 0 0 0 0 0 0 0 0 0 0 0 0 0 0 0 0 69 81 85 88 93 97 97 97 97 97 97 96 89 81 77 69 54 0 0 0 0 0 0 0 0 0 0 0 0 0 0 0 0 0 0 0 0 0 0 0 0 0 0 0 0 0 0 0 0 0 0 0 0 73 87 92 95 97 103 104 103 104 104 104 104 104 103 103 102 102 102 102 102 102 101 101 101 100 101 101 101 104 104 97 96 93 83 66 0 0 0 0 0 0 0 0 0 0 0 0 64 66 70 67 78 
62 70 69 70 71 71 71 72 72 72 72 74 75 76 76 77 76 77 78 78 79 79 80 80 81 82 83 83 84 84 84 82 79 78 74 69 0 0 0 0 0 0 0 0 0 0 0 0 0 0 0 0 0 0 0 0 0 0 0 0 0 0 0 0 0 0 0 0 0 0 0 66 77 83 85 93 97 97 97 97 97 97 96 89 80 76 67 53 43 0 0 0 0 0 0 0 0 0 0 0 0 0 0 0 0 0 0 0 0 0 0 0 0 0 0 0 0 0 0 0 0 0 0 0 72 86 91 94 96 103 104 104 104 104 104 103 103 103 102 102 102 102 102 102 102 101 101 101 100 100 100 101 103 104 98 97 95 86 70 0 0 0 0 0 0 0 0 0 0 0 0 64 67 70 69 78 
65 74 70 71 71 72 72 72 72 73 72 73 74 75 76 76 76 77 77 79 79 79 80 80 80 81 82 83 83 84 83 82 80 79 76 71 0 0 0 0 0 0 0 0 0 0 0 0 0 0 0 0 0 0 0 0 0 0 0 0 0 0 0 0 0 0 0 0 0 0 39 63 74 80 84 94 97 97 97 97 97 97 96 89 78 74 66 52 42 0 0 0 0 0 0 0 0 0 0 0 0 0 0 0 0 0 0 0 0 0 0 0 0 0 0 0 0 0 0 0 0 0 0 0 71 86 92 94 96 103 104 104 104 104 104 103 103 102 102 102 102 102 102 102 101 101 100 100 100 100 100 100 102 104 98 98 96 88 72 0 0 0 0 0 0 0 0 0 0 0 0 64 67 70 71 81 
66 70 70 71 71 72 73 72 72 73 73 73 75 76 76 77 77 78 78 79 79 80 80 80 80 81 82 83 83 84 84 82 82 81 79 76 0 0 0 0 0 0 0 0 0 0 0 0 0 0 0 0 0 0 0 0 0 0 0 0 0 0 0 0 0 0 0 0 0 0 39 63 74 80 84 94 97 97 97 97 97 97 96 90 79 74 66 53 42 0 0 0 0 0 0 0 0 0 0 0 0 0 0 0 0 0 0 0 0 0 0 0 0 0 0 0 0 0 0 0 0 0 0 0 69 85 91 94 96 103 104 104 104 104 104 103 103 102 102 102 102 102 102 102 101 100 100 100 100 100 100 100 102 104 99 98 97 89 73 0 0 0 0 0 0 0 0 0 0 0 0 65 68 70 74 74 
69 72 70 71 72 72 72 72 73 73 73 73 74 75 76 77 77 77 78 79 79 79 80 80 80 81 82 82 83 84 84 82 82 81 79 75 0 0 0 0 0 0 0 0 0 0 0 0 0 0 0 0 0 0 0 0 0 0 0 0 0 0 0 0 0 0 0 0 0 0 39 61 72 79 82 94 96 97 97 97 97 97 97 90 79 75 67 53 43 0 0 0 0 0 0 0 0 0 0 0 0 0 0 0 0 0 0 0 0 0 0 0 0 0 0 0 0 0 0 0 0 0 0 0 69 85 91 94 96 103 104 104 104 104 104 103 103 102 102 102 103 103 103 102 101 100 100 100 100 99 99 100 102 104 99 99 97 90 73 0 0 0 0 0 0 0 0 0 0 0 0 66 68 70 70 74 
64 66 70 71 71 72 73 73 73 73 73 74 75 75 76 76 76 77 77 78 79 80 80 80 80 81 81 82 83 84 84 82 82 80 78 72 0 0 0 0 0 0 0 0 0 0 0 0 0 0 0 0 0 0 0 0 0 0 0 0 0 0 0 0 0 0 0 0 0 0 39 62 73 79 82 94 96 97 96 97 97 97 97 90 80 75 68 54 44 0 0 0 0 0 0 0 0 0 0 0 0 0 0 0 0 0 0 0 0 0 0 0 0 0 0 0 0 0 0 0 0 0 0 0 68 85 91 95 97 104 104 104 105 104 104 103 103 102 102 102 103 102 102 101 101 100 99 99 99 99 99 100 102 104 99 98 97 90 73 0 0 0 0 0 0 0 0 0 0 0 0 0 69 70 66 69 
72 71 70 70 71 72 73 73 73 73 73 74 75 75 75 76 76 76 77 78 79 79 80 80 80 81 81 82 83 83 83 81 81 79 77 70 0 0 0 0 0 0 0 0 0 0 0 0 0 0 0 0 0 0 0 0 0 0 0 0 0 0 0 0 0 0 0 0 0 0 40 63 74 80 83 95 97 97 97 97 97 98 97 91 80 76 68 55 45 0 0 0 0 0 0 0 0 0 0 0 0 0 0 0 0 0 0 0 0 0 0 0 0 0 0 0 0 0 0 0 0 0 0 0 69 85 92 95 97 104 104 105 105 104 104 104 103 102 102 102 103 102 102 101 100 100 99 99 99 99 100 101 103 105 99 98 97 91 73 0 0 0 0 0 0 0 0 0 0 0 0 0 68 69 0 0 
70 67 69 70 71 72 72 73 73 73 73 74 74 75 75 75 76 76 77 78 78 79 80 80 81 82 82 82 82 83 83 81 80 79 77 69 0 0 0 0 0 0 0 0 0 0 0 0 0 0 0 0 0 0 0 0 0 0 0 0 0 0 0 0 0 0 0 0 0 0 40 63 74 80 84 95 97 97 97 97 97 98 98 92 82 77 70 57 47 0 0 0 0 0 0 0 0 0 0 0 0 0 0 0 0 0 0 0 0 0 0 0 0 0 0 0 0 0 0 0 0 0 0 0 69 85 92 95 97 104 105 105 105 104 104 103 103 102 102 102 102 102 102 101 101 100 99 99 99 100 101 101 103 105 99 98 97 91 71 0 0 0 0 0 0 0 0 0 0 0 0 0 0 0 0 0 
69 70 69 69 71 71 71 72 72 72 73 74 74 75 75 75 76 76 77 77 78 79 80 81 81 82 82 82 82 82 83 80 79 78 76 67 0 0 0 0 0 0 0 0 0 0 0 0 0 0 0 0 0 0 0 0 0 0 0 0 0 0 0 0 0 0 0 0 0 0 41 64 75 81 84 95 98 98 98 97 98 98 97 92 82 78 71 58 49 0 0 0 0 0 0 0 0 0 0 0 0 0 0 0 0 0 0 0 0 0 0 0 0 0 0 0 0 0 0 0 0 0 0 0 69 85 91 95 97 104 105 105 105 104 104 103 103 102 102 102 102 102 101 101 100 99 99 99 99 100 101 102 104 106 100 99 97 92 72 0 0 0 0 0 0 0 0 0 0 0 0 0 0 0 0 0 
67 67 69 70 71 71 71 72 72 73 74 74 75 75 75 75 76 76 77 77 79 79 79 80 81 81 82 82 82 82 83 79 79 78 75 66 0 0 0 0 0 0 0 0 0 0 0 0 0 0 0 0 0 0 0 0 0 0 0 0 0 0 0 0 0 0 0 0 0 0 43 65 75 81 85 96 98 99 98 98 98 98 98 92 83 78 72 59 51 0 0 0 0 0 0 0 0 0 0 0 0 0 0 0 0 0 0 0 0 0 0 0 0 0 0 0 0 0 0 0 0 0 0 0 67 84 90 94 97 104 105 105 105 105 104 103 103 103 101 101 102 101 100 101 100 99 99 99 99 100 101 102 104 106 100 99 98 92 72 0 0 0 0 0 0 0 0 0 0 0 0 0 0 0 0 0 
64 64 69 70 71 71 71 72 72 73 74 74 74 75 75 75 76 77 77 78 79 79 79 80 81 81 81 82 82 82 82 79 79 77 75 66 0 0 0 0 0 0 0 0 0 0 0 0 0 0 0 0 0 0 0 0 0 0 0 0 0 0 0 0 0 0 0 0 0 0 43 65 75 81 84 96 98 99 99 98 99 98 98 92 83 79 72 60 52 0 0 0 0 0 0 0 0 0 0 0 0 0 0 0 0 0 0 0 0 0 0 0 0 0 0 0 0 0 0 0 0 0 0 0 62 80 87 92 97 104 105 105 105 104 104 103 103 102 101 101 101 101 100 100 100 99 99 99 99 100 101 102 103 106 100 100 98 93 73 0 0 0 0 0 0 0 0 0 0 0 0 0 0 0 0 0 
68 73 69 71 71 71 71 72 72 73 74 74 74 75 75 75 76 77 78 78 79 79 79 80 80 81 81 81 82 81 82 79 78 77 75 67 0 0 0 0 0 0 0 0 0 0 0 0 0 0 0 0 0 0 0 0 0 0 0 0 0 0 0 0 0 0 0 0 0 0 44 66 76 82 85 96 99 99 99 99 99 99 98 93 84 80 74 62 53 0 0 0 0 0 0 0 0 0 0 0 0 0 0 0 0 0 0 0 0 0 0 0 0 0 0 0 0 0 0 0 0 0 0 0 59 76 84 89 96 104 105 105 104 104 104 103 103 102 102 101 101 101 100 100 99 99 99 99 99 100 101 101 103 106 100 100 98 94 74 0 0 0 0 0 0 0 0 0 0 0 0 0 0 0 0 0 
68 65 69 71 71 71 71 72 72 73 74 74 74 75 75 75 76 77 78 78 78 79 79 80 80 81 81 81 82 82 82 79 78 77 74 66 0 0 0 0 0 0 0 0 0 0 0 0 0 0 0 0 0 0 0 0 0 0 0 0 0 0 0 0 0 0 0 0 0 0 45 66 76 82 85 96 99 99 99 99 99 99 99 94 85 79 73 62 53 0 0 0 0 0 0 0 0 0 0 0 0 0 0 0 0 0 0 0 0 0 0 0 0 0 0 0 0 0 0 0 0 0 0 0 55 72 81 87 96 104 105 105 104 104 104 103 103 102 102 101 100 100 99 99 99 99 99 99 99 100 100 101 103 105 100 100 99 95 77 0 0 0 0 0 0 0 0 0 0 0 0 0 0 0 0 0 
68 70 70 71 71 72 71 72 72 73 73 74 74 75 75 76 76 77 78 78 79 79 80 79 80 81 81 81 82 82 82 79 78 76 74 65 0 0 0 0 0 0 0 0 0 0 0 0 0 0 0 0 0 0 0 0 0 0 0 0 0 0 0 0 0 0 0 0 0 0 46 67 77 82 86 97 99 100 100 100 100 101 100 95 86 81 74 63 54 0 0 0 0 0 0 0 0 0 0 0 0 0 0 0 0 0 0 0 0 0 0 0 0 0 0 0 0 0 0 0 0 0 0 0 55 72 81 87 96 104 105 105 104 104 103 103 103 102 101 101 100 100 100 100 99 99 99 99 99 100 100 101 102 105 100 100 99 96 78 0 0 0 0 0 0 0 0 0 0 0 0 0 0 0 0 0 
70 68 69 70 71 71 71 72 72 73 73 74 74 75 75 75 77 77 78 78 78 79 79 79 80 81 81 82 82 82 82 78 77 76 73 64 0 0 0 0 0 0 0 0 0 0 0 0 0 0 0 0 0 0 0 0 0 0 0 0 0 0 0 0 0 0 0 0 0 0 47 67 77 82 86 96 99 100 100 100 101 101 101 96 88 80 73 63 54 0 0 0 0 0 0 0 0 0 0 0 0 0 0 0 0 0 0 0 0 0 0 0 0 0 0 0 0 0 0 0 0 0 0 0 55 71 81 86 96 104 105 104 104 103 103 102 102 102 101 101 100 100 100 99 99 99 99 99 99 99 100 101 102 105 101 101 100 97 80 0 0 0 0 0 0 0 0 0 0 0 0 0 0 0 0 0 
71 68 69 70 71 71 71 72 72 73 73 73 74 74 75 76 77 77 78 77 78 78 79 79 80 81 81 81 82 82 82 79 78 76 73 65 0 0 0 0 0 0 0 0 0 0 0 0 0 0 0 0 0 0 0 0 0 0 0 0 0 0 0 0 0 0 0 0 0 0 49 68 78 83 86 97 99 100 101 101 101 102 102 97 89 80 73 62 52 0 0 0 0 0 0 0 0 0 0 0 0 0 0 0 0 0 0 0 0 0 0 0 0 0 0 0 0 0 0 0 0 0 0 0 56 73 82 88 95 103 104 104 103 103 103 103 103 102 102 102 101 101 100 100 99 99 98 99 99 99 100 101 102 105 101 101 101 98 83 0 0 0 0 0 0 0 0 0 0 0 0 0 0 0 0 0 
64 70 69 70 70 70 71 71 71 72 72 73 74 75 75 75 77 77 78 77 78 78 79 79 80 81 81 82 82 82 82 78 77 75 72 63 0 0 0 0 0 0 0 0 0 0 0 0 0 0 0 0 0 0 0 0 0 0 0 0 0 0 0 0 0 0 0 0 0 0 49 68 78 83 86 97 100 100 101 102 102 103 103 98 91 79 72 62 52 37 0 0 0 0 0 0 0 0 0 0 0 0 0 0 0 0 0 0 0 0 0 0 0 0 0 0 0 0 0 0 0 0 0 0 56 73 82 87 94 103 104 104 104 104 103 103 103 102 101 102 101 101 101 100 100 99 99 99 99 99 99 100 101 104 101 101 101 98 83 0 0 0 0 0 0 0 0 0 0 0 0 0 0 0 0 0 
66 67 69 70 70 70 71 71 72 72 73 73 74 74 75 75 76 77 78 78 78 78 79 79 80 81 81 82 82 82 82 79 78 76 74 66 0 0 0 0 0 0 0 0 0 0 0 0 0 0 0 0 0 0 0 0 0 0 0 0 0 0 0 0 0 0 0 0 0 0 50 68 78 83 87 97 100 101 102 102 103 103 103 99 91 80 73 63 52 37 0 0 50 50 50 50 0 0 0 0 0 0 0 0 0 0 0 0 0 0 0 0 0 0 0 0 0 0 0 0 0 0 0 0 56 73 82 87 94 102 104 104 103 104 103 102 102 102 101 102 101 101 100 100 100 99 99 99 99 100 100 101 102 104 101 101 101 98 84 0 0 0 0 0 0 0 0 0 0 0 0 0 0 0 0 0 
66 67 69 70 71 70 71 71 71 72 73 74 74 75 75 76 76 77 78 78 78 78 79 80 80 81 81 82 82 82 82 79 79 77 75 67 0 0 0 0 0 0 0 0 0 0 0 0 0 0 0 0 0 0 0 0 0 0 0 0 0 0 0 0 0 0 0 0 0 0 50 69 78 83 86 97 100 101 102 103 103 104 104 100 92 79 72 62 52 37 0 49 53 51 51 51 53 0 0 0 0 0 0 0 0 0 0 0 0 0 0 0 0 0 0 0 0 0 0 0 0 0 0 0 55 72 82 87 93 102 103 103 103 103 103 102 102 102 101 102 102 101 100 100 99 99 98 99 99 99 99 100 101 104 100 98 97 94 75 56 0 0 0 0 0 0 0 0 0 0 0 0 0 0 0 0 
66 69 69 70 71 71 71 71 71 72 73 73 74 74 75 75 76 76 77 78 78 79 79 80 81 81 82 82 82 82 82 79 79 77 75 68 0 0 0 0 0 0 0 0 0 0 0 0 0 0 0 0 0 0 0 0 0 0 0 0 0 0 0 0 0 0 0 0 0 0 49 68 78 84 87 98 101 102 103 104 104 105 105 101 94 80 74 63 53 37 0 49 58 55 55 55 60 0 0 0 0 0 0 0 0 0 0 0 0 0 0 0 0 0 0 0 0 0 0 0 0 0 0 0 54 72 81 86 93 102 103 104 104 104 103 103 102 102 101 102 102 101 100 100 99 98 98 99 99 99 99 99 100 103 100 96 94 90 72 55 0 0 0 0 0 0 0 0 0 0 0 0 0 0 0 0 
67 62 69 70 71 71 71 71 71 72 72 73 73 74 74 74 75 76 77 78 78 79 79 80 81 82 82 82 82 82 82 79 79 77 75 68 0 0 0 0 0 0 0 0 0 0 0 0 0 0 0 0 0 0 0 0 0 0 0 0 0 0 0 0 0 0 0 0 0 0 48 69 78 84 87 98 101 103 103 105 105 106 106 102 95 81 75 65 54 38 0 51 64 60 60 60 65 0 0 0 0 0 0 0 0 0 0 0 0 0 0 0 0 0 0 0 0 0 0 0 0 0 0 0 53 70 79 84 93 102 103 104 104 104 103 103 102 102 101 101 101 101 100 100 99 98 98 98 98 98 98 99 100 102 99 93 91 86 69 54 0 0 0 0 0 0 0 0 0 0 0 0 0 0 0 0 
70 68 69 69 70 71 71 71 72 72 73 73 73 74 74 74 75 76 76 77 78 79 79 80 80 82 82 82 82 82 82 80 79 78 76 69 0 0 0 0 0 0 0 0 0 0 0 0 0 0 0 0 0 0 0 0 0 0 0 0 0 0 0 0 0 0 0 0 0 0 47 69 78 84 87 98 101 102 104 105 106 106 106 102 96 82 76 66 56 39 0 0 71 69 69 69 74 64 0 0 0 0 0 0 0 0 0 0 0 0 0 0 0 0 0 0 0 0 0 0 0 0 0 0 52 70 79 84 93 102 103 103 104 104 103 103 102 102 101 101 101 100 100 99 99 98 97 98 98 98 98 99 100 102 99 93 92 86 70 54 0 0 0 0 0 0 0 0 0 0 0 0 0 0 0 0 
67 68 68 69 70 71 71 72 72 72 73 73 73 74 74 74 75 76 76 77 78 79 79 80 80 81 82 82 82 83 83 80 79 78 75 69 0 0 0 0 0 0 0 0 0 0 0 0 0 0 0 0 0 0 0 0 0 0 0 0 0 0 0 0 0 0 0 0 0 0 48 70 79 84 87 98 101 103 104 106 106 107 107 104 97 84 77 67 57 39 0 0 77 78 77 74 78 72 0 0 0 0 0 0 0 0 0 0 0 0 0 0 0 0 0 0 0 0 0 0 0 0 0 0 53 70 79 84 93 102 104 103 104 103 103 103 102 102 101 101 100 100 100 100 99 98 98 97 98 98 98 98 100 102 99 92 90 84 68 54 0 0 0 0 0 0 0 0 0 0 0 0 0 0 0 0 
66 68 69 69 70 71 72 72 72 72 73 73 73 74 74 74 74 75 76 77 77 79 79 80 80 81 81 81 82 82 82 79 79 77 75 69 0 0 0 0 0 0 0 0 0 0 0 0 0 0 0 0 0 0 0 0 0 0 0 0 0 0 0 0 0 0 0 0 0 0 48 70 79 84 88 98 102 104 105 106 107 108 108 105 98 85 78 69 58 40 0 0 73 90 93 87 94 99 79 0 0 0 0 0 0 0 0 0 0 0 0 0 0 0 0 0 0 0 0 0 0 0 0 42 50 66 75 82 93 102 104 104 104 104 103 103 102 102 101 101 100 100 100 100 99 99 98 97 98 98 98 98 100 102 99 92 90 84 70 51 0 0 0 0 0 0 0 0 0 0 0 0 0 0 0 0 
67 64 69 69 70 71 72 72 72 73 73 73 73 73 73 74 74 75 76 77 77 79 79 79 79 80 81 81 82 82 82 79 79 77 75 69 0 0 0 0 0 0 0 0 0 0 0 0 0 0 0 0 0 0 0 0 0 0 0 0 0 0 0 0 0 0 0 0 0 0 48 70 79 85 88 99 102 104 105 107 108 109 109 105 99 86 80 70 60 42 0 0 71 198 340 315 334 438 482 164 0 0 0 0 0 0 0 0 0 0 0 0 0 0 0 0 0 0 0 0 0 0 0 46 52 64 73 81 93 101 103 103 103 103 103 102 102 101 101 101 100 100 100 100 99 99 98 98 98 98 98 98 100 102 99 94 92 87 73 0 0 0 0 0 0 0 0 0 0 0 0 0 0 0 0 0 
70 68 69 69 70 71 71 72 72 73 73 73 73 74 74 75 75 76 76 77 78 79 79 79 79 80 80 81 81 81 82 79 79 78 76 69 0 0 0 0 0 0 0 0 0 0 0 0 0 0 0 0 0 0 0 0 0 0 0 0 0 0 0 0 0 0 0 0 0 0 49 71 79 85 89 99 102 104 106 108 110 111 111 107 100 87 81 71 62 44 0 0 80 205 345 395 420 505 525 362 0 0 0 0 0 0 0 0 0 0 0 0 0 0 0 0 0 0 0 0 0 0 0 59 58 69 76 81 92 101 103 103 103 103 103 102 102 102 101 101 100 100 99 99 98 98 98 97 98 98 97 98 99 102 99 96 95 91 76 0 0 0 0 0 0 0 0 0 0 0 0 0 0 0 0 0 
69 71 69 69 70 71 71 72 72 73 73 73 73 74 74 75 76 76 76 77 78 78 78 79 79 80 80 81 81 81 81 79 79 77 76 70 0 0 0 0 0 0 0 0 0 0 0 0 0 0 0 0 0 0 0 0 0 0 0 0 0 0 0 0 0 0 0 0 0 0 50 71 80 85 89 99 102 105 108 112 114 115 114 109 101 87 81 72 63 46 0 41 84 205 345 447 475 532 523 409 68 0 0 0 0 0 0 0 0 0 0 0 0 0 0 0 0 0 0 0 0 0 91 70 66 73 79 82 92 101 102 102 102 102 102 102 102 101 101 100 100 100 99 99 98 98 97 97 97 97 97 98 99 101 99 93 91 87 73 0 0 0 0 0 0 0 0 0 0 0 0 0 0 0 0 0 
68 68 69 69 70 70 71 72 72 73 73 73 73 74 74 75 75 76 77 77 78 78 78 79 79 80 80 80 81 81 81 79 78 77 75 69 0 0 0 0 0 0 0 0 0 0 0 0 0 0 0 0 0 0 0 0 0 0 0 0 0 0 0 0 0 0 0 0 0 0 48 71 79 85 89 99 102 105 108 113 115 117 116 110 101 87 82 73 63 47 0 41 80 249 404 511 518 582 544 413 64 0 0 0 0 0 0 0 0 0 0 0 0 0 0 0 0 0 0 0 0 0 89 72 67 74 80 82 92 100 101 102 102 102 102 102 102 101 101 100 100 99 98 98 97 97 97 97 96 96 96 97 98 101 98 94 93 89 75 0 0 0 0 0 0 0 0 0 0 0 0 0 0 0 0 0 
70 69 69 69 70 70 71 72 72 73 73 73 73 73 74 74 76 76 77 77 78 78 78 79 79 80 80 81 81 81 81 79 78 77 75 71 0 0 0 0 0 0 0 0 0 0 0 0 0 0 0 0 0 0 0 0 0 0 0 0 0 0 0 0 0 0 0 0 0 0 50 71 79 85 88 99 101 104 108 113 115 117 116 110 101 87 82 73 63 47 0 0 89 273 447 558 537 576 549 419 64 0 0 0 0 0 0 0 0 0 0 0 0 0 0 0 0 0 0 0 0 0 91 74 68 75 80 82 91 100 101 101 102 102 102 102 101 101 100 99 99 99 98 97 96 96 94 94 93 93 93 93 95 98 96 94 93 91 76 0 0 0 0 0 0 0 0 0 0 0 0 0 0 0 0 0 
70 68 69 69 70 70 70 71 72 72 73 73 73 74 74 75 75 76 76 77 78 78 79 80 80 80 80 81 81 82 81 79 79 78 76 72 0 0 0 0 0 0 0 0 0 0 0 0 0 0 0 0 0 0 0 0 0 0 0 0 0 0 0 0 0 0 0 0 0 0 50 71 80 85 88 98 101 103 107 113 115 116 116 110 100 86 81 72 62 46 0 0 98 160 177 365 352 354 375 421 62 0 0 0 0 0 0 0 0 0 0 0 0 0 0 0 0 0 0 0 0 0 97 74 68 75 80 82 91 100 101 102 102 102 102 102 101 101 100 99 98 97 94 92 90 88 86 85 84 84 83 84 86 89 88 86 86 84 72 0 0 0 0 0 0 0 0 0 0 0 0 0 0 0 0 0 
70 68 69 69 70 70 71 72 72 72 72 73 73 73 74 75 76 76 76 77 78 78 79 80 80 81 81 81 82 82 82 80 79 78 76 71 0 0 0 0 0 0 0 0 0 0 0 0 0 0 0 0 0 0 0 0 0 0 0 0 0 0 0 0 0 0 0 0 0 0 51 71 80 84 88 98 101 103 106 111 113 114 114 109 99 85 80 71 60 44 0 0 0 173 179 274 250 256 254 283 55 0 0 0 0 0 0 0 0 0 0 0 0 0 0 0 0 0 0 0 0 0 0 65 62 71 78 81 92 101 102 102 102 102 102 102 101 100 99 97 95 94 91 89 87 87 84 83 81 80 80 81 83 87 85 84 83 81 69 0 0 0 0 0 0 0 0 0 0 0 0 0 0 0 0 0 
67 68 69 69 69 70 70 71 71 72 72 72 73 74 75 75 75 75 76 76 78 78 80 80 81 80 81 81 81 82 82 80 80 79 76 71 0 0 0 0 0 0 0 0 0 0 0 0 0 0 0 0 0 0 0 0 0 0 0 0 0 0 0 0 0 0 0 0 0 0 50 71 79 84 87 97 100 101 104 107 109 110 111 106 98 84 78 68 58 41 0 0 0 210 182 191 168 175 155 152 0 0 0 0 0 0 0 0 0 0 0 0 0 0 0 0 0 0 0 0 0 0 0 51 53 66 74 80 92 101 103 103 103 103 102 102 101 100 97 95 92 91 87 84 81 79 75 73 72 71 71 73 76 81 81 82 82 81 0 0 0 0 0 0 0 0 0 0 0 0 0 0 0 0 0 0 
66 69 69 69 70 70 71 71 71 72 72 72 73 74 75 76 76 76 76 76 77 78 79 80 80 80 81 81 81 82 82 80 80 79 77 72 0 0 0 0 0 0 0 0 0 0 0 0 0 0 0 0 0 0 0 0 0 0 0 0 0 0 0 0 0 0 0 0 0 0 53 71 79 84 87 97 100 101 103 106 107 108 109 105 97 83 77 67 57 40 0 0 0 0 78 105 98 98 107 113 0 0 0 0 0 0 0 0 0 0 0 0 0 0 0 0 0 0 0 0 0 0 0 43 49 63 73 79 92 101 103 103 103 103 102 101 100 98 95 93 89 85 81 78 75 73 72 71 70 68 67 67 68 71 73 74 75 73 0 0 0 0 0 0 0 0 0 0 0 0 0 0 0 0 0 0 
70 66 69 70 70 70 71 71 71 72 72 72 73 74 75 76 76 76 76 77 77 78 79 80 80 80 81 81 82 82 82 80 79 78 75 70 0 0 0 0 0 0 0 0 0 0 0 0 0 0 0 0 0 0 0 0 0 0 0 0 0 0 0 0 0 0 0 0 0 0 50 70 79 84 87 97 100 101 102 104 106 107 108 104 96 82 76 66 55 39 0 0 0 0 64 99 93 93 97 105 78 0 0 0 0 0 0 0 0 0 0 0 0 0 0 0 0 0 0 0 0 0 0 41 49 65 75 81 92 102 103 103 103 102 101 101 99 95 92 89 83 78 76 74 74 74 74 73 71 68 66 63 59 58 60 61 62 63 0 0 0 0 0 0 0 0 0 0 0 0 0 0 0 0 0 59 
65 72 69 69 70 70 70 71 71 71 72 72 73 74 75 76 76 76 77 77 78 78 79 79 80 80 80 81 81 82 82 80 80 79 76 72 0 0 0 0 0 0 0 0 0 0 0 0 0 0 0 0 0 0 0 0 0 0 0 0 0 0 0 0 0 0 0 0 0 0 48 69 78 83 87 97 99 101 102 103 105 106 107 103 95 83 76 66 56 38 0 0 0 0 0 95 89 85 85 89 74 0 0 0 0 0 0 0 0 0 0 0 0 0 0 0 0 0 0 0 0 0 0 40 50 66 76 81 92 101 103 102 102 102 101 101 98 94 90 86 78 74 76 78 80 83 83 82 80 77 74 69 61 64 67 67 70 74 0 0 0 0 0 0 0 0 0 0 0 0 0 0 0 0 0 0 
67 70 70 70 70 70 71 71 71 72 72 73 73 74 74 75 75 76 76 77 77 77 78 78 79 79 80 80 81 82 82 80 79 78 76 71 0 0 0 0 0 0 0 0 0 0 0 0 0 0 0 0 0 0 0 0 0 0 0 0 0 0 0 0 0 0 0 0 0 0 47 68 77 82 86 96 99 100 100 101 103 104 105 102 94 82 75 65 55 39 0 0 0 0 0 75 79 74 74 77 74 0 0 0 0 0 0 0 0 0 0 0 0 0 0 0 0 0 0 0 0 0 0 0 52 68 78 83 92 101 102 102 101 101 101 100 98 93 87 82 77 75 80 84 85 85 85 84 81 78 75 70 65 72 74 74 77 80 0 0 0 0 0 0 0 0 0 0 0 0 0 0 0 62 0 61 
70 67 70 70 71 71 71 71 72 72 73 74 74 75 75 76 76 76 77 77 77 77 78 78 79 80 80 81 81 82 81 79 78 77 74 69 0 0 0 0 0 0 0 0 0 0 0 0 0 0 0 0 0 0 0 0 0 0 0 0 0 0 0 0 0 0 0 0 0 0 46 68 77 82 86 96 99 100 100 101 102 104 104 101 93 81 74 64 54 38 0 0 0 0 0 65 73 67 67 67 68 0 0 0 0 0 0 0 0 0 0 0 0 0 0 0 0 0 0 0 0 0 0 0 54 71 80 85 92 100 101 101 101 100 99 99 96 91 85 81 77 78 83 88 90 91 92 90 88 85 81 74 71 77 77 78 80 81 73 0 0 0 0 0 0 0 0 0 0 0 0 0 0 62 0 63 
64 67 69 70 71 71 71 71 71 72 72 73 73 74 74 75 75 75 76 76 77 77 78 78 79 80 80 81 81 82 81 79 78 76 73 68 0 0 0 0 0 0 0 0 0 0 0 0 0 0 0 0 0 0 0 0 0 0 0 0 0 0 0 0 0 0 0 0 0 0 46 67 77 82 86 96 99 99 100 100 101 103 104 100 92 82 75 65 55 0 0 0 0 0 0 0 64 59 59 59 60 48 0 0 0 0 0 0 0 0 0 0 0 0 0 0 0 0 0 0 0 0 0 0 58 75 83 88 92 100 101 101 100 100 99 99 94 90 84 80 78 83 87 91 93 94 93 90 87 85 79 73 75 81 79 81 83 83 74 0 0 0 0 0 0 0 0 0 0 0 0 0 0 61 0 63 
72 66 69 69 70 70 71 71 71 71 72 73 73 74 74 75 75 75 76 76 77 77 78 78 79 80 81 81 82 82 82 79 78 76 73 67 0 0 0 0 0 0 0 0 0 0 0 0 0 0 0 0 0 0 0 0 0 0 0 0 0 0 0 0 0 0 0 0 0 0 48 67 76 81 85 95 98 99 99 99 100 102 102 98 90 82 76 65 55 0 0 0 0 0 0 0 57 53 53 53 56 48 0 0 0 0 0 0 0 0 0 0 0 0 0 0 0 0 0 0 0 0 0 0 59 75 83 88 92 100 100 100 99 99 99 98 93 92 84 81 81 86 88 92 94 93 92 89 88 84 78 74 80 85 84 86 89 88 76 0 0 0 0 0 0 0 0 0 0 0 0 0 0 62 57 65 
68 67 68 69 69 70 70 71 71 72 72 73 73 73 73 74 74 74 74 75 76 76 78 78 79 80 81 81 82 82 82 78 78 76 73 66 0 0 0 0 0 0 0 0 0 0 0 0 0 0 0 0 0 0 0 0 0 0 0 0 0 0 0 0 0 0 0 0 0 0 49 67 76 81 85 95 97 98 98 98 99 100 101 97 89 81 74 64 54 0 0 0 0 0 0 0 51 51 51 51 53 0 0 0 0 0 0 0 0 0 0 0 0 0 0 0 0 0 0 0 0 0 0 0 61 78 85 90 92 99 100 100 99 99 98 97 92 90 82 80 80 86 87 93 94 93 91 88 87 82 77 77 84 88 87 89 90 88 75 0 0 0 0 0 0 0 0 0 0 0 0 0 0 62 0 60 
68 71 68 68 68 70 70 70 72 72 72 73 73 73 73 73 72 72 71 72 74 75 76 78 79 80 81 81 82 82 82 78 78 76 73 66 0 0 0 0 0 0 0 0 0 0 0 0 0 0 0 0 0 0 0 0 0 0 0 0 0 0 0 0 0 0 0 0 0 0 48 67 76 81 84 94 97 97 97 98 98 99 99 95 87 82 75 64 54 0 0 0 0 0 0 0 0 48 48 48 48 0 0 0 0 0 0 0 0 0 0 0 0 0 0 0 0 0 0 0 0 0 0 0 59 75 83 87 92 99 100 100 99 99 98 97 91 89 83 80 79 84 85 88 89 88 87 84 83 79 75 77 82 86 85 88 87 85 72 0 0 0 0 0 0 0 0 0 0 0 0 0 59 62 59 70 
63 72 67 68 68 69 70 70 71 71 71 72 73 73 72 70 70 68 67 68 70 72 75 77 79 80 81 81 82 82 82 79 78 77 74 66 0 0 0 0 0 0 0 0 0 0 0 0 0 0 0 0 0 0 0 0 0 0 0 0 0 0 0 0 0 0 0 0 0 0 48 66 75 81 84 94 96 96 96 96 96 98 98 94 86 82 76 65 56 0 0 0 0 0 0 0 0 0 0 0 0 0 0 0 0 0 0 0 0 0 0 0 0 0 0 0 0 0 0 0 0 0 0 0 59 75 83 87 91 98 100 99 98 97 95 93 86 84 79 76 75 81 82 85 85 84 83 80 79 75 72 75 80 83 84 86 85 82 71 0 0 0 0 0 0 0 0 0 0 0 0 0 61 63 63 62 
63 67 68 68 68 69 69 70 71 71 71 73 73 72 71 69 68 66 64 65 68 70 74 77 79 80 81 81 82 82 82 78 78 77 73 64 0 0 0 0 0 0 0 0 0 0 0 0 0 0 0 0 0 0 0 0 0 0 0 0 0 0 0 0 0 0 0 0 0 0 47 65 75 80 84 93 95 95 95 94 95 96 97 93 84 81 75 64 54 0 0 0 0 0 0 0 0 0 0 0 0 0 0 0 0 0 0 0 0 0 0 0 0 0 0 0 0 0 0 0 0 0 0 0 59 75 83 87 91 98 99 98 95 94 92 89 83 82 78 73 73 78 79 81 82 82 80 79 78 73 72 75 79 81 83 84 83 79 0 0 0 0 0 0 0 0 0 0 0 0 0 0 61 63 58 64 
67 65 67 68 68 69 69 70 71 71 71 72 73 72 70 67 65 62 60 61 65 68 72 76 80 80 81 82 82 82 82 79 78 77 74 66 0 0 0 0 0 0 0 0 0 0 0 0 0 0 0 0 0 0 0 0 0 0 0 0 0 0 0 0 0 0 0 0 0 0 46 65 74 80 83 93 94 94 93 93 93 95 95 91 83 80 73 62 52 0 0 0 0 0 0 0 0 0 0 0 0 0 0 0 0 0 0 0 0 0 0 0 0 0 0 0 0 0 0 0 0 0 0 0 61 75 83 86 91 97 98 95 93 91 88 84 80 79 75 70 68 73 75 77 78 77 76 74 73 70 70 74 77 79 80 80 80 76 0 0 0 0 0 0 0 0 0 0 0 0 0 0 63 63 62 67 
71 65 68 68 69 69 69 70 70 70 71 72 72 72 70 66 65 62 58 59 64 67 71 76 79 80 80 81 81 82 82 78 77 76 72 62 0 0 0 0 0 0 0 0 0 0 0 0 0 0 0 0 0 0 0 0 0 0 0 0 0 0 0 0 0 0 0 0 0 0 44 63 73 79 82 93 94 94 92 92 92 94 94 90 82 78 71 60 50 0 0 0 0 0 0 0 0 0 0 0 0 0 0 0 0 0 0 0 0 0 0 0 0 0 0 0 0 0 0 0 0 0 0 0 61 76 83 86 90 97 97 92 89 86 82 77 76 75 73 65 61 63 65 66 66 66 66 64 63 63 63 65 68 70 73 73 72 0 0 0 0 0 0 0 0 0 0 0 0 0 0 0 62 64 63 65 
69 64 68 68 68 68 68 69 69 70 71 71 72 72 70 68 66 64 62 62 66 68 72 76 79 80 80 81 81 82 82 78 77 76 72 62 0 0 0 0 0 0 0 0 0 0 0 0 0 0 0 0 0 0 0 0 0 0 0 0 0 0 0 0 0 0 0 0 0 0 42 63 72 78 82 92 93 93 92 91 91 93 94 90 81 77 70 58 48 0 0 0 0 0 0 0 0 0 0 0 0 0 0 0 0 0 0 0 0 0 0 0 0 0 0 0 0 0 0 0 0 0 0 0 63 78 85 88 90 97 96 90 87 83 76 67 64 62 0 0 0 0 0 0 0 0 0 0 0 0 0 0 0 0 0 0 0 0 0 0 0 0 0 0 0 0 0 0 0 0 0 0 64 65 68 62 
67 68 68 68 68 68 68 68 69 70 70 71 71 71 71 69 68 67 65 66 69 71 73 76 78 79 80 80 81 82 82 78 77 76 73 64 0 0 0 0 0 0 0 0 0 0 0 0 0 0 0 0 0 0 0 0 0 0 0 0 0 0 0 0 0 0 0 0 0 0 42 62 72 78 81 92 93 93 92 92 92 93 94 89 80 76 68 56 46 0 0 0 0 0 0 0 0 0 0 0 0 0 0 0 0 0 0 0 0 0 0 0 0 0 0 0 0 0 0 0 0 0 0 0 63 78 84 88 90 96 95 88 83 79 70 54 0 0 0 0 0 0 0 0 0 0 0 0 0 0 0 0 0 0 0 0 0 0 0 0 0 0 0 0 0 0 0 0 0 0 0 61 63 65 63 73 
68 63 67 68 68 68 68 68 68 69 69 70 71 71 71 70 70 69 69 69 71 72 74 76 78 78 79 80 80 81 81 78 78 76 74 65 0 0 0 0 0 0 0 0 0 0 0 0 0 0 0 0 0 0 0 0 0 0 0 0 0 0 0 0 0 0 0 0 0 0 41 61 71 77 80 91 93 93 92 92 92 93 93 88 79 75 68 56 46 0 0 0 0 0 0 0 0 0 0 0 0 0 0 0 0 0 0 0 0 0 0 0 0 0 0 0 0 0 0 0 0 0 0 0 64 78 85 88 90 96 95 88 84 79 70 55 0 0 0 0 0 0 0 0 0 0 0 0 0 0 0 0 0 0 0 0 0 0 0 0 0 0 0 0 0 0 0 0 0 0 0 62 64 65 69 68 
66 66 68 68 69 68 68 67 67 67 67 68 69 70 70 71 72 72 72 72 73 74 75 76 77 78 79 79 80 80 81 77 77 76 73 65 0 0 0 0 0 0 0 0 0 0 0 0 0 0 0 0 0 0 0 0 0 0 0 0 0 0 0 0 0 0 0 0 0 0 40 61 70 76 80 90 92 93 92 92 92 93 93 88 78 74 67 55 45 0 0 0 0 0 0 0 0 0 0 0 0 0 0 0 0 0 0 0 0 0 0 0 0 0 0 0 0 0 0 0 0 0 0 0 62 78 84 87 89 96 94 89 85 81 74 65 0 0 0 0 0 0 0 0 0 0 0 0 0 0 0 0 0 0 0 0 0 0 0 0 0 0 0 0 0 0 0 0 0 0 0 62 64 66 63 68 
65 67 66 67 67 67 67 66 65 65 65 65 67 68 69 71 72 74 74 75 75 75 76 76 77 78 79 79 80 80 80 78 77 76 74 67 0 0 0 0 0 0 0 0 0 0 0 0 0 0 0 0 0 0 0 0 0 0 0 0 0 0 0 0 0 0 0 0 0 0 40 61 71 76 80 90 92 93 93 92 92 93 93 87 78 74 66 54 44 0 0 0 0 0 0 0 0 0 0 0 0 0 0 0 0 0 0 0 0 0 0 0 0 0 0 0 0 0 0 0 0 0 0 0 62 78 84 87 89 96 95 92 88 85 78 72 66 0 0 0 0 0 0 0 0 0 0 0 0 0 0 0 0 0 0 0 0 0 0 0 0 0 0 0 0 0 0 0 0 0 0 62 64 66 67 70 
67 66 66 67 67 67 66 66 65 65 64 64 65 66 67 69 70 72 73 74 74 74 75 76 77 77 79 79 79 79 80 78 77 77 75 69 0 0 0 0 0 0 0 0 0 0 0 0 0 0 0 0 0 0 0 0 0 0 0 0 0 0 0 0 0 0 0 0 0 0 40 60 70 76 79 90 92 93 93 93 93 93 92 87 77 73 66 53 44 0 0 0 0 0 0 0 0 0 0 0 0 0 0 0 0 0 0 0 0 0 0 0 0 0 0 0 0 0 0 0 0 0 0 0 62 77 83 86 88 95 95 93 90 87 82 77 73 67 60 59 61 61 65 68 65 63 0 0 0 0 0 0 0 0 0 0 0 0 0 0 0 0 0 0 0 0 0 0 0 0 0 62 64 66 65 69 
0 59 66 67 67 67 66 65 63 63 62 62 63 65 66 68 70 72 72 74 74 73 73 74 74 74 75 76 76 76 77 75 75 75 73 69 0 0 0 0 0 0 0 0 0 0 0 0 0 0 0 0 0 0 0 0 0 0 0 0 0 0 0 0 0 0 0 0 0 0 40 62 72 77 80 89 91 92 92 92 92 92 92 86 76 72 65 52 44 0 0 0 0 0 0 0 0 0 0 0 0 0 0 0 0 0 0 0 0 0 0 0 0 0 0 0 0 0 0 0 0 0 0 0 61 77 83 86 88 95 95 95 92 89 86 82 79 76 72 72 72 72 74 75 73 72 71 68 0 0 0 0 0 0 0 0 0 0 0 0 0 0 0 0 0 0 0 0 0 0 0 63 65 67 66 68 
0 0 65 65 66 66 65 63 61 61 60 60 61 64 64 67 69 71 71 73 73 72 72 73 73 73 74 75 75 75 76 74 74 74 73 69 0 0 0 0 0 0 0 0 0 0 0 0 0 0 0 0 0 0 0 0 0 0 0 0 0 0 0 0 0 0 0 0 0 0 0 63 73 78 81 88 90 90 91 91 91 92 91 85 76 72 65 52 44 0 0 0 0 0 0 0 0 0 0 0 0 0 0 0 0 0 0 0 0 0 0 0 0 0 0 0 0 0 0 0 0 0 0 0 61 76 82 85 87 93 93 93 92 90 86 83 80 76 72 70 70 70 71 72 71 69 68 67 66 0 0 0 0 0 0 0 0 0 0 0 0 0 0 0 0 0 0 0 0 0 0 63 65 67 70 70 
0 0 62 62 64 64 62 61 61 62 60 60 60 62 62 66 68 70 70 72 72 71 72 72 72 72 73 73 74 74 74 74 74 73 73 0 0 0 0 0 0 0 0 0 0 0 0 0 0 0 0 0 0 0 0 0 0 0 0 0 0 0 0 0 0 0 0 0 0 0 0 61 71 74 76 81 84 84 85 85 85 85 85 79 71 67 61 49 42 0 0 0 0 0 0 0 0 0 0 0 0 0 0 0 0 0 0 0 0 0 0 0 0 0 0 0 0 0 0 0 0 0 0 0 59 71 75 78 79 84 85 84 83 83 81 80 78 76 72 70 70 70 71 72 71 69 68 67 66 0 0 0 0 0 0 0 0 0 0 0 0 0 0 0 0 0 0 0 0 0 0 63 65 66 67 68 
0 0 0 0 0 0 0 0 0 91 81 79 76 71 62 64 64 65 67 69 70 68 69 69 69 69 70 70 70 70 71 71 72 72 72 0 0 0 0 0 0 0 0 0 0 0 0 0 0 0 0 0 0 0 0 0 0 0 0 0 0 0 0 0 0 0 0 0 0 0 0 61 70 73 75 79 82 82 83 83 83 84 83 77 70 66 59 47 0 0 0 0 0 0 0 0 0 0 0 0 0 0 0 0 0 0 0 0 0 0 0 0 0 0 0 0 0 0 0 0 0 0 0 0 59 70 74 76 77 82 82 81 81 81 81 81 80 78 73 70 70 70 71 72 71 69 68 67 66 0 0 0 0 0 0 0 0 0 0 0 0 0 0 0 0 0 0 0 0 0 0 64 66 67 68 71 
0 0 0 0 0 0 0 0 0 94 83 81 81 80 65 0 0 0 0 0 0 0 0 0 61 62 63 64 64 63 63 64 65 0 0 0 0 0 0 0 0 0 0 0 0 0 0 0 0 0 0 0 0 0 0 0 0 0 0 0 0 0 0 0 0 0 0 0 0 0 0 0 71 73 75 76 79 79 80 80 80 81 80 74 68 65 59 47 0 0 0 0 0 0 0 0 0 0 0 0 0 0 0 0 0 0 0 0 0 0 0 0 0 0 0 0 0 0 0 0 0 0 0 0 0 68 71 73 74 78 78 77 76 77 77 79 80 82 78 76 75 74 73 74 73 71 70 70 69 0 0 0 0 0 0 0 0 0 0 0 0 0 0 0 0 0 0 0 0 0 0 64 66 67 64 70 
0 0 0 0 0 0 0 0 77 93 85 81 81 83 68 0 0 0 0 0 0 0 0 0 0 0 0 0 0 0 0 0 0 0 0 0 0 0 0 0 0 0 0 0 0 0 0 0 0 0 0 0 0 0 0 0 0 0 0 0 0 0 0 0 0 0 0 0 0 0 0 0 65 67 69 69 73 74 75 75 76 76 75 69 65 62 55 0 0 0 0 0 0 0 0 0 0 0 0 0 0 0 0 0 0 0 0 0 0 0 0 0 0 0 0 0 0 0 0 0 0 0 0 0 0 63 66 66 67 70 69 68 67 68 68 70 72 75 71 68 67 65 64 64 65 64 64 0 0 0 0 0 0 0 0 0 0 0 0 0 0 0 0 0 0 0 0 0 0 0 0 64 66 67 70 67 
0 0 0 0 0 0 0 0 70 85 82 80 81 83 71 67 0 0 0 0 0 0 0 0 0 0 0 0 0 0 0 0 0 0 0 0 0 0 0 0 0 0 0 0 0 0 0 0 0 0 0 0 0 0 0 0 0 0 0 0 0 0 0 0 0 0 0 0 0 0 0 0 0 0 55 56 60 61 63 62 62 62 61 57 53 51 0 0 0 0 0 0 0 0 0 0 0 0 0 0 0 0 0 0 0 0 0 0 0 0 0 0 0 0 0 0 0 0 0 0 0 0 0 0 0 0 0 52 52 52 51 49 48 47 0 0 0 0 0 0 0 0 0 0 0 0 0 0 0 0 0 53 53 53 53 0 0 0 0 0 0 0 0 0 0 0 0 0 0 0 0 64 65 66 67 66 
0 0 0 0 0 0 60 61 70 85 87 84 85 87 76 65 0 0 0 0 0 0 0 0 0 0 0 0 0 0 0 0 0 0 0 0 0 0 0 0 0 0 0 0 0 0 0 0 0 0 0 0 0 0 0 0 0 0 0 0 0 0 0 0 0 0 0 0 0 0 0 0 0 0 0 0 0 0 0 0 0 0 0 0 0 0 0 0 0 0 0 0 0 0 0 0 0 0 0 0 0 0 0 0 0 0 0 0 0 0 0 0 0 0 0 0 0 0 0 0 0 0 0 0 0 0 0 0 0 0 0 0 0 0 0 0 0 0 0 0 0 0 0 0 0 0 0 0 0 0 0 53 53 53 53 0 0 0 0 0 0 0 0 0 0 0 0 0 0 0 0 64 65 66 63 68 
0 0 0 70 68 66 64 64 67 78 85 84 84 87 81 66 0 0 0 0 0 0 0 0 0 0 0 0 0 0 0 0 0 0 0 0 0 0 0 0 0 0 0 0 0 0 0 0 0 0 0 0 0 0 0 0 0 0 0 0 0 0 0 0 0 0 0 0 0 0 0 0 0 0 0 0 0 0 0 0 0 0 0 0 0 0 0 0 0 0 0 0 0 0 0 0 0 0 0 0 0 0 0 0 0 0 0 0 0 0 0 0 0 0 0 0 0 0 0 0 0 0 0 0 0 0 0 0 0 0 0 0 0 0 0 0 0 0 0 0 0 0 0 0 0 0 0 0 0 0 0 0 0 0 0 0 0 0 0 0 0 0 0 0 0 0 0 0 0 0 0 64 64 66 67 66 
0 0 76 72 70 69 66 65 68 74 85 85 84 87 86 68 0 0 0 0 0 0 0 0 0 0 0 0 0 0 0 0 0 0 0 0 0 0 0 0 0 0 0 0 0 0 0 0 0 0 0 0 0 0 0 0 0 0 0 0 0 0 0 0 0 0 0 0 0 0 0 0 0 0 0 0 0 0 0 0 0 0 0 0 0 0 0 0 0 0 0 0 0 0 0 0 0 0 0 0 0 0 0 0 0 0 0 0 0 0 0 0 0 0 0 0 0 0 0 0 0 0 0 0 0 0 0 0 0 0 0 0 0 0 0 0 0 0 0 0 0 0 0 0 0 0 0 0 0 0 0 0 0 0 0 0 0 0 0 0 0 0 0 0 0 0 0 0 0 0 0 64 64 66 66 74 
0 0 78 75 73 72 69 68 70 73 82 85 84 86 88 74 62 0 0 0 0 0 0 0 0 0 0 0 0 0 0 0 0 0 0 0 0 0 0 0 0 0 0 0 0 0 0 0 0 0 0 0 0 0 0 0 0 0 0 0 0 0 0 0 0 0 0 0 0 0 0 0 0 0 0 0 0 0 0 0 0 0 0 0 0 0 0 0 0 0 0 0 0 0 0 0 0 0 0 0 0 0 0 0 0 0 0 0 0 0 0 0 0 0 0 0 0 0 0 0 0 0 0 0 0 0 0 0 0 0 0 0 0 0 0 0 0 0 0 0 0 0 0 0 0 0 0 0 0 0 0 0 0 0 0 0 0 0 0 0 0 0 0 0 0 0 0 0 0 0 0 0 64 66 63 72 
0 0 76 75 73 72 71 70 71 73 82 86 84 86 88 78 62 0 0 0 0 0 0 0 0 0 0 0 0 0 0 0 0 0 0 0 0 0 0 0 0 0 0 0 0 0 0 0 0 0 0 0 0 0 0 0 0 0 0 0 0 0 0 0 0 0 0 0 0 0 0 0 0 0 0 0 0 0 0 0 0 0 0 0 0 0 0 0 0 0 0 0 0 0 0 0 0 0 0 0 0 0 0 0 0 0 0 0 0 0 0 0 0 0 0 0 0 0 0 0 0 0 0 0 0 0 0 0 0 0 0 0 0 0 0 0 0 0 0 0 0 0 0 0 0 0 0 0 0 0 0 0 0 0 0 0 0 0 0 0 0 0 0 0 0 0 0 0 0 0 0 0 64 67 65 69 
0 0 74 74 74 74 73 72 72 73 79 84 83 85 88 83 63 0 0 0 0 0 0 0 0 0 0 0 0 0 0 0 0 0 0 0 0 0 0 0 0 0 0 0 0 0 0 0 0 0 0 0 0 0 0 0 0 0 0 0 0 0 0 0 0 0 0 0 0 0 0 0 0 0 0 0 0 0 0 0 0 0 0 0 0 0 0 0 0 0 0 0 0 0 0 0 0 0 0 0 0 0 0 0 0 0 0 0 0 0 0 0 0 0 0 0 0 0 0 0 0 0 0 0 0 0 0 0 0 0 0 0 0 0 0 0 0 0 0 0 0 0 0 0 0 0 0 0 0 0 0 0 0 0 0 0 0 0 0 0 0 0 0 0 0 0 0 0 0 0 0 0 0 66 0 0 
0 0 73 74 74 75 74 73 72 73 76 81 80 83 87 86 0 0 0 0 0 0 0 0 0 0 0 0 0 0 0 0 0 0 0 0 0 0 0 0 0 0 0 0 0 0 0 0 0 0 0 0 0 0 0 0 0 0 0 0 0 0 0 0 0 0 0 0 0 0 0 0 0 0 0 0 0 0 0 0 0 0 0 0 0 0 0 0 0 0 0 0 0 0 0 0 0 0 0 0 0 0 0 0 0 0 0 0 0 0 0 0 0 0 0 0 0 0 0 0 0 0 0 0 0 0 0 0 0 0 0 0 0 0 0 0 0 0 0 0 0 0 0 0 0 0 0 0 0 0 0 0 0 0 0 0 0 0 0 0 0 0 0 0 0 0 0 0 0 0 0 0 0 0 0 0 
67 62 73 74 75 76 75 74 73 73 74 79 79 81 86 89 0 0 0 0 0 0 0 0 0 0 0 0 0 0 0 0 0 0 0 0 0 0 0 0 0 0 0 0 0 0 0 0 0 0 0 0 0 0 0 0 0 0 0 0 0 0 0 0 0 0 0 0 0 0 0 0 0 0 0 0 0 0 0 0 0 0 0 0 0 0 0 0 0 0 0 0 0 0 0 0 0 0 0 0 0 0 0 0 0 0 0 0 0 0 0 0 0 0 0 0 0 0 0 0 0 0 0 0 0 0 0 0 0 0 0 0 0 0 0 0 0 0 0 0 0 0 0 0 0 0 0 0 0 0 0 0 0 0 0 0 0 0 0 0 0 0 0 0 0 0 0 0 0 0 0 0 0 0 0 0 
0 61 72 72 73 73 73 72 71 72 73 77 76 79 83 0 0 0 0 0 0 0 0 0 0 0 0 0 0 0 0 0 0 0 0 0 0 0 0 0 0 0 0 0 0 0 0 0 0 0 0 0 0 0 0 0 0 0 0 0 0 0 0 0 0 0 0 0 0 0 0 0 0 0 0 0 0 0 0 0 0 0 0 0 0 0 0 0 0 0 0 0 0 0 0 0 0 0 0 0 0 0 0 0 0 0 0 0 0 0 0 0 0 0 0 0 0 0 0 0 0 0 0 0 0 0 0 0 0 0 0 0 0 0 0 0 0 0 0 0 0 0 0 0 0 0 0 0 0 0 0 0 0 0 0 0 0 0 0 0 0 0 0 0 0 0 0 0 0 0 0 0 0 0 0 0 
0 0 101 86 79 75 73 72 71 72 72 73 77 102 131 158 193 194 185 176 0 0 0 0 0 0 0 0 0 0 0 0 0 0 0 0 0 0 0 0 0 0 0 0 0 0 0 0 0 0 0 0 0 0 0 0 0 0 0 0 0 0 0 0 0 0 0 0 0 0 0 0 0 0 0 0 0 0 0 0 0 0 0 0 0 0 0 0 0 0 0 0 0 0 0 0 0 0 0 0 0 0 0 0 0 0 0 0 0 0 0 0 0 0 0 0 0 0 0 0 0 0 0 0 0 0 0 0 0 0 0 0 0 0 0 0 0 0 0 0 0 0 0 0 0 0 0 0 0 0 0 0 0 0 0 0 0 0 0 0 0 0 0 0 0 0 0 0 0 0 0 0 0 0 0 0 
87 0 193 165 143 128 120 118 118 126 150 176 223 282 331 338 322 284 256 220 163 0 0 0 0 0 0 0 0 0 0 0 0 0 0 0 0 0 0 0 0 0 0 0 0 0 0 0 0 0 0 0 0 0 0 0 0 0 0 0 0 0 0 0 0 0 0 0 0 0 0 0 0 0 0 0 0 0 0 0 0 0 0 0 0 0 0 0 0 0 0 0 0 0 0 0 0 0 0 0 0 0 0 0 0 0 0 0 0 0 0 0 0 0 0 0 0 0 0 0 0 0 0 0 0 0 0 0 0 0 0 0 0 0 0 0 0 0 0 0 0 0 0 0 0 0 0 0 0 0 0 0 0 0 0 0 0 0 0 0 0 0 0 0 0 0 0 0 0 0 0 0 0 0 0 0 
347 227 281 260 235 222 224 234 253 284 330 349 380 402 410 405 368 312 276 228 156 0 0 0 0 0 0 0 0 0 0 0 0 0 0 0 0 0 0 0 0 0 0 0 0 0 0 0 0 0 0 0 0 0 0 0 0 0 0 0 0 0 0 0 0 0 0 0 0 0 0 0 0 0 0 0 0 0 0 0 0 0 0 0 0 0 0 0 0 0 0 0 0 0 0 0 0 0 0 0 0 0 0 0 0 0 0 0 0 0 0 0 0 0 0 0 0 0 0 0 0 0 0 0 0 0 0 0 0 0 0 0 0 0 0 0 0 0 0 0 0 0 0 0 0 0 0 0 0 0 0 0 0 0 0 0 0 0 0 0 0 0 0 0 0 0 0 0 0 0 0 0 0 0 0 0 
482 487 335 327 312 301 314 337 355 379 410 407 414 431 437 426 378 326 286 231 153 0 0 0 0 0 0 0 0 0 0 0 0 0 0 0 0 0 0 0 0 0 0 0 0 0 0 0 0 0 0 0 0 0 0 0 0 0 0 0 0 0 0 0 0 0 0 0 0 0 0 0 0 0 0 0 0 0 0 0 0 0 0 0 0 0 0 0 0 0 0 0 0 0 0 0 0 0 0 0 0 0 0 0 0 0 0 0 0 0 0 0 0 0 0 0 0 0 0 0 0 0 0 0 0 0 0 0 0 0 0 0 0 0 0 0 0 0 0 0 0 0 0 0 0 0 0 0 0 0 0 0 0 0 0 0 0 0 0 0 0 0 0 0 0 0 0 0 0 0 0 0 0 0 0 0 
436 443 378 373 373 376 381 395 397 402 411 411 418 433 439 424 383 334 294 236 155 0 0 0 0 0 0 0 0 0 0 0 0 0 0 0 0 0 0 0 0 0 0 0 0 0 0 0 0 0 0 0 0 0 0 0 0 0 0 0 0 0 0 0 0 0 0 0 0 0 0 0 0 0 0 0 0 0 0 0 0 0 0 0 0 0 0 0 0 0 0 0 0 0 0 0 0 0 0 0 0 0 0 0 0 0 0 0 0 0 0 0 0 0 0 0 0 0 0 0 0 0 0 0 0 0 0 0 0 0 0 0 0 0 0 0 0 0 0 0 0 0 0 0 0 0 0 0 0 0 0 0 0 0 0 0 0 0 0 0 0 0 0 0 0 0 0 0 0 0 0 0 0 0 0 0 
395 410 415 411 406 401 395 393 394 398 407 422 442 464 477 462 400 349 303 230 136 0 0 0 0 0 0 0 0 0 0 0 0 0 0 0 0 0 0 0 0 0 0 0 0 0 0 0 0 0 0 0 0 0 0 0 0 0 0 0 0 0 0 0 0 0 0 0 0 0 0 0 0 0 0 0 0 0 0 0 0 0 0 0 0 0 0 0 0 0 0 0 0 0 0 0 0 0 0 0 0 0 0 0 0 0 0 0 0 0 0 0 0 0 0 0 0 0 0 0 0 0 0 0 0 0 0 0 0 0 0 0 0 0 0 0 0 0 0 0 0 0 0 0 0 0 0 0 0 0 0 0 0 0 0 0 0 0 0 0 0 0 0 0 0 0 0 0 0 0 0 0 0 0 0 0 
388 392 394 403 408 414 417 419 423 428 433 441 452 459 458 429 360 319 274 199 114 0 0 0 0 0 0 0 0 0 0 0 0 0 0 0 0 0 0 0 0 0 0 0 0 0 0 0 0 0 0 0 0 0 0 0 0 0 0 0 0 0 0 0 0 0 0 0 0 0 0 0 0 0 0 0 0 0 0 0 0 0 0 0 0 0 0 0 0 0 0 0 0 0 0 0 0 0 0 0 0 0 0 0 0 0 0 0 0 0 0 0 0 0 0 0 0 0 0 0 0 0 0 0 0 0 0 0 0 0 0 0 0 0 0 0 0 0 0 0 0 0 0 0 0 0 0 0 0 0 0 0 0 0 0 0 0 0 0 0 0 0 0 0 0 0 0 0 0 0 0 0 0 0 0 0 
353 361 351 370 382 389 391 393 395 398 403 411 420 423 420 384 316 286 243 168 97 0 0 0 0 0 0 0 0 0 0 0 0 0 0 0 0 0 0 0 0 0 0 0 0 0 0 0 0 0 0 0 0 0 0 0 0 0 0 0 0 0 0 0 0 0 0 0 0 0 0 0 0 0 0 0 0 0 0 0 0 0 0 0 0 0 0 0 0 0 0 0 0 0 0 0 0 0 0 0 0 0 0 0 0 0 0 0 0 0 0 0 0 0 0 0 0 0 0 0 0 0 0 0 0 0 0 0 0 0 0 0 0 0 0 0 0 0 0 0 0 0 0 0 0 0 0 0 0 0 0 0 0 0 0 0 0 0 0 0 0 0 0 0 0 0 0 0 0 0 0 0 0 0 0 0 
246 338 326 346 358 371 376 377 377 378 381 387 394 393 387 346 282 251 210 138 82 0 0 0 0 0 0 0 0 0 0 0 0 0 0 0 0 0 0 0 0 0 0 0 0 0 0 0 0 0 0 0 0 0 0 0 0 0 0 0 0 0 0 0 0 0 0 0 0 0 0 0 0 0 0 0 0 0 0 0 0 0 0 0 0 0 0 0 0 0 0 0 0 0 0 0 0 0 0 0 0 0 0 0 0 0 0 0 0 0 0 0 0 0 0 0 0 0 0 0 0 0 0 0 0 0 0 0 0 0 0 0 0 0 0 0 0 0 0 0 0 0 0 0 0 0 0 0 0 0 0 0 0 0 0 0 0 0 0 0 0 0 0 0 0 0 0 0 0 0 0 0 0 0 0 0 
81 172 293 318 331 343 356 361 361 363 366 372 378 374 365 321 266 236 196 121 75 0 0 0 0 0 0 0 0 0 0 0 0 0 0 0 0 0 0 0 0 0 0 0 0 0 0 0 0 0 0 0 0 0 0 0 0 0 0 0 0 0 0 0 0 0 0 0 0 0 0 0 0 0 0 0 0 0 0 0 0 0 0 0 0 0 0 0 0 0 0 0 0 0 0 0 0 0 0 0 0 0 0 0 0 0 0 0 0 0 0 0 0 0 0 0 0 0 0 0 0 0 0 0 0 0 0 0 0 0 0 0 0 0 0 0 0 0 0 0 0 0 0 0 0 0 0 0 0 0 0 0 0 0 0 0 0 0 0 0 0 0 0 0 0 0 0 0 0 0 0 0 0 0 0 0 
0 0 254 283 297 310 323 336 341 344 347 351 354 350 340 296 253 225 184 111 0 0 0 0 0 0 0 0 0 0 0 0 0 0 0 0 0 0 0 0 0 0 0 0 0 0 0 0 0 0 0 0 0 0 0 0 0 0 0 0 0 0 0 0 0 0 0 0 0 0 0 0 0 0 0 0 0 0 0 0 0 0 0 0 0 0 0 0 0 0 0 0 0 0 0 0 0 0 0 0 0 0 0 0 0 0 0 0 0 0 0 0 0 0 0 0 0 0 0 0 0 0 0 0 0 0 0 0 0 0 0 0 0 0 0 0 0 0 0 0 0 0 0 0 0 0 0 0 0 0 0 0 0 0 0 0 0 0 0 0 0 0 0 0 0 0 0 0 0 0 0 0 0 0 0 0 
0 0 218 255 265 274 285 294 295 304 312 318 325 323 310 275 242 213 171 103 0 0 0 0 0 0 0 0 0 0 0 0 0 0 0 0 0 0 0 0 0 0 0 0 0 0 0 0 0 0 0 0 0 0 0 0 0 0 0 0 0 0 0 0 0 0 0 0 0 0 0 0 0 0 0 0 0 0 0 0 0 0 0 0 0 0 0 0 0 0 0 0 0 0 0 0 0 0 0 0 0 0 0 0 0 0 0 0 0 0 0 0 0 0 0 0 0 0 0 0 0 0 0 0 0 0 0 0 0 0 0 0 0 0 0 0 0 0 0 0 0 0 0 0 0 0 0 0 0 0 0 0 0 0 0 0 0 0 0 0 0 0 0 0 0 0 0 0 0 0 0 0 0 0 0 0 
0 0 191 226 233 247 264 277 278 289 298 293 291 281 269 239 221 199 167 98 0 0 0 0 0 0 0 0 0 0 0 0 0 0 0 0 0 0 0 0 0 0 0 0 0 0 0 0 0 0 0 0 0 0 0 0 0 0 0 0 0 0 0 0 0 0 0 0 0 0 0 0 0 0 0 0 0 0 0 0 0 0 0 0 0 0 0 0 0 0 0 0 0 0 0 0 0 0 0 0 0 0 0 0 0 0 0 0 0 0 0 0 0 0 0 0 0 0 0 0 0 0 0 0 0 0 0 0 0 0 0 0 0 0 0 0 0 0 0 0 0 0 0 0 0 0 0 0 0 0 0 0 0 0 0 0 0 0 0 0 0 0 0 0 0 0 0 0 0 0 0 0 0 0 0 0 
0 0 0 187 196 206 227 246 249 264 277 272 270 260 247 221 214 195 168 0 0 0 0 0 0 0 0 0 0 0 0 0 0 0 0 0 0 0 0 0 0 0 0 0 0 0 0 0 0 0 0 0 0 0 0 0 0 0 0 0 0 0 0 0 0 0 0 0 0 0 0 0 0 0 0 0 0 0 0 0 0 0 0 0 0 0 0 0 0 0 0 0 0 0 0 0 0 0 0 0 0 0 0 0 0 0 0 0 0 0 0 0 0 0 0 0 0 0 0 0 0 0 0 0 0 0 0 0 0 0 0 0 0 0 0 0 0 0 0 0 0 0 0 0 0 0 0 0 0 0 0 0 0 0 0 0 0 0 0 0 0 0 0 0 0 0 0 0 0 0 0 0 0 0 0 0 
0 0 0 0 147 164 181 203 212 231 246 238 235 226 213 194 190 175 0 0 0 0 0 0 0 0 0 0 0 0 0 0 0 0 0 0 0 0 0 0 0 0 0 0 0 0 0 0 0 0 0 0 0 0 0 0 0 0 0 0 0 0 0 0 0 0 0 0 0 0 0 0 0 0 0 0 0 0 0 0 0 0 0 0 0 0 0 0 0 0 0 0 0 0 0 0 0 0 0 0 0 0 0 0 0 0 0 0 0 0 0 0 0 0 0 0 0 0 0 0 0 0 0 0 0 0 0 0 0 0 0 0 0 0 0 0 0 0 0 0 0 0 0 0 0 0 0 0 0 0 0 0 0 0 0 0 0 0 0 0 0 0 0 0 0 0 0 0 0 0 0 0 0 0 0 0 
0 0 0 0 0 0 0 127 140 171 200 195 196 186 171 160 157 0 0 0 0 0 0 0 0 0 0 0 0 0 0 0 0 0 0 0 0 0 0 0 0 0 0 0 0 0 0 0 0 0 0 0 0 0 0 0 0 0 0 0 0 0 0 0 0 0 0 0 0 0 0 0 0 0 0 0 0 0 0 0 0 0 0 0 0 0 0 0 0 0 0 0 0 0 0 0 0 0 0 0 0 0 0 0 0 0 0 0 0 0 0 0 0 0 0 0 0 0 0 0 0 0 0 0 0 0 0 0 0 0 0 0 0 0 0 0 0 0 0 0 0 0 0 0 0 0 0 0 0 0 0 0 0 0 0 0 0 0 0 0 0 0 0 0 0 0 0 0 0 0 0 0 0 0 0 0 
0 0 0 0 0 0 0 0 0 0 0 0 0 0 0 0 0 0 0 0 0 0 0 0 0 0 0 0 0 0 0 0 0 0 0 0 0 0 0 0 0 0 0 0 0 0 0 0 0 0 0 0 0 0 0 0 0 0 0 0 0 0 0 0 0 0 0 0 0 0 0 0 0 0 0 0 0 0 0 0 0 0 0 0 0 0 0 0 0 0 0 0 0 0 0 0 0 0 0 0 0 0 0 0 0 0 0 0 0 0 0 0 0 0 0 0 0 0 0 0 0 0 0 0 0 0 0 0 0 0 0 0 0 0 0 0 0 0 0 0 0 0 0 0 0 0 0 0 0 0 0 0 0 0 0 0 0 0 0 0 0 0 0 0 0 0 0 0 0 0 0 0 0 0 0 0 
0 0 0 0 0 0 0 0 0 0 0 0 0 0 0 0 0 0 0 0 0 0 0 0 0 0 0 0 0 0 0 0 0 0 0 0 0 0 0 0 0 0 0 0 0 0 0 0 0 0 0 0 0 0 0 0 0 0 0 0 0 0 0 0 0 0 0 0 0 0 0 0 0 0 0 0 0 0 0 0 0 0 0 0 0 0 0 0 0 0 0 0 0 0 0 0 0 0 0 0 0 0 0 0 0 0 0 0 0 0 0 0 0 0 0 0 0 0 0 0 0 0 0 0 0 0 0 0 0 0 0 0 0 0 0 0 0 0 0 0 0 0 0 0 0 0 0 0 0 0 0 0 0 0 0 0 0 0 0 0 0 0 0 0 0 0 0 0 0 0 0 0 0 0 0 0 
0 0 0 0 0 0 0 0 0 0 0 0 0 0 0 0 0 0 0 0 0 0 0 0 0 0 0 0 0 0 0 0 0 0 0 0 0 0 0 0 0 0 0 0 0 0 0 0 0 0 0 0 0 0 0 0 0 0 0 0 0 0 0 0 0 0 0 0 0 0 0 0 0 0 0 0 0 0 0 0 0 0 0 0 0 0 0 0 0 0 0 0 0 0 0 0 0 0 0 0 0 0 0 0 0 0 0 0 0 0 0 0 0 0 0 0 0 0 0 0 0 0 0 0 0 0 0 0 0 0 0 0 0 0 0 0 0 0 0 0 0 0 0 0 0 0 0 0 0 0 0 0 0 0 0 0 0 0 0 0 0 0 0 0 0 0 0 0 0 0 0 0 0 0 0 0 
0 0 0 0 0 0 0 0 0 0 0 0 0 0 0 0 0 0 0 0 0 0 0 0 0 0 0 0 0 0 0 0 0 0 0 0 0 0 0 0 0 0 0 0 0 0 0 0 0 0 0 0 0 0 0 0 0 0 0 0 0 0 0 0 0 0 0 0 0 0 0 0 0 0 0 0 0 0 0 0 0 0 0 0 0 0 0 0 0 0 0 0 0 0 0 0 0 0 0 0 0 0 0 0 0 0 0 0 0 0 0 0 0 0 0 0 0 0 0 0 0 0 0 0 0 0 0 0 0 0 0 0 0 0 0 0 0 0 0 0 0 0 0 0 0 0 0 0 0 0 0 0 0 0 0 0 0 0 0 0 0 0 0 0 0 0 0 0 0 0 0 0 0 0 0 0 
0 0 0 0 0 0 0 0 0 0 0 0 0 0 0 0 0 0 0 0 0 0 0 0 0 0 0 0 0 0 0 0 0 0 0 0 0 0 0 0 0 0 0 0 0 0 0 0 0 0 0 0 0 0 0 0 0 0 0 0 0 0 0 0 0 0 0 0 0 0 0 0 0 0 0 0 0 0 0 0 0 0 0 0 0 0 0 0 0 0 0 0 0 0 0 0 0 0 0 0 0 0 0 0 0 0 0 0 0 0 0 0 0 0 0 0 0 0 0 0 0 0 0 0 0 0 0 0 0 0 0 0 0 0 0 0 0 0 0 0 0 0 0 0 0 0 0 0 0 0 0 0 0 0 0 0 0 0 0 0 0 0 0 0 0 0 0 0 0 0 0 0 0 0 0 0 
0 0 0 0 0 0 0 0 0 0 0 0 0 0 0 0 0 0 0 0 0 0 0 0 0 0 0 0 0 0 0 0 0 0 0 0 0 0 0 0 0 0 0 0 0 0 0 0 0 0 0 0 0 0 0 0 0 0 0 0 0 0 0 0 0 0 0 0 0 0 0 0 0 0 0 0 0 0 0 0 0 0 0 0 0 0 0 0 0 0 0 0 0 0 0 0 0 0 0 0 0 0 0 0 0 0 0 0 0 0 0 0 0 0 0 0 0 0 0 0 0 0 0 0 0 0 0 0 0 0 0 0 0 0 0 0 0 0 0 0 0 0 0 0 0 0 0 0 0 0 0 0 0 0 0 0 0 0 0 0 0 0 0 0 0 0 0 0 0 0 0 0 0 0 0 0 
0 0 0 0 0 0 0 0 0 0 0 0 0 0 0 0 0 0 0 0 0 0 0 0 0 0 0 0 0 0 0 0 0 0 0 0 0 0 0 0 0 0 0 0 0 0 0 0 0 0 0 0 0 0 0 0 0 0 0 0 0 0 0 0 0 0 0 0 0 0 0 0 0 0 0 0 0 0 0 0 0 0 0 0 0 0 0 0 0 0 0 0 0 0 0 0 0 0 0 0 0 0 0 0 0 0 0 0 0 0 0 0 0 0 0 0 0 0 0 0 0 0 0 0 0 0 0 0 0 0 0 0 0 0 0 0 0 0 0 0 0 0 0 0 0 0 0 0 0 0 0 0 0 0 0 0 0 0 0 0 0 0 0 0 0 0 0 0 0 0 0 0 0 0 0 0 
0 0 0 0 0 0 0 0 0 0 0 0 0 0 0 0 0 0 0 0 0 0 0 0 0 0 0 0 0 0 0 0 0 0 0 0 0 0 0 0 0 0 0 0 0 0 0 0 0 0 0 0 0 0 0 0 0 0 0 0 0 0 0 0 0 0 0 0 0 0 0 0 0 0 0 0 0 0 0 0 0 0 0 0 0 0 0 0 0 0 0 0 0 0 0 0 0 0 0 0 0 0 0 0 0 0 0 0 0 0 0 0 0 0 0 0 0 0 0 0 0 0 0 0 0 0 0 0 0 0 0 0 0 0 0 0 0 0 0 0 0 0 0 0 0 0 0 0 0 0 0 0 0 0 0 0 0 0 0 0 0 0 0 0 0 0 0 0 0 0 0 0 0 0 0 0 
