91 83 90 87 83 85 80 79 79 82 89 85 81 85 83 83 78 81 80 81 84 77 78 80 76 74 78 77 80 77 79 76 77 75 73 76 77 88 76 77 80 77 76 78 81 77 75 79 75 80 81 79 77 79 75 86 76 71 75 71 63 71 78 81 73 77 78 79 77 76 78 77 77 70 82 77 76 78 81 79 75 76 76 80 79 75 68 71 73 74 78 81 81 82 80 76 77 81 79 81 79 78 74 78 78 80 83 83 80 81 78 69 66 80 83 87 89 88 81 86 83 86 88 88 96 90 85 88 92 88 86 93 90 93 92 93 79 86 93 91 96 93 101 94 99 97 93 102 98 99 102 105 110 108 104 92 81 76 72 76 75 71 73 74 0 69 81 82 82 87 91 92 95 100 104 94 
85 84 82 85 87 84 83 78 76 74 80 79 82 85 77 83 80 82 75 79 77 79 79 78 78 86 77 78 79 83 80 79 78 74 70 70 72 76 81 76 74 79 79 79 75 74 77 74 76 74 80 70 74 76 76 74 73 75 75 76 62 62 70 77 79 75 80 80 77 78 76 74 78 78 76 79 76 78 74 75 75 75 79 78 80 73 67 75 80 79 80 79 78 84 76 80 77 77 79 78 79 81 77 78 78 80 85 80 80 79 82 70 77 83 80 82 82 86 85 85 85 91 90 81 89 89 91 95 92 94 91 91 87 94 91 91 82 89 97 96 93 96 94 93 94 99 101 90 100 100 104 114 107 105 89 81 71 74 78 73 76 78 74 0 0 0 74 72 84 89 85 94 95 97 95 104 
85 86 84 83 82 81 80 79 79 79 78 78 78 78 78 78 78 79 78 78 78 78 78 78 78 78 78 78 78 78 78 77 76 76 74 74 73 73 73 73 73 74 75 75 75 75 75 75 75 75 75 74 75 75 75 75 75 74 72 71 70 70 71 72 75 76 76 76 76 75 75 75 75 75 75 75 76 76 77 76 76 76 77 77 76 75 75 74 74 76 77 78 78 78 77 77 77 77 77 78 78 78 78 78 79 79 80 81 80 78 77 77 77 78 81 83 83 84 84 85 85 85 86 87 87 88 89 89 89 89 89 89 89 89 88 88 88 89 90 92 93 94 94 94 95 95 96 97 99 100 101 100 97 92 86 80 77 75 73 73 73 73 72 72 75 75 78 79 81 84 88 91 94 96 95 104 
91 79 81 81 81 79 79 78 77 77 76 76 76 76 76 77 76 77 76 77 76 77 77 77 78 77 77 77 77 77 77 76 75 75 73 73 72 71 71 72 72 72 73 73 73 73 73 73 73 73 73 73 73 73 73 73 73 72 71 70 69 69 69 71 73 75 75 76 76 75 75 75 76 76 77 77 78 78 79 78 79 80 80 81 81 80 79 79 79 81 81 82 81 82 81 81 81 81 81 82 83 83 83 84 84 84 84 85 85 84 83 84 84 84 85 87 87 87 88 89 88 89 89 89 89 90 90 90 90 90 90 89 90 89 88 88 88 89 90 91 92 93 93 93 94 93 95 96 98 99 99 97 92 87 81 76 74 73 72 72 72 72 72 0 75 74 77 78 80 82 86 89 92 95 95 102 
82 78 80 79 79 77 78 77 77 77 76 75 74 74 73 74 75 76 75 76 76 77 76 76 77 76 76 76 76 75 75 75 74 74 73 73 72 70 69 69 69 70 70 71 71 72 71 71 71 71 71 72 72 73 72 73 73 73 73 72 72 72 73 74 76 77 78 79 79 79 80 80 80 80 81 81 82 82 83 83 84 84 85 85 86 85 84 84 84 85 86 87 86 86 85 85 85 86 86 87 87 88 88 88 89 89 89 90 90 90 89 90 90 90 91 92 92 92 92 93 93 93 93 93 94 94 94 94 94 94 94 94 94 93 92 93 93 93 93 94 94 95 95 94 95 95 96 97 99 99 97 94 88 82 78 74 72 72 71 71 70 70 69 0 0 74 76 76 79 81 85 88 92 94 99 97 
73 72 78 77 77 76 76 76 76 76 76 75 74 74 73 74 73 74 73 74 75 75 75 76 76 75 74 74 74 73 73 72 72 72 71 71 70 68 67 67 67 68 68 69 69 70 70 71 72 72 72 73 74 75 75 76 76 76 76 77 77 77 78 78 80 81 81 82 83 83 84 84 84 84 85 85 86 86 87 87 88 88 89 90 90 90 89 89 89 90 90 91 90 91 90 90 90 90 90 91 92 92 93 93 94 94 94 94 94 95 94 95 95 96 95 96 96 97 97 98 97 98 97 97 98 98 98 98 98 97 97 97 98 98 97 98 98 98 98 98 98 98 99 98 99 100 100 101 104 103 100 95 88 80 75 72 70 70 70 69 69 69 0 0 0 73 75 76 78 80 84 88 91 94 100 94 
79 78 76 76 75 75 75 75 75 75 75 74 73 73 72 72 72 72 71 72 72 73 74 74 75 73 73 73 73 72 72 71 71 70 71 70 70 69 69 69 69 70 70 71 72 74 74 75 75 76 76 77 78 78 78 79 80 80 80 81 81 82 82 83 84 85 85 86 86 87 87 88 88 89 89 89 90 90 91 91 92 93 93 94 95 95 94 95 94 95 95 96 95 96 95 95 95 95 95 96 97 97 98 98 99 99 99 100 100 100 100 101 102 102 102 102 102 102 102 103 103 103 103 102 103 103 102 102 103 102 102 102 102 102 102 103 103 103 103 103 103 103 103 103 104 105 106 106 109 108 103 96 89 81 75 72 71 70 69 68 68 0 0 0 0 0 74 76 77 79 82 86 90 93 95 99 
75 75 75 75 75 74 74 74 74 74 74 73 73 72 71 71 71 70 70 69 70 70 71 71 72 71 71 71 72 71 71 72 72 71 72 72 73 73 73 73 73 73 73 75 75 77 77 78 78 79 79 80 81 82 82 82 83 84 84 85 85 86 86 87 88 88 88 89 90 91 92 92 93 93 93 94 94 95 95 95 96 97 97 98 98 98 98 99 99 99 99 100 100 100 99 99 99 99 99 100 101 101 102 102 103 103 103 104 104 104 104 105 106 106 106 106 106 107 107 108 108 108 108 107 107 107 107 107 108 107 107 107 107 108 108 108 108 108 107 107 107 107 108 108 109 110 110 111 114 112 106 99 91 82 75 71 70 69 67 66 65 0 0 0 0 0 73 74 76 78 81 84 88 92 99 94 
79 73 75 75 74 74 74 73 73 73 72 72 72 71 71 70 70 69 68 67 68 69 70 70 71 71 71 72 73 73 74 74 74 74 74 75 75 76 76 76 76 77 77 78 79 80 80 81 81 82 82 84 85 86 86 86 87 88 89 90 90 91 91 92 93 93 93 93 93 94 94 95 95 96 95 96 96 96 96 96 97 97 97 98 99 99 99 99 99 99 99 99 99 99 99 99 99 100 99 100 100 100 101 101 102 102 102 103 103 104 103 105 105 105 105 106 106 107 107 108 109 109 109 109 109 110 110 110 111 111 110 111 111 111 111 112 112 112 112 111 111 112 112 112 113 114 115 116 118 117 111 102 93 82 75 71 69 68 67 66 0 0 0 0 0 0 73 74 75 77 79 83 87 91 96 101 
69 72 74 74 74 74 74 72 72 71 71 71 71 70 70 70 69 68 68 67 68 69 70 71 72 72 72 73 75 75 76 76 76 76 77 77 78 79 79 80 80 80 81 82 83 84 85 86 85 86 86 87 88 90 90 90 91 91 91 92 92 92 92 93 93 93 93 93 93 93 93 94 94 94 95 95 96 96 96 96 96 96 97 97 98 98 98 98 98 98 98 98 98 99 99 99 99 99 99 99 100 100 100 101 101 101 101 102 102 102 102 103 103 104 104 105 105 106 107 107 108 108 108 108 108 109 109 109 109 109 110 110 111 111 111 112 112 112 112 112 112 113 113 114 115 116 117 119 121 121 115 106 95 84 75 70 68 68 66 0 0 0 0 0 0 0 71 73 74 76 78 82 86 90 94 92 
72 74 73 73 73 73 73 72 71 71 71 71 71 70 71 71 71 70 70 69 70 71 72 73 74 74 74 75 77 77 78 79 79 80 80 81 81 83 83 83 84 84 84 85 86 87 87 88 88 88 88 88 89 90 90 90 91 91 90 91 91 91 91 92 92 92 92 92 91 91 92 92 93 93 94 95 95 95 96 95 95 96 96 96 96 96 96 96 95 95 95 95 95 95 95 95 95 95 95 95 96 96 96 96 97 96 97 97 97 98 98 99 100 100 101 102 102 103 103 104 104 105 106 106 107 108 108 108 109 109 109 110 110 110 110 110 111 111 111 111 111 111 111 112 113 114 115 117 120 120 115 106 95 85 75 69 67 68 0 0 0 0 0 0 0 0 71 72 73 75 77 81 85 89 92 91 
68 73 72 72 72 72 72 72 72 71 71 72 72 72 73 73 72 72 72 71 72 73 74 75 75 76 76 77 79 80 81 82 82 83 83 83 84 84 84 84 84 85 85 86 86 86 87 87 87 87 87 87 87 88 88 88 88 88 88 88 88 88 88 87 87 87 87 87 86 87 87 89 90 92 94 95 94 94 95 95 95 94 92 90 90 90 90 92 94 94 94 94 94 94 94 94 94 94 94 95 95 95 95 95 95 95 95 96 96 97 97 98 98 99 99 101 101 99 100 98 97 97 100 101 104 106 107 107 108 108 109 109 110 110 109 109 110 110 109 110 110 110 110 110 111 111 113 115 117 118 114 104 95 85 73 66 64 0 0 0 0 0 0 0 0 0 68 70 72 74 76 80 84 88 96 99 
74 75 72 71 71 72 72 72 72 72 72 73 73 73 73 74 73 73 74 74 74 76 76 77 77 78 79 79 81 82 82 82 83 83 83 83 83 83 82 83 83 83 84 85 84 84 84 84 83 83 83 83 83 83 83 82 81 80 81 82 84 85 87 86 86 86 86 86 85 84 85 87 89 90 93 95 95 94 95 95 94 92 90 88 87 87 88 91 93 93 93 93 93 93 92 92 93 93 93 93 94 93 93 93 93 93 93 94 94 95 96 96 97 97 98 99 99 96 97 95 93 92 96 98 101 104 106 107 107 107 108 108 109 109 109 108 108 108 108 108 108 108 108 109 109 110 111 113 115 117 113 102 94 86 73 63 62 0 0 0 0 0 0 62 62 62 66 68 70 73 76 79 83 88 91 97 
0 71 72 71 72 72 73 73 74 74 74 74 75 74 75 76 75 76 76 77 77 78 78 78 78 78 78 79 80 80 81 81 82 82 82 82 80 80 79 80 79 79 80 79 79 80 81 82 83 82 82 81 81 82 81 80 79 78 78 80 81 83 85 85 84 84 83 83 83 81 82 85 87 89 93 94 94 94 94 95 93 89 87 84 81 80 84 87 91 91 91 90 90 90 89 89 89 89 89 89 90 90 90 90 90 89 90 91 91 92 93 93 94 95 95 96 97 93 93 90 88 86 92 94 99 102 105 106 107 107 107 108 109 109 109 108 108 108 108 107 108 107 107 107 108 108 109 111 112 115 112 101 95 88 75 61 0 0 0 0 0 0 0 62 62 62 65 68 70 73 75 79 82 87 83 91 
0 66 73 72 72 73 73 74 76 75 76 76 76 77 78 77 77 77 77 77 77 78 78 77 78 78 78 78 79 79 80 80 80 79 78 78 77 77 77 78 78 78 78 77 77 78 79 80 81 80 80 79 79 79 78 76 76 74 75 76 78 79 82 81 80 80 79 79 78 77 79 83 86 88 92 94 94 93 93 94 92 87 85 80 75 70 75 79 85 85 85 85 84 83 82 81 80 79 80 80 80 81 82 82 82 80 81 81 82 83 85 86 87 88 88 89 90 84 84 80 78 78 87 91 97 100 105 106 107 106 106 107 108 108 108 107 108 107 107 107 107 107 106 107 107 107 108 110 111 113 110 100 95 90 76 60 0 0 0 0 0 0 0 0 0 0 64 68 70 72 74 78 81 86 87 90 
72 78 74 74 74 74 75 75 76 76 77 76 77 77 77 77 77 76 76 76 77 77 77 76 77 76 77 77 78 78 79 79 78 77 76 75 74 75 75 77 76 76 76 75 75 76 77 77 79 77 77 75 74 73 73 70 69 66 67 68 69 71 74 71 69 70 69 69 70 71 75 81 84 87 91 93 93 93 93 94 92 85 82 76 69 56 0 0 0 0 0 0 0 0 0 0 0 0 0 0 0 0 0 0 0 0 0 0 0 0 0 0 0 0 0 0 0 0 0 0 0 66 81 88 95 99 105 106 107 106 106 107 107 108 108 107 108 107 107 107 107 106 106 106 106 107 107 108 109 111 109 99 97 92 80 60 0 0 0 0 0 0 0 0 0 0 64 68 70 72 74 78 80 84 87 98 
74 78 74 75 75 75 75 76 76 76 76 76 76 76 77 76 77 76 76 76 76 76 76 76 76 76 76 77 77 78 79 79 76 75 73 72 70 72 72 74 72 72 71 69 69 69 69 69 71 68 68 67 66 64 63 59 56 52 51 0 0 0 0 0 0 0 0 0 0 70 77 82 84 86 91 93 93 93 93 94 92 85 84 80 73 59 0 0 0 0 0 0 0 0 0 0 0 0 0 0 0 0 0 0 0 0 0 0 0 0 0 0 0 0 0 0 0 0 0 0 0 74 85 91 95 98 104 106 106 106 106 106 107 107 107 107 107 107 107 107 106 106 105 105 106 106 106 106 107 109 108 99 97 93 83 63 0 0 0 0 0 0 0 0 0 0 64 68 69 71 73 76 80 85 87 89 
72 75 74 75 75 75 75 75 76 76 75 75 75 75 76 75 75 75 74 74 75 76 76 77 77 76 76 77 77 78 78 78 76 74 71 69 65 66 66 67 64 64 63 60 59 0 0 0 0 0 0 0 0 0 0 0 0 0 0 0 0 0 0 0 0 0 0 0 0 71 77 82 84 86 90 92 92 92 92 93 92 85 83 80 73 59 0 0 0 0 0 0 0 0 0 0 0 0 0 0 0 0 0 0 0 0 0 0 0 0 0 0 0 0 0 0 0 0 0 0 0 76 85 92 95 97 103 105 106 106 106 106 107 107 107 107 107 107 107 107 107 106 105 105 105 105 105 105 105 107 108 100 99 96 87 68 0 0 0 0 0 0 0 0 0 0 0 69 69 71 72 76 79 84 88 86 
72 74 74 74 74 74 74 74 74 74 74 73 74 74 75 75 74 73 72 72 73 75 76 77 77 76 76 77 77 78 79 78 74 72 68 64 55 0 0 0 0 0 0 0 0 0 0 0 0 0 0 0 0 0 0 0 0 0 0 0 0 0 0 0 0 0 0 0 0 73 78 82 85 86 90 91 92 92 92 92 91 85 83 80 73 59 0 0 0 0 0 0 0 0 0 0 0 0 0 0 0 0 0 0 0 0 0 0 0 0 0 0 0 0 0 0 0 0 0 0 0 75 85 91 95 97 103 105 105 105 105 105 106 106 106 106 106 107 106 107 106 106 105 105 105 105 105 105 105 107 107 101 100 97 90 71 0 0 0 0 0 0 0 0 0 0 0 69 69 70 72 75 79 83 98 99 
70 71 73 73 73 73 73 73 73 73 73 72 73 73 74 74 73 73 71 71 72 74 74 76 77 76 76 77 78 79 79 78 74 73 70 66 0 0 0 0 0 0 0 0 0 0 0 0 0 0 0 0 0 0 0 0 0 0 0 0 0 0 0 47 47 47 47 0 0 70 77 82 84 86 90 91 91 92 92 92 91 84 83 79 72 58 0 0 0 0 0 0 0 0 0 0 0 0 0 0 0 0 0 0 0 0 0 0 0 0 0 0 0 0 0 0 0 0 0 0 0 71 83 90 94 96 103 105 106 106 105 105 105 106 105 106 106 106 106 106 106 105 105 105 104 104 104 104 104 105 107 101 100 98 91 73 0 0 0 0 0 0 0 0 0 0 0 66 67 69 71 73 78 82 86 93 
67 75 72 72 71 72 72 72 73 73 72 72 73 73 73 73 71 70 68 69 71 73 74 76 77 76 77 78 78 79 78 77 74 73 70 66 0 0 0 0 0 0 0 0 0 0 0 0 0 0 0 0 0 0 0 0 0 0 0 0 0 0 51 50 49 49 48 47 0 71 78 82 85 86 90 91 91 91 91 92 91 84 82 78 71 56 0 0 0 0 0 0 0 0 0 0 0 0 0 0 0 0 0 0 0 0 0 0 0 0 0 0 0 0 0 0 0 0 0 0 0 70 82 89 93 95 102 105 105 106 105 105 105 105 105 105 106 106 106 106 106 105 105 105 104 104 104 104 103 105 107 102 101 100 94 77 0 0 0 0 0 0 0 0 0 0 0 66 67 68 71 73 77 82 80 91 
72 73 71 71 71 71 71 72 72 72 71 71 72 72 72 72 70 68 65 66 68 71 73 76 76 76 77 77 78 78 78 76 74 72 70 66 0 0 0 0 0 0 0 0 0 0 0 0 0 0 0 0 0 0 0 0 0 0 0 0 0 51 50 49 49 49 48 47 0 69 79 83 85 87 91 91 91 91 91 91 90 83 81 78 70 55 0 0 0 0 0 0 0 0 0 0 0 0 0 0 0 0 0 0 0 0 0 0 0 0 0 0 0 0 0 0 0 0 0 0 0 66 79 87 92 94 102 104 105 105 105 105 105 105 105 105 106 106 106 106 105 105 104 104 104 104 104 104 104 105 107 103 102 101 97 81 0 0 0 0 0 0 0 0 0 0 0 65 66 68 70 73 76 81 84 90 
73 73 71 71 70 70 71 71 71 71 71 72 73 73 73 72 70 67 65 65 68 71 72 74 75 76 76 77 78 78 78 75 73 72 69 64 0 0 0 0 0 0 0 0 0 0 0 0 0 0 0 0 0 0 0 0 0 0 0 0 0 51 50 49 49 49 48 47 0 68 79 83 85 86 91 92 92 91 92 92 91 84 82 78 71 57 0 0 0 0 0 0 0 0 0 0 0 0 0 0 0 0 0 0 0 0 0 0 0 0 0 0 0 0 0 0 0 0 0 0 0 60 76 85 90 93 102 104 105 105 104 104 104 104 104 105 105 105 105 105 104 104 104 104 103 103 103 104 104 105 107 103 103 102 98 83 0 0 0 0 0 0 0 0 0 0 0 64 66 68 70 72 76 81 84 90 
75 72 71 70 70 70 70 70 71 71 71 71 72 72 72 71 70 68 66 67 69 71 72 74 74 75 76 77 78 78 78 75 74 72 70 65 0 0 0 0 0 0 0 0 0 0 0 0 0 0 0 0 0 0 0 0 0 0 0 0 0 51 51 50 49 49 48 47 0 65 77 82 85 86 91 92 92 92 92 92 91 84 82 78 71 56 0 0 0 0 0 0 0 0 0 0 0 0 0 0 0 0 0 0 0 0 0 0 0 0 0 0 0 0 0 0 0 0 0 0 0 56 75 84 89 92 102 104 104 104 104 104 104 104 104 105 105 105 105 105 104 104 103 103 103 103 103 103 103 104 106 104 102 100 97 83 0 0 0 0 0 0 0 0 0 0 0 63 66 68 69 71 75 80 83 96 
69 76 71 71 70 70 70 70 70 71 70 71 72 72 71 70 70 68 67 69 71 72 73 74 74 75 76 77 77 78 77 75 74 72 69 64 0 0 0 0 0 0 0 0 0 0 0 0 0 0 0 0 0 0 0 0 0 0 0 0 0 51 52 51 49 50 48 46 0 66 78 82 85 86 91 92 92 92 93 93 92 84 82 78 71 56 0 0 0 0 0 0 0 0 0 0 0 0 0 0 0 0 0 0 0 0 0 0 0 0 0 0 0 0 0 0 0 0 0 0 0 53 72 82 87 91 101 103 104 104 104 104 104 104 104 105 105 105 105 105 104 103 103 103 103 103 103 103 103 104 107 105 101 100 97 84 0 0 0 0 0 0 0 0 0 0 0 63 66 67 68 71 75 80 88 90 
68 69 71 70 70 70 69 69 70 70 70 70 71 71 72 71 71 69 69 70 71 72 74 75 75 75 76 76 77 77 77 74 74 72 70 64 0 0 0 0 0 0 0 0 0 0 0 0 0 0 0 0 0 0 0 0 0 0 0 0 0 0 0 48 48 49 0 0 0 63 76 81 84 85 91 92 92 92 93 93 92 85 83 79 72 58 0 0 0 0 0 0 0 0 0 0 0 0 0 0 0 0 0 0 0 0 0 0 0 0 0 0 0 0 0 0 0 0 0 0 0 51 73 82 88 92 100 103 104 104 103 104 104 104 104 105 105 104 104 104 103 103 103 103 103 103 102 102 102 103 106 105 100 99 95 84 0 0 0 0 0 0 0 0 0 0 0 63 66 67 68 71 74 79 83 90 
70 78 71 71 70 70 70 69 69 69 70 70 71 70 71 71 71 70 70 71 72 73 74 74 75 75 75 76 77 77 77 75 74 73 71 65 0 0 0 0 0 0 0 0 0 0 0 0 0 0 0 0 0 0 0 0 0 0 0 0 0 0 0 0 0 0 0 0 0 62 75 80 83 85 91 92 92 92 93 93 92 85 83 80 73 58 0 0 0 0 0 0 0 0 0 0 0 0 0 0 0 0 0 0 0 0 0 0 0 0 0 0 0 0 0 0 0 0 0 0 0 48 70 81 87 91 100 103 103 104 104 104 104 105 105 105 105 105 104 104 104 103 103 103 103 102 101 102 102 103 105 106 100 98 95 86 67 0 0 0 0 0 0 0 0 0 0 0 66 67 67 70 74 78 82 91 
73 68 71 71 70 70 70 69 69 68 68 69 70 70 71 71 71 72 72 72 73 74 74 75 75 75 75 76 76 77 77 75 74 73 71 65 0 0 0 0 0 0 0 0 0 0 0 0 0 0 0 0 0 0 0 0 0 0 0 0 0 0 0 0 0 0 0 0 0 63 75 81 83 85 91 92 92 92 93 93 92 84 82 79 71 56 0 0 0 0 0 0 0 0 0 0 0 0 0 0 0 0 0 0 0 0 0 0 0 0 0 0 0 0 0 0 0 0 0 0 0 0 71 83 88 92 99 103 103 104 104 104 105 105 105 105 104 104 104 104 104 104 103 103 103 102 101 102 102 103 105 105 99 97 94 86 69 0 0 0 0 0 0 0 0 0 0 0 65 66 67 69 72 77 80 87 
70 71 70 70 70 70 70 69 69 68 69 69 70 70 71 71 71 71 72 73 73 74 74 75 75 75 75 75 76 77 77 74 74 73 70 64 0 0 0 0 0 0 0 0 0 0 0 0 0 0 0 0 0 0 0 0 0 0 0 0 0 0 0 0 0 0 0 0 0 64 76 81 84 85 91 91 91 92 92 92 91 84 82 78 71 56 0 0 0 0 0 0 0 0 0 0 0 0 0 0 0 0 0 0 0 0 0 0 0 0 0 0 0 0 0 0 0 0 0 0 0 0 68 81 87 91 99 103 104 104 104 105 105 105 105 105 104 104 104 104 103 103 103 103 103 103 102 102 102 103 104 106 100 98 96 90 74 0 0 0 0 0 0 0 0 0 0 0 65 66 67 69 72 76 82 87 
66 75 69 69 69 68 69 68 69 68 69 69 70 70 71 71 71 71 72 72 73 73 74 75 75 75 75 75 76 76 77 74 74 73 70 63 0 0 0 0 0 0 0 0 0 0 0 0 0 0 0 0 0 0 0 0 0 0 0 0 0 0 0 0 0 0 0 0 0 64 77 81 84 85 91 91 91 91 92 92 91 84 82 78 71 55 0 0 0 0 0 0 0 0 0 0 0 0 0 0 0 0 0 0 0 0 0 0 0 0 0 0 0 0 0 0 0 0 0 0 0 0 71 83 89 93 99 104 105 105 104 105 105 104 104 105 104 103 103 103 103 103 103 103 103 102 101 102 102 102 104 105 100 99 97 91 75 0 0 0 0 0 0 0 0 0 0 0 64 66 67 69 71 75 78 81 
66 68 69 69 69 69 69 69 69 69 69 69 69 70 70 70 70 71 71 72 72 73 74 74 75 75 75 76 76 76 76 73 72 71 68 60 0 0 0 0 0 0 0 0 0 0 0 0 0 0 0 0 0 0 0 0 0 0 0 0 0 0 0 0 0 0 0 0 0 66 77 82 84 85 90 91 92 92 92 92 91 83 81 77 70 54 0 0 0 0 0 0 0 0 0 0 0 0 0 0 0 0 0 0 0 0 0 0 0 0 0 0 0 0 0 0 0 0 0 0 0 0 69 83 89 93 99 104 105 105 104 105 105 104 104 105 104 104 103 103 103 103 103 103 103 102 102 102 102 102 104 105 100 99 97 91 75 0 0 0 0 0 0 0 0 0 0 0 63 65 66 68 70 74 77 79 
75 73 68 68 68 69 69 69 69 69 69 69 69 70 70 70 70 71 71 72 73 73 74 74 74 75 75 76 76 76 76 72 71 70 66 57 0 0 0 0 0 0 0 0 0 0 0 0 0 0 0 0 0 0 0 0 0 0 0 0 0 0 0 0 0 0 0 0 0 68 79 83 85 86 91 91 92 92 92 92 90 83 80 77 70 53 0 0 0 0 0 0 0 0 0 0 0 0 0 0 0 0 0 0 0 0 0 0 0 0 0 0 0 0 0 0 0 0 0 0 0 0 72 84 90 94 98 104 105 105 105 105 105 104 104 104 104 104 103 103 103 103 102 103 103 102 102 102 102 103 104 105 100 99 97 91 74 0 0 0 0 0 0 0 0 0 0 0 63 65 66 68 70 74 76 84 
64 65 67 68 68 69 69 69 69 70 69 69 69 69 69 70 70 71 71 72 73 73 74 74 74 75 76 76 76 76 76 71 70 68 64 54 0 0 0 0 0 0 0 0 0 0 0 0 0 0 0 0 0 0 0 0 0 0 0 0 0 0 0 0 0 0 0 0 0 68 79 82 85 86 91 91 92 92 92 92 91 83 81 77 70 53 0 0 0 0 0 0 0 0 0 0 0 0 0 0 0 0 0 0 0 0 0 0 0 0 0 0 0 0 0 0 0 0 0 0 0 0 71 84 90 94 98 103 105 105 104 104 105 104 104 105 104 104 103 103 103 103 102 102 102 101 101 101 102 102 104 106 101 100 98 92 75 0 0 0 0 0 0 0 0 0 0 0 62 64 65 68 70 74 84 86 
70 69 67 67 67 68 68 68 68 69 69 69 69 70 70 71 71 71 71 72 72 73 74 74 75 75 76 76 76 76 76 71 69 67 63 52 0 0 0 0 0 0 0 0 0 0 0 0 0 0 0 0 0 0 0 0 0 0 0 0 0 0 0 0 0 0 0 0 0 69 79 83 85 87 91 92 92 92 92 92 91 83 81 77 70 53 0 0 0 0 0 0 0 0 0 0 0 0 0 0 0 0 0 0 0 0 0 0 0 0 0 0 0 0 0 0 0 0 0 0 0 0 74 87 93 96 97 103 105 104 104 104 104 104 104 104 104 104 103 103 103 103 102 102 101 101 101 101 101 103 104 106 101 98 96 89 72 0 0 0 0 0 0 0 0 0 0 0 0 63 64 67 69 74 78 88 
66 64 67 68 68 69 69 69 68 69 69 69 69 69 69 70 71 72 72 72 72 73 73 74 74 75 75 76 76 76 75 70 68 66 61 49 0 0 0 0 0 0 0 0 0 0 0 0 0 0 0 0 0 0 0 0 0 0 0 0 0 0 0 0 0 0 0 0 0 70 80 84 85 87 91 92 92 92 92 92 91 83 81 77 69 53 0 0 0 0 0 0 0 0 0 0 0 0 0 0 0 0 0 0 0 0 0 0 0 0 0 0 0 0 0 0 0 0 0 0 0 0 73 86 92 96 97 103 105 105 104 104 104 104 104 104 104 104 103 103 103 103 102 102 101 101 101 101 102 103 104 106 102 99 97 91 75 0 0 0 0 0 0 0 0 0 0 0 0 63 64 66 69 74 76 87 
67 71 67 67 67 68 68 68 68 69 68 69 69 70 70 70 71 72 72 72 73 73 73 74 74 75 75 76 76 76 76 71 70 68 62 49 0 0 0 0 0 0 0 0 0 0 0 0 0 0 0 0 0 0 0 0 0 0 0 0 0 0 0 0 0 0 0 0 0 71 81 84 86 87 92 92 92 92 92 92 91 83 81 77 70 53 0 0 0 0 0 0 0 0 0 0 0 0 0 0 0 0 0 0 0 0 0 0 0 0 0 0 0 0 0 0 0 0 0 0 0 0 73 86 92 96 97 103 105 104 104 104 104 104 104 104 103 103 103 103 103 102 102 102 101 101 102 102 102 103 105 107 103 98 96 91 74 0 0 0 0 0 0 0 0 0 0 0 0 64 65 67 69 73 81 84 
63 70 67 67 67 68 68 67 67 68 68 68 70 70 70 71 72 72 72 73 73 73 73 74 74 75 75 76 76 76 75 72 71 69 64 0 0 0 0 0 0 0 0 0 0 0 0 0 0 0 0 0 0 0 0 0 0 0 0 0 0 0 0 0 0 0 0 0 0 72 81 84 86 87 91 91 91 91 92 91 91 83 81 77 70 53 0 0 0 0 0 0 0 0 0 0 0 0 0 0 0 0 0 0 0 0 0 0 0 0 0 0 0 0 0 0 0 0 0 0 0 0 72 86 92 95 97 103 104 104 104 104 105 104 104 104 103 103 103 103 103 102 102 102 102 102 102 102 102 103 104 106 104 97 94 89 74 0 0 0 0 0 0 0 0 0 0 0 0 66 66 67 70 73 80 90 
65 65 67 67 67 67 68 67 67 68 68 68 70 70 70 70 71 71 72 72 72 73 73 73 73 75 75 76 76 77 75 73 71 70 64 0 0 0 0 0 0 0 0 0 0 0 0 0 0 0 0 0 0 0 0 0 0 0 0 0 0 0 0 0 0 0 0 0 0 73 82 84 86 87 91 91 92 91 91 91 91 83 81 78 70 53 0 0 0 0 0 0 0 0 0 0 0 0 0 0 0 0 0 0 0 0 0 0 0 0 0 0 0 0 0 0 0 0 0 0 0 0 72 85 91 94 96 103 104 104 104 104 105 104 104 103 103 103 103 103 103 103 102 102 102 102 102 103 103 103 104 106 104 96 93 88 73 53 0 0 0 0 0 0 0 0 0 0 0 66 65 67 69 72 76 79 
68 68 66 67 67 67 68 67 67 68 68 68 69 69 69 69 70 71 72 72 73 73 73 73 73 74 75 75 76 77 76 74 73 72 67 0 0 0 0 0 0 0 0 0 0 0 0 0 0 0 0 0 0 0 0 0 0 0 0 0 0 0 0 0 0 0 0 0 0 74 82 84 86 87 91 91 92 91 92 92 91 83 81 77 69 52 0 0 0 0 0 0 0 0 0 0 0 0 0 0 0 0 0 0 0 0 0 0 0 0 0 0 0 0 0 0 0 0 0 0 0 0 71 85 91 94 96 103 104 104 104 104 104 104 104 103 103 103 103 103 103 103 102 102 103 103 103 103 103 103 104 106 104 96 94 89 76 55 0 0 0 0 0 0 0 0 0 0 63 65 65 66 69 72 80 80 
67 68 66 66 66 66 67 67 67 68 68 68 69 69 69 69 70 71 72 73 73 73 73 73 73 74 75 75 76 77 75 75 75 74 70 0 0 0 0 0 0 0 0 0 0 0 0 0 0 0 0 0 0 0 0 0 0 0 0 0 0 0 0 0 0 0 0 0 0 75 82 85 87 87 91 91 92 91 91 91 90 82 80 77 69 51 0 0 0 0 0 0 0 0 0 0 0 0 0 0 0 0 0 0 0 0 0 0 0 0 0 0 0 0 0 0 0 0 0 0 0 0 69 84 90 93 95 102 104 104 105 105 105 104 104 104 103 103 103 103 103 103 102 102 102 102 103 103 103 103 104 106 105 96 93 88 76 57 0 0 0 0 0 0 0 0 0 0 0 65 66 67 69 72 75 75 
64 65 65 66 66 66 67 67 67 68 68 68 69 69 69 70 70 71 72 72 72 73 73 73 73 74 75 75 76 77 75 74 74 73 67 0 0 0 0 0 0 0 0 0 0 0 0 0 0 0 0 0 0 0 0 0 0 0 0 0 0 0 0 0 0 0 0 0 0 75 83 85 87 87 91 92 92 92 92 91 90 82 78 74 66 49 0 0 0 0 0 0 0 0 0 0 0 0 0 0 0 0 0 0 0 0 0 0 0 0 0 0 0 0 0 0 0 0 0 0 0 0 67 83 89 93 95 102 104 105 105 105 105 105 104 104 104 103 104 104 104 103 103 102 102 102 102 102 103 103 104 106 105 97 95 90 80 61 0 0 0 0 0 0 0 0 0 0 0 65 65 66 69 72 76 80 
68 66 65 65 65 66 66 67 67 67 67 68 68 69 69 70 70 71 72 72 72 73 73 73 73 74 75 76 77 77 75 75 74 73 66 0 0 0 0 0 0 0 0 0 0 0 0 0 0 0 0 0 0 0 0 0 0 0 0 0 0 0 0 0 0 0 0 0 0 76 83 85 87 88 91 92 92 92 92 92 90 82 76 72 63 47 0 0 0 0 0 0 0 0 0 0 0 0 0 0 0 0 0 0 0 0 0 0 0 0 0 0 0 0 0 0 0 0 0 0 0 0 67 83 90 93 95 103 105 105 105 105 105 105 104 104 104 104 103 104 104 103 102 102 102 102 102 102 103 103 104 106 106 98 96 92 83 64 0 0 0 0 0 0 0 0 0 0 0 63 64 65 67 71 78 82 
64 66 65 65 66 66 67 67 67 67 67 68 68 68 69 69 70 71 72 72 73 73 73 73 74 75 75 76 77 77 75 74 74 72 66 0 0 0 0 0 0 0 0 0 0 0 0 0 0 0 0 0 0 0 0 0 0 0 0 0 0 0 0 0 0 0 0 0 0 76 83 86 87 88 92 92 92 92 92 92 91 83 75 71 63 47 0 0 0 0 0 0 0 0 0 0 0 0 0 0 0 0 0 0 0 0 0 0 0 0 0 0 0 0 0 0 0 0 0 0 0 0 65 83 89 94 96 103 105 105 105 105 105 105 104 104 104 104 103 103 104 103 103 102 102 102 102 102 103 103 105 106 106 99 98 93 85 65 0 0 0 0 0 0 0 0 0 0 0 62 63 65 68 71 73 83 
65 62 65 65 66 67 67 67 67 67 67 68 68 69 69 69 70 71 72 72 73 73 73 73 73 74 75 75 77 77 74 74 73 71 64 0 0 0 0 0 0 0 0 0 0 0 0 0 0 0 0 0 0 0 0 0 0 0 0 0 0 0 0 0 0 0 0 0 0 77 84 86 87 88 91 92 92 92 92 92 91 84 74 70 62 47 39 0 0 0 0 0 0 0 0 0 0 0 0 0 0 0 0 0 0 0 0 0 0 0 0 0 0 0 0 0 0 0 0 0 0 0 64 82 89 93 95 103 105 106 105 106 106 105 105 105 104 104 104 104 104 104 103 103 102 102 101 102 102 103 104 106 107 100 99 95 87 68 0 0 0 0 0 0 0 0 0 0 0 62 63 65 67 71 73 85 
63 68 65 66 66 66 66 67 67 67 67 68 68 69 69 69 70 71 71 72 72 73 74 74 74 75 75 75 77 77 74 74 73 69 63 0 0 0 0 0 0 0 0 0 0 0 0 0 0 0 0 0 0 0 0 0 0 0 0 0 0 0 0 0 0 0 0 0 0 77 84 86 87 88 91 92 92 92 93 93 91 84 73 68 60 47 39 0 0 0 0 0 0 0 0 0 0 0 0 0 0 0 0 0 0 0 0 0 0 0 0 0 0 0 0 0 0 0 0 0 0 0 60 78 86 91 96 104 105 106 105 105 105 105 105 104 104 104 104 104 104 104 103 102 102 101 101 101 102 103 104 106 107 101 100 97 89 71 0 0 0 0 0 0 0 0 0 0 0 61 62 65 67 71 75 83 
62 65 65 65 66 66 66 66 66 66 67 67 68 68 69 69 70 70 71 72 73 73 74 74 75 75 75 75 76 76 74 73 73 69 63 0 0 0 0 0 0 0 0 0 0 0 0 0 0 0 0 0 0 0 0 0 0 0 0 0 0 0 0 0 0 0 0 0 0 71 80 83 85 88 91 91 92 92 92 93 92 84 74 69 61 48 41 0 0 0 0 0 0 0 0 0 0 0 0 0 0 0 0 0 0 0 0 0 0 0 0 0 0 0 0 0 0 0 0 0 0 0 56 75 84 89 96 105 106 106 106 106 105 105 104 104 104 104 104 103 104 103 103 102 102 102 101 101 102 102 103 105 107 100 100 97 89 71 0 0 0 0 0 0 0 0 0 0 0 0 62 65 68 71 74 83 
66 67 65 66 66 66 66 66 66 67 67 67 68 69 69 69 70 70 71 72 73 73 74 75 74 75 75 75 76 76 73 73 72 68 62 0 0 0 0 0 0 0 0 0 0 0 0 0 0 0 0 0 0 0 0 0 0 0 0 0 0 0 0 0 0 0 0 0 0 67 76 80 83 88 91 91 92 92 92 93 92 85 75 70 62 49 42 0 0 0 0 0 0 0 0 0 0 0 0 0 0 0 0 0 0 0 0 0 0 0 0 0 0 0 0 0 0 0 0 0 0 0 53 71 81 87 96 105 106 106 105 106 105 105 104 104 103 104 104 103 103 103 103 102 102 102 101 101 102 102 103 105 107 100 100 97 90 71 0 0 0 0 0 0 0 0 0 0 0 0 61 66 68 71 68 79 
64 62 65 66 66 66 66 66 66 66 67 68 68 69 69 69 70 70 71 72 73 73 74 74 75 75 75 75 76 76 73 72 71 67 60 0 0 0 0 0 0 0 0 0 0 0 0 0 0 0 0 0 0 0 0 0 0 0 0 0 0 0 0 0 0 0 0 0 0 64 74 78 81 89 91 91 92 92 92 92 91 84 74 69 62 49 43 0 0 0 0 0 0 0 0 0 0 0 0 0 0 0 0 0 0 0 0 0 0 0 0 0 0 0 0 0 0 0 0 0 0 41 52 69 79 85 96 105 106 106 106 106 106 105 105 104 104 104 104 103 103 103 103 102 102 101 101 100 101 101 102 104 106 99 99 97 91 71 0 0 0 0 0 0 0 0 0 0 0 0 0 65 67 71 74 80 
63 66 65 66 66 66 66 66 66 67 67 68 68 69 69 69 70 71 71 72 73 73 74 75 75 75 75 75 76 76 72 72 71 67 59 0 0 0 0 0 0 0 0 0 0 0 0 0 0 0 0 0 0 0 0 0 0 0 0 0 0 0 0 0 0 0 0 0 38 62 72 77 80 89 91 92 92 92 92 93 92 84 75 70 63 50 44 0 0 0 0 0 0 0 0 0 0 0 0 0 0 0 0 0 0 0 0 0 0 0 0 0 0 0 0 0 0 0 0 0 0 41 51 68 78 83 96 105 106 106 106 106 106 106 105 104 104 104 103 103 103 103 102 102 102 101 101 100 101 101 102 104 106 100 99 98 92 71 0 0 0 0 0 0 0 0 0 0 0 0 0 0 68 71 61 76 
65 67 65 66 66 67 66 66 67 67 67 68 68 69 69 70 71 71 71 72 73 73 73 74 75 75 76 76 76 76 73 72 71 67 60 0 0 0 0 0 0 0 0 0 0 0 0 0 0 0 0 0 0 0 0 0 0 0 0 0 0 0 0 0 0 0 0 0 38 60 70 75 79 89 92 92 93 92 93 93 92 84 75 70 63 50 45 0 0 0 0 0 0 0 0 0 0 0 0 0 0 0 0 0 0 0 0 0 0 0 0 0 0 0 0 0 0 0 0 0 0 42 51 68 78 84 97 106 107 107 107 107 107 106 106 105 104 104 103 102 102 103 102 102 102 101 100 100 101 101 102 104 106 99 99 97 91 70 0 0 0 0 0 0 0 0 0 0 0 0 0 0 66 71 67 73 
65 65 65 66 66 67 66 66 66 67 67 68 68 69 69 69 70 71 71 72 73 73 73 74 74 75 75 76 77 77 73 73 72 68 61 0 0 0 0 0 0 0 0 0 0 0 0 0 0 0 0 0 0 0 0 0 0 0 0 0 0 0 0 0 0 0 0 0 40 61 70 75 79 89 92 92 93 93 93 93 92 85 75 71 63 50 44 0 0 0 0 0 0 0 0 0 0 0 0 0 0 0 0 0 0 0 0 0 0 0 0 0 0 0 0 0 0 0 0 0 0 42 52 68 78 84 97 106 107 107 107 107 107 107 106 105 104 104 103 103 102 103 102 102 101 101 100 100 101 101 102 104 107 100 99 98 92 71 0 0 0 0 0 0 0 0 0 0 0 0 0 0 62 69 61 70 
64 66 65 66 66 67 66 67 67 67 68 68 69 69 69 69 71 71 72 72 73 73 73 74 74 75 76 76 77 77 74 73 72 69 61 0 0 0 0 0 0 0 0 0 0 0 0 0 0 0 0 0 0 0 0 0 0 0 0 0 0 0 0 0 0 0 0 0 41 61 70 75 79 89 92 93 93 93 93 93 92 85 75 71 63 51 44 0 0 0 0 0 0 0 0 0 0 0 0 0 0 0 0 0 0 0 0 0 0 0 0 0 0 0 0 0 0 0 0 0 0 42 53 70 80 86 97 106 107 108 108 107 107 107 106 105 105 105 103 103 102 103 103 102 101 101 100 100 101 102 102 104 107 100 99 98 92 71 0 0 0 0 0 0 0 0 0 0 0 0 0 0 61 68 0 73 
64 65 65 65 66 67 67 67 67 68 68 69 68 69 70 69 70 71 71 72 73 73 73 74 74 75 76 76 77 77 75 74 73 70 63 0 0 0 0 0 0 0 0 0 0 0 0 0 0 0 0 0 0 0 0 0 0 0 0 0 0 0 0 0 0 0 0 0 41 61 71 76 79 89 92 93 93 93 93 94 92 86 76 71 64 52 44 0 0 0 0 0 0 0 0 0 0 0 0 0 0 0 0 0 0 0 0 0 0 0 0 0 0 0 0 0 0 0 0 0 0 42 53 70 80 86 97 106 108 107 107 106 106 107 106 105 105 104 103 103 103 103 103 102 102 101 100 100 101 102 102 104 107 101 100 99 94 74 0 0 0 0 0 0 0 0 0 0 0 0 0 0 61 68 58 78 
67 62 65 65 66 66 66 67 67 67 67 68 68 68 69 70 70 71 71 72 73 73 73 74 74 75 76 76 77 78 75 75 74 71 65 0 0 0 0 0 0 0 0 0 0 0 0 0 0 0 0 0 0 0 0 0 0 0 0 0 0 0 38 38 38 0 0 0 42 62 71 76 80 89 92 92 92 93 93 93 93 86 76 71 64 52 44 0 0 0 0 0 0 0 0 0 0 0 0 0 0 0 0 0 0 0 0 0 0 0 0 0 0 0 0 0 0 0 0 0 0 45 54 70 81 86 97 106 107 107 107 106 106 106 106 105 105 105 104 103 103 103 103 102 102 102 101 101 101 101 102 104 107 101 100 99 94 74 0 0 0 0 0 0 0 0 0 0 0 0 0 0 60 69 57 70 
67 61 64 65 66 66 67 67 67 67 67 68 68 69 70 70 70 71 71 71 72 72 72 73 74 75 76 76 77 78 75 75 74 72 65 0 0 0 0 0 0 0 0 0 0 0 0 0 0 0 0 0 0 0 0 0 0 0 0 0 0 0 38 38 38 37 0 0 42 63 72 77 80 90 92 93 92 92 93 93 93 86 77 72 65 53 45 0 0 0 0 0 0 0 0 0 0 0 0 0 40 40 0 0 0 0 0 0 0 0 0 0 0 0 0 0 0 0 0 0 0 45 54 70 80 86 97 106 108 107 107 106 106 107 106 105 105 105 104 104 103 104 103 103 102 102 102 101 101 102 102 104 106 101 100 99 95 75 0 0 0 0 0 0 0 0 0 0 0 0 0 0 61 68 68 80 
63 63 64 65 66 66 66 67 67 67 67 68 68 69 70 70 70 71 71 71 71 72 72 73 74 75 76 76 77 77 74 73 73 70 60 0 0 0 0 0 0 0 0 0 0 0 0 0 0 0 0 0 0 0 0 0 0 0 0 0 0 0 38 38 38 37 0 0 41 63 72 77 81 91 93 93 93 93 93 93 93 87 77 73 66 53 46 0 0 0 0 0 0 0 0 0 0 0 0 0 0 0 0 0 0 0 0 0 0 0 0 0 0 0 0 0 0 0 0 0 0 46 54 70 80 86 97 106 107 107 107 106 106 106 106 105 105 106 105 104 104 104 103 103 102 102 102 101 101 101 102 103 106 101 100 99 96 76 0 0 0 0 0 0 0 0 0 0 0 0 0 0 63 69 56 78 
64 62 64 65 66 66 66 67 67 67 67 68 67 68 69 70 70 71 71 70 71 72 72 73 74 75 75 76 77 77 74 73 72 69 57 0 0 0 0 0 0 0 0 0 0 0 0 0 0 0 0 0 0 0 0 0 0 0 0 0 0 0 38 38 38 37 0 0 42 64 73 78 81 91 93 93 93 93 94 94 94 87 78 73 66 54 46 0 0 0 0 0 0 0 0 0 0 0 0 40 40 40 0 0 0 0 0 0 0 0 0 0 0 0 0 0 0 0 0 0 0 46 54 68 78 84 96 105 107 107 106 106 107 107 106 106 105 106 105 104 104 104 103 103 103 103 103 102 102 102 102 103 106 100 100 99 96 77 0 0 0 0 0 0 0 0 0 0 0 0 0 0 64 71 66 73 
62 68 65 65 66 66 66 66 66 67 67 67 68 68 69 70 71 71 71 71 71 72 72 73 74 75 75 76 76 77 73 73 71 69 57 0 0 0 0 0 0 0 0 0 0 0 0 0 0 0 0 0 0 0 0 0 0 0 0 0 0 0 0 0 0 0 0 0 44 65 74 78 81 91 93 93 94 94 94 94 94 88 79 75 67 56 48 0 0 0 0 0 0 0 0 0 0 0 44 42 42 42 0 0 0 0 0 0 0 0 0 0 0 0 0 0 0 0 0 0 0 46 54 68 78 84 96 105 107 107 107 107 107 107 107 106 106 106 105 105 104 104 103 103 103 103 103 102 102 101 102 102 105 100 100 99 96 78 0 0 0 0 0 0 0 0 0 0 0 0 0 0 63 71 65 82 
65 63 65 66 66 65 66 66 65 66 66 67 68 68 69 70 70 71 71 72 72 73 73 74 74 75 76 76 76 76 73 72 70 68 56 0 0 0 0 0 0 0 0 0 0 0 0 0 0 0 0 0 0 0 0 0 0 0 0 0 0 0 0 0 0 0 0 0 45 65 74 78 81 91 93 94 94 94 94 95 95 89 79 75 68 57 49 0 0 0 0 0 0 0 0 0 0 41 46 46 46 46 0 0 0 0 0 0 0 0 0 0 0 0 0 0 0 0 0 0 0 45 54 68 78 84 96 106 108 108 108 108 108 107 107 106 105 105 105 104 104 103 103 102 102 102 102 101 101 101 101 102 105 100 100 99 97 79 0 0 0 0 0 0 0 0 0 0 0 0 0 0 65 72 63 76 
71 70 65 66 66 65 66 66 65 66 66 67 68 68 69 70 70 71 71 72 72 73 73 74 74 75 76 76 76 76 73 72 70 68 56 0 0 0 0 0 0 0 0 0 0 0 0 0 0 0 0 0 0 0 0 0 0 0 0 0 0 0 0 0 0 0 0 0 46 65 74 79 82 91 93 94 94 94 95 95 95 89 80 76 70 58 50 0 0 0 0 0 0 0 0 0 0 42 49 49 49 49 55 0 0 0 0 0 0 0 0 0 0 0 0 0 0 0 0 0 0 45 54 68 78 84 96 105 108 108 108 108 108 107 106 106 105 105 104 104 103 103 103 102 102 102 102 101 102 101 101 102 105 100 100 100 97 81 0 0 0 0 0 0 0 0 0 0 0 0 0 0 65 72 64 83 
64 61 65 65 65 65 66 65 65 66 66 67 68 68 69 70 70 71 71 72 72 73 73 73 74 75 76 76 76 76 73 72 71 68 58 0 0 0 0 0 0 0 0 0 0 0 0 0 0 0 0 0 0 0 0 0 0 0 0 0 0 0 0 0 0 0 0 0 47 66 75 79 82 91 93 94 94 95 95 96 96 90 81 78 71 60 51 0 0 0 0 0 0 0 0 0 0 40 53 53 52 52 57 50 0 0 0 0 0 0 0 0 0 0 0 0 0 0 0 0 0 45 54 68 78 84 96 106 108 108 108 108 108 108 106 106 105 104 104 104 103 103 103 102 102 102 102 101 102 102 102 103 105 101 101 100 97 82 0 0 0 0 0 0 0 0 0 0 0 0 0 0 66 72 65 79 
60 61 65 65 65 65 66 65 65 66 66 66 67 68 69 70 70 71 71 72 73 73 73 73 74 75 76 76 76 76 73 72 70 68 61 0 0 0 0 0 0 0 0 0 0 0 0 0 0 0 0 0 0 0 0 0 0 0 0 0 0 0 0 0 0 0 0 0 47 66 75 80 83 92 94 94 94 95 95 96 96 91 82 79 73 62 53 0 0 0 0 0 0 0 0 0 0 40 58 60 58 58 63 56 0 0 0 0 0 0 0 0 0 0 0 0 0 0 0 0 0 47 54 68 78 84 96 106 108 108 108 108 108 107 106 106 105 104 104 104 103 103 102 102 102 102 101 101 101 101 101 102 105 101 101 100 98 83 0 0 0 0 0 0 0 0 0 0 0 0 0 0 67 72 69 73 
67 67 64 64 65 65 66 66 66 66 66 67 68 69 69 70 70 71 71 72 73 73 73 73 74 75 76 76 76 76 73 72 71 68 60 0 0 0 0 0 0 0 0 0 0 0 0 0 0 0 0 0 0 0 0 0 0 0 0 0 0 0 0 0 0 0 0 0 45 63 75 80 83 92 94 94 94 95 95 96 97 92 83 80 74 62 54 0 0 0 0 0 0 0 0 0 0 0 60 67 62 62 66 63 43 0 0 0 0 0 0 0 0 0 0 0 0 0 0 0 0 47 54 68 78 84 96 106 108 108 108 108 107 107 105 105 104 104 104 103 103 103 103 102 102 102 101 101 101 101 101 102 105 101 101 100 98 83 0 0 0 0 0 0 0 0 0 0 0 0 0 0 67 71 71 78 
66 64 64 65 65 65 66 66 66 67 67 67 68 69 69 70 70 71 71 72 72 72 73 73 74 74 76 76 76 76 73 72 70 68 60 0 0 0 0 0 0 0 0 0 0 0 0 0 0 0 0 0 0 0 0 0 0 0 0 0 0 0 0 37 37 37 37 0 45 62 75 80 83 92 95 94 94 95 95 96 97 92 84 79 72 61 53 0 0 0 0 0 0 0 0 0 0 0 60 75 68 66 68 68 45 0 0 0 0 0 0 0 0 0 0 0 0 0 0 0 0 48 54 68 78 84 96 105 108 108 108 108 107 106 105 105 105 104 104 104 104 103 103 102 102 102 101 101 101 101 102 103 105 102 101 101 98 85 0 0 0 0 0 0 0 0 0 0 0 0 0 0 66 70 74 76 
61 63 64 64 64 65 65 66 66 67 67 67 68 69 69 70 70 71 72 72 72 73 73 73 73 74 75 76 76 76 73 72 71 68 60 0 0 0 0 0 0 0 0 0 0 0 0 0 0 0 0 0 0 0 0 0 0 0 0 0 0 0 0 37 37 37 37 0 46 62 75 81 84 93 95 95 95 95 96 97 97 93 85 78 71 60 52 0 0 0 0 0 0 0 0 0 0 0 59 85 87 86 84 92 79 62 0 0 0 0 0 0 0 0 0 0 0 0 0 0 0 47 53 67 76 84 95 105 107 108 108 107 107 106 105 105 105 104 104 104 103 103 102 102 102 101 101 101 100 101 101 102 104 101 101 101 98 84 0 0 0 0 0 0 0 0 0 0 0 0 0 61 67 70 69 75 
64 65 64 65 65 65 66 66 66 66 67 67 68 68 69 70 70 71 72 73 73 73 74 74 74 75 75 76 76 76 73 71 70 67 59 0 0 0 0 0 0 0 0 0 0 0 0 0 0 0 0 0 0 0 0 0 0 0 0 0 0 0 0 0 0 0 0 0 46 62 75 80 84 94 96 96 96 96 96 97 97 92 86 80 74 66 61 0 0 0 0 0 0 0 0 0 0 0 58 139 129 158 152 176 154 186 0 0 0 0 0 0 0 0 0 0 0 0 0 0 0 53 56 68 76 84 95 105 107 107 107 107 106 105 105 104 104 104 104 104 103 103 102 102 102 101 100 100 100 100 100 102 104 101 101 101 98 84 0 0 0 0 0 0 0 0 0 0 0 0 0 61 66 69 68 76 
64 63 64 64 64 65 65 65 65 66 67 67 68 68 69 70 70 71 72 72 73 73 74 74 74 75 75 76 76 76 73 71 70 66 57 0 0 0 0 0 0 0 0 0 0 0 0 0 0 0 0 0 0 0 0 0 0 0 0 0 0 0 0 0 0 0 0 0 45 62 74 80 85 95 98 98 97 95 95 96 97 92 88 87 81 77 79 82 0 0 0 0 0 0 0 0 0 0 55 221 201 217 225 254 178 198 126 0 0 0 0 0 0 0 0 0 0 0 0 0 0 66 64 73 81 87 96 105 107 107 107 106 106 105 105 104 105 104 104 104 103 103 102 102 101 101 100 100 99 100 100 101 104 101 100 100 98 83 0 0 0 0 0 0 0 0 0 0 0 0 0 61 65 69 74 79 
65 65 64 64 64 64 65 65 65 66 67 67 67 68 69 69 70 71 71 72 72 72 73 74 74 74 75 76 76 76 73 72 70 66 58 0 0 0 0 0 0 0 0 0 0 0 0 0 0 0 0 0 0 0 0 0 0 0 0 0 0 0 0 0 0 0 0 0 47 65 74 81 87 98 101 101 100 97 96 96 97 92 90 90 83 80 83 82 0 0 0 0 0 0 0 0 0 0 54 254 241 250 268 290 189 193 128 46 0 0 0 0 0 0 0 0 0 0 0 0 84 78 72 79 85 89 96 105 107 107 107 106 106 105 105 104 105 104 104 103 102 102 101 101 101 101 100 100 100 99 99 101 103 100 99 99 97 82 0 0 0 0 0 0 0 0 0 0 0 0 0 61 65 69 69 78 
62 65 64 64 64 64 64 65 65 66 67 67 67 68 68 69 70 71 71 72 72 72 73 74 74 74 75 75 76 76 73 72 70 67 59 0 0 0 0 0 0 0 0 0 0 0 0 0 0 0 0 0 0 0 0 0 0 0 0 0 0 0 0 0 0 0 0 0 46 64 73 81 88 100 102 103 101 97 96 97 97 92 90 91 84 80 84 84 0 0 0 0 0 0 0 0 0 0 54 258 264 315 313 323 230 220 103 45 44 0 0 0 0 0 0 0 0 0 0 0 79 77 72 79 85 90 96 105 107 107 107 106 106 105 105 105 104 104 103 103 102 101 100 100 100 99 99 99 98 98 98 99 102 98 98 98 96 82 0 0 0 0 0 0 0 0 0 0 0 0 0 62 65 69 69 80 
64 60 64 64 64 64 65 65 65 66 67 67 67 68 69 69 70 70 71 71 72 73 73 74 75 75 75 75 76 76 72 72 70 66 58 0 0 0 0 0 0 0 0 0 0 0 0 0 0 0 0 0 0 0 0 0 0 0 0 0 0 0 0 0 0 0 0 0 46 65 74 81 88 100 102 103 102 97 96 96 97 92 89 93 86 83 88 91 0 0 0 0 0 0 0 0 0 0 56 268 260 318 315 298 202 200 95 45 44 0 0 0 0 0 0 0 0 0 0 0 89 81 75 81 86 89 96 105 107 107 107 106 106 106 105 105 104 103 102 100 99 98 96 95 95 94 94 94 94 94 95 96 98 94 94 93 90 76 0 0 0 0 0 0 0 0 0 0 0 0 58 61 64 68 75 75 
63 65 63 63 63 64 64 65 66 66 66 67 67 68 69 69 70 70 71 71 72 72 73 73 74 74 75 75 76 76 73 72 70 67 59 0 0 0 0 0 0 0 0 0 0 0 0 0 0 0 0 0 0 0 0 0 0 0 0 0 0 0 0 0 0 0 0 0 46 65 74 80 88 99 102 102 102 97 96 96 97 92 88 91 84 80 84 91 0 0 0 0 0 0 0 0 0 0 55 256 234 264 264 250 165 165 93 46 44 0 0 0 0 0 0 0 0 0 0 0 0 81 74 81 87 89 96 105 107 107 107 107 106 106 105 104 102 99 96 93 90 90 87 88 87 88 88 88 89 89 89 88 90 87 88 87 86 74 0 0 0 0 0 0 0 0 0 0 0 0 59 61 64 68 69 79 
66 65 63 63 64 64 65 65 66 66 67 67 67 68 68 68 69 70 71 71 72 72 72 73 74 74 75 75 76 76 73 72 71 68 60 0 0 0 0 0 0 0 0 0 0 0 0 0 0 0 0 0 0 0 0 0 0 0 0 0 0 0 0 0 0 0 0 0 45 64 73 80 86 98 100 101 101 98 96 96 97 92 85 84 77 69 68 0 0 0 0 0 0 0 0 0 0 0 0 180 164 210 192 184 147 149 73 45 42 0 0 0 0 0 0 0 0 0 0 0 0 69 66 75 83 87 96 105 107 107 107 107 106 105 103 100 98 95 92 89 87 86 84 84 83 85 85 85 86 86 86 85 87 84 85 84 83 0 0 0 0 0 0 0 0 0 0 0 0 0 61 62 65 68 71 79 
60 58 64 64 64 64 64 64 65 66 66 67 67 68 68 68 70 71 72 72 73 73 73 73 74 74 75 75 76 76 73 72 71 67 60 0 0 0 0 0 0 0 0 0 0 0 0 0 0 0 0 0 0 0 0 0 0 0 0 0 0 0 0 0 0 0 0 0 45 64 73 79 84 95 97 98 98 96 95 96 96 91 83 79 73 62 55 0 0 0 0 0 0 0 0 0 0 0 0 0 121 188 153 148 139 138 57 44 0 0 0 0 0 0 0 0 0 0 0 0 0 52 56 69 78 84 95 105 107 106 106 106 106 104 100 96 93 88 83 81 78 76 74 74 73 74 75 77 80 81 81 80 82 80 81 80 80 0 0 0 0 0 0 0 0 0 0 0 0 0 61 62 64 67 76 78 
66 62 64 64 64 64 65 65 66 67 67 67 68 68 68 69 70 71 71 72 73 73 73 73 74 75 75 76 76 76 73 72 70 68 60 0 0 0 0 0 0 0 0 0 0 0 0 0 0 0 0 0 0 0 0 0 0 0 0 0 0 0 0 0 0 0 0 0 44 64 73 78 82 93 96 96 97 96 95 96 96 91 83 80 74 63 55 0 0 0 0 0 0 0 0 0 0 0 0 0 69 104 95 92 92 96 70 0 0 0 0 0 0 0 0 0 0 0 0 0 0 48 53 68 78 83 95 105 106 107 107 107 105 101 96 92 86 79 76 75 73 73 72 70 67 66 65 65 67 67 67 65 67 66 67 66 0 0 0 0 0 0 0 0 0 0 0 0 0 62 61 62 64 67 64 81 
62 64 64 64 64 64 65 65 65 66 67 67 68 68 68 69 69 70 71 71 72 72 73 73 73 74 75 75 76 76 73 72 71 68 61 0 0 0 0 0 0 0 0 0 0 0 0 0 0 0 0 0 0 0 0 0 0 0 0 0 0 0 0 0 0 0 0 0 43 63 72 77 81 92 95 95 96 96 95 95 95 90 82 79 73 61 54 0 0 0 0 0 0 0 0 0 0 0 0 0 0 95 93 88 88 93 81 0 0 0 0 0 0 0 0 0 0 0 0 0 0 48 53 68 78 83 95 104 106 106 106 105 102 98 93 86 79 73 72 74 75 76 74 71 67 63 56 56 60 62 64 63 64 63 64 61 0 0 0 0 0 0 0 0 0 0 0 0 0 61 61 62 64 67 67 78 
61 66 64 64 65 64 65 65 65 66 66 67 68 68 69 69 69 70 71 71 72 72 73 73 74 74 75 75 76 76 73 72 71 68 61 0 0 0 0 0 0 0 0 0 0 0 0 0 0 0 0 0 0 0 0 0 0 0 0 0 0 0 0 0 0 0 0 0 42 62 72 77 80 92 94 95 95 95 95 95 95 90 81 78 72 60 53 0 0 0 0 0 0 0 0 0 0 0 0 0 0 78 85 79 79 81 80 0 0 0 0 0 0 0 0 0 0 0 0 0 0 47 52 66 76 82 94 103 105 105 105 105 100 95 88 80 73 73 76 83 86 85 82 78 74 66 62 67 74 74 77 75 75 74 72 0 0 0 0 0 0 0 0 0 0 0 0 0 0 61 61 62 63 66 69 82 
64 64 64 64 65 64 65 65 65 66 66 67 67 68 68 69 69 70 71 71 72 72 73 73 73 74 75 75 76 76 73 72 71 68 61 0 0 0 0 0 0 0 0 0 0 0 0 0 0 0 0 0 0 0 0 0 0 0 0 0 0 0 0 0 0 0 0 0 42 62 71 77 80 91 94 95 95 95 95 95 94 89 80 76 70 59 51 0 0 0 0 0 0 0 0 0 0 0 0 0 0 66 76 70 70 70 72 0 0 0 0 0 0 0 0 0 0 0 0 0 0 46 51 66 76 82 93 103 105 105 105 104 99 94 85 79 74 77 82 88 89 85 83 78 72 65 66 73 78 80 82 80 79 78 76 68 0 0 0 0 0 0 0 0 0 0 0 0 0 59 59 62 63 66 67 75 
63 64 64 65 65 64 65 65 65 66 66 67 67 68 68 69 69 70 71 71 72 72 73 73 73 73 74 75 75 75 73 72 71 68 63 0 0 0 0 0 0 0 0 0 0 0 0 0 0 0 0 0 0 0 0 0 0 0 0 0 0 0 0 0 0 0 0 0 41 61 71 76 79 90 93 94 95 95 95 95 94 88 79 75 69 57 49 0 0 0 0 0 0 0 0 0 0 0 0 0 0 0 68 63 63 63 66 52 0 0 0 0 0 0 0 0 0 0 0 0 0 45 51 66 75 81 93 103 104 104 104 102 97 91 84 78 76 82 89 93 95 90 87 81 74 68 72 77 81 83 84 82 81 80 78 71 0 0 0 0 0 0 0 0 0 0 0 0 0 59 60 62 64 67 64 80 
67 61 65 64 65 64 64 64 65 65 66 67 67 68 68 69 69 69 70 70 71 72 73 73 74 73 74 74 75 75 73 72 71 68 63 0 0 0 0 0 0 0 0 0 0 0 0 0 0 0 0 0 0 0 0 0 0 0 0 0 0 0 0 0 0 0 0 0 43 62 71 76 79 90 93 94 95 95 95 94 93 87 78 74 68 56 48 0 0 0 0 0 0 0 0 0 0 0 0 0 0 0 60 56 56 56 59 50 0 0 0 0 0 0 0 0 0 0 0 0 0 43 49 65 75 81 93 102 103 103 102 100 96 90 83 78 80 87 92 96 97 91 87 80 73 69 76 81 85 88 89 88 88 87 85 78 0 0 0 0 0 0 0 0 0 0 0 0 0 60 61 63 64 67 69 76 
65 65 64 64 65 64 64 65 66 66 67 67 68 68 68 69 69 69 70 70 71 72 72 73 74 74 74 75 76 75 73 73 71 68 64 0 0 0 0 0 0 0 0 0 0 0 0 0 0 0 0 0 0 0 0 0 0 0 0 0 0 0 0 0 0 0 0 0 42 61 71 76 79 90 93 94 94 95 95 94 93 87 78 74 67 55 47 0 0 0 0 0 0 0 0 0 0 0 0 0 0 0 55 54 54 54 57 54 0 0 0 0 0 0 0 0 0 0 0 0 0 41 48 64 74 80 92 102 103 103 102 99 96 88 81 79 82 87 93 98 96 90 87 80 73 73 82 84 88 91 93 91 90 89 87 80 0 0 0 0 0 0 0 0 0 0 0 0 0 60 61 63 64 67 76 76 
59 68 63 64 64 64 65 65 65 66 67 67 68 68 67 68 68 68 68 70 70 71 72 73 74 74 75 75 76 75 74 73 72 69 65 0 0 0 0 0 0 0 0 0 0 0 0 0 0 0 0 0 0 0 0 0 0 0 0 0 0 0 0 0 0 0 0 0 41 61 71 76 79 89 92 93 94 94 94 94 93 87 77 73 66 53 45 0 0 0 0 0 0 0 0 0 0 0 0 0 0 0 0 54 54 54 54 0 0 0 0 0 0 0 0 0 0 0 0 0 0 40 48 65 75 81 92 101 103 102 102 98 97 89 82 81 85 87 94 97 94 88 84 77 72 76 83 86 90 92 93 90 90 88 86 81 0 0 0 0 0 0 0 0 0 0 0 0 0 59 61 62 64 67 68 80 
59 59 63 64 64 64 64 65 65 65 67 67 67 67 67 67 67 67 67 68 70 71 72 73 74 74 75 75 76 75 74 73 72 69 66 0 0 0 0 0 0 0 0 0 0 0 0 0 0 0 0 0 0 0 0 0 0 0 0 0 0 0 0 0 0 0 0 0 41 63 72 77 80 89 91 92 92 92 93 93 92 86 77 72 65 53 44 0 0 0 0 0 0 0 0 0 0 0 0 0 0 0 0 0 0 0 0 0 0 0 0 0 0 0 0 0 0 0 0 0 0 40 49 65 75 81 92 101 102 101 101 97 96 87 80 78 81 84 89 93 90 86 80 74 72 77 81 85 89 89 90 87 87 87 85 80 0 0 0 0 0 0 0 0 0 0 0 0 0 60 62 62 64 67 70 79 
63 66 63 64 64 64 64 65 65 65 66 67 67 67 66 65 65 64 64 66 68 69 71 73 74 74 75 75 76 76 74 74 73 70 66 0 0 0 0 0 0 0 0 0 0 0 0 0 0 0 0 0 0 0 0 0 0 0 0 0 0 0 0 0 0 0 0 0 40 62 72 77 80 88 90 91 91 92 92 93 92 86 76 72 65 52 44 0 0 0 0 0 0 0 0 0 0 0 0 0 0 0 0 0 0 0 0 0 0 0 0 0 0 0 0 0 0 0 0 0 0 40 48 65 75 81 91 100 100 98 96 91 89 83 77 76 81 83 88 91 88 87 80 75 72 77 78 81 83 83 83 82 83 81 81 77 0 0 0 0 0 0 0 0 0 0 0 0 0 60 62 63 64 67 67 72 
67 64 63 64 65 65 65 65 65 65 66 66 66 66 64 63 63 62 61 64 67 68 70 73 73 74 75 76 76 76 74 74 73 71 67 0 0 0 0 0 0 0 0 0 0 0 0 0 0 0 0 0 0 0 0 0 0 0 0 0 0 0 0 0 0 0 0 0 38 61 71 76 79 88 90 90 90 91 91 92 92 85 75 71 63 50 42 0 0 0 0 0 0 0 0 0 0 0 0 0 0 0 0 0 0 0 0 0 0 0 0 0 0 0 0 0 0 0 0 0 0 40 48 64 74 80 90 97 97 95 92 88 87 82 76 75 80 82 85 89 86 85 77 74 71 76 77 79 81 81 80 79 81 79 79 75 0 0 0 0 0 0 0 0 0 0 0 0 0 60 61 62 64 66 71 76 
63 60 64 65 65 65 65 65 64 65 65 66 66 65 64 62 61 59 58 61 65 67 70 73 73 74 75 75 76 76 74 74 73 71 65 0 0 0 0 0 0 0 0 0 0 0 0 0 0 0 0 0 0 0 0 0 0 0 0 0 0 0 0 0 0 0 0 0 38 61 71 76 79 88 89 89 89 90 90 91 91 84 74 70 62 49 42 0 0 0 0 0 0 0 0 0 0 0 0 0 0 0 0 0 0 0 0 0 0 0 0 0 0 0 0 0 0 0 0 0 0 41 48 64 74 80 87 94 94 91 87 85 84 82 74 73 77 79 80 85 82 80 71 69 67 71 72 75 76 76 76 76 77 75 76 0 0 0 0 0 0 0 0 0 0 0 0 0 0 60 61 63 64 67 70 77 
64 60 64 65 65 65 65 64 64 65 65 66 66 65 64 62 62 60 59 62 65 66 70 73 73 74 74 75 75 76 73 73 72 70 63 0 0 0 0 0 0 0 0 0 0 0 0 0 0 0 0 0 0 0 0 0 0 0 0 0 0 0 0 0 0 0 0 0 0 63 72 77 80 88 89 89 88 88 88 90 90 83 73 69 62 48 41 0 0 0 0 0 0 0 0 0 0 0 0 0 0 0 0 0 0 0 0 0 0 0 0 0 0 0 0 0 0 0 0 0 0 41 47 63 72 77 85 92 90 86 81 78 77 74 67 65 0 68 70 75 75 0 0 0 64 66 65 66 66 66 68 69 72 71 73 0 0 0 0 0 0 0 0 0 0 0 0 0 0 61 62 63 65 67 68 77 
68 65 64 65 66 66 65 65 64 64 65 66 66 66 65 64 64 62 61 63 66 67 70 72 73 74 74 74 75 76 74 73 72 71 63 0 0 0 0 0 0 0 0 0 0 0 0 0 0 0 0 0 0 0 0 0 0 0 0 0 0 0 0 0 0 0 0 0 0 63 72 77 80 87 88 89 88 88 88 90 90 83 73 68 61 48 40 0 0 0 0 0 0 0 0 0 0 0 0 0 0 0 0 0 0 0 0 0 0 0 0 0 0 0 0 0 0 0 0 0 0 40 49 64 74 77 83 89 86 79 70 64 61 0 0 0 0 0 0 0 0 0 0 0 0 0 0 0 0 0 53 57 0 0 0 0 0 0 0 0 0 0 0 0 0 0 0 0 0 60 62 63 65 67 67 79 
64 62 64 65 65 66 65 65 64 64 65 66 66 66 65 65 65 64 63 65 67 69 71 73 73 74 74 74 75 76 73 73 72 70 62 0 0 0 0 0 0 0 0 0 0 0 0 0 0 0 0 0 0 0 0 0 0 0 0 0 0 0 0 0 0 0 0 0 0 67 75 79 82 87 89 89 88 88 88 89 90 83 73 68 60 47 39 0 0 0 0 0 0 0 0 0 0 0 0 0 0 0 0 0 0 0 0 0 0 0 0 0 0 0 0 0 0 0 0 0 0 0 51 67 76 78 80 85 82 71 56 0 0 0 0 0 0 0 0 0 0 0 0 0 0 0 0 0 0 0 0 0 0 0 0 0 0 0 0 0 0 0 0 0 0 0 0 0 0 60 62 63 64 67 71 80 
67 61 64 64 65 65 65 65 64 64 64 66 66 66 66 66 66 66 66 67 68 70 72 73 73 73 74 74 75 75 73 72 71 69 61 0 0 0 0 0 0 0 0 0 0 0 0 0 0 0 0 0 0 0 0 0 0 0 0 0 0 0 0 0 0 0 0 0 0 70 77 80 83 86 88 88 89 88 88 89 90 83 72 68 60 47 39 0 0 0 0 0 0 0 0 0 0 0 0 0 0 0 0 0 0 0 0 0 0 0 0 0 0 0 0 0 0 0 0 0 0 0 54 70 79 80 80 85 83 71 0 0 0 0 0 0 0 0 0 0 0 0 0 0 0 0 0 0 0 0 0 0 0 0 0 0 0 0 0 0 0 0 0 0 0 0 0 0 0 60 62 63 65 68 71 79 
62 61 63 63 64 65 64 64 64 64 64 65 66 66 66 67 67 67 68 68 70 70 71 72 73 73 73 74 74 75 72 72 71 69 61 0 0 0 0 0 0 0 0 0 0 0 0 0 0 0 0 0 0 0 0 0 0 0 0 0 0 0 0 0 0 0 0 0 0 75 80 83 85 86 88 89 89 89 89 90 90 83 74 69 61 47 39 0 0 0 0 0 0 0 0 0 0 0 0 0 0 0 0 0 0 0 0 0 0 0 0 0 0 0 0 0 0 0 0 0 0 0 57 73 81 82 81 86 84 75 64 0 0 0 0 0 0 0 0 0 0 0 0 0 0 0 0 0 0 0 0 0 0 0 0 0 0 0 0 0 0 0 0 0 0 0 0 0 0 60 62 63 65 68 66 75 
61 63 63 63 63 64 63 63 63 63 63 64 65 65 65 66 66 67 68 68 70 71 71 72 72 72 73 73 74 75 73 72 72 69 62 0 0 0 0 0 0 0 0 0 0 0 0 0 0 0 0 0 0 0 0 0 0 0 0 0 0 0 0 0 0 0 0 0 0 75 79 82 84 85 87 88 89 89 89 90 90 83 75 71 63 49 0 0 0 0 0 0 0 0 0 0 0 0 0 0 0 0 0 0 0 0 0 0 0 0 0 0 0 0 0 0 0 0 0 0 0 0 63 77 84 85 83 87 85 78 71 0 0 0 0 0 0 0 0 0 0 0 0 0 0 0 0 0 0 0 0 0 0 0 0 0 0 0 0 0 0 0 0 0 0 0 0 0 0 59 61 62 64 67 76 81 
63 58 62 62 63 63 63 62 63 63 63 64 64 64 64 65 65 65 66 66 67 68 69 69 70 70 71 72 73 74 72 72 71 69 63 0 0 0 0 0 0 0 0 0 0 0 0 0 0 0 0 0 0 0 0 0 0 0 0 0 0 0 0 0 0 0 0 0 0 73 79 81 83 84 87 88 89 89 90 90 90 83 77 73 65 49 0 0 0 0 0 0 0 0 0 0 0 0 0 0 0 0 0 0 0 0 0 0 0 0 0 0 0 0 0 0 0 0 0 0 0 0 61 76 84 86 84 89 87 81 74 69 61 57 56 57 58 60 58 57 55 0 0 0 0 0 0 0 0 0 0 0 0 0 0 0 0 0 0 0 0 0 0 0 0 0 0 0 0 59 60 62 64 67 69 76 
0 0 62 62 62 62 62 61 62 62 63 64 65 64 64 64 65 65 66 66 67 68 68 69 70 70 69 70 71 71 69 69 68 66 60 0 0 0 0 0 0 0 0 0 0 0 0 0 0 0 0 0 0 0 0 0 0 0 0 0 0 0 0 0 0 0 0 0 0 72 79 81 82 83 87 87 88 89 89 89 89 82 78 75 68 53 0 0 0 0 0 0 0 0 0 0 0 0 0 0 0 0 0 0 0 0 0 0 0 0 0 0 0 0 0 0 0 0 0 0 0 0 61 76 83 87 87 92 90 87 82 77 73 72 71 71 73 73 71 70 68 67 65 0 0 0 0 0 0 0 0 0 0 0 0 0 0 0 0 0 0 0 0 0 0 0 0 0 0 60 61 62 64 68 66 80 
0 0 61 60 60 61 60 60 61 62 63 63 64 63 63 63 63 64 65 65 66 67 66 67 69 69 68 69 70 70 68 69 68 66 60 0 0 0 0 0 0 0 0 0 0 0 0 0 0 0 0 0 0 0 0 0 0 0 0 0 0 0 0 0 0 0 0 0 0 70 76 79 80 81 84 85 85 86 87 87 87 81 79 76 71 56 0 0 0 0 0 0 0 0 0 0 0 0 0 0 0 0 0 0 0 0 0 0 0 0 0 0 0 0 0 0 0 0 0 0 0 0 61 75 82 85 86 91 90 88 84 80 76 75 73 72 73 72 71 69 67 66 64 62 0 0 0 0 0 0 0 0 0 0 0 0 0 0 0 0 0 0 0 0 0 0 0 0 0 61 61 62 64 68 72 79 
0 0 0 0 0 0 58 58 59 60 61 62 62 62 62 62 63 64 64 64 65 65 66 65 67 67 66 68 68 68 66 67 66 65 0 0 0 0 0 0 0 0 0 0 0 0 0 0 0 0 0 0 0 0 0 0 0 0 0 0 0 0 0 0 0 0 0 0 0 69 72 75 75 75 76 78 77 77 78 78 77 73 73 71 68 57 0 0 0 0 0 0 0 0 0 0 0 0 0 0 0 0 0 0 0 0 0 0 0 0 0 0 0 0 0 0 0 0 0 0 0 0 58 70 76 78 80 84 83 81 78 75 72 71 70 71 71 72 71 69 67 66 64 62 0 0 0 0 0 0 0 0 0 0 0 0 0 0 0 0 0 0 0 0 0 0 0 0 62 62 61 63 65 68 73 82 
0 0 0 0 0 0 0 0 0 0 0 0 0 0 0 0 0 61 60 61 61 60 61 61 63 64 62 64 64 64 63 64 63 63 0 0 0 0 0 0 0 0 0 0 0 0 0 0 0 0 0 0 0 0 0 0 0 0 0 0 0 0 0 0 0 0 0 0 0 0 70 74 73 73 74 76 74 75 75 75 74 71 71 69 67 0 0 0 0 0 0 0 0 0 0 0 0 0 0 0 0 0 0 0 0 0 0 0 0 0 0 0 0 0 0 0 0 0 0 0 0 0 57 69 73 76 77 82 82 81 78 76 72 71 70 71 71 72 71 69 67 66 64 62 0 0 0 0 0 0 0 0 0 0 0 0 0 0 0 0 0 0 0 0 0 0 0 0 64 63 63 64 66 69 78 77 
0 0 0 0 0 0 0 0 0 0 0 0 0 0 0 0 0 0 0 0 0 0 0 0 0 0 0 0 0 0 54 0 0 0 0 0 0 0 0 0 0 0 0 0 0 0 0 0 0 0 0 0 0 0 0 0 0 0 0 0 0 0 0 0 0 0 0 0 0 0 67 71 70 69 69 72 69 70 70 70 69 68 67 67 66 0 0 0 0 0 0 0 0 0 0 0 0 0 0 0 0 0 0 0 0 0 0 0 0 0 0 0 0 0 0 0 0 0 0 0 0 0 0 66 70 72 73 78 78 79 78 78 76 76 76 77 77 78 77 75 71 70 68 65 0 0 0 0 0 0 0 0 0 0 0 0 0 0 0 0 0 0 0 0 0 0 0 0 65 64 63 65 66 69 69 81 
0 0 0 0 0 0 0 0 0 0 0 0 0 0 0 0 0 0 0 0 0 0 0 0 0 0 0 0 0 0 0 0 0 0 0 0 0 0 0 0 0 0 0 0 0 0 0 0 0 0 0 0 0 0 0 0 0 0 0 0 0 0 0 0 0 0 0 0 0 0 0 64 62 60 60 63 60 61 62 62 60 60 60 60 0 0 0 0 0 0 0 0 0 0 0 0 0 0 0 0 0 0 0 0 0 0 0 0 0 0 0 0 0 0 0 0 0 0 0 0 0 0 0 61 64 65 66 70 70 71 70 71 70 70 70 71 69 70 69 67 64 63 0 0 0 0 56 56 56 56 0 0 0 0 0 0 0 0 0 0 0 0 0 0 0 0 0 0 64 63 63 64 66 69 72 77 
0 0 0 0 0 0 0 0 0 0 0 0 0 0 0 0 0 0 0 0 0 0 0 0 0 0 0 0 0 0 0 0 0 0 0 0 0 0 0 0 0 0 0 0 0 0 0 0 0 0 0 0 0 0 0 0 0 0 0 0 0 0 0 0 0 0 0 0 0 0 0 0 0 0 39 0 39 40 40 39 40 40 0 0 0 0 0 0 0 0 0 0 0 0 0 0 0 0 0 0 0 0 0 0 0 0 0 0 0 0 0 0 0 0 0 0 0 0 0 0 0 0 0 0 0 50 52 52 53 54 53 52 53 0 0 0 0 0 0 0 0 0 0 0 0 0 54 54 54 54 56 0 0 0 0 0 0 0 0 0 0 0 0 0 0 0 0 0 65 64 64 65 66 69 72 79 
0 0 0 0 0 0 0 0 0 0 0 0 0 0 0 0 0 0 0 0 0 0 0 0 0 0 0 0 0 0 0 0 0 0 0 0 0 0 0 0 0 0 0 0 0 0 0 0 0 0 0 0 0 0 0 0 0 0 0 0 0 0 0 0 0 0 0 0 0 0 0 0 0 0 0 0 0 0 0 0 0 0 0 0 0 0 0 0 0 0 0 0 0 0 0 0 0 0 0 0 0 0 0 0 0 0 0 0 0 0 0 0 0 0 0 0 0 0 0 0 0 0 0 0 0 0 0 0 0 0 0 0 0 0 0 0 0 0 0 0 0 0 0 0 0 0 54 54 54 54 56 0 0 0 0 0 0 0 0 0 0 0 0 0 0 0 0 0 64 63 63 65 66 69 74 83 
0 0 0 0 0 0 0 0 0 0 0 0 0 0 0 0 0 0 0 0 0 0 0 0 0 0 0 0 0 0 0 0 0 0 0 0 0 0 0 0 0 0 0 0 0 0 0 0 0 0 0 0 0 0 0 0 0 0 0 0 0 0 0 0 0 0 0 0 0 0 0 0 0 0 0 0 0 0 0 0 0 0 0 0 0 0 0 0 0 0 0 0 0 0 0 0 0 0 0 0 0 0 0 0 0 0 0 0 0 0 0 0 0 0 0 0 0 0 0 0 0 0 0 0 0 0 0 0 0 0 0 0 0 0 0 0 0 0 0 0 0 0 0 0 0 0 54 54 54 54 0 0 0 0 0 0 0 0 0 0 0 0 0 0 0 0 0 0 61 61 62 64 66 69 71 77 
0 0 0 0 0 0 0 0 0 0 0 0 0 0 0 0 0 0 0 0 0 0 0 0 0 0 0 0 0 0 0 0 0 0 0 0 0 0 0 0 0 0 0 0 0 0 0 0 0 0 0 0 0 0 0 0 0 0 0 0 0 0 0 0 0 0 0 0 0 0 0 0 0 0 0 0 0 0 0 0 0 0 0 0 0 0 0 0 0 0 0 0 0 0 0 0 0 0 0 0 0 0 0 0 0 0 0 0 0 0 0 0 0 0 0 0 0 0 0 0 0 0 0 0 0 0 0 0 0 0 0 0 0 0 0 0 0 0 0 0 0 0 0 0 0 0 52 52 52 52 0 0 0 0 0 0 0 0 0 0 0 0 0 0 0 0 0 0 60 62 62 64 66 69 76 80 
0 0 0 0 0 0 0 0 0 0 0 0 0 0 0 0 0 0 0 0 0 0 0 0 0 0 0 0 0 0 0 0 0 0 0 0 0 0 0 0 0 0 0 0 0 0 0 0 0 0 0 0 0 0 0 0 0 0 0 0 0 0 0 0 0 0 0 0 0 0 0 0 0 0 0 0 0 0 0 0 0 0 0 0 0 0 0 0 0 0 0 0 0 0 0 0 0 0 0 0 0 0 0 0 0 0 0 0 0 0 0 0 0 0 0 0 0 0 0 0 0 0 0 0 0 0 0 0 0 0 0 0 0 0 0 0 0 0 0 0 0 0 0 0 0 0 0 0 0 0 0 0 0 0 0 0 0 0 0 0 0 0 0 0 0 0 0 0 0 62 62 64 66 69 73 71 
0 0 0 0 0 0 0 0 0 0 0 0 0 0 0 0 0 0 0 0 0 0 0 0 0 0 0 0 0 0 0 0 0 0 0 0 0 0 0 0 0 0 0 0 0 0 0 0 0 0 0 0 0 0 0 0 0 0 0 0 0 0 0 0 0 0 0 0 0 0 0 0 0 0 0 0 0 0 0 0 0 0 0 0 0 0 0 0 0 0 0 0 0 0 0 0 0 0 0 0 0 0 0 0 0 0 0 0 0 0 0 0 0 0 0 0 0 0 0 0 0 0 0 0 0 0 0 0 0 0 0 0 0 0 0 0 0 0 0 0 0 0 0 0 0 0 0 0 0 0 0 0 0 0 0 0 0 0 0 0 0 0 0 0 0 0 0 0 0 61 61 63 65 69 69 80 
0 0 0 0 0 0 0 0 0 0 0 0 0 0 0 0 0 0 0 0 0 0 0 0 0 0 0 0 0 0 0 0 0 0 0 0 0 0 0 0 0 0 0 0 0 0 0 0 0 0 0 0 0 0 0 0 0 0 0 0 0 0 0 0 0 0 0 0 0 0 0 0 0 0 0 0 0 0 0 0 0 0 0 0 0 0 0 0 0 0 0 0 0 0 0 0 0 0 0 0 0 0 0 0 0 0 0 0 0 0 0 0 0 0 0 0 0 0 0 0 0 0 0 0 0 0 0 0 0 0 0 0 0 0 0 0 0 0 0 0 0 0 0 0 0 0 0 0 0 0 0 0 0 0 0 0 0 0 0 0 0 0 0 0 0 0 0 0 0 0 61 63 65 68 72 81 
0 0 0 0 0 0 0 0 0 0 0 0 0 0 0 0 0 0 0 0 0 0 0 0 0 0 0 0 0 0 0 0 0 0 0 0 0 0 0 0 0 0 0 0 0 0 0 0 0 0 0 0 0 0 0 0 0 0 0 0 0 0 0 0 0 0 0 0 0 0 0 0 0 0 0 0 0 0 0 0 0 0 0 0 0 0 0 0 0 0 0 0 0 0 0 0 0 0 0 0 0 0 0 0 0 0 0 0 0 0 0 0 0 0 0 0 0 0 0 0 0 0 0 0 0 0 0 0 0 0 0 0 0 0 0 0 0 0 0 0 0 0 0 0 0 0 0 0 0 0 0 0 0 0 0 0 0 0 0 0 0 0 0 0 0 0 0 0 0 0 0 66 66 69 61 66 
0 0 0 0 0 0 0 0 0 0 0 0 0 0 0 0 0 0 0 0 0 0 0 0 0 0 0 0 0 0 0 0 0 0 0 0 0 0 0 0 0 0 0 0 0 0 0 0 0 0 0 0 0 0 0 0 0 0 0 0 0 0 0 0 0 0 0 0 0 0 0 0 0 0 0 0 0 0 0 0 0 0 0 0 0 0 0 0 0 0 0 0 0 0 0 0 0 0 0 0 0 0 0 0 0 0 0 0 0 0 0 0 0 0 0 0 0 0 0 0 0 0 0 0 0 0 0 0 0 0 0 0 0 0 0 0 0 0 0 0 0 0 0 0 0 0 0 0 0 0 0 0 0 0 0 0 0 0 0 0 0 0 0 0 0 0 0 0 0 0 0 0 0 68 0 0 
0 0 0 0 0 0 0 0 0 0 0 0 0 0 0 0 0 0 0 0 0 0 0 0 0 0 0 0 0 0 0 0 0 0 0 0 0 0 0 0 0 0 0 0 0 0 0 0 0 0 0 0 0 0 0 0 0 0 0 0 0 0 0 0 0 0 0 0 0 0 0 0 0 0 0 0 0 0 0 0 0 0 0 0 0 0 0 0 0 0 0 0 0 0 0 0 0 0 0 0 0 0 0 0 0 0 0 0 0 0 0 0 0 0 0 0 0 0 0 0 0 0 0 0 0 0 0 0 0 0 0 0 0 0 0 0 0 0 0 0 0 0 0 0 0 0 0 0 0 0 0 0 0 0 0 0 0 0 0 0 0 0 0 0 0 0 0 0 0 0 0 0 0 0 0 0 
0 0 0 0 0 0 0 0 0 0 0 0 0 0 0 0 0 0 0 0 0 0 0 0 0 0 0 0 0 0 0 0 0 0 0 0 0 0 0 0 0 0 0 0 0 0 0 0 0 0 0 0 0 0 0 0 0 0 0 0 0 0 0 0 0 0 0 0 0 0 0 0 0 0 0 0 0 0 0 0 0 0 0 0 0 0 0 0 0 0 0 0 0 0 0 0 0 0 0 0 0 0 0 0 0 0 0 0 0 0 0 0 0 0 0 0 0 0 0 0 0 0 0 0 0 0 0 0 0 0 0 0 0 0 0 0 0 0 0 0 0 0 0 0 0 0 0 0 0 0 0 0 0 0 0 0 0 0 0 0 0 0 0 0 0 0 0 0 0 0 0 0 0 0 0 0 
0 0 0 0 0 0 0 0 0 0 0 0 0 0 0 0 0 0 0 0 0 0 0 0 0 0 0 0 0 0 0 0 0 0 0 0 0 0 0 0 0 0 0 0 0 0 0 0 0 0 0 0 0 0 0 0 0 0 0 0 0 0 0 0 0 0 0 0 0 0 0 0 0 0 0 0 0 0 0 0 0 0 0 0 0 0 0 0 0 0 0 0 0 0 0 0 0 0 0 0 0 0 0 0 0 0 0 0 0 0 0 0 0 0 0 0 0 0 0 0 0 0 0 0 0 0 0 0 0 0 0 0 0 0 0 0 0 0 0 0 0 0 0 0 0 0 0 0 0 0 0 0 0 0 0 0 0 0 0 0 0 0 0 0 0 0 0 0 0 0 0 0 0 0 0 0 
0 0 0 0 0 0 0 0 0 0 0 0 0 0 0 0 0 0 0 0 0 0 0 0 0 0 0 0 0 0 0 0 0 0 0 0 0 0 0 0 0 0 0 0 0 0 0 0 0 0 0 0 0 0 0 0 0 0 0 0 0 0 0 0 0 0 0 0 0 0 0 0 0 0 0 0 0 0 0 0 0 0 0 0 0 0 0 0 0 0 0 0 0 0 0 0 0 0 0 0 0 0 0 0 0 0 0 0 0 0 0 0 0 0 0 0 0 0 0 0 0 0 0 0 0 0 0 0 0 0 0 0 0 0 0 0 0 0 0 0 0 0 0 0 0 0 0 0 0 0 0 0 0 0 0 0 0 0 0 0 0 0 0 0 0 0 0 0 0 0 0 0 0 0 0 0 
0 0 0 0 0 0 0 0 0 0 0 0 0 0 0 0 0 0 0 0 0 0 0 0 0 0 0 0 0 0 0 0 0 0 0 0 0 0 0 0 0 0 0 0 0 0 0 0 0 0 0 0 0 0 0 0 0 0 0 0 0 0 0 0 0 0 0 0 0 0 0 0 0 0 0 0 0 0 0 0 0 0 0 0 0 0 0 0 0 0 0 0 0 0 0 0 0 0 0 0 0 0 0 0 0 0 0 0 0 0 0 0 0 0 0 0 0 0 0 0 0 0 0 0 0 0 0 0 0 0 0 0 0 0 0 0 0 0 0 0 0 0 0 0 0 0 0 0 0 0 0 0 0 0 0 0 0 0 0 0 0 0 0 0 0 0 0 0 0 0 0 0 0 0 0 0 
0 0 0 0 0 0 0 0 0 0 0 0 0 0 0 0 0 0 0 0 0 0 0 0 0 0 0 0 0 0 0 0 0 0 0 0 0 0 0 0 0 0 0 0 0 0 0 0 0 0 0 0 0 0 0 0 0 0 0 0 0 0 0 0 0 0 0 0 0 0 0 0 0 0 0 0 0 0 0 0 0 0 0 0 0 0 0 0 0 0 0 0 0 0 0 0 0 0 0 0 0 0 0 0 0 0 0 0 0 0 0 0 0 0 0 0 0 0 0 0 0 0 0 0 0 0 0 0 0 0 0 0 0 0 0 0 0 0 0 0 0 0 0 0 0 0 0 0 0 0 0 0 0 0 0 0 0 0 0 0 0 0 0 0 0 0 0 0 0 0 0 0 0 0 0 0 
0 0 0 0 0 0 0 0 0 0 0 0 0 0 0 0 0 0 0 0 0 0 0 0 0 0 0 0 0 0 0 0 0 0 0 0 0 0 0 0 0 0 0 0 0 0 0 0 0 0 0 0 0 0 0 0 0 0 0 0 0 0 0 0 0 0 0 0 0 0 0 0 0 0 0 0 0 0 0 0 0 0 0 0 0 0 0 0 0 0 0 0 0 0 0 0 0 0 0 0 0 0 0 0 0 0 0 0 0 0 0 0 0 0 0 0 0 0 0 0 0 0 0 0 0 0 0 0 0 0 0 0 0 0 0 0 0 0 0 0 0 0 0 0 0 0 0 0 0 0 0 0 0 0 0 0 0 0 0 0 0 0 0 0 0 0 0 0 0 0 0 0 0 0 0 0 
0 0 0 0 0 0 0 0 0 0 0 0 0 0 0 0 0 0 0 0 0 0 0 0 0 0 0 0 0 0 0 0 0 0 0 0 0 0 0 0 0 0 0 0 0 0 0 0 0 0 0 0 0 0 0 0 0 0 0 0 0 0 0 0 0 0 0 0 0 0 0 0 0 0 0 0 0 0 0 0 0 0 0 0 0 0 0 0 0 0 0 0 0 0 0 0 0 0 0 0 0 0 0 0 0 0 0 0 0 0 0 0 0 0 0 0 0 0 0 0 0 0 0 0 0 0 0 0 0 0 0 0 0 0 0 0 0 0 0 0 0 0 0 0 0 0 0 0 0 0 0 0 0 0 0 0 0 0 0 0 0 0 0 0 0 0 0 0 0 0 0 0 0 0 0 0 
0 0 0 0 0 0 0 0 0 0 0 0 0 0 0 0 0 0 0 0 0 0 0 0 0 0 0 0 0 0 0 0 0 0 0 0 0 0 0 0 0 0 0 0 0 0 0 0 0 0 0 0 0 0 0 0 0 0 0 0 0 0 0 0 0 0 0 0 0 0 0 0 0 0 0 0 0 0 0 0 0 0 0 0 0 0 0 0 0 0 0 0 0 0 0 0 0 0 0 0 0 0 0 0 0 0 0 0 0 0 0 0 0 0 0 0 0 0 0 0 0 0 0 0 0 0 0 0 0 0 0 0 0 0 0 0 0 0 0 0 0 0 0 0 0 0 0 0 0 0 0 0 0 0 0 0 0 0 0 0 0 0 0 0 0 0 0 0 0 0 0 0 0 0 0 0 
0 0 0 0 0 0 0 0 0 0 0 0 0 0 0 0 0 0 0 0 0 0 0 0 0 0 0 0 0 0 0 0 0 0 0 0 0 0 0 0 0 0 0 0 0 0 0 0 0 0 0 0 0 0 0 0 0 0 0 0 0 0 0 0 0 0 0 0 0 0 0 0 0 0 0 0 0 0 0 0 0 0 0 0 0 0 0 0 0 0 0 0 0 0 0 0 0 0 0 0 0 0 0 0 0 0 0 0 0 0 0 0 0 0 0 0 0 0 0 0 0 0 0 0 0 0 0 0 0 0 0 0 0 0 0 0 0 0 0 0 0 0 0 0 0 0 0 0 0 0 0 0 0 0 0 0 0 0 0 0 0 0 0 0 0 0 0 0 0 0 0 0 0 0 0 0 
0 0 0 0 0 0 0 0 0 0 0 0 0 0 0 0 0 0 0 0 0 0 0 0 0 0 0 0 0 0 0 0 0 0 0 0 0 0 0 0 0 0 0 0 0 0 0 0 0 0 0 0 0 0 0 0 0 0 0 0 0 0 0 0 0 0 0 0 0 0 0 0 0 0 0 0 0 0 0 0 0 0 0 0 0 0 0 0 0 0 0 0 0 0 0 0 0 0 0 0 0 0 0 0 0 0 0 0 0 0 0 0 0 0 0 0 0 0 0 0 0 0 0 0 0 0 0 0 0 0 0 0 0 0 0 0 0 0 0 0 0 0 0 0 0 0 0 0 0 0 0 0 0 0 0 0 0 0 0 0 0 0 0 0 0 0 0 0 0 0 0 0 0 0 0 0 
0 0 0 0 0 0 0 0 0 0 0 0 0 0 0 0 0 0 0 0 0 0 0 0 0 0 0 0 0 0 0 0 0 0 0 0 0 0 0 0 0 0 0 0 0 0 0 0 0 0 0 0 0 0 0 0 0 0 0 0 0 0 0 0 0 0 0 0 0 0 0 0 0 0 0 0 0 0 0 0 0 0 0 0 0 0 0 0 0 0 0 0 0 0 0 0 0 0 0 0 0 0 0 0 0 0 0 0 0 0 0 0 0 0 0 0 0 0 0 0 0 0 0 0 0 0 0 0 0 0 0 0 0 0 0 0 0 0 0 0 0 0 0 0 0 0 0 0 0 0 0 0 0 0 0 0 0 0 0 0 0 0 0 0 0 0 0 0 0 0 0 0 0 0 0 65 
0 0 0 0 0 0 0 0 0 0 0 0 0 0 0 0 0 0 0 0 0 0 0 0 0 0 0 0 0 0 0 0 0 0 0 0 0 0 0 0 0 0 0 0 0 0 0 0 0 0 0 0 0 0 0 0 0 0 0 0 0 0 0 0 0 0 0 0 0 0 0 0 0 0 0 0 0 0 0 0 0 0 0 0 0 0 0 0 0 0 0 0 0 0 0 0 0 0 0 0 0 0 0 0 0 0 0 0 0 0 0 0 0 0 0 0 0 0 0 0 0 0 0 0 0 0 0 0 0 0 0 0 0 0 0 0 0 0 0 0 0 0 0 0 0 0 0 0 0 0 0 0 0 0 0 0 0 0 0 0 0 0 0 0 0 0 0 0 0 0 0 0 0 0 0 0 
0 0 0 0 0 0 0 0 0 0 0 0 0 0 0 0 0 0 0 0 0 0 0 0 0 0 0 0 0 0 0 0 0 0 0 0 0 0 0 0 0 0 0 0 0 0 0 0 0 0 0 0 0 0 0 0 0 0 0 0 0 0 0 0 0 0 0 0 0 0 0 0 0 0 0 0 0 0 0 0 0 0 0 0 0 0 0 0 0 0 0 0 0 0 0 0 0 0 0 0 0 0 0 0 0 0 0 0 0 0 0 0 0 0 0 0 0 0 0 0 0 0 0 0 0 0 0 0 0 0 0 0 0 0 0 0 0 0 0 0 0 0 0 0 0 0 0 0 0 0 0 0 0 0 0 0 0 0 0 0 0 0 0 0 0 0 0 0 0 0 0 0 0 0 0 0 
0 0 0 0 0 0 0 0 0 0 0 0 0 0 0 0 0 0 0 0 0 0 0 0 0 0 0 0 0 0 0 0 0 0 0 0 0 0 0 0 0 0 0 0 0 0 0 0 0 0 0 0 0 0 0 0 0 0 0 0 0 0 0 0 0 0 0 0 0 0 0 0 0 0 0 0 0 0 0 0 0 0 0 0 0 0 0 0 0 0 0 0 0 0 0 0 0 0 0 0 0 0 0 0 0 0 0 0 0 0 0 0 0 0 0 0 0 0 0 0 0 0 0 0 0 0 0 0 0 0 0 0 0 0 0 0 0 0 0 0 0 0 0 0 0 0 0 0 0 0 0 0 0 0 0 0 0 0 0 0 0 0 0 0 0 0 0 0 0 0 0 0 0 0 0 0 
0 0 0 0 0 0 0 0 0 0 0 0 0 0 0 0 0 0 0 0 0 0 0 0 0 0 0 0 0 0 0 0 0 0 0 0 0 0 0 0 0 0 0 0 0 0 0 0 0 0 0 0 0 0 0 0 0 0 0 0 0 0 0 0 0 0 0 0 0 0 0 0 0 0 0 0 0 0 0 0 0 0 0 0 0 0 0 0 0 0 0 0 0 0 0 0 0 0 0 0 0 0 0 0 0 0 0 0 0 0 0 0 0 0 0 0 0 0 0 0 0 0 0 0 0 0 0 0 0 0 0 0 0 0 0 0 0 0 0 0 0 0 0 0 0 0 0 0 0 0 0 0 0 0 0 0 0 0 0 0 0 0 0 0 0 0 0 0 0 0 0 0 0 0 0 0 
0 0 0 0 0 0 0 0 0 0 0 0 0 0 0 0 0 0 0 0 0 0 0 0 0 0 0 0 0 0 0 0 0 0 0 0 0 0 0 0 0 0 0 0 0 0 0 0 0 0 0 0 0 0 0 0 0 0 0 0 0 0 0 0 0 0 0 0 0 0 0 0 0 0 0 0 0 0 0 0 0 0 0 0 0 0 0 0 0 0 0 0 0 0 0 0 0 0 0 0 0 0 0 0 0 0 0 0 0 0 0 0 0 0 0 0 0 0 0 0 0 0 0 0 0 0 0 0 0 0 0 0 0 0 0 0 0 0 0 0 0 0 0 0 0 0 0 0 0 0 0 0 0 0 0 0 0 0 0 0 0 0 0 0 0 0 0 0 0 0 0 0 0 0 0 0 
0 0 0 0 0 0 0 0 0 0 0 0 0 0 0 0 0 0 0 0 0 0 0 0 0 0 0 0 0 0 0 0 0 0 0 0 0 0 0 0 0 0 0 0 0 0 0 0 0 0 0 0 0 0 0 0 0 0 0 0 0 0 0 0 0 0 0 0 0 0 0 0 0 0 0 0 0 0 0 0 0 0 0 0 0 0 0 0 0 0 0 0 0 0 0 0 0 0 0 0 0 0 0 0 0 0 0 0 0 0 0 0 0 0 0 0 0 0 0 0 0 0 0 0 0 0 0 0 0 0 0 0 0 0 0 0 0 0 0 0 0 0 0 0 0 0 0 0 0 0 0 0 0 0 0 0 0 0 0 0 0 0 0 0 0 0 0 0 0 0 0 0 0 0 0 0 
0 0 0 0 0 0 0 0 0 0 0 0 0 0 0 0 0 0 0 0 0 0 0 0 0 0 0 0 0 0 0 0 0 0 0 0 0 0 0 0 0 0 0 0 0 0 0 0 0 0 0 0 0 0 0 0 0 0 0 0 0 0 0 0 0 0 0 0 0 0 0 0 0 0 0 0 0 0 0 0 0 0 0 0 0 0 0 0 0 0 0 0 0 0 0 0 0 0 0 0 0 0 0 0 0 0 0 0 0 0 0 0 0 0 0 0 0 0 0 0 0 0 0 0 0 0 0 0 0 0 0 0 0 0 0 0 0 0 0 0 0 0 0 0 0 0 0 0 0 0 0 0 0 0 0 0 0 0 0 0 0 0 0 0 0 0 0 0 0 0 0 0 0 0 0 0 
0 0 0 0 0 0 0 0 0 0 0 0 0 0 0 0 0 0 0 0 0 0 0 0 0 0 0 0 0 0 0 0 0 0 0 0 0 0 0 0 0 0 0 0 0 0 0 0 0 0 0 0 0 0 0 0 0 0 0 0 0 0 0 0 0 0 0 0 0 0 0 0 0 0 0 0 0 0 0 0 0 0 0 0 0 0 0 0 0 0 0 0 0 0 0 0 0 0 0 0 0 0 0 0 0 0 0 0 0 0 0 0 0 0 0 0 0 0 0 0 0 0 0 0 0 0 0 0 0 0 0 0 0 0 0 0 0 0 0 0 0 0 0 0 0 0 0 0 0 0 0 0 0 0 0 0 0 0 0 0 0 0 0 0 0 0 0 0 0 0 0 0 0 0 0 0 
0 0 0 0 0 0 0 0 0 0 0 0 0 0 0 0 0 0 0 0 0 0 0 0 0 0 0 0 0 0 0 0 0 0 0 0 0 0 0 0 0 0 0 0 0 0 0 0 0 0 0 0 0 0 0 0 0 0 0 0 0 0 0 0 0 0 0 0 0 0 0 0 0 0 0 0 0 0 0 0 0 0 0 0 0 0 0 0 0 0 0 0 0 0 0 0 0 0 0 0 0 0 0 0 0 0 0 0 0 0 0 0 0 0 0 0 0 0 0 0 0 0 0 0 0 0 0 0 0 0 0 0 0 0 0 0 0 0 0 0 0 0 0 0 0 0 0 0 0 0 0 0 0 0 0 0 0 0 0 0 0 0 0 0 0 0 0 0 0 0 0 0 0 0 0 0 
0 0 0 0 0 0 0 0 0 0 0 0 0 0 0 0 0 0 0 0 0 0 0 0 0 0 0 0 0 0 0 0 0 0 0 0 0 0 0 0 0 0 0 0 0 0 0 0 0 0 0 0 0 0 0 0 0 0 0 0 0 0 0 0 0 0 0 0 0 0 0 0 0 0 0 0 0 0 0 0 0 0 0 0 0 0 0 0 0 0 0 0 0 0 0 0 0 0 0 0 0 0 0 0 0 0 0 0 0 0 0 0 0 0 0 0 0 0 0 0 0 0 0 0 0 0 0 0 0 0 0 0 0 0 0 0 0 0 0 0 0 0 0 0 0 0 0 0 0 0 0 0 0 0 0 0 0 0 0 0 0 0 0 0 0 0 0 0 0 0 0 0 0 0 0 0 
0 0 0 0 0 0 0 0 0 0 0 0 0 0 0 0 0 0 0 0 0 0 0 0 0 0 0 0 0 0 0 0 0 0 0 0 0 0 0 0 0 0 0 0 0 0 0 0 0 0 0 0 0 0 0 0 0 0 0 0 0 0 0 0 0 0 0 0 0 0 0 0 0 0 0 0 0 0 0 0 0 0 0 0 0 0 0 0 0 0 0 0 0 0 0 0 0 0 0 0 0 0 0 0 0 0 0 0 0 0 0 0 0 0 0 0 0 0 0 0 0 0 0 0 0 0 0 0 0 0 0 0 0 0 0 0 0 0 0 0 0 0 0 0 0 0 0 0 0 0 0 0 0 0 0 0 0 0 0 0 0 0 0 0 0 0 0 0 0 0 0 0 0 0 0 0 
0 0 0 0 0 0 0 0 0 0 0 0 0 0 0 0 0 0 0 0 0 0 0 0 0 0 0 0 0 0 0 0 0 0 0 0 0 0 0 0 0 0 0 0 0 0 0 0 0 0 0 0 0 0 0 0 0 0 0 0 0 0 0 0 0 0 0 0 0 0 0 0 0 0 0 0 0 0 0 0 0 0 0 0 0 0 0 0 0 0 0 0 0 0 0 0 0 0 0 0 0 0 0 0 0 0 0 0 0 0 0 0 0 0 0 0 0 0 0 0 0 0 0 0 0 0 0 0 0 0 0 0 0 0 0 0 0 0 0 0 0 0 0 0 0 0 0 0 0 0 0 0 0 0 0 0 0 0 0 0 0 0 0 0 0 0 0 0 0 0 0 0 0 0 0 0 
0 0 0 0 0 0 0 0 0 0 0 0 0 0 0 0 0 0 0 0 0 0 0 0 0 0 0 0 0 0 0 0 0 0 0 0 0 0 0 0 0 0 0 0 0 0 0 0 0 0 0 0 0 0 0 0 0 0 0 0 0 0 0 0 0 0 0 0 0 0 0 0 0 0 0 0 0 0 0 0 0 0 0 0 0 0 0 0 0 0 0 0 0 0 0 0 0 0 0 0 0 0 0 0 0 0 0 0 0 0 0 0 0 0 0 0 0 0 0 0 0 0 0 0 0 0 0 0 0 0 0 0 0 0 0 0 0 0 0 0 0 0 0 0 0 0 0 0 0 0 0 0 0 0 0 0 0 0 0 0 0 0 0 0 0 0 0 0 0 0 0 0 0 0 0 0 
