95 94 95 84 91 93 86 89 92 88 89 84 87 82 89 86 74 80 76 79 84 85 83 74 86 84 85 85 87 87 82 84 78 83 81 82 71 74 79 85 79 88 81 79 76 84 78 81 80 77 81 79 80 79 81 80 78 81 77 77 80 83 69 68 75 75 79 78 82 80 81 77 81 79 79 79 79 80 85 83 82 82 81 82 80 80 77 84 73 71 78 80 83 81 85 82 79 81 80 85 80 80 80 77 79 83 78 84 88 80 79 86 85 79 73 77 89 84 87 87 89 88 91 87 91 89 91 91 85 94 94 94 90 95 94 98 92 94 96 89 81 92 98 98 99 96 97 95 102 100 95 103 108 116 114 113 115 108 100 94 81 82 81 78 86 81 89 86 80 80 87 94 95 99 101 106 
86 87 87 85 90 81 93 86 85 84 88 75 78 82 75 83 78 79 79 84 83 86 80 86 75 86 87 87 82 83 87 83 80 84 80 81 81 78 69 76 78 77 82 77 83 82 81 77 78 78 80 75 84 76 77 82 78 78 72 80 80 72 78 62 73 76 84 82 77 76 79 80 83 82 84 79 85 79 80 80 81 81 80 80 78 76 79 77 71 70 76 82 80 81 84 85 80 73 81 81 78 77 78 80 81 84 84 76 86 83 83 85 84 79 68 81 89 91 90 93 80 91 89 88 88 88 87 87 91 90 95 94 89 93 87 94 95 96 90 85 91 98 103 97 95 96 99 96 99 100 100 100 104 108 106 108 105 110 85 79 78 81 80 84 75 86 73 73 74 88 90 86 97 90 96 105 
87 83 85 85 85 84 84 84 84 83 83 82 81 80 79 79 79 79 80 81 82 82 82 82 82 82 82 83 83 82 82 82 81 81 79 79 78 76 75 75 76 76 76 78 78 78 77 77 77 77 77 77 77 78 78 77 77 77 77 77 76 75 74 73 73 74 76 77 78 77 77 78 78 78 79 79 79 79 79 79 79 79 79 80 79 79 78 76 76 76 76 77 79 80 80 79 79 79 78 79 80 80 79 80 80 80 80 81 80 81 81 80 78 78 78 79 81 84 85 85 85 86 86 86 86 87 87 88 89 90 90 91 91 92 92 92 92 91 90 91 92 93 94 95 95 95 96 97 97 99 100 102 104 104 103 101 96 90 85 82 80 79 78 79 77 77 77 78 80 83 85 88 92 95 99 103 
85 82 83 83 83 83 82 82 82 82 81 81 80 78 78 77 77 78 79 80 81 82 82 81 81 81 81 81 81 81 80 80 80 80 79 78 77 76 74 73 73 73 74 76 77 77 77 77 76 76 76 76 76 76 76 76 76 76 75 75 75 75 74 73 74 74 75 77 77 77 77 78 79 79 80 80 80 80 80 80 80 81 81 81 82 82 81 80 79 79 79 80 81 82 82 82 82 81 81 81 82 82 83 83 83 83 82 83 82 83 83 81 80 79 80 80 83 85 85 85 85 85 85 85 85 86 86 87 87 88 88 89 89 90 90 90 89 89 89 90 91 92 93 94 94 94 95 97 98 99 100 101 102 101 98 94 89 84 80 79 78 78 77 78 76 75 74 76 78 81 84 86 91 94 105 98 
77 82 81 81 81 81 81 81 81 81 80 80 80 78 78 77 76 77 78 79 80 80 80 80 80 80 79 79 79 79 78 78 79 78 77 77 77 75 74 73 72 71 72 73 75 75 75 75 74 74 75 75 75 75 75 76 76 76 77 77 78 78 78 77 78 78 79 81 82 82 82 82 83 83 84 84 84 84 84 84 85 85 86 86 87 87 87 86 85 85 84 85 86 87 86 87 86 86 86 87 87 88 88 89 89 88 88 88 87 88 88 86 86 86 86 86 88 89 89 89 89 89 89 88 88 89 89 89 89 90 89 90 90 90 90 90 89 88 88 89 91 91 92 92 93 93 94 96 97 98 99 100 99 97 93 89 83 79 77 77 76 76 76 76 74 74 73 74 77 80 82 85 89 93 88 104 
80 80 80 80 79 79 79 79 79 80 80 79 79 78 77 76 75 75 76 76 77 78 78 78 78 78 77 77 77 76 76 76 77 76 75 76 76 74 74 73 73 72 73 74 75 76 76 76 76 77 77 78 78 79 79 79 80 80 81 82 82 82 82 82 83 83 84 85 86 86 86 87 87 88 88 88 88 88 89 89 89 90 90 91 91 91 92 91 91 91 90 90 91 91 91 92 91 91 91 92 92 93 93 93 93 92 92 92 92 93 93 92 92 92 92 93 94 94 94 94 93 93 93 93 93 94 93 94 94 94 94 94 95 95 94 93 92 92 91 92 93 93 93 93 94 94 95 96 97 98 99 99 97 93 88 84 79 76 75 75 75 75 74 74 74 73 71 72 76 78 80 83 87 91 105 101 
78 81 79 79 79 79 79 79 79 79 79 78 78 77 76 75 74 74 74 74 75 75 75 75 75 75 74 74 74 74 74 75 76 75 75 76 77 77 77 76 76 76 76 77 79 79 80 80 80 81 81 82 82 82 83 83 84 84 85 86 86 86 87 87 88 88 89 90 90 90 91 91 91 92 92 93 93 93 93 93 94 94 94 95 95 96 96 96 95 96 95 95 96 96 96 96 96 96 97 97 97 98 98 97 97 97 97 97 98 98 98 97 98 98 98 98 99 99 98 98 98 98 97 98 98 98 97 98 98 98 98 98 99 99 98 98 97 96 96 97 97 97 97 97 98 98 99 100 102 103 103 101 97 91 85 80 77 75 74 74 73 74 73 73 73 0 0 0 74 77 79 81 86 90 95 90 
78 82 78 78 78 77 77 77 77 76 77 77 76 76 75 74 73 73 72 72 72 72 72 73 73 74 74 74 75 75 75 76 78 77 78 79 80 80 81 80 80 80 81 81 83 84 84 85 84 85 85 86 86 87 87 88 88 88 89 90 90 90 91 92 93 93 94 95 95 95 96 96 96 97 97 98 98 98 99 99 99 99 99 99 100 100 101 100 100 100 100 101 101 101 101 102 102 102 102 103 102 102 103 103 103 103 103 103 103 103 103 103 104 104 104 104 105 105 104 105 104 104 104 104 104 104 103 103 103 103 103 103 103 104 103 102 102 101 101 101 101 101 101 102 102 102 103 105 106 107 107 103 98 91 84 78 75 74 73 72 72 72 72 72 0 0 0 0 72 75 77 80 85 89 98 93 
80 78 76 76 76 76 75 75 75 75 75 75 75 74 73 73 72 72 71 71 72 72 72 73 75 75 75 76 77 77 78 79 80 80 81 82 83 83 84 85 85 85 85 86 86 87 88 88 88 89 89 89 90 91 91 92 93 93 94 94 95 95 96 96 97 97 98 98 99 99 99 99 99 99 100 100 100 100 101 101 101 101 101 101 102 102 102 102 102 102 102 102 102 103 102 103 103 104 104 104 104 104 104 104 104 104 104 104 105 105 106 106 107 107 107 108 108 108 108 108 108 109 108 109 109 109 108 108 108 108 108 109 109 109 108 107 107 106 106 106 106 106 105 106 106 106 107 108 110 111 111 107 100 92 84 78 74 73 72 71 70 70 69 0 0 0 0 0 72 74 76 79 83 88 99 98 
72 71 75 75 75 75 74 73 73 73 73 73 73 73 73 73 72 73 73 73 74 74 75 76 77 77 77 78 79 80 81 82 83 83 83 84 86 86 87 88 89 89 90 90 91 92 92 92 92 93 93 93 94 95 95 95 96 95 96 96 96 96 96 97 97 97 98 98 98 98 98 99 98 99 99 99 99 100 100 100 100 100 100 100 101 101 101 101 102 101 101 102 102 102 102 102 102 103 103 104 103 104 103 103 103 103 103 104 104 104 105 105 106 106 106 106 107 107 108 108 108 109 108 109 109 110 109 110 110 110 111 111 112 112 111 111 111 110 110 110 110 110 110 110 110 110 111 112 114 116 115 110 103 95 85 77 74 72 71 69 69 68 0 0 0 0 0 0 70 72 75 78 81 86 104 100 
72 71 74 74 74 73 73 73 73 73 74 75 75 75 75 75 75 75 75 76 76 77 77 78 79 80 80 80 82 83 84 85 86 86 87 87 89 89 90 91 91 91 92 93 93 94 94 95 94 94 94 94 94 95 94 94 95 94 95 95 96 96 96 96 96 96 96 96 96 97 97 97 97 97 98 98 99 99 100 99 100 100 100 100 100 100 100 99 99 99 99 100 100 100 100 100 100 101 101 101 102 102 101 101 101 101 101 102 102 103 103 104 104 104 105 105 106 106 107 107 108 108 108 109 109 109 109 109 109 109 109 110 111 111 110 111 110 110 110 110 110 111 111 111 112 112 113 114 116 119 119 114 106 97 86 77 73 71 69 67 68 0 0 0 0 0 0 0 68 70 74 77 80 86 91 96 
71 71 73 73 73 73 73 74 74 74 75 76 76 76 77 77 77 77 77 78 79 80 80 82 83 84 84 84 86 87 87 88 89 88 88 89 90 90 91 91 91 91 92 92 93 93 93 94 93 93 93 92 93 93 92 92 93 92 92 93 93 92 92 92 91 91 91 91 91 91 92 92 93 94 95 97 98 98 99 98 98 99 99 98 97 96 95 93 94 93 93 93 93 93 93 93 93 93 93 94 95 94 94 95 94 94 95 96 96 98 98 99 99 99 99 99 99 99 100 101 102 103 103 104 106 107 108 108 108 108 108 109 109 109 109 109 109 109 109 109 109 109 109 110 110 111 112 114 115 118 118 114 107 99 88 78 73 70 68 67 0 0 0 0 0 0 0 0 67 70 73 75 79 84 88 89 
73 74 74 74 74 75 75 75 76 76 77 78 78 78 79 79 79 80 80 81 82 83 84 85 85 86 85 86 86 87 88 88 88 88 88 88 89 89 90 90 90 89 89 89 89 89 89 89 88 88 88 87 87 87 86 85 86 87 88 90 92 92 91 91 90 89 89 89 89 90 90 89 90 92 94 95 97 98 98 98 98 98 99 96 95 94 92 90 92 91 91 91 91 91 91 90 90 91 91 91 93 93 92 93 92 92 93 94 95 96 97 97 98 97 97 97 97 97 98 99 100 101 99 100 102 103 104 106 107 107 108 108 109 109 108 109 108 108 109 109 109 109 109 109 109 110 111 112 114 116 117 113 106 99 89 79 72 69 67 0 0 0 0 0 0 0 0 0 66 70 73 75 78 83 91 98 
74 73 76 76 76 76 77 78 78 78 79 79 80 81 81 82 82 82 82 83 83 84 84 85 85 85 85 85 86 86 87 87 87 87 86 86 86 85 85 84 84 84 84 85 87 88 88 88 87 87 87 86 86 86 84 83 84 84 86 88 90 90 89 89 88 88 87 87 87 88 88 85 86 89 91 93 97 98 98 98 98 98 98 94 93 91 88 85 89 88 88 88 88 87 87 86 87 87 87 88 90 90 89 90 89 90 91 92 93 94 94 95 95 95 94 94 94 95 95 96 97 98 96 96 99 100 102 105 107 107 107 108 108 108 108 109 108 108 108 109 109 109 108 108 108 109 110 111 112 114 114 111 104 99 90 79 71 68 0 0 0 0 0 0 0 0 0 0 65 71 74 76 78 83 86 97 
77 79 78 78 78 78 78 78 79 80 80 81 82 82 82 82 82 82 82 83 83 83 83 84 84 84 84 85 86 86 86 87 87 86 85 85 85 84 84 83 82 82 83 83 85 87 86 86 85 85 84 83 83 83 81 78 80 81 82 84 88 88 87 86 84 83 82 82 82 82 83 79 82 86 89 91 97 98 97 97 98 98 97 93 91 88 84 79 82 81 80 81 81 80 81 80 80 81 80 81 83 82 82 83 82 82 84 86 87 89 89 90 91 90 89 89 88 88 89 90 91 93 90 91 95 97 100 103 106 107 107 107 107 108 107 108 107 107 108 108 108 108 108 107 108 108 108 109 110 111 112 110 103 99 92 82 70 0 0 0 0 0 0 0 0 0 0 0 0 73 74 76 78 83 88 93 
87 77 79 79 79 79 80 80 80 81 81 81 81 81 81 82 82 82 81 82 82 82 83 83 83 83 83 84 85 85 86 86 86 85 84 84 83 82 82 81 79 79 79 80 81 83 82 81 80 80 79 79 78 78 75 72 73 74 74 77 82 80 78 77 74 73 71 71 71 72 72 71 77 84 87 90 96 97 97 97 97 97 96 91 89 85 79 70 71 69 68 68 68 67 67 66 66 67 67 68 69 68 69 71 70 72 74 76 77 79 79 80 81 79 76 77 73 73 73 76 77 80 78 80 89 94 98 101 106 107 107 107 107 107 107 108 107 107 108 108 108 108 108 107 107 107 107 108 109 110 111 110 103 101 97 87 72 0 0 0 0 0 0 0 0 0 0 0 0 74 75 76 78 82 88 97 
84 84 81 80 80 79 79 80 80 80 80 80 80 80 80 80 81 80 80 80 81 81 82 83 83 83 84 84 85 85 86 85 85 83 83 81 80 77 78 76 74 73 72 72 73 76 73 72 69 69 69 69 68 68 64 59 57 0 0 0 0 0 0 0 0 0 0 0 0 0 0 68 78 85 88 89 95 97 97 97 97 97 96 91 89 86 80 68 0 0 0 0 0 0 0 0 0 0 0 0 0 0 0 0 0 0 0 0 0 0 0 0 0 0 0 0 0 0 0 0 0 0 0 72 87 93 96 100 106 107 106 107 107 107 106 107 107 107 107 108 107 108 107 106 106 106 106 106 107 108 110 109 102 101 97 88 73 0 0 0 0 0 0 0 0 0 0 0 0 75 75 76 78 81 85 93 
83 77 81 79 79 78 78 78 79 79 80 79 80 79 79 80 79 79 78 78 78 79 80 82 83 83 83 84 84 85 85 85 86 82 82 79 76 70 69 67 63 61 0 0 0 0 0 0 0 0 0 0 0 0 0 0 0 0 0 0 0 0 0 0 0 0 0 0 0 0 0 69 80 85 88 89 95 96 96 97 97 97 96 91 89 87 81 70 0 0 0 0 0 0 0 0 0 0 0 0 0 0 0 0 0 0 0 0 0 0 0 0 0 0 0 0 0 0 0 0 0 0 0 73 87 93 97 98 106 106 106 106 106 106 106 106 106 106 107 107 107 107 107 105 105 105 105 105 106 107 108 109 102 101 98 90 74 0 0 0 0 0 0 0 0 0 0 0 0 75 75 75 78 81 85 92 
82 82 80 78 78 77 77 77 78 79 80 80 80 79 79 79 78 78 76 75 76 79 79 82 83 83 84 84 84 85 85 86 85 81 80 78 74 64 0 0 0 0 0 0 0 0 0 0 0 0 0 0 0 0 0 0 0 0 0 0 0 0 0 0 0 0 0 0 0 0 0 72 82 87 89 90 95 96 96 96 96 97 96 91 89 86 80 68 0 0 0 0 0 0 0 0 0 0 0 0 0 0 0 0 0 0 0 0 0 0 0 0 0 0 0 0 0 0 0 0 0 0 0 71 85 92 96 97 105 106 106 106 106 105 105 106 106 106 106 106 106 106 106 105 104 104 104 104 105 106 108 108 103 102 98 92 76 0 0 0 0 0 0 0 0 0 0 0 0 69 71 73 76 79 87 89 
82 77 78 77 77 77 77 78 79 79 80 80 80 79 79 79 77 76 75 72 74 77 78 81 83 84 84 85 84 85 85 85 85 80 78 76 71 60 0 0 0 0 0 0 0 0 0 0 0 0 0 0 0 0 0 0 0 0 0 0 0 0 51 50 50 50 0 0 0 0 0 72 82 86 89 90 95 96 96 97 96 97 96 91 89 86 80 68 0 0 0 0 0 0 0 0 0 0 0 0 0 0 0 0 0 0 0 0 0 0 0 0 0 0 0 0 0 0 0 0 0 0 0 71 85 92 95 97 104 106 105 105 106 106 105 106 105 105 105 106 106 106 105 104 104 103 103 103 104 105 106 108 103 102 99 94 79 0 0 0 0 0 0 0 0 0 0 0 0 66 70 72 75 78 78 93 
73 75 77 76 76 77 77 77 78 79 79 79 79 78 79 78 76 75 71 68 71 75 77 80 83 83 84 84 84 85 84 85 84 80 78 76 71 56 0 0 0 0 0 0 0 0 0 0 0 0 0 0 0 0 0 0 0 0 0 0 0 53 53 52 52 51 50 0 0 0 0 68 81 86 88 90 95 96 96 97 96 97 96 90 88 86 79 66 0 0 0 0 0 0 0 0 0 0 0 0 0 0 0 0 0 0 0 0 0 0 0 0 0 0 0 0 0 0 0 0 0 0 0 72 85 92 95 97 104 105 106 106 106 106 105 105 105 105 105 106 106 105 105 104 103 102 102 102 103 104 105 107 102 100 97 92 78 0 0 0 0 0 0 0 0 0 0 0 0 65 69 71 74 77 82 88 
81 77 76 76 75 75 75 75 77 77 78 79 79 78 79 77 75 73 68 64 69 73 76 80 83 83 84 84 84 85 84 85 84 80 78 76 71 0 0 0 0 0 0 0 0 0 0 0 0 0 0 0 0 0 0 0 0 0 0 0 52 53 53 52 51 50 48 46 0 0 0 69 81 86 88 90 95 96 96 96 96 97 96 90 88 86 79 65 0 0 0 0 0 0 0 0 0 0 0 0 0 0 0 0 0 0 0 0 0 0 0 0 0 0 0 0 0 0 0 0 0 0 0 73 85 91 95 96 103 105 106 106 106 106 105 105 105 105 105 106 106 105 105 104 103 102 102 102 102 103 104 107 103 99 96 92 77 0 0 0 0 0 0 0 0 0 0 0 0 0 68 71 73 76 81 87 
75 76 75 75 75 75 75 75 77 77 77 78 79 78 79 77 76 73 70 67 71 74 77 79 82 83 83 84 84 85 84 85 83 80 79 77 71 0 0 0 0 0 0 0 0 0 0 0 0 0 0 0 0 0 0 0 0 0 0 0 52 53 53 52 51 50 48 46 0 0 0 69 81 86 88 90 95 96 96 96 97 97 96 90 88 85 80 66 0 0 0 0 0 0 0 0 0 0 0 0 0 0 0 0 0 0 0 0 0 0 0 0 0 0 0 0 0 0 0 0 0 0 0 74 85 91 95 96 103 105 106 106 107 106 106 105 105 104 104 105 105 105 104 103 102 102 101 101 102 102 104 106 103 97 95 90 77 0 0 0 0 0 0 0 0 0 0 0 0 0 68 71 73 76 82 83 
77 73 75 74 74 75 75 75 76 76 76 77 77 77 78 77 76 75 72 70 74 75 77 79 82 82 83 84 84 85 84 85 83 81 80 78 73 0 0 0 0 0 0 0 0 0 0 0 0 0 0 0 0 0 0 0 0 0 0 0 52 55 54 53 52 51 48 46 0 0 0 66 79 85 88 89 95 96 96 97 97 97 96 90 88 85 79 65 0 0 0 0 0 0 0 0 0 0 0 0 0 0 0 0 0 0 0 0 0 0 0 0 0 0 0 0 0 0 0 0 0 0 0 71 83 90 94 96 103 105 105 106 106 106 106 105 105 104 104 105 105 104 104 103 103 102 101 102 102 102 103 106 104 97 95 90 78 60 0 0 0 0 0 0 0 0 0 0 0 0 69 71 73 75 75 86 
76 72 74 74 74 74 74 74 75 75 75 76 76 76 77 77 76 75 74 72 75 75 77 80 82 82 83 84 84 84 84 84 83 83 82 81 76 0 0 0 0 0 0 0 0 0 0 0 0 0 0 0 0 0 0 0 0 0 0 0 51 55 54 53 52 50 47 45 0 0 0 66 79 84 87 89 95 96 96 96 97 97 96 89 87 84 78 63 0 0 0 0 0 0 0 0 0 0 0 0 0 0 0 0 0 0 0 0 0 0 0 0 0 0 0 0 0 0 0 0 0 0 0 68 82 89 93 95 102 104 105 105 106 106 105 105 104 104 104 104 104 104 104 103 103 103 102 102 102 102 104 106 104 96 94 90 78 62 0 0 0 0 0 0 0 0 0 0 0 0 69 71 73 75 79 81 
71 76 73 73 74 74 74 74 75 75 76 76 76 76 77 77 76 76 76 75 77 77 78 80 82 82 83 84 84 84 84 85 83 83 81 80 74 0 0 0 0 0 0 0 0 0 0 0 0 0 0 0 0 0 0 0 0 0 0 0 0 0 52 51 49 48 45 0 0 0 0 67 80 85 88 89 95 96 96 96 97 97 96 89 87 84 78 62 0 0 0 0 0 0 0 0 0 0 0 0 0 0 0 0 0 0 0 0 0 0 0 0 0 0 0 0 0 0 0 0 0 0 0 63 78 86 91 93 101 103 104 105 105 105 105 104 104 103 103 104 104 104 103 103 103 103 102 102 102 102 103 105 104 97 96 92 81 66 0 0 0 0 0 0 0 0 0 0 0 0 70 72 73 75 74 79 
73 71 73 73 74 74 74 74 75 75 75 76 76 76 76 76 76 77 78 78 79 79 79 80 82 82 83 83 83 83 84 84 82 82 81 79 72 0 0 0 0 0 0 0 0 0 0 0 0 0 0 0 0 0 0 0 0 0 0 0 0 0 0 0 0 0 0 0 0 0 0 65 80 85 88 89 96 96 96 97 97 97 96 89 86 83 77 60 0 0 0 0 0 0 0 0 0 0 0 0 0 0 0 0 0 0 0 0 0 0 0 0 0 0 0 0 0 0 0 0 0 0 0 59 76 85 90 92 101 103 104 104 105 104 104 104 103 103 103 104 103 104 103 103 102 102 101 102 102 102 103 105 104 97 96 93 84 68 0 0 0 0 0 0 0 0 0 0 0 0 70 71 73 74 74 82 
68 75 72 72 73 73 73 74 74 74 75 76 76 76 76 76 76 77 78 78 79 80 80 81 82 83 83 83 83 83 84 84 81 81 80 77 70 0 0 0 0 0 0 0 0 0 0 0 0 0 0 0 0 0 0 0 0 0 0 0 0 0 0 0 0 0 0 0 0 0 0 65 79 85 87 89 96 96 97 97 97 97 96 88 86 82 75 58 0 0 0 0 0 0 0 0 0 0 0 0 0 0 0 0 0 0 0 0 0 0 0 0 0 0 0 0 0 0 0 0 0 0 0 54 73 83 88 91 101 103 104 104 104 104 104 104 104 103 104 104 103 103 102 102 102 102 102 102 102 102 103 105 105 99 97 94 86 70 0 0 0 0 0 0 0 0 0 0 0 0 69 71 72 74 74 76 
74 70 72 73 73 73 73 74 74 74 75 75 75 75 75 76 76 77 78 78 79 79 80 81 82 82 82 83 83 83 83 84 81 80 79 76 67 0 0 0 0 0 0 0 0 0 0 0 0 0 0 0 0 0 0 0 0 0 0 0 0 0 0 0 0 0 0 0 0 0 0 65 79 85 87 89 95 96 96 97 97 97 96 89 86 83 76 59 0 0 0 0 0 0 0 0 0 0 0 0 0 0 0 0 0 0 0 0 0 0 0 0 0 0 0 0 0 0 0 0 0 0 0 53 72 82 87 90 101 103 104 104 104 104 103 103 103 103 104 104 103 103 102 102 102 102 101 101 102 102 102 104 105 99 98 96 89 72 0 0 0 0 0 0 0 0 0 0 0 0 67 70 71 72 74 79 
73 72 72 72 73 73 73 74 75 75 75 75 75 75 76 76 76 77 78 78 79 80 80 80 81 82 82 82 83 83 83 84 80 80 78 75 67 0 0 0 0 0 0 0 0 0 0 0 0 0 0 0 0 0 0 0 0 0 0 0 0 0 0 0 0 0 0 0 0 0 0 67 81 85 88 90 96 96 97 97 97 97 96 89 86 83 77 61 0 0 0 0 0 0 0 0 0 0 0 0 0 0 0 0 0 0 0 0 0 0 0 0 0 0 0 0 0 0 0 0 0 0 0 49 69 80 86 89 100 103 103 103 104 103 103 103 104 104 104 104 104 104 102 102 101 101 101 101 101 101 102 104 105 99 99 97 91 73 0 0 0 0 0 0 0 0 0 0 0 0 66 69 70 72 74 77 
73 79 72 72 73 73 73 74 74 74 74 75 75 75 76 76 76 76 77 77 78 79 80 80 81 82 82 82 83 83 83 83 80 79 78 75 67 0 0 0 0 0 0 0 0 0 0 0 0 0 0 0 0 0 0 0 0 0 0 0 0 0 0 0 0 0 0 0 0 0 0 68 81 85 88 90 95 96 96 97 97 96 96 89 86 83 77 61 0 0 0 0 0 0 0 0 0 0 0 0 0 0 0 0 0 0 0 0 0 0 0 0 0 0 0 0 0 0 0 0 0 0 0 48 68 80 85 89 100 103 103 103 104 104 103 104 104 104 104 104 104 103 103 102 101 101 100 100 101 101 101 103 105 100 99 98 92 74 0 0 0 0 0 0 0 0 0 0 0 0 64 66 68 70 67 74 
72 67 72 72 73 73 73 74 74 74 75 75 75 75 76 76 77 77 77 78 79 79 80 80 81 81 82 82 83 84 83 83 80 79 77 74 67 0 0 0 0 0 0 0 0 0 0 0 0 0 0 0 0 0 0 0 0 0 0 0 0 0 0 0 0 0 0 0 0 0 0 69 81 85 88 90 95 96 96 97 97 96 96 88 86 83 76 60 0 0 0 0 0 0 0 0 0 0 0 0 0 0 0 0 0 0 0 0 0 0 0 0 0 0 0 0 0 0 0 0 0 0 0 46 66 79 84 88 99 103 103 103 104 104 104 104 104 104 104 104 104 103 103 102 101 100 100 100 100 100 101 103 105 101 100 100 95 77 0 0 0 0 0 0 0 0 0 0 0 0 63 66 67 70 72 79 
70 73 72 73 73 73 74 74 74 74 74 75 75 75 76 76 77 77 77 77 79 80 80 81 81 81 82 82 83 83 83 83 80 79 77 74 66 0 0 0 0 0 0 0 0 0 0 0 0 0 0 0 0 0 0 0 0 0 0 0 0 0 0 0 0 0 0 0 0 0 0 70 81 85 88 90 95 96 97 97 97 97 96 88 86 82 75 59 0 0 0 0 0 0 0 0 0 0 0 0 0 0 0 0 0 0 0 0 0 0 0 0 0 0 0 0 0 0 0 0 0 0 0 45 65 78 84 87 99 103 103 103 104 104 104 104 104 103 103 103 104 103 103 102 101 100 100 99 99 100 100 102 105 101 101 100 97 80 0 0 0 0 0 0 0 0 0 0 0 0 0 66 67 70 71 74 
70 68 72 73 73 73 73 73 73 73 74 75 75 76 76 76 76 77 77 78 79 80 81 81 82 82 83 83 84 84 83 83 80 79 77 74 66 0 0 0 0 0 0 0 0 0 0 0 0 0 0 0 0 0 0 0 0 0 0 0 0 0 0 0 0 0 0 0 0 0 0 71 82 86 89 90 96 96 96 97 97 96 95 88 85 81 74 58 0 0 0 0 0 0 0 0 0 0 0 0 0 0 0 0 0 0 0 0 0 0 0 0 0 0 0 0 0 0 0 0 0 0 0 44 66 79 85 89 99 103 103 103 104 104 104 104 104 103 103 103 104 103 103 102 101 100 99 99 99 100 100 102 105 102 102 101 99 83 0 0 0 0 0 0 0 0 0 0 0 0 0 68 69 71 66 80 
68 74 72 73 73 72 72 72 72 73 74 75 75 76 76 76 76 77 77 78 79 80 80 81 82 82 82 82 83 83 83 83 80 78 77 73 64 0 0 0 0 0 0 0 0 0 0 0 0 0 0 0 0 0 0 0 0 0 0 0 0 0 0 0 0 0 0 0 0 0 0 73 83 87 89 91 96 96 97 96 96 96 95 87 82 78 70 53 0 0 0 0 0 0 0 0 0 0 0 0 0 0 0 0 0 0 0 0 0 0 0 0 0 0 0 0 0 0 0 0 0 0 0 0 68 82 88 91 99 104 103 103 104 103 103 103 104 103 103 103 103 103 103 102 101 100 99 98 99 99 100 102 105 102 100 99 95 80 0 0 0 0 0 0 0 0 0 0 0 0 0 69 70 72 68 73 
71 71 72 73 73 72 72 72 72 73 74 74 75 76 76 76 76 77 77 77 79 80 80 81 82 82 83 83 83 83 84 84 79 78 76 71 60 0 0 0 0 0 0 0 0 0 0 0 0 0 0 0 0 0 0 0 0 0 0 0 0 0 0 0 0 0 0 0 0 0 0 74 84 87 90 91 96 96 97 97 96 96 95 87 80 76 68 52 0 0 0 0 0 0 0 0 0 0 0 0 0 0 0 0 0 0 0 0 0 0 0 0 0 0 0 0 0 0 0 0 0 0 0 0 66 80 87 90 99 103 103 103 103 103 103 103 103 103 103 103 103 102 102 102 101 100 99 99 99 100 100 102 104 102 98 97 93 79 0 0 0 0 0 0 0 0 0 0 0 0 0 69 70 72 72 79 
70 80 72 72 72 72 72 72 72 73 74 74 75 76 76 75 75 76 76 77 78 79 79 81 82 82 82 83 83 83 83 83 78 77 74 70 59 0 0 0 0 0 0 0 0 0 0 0 0 0 0 0 0 0 0 0 0 0 0 0 0 0 0 0 0 0 0 0 0 0 0 75 84 87 90 91 96 96 97 97 96 96 95 87 79 74 66 51 0 0 0 0 0 0 0 0 0 0 0 0 0 0 0 0 0 0 0 0 0 0 0 0 0 0 0 0 0 0 0 0 0 0 0 0 69 83 89 92 98 103 103 103 103 103 103 103 103 103 103 103 103 103 102 102 101 101 100 100 99 100 100 102 104 102 97 95 91 78 0 0 0 0 0 0 0 0 0 0 0 0 0 70 71 73 76 77 
74 69 72 72 72 72 71 72 72 73 74 74 75 75 75 75 75 76 76 78 79 79 79 80 82 82 82 83 83 83 83 83 77 76 73 68 56 0 0 0 0 0 0 0 0 0 0 0 0 0 0 0 0 0 0 0 0 0 0 0 0 0 0 0 0 0 0 0 0 0 0 76 84 88 90 91 96 96 96 96 96 96 95 87 78 73 65 50 39 0 0 0 0 0 0 0 0 0 0 0 0 0 0 0 0 0 0 0 0 0 0 0 0 0 0 0 0 0 0 0 0 0 0 0 72 85 91 94 98 103 103 103 103 103 103 103 103 103 103 103 103 103 102 102 101 101 100 100 100 100 100 101 103 102 96 94 90 78 58 0 0 0 0 0 0 0 0 0 0 0 0 67 70 72 74 73 
69 67 71 72 71 72 72 72 73 74 73 74 75 75 75 75 75 76 76 77 78 79 79 80 81 82 82 82 83 83 83 83 78 76 73 68 55 0 0 0 0 0 0 0 0 0 0 0 0 0 0 0 0 0 0 0 0 0 0 0 0 0 40 40 0 0 0 0 0 0 0 77 85 89 91 92 96 96 96 97 96 96 95 88 76 71 63 49 39 0 0 0 0 0 0 0 0 0 0 0 0 0 0 0 0 0 0 0 0 0 0 0 0 0 0 0 0 0 0 0 0 0 0 0 71 85 90 93 97 102 103 103 103 103 103 103 103 103 102 102 102 102 102 102 102 101 100 100 100 99 100 101 103 103 95 93 89 78 59 0 0 0 0 0 0 0 0 0 0 0 0 64 69 71 70 75 
73 75 70 71 71 71 72 72 73 73 73 74 75 74 74 75 75 76 77 78 79 79 80 81 82 82 82 83 83 83 83 82 77 75 72 67 53 0 0 0 0 0 0 0 0 0 0 0 0 0 0 0 0 0 0 0 0 0 0 0 0 40 40 40 0 0 0 0 0 0 0 71 81 86 88 92 96 96 96 96 97 96 95 88 77 71 63 49 39 0 0 0 0 0 0 0 0 0 0 0 0 0 0 0 0 0 0 0 0 0 0 0 0 0 0 0 0 0 0 0 0 0 0 0 66 80 87 90 97 102 103 103 103 103 103 103 103 103 102 102 103 103 102 102 102 101 101 101 100 100 100 101 103 103 96 94 91 81 63 0 0 0 0 0 0 0 0 0 0 0 0 62 67 70 74 71 
66 72 69 70 70 71 71 72 73 74 73 74 74 74 75 75 75 76 77 78 79 80 80 81 81 81 82 82 83 83 83 82 78 76 73 67 0 0 0 0 0 0 0 0 0 0 0 0 0 0 0 0 0 0 0 0 0 0 0 0 0 40 40 40 0 0 0 0 0 0 0 72 81 86 88 92 96 96 96 96 96 96 96 88 77 72 64 49 40 0 0 0 0 0 0 0 0 0 0 0 0 0 0 0 0 0 0 0 0 0 0 0 0 0 0 0 0 0 0 0 0 0 0 0 70 84 89 92 97 102 103 103 103 103 103 103 102 102 102 102 103 103 102 102 101 101 100 100 100 100 100 101 104 103 97 95 92 83 65 0 0 0 0 0 0 0 0 0 0 0 0 62 67 70 71 76 
69 69 70 71 71 72 72 72 73 74 74 74 75 75 75 75 76 76 77 78 79 80 80 81 81 82 81 82 83 83 83 82 79 77 74 69 0 0 0 0 0 0 0 0 0 0 0 0 0 0 0 0 0 0 0 0 0 0 0 0 40 40 40 40 0 0 0 0 0 0 0 67 78 84 87 93 96 97 97 97 97 97 96 89 77 73 64 50 41 0 0 0 0 0 0 0 0 0 0 0 0 0 0 0 0 0 0 0 0 0 0 0 0 0 0 0 0 0 0 0 0 0 0 0 69 83 89 92 97 103 103 104 104 104 104 103 103 102 102 102 102 102 102 101 101 100 100 100 100 100 101 101 104 104 98 97 94 86 68 0 0 0 0 0 0 0 0 0 0 0 0 62 67 69 69 73 
63 70 69 70 71 72 72 72 73 73 74 75 75 75 76 76 76 77 77 78 79 80 80 81 81 81 81 82 82 82 82 81 79 78 76 71 0 0 0 0 0 0 0 0 0 0 0 0 0 0 0 0 0 0 0 0 0 0 0 0 40 40 40 40 0 0 0 0 0 0 0 67 79 84 87 93 97 97 97 97 97 97 96 89 78 73 64 50 41 0 0 0 0 0 0 0 0 0 0 0 0 0 0 0 0 0 0 0 0 0 0 0 0 0 0 0 0 0 0 0 0 0 0 0 67 83 89 92 97 104 104 104 104 104 104 103 103 103 102 102 102 103 102 101 101 100 100 99 100 100 101 102 104 105 99 98 95 88 72 0 0 0 0 0 0 0 0 0 0 0 0 62 67 69 72 73 
69 70 70 70 71 72 72 72 73 73 74 75 75 75 76 76 76 77 77 78 79 79 80 81 81 81 81 82 82 82 82 81 79 78 76 71 0 0 0 0 0 0 0 0 0 0 0 0 0 0 0 0 0 0 0 0 0 0 0 0 0 0 0 0 0 0 0 0 0 0 0 64 75 81 84 92 96 97 97 97 97 97 97 90 79 74 66 51 42 0 0 0 0 0 0 0 0 0 0 0 0 0 0 0 0 0 0 0 0 0 0 0 0 0 0 0 0 0 0 0 0 0 0 0 65 82 89 92 97 104 104 104 104 104 103 103 102 102 102 102 103 103 102 101 100 100 100 100 100 101 101 102 104 105 99 98 96 90 74 0 0 0 0 0 0 0 0 0 0 0 0 63 67 69 70 73 
70 68 70 71 71 72 73 73 73 74 74 75 75 75 76 76 77 77 77 78 79 79 80 81 81 81 81 82 82 82 82 81 81 80 78 74 0 0 0 0 0 0 0 0 0 0 0 0 0 0 0 0 0 0 0 0 0 0 0 0 0 0 0 0 0 0 0 0 0 0 0 65 76 82 85 93 97 97 97 97 97 97 97 90 79 75 66 52 42 0 0 0 0 0 0 0 0 0 0 0 0 0 0 0 0 0 0 0 0 0 0 0 0 0 0 0 0 0 0 0 0 0 0 0 69 86 92 95 97 104 104 104 104 104 104 103 102 102 102 102 102 103 102 101 101 100 100 100 100 100 101 101 103 104 99 98 96 89 72 0 0 0 0 0 0 0 0 0 0 0 0 64 67 69 75 75 
76 67 71 70 71 72 72 73 73 73 74 75 75 75 76 76 77 78 77 78 79 79 79 80 81 81 81 82 82 82 82 80 79 78 77 72 0 0 0 0 0 0 0 0 0 0 0 0 0 0 0 0 0 0 0 0 0 0 0 0 0 0 0 0 0 0 0 0 0 0 40 63 74 80 83 93 97 97 97 98 97 98 97 91 80 75 67 53 43 0 0 0 0 0 0 0 0 0 0 0 0 0 0 0 0 0 0 0 0 0 0 0 0 0 0 0 0 0 0 0 0 0 0 0 68 86 92 95 97 104 105 105 105 104 104 104 103 102 102 102 102 102 101 101 101 100 100 100 100 100 101 101 103 105 99 98 96 89 71 0 0 0 0 0 0 0 0 0 0 0 0 64 66 68 69 70 
73 72 70 70 71 72 73 73 74 73 74 74 74 75 76 76 76 77 78 78 80 80 80 81 81 81 81 82 82 82 82 80 79 78 77 70 0 0 0 0 0 0 0 0 0 0 0 0 0 0 0 0 0 0 0 0 0 0 0 0 0 0 0 0 0 0 0 0 0 0 40 63 74 80 84 93 96 97 98 98 98 98 98 91 80 76 68 54 44 0 0 0 0 0 0 0 0 0 0 0 0 0 0 0 0 0 0 0 0 0 0 0 0 0 0 0 0 0 0 0 0 0 0 0 68 85 91 95 96 104 104 104 105 104 104 104 102 102 102 102 102 102 101 102 101 100 100 100 100 100 100 102 104 105 99 98 96 89 70 0 0 0 0 0 0 0 0 0 0 0 0 0 66 68 60 72 
73 66 70 70 71 72 73 73 73 73 73 74 74 75 76 76 76 77 78 78 80 80 80 81 81 81 82 82 82 82 82 80 79 78 76 69 0 0 0 0 0 0 0 0 0 0 0 0 0 0 0 0 0 0 0 0 0 0 0 0 0 0 0 0 0 0 0 0 0 0 41 62 73 79 83 94 97 98 98 99 98 99 98 92 81 77 69 56 45 0 0 0 0 0 0 0 0 0 0 0 0 0 0 0 0 0 0 0 0 0 0 0 0 0 0 0 0 0 0 0 0 0 0 0 68 84 91 94 96 103 104 104 105 104 104 104 102 102 101 102 102 102 102 102 101 100 100 100 99 99 100 101 103 105 98 97 95 89 68 0 0 0 0 0 0 0 0 0 0 0 0 0 65 66 0 60 
71 65 69 69 70 71 72 72 73 73 73 73 74 74 75 76 76 77 78 78 80 80 80 81 81 82 82 82 83 83 82 80 79 77 75 67 0 0 0 0 0 0 0 0 0 0 0 0 0 0 0 0 0 0 0 0 0 0 0 0 0 0 0 0 0 0 0 0 0 0 41 63 74 80 84 95 98 98 98 99 98 99 98 92 81 77 70 57 48 0 0 0 0 0 0 0 0 0 0 0 0 0 0 0 0 0 0 0 0 0 0 0 0 0 0 0 0 0 0 0 0 0 0 0 63 79 88 91 96 103 104 104 105 105 104 104 103 102 102 102 102 101 101 102 101 100 100 99 99 99 99 100 102 104 98 98 96 89 69 0 0 0 0 0 0 0 0 0 0 0 0 0 0 64 0 0 
68 71 69 69 70 72 73 73 72 73 73 74 74 75 75 75 75 77 78 78 79 80 80 80 81 81 81 82 82 82 82 79 78 77 74 66 0 0 0 0 0 0 0 0 0 0 0 0 0 0 0 0 0 0 0 0 0 0 0 0 0 0 0 0 0 0 0 0 0 0 42 63 74 80 83 95 98 99 99 99 99 99 99 92 82 78 71 59 50 0 0 0 0 0 0 0 0 0 0 0 0 0 0 0 0 0 0 0 0 0 0 0 0 0 0 0 0 0 0 0 0 0 0 0 59 76 85 89 96 104 105 104 105 105 104 104 103 102 102 102 102 101 101 101 101 100 100 99 99 99 100 101 102 105 99 98 97 91 70 0 0 0 0 0 0 0 0 0 0 0 0 0 0 0 0 0 
70 68 69 70 70 71 72 73 72 73 73 74 74 74 75 75 75 76 77 78 79 80 80 80 81 81 82 82 82 83 83 79 78 77 74 64 0 0 0 0 0 0 0 0 0 0 0 0 0 0 0 0 0 0 0 0 0 0 0 0 0 0 0 0 0 0 0 0 0 0 43 64 75 81 84 95 98 99 100 100 99 99 99 92 83 79 72 60 52 0 0 0 0 0 0 0 0 0 0 0 0 0 0 0 0 0 0 0 0 0 0 0 0 0 0 0 0 0 0 0 0 0 0 0 56 73 82 87 96 104 105 105 105 105 104 104 103 103 102 102 102 101 101 101 101 100 99 99 99 99 100 100 102 105 99 99 97 92 72 0 0 0 0 0 0 0 0 0 0 0 0 0 0 0 0 0 
70 70 69 70 71 71 72 72 72 73 73 73 73 74 74 75 75 76 77 78 78 79 79 79 80 81 81 82 83 83 83 79 78 76 73 63 0 0 0 0 0 0 0 0 0 0 0 0 0 0 0 0 0 0 0 0 0 0 0 0 0 0 0 0 0 0 0 0 0 0 44 65 75 81 85 96 99 100 100 100 100 100 99 93 84 78 72 60 48 0 0 0 0 0 0 0 0 0 0 0 0 0 0 0 0 0 0 0 0 0 0 0 0 0 0 0 0 0 0 0 0 0 0 41 54 70 80 85 96 104 105 105 105 105 104 104 104 103 102 102 102 102 101 101 100 100 99 99 99 99 99 100 102 105 99 99 98 93 73 0 0 0 0 0 0 0 0 0 0 0 0 0 0 0 0 0 
66 70 69 70 71 72 72 72 72 73 73 74 73 73 74 74 75 76 77 78 78 79 79 79 80 81 81 82 82 83 83 79 78 76 73 63 0 0 0 0 0 0 0 0 0 0 0 0 0 0 0 0 0 0 0 0 0 0 0 0 0 0 0 0 0 0 0 0 0 0 44 65 76 81 85 96 99 100 100 100 100 100 99 94 85 77 71 59 48 0 0 0 0 0 0 0 0 0 0 0 0 0 0 0 0 0 0 0 0 0 0 0 0 0 0 0 0 0 0 0 0 0 0 41 53 70 80 84 96 104 105 105 105 105 104 104 104 104 103 102 102 101 101 101 100 100 99 99 99 100 99 101 103 105 100 100 98 94 75 0 0 0 0 0 0 0 0 0 0 0 0 0 0 0 0 0 
67 65 70 71 72 72 72 72 72 73 73 74 74 74 74 74 75 76 77 78 78 79 79 79 79 80 81 81 82 82 82 79 78 76 73 63 0 0 0 0 0 0 0 0 0 0 0 0 0 0 0 0 0 0 0 0 0 0 0 0 0 0 0 0 0 0 0 0 0 0 46 66 76 82 85 96 99 100 100 100 100 100 100 95 86 77 70 59 48 39 0 0 0 0 0 0 0 0 0 0 0 0 0 0 0 0 0 0 0 0 0 0 0 0 0 0 0 0 0 0 0 0 0 40 53 70 79 84 95 104 105 105 105 105 105 104 104 103 103 102 102 102 101 101 100 99 99 99 99 100 100 101 103 106 101 101 99 94 77 0 0 0 0 0 0 0 0 0 0 0 0 0 0 0 0 0 
71 68 70 71 72 72 72 72 72 72 73 73 74 73 74 74 75 76 78 78 78 79 79 79 80 81 81 82 82 83 83 79 78 76 72 61 0 0 0 0 0 0 0 0 0 0 0 0 0 0 0 0 0 0 0 0 0 0 0 0 0 0 0 0 0 0 0 0 0 0 47 67 77 82 86 97 99 100 100 100 100 100 100 95 87 76 69 59 48 38 0 0 0 0 0 0 0 0 0 0 0 0 0 0 0 0 0 0 0 0 0 0 0 0 0 0 0 0 0 0 0 0 0 40 52 69 78 83 94 103 104 104 105 105 105 104 104 103 102 102 102 101 101 101 100 99 99 99 98 99 100 101 103 106 101 101 100 96 78 0 0 0 0 0 0 0 0 0 0 0 0 0 0 0 0 0 
69 70 70 71 71 72 72 71 72 72 73 73 74 74 74 74 75 76 78 79 79 79 80 80 80 81 81 82 82 83 83 79 78 76 73 63 0 0 0 0 0 0 0 0 0 0 0 0 0 0 0 0 0 0 0 0 0 0 0 0 0 0 0 0 0 0 0 0 0 0 47 67 77 82 86 96 99 100 100 100 101 101 100 96 88 75 69 59 48 38 0 0 0 0 0 0 0 0 0 0 0 0 0 0 0 0 0 0 0 0 0 0 0 0 0 0 0 0 0 0 0 0 0 0 53 71 80 85 94 103 104 104 104 105 105 104 104 103 102 102 102 102 102 101 100 100 99 98 98 99 99 100 102 105 101 101 100 97 80 0 0 0 0 0 0 0 0 0 0 0 0 0 0 0 0 0 
65 71 70 71 71 71 71 71 71 72 73 74 74 74 74 74 75 76 77 78 79 79 79 80 80 81 81 81 82 82 82 79 78 76 73 64 0 0 0 0 0 0 0 0 0 0 0 0 0 0 0 0 0 0 0 0 0 0 0 0 0 0 0 0 0 0 0 0 0 0 47 67 77 82 86 96 99 100 101 101 101 101 101 97 89 78 71 61 52 39 0 0 0 0 0 0 0 0 0 0 0 0 0 0 0 0 0 0 0 0 0 0 0 0 0 0 0 0 0 0 0 0 0 0 55 73 81 86 93 102 103 104 104 104 104 103 103 102 102 102 102 102 102 101 101 100 99 99 98 99 99 100 102 105 101 101 101 97 82 0 0 0 0 0 0 0 0 0 0 0 0 0 0 0 0 0 
67 79 70 70 70 71 71 71 71 72 73 73 74 75 74 74 75 76 77 77 79 79 79 79 80 80 81 81 82 82 82 79 78 76 73 65 0 0 0 0 0 0 0 0 0 0 0 0 0 0 0 0 0 0 0 0 0 0 0 0 0 0 0 0 0 0 0 0 0 0 49 68 77 82 86 96 99 101 101 102 102 102 102 98 90 79 72 62 52 38 0 48 46 46 46 47 0 0 0 0 0 0 0 0 0 0 0 0 0 0 0 0 0 0 0 0 0 0 0 0 0 0 0 0 54 70 79 84 93 102 103 104 104 104 103 103 102 102 101 102 102 102 102 101 101 100 99 99 98 98 99 100 102 105 101 101 101 98 83 0 0 0 0 0 0 0 0 0 0 0 0 0 0 0 0 0 
68 65 69 70 70 71 71 71 72 72 73 73 74 74 74 74 75 76 76 77 78 79 79 80 80 81 82 82 82 83 82 79 78 77 73 67 0 0 0 0 0 0 0 0 0 0 0 0 0 0 0 0 0 0 0 0 0 0 0 0 0 0 0 0 0 0 0 0 0 0 49 68 77 83 86 97 100 101 102 103 103 103 103 99 91 80 73 63 53 37 0 49 48 48 48 49 0 0 0 0 0 0 0 0 0 0 0 0 0 0 0 0 0 0 0 0 0 0 0 0 0 0 0 0 53 70 79 85 93 102 104 104 104 104 103 103 102 102 101 102 102 102 101 101 100 100 99 98 98 98 98 100 101 104 101 99 98 94 77 0 0 0 0 0 0 0 0 0 0 0 0 0 0 0 0 0 
70 69 69 70 70 71 71 71 72 72 73 73 74 74 75 75 75 76 76 77 78 79 79 79 80 80 81 81 81 82 81 79 79 77 75 69 0 0 0 0 0 0 0 0 0 0 0 0 0 0 0 0 0 0 0 0 0 0 0 0 39 39 39 0 0 0 0 0 0 0 50 68 78 83 86 97 100 102 102 104 104 104 104 100 93 81 75 65 55 37 0 51 52 52 52 52 53 0 0 0 0 0 0 0 0 0 0 0 0 0 0 0 0 0 0 0 0 0 0 0 0 0 0 0 54 70 79 85 94 102 104 104 104 104 104 103 102 102 101 102 102 101 101 100 100 100 99 98 98 98 98 99 101 104 101 96 95 90 74 52 0 0 0 0 0 0 0 0 0 0 0 0 0 0 0 0 
68 66 69 70 70 71 71 71 72 72 73 73 74 74 75 75 75 75 76 76 78 78 79 79 80 80 81 81 81 82 81 79 79 78 75 70 0 0 0 0 0 0 0 0 0 0 0 0 0 0 0 0 0 0 0 0 0 0 0 0 39 39 39 0 0 0 0 0 0 0 50 69 79 84 87 98 102 102 103 104 105 105 105 101 94 82 76 66 56 37 0 48 56 54 54 54 59 0 0 0 0 0 0 0 0 0 0 0 0 0 0 0 0 0 0 0 0 0 0 0 0 0 0 42 53 69 78 83 94 102 104 104 104 104 104 103 102 102 101 101 101 101 100 100 99 100 99 99 99 99 99 100 101 104 101 96 95 90 74 52 0 0 0 0 0 0 0 0 0 0 0 0 0 0 0 0 
63 67 69 70 71 71 71 72 72 72 73 73 74 74 75 75 76 76 76 77 78 79 79 80 81 81 81 81 81 82 81 79 78 78 75 70 0 0 0 0 0 0 0 0 0 0 0 0 0 0 0 0 0 0 0 0 0 0 0 0 0 0 0 0 0 0 0 0 0 0 51 69 79 85 88 98 102 103 104 105 106 106 106 102 96 82 76 66 55 37 0 46 59 58 58 58 65 0 0 0 0 0 0 0 0 0 0 0 0 0 0 0 0 0 0 0 0 0 0 0 0 0 0 41 51 66 76 81 94 102 104 104 104 104 104 103 102 102 101 101 101 100 100 100 99 99 99 98 98 99 99 100 101 104 100 94 92 87 71 50 0 0 0 0 0 0 0 0 0 0 0 0 0 0 0 0 
68 70 69 70 71 71 71 71 72 72 73 73 74 74 75 75 76 76 77 77 78 78 79 80 81 81 82 82 82 82 82 80 79 78 75 70 0 0 0 0 0 0 0 0 0 0 0 0 0 0 0 0 0 0 0 0 0 0 0 0 0 0 0 0 0 0 0 0 0 0 51 69 79 85 88 98 102 103 104 105 106 106 107 103 97 83 77 67 57 39 0 45 64 66 63 63 70 60 0 0 0 0 0 0 0 0 0 0 0 0 0 0 0 0 0 0 0 0 0 0 0 0 0 41 50 66 75 81 93 101 103 103 104 104 104 103 102 102 102 101 101 100 100 99 99 99 99 98 98 99 98 99 100 103 100 94 92 87 71 50 0 0 0 0 0 0 0 0 0 0 0 0 0 0 0 0 
69 67 68 69 70 70 71 71 72 72 73 73 74 74 75 76 76 77 77 77 78 79 79 80 80 81 81 81 81 82 82 79 79 78 76 70 0 0 0 0 0 0 0 0 0 0 0 0 0 0 0 0 0 0 0 0 0 0 0 0 38 38 38 0 0 0 0 0 0 0 52 70 80 85 89 98 103 104 105 106 107 107 107 104 98 85 79 69 58 41 0 0 71 76 71 70 76 69 0 0 0 0 0 0 0 0 0 0 0 0 0 0 0 0 0 0 0 0 0 0 0 0 0 41 51 66 75 81 92 101 102 102 103 104 103 102 102 102 101 101 101 100 100 99 99 98 98 98 98 98 98 98 100 103 100 95 94 90 74 0 0 0 0 0 0 0 0 0 0 0 0 0 0 0 0 0 
65 67 69 70 70 70 71 71 72 73 73 73 74 75 75 75 76 76 77 77 78 78 79 80 80 81 81 81 81 82 82 80 79 78 76 71 0 0 0 0 0 0 0 0 0 0 0 0 0 0 0 0 0 0 0 0 0 0 0 0 0 0 0 0 0 0 0 0 0 0 51 69 80 85 89 99 103 104 105 107 108 108 108 105 99 86 80 71 60 42 0 0 66 85 84 81 91 94 72 0 0 0 0 0 0 0 0 0 0 0 0 0 0 0 0 0 0 0 0 0 0 0 0 41 50 66 75 80 92 101 102 102 103 104 103 103 102 102 101 101 101 100 100 99 98 98 98 97 97 97 97 98 99 102 99 95 94 89 74 0 0 0 0 0 0 0 0 0 0 0 0 0 0 0 0 0 
68 66 69 70 70 71 71 72 72 72 73 73 74 74 75 75 76 77 77 78 78 79 79 80 81 81 81 81 82 82 81 79 79 77 75 70 0 0 0 0 0 0 0 0 0 0 0 0 0 0 0 0 0 0 0 0 0 0 0 0 0 0 0 0 0 0 0 0 0 0 51 70 80 85 88 98 102 104 105 107 109 109 109 106 100 87 81 72 61 44 0 0 67 187 167 172 189 232 128 164 0 0 0 0 0 0 0 0 0 0 0 0 0 0 0 0 0 0 0 0 0 0 0 45 52 66 75 81 92 101 102 103 103 104 103 103 102 101 101 101 101 100 99 99 98 97 97 97 97 97 97 97 99 102 99 93 91 86 72 0 0 0 0 0 0 0 0 0 0 0 0 0 0 0 0 0 
68 71 69 70 70 71 71 71 71 72 72 73 73 74 74 75 76 77 77 78 78 79 79 79 80 80 80 81 81 82 81 79 79 77 75 70 0 0 0 0 0 0 0 0 0 0 0 0 0 0 0 0 0 0 0 0 0 0 0 0 0 0 0 0 0 0 0 0 0 0 52 71 80 85 88 98 102 104 106 109 111 112 111 107 100 88 82 73 63 47 0 0 81 205 180 265 281 328 277 361 0 0 0 0 0 0 0 0 0 0 0 0 0 0 0 0 0 0 0 0 0 0 0 59 59 70 78 82 93 102 102 103 103 103 102 102 102 101 100 100 100 100 99 99 98 97 97 96 96 96 96 97 98 101 99 95 94 89 75 0 0 0 0 0 0 0 0 0 0 0 0 0 0 0 0 0 
69 68 69 70 69 70 71 71 72 73 73 73 73 74 74 75 76 76 77 78 79 78 78 79 80 80 80 81 81 81 81 79 78 77 74 69 0 0 0 0 0 0 0 0 0 0 0 0 0 0 0 0 0 0 0 0 0 0 0 0 0 0 0 0 0 0 0 0 0 0 53 71 81 86 89 99 102 105 108 112 114 115 114 109 101 88 83 74 65 49 0 41 84 205 192 338 361 399 357 406 64 0 0 0 0 0 0 0 0 0 0 0 0 0 0 0 0 0 0 0 0 0 0 73 68 76 82 83 93 102 102 103 103 103 102 102 101 101 100 100 100 99 99 98 97 97 96 96 96 96 96 96 98 101 99 93 91 86 71 0 0 0 0 0 0 0 0 0 0 0 0 0 0 0 0 0 
68 69 69 70 70 70 71 71 71 72 72 72 73 74 74 75 76 77 77 78 78 78 78 79 80 80 80 81 81 81 81 79 78 76 74 69 0 0 0 0 0 0 0 0 0 0 0 0 0 0 0 0 0 0 0 0 0 0 0 0 0 0 0 0 0 0 0 0 0 0 53 71 80 85 88 98 101 104 108 113 115 117 116 110 101 88 82 74 65 49 0 41 80 249 255 406 413 460 392 410 61 0 0 0 0 0 0 0 0 0 0 0 0 0 0 0 0 0 0 0 0 0 98 75 69 77 82 84 93 102 103 103 103 103 102 102 101 100 100 100 99 99 99 98 97 97 96 96 96 96 96 96 98 100 98 90 88 83 69 51 0 0 0 0 0 0 0 0 0 0 0 0 0 0 0 0 
68 72 68 69 69 70 70 71 71 72 72 72 73 73 74 75 76 77 77 78 79 79 79 79 79 80 80 80 81 81 81 79 78 76 73 68 0 0 0 0 0 0 0 0 0 0 0 0 0 0 0 0 0 0 0 0 0 0 0 0 0 0 0 0 0 0 0 0 0 0 53 72 80 85 88 98 101 104 108 113 116 117 116 110 100 87 82 73 64 48 0 0 90 275 278 443 407 430 370 383 58 0 0 0 0 0 0 0 0 0 0 0 0 0 0 0 0 0 0 0 0 0 89 73 69 76 81 84 93 102 103 103 103 102 102 102 101 100 99 99 99 99 98 97 96 96 95 94 94 93 93 93 95 97 96 90 88 84 70 0 0 0 0 0 0 0 0 0 0 0 0 0 0 0 0 0 
66 72 68 69 69 69 70 71 71 72 72 72 73 74 74 75 75 76 76 77 78 78 78 79 79 79 80 80 80 81 81 78 78 77 74 68 0 0 0 0 0 0 0 0 0 0 0 0 0 0 0 0 0 0 0 0 0 0 0 0 0 0 0 0 0 0 0 0 0 0 52 71 80 85 88 98 101 103 108 113 115 116 115 109 100 86 81 72 63 47 0 0 98 178 192 387 352 354 350 384 57 0 0 0 0 0 0 0 0 0 0 0 0 0 0 0 0 0 0 0 0 0 96 73 69 76 81 83 93 102 103 103 103 102 102 101 101 100 99 99 98 97 95 93 91 89 87 86 85 84 84 85 86 90 89 86 85 83 71 0 0 0 0 0 0 0 0 0 0 0 0 0 0 0 0 0 
67 63 68 68 69 69 70 71 72 72 72 72 73 73 73 74 75 76 77 78 79 79 79 79 80 80 80 80 80 81 81 79 79 78 75 69 0 0 0 0 0 0 0 0 0 0 0 0 0 0 0 0 0 0 0 0 0 0 0 0 0 0 0 0 0 0 0 0 0 0 52 70 79 84 88 97 100 103 106 111 113 114 114 108 99 85 80 70 60 43 0 0 0 201 197 292 252 257 239 259 55 0 0 0 0 0 0 0 0 0 0 0 0 0 0 0 0 0 0 0 0 0 0 65 62 72 78 82 93 101 103 103 103 102 102 101 101 99 99 97 95 91 90 87 86 85 85 83 82 81 81 82 83 87 86 83 82 80 69 0 0 0 0 0 0 0 0 0 0 0 0 0 0 0 0 0 
67 72 67 68 69 70 70 71 71 71 71 72 72 73 73 74 75 76 77 78 78 79 79 79 79 80 80 81 81 81 81 79 79 78 76 71 0 0 0 0 0 0 0 0 0 0 0 0 0 0 0 0 0 0 0 0 0 0 0 0 0 0 0 0 0 0 0 0 0 0 51 70 79 84 87 97 100 102 104 107 109 110 111 106 98 84 78 68 58 41 0 0 0 0 204 206 172 179 150 143 60 0 0 0 0 0 0 0 0 0 0 0 0 0 0 0 0 0 0 0 0 0 0 51 55 67 76 82 93 101 103 103 103 102 102 101 101 99 97 96 92 89 84 81 77 75 74 74 73 72 73 75 77 81 83 82 81 80 69 0 0 0 0 0 0 0 0 0 0 0 0 0 0 0 0 0 
71 63 67 68 69 69 70 71 71 72 72 72 73 73 73 74 75 76 77 77 78 79 79 79 80 80 80 81 81 81 81 79 79 78 76 72 0 0 0 0 0 0 0 0 0 0 0 0 0 0 0 0 0 0 0 0 0 0 0 0 0 0 0 0 0 0 0 0 0 0 52 70 79 84 87 97 100 101 102 105 106 107 108 105 97 84 77 67 56 39 0 0 0 0 90 114 101 101 105 107 69 0 0 0 0 0 0 0 0 0 0 0 0 0 0 0 0 0 0 0 0 0 0 43 51 65 74 82 92 101 102 102 102 102 101 101 100 98 95 94 90 84 78 74 71 70 70 70 70 68 68 68 69 72 76 78 79 80 0 0 0 0 0 0 0 0 0 0 0 0 0 0 0 0 0 0 
66 65 68 68 69 69 70 71 71 72 72 72 73 73 73 74 75 76 76 77 78 78 78 79 79 80 81 81 81 81 81 79 79 79 77 72 0 0 0 0 0 0 0 0 0 0 0 0 0 0 0 0 0 0 0 0 0 0 0 0 0 0 0 0 0 0 0 0 0 0 50 68 77 83 86 97 100 101 102 104 105 106 107 104 97 83 76 66 55 37 0 0 0 0 0 109 101 101 101 108 84 0 0 0 0 0 0 0 0 0 0 0 0 0 0 0 0 0 0 0 0 0 0 41 51 67 76 82 93 101 102 102 102 101 100 100 100 97 95 93 87 78 73 71 70 70 71 72 70 68 66 65 61 60 63 64 63 67 0 0 0 0 0 0 0 0 0 0 0 0 0 0 0 0 0 63 
65 68 68 68 69 70 71 71 72 72 72 72 73 73 74 74 75 76 76 77 78 78 79 79 80 80 81 82 82 82 82 80 79 78 76 70 0 0 0 0 0 0 0 0 0 0 0 0 0 0 0 0 0 0 0 0 0 0 0 0 0 0 0 0 0 0 0 0 0 0 49 68 77 83 86 97 100 101 102 103 104 105 106 103 96 82 75 65 54 36 0 0 0 0 0 96 91 87 87 90 77 0 0 0 0 0 0 0 0 0 0 0 0 0 0 0 0 0 0 0 0 0 0 40 50 66 75 81 92 101 102 101 101 101 100 100 99 96 93 89 82 75 73 74 76 78 80 81 78 75 73 69 63 66 68 68 69 73 0 0 0 0 0 0 0 0 0 0 0 0 0 0 0 62 0 65 
71 65 68 69 70 70 70 71 72 72 72 73 73 73 74 74 75 75 76 77 77 78 78 79 79 79 81 81 81 82 82 80 79 78 76 70 0 0 0 0 0 0 0 0 0 0 0 0 0 0 0 0 0 0 0 0 0 0 0 0 0 0 0 0 0 0 0 0 0 0 49 68 77 83 86 97 100 101 101 102 103 104 104 102 95 81 74 64 53 36 0 0 0 0 0 83 85 79 79 81 76 0 0 0 0 0 0 0 0 0 0 0 0 0 0 0 0 0 0 0 0 0 0 41 51 67 76 81 92 100 101 101 101 100 100 100 98 96 92 88 83 80 79 81 82 82 83 83 79 77 74 70 67 74 75 75 76 79 0 0 0 0 0 0 0 0 0 0 0 0 0 0 0 62 0 57 
72 65 69 69 69 70 70 70 71 71 72 73 74 74 74 74 75 75 76 77 78 78 79 79 79 80 80 80 81 82 82 79 79 77 74 68 0 0 0 0 0 0 0 0 0 0 0 0 0 0 0 0 0 0 0 0 0 0 0 0 0 0 0 0 0 0 0 0 0 0 49 67 76 82 86 96 99 100 100 100 102 103 104 101 94 80 73 63 53 36 0 0 0 0 0 0 77 69 69 69 68 0 0 0 0 0 0 0 0 0 0 0 0 0 0 0 0 0 0 0 0 0 0 41 51 66 76 81 92 100 101 100 100 100 99 99 96 94 90 86 82 82 85 87 89 90 91 89 85 83 79 74 72 80 79 79 80 82 72 0 0 0 0 0 0 0 0 0 0 0 0 0 0 62 0 61 
66 73 69 69 70 70 70 70 71 71 72 73 73 73 74 74 74 75 75 77 77 78 78 79 79 80 81 80 81 81 82 79 79 77 74 68 0 0 0 0 0 0 0 0 0 0 0 0 0 0 0 0 0 0 0 0 0 0 0 0 0 0 0 0 0 0 0 0 0 0 48 67 76 82 86 96 99 100 99 100 101 102 103 100 92 79 72 61 51 36 0 0 0 0 0 0 67 60 60 60 60 47 0 0 0 0 0 0 0 0 0 0 0 0 0 0 0 0 0 0 0 0 0 0 53 69 78 83 92 100 100 100 100 99 99 99 94 93 89 84 81 86 88 90 92 93 93 89 85 83 78 73 75 83 81 81 82 83 71 0 0 0 0 0 0 0 0 0 0 0 0 0 0 64 57 70 
69 67 69 69 70 70 70 70 71 71 71 73 73 73 74 74 75 75 76 77 78 78 79 79 79 80 81 80 81 81 81 78 78 77 73 66 0 0 0 0 0 0 0 0 0 0 0 0 0 0 0 0 0 0 0 0 0 0 0 0 0 0 0 0 0 0 0 0 0 0 49 68 77 83 86 96 98 99 99 99 101 101 102 99 91 79 72 62 51 37 0 0 0 0 0 0 61 55 55 55 56 47 0 0 0 0 0 0 0 0 0 0 0 0 0 0 0 0 0 0 0 0 0 0 53 71 80 84 91 99 100 100 99 99 99 99 93 92 86 82 81 87 88 91 93 93 92 89 85 81 75 73 79 87 86 87 89 88 74 0 0 0 0 0 0 0 0 0 0 0 0 0 0 64 59 67 
66 65 68 69 69 70 69 69 70 70 71 72 73 73 73 73 74 75 75 77 77 78 79 79 79 80 80 80 80 81 81 78 78 77 73 66 0 0 0 0 0 0 0 0 0 0 0 0 0 0 0 0 0 0 0 0 0 0 0 0 0 0 0 0 0 0 0 0 0 0 48 68 76 82 85 95 97 98 98 98 100 101 102 98 90 80 73 62 52 0 0 0 0 0 0 0 0 53 53 53 53 0 0 0 0 0 0 0 0 0 0 0 0 0 0 0 0 0 0 0 0 0 0 0 57 74 82 86 91 99 99 99 99 98 98 98 93 91 85 82 81 87 88 92 93 92 91 88 86 81 77 77 84 89 87 89 90 88 73 0 0 0 0 0 0 0 0 0 0 0 0 0 61 64 67 71 
65 68 68 68 69 69 69 69 70 70 71 72 72 73 73 72 72 72 72 73 75 76 77 79 80 80 81 81 81 81 80 77 76 75 71 63 0 0 0 0 0 0 0 0 0 0 0 0 0 0 0 0 0 0 0 0 0 0 0 0 0 0 0 0 0 0 0 0 0 0 46 66 75 81 84 94 96 97 96 97 98 100 101 96 88 80 73 62 52 0 0 0 0 0 0 0 0 46 46 46 46 0 0 0 0 0 0 0 0 0 0 0 0 0 0 0 0 0 0 0 0 0 0 0 61 78 85 89 91 99 99 99 98 98 97 97 91 90 83 80 79 84 85 88 89 88 87 84 83 77 74 76 82 86 86 88 88 86 72 0 0 0 0 0 0 0 0 0 0 0 0 0 62 65 0 64 
68 66 68 69 69 70 70 70 70 70 71 72 72 72 71 70 70 69 68 70 72 73 76 78 79 80 81 81 81 81 81 77 77 75 72 63 0 0 0 0 0 0 0 0 0 0 0 0 0 0 0 0 0 0 0 0 0 0 0 0 0 0 0 0 0 0 0 0 0 0 45 65 74 80 83 93 95 96 96 97 97 99 99 95 86 81 74 62 53 0 0 0 0 0 0 0 0 0 0 0 0 0 0 0 0 0 0 0 0 0 0 0 0 0 0 0 0 0 0 0 0 0 0 0 62 79 85 89 91 99 99 99 97 96 94 92 86 84 80 77 77 83 84 87 87 85 83 81 79 71 71 73 77 81 82 82 81 81 69 0 0 0 0 0 0 0 0 0 0 0 0 0 63 65 60 61 
68 75 68 69 69 69 70 70 70 70 70 70 71 72 70 68 69 66 64 66 70 71 74 77 79 80 80 81 81 82 81 77 76 75 71 62 0 0 0 0 0 0 0 0 0 0 0 0 0 0 0 0 0 0 0 0 0 0 0 0 0 0 0 0 0 0 0 0 0 0 44 64 74 79 82 93 95 95 95 96 96 97 98 93 85 79 72 61 52 0 0 0 0 0 0 0 0 0 0 0 0 0 0 0 0 0 0 0 0 0 0 0 0 0 0 0 0 0 0 0 0 0 0 0 63 79 85 89 91 98 99 98 94 93 90 88 83 83 78 76 75 81 82 85 86 83 80 79 78 69 70 73 75 78 80 80 79 79 69 0 0 0 0 0 0 0 0 0 0 0 0 0 62 64 63 74 
66 69 68 69 69 70 70 70 70 70 70 70 71 72 69 66 66 63 60 63 67 69 73 76 79 79 80 81 81 82 81 77 76 75 71 61 0 0 0 0 0 0 0 0 0 0 0 0 0 0 0 0 0 0 0 0 0 0 0 0 0 0 0 0 0 0 0 0 0 0 43 63 73 78 82 92 94 95 94 94 95 96 97 92 83 78 71 59 51 0 0 0 0 0 0 0 0 0 0 0 0 0 0 0 0 0 0 0 0 0 0 0 0 0 0 0 0 0 0 0 0 0 0 0 62 78 85 89 91 98 99 95 92 90 86 83 80 80 77 74 73 78 80 81 82 79 77 75 73 67 69 72 73 75 77 77 76 76 0 0 0 0 0 0 0 0 0 0 0 0 0 0 63 65 60 68 
63 69 69 70 70 70 70 70 69 70 70 70 71 72 69 66 66 62 59 61 66 68 72 76 78 79 80 80 81 82 81 77 76 75 71 61 0 0 0 0 0 0 0 0 0 0 0 0 0 0 0 0 0 0 0 0 0 0 0 0 0 0 0 0 0 0 0 0 0 0 43 62 72 78 81 92 94 94 93 93 93 95 95 90 82 76 69 57 49 0 0 0 0 0 0 0 0 0 0 0 0 0 0 0 0 0 0 0 0 0 0 0 0 0 0 0 0 0 0 0 0 0 0 0 65 79 86 90 92 99 98 94 90 88 83 78 74 74 70 67 66 0 73 73 74 69 69 67 65 59 63 65 65 67 71 70 69 72 0 0 0 0 0 0 0 0 0 0 0 0 0 0 63 65 63 65 
70 71 69 70 70 70 70 69 69 69 70 70 71 71 70 67 67 65 63 64 68 70 73 76 78 79 79 80 80 81 81 77 77 75 71 62 0 0 0 0 0 0 0 0 0 0 0 0 0 0 0 0 0 0 0 0 0 0 0 0 0 0 0 0 0 0 0 0 0 0 43 62 72 78 81 91 94 93 93 93 93 94 94 89 81 75 68 56 47 0 0 0 0 0 0 0 0 0 0 0 0 0 0 0 0 0 0 0 0 0 0 0 0 0 0 0 0 0 0 0 0 0 0 0 65 79 86 90 91 98 97 93 89 85 77 68 63 61 0 0 0 0 0 0 0 0 0 0 0 0 0 0 0 0 0 0 0 0 0 0 0 0 0 0 0 0 0 0 0 0 0 0 63 65 68 71 
66 74 69 69 69 69 69 69 69 69 70 70 71 71 70 69 69 68 67 68 71 72 74 76 78 79 79 79 80 81 81 77 76 75 71 63 0 0 0 0 0 0 0 0 0 0 0 0 0 0 0 0 0 0 0 0 0 0 0 0 0 0 0 0 0 0 0 0 0 0 43 62 72 77 81 91 93 93 93 92 93 94 94 89 80 74 67 54 45 0 0 0 0 0 0 0 0 0 0 0 0 0 0 0 0 0 0 0 0 0 0 0 0 0 0 0 0 0 0 0 0 0 0 0 64 78 85 89 91 98 96 91 86 82 73 56 0 0 0 0 0 0 0 0 0 0 0 0 0 0 0 0 0 0 0 0 0 0 0 0 0 0 0 0 0 0 0 0 0 0 0 0 63 65 63 66 
64 69 69 70 69 69 69 68 69 69 70 71 71 71 71 71 71 71 71 71 73 74 75 77 78 79 79 79 80 80 80 77 76 75 71 64 0 0 0 0 0 0 0 0 0 0 0 0 0 0 0 0 0 0 0 0 0 0 0 0 0 0 0 0 0 0 0 0 0 0 43 62 71 77 80 91 93 93 93 93 93 93 94 88 78 74 67 54 45 0 0 0 0 0 0 0 0 0 0 0 0 0 0 0 0 0 0 0 0 0 0 0 0 0 0 0 0 0 0 0 0 0 0 0 62 78 84 88 90 97 96 90 85 81 72 54 0 0 0 0 0 0 0 0 0 0 0 0 0 0 0 0 0 0 0 0 0 0 0 0 0 0 0 0 0 0 0 0 0 0 0 60 63 65 64 70 
69 68 69 69 69 68 68 67 68 68 69 69 70 70 71 72 72 73 73 73 74 75 75 77 78 79 79 79 79 80 80 77 77 75 72 65 0 0 0 0 0 0 0 0 0 0 0 0 0 0 0 0 0 0 0 0 0 0 0 0 0 0 0 0 0 0 0 0 0 0 41 61 70 76 80 90 93 93 93 93 93 93 93 87 77 73 66 54 45 0 0 0 0 0 0 0 0 0 0 0 0 0 0 0 0 0 0 0 0 0 0 0 0 0 0 0 0 0 0 0 0 0 0 0 63 78 85 88 90 97 96 92 87 80 73 61 0 0 0 0 0 0 0 0 0 0 0 0 0 0 0 0 0 0 0 0 0 0 0 0 0 0 0 0 0 0 0 0 0 0 0 61 63 64 67 73 
64 70 68 68 67 67 67 65 65 66 66 66 67 68 70 71 73 74 75 75 76 76 76 77 78 78 78 79 79 79 79 77 77 75 72 66 0 0 0 0 0 0 0 0 0 0 0 0 0 0 0 0 0 0 0 0 0 0 0 0 0 0 0 0 0 0 0 0 0 0 40 60 70 76 79 90 92 93 93 93 93 93 93 86 76 72 65 53 44 0 0 0 0 0 0 0 0 0 0 0 0 0 0 0 0 0 0 0 0 0 0 0 0 0 0 0 0 0 0 0 0 0 0 0 62 77 84 87 89 96 95 92 88 82 76 69 64 0 0 0 0 0 0 0 0 0 0 0 0 0 0 0 0 0 0 0 0 0 0 0 0 0 0 0 0 0 0 0 0 0 0 62 64 65 67 61 
75 64 68 67 67 67 66 65 65 65 65 65 66 67 68 69 70 71 72 73 74 75 75 76 77 77 78 79 79 79 79 77 76 75 73 67 0 0 0 0 0 0 0 0 0 0 0 0 0 0 0 0 0 0 0 0 0 0 0 0 0 0 0 0 0 0 0 0 0 0 40 61 71 77 80 89 92 93 93 93 93 93 92 85 75 71 64 51 43 0 0 0 0 0 0 0 0 0 0 0 0 0 0 0 0 0 0 0 0 0 0 0 0 0 0 0 0 0 0 0 0 0 0 0 61 76 83 86 88 95 96 92 88 84 80 74 71 69 65 62 61 59 60 62 60 60 0 0 0 0 0 0 0 0 0 0 0 0 0 0 0 0 0 0 0 0 0 0 0 0 0 61 63 65 65 67 
0 0 67 67 66 67 66 64 63 63 63 63 65 66 67 68 69 71 71 70 70 70 70 71 73 74 75 76 76 76 76 74 74 73 71 66 0 0 0 0 0 0 0 0 0 0 0 0 0 0 0 0 0 0 0 0 0 0 0 0 0 0 0 0 0 0 0 0 0 0 0 64 74 79 82 89 92 92 92 92 92 92 91 84 74 71 63 51 43 0 0 0 0 0 0 0 0 0 0 0 0 0 0 0 0 0 0 0 0 0 0 0 0 0 0 0 0 0 0 0 0 0 0 0 62 77 83 86 88 95 95 94 90 87 84 80 77 76 74 73 72 71 71 72 70 70 69 68 0 0 0 0 0 0 0 0 0 0 0 0 0 0 0 0 0 0 0 0 0 0 0 62 65 65 64 68 
0 0 67 66 65 66 64 62 60 61 60 60 61 63 65 66 68 69 69 69 69 69 69 70 72 73 74 75 76 75 75 73 73 72 71 66 0 0 0 0 0 0 0 0 0 0 0 0 0 0 0 0 0 0 0 0 0 0 0 0 0 0 0 0 0 0 0 0 0 0 0 67 76 80 83 88 90 91 91 91 90 91 90 83 74 70 62 50 42 0 0 0 0 0 0 0 0 0 0 0 0 0 0 0 0 0 0 0 0 0 0 0 0 0 0 0 0 0 0 0 0 0 0 0 62 76 82 85 87 93 94 93 92 88 85 82 78 75 73 71 71 69 70 70 69 68 67 66 64 0 0 0 0 0 0 0 0 0 0 0 0 0 0 0 0 0 0 0 0 0 0 63 65 66 67 69 
0 0 0 64 62 64 63 60 58 58 57 57 59 61 63 64 65 67 66 66 66 67 66 68 70 72 73 74 74 74 74 72 72 71 70 0 0 0 0 0 0 0 0 0 0 0 0 0 0 0 0 0 0 0 0 0 0 0 0 0 0 0 0 0 0 0 0 0 0 0 0 66 73 77 79 81 83 84 84 84 83 84 84 77 70 67 60 48 40 0 0 0 0 0 0 0 0 0 0 0 0 0 0 0 0 0 0 0 0 0 0 0 0 0 0 0 0 0 0 0 0 0 0 0 61 71 76 78 80 85 85 86 85 85 84 82 79 77 73 71 71 69 70 70 69 68 67 66 64 0 0 0 0 0 0 0 0 0 0 0 0 0 0 0 0 0 0 0 0 0 0 64 66 66 75 66 
0 0 0 0 0 0 0 0 0 86 84 80 77 73 62 60 60 61 61 61 60 61 61 64 66 69 71 72 72 72 71 70 70 69 68 0 0 0 0 0 0 0 0 0 0 0 0 0 0 0 0 0 0 0 0 0 0 0 0 0 0 0 0 0 0 0 0 0 0 0 0 70 75 78 79 80 82 82 82 81 81 83 82 76 69 66 59 48 0 0 0 0 0 0 0 0 0 0 0 0 0 0 0 0 0 0 0 0 0 0 0 0 0 0 0 0 0 0 0 0 0 0 0 0 59 70 74 77 78 82 83 84 83 84 84 82 80 78 74 71 71 69 70 70 69 68 67 66 64 0 0 0 0 0 0 0 0 0 0 0 0 0 0 0 0 0 0 0 0 0 0 64 67 67 65 67 
0 0 0 0 0 0 0 0 0 91 86 82 82 84 67 0 0 0 0 0 0 51 52 54 58 63 64 65 65 64 63 63 64 0 0 0 0 0 0 0 0 0 0 0 0 0 0 0 0 0 0 0 0 0 0 0 0 0 0 0 0 0 0 0 0 0 0 0 0 0 0 0 72 75 76 77 79 79 79 78 78 79 78 73 67 65 58 48 0 0 0 0 0 0 0 0 0 0 0 0 0 0 0 0 0 0 0 0 0 0 0 0 0 0 0 0 0 0 0 0 0 0 0 0 0 67 72 74 75 79 79 80 79 80 81 81 79 80 78 76 76 75 75 75 74 71 70 68 66 0 0 53 53 53 53 0 0 0 0 0 0 0 0 0 0 0 0 0 0 0 0 65 67 67 69 66 
0 0 0 0 0 0 0 0 74 90 86 81 81 84 70 0 0 0 0 0 0 0 0 0 0 0 0 0 0 0 0 0 0 0 0 0 0 0 0 0 0 0 0 0 0 0 0 0 0 0 0 0 0 0 0 0 0 0 0 0 0 0 0 0 0 0 0 0 0 0 0 0 65 68 70 71 73 73 73 72 72 73 73 68 64 61 55 0 0 0 0 0 0 0 0 0 0 0 0 0 0 0 0 0 0 0 0 0 0 0 0 0 0 0 0 0 0 0 0 0 0 0 0 0 0 62 66 67 68 70 71 72 70 71 72 73 70 73 70 68 69 67 67 68 66 64 64 0 0 0 0 53 53 53 53 54 0 0 0 0 0 0 0 0 0 0 0 0 0 0 0 66 66 67 69 67 
0 0 0 0 0 0 0 0 68 82 84 81 82 85 73 62 0 0 0 0 0 0 0 0 0 0 0 0 0 0 0 0 0 0 0 0 0 0 0 0 0 0 0 0 0 0 0 0 0 0 0 0 0 0 0 0 0 0 0 0 0 0 0 0 0 0 0 0 0 0 0 0 0 0 56 56 58 57 58 57 57 58 59 56 55 0 0 0 0 0 0 0 0 0 0 0 0 0 0 0 0 0 0 0 0 0 0 0 0 0 0 0 0 0 0 0 0 0 0 0 0 0 0 0 0 0 0 54 54 53 53 52 49 0 0 0 0 0 0 0 0 0 0 0 0 0 0 0 0 0 0 53 53 53 53 54 0 0 0 0 0 0 0 0 0 0 0 0 0 0 0 66 65 67 63 72 
0 0 0 0 0 62 60 61 69 82 88 84 84 86 76 61 0 0 0 0 0 0 0 0 0 0 0 0 0 0 0 0 0 0 0 0 0 0 0 0 0 0 0 0 0 0 0 0 0 0 0 0 0 0 0 0 0 0 0 0 0 0 0 0 0 0 0 0 0 0 0 0 0 0 0 0 0 0 0 0 0 0 0 0 0 0 0 0 0 0 0 0 0 0 0 0 0 0 0 0 0 0 0 0 0 0 0 0 0 0 0 0 0 0 0 0 0 0 0 0 0 0 0 0 0 0 0 0 0 0 0 0 0 0 0 0 0 0 0 0 0 0 0 0 0 0 0 0 0 0 0 54 54 54 54 0 0 0 0 0 0 0 0 0 0 0 0 0 0 0 0 65 65 67 63 69 
0 0 0 71 68 65 64 64 67 77 87 84 84 87 81 63 0 0 0 0 0 0 0 0 0 0 0 0 0 0 0 0 0 0 0 0 0 0 0 0 0 0 0 0 0 0 0 0 0 0 0 0 0 0 0 0 0 0 0 0 0 0 0 0 0 0 0 0 0 0 0 0 0 0 0 0 0 0 0 0 0 0 0 0 0 0 0 0 0 0 0 0 0 0 0 0 0 0 0 0 0 0 0 0 0 0 0 0 0 0 0 0 0 0 0 0 0 0 0 0 0 0 0 0 0 0 0 0 0 0 0 0 0 0 0 0 0 0 0 0 0 0 0 0 0 0 0 0 0 0 0 52 52 52 52 0 0 0 0 0 0 0 0 0 0 0 0 0 0 0 0 64 64 66 62 73 
0 0 76 74 72 68 67 66 68 73 85 85 83 86 84 66 0 0 0 0 0 0 0 0 0 0 0 0 0 0 0 0 0 0 0 0 0 0 0 0 0 0 0 0 0 0 0 0 0 0 0 0 0 0 0 0 0 0 0 0 0 0 0 0 0 0 0 0 0 0 0 0 0 0 0 0 0 0 0 0 0 0 0 0 0 0 0 0 0 0 0 0 0 0 0 0 0 0 0 0 0 0 0 0 0 0 0 0 0 0 0 0 0 0 0 0 0 0 0 0 0 0 0 0 0 0 0 0 0 0 0 0 0 0 0 0 0 0 0 0 0 0 0 0 0 0 0 0 0 0 0 0 0 0 0 0 0 0 0 0 0 0 0 0 0 0 0 0 0 0 0 65 64 66 66 71 
0 0 77 76 74 71 69 69 70 73 84 85 83 85 87 70 59 0 0 0 0 0 0 0 0 0 0 0 0 0 0 0 0 0 0 0 0 0 0 0 0 0 0 0 0 0 0 0 0 0 0 0 0 0 0 0 0 0 0 0 0 0 0 0 0 0 0 0 0 0 0 0 0 0 0 0 0 0 0 0 0 0 0 0 0 0 0 0 0 0 0 0 0 0 0 0 0 0 0 0 0 0 0 0 0 0 0 0 0 0 0 0 0 0 0 0 0 0 0 0 0 0 0 0 0 0 0 0 0 0 0 0 0 0 0 0 0 0 0 0 0 0 0 0 0 0 0 0 0 0 0 0 0 0 0 0 0 0 0 0 0 0 0 0 0 0 0 0 0 0 0 0 63 66 63 72 
0 0 75 74 74 73 72 71 71 73 82 85 83 84 87 75 59 0 0 0 0 0 0 0 0 0 0 0 0 0 0 0 0 0 0 0 0 0 0 0 0 0 0 0 0 0 0 0 0 0 0 0 0 0 0 0 0 0 0 0 0 0 0 0 0 0 0 0 0 0 0 0 0 0 0 0 0 0 0 0 0 0 0 0 0 0 0 0 0 0 0 0 0 0 0 0 0 0 0 0 0 0 0 0 0 0 0 0 0 0 0 0 0 0 0 0 0 0 0 0 0 0 0 0 0 0 0 0 0 0 0 0 0 0 0 0 0 0 0 0 0 0 0 0 0 0 0 0 0 0 0 0 0 0 0 0 0 0 0 0 0 0 0 0 0 0 0 0 0 0 0 0 64 66 0 65 
0 0 74 74 74 74 73 72 72 73 79 84 81 83 85 78 59 0 0 0 0 0 0 0 0 0 0 0 0 0 0 0 0 0 0 0 0 0 0 0 0 0 0 0 0 0 0 0 0 0 0 0 0 0 0 0 0 0 0 0 0 0 0 0 0 0 0 0 0 0 0 0 0 0 0 0 0 0 0 0 0 0 0 0 0 0 0 0 0 0 0 0 0 0 0 0 0 0 0 0 0 0 0 0 0 0 0 0 0 0 0 0 0 0 0 0 0 0 0 0 0 0 0 0 0 0 0 0 0 0 0 0 0 0 0 0 0 0 0 0 0 0 0 0 0 0 0 0 0 0 0 0 0 0 0 0 0 0 0 0 0 0 0 0 0 0 0 0 0 0 0 0 0 65 0 64 
0 60 74 74 75 75 74 73 72 72 75 80 78 79 82 81 59 0 0 0 0 0 0 0 0 0 0 0 0 0 0 0 0 0 0 0 0 0 0 0 0 0 0 0 0 0 0 0 0 0 0 0 0 0 0 0 0 0 0 0 0 0 0 0 0 0 0 0 0 0 0 0 0 0 0 0 0 0 0 0 0 0 0 0 0 0 0 0 0 0 0 0 0 0 0 0 0 0 0 0 0 0 0 0 0 0 0 0 0 0 0 0 0 0 0 0 0 0 0 0 0 0 0 0 0 0 0 0 0 0 0 0 0 0 0 0 0 0 0 0 0 0 0 0 0 0 0 0 0 0 0 0 0 0 0 0 0 0 0 0 0 0 0 0 0 0 0 0 0 0 0 0 0 0 0 0 
0 62 72 73 74 75 74 72 72 71 72 77 76 78 81 82 0 0 0 0 0 0 0 0 0 0 0 0 0 0 0 0 0 0 0 0 0 0 0 0 0 0 0 0 0 0 0 0 0 0 0 0 0 0 0 0 0 0 0 0 0 0 0 0 0 0 0 0 0 0 0 0 0 0 0 0 0 0 0 0 0 0 0 0 0 0 0 0 0 0 0 0 0 0 0 0 0 0 0 0 0 0 0 0 0 0 0 0 0 0 0 0 0 0 0 0 0 0 0 0 0 0 0 0 0 0 0 0 0 0 0 0 0 0 0 0 0 0 0 0 0 0 0 0 0 0 0 0 0 0 0 0 0 0 0 0 0 0 0 0 0 0 0 0 0 0 0 0 0 0 0 0 0 0 0 0 
0 0 71 71 72 72 72 71 70 70 71 75 75 76 77 82 0 0 0 0 0 0 0 0 0 0 0 0 0 0 0 0 0 0 0 0 0 0 0 0 0 0 0 0 0 0 0 0 0 0 0 0 0 0 0 0 0 0 0 0 0 0 0 0 0 0 0 0 0 0 0 0 0 0 0 0 0 0 0 0 0 0 0 0 0 0 0 0 0 0 0 0 0 0 0 0 0 0 0 0 0 0 0 0 0 0 0 0 0 0 0 0 0 0 0 0 0 0 0 0 0 0 0 0 0 0 0 0 0 0 0 0 0 0 0 0 0 0 0 0 0 0 0 0 0 0 0 0 0 0 0 0 0 0 0 0 0 0 0 0 0 0 0 0 0 0 0 0 0 0 0 0 0 0 0 0 
69 61 104 89 81 74 70 70 70 70 70 72 76 98 121 157 173 192 182 174 0 0 0 0 0 0 0 0 0 0 0 0 0 0 0 0 0 0 0 0 0 0 0 0 0 0 0 0 0 0 0 0 0 0 0 0 0 0 0 0 0 0 0 0 0 0 0 0 0 0 0 0 0 0 0 0 0 0 0 0 0 0 0 0 0 0 0 0 0 0 0 0 0 0 0 0 0 0 0 0 0 0 0 0 0 0 0 0 0 0 0 0 0 0 0 0 0 0 0 0 0 0 0 0 0 0 0 0 0 0 0 0 0 0 0 0 0 0 0 0 0 0 0 0 0 0 0 0 0 0 0 0 0 0 0 0 0 0 0 0 0 0 0 0 0 0 0 0 0 0 0 0 0 0 0 0 
83 0 194 171 148 129 118 116 117 124 142 175 224 282 330 369 322 283 255 220 162 0 0 0 0 0 0 0 0 0 0 0 0 0 0 0 0 0 0 0 0 0 0 0 0 0 0 0 0 0 0 0 0 0 0 0 0 0 0 0 0 0 0 0 0 0 0 0 0 0 0 0 0 0 0 0 0 0 0 0 0 0 0 0 0 0 0 0 0 0 0 0 0 0 0 0 0 0 0 0 0 0 0 0 0 0 0 0 0 0 0 0 0 0 0 0 0 0 0 0 0 0 0 0 0 0 0 0 0 0 0 0 0 0 0 0 0 0 0 0 0 0 0 0 0 0 0 0 0 0 0 0 0 0 0 0 0 0 0 0 0 0 0 0 0 0 0 0 0 0 0 0 0 0 0 0 
341 224 272 260 244 228 221 232 251 282 329 375 411 430 436 429 367 310 275 226 155 0 0 0 0 0 0 0 0 0 0 0 0 0 0 0 0 0 0 0 0 0 0 0 0 0 0 0 0 0 0 0 0 0 0 0 0 0 0 0 0 0 0 0 0 0 0 0 0 0 0 0 0 0 0 0 0 0 0 0 0 0 0 0 0 0 0 0 0 0 0 0 0 0 0 0 0 0 0 0 0 0 0 0 0 0 0 0 0 0 0 0 0 0 0 0 0 0 0 0 0 0 0 0 0 0 0 0 0 0 0 0 0 0 0 0 0 0 0 0 0 0 0 0 0 0 0 0 0 0 0 0 0 0 0 0 0 0 0 0 0 0 0 0 0 0 0 0 0 0 0 0 0 0 0 0 
480 475 349 342 326 311 311 334 352 376 409 431 437 454 459 445 378 324 285 229 153 0 0 0 0 0 0 0 0 0 0 0 0 0 0 0 0 0 0 0 0 0 0 0 0 0 0 0 0 0 0 0 0 0 0 0 0 0 0 0 0 0 0 0 0 0 0 0 0 0 0 0 0 0 0 0 0 0 0 0 0 0 0 0 0 0 0 0 0 0 0 0 0 0 0 0 0 0 0 0 0 0 0 0 0 0 0 0 0 0 0 0 0 0 0 0 0 0 0 0 0 0 0 0 0 0 0 0 0 0 0 0 0 0 0 0 0 0 0 0 0 0 0 0 0 0 0 0 0 0 0 0 0 0 0 0 0 0 0 0 0 0 0 0 0 0 0 0 0 0 0 0 0 0 0 0 
431 444 380 375 375 376 380 392 395 400 410 428 435 450 455 438 383 333 294 235 155 0 0 0 0 0 0 0 0 0 0 0 0 0 0 0 0 0 0 0 0 0 0 0 0 0 0 0 0 0 0 0 0 0 0 0 0 0 0 0 0 0 0 0 0 0 0 0 0 0 0 0 0 0 0 0 0 0 0 0 0 0 0 0 0 0 0 0 0 0 0 0 0 0 0 0 0 0 0 0 0 0 0 0 0 0 0 0 0 0 0 0 0 0 0 0 0 0 0 0 0 0 0 0 0 0 0 0 0 0 0 0 0 0 0 0 0 0 0 0 0 0 0 0 0 0 0 0 0 0 0 0 0 0 0 0 0 0 0 0 0 0 0 0 0 0 0 0 0 0 0 0 0 0 0 0 
406 405 416 411 406 400 394 391 393 397 406 422 443 464 477 462 400 349 303 230 136 0 0 0 0 0 0 0 0 0 0 0 0 0 0 0 0 0 0 0 0 0 0 0 0 0 0 0 0 0 0 0 0 0 0 0 0 0 0 0 0 0 0 0 0 0 0 0 0 0 0 0 0 0 0 0 0 0 0 0 0 0 0 0 0 0 0 0 0 0 0 0 0 0 0 0 0 0 0 0 0 0 0 0 0 0 0 0 0 0 0 0 0 0 0 0 0 0 0 0 0 0 0 0 0 0 0 0 0 0 0 0 0 0 0 0 0 0 0 0 0 0 0 0 0 0 0 0 0 0 0 0 0 0 0 0 0 0 0 0 0 0 0 0 0 0 0 0 0 0 0 0 0 0 0 0 
388 402 396 403 408 413 415 417 422 427 432 442 453 459 459 429 360 319 275 200 118 0 0 0 0 0 0 0 0 0 0 0 0 0 0 0 0 0 0 0 0 0 0 0 0 0 0 0 0 0 0 0 0 0 0 0 0 0 0 0 0 0 0 0 0 0 0 0 0 0 0 0 0 0 0 0 0 0 0 0 0 0 0 0 0 0 0 0 0 0 0 0 0 0 0 0 0 0 0 0 0 0 0 0 0 0 0 0 0 0 0 0 0 0 0 0 0 0 0 0 0 0 0 0 0 0 0 0 0 0 0 0 0 0 0 0 0 0 0 0 0 0 0 0 0 0 0 0 0 0 0 0 0 0 0 0 0 0 0 0 0 0 0 0 0 0 0 0 0 0 0 0 0 0 0 0 
358 371 352 370 383 388 391 393 396 398 403 411 420 423 420 384 318 287 246 172 104 0 0 0 0 0 0 0 0 0 0 0 0 0 0 0 0 0 0 0 0 0 0 0 0 0 0 0 0 0 0 0 0 0 0 0 0 0 0 0 0 0 0 0 0 0 0 0 0 0 0 0 0 0 0 0 0 0 0 0 0 0 0 0 0 0 0 0 0 0 0 0 0 0 0 0 0 0 0 0 0 0 0 0 0 0 0 0 0 0 0 0 0 0 0 0 0 0 0 0 0 0 0 0 0 0 0 0 0 0 0 0 0 0 0 0 0 0 0 0 0 0 0 0 0 0 0 0 0 0 0 0 0 0 0 0 0 0 0 0 0 0 0 0 0 0 0 0 0 0 0 0 0 0 0 0 
250 343 324 344 356 371 378 378 379 380 383 388 394 392 386 346 284 253 214 143 91 0 0 0 0 0 0 0 0 0 0 0 0 0 0 0 0 0 0 0 0 0 0 0 0 0 0 0 0 0 0 0 0 0 0 0 0 0 0 0 0 0 0 0 0 0 0 0 0 0 0 0 0 0 0 0 0 0 0 0 0 0 0 0 0 0 0 0 0 0 0 0 0 0 0 0 0 0 0 0 0 0 0 0 0 0 0 0 0 0 0 0 0 0 0 0 0 0 0 0 0 0 0 0 0 0 0 0 0 0 0 0 0 0 0 0 0 0 0 0 0 0 0 0 0 0 0 0 0 0 0 0 0 0 0 0 0 0 0 0 0 0 0 0 0 0 0 0 0 0 0 0 0 0 0 0 
76 145 291 317 331 344 358 362 363 365 369 374 379 374 365 321 268 237 199 126 85 0 0 0 0 0 0 0 0 0 0 0 0 0 0 0 0 0 0 0 0 0 0 0 0 0 0 0 0 0 0 0 0 0 0 0 0 0 0 0 0 0 0 0 0 0 0 0 0 0 0 0 0 0 0 0 0 0 0 0 0 0 0 0 0 0 0 0 0 0 0 0 0 0 0 0 0 0 0 0 0 0 0 0 0 0 0 0 0 0 0 0 0 0 0 0 0 0 0 0 0 0 0 0 0 0 0 0 0 0 0 0 0 0 0 0 0 0 0 0 0 0 0 0 0 0 0 0 0 0 0 0 0 0 0 0 0 0 0 0 0 0 0 0 0 0 0 0 0 0 0 0 0 0 0 0 
0 0 251 280 296 311 324 337 343 346 349 352 356 351 341 297 256 226 187 115 0 0 0 0 0 0 0 0 0 0 0 0 0 0 0 0 0 0 0 0 0 0 0 0 0 0 0 0 0 0 0 0 0 0 0 0 0 0 0 0 0 0 0 0 0 0 0 0 0 0 0 0 0 0 0 0 0 0 0 0 0 0 0 0 0 0 0 0 0 0 0 0 0 0 0 0 0 0 0 0 0 0 0 0 0 0 0 0 0 0 0 0 0 0 0 0 0 0 0 0 0 0 0 0 0 0 0 0 0 0 0 0 0 0 0 0 0 0 0 0 0 0 0 0 0 0 0 0 0 0 0 0 0 0 0 0 0 0 0 0 0 0 0 0 0 0 0 0 0 0 0 0 0 0 0 0 
0 0 213 251 264 276 287 296 296 305 312 318 325 323 311 276 244 214 174 107 0 0 0 0 0 0 0 0 0 0 0 0 0 0 0 0 0 0 0 0 0 0 0 0 0 0 0 0 0 0 0 0 0 0 0 0 0 0 0 0 0 0 0 0 0 0 0 0 0 0 0 0 0 0 0 0 0 0 0 0 0 0 0 0 0 0 0 0 0 0 0 0 0 0 0 0 0 0 0 0 0 0 0 0 0 0 0 0 0 0 0 0 0 0 0 0 0 0 0 0 0 0 0 0 0 0 0 0 0 0 0 0 0 0 0 0 0 0 0 0 0 0 0 0 0 0 0 0 0 0 0 0 0 0 0 0 0 0 0 0 0 0 0 0 0 0 0 0 0 0 0 0 0 0 0 0 
0 0 188 223 231 249 266 277 279 290 298 293 291 281 269 240 221 199 168 100 0 0 0 0 0 0 0 0 0 0 0 0 0 0 0 0 0 0 0 0 0 0 0 0 0 0 0 0 0 0 0 0 0 0 0 0 0 0 0 0 0 0 0 0 0 0 0 0 0 0 0 0 0 0 0 0 0 0 0 0 0 0 0 0 0 0 0 0 0 0 0 0 0 0 0 0 0 0 0 0 0 0 0 0 0 0 0 0 0 0 0 0 0 0 0 0 0 0 0 0 0 0 0 0 0 0 0 0 0 0 0 0 0 0 0 0 0 0 0 0 0 0 0 0 0 0 0 0 0 0 0 0 0 0 0 0 0 0 0 0 0 0 0 0 0 0 0 0 0 0 0 0 0 0 0 0 
0 0 0 187 196 208 228 246 250 265 276 271 269 260 248 222 213 195 167 0 0 0 0 0 0 0 0 0 0 0 0 0 0 0 0 0 0 0 0 0 0 0 0 0 0 0 0 0 0 0 0 0 0 0 0 0 0 0 0 0 0 0 0 0 0 0 0 0 0 0 0 0 0 0 0 0 0 0 0 0 0 0 0 0 0 0 0 0 0 0 0 0 0 0 0 0 0 0 0 0 0 0 0 0 0 0 0 0 0 0 0 0 0 0 0 0 0 0 0 0 0 0 0 0 0 0 0 0 0 0 0 0 0 0 0 0 0 0 0 0 0 0 0 0 0 0 0 0 0 0 0 0 0 0 0 0 0 0 0 0 0 0 0 0 0 0 0 0 0 0 0 0 0 0 0 0 
0 0 0 0 145 165 182 203 212 231 243 237 234 226 213 194 188 174 0 0 0 0 0 0 0 0 0 0 0 0 0 0 0 0 0 0 0 0 0 0 0 0 0 0 0 0 0 0 0 0 0 0 0 0 0 0 0 0 0 0 0 0 0 0 0 0 0 0 0 0 0 0 0 0 0 0 0 0 0 0 0 0 0 0 0 0 0 0 0 0 0 0 0 0 0 0 0 0 0 0 0 0 0 0 0 0 0 0 0 0 0 0 0 0 0 0 0 0 0 0 0 0 0 0 0 0 0 0 0 0 0 0 0 0 0 0 0 0 0 0 0 0 0 0 0 0 0 0 0 0 0 0 0 0 0 0 0 0 0 0 0 0 0 0 0 0 0 0 0 0 0 0 0 0 0 0 
0 0 0 0 0 0 0 126 138 168 195 192 194 183 169 158 151 0 0 0 0 0 0 0 0 0 0 0 0 0 0 0 0 0 0 0 0 0 0 0 0 0 0 0 0 0 0 0 0 0 0 0 0 0 0 0 0 0 0 0 0 0 0 0 0 0 0 0 0 0 0 0 0 0 0 0 0 0 0 0 0 0 0 0 0 0 0 0 0 0 0 0 0 0 0 0 0 0 0 0 0 0 0 0 0 0 0 0 0 0 0 0 0 0 0 0 0 0 0 0 0 0 0 0 0 0 0 0 0 0 0 0 0 0 0 0 0 0 0 0 0 0 0 0 0 0 0 0 0 0 0 0 0 0 0 0 0 0 0 0 0 0 0 0 0 0 0 0 0 0 0 0 0 0 0 0 
0 0 0 0 0 0 0 0 0 0 0 0 0 0 0 0 0 0 0 0 0 0 0 0 0 0 0 0 0 0 0 0 0 0 0 0 0 0 0 0 0 0 0 0 0 0 0 0 0 0 0 0 0 0 0 0 0 0 0 0 0 0 0 0 0 0 0 0 0 0 0 0 0 0 0 0 0 0 0 0 0 0 0 0 0 0 0 0 0 0 0 0 0 0 0 0 0 0 0 0 0 0 0 0 0 0 0 0 0 0 0 0 0 0 0 0 0 0 0 0 0 0 0 0 0 0 0 0 0 0 0 0 0 0 0 0 0 0 0 0 0 0 0 0 0 0 0 0 0 0 0 0 0 0 0 0 0 0 0 0 0 0 0 0 0 0 0 0 0 0 0 0 0 0 0 0 
0 0 0 0 0 0 0 0 0 0 0 0 0 0 0 0 0 0 0 0 0 0 0 0 0 0 0 0 0 0 0 0 0 0 0 0 0 0 0 0 0 0 0 0 0 0 0 0 0 0 0 0 0 0 0 0 0 0 0 0 0 0 0 0 0 0 0 0 0 0 0 0 0 0 0 0 0 0 0 0 0 0 0 0 0 0 0 0 0 0 0 0 0 0 0 0 0 0 0 0 0 0 0 0 0 0 0 0 0 0 0 0 0 0 0 0 0 0 0 0 0 0 0 0 0 0 0 0 0 0 0 0 0 0 0 0 0 0 0 0 0 0 0 0 0 0 0 0 0 0 0 0 0 0 0 0 0 0 0 0 0 0 0 0 0 0 0 0 0 0 0 0 0 0 0 0 
0 0 0 0 0 0 0 0 0 0 0 0 0 0 0 0 0 0 0 0 0 0 0 0 0 0 0 0 0 0 0 0 0 0 0 0 0 0 0 0 0 0 0 0 0 0 0 0 0 0 0 0 0 0 0 0 0 0 0 0 0 0 0 0 0 0 0 0 0 0 0 0 0 0 0 0 0 0 0 0 0 0 0 0 0 0 0 0 0 0 0 0 0 0 0 0 0 0 0 0 0 0 0 0 0 0 0 0 0 0 0 0 0 0 0 0 0 0 0 0 0 0 0 0 0 0 0 0 0 0 0 0 0 0 0 0 0 0 0 0 0 0 0 0 0 0 0 0 0 0 0 0 0 0 0 0 0 0 0 0 0 0 0 0 0 0 0 0 0 0 0 0 0 0 0 0 
0 0 0 0 0 0 0 0 0 0 0 0 0 0 0 0 0 0 0 0 0 0 0 0 0 0 0 0 0 0 0 0 0 0 0 0 0 0 0 0 0 0 0 0 0 0 0 0 0 0 0 0 0 0 0 0 0 0 0 0 0 0 0 0 0 0 0 0 0 0 0 0 0 0 0 0 0 0 0 0 0 0 0 0 0 0 0 0 0 0 0 0 0 0 0 0 0 0 0 0 0 0 0 0 0 0 0 0 0 0 0 0 0 0 0 0 0 0 0 0 0 0 0 0 0 0 0 0 0 0 0 0 0 0 0 0 0 0 0 0 0 0 0 0 0 0 0 0 0 0 0 0 0 0 0 0 0 0 0 0 0 0 0 0 0 0 0 0 0 0 0 0 0 0 0 0 
0 0 0 0 0 0 0 0 0 0 0 0 0 0 0 0 0 0 0 0 0 0 0 0 0 0 0 0 0 0 0 0 0 0 0 0 0 0 0 0 0 0 0 0 0 0 0 0 0 0 0 0 0 0 0 0 0 0 0 0 0 0 0 0 0 0 0 0 0 0 0 0 0 0 0 0 0 0 0 0 0 0 0 0 0 0 0 0 0 0 0 0 0 0 0 0 0 0 0 0 0 0 0 0 0 0 0 0 0 0 0 0 0 0 0 0 0 0 0 0 0 0 0 0 0 0 0 0 0 0 0 0 0 0 0 0 0 0 0 0 0 0 0 0 0 0 0 0 0 0 0 0 0 0 0 0 0 0 0 0 0 0 0 0 0 0 0 0 0 0 0 0 0 0 0 0 
0 0 0 0 0 0 0 0 0 0 0 0 0 0 0 0 0 0 0 0 0 0 0 0 0 0 0 0 0 0 0 0 0 0 0 0 0 0 0 0 0 0 0 0 0 0 0 0 0 0 0 0 0 0 0 0 0 0 0 0 0 0 0 0 0 0 0 0 0 0 0 0 0 0 0 0 0 0 0 0 0 0 0 0 0 0 0 0 0 0 0 0 0 0 0 0 0 0 0 0 0 0 0 0 0 0 0 0 0 0 0 0 0 0 0 0 0 0 0 0 0 0 0 0 0 0 0 0 0 0 0 0 0 0 0 0 0 0 0 0 0 0 0 0 0 0 0 0 0 0 0 0 0 0 0 0 0 0 0 0 0 0 0 0 0 0 0 0 0 0 0 0 0 0 0 0 
0 0 0 0 0 0 0 0 0 0 0 0 0 0 0 0 0 0 0 0 0 0 0 0 0 0 0 0 0 0 0 0 0 0 0 0 0 0 0 0 0 0 0 0 0 0 0 0 0 0 0 0 0 0 0 0 0 0 0 0 0 0 0 0 0 0 0 0 0 0 0 0 0 0 0 0 0 0 0 0 0 0 0 0 0 0 0 0 0 0 0 0 0 0 0 0 0 0 0 0 0 0 0 0 0 0 0 0 0 0 0 0 0 0 0 0 0 0 0 0 0 0 0 0 0 0 0 0 0 0 0 0 0 0 0 0 0 0 0 0 0 0 0 0 0 0 0 0 0 0 0 0 0 0 0 0 0 0 0 0 0 0 0 0 0 0 0 0 0 0 0 0 0 0 0 0 
0 0 0 0 0 0 0 0 0 0 0 0 0 0 0 0 0 0 0 0 0 0 0 0 0 0 0 0 0 0 0 0 0 0 0 0 0 0 0 0 0 0 0 0 0 0 0 0 0 0 0 0 0 0 0 0 0 0 0 0 0 0 0 0 0 0 0 0 0 0 0 0 0 0 0 0 0 0 0 0 0 0 0 0 0 0 0 0 0 0 0 0 0 0 0 0 0 0 0 0 0 0 0 0 0 0 0 0 0 0 0 0 0 0 0 0 0 0 0 0 0 0 0 0 0 0 0 0 0 0 0 0 0 0 0 0 0 0 0 0 0 0 0 0 0 0 0 0 0 0 0 0 0 0 0 0 0 0 0 0 0 0 0 0 0 0 0 0 0 0 0 0 0 0 0 0 
