94 89 94 92 91 88 90 98 88 89 83 81 74 82 88 88 80 81 77 77 73 84 85 82 75 86 79 86 87 88 80 83 82 82 84 80 73 76 76 76 81 82 81 78 82 81 81 83 78 76 75 79 77 84 82 81 79 78 76 81 76 74 73 68 78 81 79 85 81 82 80 74 75 73 82 80 81 87 82 83 79 81 82 75 82 79 81 85 73 69 78 79 84 84 82 78 81 82 81 84 78 80 78 83 85 84 78 85 84 78 85 84 82 77 65 76 82 87 86 88 88 88 87 90 87 89 94 89 88 94 86 95 90 92 95 87 100 96 92 91 85 92 102 96 96 105 99 100 96 108 112 104 105 105 109 119 115 113 100 92 78 81 78 83 82 80 82 86 78 83 84 85 99 96 93 109 
89 86 91 84 84 90 91 93 86 85 81 81 74 77 75 78 73 76 90 82 81 89 83 83 85 91 89 85 81 88 81 81 86 82 79 80 79 72 66 71 78 80 83 82 83 78 84 80 79 74 78 76 80 73 78 76 82 74 82 75 78 76 69 61 71 74 80 80 79 79 78 81 83 86 77 82 85 83 81 84 81 79 82 83 80 76 80 81 74 61 77 81 80 79 82 83 82 83 80 79 78 77 80 82 80 83 86 87 83 83 78 85 83 77 63 79 81 85 84 88 87 84 88 92 86 90 91 87 96 91 96 92 94 94 96 94 93 93 90 86 86 92 92 97 96 93 96 99 99 105 106 111 111 109 109 114 111 101 89 80 77 84 79 82 80 80 85 87 85 76 83 90 88 95 101 104 
85 82 85 84 85 84 84 85 84 83 82 81 80 79 78 78 80 80 80 81 82 82 82 83 82 82 83 83 83 82 81 81 81 80 80 79 77 75 74 74 75 75 76 77 78 78 77 77 77 76 76 76 77 77 77 77 78 77 77 77 76 74 73 72 72 74 75 77 78 78 78 78 78 78 79 79 80 80 80 80 79 79 79 79 79 80 79 76 76 75 75 77 79 80 79 79 79 79 78 79 78 79 79 80 80 81 81 81 81 81 81 80 77 77 77 78 79 82 84 84 84 85 86 86 87 88 88 89 89 90 90 91 91 92 92 91 91 90 90 90 90 92 93 95 95 97 97 98 100 102 103 104 106 106 105 102 97 91 86 82 79 79 78 78 78 79 78 79 80 82 84 87 91 95 101 93 
85 82 82 82 83 82 83 83 83 82 82 81 80 79 78 77 78 78 79 80 81 81 81 82 81 82 82 82 81 81 80 80 79 79 79 78 77 76 74 73 73 74 75 75 77 76 76 76 76 75 75 75 76 76 76 75 76 76 76 76 76 74 73 72 72 73 74 76 77 78 78 78 78 79 79 80 80 81 81 82 82 81 81 81 82 82 81 80 79 79 79 80 82 83 82 82 82 81 81 81 81 82 82 82 83 84 84 84 84 83 83 82 80 79 79 80 81 83 84 84 84 85 85 85 86 87 88 88 88 89 89 89 90 90 90 89 89 89 88 89 90 92 93 94 94 95 96 97 98 100 102 103 104 103 100 96 90 85 81 78 77 77 77 77 77 78 77 77 79 81 83 86 91 94 99 106 
76 79 81 81 81 81 81 81 81 81 81 81 80 79 78 77 77 76 77 78 79 79 80 80 80 80 80 80 80 79 78 78 78 78 78 77 77 76 75 73 72 72 72 73 74 74 74 74 74 74 74 75 75 75 75 76 76 77 77 78 78 78 77 76 76 77 78 80 80 82 82 82 83 84 84 84 85 85 86 86 86 86 86 86 87 87 87 86 85 85 85 86 86 87 86 86 86 86 86 87 87 87 88 87 88 88 88 89 89 89 89 87 86 86 86 86 88 89 89 89 89 88 89 89 89 90 91 90 90 91 90 90 90 90 89 88 88 88 88 89 90 91 92 93 93 94 95 96 97 98 99 100 101 98 94 90 85 80 78 76 75 76 76 75 75 75 73 74 77 80 82 86 90 93 100 97 
74 80 80 80 80 80 81 80 80 80 80 80 80 80 78 77 76 75 75 76 76 77 78 78 78 78 78 78 78 78 77 77 77 76 76 76 75 75 74 73 72 72 72 73 75 75 75 76 76 76 77 78 79 79 79 80 80 81 81 82 82 83 82 82 82 82 83 85 85 86 87 87 87 87 87 88 89 89 90 90 91 90 90 90 91 91 91 91 91 92 92 92 92 92 91 91 91 92 92 92 93 93 93 93 93 93 93 94 94 94 94 93 92 92 92 92 93 94 93 94 93 93 93 93 94 95 95 95 95 95 94 94 94 94 93 92 92 92 92 93 93 94 94 95 94 95 95 96 98 99 99 98 98 93 89 85 81 77 76 75 75 75 75 74 74 75 72 76 79 81 82 85 88 92 94 97 
83 84 80 80 80 80 80 80 80 79 79 79 79 79 78 77 75 74 73 74 74 75 75 75 76 76 76 76 76 76 76 76 76 76 76 76 77 77 77 76 76 76 77 77 79 80 80 80 81 81 81 82 83 83 83 83 83 84 85 86 87 87 87 87 87 87 88 89 90 91 91 91 91 92 92 92 93 94 94 95 95 94 95 95 96 96 96 96 97 97 97 97 96 96 96 96 96 96 97 98 98 98 97 97 97 98 98 98 99 99 98 98 98 98 98 98 99 99 99 98 98 98 97 98 98 99 99 99 99 99 99 98 98 99 98 97 97 97 97 98 98 98 98 98 98 99 99 101 102 103 102 100 97 91 85 81 77 75 75 74 73 74 73 73 73 0 0 0 79 81 82 84 88 91 94 98 
76 80 78 79 78 79 78 78 78 78 77 77 77 77 76 75 73 72 71 71 71 72 73 74 75 75 75 76 76 77 77 77 78 79 78 79 80 80 80 80 80 80 81 81 83 84 84 84 85 85 85 86 86 86 86 87 87 88 89 90 91 92 92 92 92 93 93 94 94 95 95 96 96 97 97 98 98 99 99 100 100 100 100 100 100 100 101 102 102 102 102 102 102 101 101 101 101 101 102 102 103 103 103 102 102 103 103 103 104 104 104 104 104 103 104 104 105 105 105 104 104 103 103 104 104 104 104 104 104 104 103 103 103 103 102 101 101 101 101 102 102 102 102 102 102 103 104 105 106 107 107 103 98 92 85 79 77 74 74 73 72 72 72 72 0 0 0 0 79 80 81 83 86 90 92 101 
80 78 77 77 77 77 77 76 76 76 75 75 75 74 74 74 72 72 71 71 71 72 73 74 76 77 77 78 78 79 79 80 81 82 81 82 82 83 83 84 84 84 85 85 86 87 88 88 89 89 89 90 90 91 90 91 92 93 94 94 95 96 96 97 97 97 97 98 98 99 99 100 100 100 100 101 101 101 101 101 101 101 102 102 102 102 103 103 104 103 103 103 103 102 102 102 102 103 103 104 104 104 104 104 104 104 104 105 105 106 106 106 106 106 107 107 108 108 108 108 108 108 108 109 109 109 109 109 109 108 108 108 108 108 107 107 107 107 106 107 107 106 106 106 106 107 108 109 111 112 111 106 100 93 86 79 76 74 73 72 71 71 70 0 0 0 0 0 78 79 80 82 84 89 102 101 
71 78 76 75 75 75 75 74 74 73 73 73 73 73 74 74 74 73 73 73 73 74 75 76 77 79 80 80 81 81 81 82 83 84 84 85 86 86 86 87 88 89 90 90 91 91 92 93 93 93 93 94 94 94 94 94 95 95 96 96 97 98 97 97 98 98 97 98 98 99 99 99 99 99 99 99 100 100 99 100 100 100 100 101 101 102 102 103 103 103 103 103 102 102 102 102 102 102 102 103 103 103 103 103 103 103 103 103 104 105 104 105 105 105 106 107 107 107 107 108 108 108 108 109 109 110 110 110 109 109 109 110 111 111 111 111 111 111 110 111 110 110 110 110 110 111 112 113 115 116 115 110 103 96 87 79 75 74 71 70 70 69 0 0 0 0 0 0 76 78 79 81 83 88 91 99 
74 74 74 74 73 73 74 74 74 74 75 75 75 75 75 75 75 76 76 76 76 76 77 78 79 81 82 83 83 84 84 85 86 87 88 89 89 89 90 90 91 91 92 92 93 93 93 94 94 94 94 94 94 93 93 94 94 95 95 95 96 97 96 97 97 97 96 96 96 97 97 97 98 98 98 98 99 99 99 99 100 100 100 100 101 100 100 100 101 100 101 100 100 100 100 100 100 100 100 100 101 101 101 101 100 101 101 101 102 102 102 103 104 104 105 106 106 107 107 107 107 107 107 108 108 108 109 108 108 108 108 109 109 110 110 110 110 111 111 111 111 111 111 112 112 113 115 116 117 119 119 114 107 99 88 79 75 73 70 68 68 0 0 0 0 0 0 0 75 76 78 80 82 87 85 99 
77 73 73 74 74 74 75 74 74 75 76 76 76 77 77 76 77 77 78 78 79 79 80 82 83 84 85 86 86 86 86 87 88 89 89 90 90 90 91 91 91 92 92 92 92 92 92 92 92 93 93 93 92 92 92 92 93 93 93 93 93 93 92 92 92 91 90 90 91 92 92 92 94 95 96 97 98 99 99 99 99 99 99 98 98 97 96 94 94 94 94 93 93 93 93 93 93 93 93 93 94 94 95 95 95 95 95 95 96 97 98 98 99 99 99 99 99 100 100 100 101 101 102 104 105 106 107 107 107 107 108 108 109 110 110 110 110 110 110 110 110 110 109 110 111 112 113 115 116 119 120 116 108 99 89 79 74 71 69 67 0 0 0 0 0 0 0 0 72 74 77 78 81 85 90 99 
71 68 74 74 75 76 76 76 76 77 77 78 78 79 79 78 79 80 81 81 82 83 84 84 85 86 86 87 86 87 86 87 87 88 88 89 89 89 89 89 90 90 90 89 89 89 88 87 87 88 87 88 88 87 86 85 85 85 87 88 90 91 91 91 90 89 89 89 90 90 91 90 91 92 94 95 97 98 98 98 98 98 98 96 95 94 93 92 92 92 92 91 91 91 91 90 91 91 91 91 92 93 93 93 94 93 93 94 95 96 96 97 97 97 97 98 97 98 98 99 99 99 98 100 101 102 103 106 106 106 107 107 108 109 109 110 110 110 110 110 109 109 109 109 109 110 111 112 114 116 118 115 107 99 90 79 72 70 68 0 0 0 0 0 0 0 0 0 69 72 75 76 79 84 88 97 
77 74 76 76 76 77 77 77 78 78 79 80 81 81 81 81 82 82 83 83 84 84 84 85 85 86 86 86 86 86 86 86 86 87 87 87 86 86 85 84 83 84 85 85 87 88 86 86 86 86 86 86 86 85 83 83 82 83 85 86 88 90 89 89 88 87 86 86 87 88 88 86 87 90 92 93 97 98 98 98 98 98 98 95 93 92 89 87 88 88 89 88 88 87 87 87 87 87 87 87 88 89 89 90 90 90 90 91 92 93 93 94 95 95 94 95 94 95 95 96 96 97 95 96 98 99 101 104 106 106 107 108 108 108 109 109 109 109 109 109 108 108 108 108 108 109 110 111 112 115 116 114 106 99 91 80 71 68 0 0 0 0 0 0 0 0 0 0 67 71 73 74 77 82 92 94 
79 75 77 77 78 79 79 79 80 81 82 82 82 82 82 82 82 83 83 83 84 84 84 84 84 85 84 85 85 85 85 86 86 85 85 85 85 84 84 83 82 83 83 84 85 87 84 84 84 84 84 84 84 83 81 79 78 79 81 82 84 87 86 85 83 82 81 81 81 83 83 80 83 87 90 92 97 98 98 98 98 98 97 93 91 88 85 80 82 82 82 81 81 80 80 80 81 81 80 81 82 82 83 84 85 85 84 85 87 88 89 90 89 89 89 89 89 89 90 90 91 92 90 90 94 97 99 103 106 107 107 108 108 108 109 108 108 108 108 108 108 107 107 106 106 107 108 109 110 112 114 112 104 99 92 82 69 0 0 0 0 0 0 0 0 0 0 0 67 70 72 73 76 80 83 97 
82 85 79 79 79 80 80 80 81 81 81 82 81 81 81 81 81 82 82 83 83 84 84 84 84 85 84 85 85 85 85 86 85 84 83 83 82 82 81 81 79 80 80 81 82 84 81 80 79 80 79 80 79 77 74 72 70 70 72 74 76 79 77 75 72 69 69 70 71 74 76 72 78 85 88 91 96 98 98 98 98 97 97 91 89 85 79 71 70 70 69 68 67 67 66 66 67 67 66 67 70 70 73 73 74 74 74 75 78 80 80 82 80 78 76 76 73 74 75 76 77 80 79 80 88 94 97 101 106 107 107 108 108 108 108 108 108 107 107 107 107 106 106 106 106 106 106 107 108 110 112 111 103 99 94 84 68 0 0 0 0 0 0 0 0 0 0 0 0 69 70 72 75 79 90 87 
74 81 78 79 79 79 80 80 81 81 80 81 81 81 81 81 81 81 80 81 81 82 82 83 84 84 84 85 85 86 85 86 85 83 82 81 79 77 77 76 73 73 72 72 72 75 71 70 69 70 69 70 70 67 62 58 55 52 0 0 0 0 0 0 0 0 0 0 0 0 0 69 79 85 88 90 96 98 98 98 98 98 97 91 89 86 81 69 0 0 0 0 0 0 0 0 0 0 0 0 0 0 0 0 0 0 0 0 0 0 0 0 0 0 0 0 0 0 0 0 0 0 0 71 85 92 95 99 106 107 107 107 107 107 107 106 106 106 107 106 106 106 106 105 105 104 105 105 106 107 109 109 102 101 97 89 70 0 0 0 0 0 0 0 0 0 0 0 0 70 71 72 75 79 81 89 
81 77 78 78 78 78 78 79 79 79 80 80 80 80 81 80 80 80 79 78 79 80 80 82 83 84 84 85 85 85 85 86 85 81 80 78 75 70 69 66 61 59 0 0 0 0 0 0 0 0 0 0 0 0 0 0 0 0 0 0 0 0 0 0 0 0 0 0 0 0 0 68 79 85 88 90 96 97 97 98 98 97 96 90 88 85 80 67 0 0 0 0 0 0 0 0 0 0 0 0 0 0 0 0 0 0 0 0 0 0 0 0 0 0 0 0 0 0 0 0 0 0 0 71 86 93 96 98 105 106 106 106 106 107 106 106 106 106 105 106 106 106 105 105 104 104 104 104 104 106 107 108 101 100 97 90 72 0 0 0 0 0 0 0 0 0 0 0 0 69 70 72 75 78 82 83 
77 80 77 77 77 77 77 78 79 79 79 79 79 80 80 80 79 79 77 75 76 78 79 81 83 84 84 85 85 85 85 85 84 80 78 76 72 63 0 0 0 0 0 0 0 0 0 0 0 0 0 0 0 0 0 0 0 0 0 0 0 0 0 0 0 0 0 0 0 0 0 70 80 85 88 90 95 96 97 97 97 97 96 90 88 84 78 64 0 0 0 0 0 0 0 0 0 0 0 0 0 0 0 0 0 0 0 0 0 0 0 0 0 0 0 0 0 0 0 0 0 0 0 68 84 91 94 97 104 105 105 106 106 106 105 105 105 105 105 106 106 106 105 104 104 104 103 103 103 104 105 107 101 100 98 91 74 0 0 0 0 0 0 0 0 0 0 0 0 70 71 73 75 78 82 99 
81 76 77 76 76 76 77 77 78 78 78 79 79 80 80 79 78 77 75 72 74 76 77 80 83 84 84 84 85 85 85 85 84 79 77 74 69 59 0 0 0 0 0 0 0 0 0 0 0 0 0 0 0 0 0 0 0 0 0 0 0 0 52 51 51 50 50 0 0 0 0 71 81 85 88 90 95 96 97 97 98 97 97 90 88 85 79 65 0 0 0 0 0 0 0 0 0 0 0 0 0 0 0 0 0 0 0 0 0 0 0 0 0 0 0 0 0 0 0 0 0 0 0 69 84 91 94 96 104 105 105 105 105 106 105 105 105 106 106 106 106 106 105 105 104 104 104 104 103 104 105 106 101 101 99 94 78 0 0 0 0 0 0 0 0 0 0 0 0 69 70 72 74 77 82 90 
81 79 76 75 76 76 77 77 77 77 78 78 79 79 80 79 78 77 74 69 72 74 76 79 83 83 84 85 85 85 85 85 84 79 77 74 68 56 0 0 0 0 0 0 0 0 0 0 0 0 0 0 0 0 0 0 0 0 0 0 0 53 53 52 52 52 51 49 0 0 0 70 81 85 88 90 95 96 96 96 97 97 96 90 88 85 79 65 0 0 0 0 0 0 0 0 0 0 0 0 0 0 0 0 0 0 0 0 0 0 0 0 0 0 0 0 0 0 0 0 0 0 0 69 84 90 94 96 103 105 105 105 105 105 105 105 105 105 106 106 106 106 105 104 104 103 103 103 102 103 104 106 101 101 100 96 81 0 0 0 0 0 0 0 0 0 0 0 0 69 70 72 73 77 76 90 
84 74 76 75 76 76 76 76 76 76 77 78 79 79 79 78 77 75 71 66 70 73 76 79 82 82 83 83 83 84 84 84 83 79 77 74 69 0 0 0 0 0 0 0 0 0 0 0 0 0 0 0 0 0 0 0 0 0 0 0 49 51 52 51 52 51 50 48 0 0 0 69 81 85 88 89 95 95 96 96 96 96 95 89 87 84 78 64 0 0 0 0 0 0 0 0 0 0 0 0 0 0 0 0 0 0 0 0 0 0 0 0 0 0 0 0 0 0 0 0 0 0 0 71 84 90 94 96 103 104 105 105 105 105 105 105 105 105 105 105 105 105 104 104 104 103 103 103 103 103 104 105 102 100 98 94 80 0 0 0 0 0 0 0 0 0 0 0 0 0 70 72 73 76 71 84 
72 73 75 75 75 76 76 76 76 76 77 77 78 78 79 77 77 74 71 68 72 74 77 80 82 82 82 83 83 84 84 85 83 80 79 76 69 0 0 0 0 0 0 0 0 0 0 0 0 0 0 0 0 0 0 0 0 0 0 0 49 51 52 51 52 51 50 48 0 0 0 70 82 85 88 90 95 95 96 96 96 96 96 90 88 85 79 66 0 0 0 0 0 0 0 0 0 0 0 0 0 0 0 0 0 0 0 0 0 0 0 0 0 0 0 0 0 0 0 0 0 0 0 71 83 89 93 95 102 104 104 104 104 104 104 105 105 105 105 105 105 105 104 104 104 103 103 103 102 102 103 105 102 99 97 93 80 0 0 0 0 0 0 0 0 0 0 0 0 0 71 72 73 76 69 87 
74 71 75 75 75 76 76 76 76 76 76 77 77 78 78 77 76 75 73 71 74 76 78 80 82 81 82 83 82 83 84 84 83 81 80 78 72 0 0 0 0 0 0 0 0 0 0 0 0 0 0 0 0 0 0 0 0 0 0 0 49 51 53 52 52 52 51 47 0 0 0 68 81 85 88 89 95 95 96 95 96 96 96 90 88 85 80 68 0 0 0 0 0 0 0 0 0 0 0 0 0 0 0 0 0 0 0 0 0 0 0 0 0 0 0 0 0 0 0 0 0 0 0 70 83 90 93 95 102 104 104 104 104 105 105 105 105 105 104 104 104 104 104 103 103 102 102 102 102 102 103 105 103 98 97 93 81 0 0 0 0 0 0 0 0 0 0 0 0 0 70 72 72 75 78 81 
76 76 74 74 75 76 76 75 75 75 75 76 76 77 77 76 76 75 74 74 76 77 79 81 81 81 82 83 82 83 84 84 82 82 82 80 75 0 0 0 0 0 0 0 0 0 0 0 0 0 0 0 0 0 0 0 0 0 0 0 48 51 52 52 52 52 50 47 0 0 0 65 80 85 88 89 95 95 95 95 96 96 95 89 88 85 79 67 0 0 0 0 0 0 0 0 0 0 0 0 0 0 0 0 0 0 0 0 0 0 0 0 0 0 0 0 0 0 0 0 0 0 0 66 80 88 92 94 102 104 104 104 104 104 105 105 105 105 104 104 104 104 103 103 103 102 102 102 101 101 102 104 103 96 95 91 79 59 0 0 0 0 0 0 0 0 0 0 0 0 69 72 72 75 79 83 
79 73 74 74 74 75 75 75 75 75 75 76 76 76 77 76 77 76 75 75 77 77 79 81 81 81 82 82 82 83 84 84 82 82 81 80 74 0 0 0 0 0 0 0 0 0 0 0 0 0 0 0 0 0 0 0 0 0 0 0 0 0 50 49 50 49 0 0 0 0 0 65 80 84 87 89 95 95 96 96 96 96 95 89 85 82 75 61 0 0 0 0 0 0 0 0 0 0 0 0 0 0 0 0 0 0 0 0 0 0 0 0 0 0 0 0 0 0 0 0 0 0 0 63 78 87 91 93 101 103 103 104 104 104 104 104 104 104 104 104 104 104 103 103 102 102 102 102 101 101 102 104 103 96 94 90 80 61 0 0 0 0 0 0 0 0 0 0 0 0 69 71 72 75 71 84 
77 69 73 73 73 74 75 75 75 75 75 76 76 76 76 76 77 77 78 78 79 79 80 81 81 82 82 83 83 84 84 84 82 82 81 79 72 0 0 0 0 0 0 0 0 0 0 0 0 0 0 0 0 0 0 0 0 0 0 0 0 0 0 0 0 0 0 0 0 0 0 65 80 84 87 89 95 95 96 96 96 97 95 89 85 81 74 60 0 0 0 0 0 0 0 0 0 0 0 0 0 0 0 0 0 0 0 0 0 0 0 0 0 0 0 0 0 0 0 0 0 0 0 59 75 85 90 92 102 104 104 104 104 104 104 103 103 104 104 104 104 104 103 103 102 101 101 101 101 100 101 103 103 96 95 92 83 65 0 0 0 0 0 0 0 0 0 0 0 0 67 69 71 74 71 83 
74 71 72 73 73 73 74 74 74 75 75 75 76 76 76 77 77 78 78 79 79 79 79 81 81 81 82 83 83 84 83 84 81 80 79 78 70 0 0 0 0 0 0 0 0 0 0 0 0 0 0 0 0 0 0 0 0 0 0 0 0 0 0 0 0 0 0 0 0 0 0 65 80 85 87 89 95 95 95 96 96 96 95 88 84 81 74 59 0 0 0 0 0 0 0 0 0 0 0 0 0 0 0 0 0 0 0 0 0 0 0 0 0 0 0 0 0 0 0 0 0 0 0 56 74 84 89 92 102 104 104 104 104 104 104 104 103 104 104 103 104 104 103 102 102 101 101 100 100 100 101 102 103 97 96 93 86 68 0 0 0 0 0 0 0 0 0 0 0 0 66 69 70 73 74 82 
70 77 72 73 72 73 73 73 73 74 74 75 75 75 76 76 77 78 78 79 79 80 80 81 81 82 82 83 83 83 83 83 80 80 79 76 68 0 0 0 0 0 0 0 0 0 0 0 0 0 0 0 0 0 0 0 0 0 0 0 0 0 0 0 0 0 0 0 0 0 0 66 81 85 88 89 95 96 96 96 95 96 94 88 84 80 73 57 0 0 0 0 0 0 0 0 0 0 0 0 0 0 0 0 0 0 0 0 0 0 0 0 0 0 0 0 0 0 0 0 0 0 0 54 72 83 88 92 102 104 104 104 104 104 104 104 104 104 104 104 104 104 103 102 101 101 101 100 100 100 101 102 103 98 97 95 89 71 0 0 0 0 0 0 0 0 0 0 0 0 0 69 70 72 74 79 
68 72 71 72 72 72 72 73 74 74 75 75 75 75 76 77 78 78 78 79 79 79 80 80 80 81 82 82 83 83 83 84 81 80 79 76 69 0 0 0 0 0 0 0 0 0 0 0 0 0 0 0 0 0 0 0 0 0 0 0 0 0 0 0 0 0 0 0 0 0 0 68 81 86 88 90 95 96 96 96 95 95 95 88 83 80 72 56 0 0 0 0 0 0 0 0 0 0 0 0 0 0 0 0 0 0 0 0 0 0 0 0 0 0 0 0 0 0 0 0 0 0 0 52 71 82 88 91 101 104 104 104 103 104 104 103 103 103 103 103 103 103 102 102 101 100 100 100 100 100 101 102 104 99 98 96 91 74 0 0 0 0 0 0 0 0 0 0 0 0 0 66 69 71 72 73 
72 69 71 72 71 72 72 73 73 74 74 74 75 75 76 76 77 77 78 79 79 79 80 81 81 82 82 83 83 83 83 83 80 80 78 76 68 0 0 0 0 0 0 0 0 0 0 0 0 0 0 0 0 0 0 0 0 0 0 0 0 0 0 0 0 0 0 0 0 0 0 69 82 86 88 90 95 96 96 96 96 96 95 88 85 82 75 58 0 0 0 0 0 0 0 0 0 0 0 0 0 0 0 0 0 0 0 0 0 0 0 0 0 0 0 0 0 0 0 0 0 0 0 51 72 83 89 92 101 104 104 104 104 104 104 103 103 103 103 103 103 103 101 101 100 100 100 100 100 100 101 103 105 99 98 96 92 75 0 0 0 0 0 0 0 0 0 0 0 0 0 66 68 71 69 79 
66 69 71 71 71 72 72 73 73 74 74 74 75 75 76 76 77 78 78 79 79 79 80 80 81 82 82 83 83 83 83 83 80 79 78 75 67 0 0 0 0 0 0 0 0 0 0 0 0 0 0 0 0 0 0 0 0 0 0 0 0 0 0 0 0 0 0 0 0 0 0 70 82 86 89 90 95 96 96 96 96 95 95 88 85 82 75 58 0 0 0 0 0 0 0 0 0 0 0 0 0 0 0 0 0 0 0 0 0 0 0 0 0 0 0 0 0 0 0 0 0 0 0 0 74 86 91 94 101 104 104 104 104 104 104 104 103 103 103 103 103 103 101 101 100 100 100 100 100 100 101 103 105 100 99 97 93 76 0 0 0 0 0 0 0 0 0 0 0 0 0 66 69 72 77 78 
68 72 70 71 71 71 72 72 72 74 74 74 75 76 75 76 77 77 78 79 79 79 80 81 81 82 82 82 82 83 83 83 81 80 79 76 70 0 0 0 0 0 0 0 0 0 0 0 0 0 0 0 0 0 0 0 0 0 0 0 0 0 0 0 0 0 0 0 0 0 0 71 82 86 89 90 96 96 96 96 96 96 95 88 86 83 76 60 0 0 0 0 0 0 0 0 0 0 0 0 0 0 0 0 0 0 0 0 0 0 0 0 0 0 0 0 0 0 0 0 0 0 0 0 71 83 89 92 100 104 104 104 104 103 104 103 103 103 104 103 103 102 101 100 100 101 100 100 100 101 101 103 105 100 100 98 94 78 0 0 0 0 0 0 0 0 0 0 0 0 0 66 69 71 72 83 
66 67 70 70 71 71 72 73 73 74 75 75 75 76 76 76 77 77 78 79 79 79 80 81 81 82 83 83 83 84 84 84 81 80 79 75 68 0 0 0 0 0 0 0 0 0 0 0 0 0 0 0 0 0 0 0 0 0 0 0 0 0 0 0 0 0 0 0 0 0 0 73 83 87 89 90 95 96 96 97 97 96 96 89 87 83 77 60 0 0 0 0 0 0 0 0 0 0 0 0 0 0 0 0 0 0 0 0 0 0 0 0 0 0 0 0 0 0 0 0 0 0 0 0 69 82 88 92 100 104 104 104 104 104 104 103 103 103 103 103 102 102 101 100 100 101 100 101 101 101 101 103 105 101 99 97 92 76 0 0 0 0 0 0 0 0 0 0 0 0 0 66 69 71 75 73 
69 69 70 70 71 72 72 73 73 74 74 75 75 76 75 76 77 77 78 78 79 79 80 81 82 82 83 83 83 83 83 83 80 79 77 74 65 0 0 0 0 0 0 0 0 0 0 0 0 0 0 0 0 0 0 0 0 0 0 0 0 0 0 0 0 0 0 0 0 0 0 74 83 87 89 91 96 96 96 97 97 96 96 88 84 80 73 57 0 0 0 0 0 0 0 0 0 0 0 0 0 0 0 0 0 0 0 0 0 0 0 0 0 0 0 0 0 0 0 0 0 0 0 0 71 84 90 94 100 104 104 104 104 104 104 103 103 103 103 103 102 102 100 100 100 101 101 101 101 101 101 103 105 101 97 96 91 76 0 0 0 0 0 0 0 0 0 0 0 0 0 67 69 72 70 76 
70 72 71 71 71 72 72 73 73 74 74 74 75 75 75 76 77 77 78 78 79 79 80 81 81 82 82 82 82 83 83 84 80 79 77 73 62 0 0 0 0 0 0 0 0 0 0 0 0 0 0 0 0 0 0 0 0 0 0 0 0 0 0 0 0 0 0 0 0 0 0 76 84 88 90 91 96 96 97 97 97 96 96 88 82 77 70 53 0 0 0 0 0 0 0 0 0 0 0 0 0 0 0 0 0 0 0 0 0 0 0 0 0 0 0 0 0 0 0 0 0 0 0 0 70 83 89 93 99 104 104 104 104 104 104 104 103 103 103 102 102 101 101 100 101 101 101 101 101 101 101 103 105 102 96 94 90 76 0 0 0 0 0 0 0 0 0 0 0 0 0 69 70 72 70 79 
75 74 71 71 71 72 72 73 73 74 73 74 75 75 75 75 76 77 77 78 79 79 79 81 81 81 82 82 82 83 83 84 79 78 75 71 58 0 0 0 0 0 0 0 0 0 0 0 0 0 0 0 0 0 0 0 0 0 0 0 0 0 0 0 0 0 0 0 0 0 0 77 85 88 90 92 95 96 96 97 97 96 96 89 82 78 70 54 0 0 0 0 0 0 0 0 0 0 0 0 0 0 0 0 0 0 0 0 0 0 0 0 0 0 0 0 0 0 0 0 0 0 0 0 68 82 88 92 98 103 104 104 104 104 104 103 103 102 103 102 101 101 101 100 101 101 101 101 101 100 101 102 105 103 96 94 89 76 58 0 0 0 0 0 0 0 0 0 0 0 0 67 69 72 72 78 
72 77 71 71 71 72 72 73 73 73 73 74 74 75 75 75 76 77 77 78 79 79 80 81 81 82 82 82 82 83 84 84 78 76 74 68 54 0 0 0 0 0 0 0 0 0 0 0 0 0 0 0 0 0 0 0 0 0 0 0 0 0 0 0 0 0 0 0 0 0 0 71 81 85 88 92 95 95 96 96 96 96 96 88 79 75 66 50 0 0 0 0 0 0 0 0 0 0 0 0 0 0 0 0 0 0 0 0 0 0 0 0 0 0 0 0 0 0 0 0 0 0 0 0 71 86 91 94 97 103 103 103 103 104 104 103 103 102 102 102 101 101 101 101 101 101 101 101 101 100 101 102 104 103 94 92 88 76 59 0 0 0 0 0 0 0 0 0 0 0 0 67 70 73 73 79 
72 69 72 71 71 72 72 73 73 73 73 73 74 75 75 76 77 77 77 78 79 79 79 81 81 81 81 82 82 83 83 83 78 77 74 69 52 0 0 0 0 0 0 0 0 0 0 0 0 0 0 0 0 0 0 0 0 0 0 0 0 0 0 0 0 0 0 0 0 0 0 71 81 86 88 92 96 96 96 96 96 97 96 88 78 73 65 50 39 0 0 0 0 0 0 0 0 0 0 0 0 0 0 0 0 0 0 0 0 0 0 0 0 0 0 0 0 0 0 0 0 0 0 0 76 89 93 96 97 103 103 103 103 104 104 104 103 103 102 102 101 101 101 101 101 101 101 101 101 100 100 101 103 102 94 93 89 78 60 0 0 0 0 0 0 0 0 0 0 0 0 67 71 73 70 77 
76 75 71 72 71 72 72 73 73 73 73 73 73 74 75 76 76 77 77 78 79 79 80 80 80 81 81 82 82 83 83 83 78 77 74 69 0 0 0 0 0 0 0 0 0 0 0 0 0 0 0 0 0 0 0 0 0 0 0 0 0 0 0 0 0 0 0 0 0 0 0 66 82 86 88 92 95 96 96 96 96 97 96 88 79 74 65 51 41 0 0 0 0 0 0 0 0 0 0 0 0 0 0 0 0 0 0 0 0 0 0 0 0 0 0 0 0 0 0 0 0 0 0 0 75 89 93 96 97 103 103 103 103 104 103 103 103 103 103 102 102 102 101 101 101 101 101 101 100 100 100 101 103 103 96 94 91 82 64 0 0 0 0 0 0 0 0 0 0 0 0 68 71 73 80 76 
74 73 71 72 72 72 72 73 73 73 73 74 74 75 75 75 76 77 77 77 79 79 79 80 80 81 81 82 82 83 84 82 79 78 75 70 0 0 0 0 0 0 0 0 0 0 0 0 0 0 0 0 0 0 0 0 0 0 0 0 0 0 0 0 0 0 0 0 0 0 0 67 82 86 88 92 95 96 96 96 96 97 96 89 79 75 66 51 41 0 0 0 0 0 0 0 0 0 0 0 0 0 0 0 0 0 0 0 0 0 0 0 0 0 0 0 0 0 0 0 0 0 0 0 74 88 93 95 97 103 103 103 103 103 103 103 103 103 102 102 102 102 101 101 101 101 100 100 100 100 100 101 104 104 97 95 92 83 66 0 0 0 0 0 0 0 0 0 0 0 0 67 70 72 76 81 
69 70 71 71 71 72 72 73 73 73 73 73 73 74 75 75 77 77 77 78 79 79 79 80 80 81 82 82 83 83 83 82 80 79 77 73 0 0 0 0 0 0 0 0 0 0 0 0 0 0 0 0 0 0 0 0 0 0 0 0 0 0 0 0 0 0 0 0 0 0 0 67 82 86 89 92 96 96 96 96 96 96 96 89 77 73 65 51 41 0 0 0 0 0 0 0 0 0 0 0 0 0 0 0 0 0 0 0 0 0 0 0 0 0 0 0 0 0 0 0 0 0 0 0 74 88 93 95 97 103 103 103 103 104 104 103 103 104 103 103 102 102 102 102 101 101 101 100 100 100 101 101 104 104 97 96 93 85 67 0 0 0 0 0 0 0 0 0 0 0 0 68 70 72 70 72 
71 71 71 71 71 71 72 73 73 73 74 73 73 74 75 75 77 77 78 79 79 79 80 80 80 80 81 82 83 83 84 82 82 81 79 76 0 0 0 0 0 0 0 0 0 0 0 0 0 0 0 0 0 0 0 0 0 0 0 0 0 0 0 0 0 0 0 0 0 0 0 73 88 91 92 93 96 96 96 96 96 97 96 89 78 73 66 51 42 0 0 0 0 0 0 0 0 0 0 0 0 0 0 0 0 0 0 0 0 0 0 0 0 0 0 0 0 0 0 0 0 0 0 0 74 87 93 96 97 103 104 104 104 104 104 103 103 103 103 103 102 102 101 101 101 100 100 100 100 101 101 102 104 104 97 96 94 87 70 0 0 0 0 0 0 0 0 0 0 0 0 68 69 70 68 70 
67 71 70 71 71 71 71 72 73 73 73 74 73 74 74 75 76 77 78 79 79 80 80 80 80 80 81 82 83 83 84 82 81 80 78 75 0 0 0 0 0 0 0 0 0 0 0 0 0 0 0 0 0 0 0 0 0 0 0 0 0 0 0 0 0 0 0 0 0 0 0 70 84 88 90 93 96 96 96 96 96 97 96 89 79 74 66 53 44 0 0 0 0 0 0 0 0 0 0 0 0 0 0 0 0 0 0 0 0 0 0 0 0 0 0 0 0 0 0 0 0 0 0 0 72 86 92 95 97 103 104 104 104 104 103 103 103 103 102 103 102 102 102 101 100 100 100 99 100 101 101 102 104 104 98 97 95 88 72 0 0 0 0 0 0 0 0 0 0 0 0 68 68 70 68 71 
68 71 69 70 70 70 71 72 73 73 74 74 74 74 74 75 76 77 77 78 79 80 80 80 80 80 81 82 83 84 84 81 81 80 78 74 0 0 0 0 0 0 0 0 0 0 0 0 0 0 0 0 0 0 0 0 0 0 0 0 0 0 0 0 0 0 0 0 0 0 0 71 80 84 87 93 96 96 96 96 96 97 96 90 79 75 67 53 43 0 0 0 0 0 0 0 0 0 0 0 0 0 0 0 0 0 0 0 0 0 0 0 0 0 0 0 0 0 0 0 0 0 0 0 70 85 92 95 97 104 104 104 104 104 104 103 103 103 102 102 102 102 101 101 100 100 99 99 100 101 101 102 104 105 98 97 95 88 71 0 0 0 0 0 0 0 0 0 0 0 0 67 67 69 65 73 
73 69 69 69 70 70 71 72 73 73 74 74 74 75 74 75 76 77 77 78 79 80 80 80 81 80 81 82 83 83 83 81 80 79 77 72 0 0 0 0 0 0 0 0 0 0 0 0 0 0 0 0 0 0 0 0 0 0 0 0 0 0 0 0 0 0 0 0 0 0 0 67 78 83 86 94 96 97 97 97 97 97 97 90 80 75 67 54 44 0 0 0 0 0 0 0 0 0 0 0 0 0 0 0 0 0 0 0 0 0 0 0 0 0 0 0 0 0 0 0 0 0 0 0 69 84 91 94 96 103 104 104 104 104 103 103 103 103 102 103 102 102 101 100 99 100 99 99 100 101 101 102 104 105 99 98 96 89 73 0 0 0 0 0 0 0 0 0 0 0 0 0 67 70 72 82 
66 66 69 69 69 70 70 71 72 73 73 74 74 74 74 75 76 76 77 78 80 81 81 81 81 81 82 82 84 83 84 81 80 78 76 70 0 0 0 0 0 0 0 0 0 0 0 0 0 0 0 0 0 0 0 0 0 0 0 0 0 0 0 0 0 0 0 0 0 0 41 65 76 81 84 94 96 97 97 97 98 98 98 91 81 76 68 55 46 0 0 0 0 0 0 0 0 0 0 0 0 0 0 0 0 0 0 0 0 0 0 0 0 0 0 0 0 0 0 0 0 0 0 0 67 84 91 94 96 104 105 104 104 104 104 104 103 103 103 103 102 102 101 100 99 99 98 99 99 100 100 102 103 104 98 98 96 90 73 0 0 0 0 0 0 0 0 0 0 0 0 0 67 70 63 71 
74 68 69 69 70 71 71 72 72 73 73 74 74 75 75 75 76 77 77 78 79 80 80 81 81 81 82 83 83 83 83 81 80 78 76 70 0 0 0 0 0 0 0 0 0 0 0 0 0 0 0 0 0 0 0 0 0 0 0 0 0 0 0 0 0 0 0 0 0 0 41 62 73 79 82 94 96 97 98 98 98 99 98 92 81 77 69 56 47 0 0 0 0 0 0 0 0 0 0 0 0 0 0 0 0 0 0 0 0 0 0 0 0 0 0 0 0 0 0 0 0 0 0 0 62 80 88 91 96 104 105 105 105 104 104 104 103 103 103 103 102 102 101 100 99 99 99 99 99 100 100 101 104 105 99 99 97 91 73 0 0 0 0 0 0 0 0 0 0 0 0 0 0 71 0 0 
72 67 69 69 70 71 71 72 72 72 73 74 74 74 75 75 76 77 77 78 79 80 80 81 81 81 82 82 83 83 83 80 79 78 76 70 0 0 0 0 0 0 0 0 0 0 0 0 0 0 0 0 0 0 0 0 0 0 0 0 0 0 0 0 0 0 0 0 0 0 41 62 73 79 83 94 97 98 98 98 98 99 98 92 81 75 67 55 45 0 0 0 0 0 0 0 0 0 0 0 0 0 0 0 0 0 0 0 0 0 0 0 0 0 0 0 0 0 0 0 0 0 0 0 58 76 85 89 96 104 105 105 105 104 104 104 103 103 103 102 102 101 100 100 100 99 99 99 99 100 100 101 104 105 99 99 97 90 71 0 0 0 0 0 0 0 0 0 0 0 0 0 0 0 0 0 
68 69 70 70 70 71 72 72 73 73 74 73 74 74 75 75 77 78 78 79 80 80 80 81 81 81 82 83 83 83 83 80 79 79 75 68 0 0 0 0 0 0 0 0 0 0 0 0 0 0 0 0 0 0 0 0 0 0 0 0 0 0 0 0 0 0 0 0 0 0 42 63 74 80 84 95 98 98 99 99 99 100 99 93 82 76 68 56 47 0 0 0 0 0 0 0 0 0 0 0 0 0 0 0 0 0 0 0 0 0 0 0 0 0 0 0 0 0 0 0 0 0 0 0 59 76 85 89 97 104 105 105 105 104 104 104 104 103 103 103 102 101 100 100 99 99 99 99 99 100 100 101 103 105 99 99 97 91 72 0 0 0 0 0 0 0 0 0 0 0 0 0 0 0 0 0 
75 66 69 70 70 71 72 72 73 72 73 73 73 74 75 75 77 78 78 79 79 80 80 81 81 82 82 83 82 83 83 80 79 78 75 67 0 0 0 0 0 0 0 0 0 0 0 0 0 0 0 0 0 0 0 0 0 0 0 0 0 0 0 0 0 0 0 0 0 0 42 63 74 80 84 95 98 99 99 99 99 100 99 93 83 77 69 58 49 0 0 0 0 0 0 0 0 0 0 0 0 0 0 0 0 0 0 0 0 0 0 0 0 0 0 0 0 0 0 0 0 0 0 0 59 76 85 89 96 104 105 105 104 104 104 104 103 103 102 102 102 101 100 100 99 99 98 99 99 99 100 101 103 105 100 99 97 92 73 0 0 0 0 0 0 0 0 0 0 0 0 0 0 0 0 0 
65 72 70 70 71 71 72 72 73 73 73 73 74 75 76 76 77 78 78 78 79 79 79 80 80 81 81 81 82 82 82 79 78 77 74 66 0 0 0 0 0 0 0 0 0 0 0 0 0 0 0 0 0 0 0 0 0 0 0 0 0 0 0 0 0 0 0 0 0 0 42 63 74 80 84 95 98 99 99 99 99 99 98 93 83 77 70 59 50 0 0 0 0 0 0 0 0 0 0 0 0 0 0 0 0 0 0 0 0 0 0 0 0 0 0 0 0 0 0 0 0 0 0 0 56 72 81 86 96 104 105 105 104 104 104 103 103 102 102 102 102 101 100 99 99 99 98 99 99 99 99 101 103 105 100 100 98 93 75 0 0 0 0 0 0 0 0 0 0 0 0 0 0 0 0 0 
65 73 70 70 70 71 72 72 73 73 73 73 73 74 76 76 78 78 78 78 79 79 79 80 80 81 81 82 82 83 83 79 78 77 74 64 0 0 0 0 0 0 0 0 0 0 0 0 0 0 0 0 0 0 0 0 0 0 0 0 0 0 0 0 0 0 0 0 0 0 43 65 76 82 85 96 98 99 99 99 99 100 98 93 84 78 71 61 52 0 0 0 0 0 0 0 0 0 0 0 0 0 0 0 0 0 0 0 0 0 0 0 0 0 0 0 0 0 0 0 0 0 0 0 55 71 80 86 95 103 104 104 104 104 103 103 103 102 102 102 101 101 100 100 99 99 98 99 99 99 100 101 103 105 100 99 98 94 75 0 0 0 0 0 0 0 0 0 0 0 0 0 0 0 0 0 
75 66 70 70 70 71 72 72 73 73 73 73 74 74 75 76 77 78 78 78 79 79 79 80 80 80 81 82 82 83 83 78 78 76 73 62 0 0 0 0 0 0 0 0 0 0 0 0 0 0 0 0 0 0 0 0 0 0 0 0 0 0 0 0 0 0 0 0 0 0 44 66 76 82 85 96 98 99 99 99 99 100 98 93 85 79 72 62 53 0 0 0 0 0 0 0 0 0 0 0 0 0 0 0 0 0 0 0 0 0 0 0 0 0 0 0 0 0 0 0 0 0 0 0 57 74 83 88 95 103 104 105 104 104 103 103 103 102 102 102 101 101 101 100 100 100 99 98 99 99 99 101 102 105 100 100 99 95 76 0 0 0 0 0 0 0 0 0 0 0 0 0 0 0 0 0 
68 69 70 70 70 71 72 72 72 73 73 73 73 74 75 76 77 78 78 78 79 79 79 80 80 80 81 81 82 82 83 78 77 76 73 62 0 0 0 0 0 0 0 0 0 0 0 0 0 0 0 0 0 0 0 0 0 0 0 0 0 0 0 0 0 0 0 0 0 0 45 67 77 82 86 96 99 99 99 99 99 100 99 94 85 78 71 61 52 0 0 0 0 0 0 0 0 0 0 0 0 0 0 0 0 0 0 0 0 0 0 0 0 0 0 0 0 0 0 0 0 0 0 0 55 73 82 87 94 103 104 104 104 104 103 103 103 102 102 102 101 101 101 100 100 100 99 99 98 99 99 100 102 105 101 100 100 96 78 0 0 0 0 0 0 0 0 0 0 0 0 0 0 0 0 0 
67 71 70 70 70 71 71 72 72 73 74 74 74 75 75 76 78 78 78 79 79 79 79 79 80 80 81 81 82 82 82 78 77 76 72 62 0 0 0 0 0 0 0 0 0 0 0 0 0 0 0 0 0 0 0 0 0 0 0 0 0 0 0 0 0 0 0 0 0 0 46 67 77 83 86 96 99 99 99 100 100 100 100 95 87 79 72 62 53 0 0 0 0 0 0 0 0 0 0 0 0 0 0 0 0 0 0 0 0 0 0 0 0 0 0 0 0 0 0 0 0 0 0 0 55 73 82 87 94 103 104 104 104 104 104 104 103 102 102 102 101 101 101 101 100 101 99 99 99 99 99 100 102 104 100 100 100 96 79 0 0 0 0 0 0 0 0 0 0 0 0 0 0 0 0 0 
71 71 69 69 70 70 71 72 73 74 74 73 74 74 74 75 77 77 77 78 79 79 79 80 80 80 81 82 82 82 83 79 78 77 74 65 0 0 0 0 0 0 0 0 0 0 0 0 0 0 0 0 0 0 0 0 0 0 0 0 0 0 0 0 0 0 0 0 0 0 47 68 78 83 86 97 99 100 100 100 100 101 101 96 88 79 72 62 53 0 0 0 0 0 0 0 0 0 0 0 0 0 0 0 0 0 0 0 0 0 0 0 0 0 0 0 0 0 0 0 0 0 0 0 57 76 84 89 94 103 104 104 104 104 103 103 102 102 102 101 101 101 101 101 100 101 100 99 99 99 99 100 102 104 100 100 100 96 80 0 0 0 0 0 0 0 0 0 0 0 0 0 0 0 0 0 
69 66 69 69 70 70 71 71 72 73 73 73 74 74 74 75 76 77 77 78 78 79 79 80 80 80 81 82 82 82 83 80 79 77 75 67 0 0 0 0 0 0 0 0 0 0 0 0 0 0 0 0 0 0 0 0 0 0 0 0 0 0 0 0 38 0 38 38 0 0 44 67 77 83 86 97 100 100 100 101 101 102 102 97 89 80 73 63 54 0 0 0 43 43 43 43 0 0 0 0 0 0 0 0 0 0 0 0 0 0 0 0 0 0 0 0 0 0 0 0 0 0 0 0 61 79 87 91 94 103 104 105 105 104 104 103 103 102 102 101 101 101 101 101 100 100 99 99 99 99 99 100 101 104 100 98 97 93 76 0 0 0 0 0 0 0 0 0 0 0 0 0 0 0 0 0 
70 69 69 69 69 70 71 71 73 73 73 73 74 74 74 75 76 77 77 78 78 79 79 80 81 81 81 82 82 82 83 80 79 78 75 68 0 0 0 0 0 0 0 0 0 0 0 0 0 0 0 0 0 0 0 0 0 0 0 0 0 0 0 0 38 38 38 38 0 0 46 68 78 84 87 98 101 101 101 102 102 102 103 98 91 81 75 64 55 0 0 47 47 46 46 46 0 0 0 0 0 0 0 0 0 0 0 0 0 0 0 0 0 0 0 0 0 0 0 0 0 0 0 0 57 75 83 88 93 102 103 104 104 104 103 103 103 102 101 101 101 100 100 100 100 100 100 99 99 99 99 100 101 104 101 97 95 90 74 0 0 0 0 0 0 0 0 0 0 0 0 0 0 0 0 0 
72 65 69 68 69 70 70 71 72 73 74 74 74 75 75 75 76 76 77 77 78 79 79 80 81 81 81 82 82 82 82 80 79 78 75 68 0 0 0 0 0 0 0 0 0 0 0 0 0 0 0 0 0 0 0 0 0 0 0 0 0 0 0 37 38 37 38 38 38 0 46 68 78 84 87 98 101 101 101 102 102 103 104 99 92 83 76 66 57 0 0 47 51 49 49 49 52 0 0 0 0 0 0 0 0 0 0 0 0 0 0 0 0 0 0 0 0 0 0 0 0 0 0 0 57 75 83 88 93 102 103 103 103 103 103 103 102 101 101 101 101 100 101 101 100 100 100 99 99 98 98 100 101 104 101 96 94 90 74 0 0 0 0 0 0 0 0 0 0 0 0 0 0 0 0 0 
66 67 69 68 69 70 70 71 72 73 73 73 74 74 74 75 75 76 76 77 77 78 79 80 80 81 81 82 82 83 83 81 80 79 76 70 0 0 0 0 0 0 0 0 0 0 0 0 0 0 0 0 0 0 0 0 0 0 0 0 38 38 38 37 38 37 38 38 38 0 48 70 79 84 88 98 101 102 102 103 103 103 104 100 94 82 76 66 56 37 0 49 58 54 52 52 54 0 0 0 0 0 0 0 0 0 0 0 0 0 0 0 0 0 0 0 0 0 0 0 0 0 0 0 54 71 81 86 93 102 103 103 103 103 103 102 102 101 101 101 100 100 100 100 100 100 100 99 99 98 99 99 100 103 100 94 92 87 71 52 0 0 0 0 0 0 0 0 0 0 0 0 0 0 0 0 
71 63 69 69 70 70 70 70 71 72 73 73 73 74 74 75 75 76 76 77 78 79 79 80 81 81 81 82 81 82 82 80 80 79 76 70 0 0 0 0 0 0 0 0 0 0 0 0 0 0 0 0 0 0 0 0 0 0 0 0 38 38 38 38 38 38 38 38 0 0 49 70 79 85 88 98 102 103 104 104 105 105 105 101 95 84 77 67 57 38 0 0 67 62 59 59 62 45 0 0 0 0 0 0 0 0 0 0 0 0 0 0 0 0 0 0 0 0 0 0 0 0 0 0 52 69 78 84 93 101 103 103 103 103 103 102 102 102 101 101 100 100 100 100 99 99 99 99 98 98 98 99 100 103 101 94 92 87 71 52 0 0 0 0 0 0 0 0 0 0 0 0 0 0 0 0 
66 67 68 69 70 70 71 71 72 72 73 73 73 74 74 75 76 77 76 77 77 78 79 80 80 81 81 82 81 82 82 80 79 78 75 69 0 0 0 0 0 0 0 0 0 0 0 0 0 0 0 0 0 0 0 0 0 0 0 38 38 38 38 38 37 37 0 0 0 0 53 71 80 85 89 98 102 103 104 105 105 105 106 102 96 83 77 67 57 38 0 0 76 72 65 65 68 53 0 0 0 0 0 0 0 0 0 0 0 0 0 0 0 0 0 0 0 0 0 0 0 0 0 41 51 67 76 82 93 101 103 102 103 103 103 103 103 102 101 101 100 100 99 100 99 99 99 99 98 98 98 98 99 103 100 94 92 87 72 52 0 0 0 0 0 0 0 0 0 0 0 0 0 0 0 0 
65 69 69 69 70 70 71 71 72 72 73 73 73 74 74 75 76 76 76 77 77 78 78 79 80 81 81 81 82 82 82 80 79 78 75 69 0 0 0 0 0 0 0 0 0 0 0 0 0 0 0 0 0 0 0 0 0 0 0 38 38 38 38 38 0 0 0 0 0 0 53 72 80 85 89 98 102 104 105 105 106 106 107 103 97 84 78 68 58 40 0 0 74 80 71 70 75 67 43 0 0 0 0 0 0 0 0 0 0 0 0 0 0 0 0 0 0 0 0 0 0 0 0 42 51 67 77 82 93 101 103 103 103 103 103 103 103 102 102 101 100 100 99 99 99 99 98 98 97 98 98 98 100 103 100 96 94 90 75 0 0 0 0 0 0 0 0 0 0 0 0 0 0 0 0 0 
69 66 69 69 70 70 70 71 71 71 72 73 73 73 74 75 75 76 77 77 77 78 78 79 80 81 81 82 82 83 82 80 80 79 76 72 0 0 0 0 0 0 0 0 0 0 0 0 0 0 0 0 0 0 0 0 0 0 0 38 38 38 38 38 0 0 0 0 0 0 53 71 79 85 89 99 103 105 105 106 107 108 108 105 99 85 79 70 59 41 0 0 75 93 86 83 84 84 63 0 0 0 0 0 0 0 0 0 0 0 0 0 0 0 0 0 0 0 0 0 0 0 0 43 50 64 73 80 92 101 103 103 103 103 104 103 103 102 102 101 100 99 99 99 98 98 98 98 98 98 98 98 99 102 99 95 94 90 75 0 0 0 0 0 0 0 0 0 0 0 0 0 0 0 0 0 
65 66 69 69 70 70 71 71 71 72 72 73 73 74 74 75 75 76 77 77 77 78 79 80 80 81 81 82 82 82 82 80 79 78 76 71 0 0 0 0 0 0 0 0 0 0 0 0 0 0 0 0 0 0 0 0 0 0 0 38 38 38 38 38 0 0 0 0 0 0 53 71 79 85 89 99 102 104 105 107 108 109 109 106 100 87 81 71 61 43 0 0 69 197 319 300 302 381 383 144 0 0 0 0 0 0 0 0 0 0 0 0 0 0 0 0 0 0 0 0 0 0 0 47 52 64 73 80 92 101 103 103 103 103 104 104 103 102 101 101 100 99 99 98 98 98 97 97 97 97 97 98 99 101 99 97 96 93 79 0 0 0 0 0 0 0 0 0 0 0 0 0 0 0 0 0 
70 66 68 69 70 70 70 71 71 71 72 73 74 74 75 76 76 77 77 77 77 78 78 79 79 81 81 81 82 82 82 79 79 78 75 69 0 0 0 0 0 0 0 0 0 0 0 0 0 0 0 0 0 0 0 0 0 0 0 0 0 0 0 0 0 0 0 0 0 0 53 72 80 85 89 99 102 104 106 109 111 112 112 108 101 87 81 72 61 44 0 0 77 202 322 374 379 445 442 321 61 0 0 0 0 0 0 0 0 0 0 0 0 0 0 0 0 0 0 0 0 0 0 58 58 68 76 81 92 101 103 103 103 103 104 104 103 102 102 101 100 100 99 99 98 98 98 97 97 98 97 98 99 101 98 94 93 89 75 0 0 0 0 0 0 0 0 0 0 0 0 0 0 0 0 0 
67 63 68 69 69 70 69 70 71 72 72 74 74 74 75 76 76 76 77 77 78 78 79 80 80 81 82 82 82 82 82 79 78 77 75 69 0 0 0 0 0 0 0 0 0 0 0 0 0 0 0 0 0 0 0 0 0 0 0 0 0 0 0 0 0 0 0 0 0 0 54 72 80 85 89 99 102 105 108 112 115 116 116 110 102 88 82 73 63 48 0 40 79 201 341 443 450 530 522 408 67 0 0 0 0 0 0 0 0 0 0 0 0 0 0 0 0 0 0 0 0 0 89 69 65 73 79 82 92 101 103 103 103 103 103 103 102 101 101 100 100 100 99 98 98 98 97 97 97 97 97 97 99 101 98 94 92 89 75 0 0 0 0 0 0 0 0 0 0 0 0 0 0 0 0 0 
62 67 68 69 69 70 70 70 71 72 73 74 75 75 75 76 76 76 77 77 77 78 79 79 80 81 81 81 81 82 81 79 79 78 75 70 0 0 0 0 0 0 0 0 0 0 0 0 0 0 0 0 0 0 0 0 0 0 0 0 0 0 0 0 0 0 0 0 0 0 52 71 80 85 88 99 101 104 109 113 116 118 117 111 102 88 83 74 64 49 0 0 84 267 430 534 494 580 543 411 64 0 0 0 0 0 0 0 0 0 0 0 0 0 0 0 0 0 0 0 0 0 87 71 66 74 79 82 92 101 103 103 103 103 102 102 101 101 100 100 100 99 98 98 97 97 97 97 97 97 97 97 98 100 97 91 89 85 70 0 0 0 0 0 0 0 0 0 0 0 0 0 0 0 0 0 
67 71 68 68 69 69 70 70 71 72 73 74 75 75 75 75 76 76 77 78 78 78 79 80 80 81 81 81 81 82 81 79 78 77 75 68 0 0 0 0 0 0 0 0 0 0 0 0 0 0 0 0 0 0 0 0 0 0 0 0 0 0 0 0 0 0 0 0 0 0 54 72 80 85 89 98 101 104 109 113 116 118 118 111 101 88 82 73 64 50 0 0 89 273 447 556 536 608 586 454 69 0 0 0 0 0 0 0 0 0 0 0 0 0 0 0 0 0 0 0 0 0 86 71 67 74 79 82 92 101 103 103 103 102 102 102 101 100 100 99 99 99 98 97 96 95 94 94 93 93 93 93 95 97 95 89 87 83 69 0 0 0 0 0 0 0 0 0 0 0 0 0 0 0 0 0 
68 65 68 69 69 70 70 70 71 72 73 74 74 75 75 75 76 76 77 78 78 79 79 80 80 81 81 81 82 82 81 79 78 76 74 67 0 0 0 0 0 0 0 0 0 0 0 0 0 0 0 0 0 0 0 0 0 0 0 0 0 0 0 0 0 0 0 0 0 0 54 72 80 85 89 98 101 103 108 113 116 117 117 110 100 87 81 72 62 48 0 0 98 179 194 388 353 375 375 418 61 0 0 0 0 0 0 0 0 0 0 0 0 0 0 0 0 0 0 0 0 0 81 68 65 72 79 83 93 101 103 102 103 102 101 101 100 100 100 99 98 97 94 92 90 89 87 86 85 84 84 85 87 89 88 83 82 78 66 0 0 0 0 0 0 0 0 0 0 0 0 0 0 0 0 0 
69 68 69 69 69 70 70 71 72 72 73 74 74 74 75 75 76 76 77 78 79 79 80 80 80 81 81 81 82 82 82 79 79 77 74 68 0 0 0 0 0 0 0 0 0 0 0 0 0 0 0 0 0 0 0 0 0 0 0 0 0 0 0 0 0 0 0 0 0 0 54 72 80 85 88 98 100 103 107 111 113 115 115 109 99 86 80 71 62 47 0 0 0 202 199 293 253 272 256 283 57 0 0 0 0 0 0 0 0 0 0 0 0 0 0 0 0 0 0 0 0 0 73 62 61 71 78 84 93 101 103 103 103 102 101 101 100 99 99 97 94 92 90 88 86 86 84 82 81 81 81 82 84 87 86 82 81 78 66 0 0 0 0 0 0 0 0 0 0 0 0 0 0 0 0 0 
62 68 69 69 69 70 70 71 72 73 73 74 73 74 74 75 75 76 77 78 78 79 80 80 80 80 81 81 82 82 82 79 79 77 74 67 0 0 0 0 0 0 0 0 0 0 0 0 0 0 0 0 0 0 0 0 0 0 0 0 0 0 0 0 0 0 0 0 0 0 53 71 80 85 88 98 100 101 104 107 108 110 111 106 98 85 79 69 59 43 0 0 0 0 207 207 172 179 150 140 56 0 0 0 0 0 0 0 0 0 0 0 0 0 0 0 0 0 0 0 0 0 0 49 54 67 75 85 93 101 103 103 102 102 101 100 100 99 97 95 92 89 86 83 80 78 75 73 72 72 73 74 77 81 82 80 79 76 66 0 0 0 0 0 0 0 0 0 0 0 0 0 0 0 0 0 
70 75 68 69 69 70 70 71 72 72 73 73 73 74 74 74 75 76 77 78 79 79 80 80 80 80 81 81 82 82 82 79 79 77 74 68 0 0 0 0 0 0 0 0 0 0 0 0 0 0 0 0 0 0 0 0 0 0 0 0 0 0 0 0 0 0 0 0 0 0 53 71 80 85 88 98 100 101 103 105 106 107 108 105 97 83 77 67 57 40 0 0 0 0 92 115 100 100 104 105 64 0 0 0 0 0 0 0 0 0 0 0 0 0 0 0 0 0 0 0 0 0 0 42 52 67 76 86 93 101 103 103 102 102 101 101 100 97 95 93 89 84 81 77 74 73 72 71 70 68 68 68 70 72 74 75 76 74 0 0 0 0 0 0 0 0 0 0 0 0 0 0 0 0 0 58 
67 71 69 70 70 71 71 72 72 73 73 73 73 74 74 75 75 76 76 77 78 79 80 80 80 81 81 81 81 82 82 79 79 77 74 67 0 0 0 0 0 0 0 0 0 0 0 0 0 0 0 0 0 0 0 0 0 0 0 0 0 0 0 0 0 0 0 0 0 0 53 71 79 84 87 97 100 101 102 104 105 106 107 104 96 82 76 66 55 38 0 0 0 0 0 110 94 94 94 98 69 0 0 0 0 0 0 0 0 0 0 0 0 0 0 0 0 0 0 0 0 0 0 0 52 69 78 86 93 101 103 102 102 102 102 101 100 97 94 91 85 79 76 74 73 74 74 73 71 69 67 64 62 61 65 65 67 67 0 0 0 0 0 0 0 0 0 0 0 0 0 0 0 61 0 60 
67 65 69 70 70 71 71 72 72 73 73 73 73 74 74 75 75 76 76 77 78 79 79 80 79 80 80 80 81 82 82 79 79 77 75 69 0 0 0 0 0 0 0 0 0 0 0 0 0 0 0 0 0 0 0 0 0 0 0 0 0 0 0 0 0 0 0 0 0 0 51 69 78 83 86 96 99 101 101 103 104 105 106 103 95 81 75 65 55 38 0 0 0 0 0 95 89 86 86 89 75 0 0 0 0 0 0 0 0 0 0 0 0 0 0 0 0 0 0 0 0 0 0 0 55 72 81 86 93 101 103 103 102 102 101 100 99 96 93 87 80 75 76 77 81 83 83 82 80 77 75 69 64 68 72 72 77 78 0 0 0 0 0 0 0 0 0 0 0 0 0 0 0 62 0 59 
69 66 69 70 70 71 71 72 72 73 72 72 73 73 74 75 75 76 76 77 78 78 79 79 79 79 80 80 81 82 82 79 79 77 74 68 0 0 0 0 0 0 0 0 0 0 0 0 0 0 0 0 0 0 0 0 0 0 0 0 0 0 0 0 0 0 0 0 0 0 48 69 77 83 86 96 99 100 100 102 103 104 105 102 94 82 75 65 55 37 0 0 0 0 0 75 79 75 75 77 75 0 0 0 0 0 0 0 0 0 0 0 0 0 0 0 0 0 0 0 0 0 0 0 55 72 81 86 93 101 102 102 101 101 101 100 97 95 89 83 78 77 80 84 86 85 85 83 81 78 76 70 67 75 78 78 82 82 0 0 0 0 0 0 0 0 0 0 0 0 0 0 0 63 0 68 
65 68 68 69 69 70 70 71 71 72 72 72 73 74 74 75 76 76 76 77 77 78 78 79 79 79 80 80 81 82 81 79 79 77 74 69 0 0 0 0 0 0 0 0 0 0 0 0 0 0 0 0 0 0 0 0 0 0 0 0 0 0 0 0 0 0 0 0 0 0 48 68 77 82 86 96 99 100 100 101 102 103 104 101 93 83 76 65 55 0 0 0 0 0 0 65 72 67 67 67 68 0 0 0 0 0 0 0 0 0 0 0 0 0 0 0 0 0 0 0 0 0 0 0 55 72 80 86 92 101 102 102 101 101 101 100 96 93 87 81 77 79 82 88 90 91 92 90 87 84 80 73 74 80 80 82 85 84 75 0 0 0 0 0 0 0 0 0 0 0 0 0 0 64 0 65 
65 70 68 69 70 70 70 71 72 72 72 72 73 74 74 75 75 76 76 77 77 78 78 79 79 79 80 80 81 82 82 79 79 77 74 69 0 0 0 0 0 0 0 0 0 0 0 0 0 0 0 0 0 0 0 0 0 0 0 0 0 0 0 0 0 0 0 0 0 0 48 68 77 82 85 95 98 99 99 100 101 103 103 99 92 84 77 66 56 0 0 0 0 0 0 0 64 59 59 59 61 50 0 0 0 0 0 0 0 0 0 0 0 0 0 0 0 0 0 0 0 0 0 0 55 72 81 85 92 100 101 101 101 101 101 100 95 93 86 80 78 83 85 91 93 94 93 89 87 85 79 73 78 85 82 84 86 85 75 0 0 0 0 0 0 0 0 0 0 0 0 0 0 66 0 62 
65 69 68 69 69 70 70 70 71 71 71 72 73 74 74 75 75 76 76 77 77 77 78 79 79 79 80 81 82 82 83 80 79 77 74 68 0 0 0 0 0 0 0 0 0 0 0 0 0 0 0 0 0 0 0 0 0 0 0 0 0 0 0 0 0 0 0 0 0 0 46 66 76 81 84 95 98 98 98 99 100 102 102 98 90 82 75 64 55 0 0 0 0 0 0 0 59 55 55 55 57 50 0 0 0 0 0 0 0 0 0 0 0 0 0 0 0 0 0 0 0 0 0 0 58 75 83 87 92 100 101 101 101 101 100 99 94 92 84 79 79 84 87 92 94 94 92 89 87 83 77 74 80 85 84 86 89 88 74 0 0 0 0 0 0 0 0 0 0 0 0 0 0 65 0 65 
65 71 68 69 69 70 70 70 71 71 71 72 73 73 74 75 75 75 75 76 76 77 78 79 79 79 81 81 82 83 83 80 79 77 74 68 0 0 0 0 0 0 0 0 0 0 0 0 0 0 0 0 0 0 0 0 0 0 0 0 0 0 0 0 0 0 0 0 0 0 46 66 76 81 84 95 97 98 98 99 99 101 101 97 89 83 77 66 56 0 0 0 0 0 0 0 52 52 52 52 54 0 0 0 0 0 0 0 0 0 0 0 0 0 0 0 0 0 0 0 0 0 0 0 60 77 85 89 91 100 101 101 101 100 100 99 93 91 82 79 78 84 86 92 94 93 92 89 87 83 77 77 84 88 87 89 90 88 75 0 0 0 0 0 0 0 0 0 0 0 0 0 0 64 63 71 
63 70 68 69 69 70 70 71 71 71 71 72 73 73 73 73 72 72 71 72 74 75 76 79 79 80 81 81 82 83 83 80 79 77 74 67 0 0 0 0 0 0 0 0 0 0 0 0 0 0 0 0 0 0 0 0 0 0 0 0 0 0 0 0 0 0 0 0 0 0 47 66 75 81 84 94 97 97 97 97 98 99 100 95 87 82 75 64 54 0 0 0 0 0 0 0 0 49 49 49 49 0 0 0 0 0 0 0 0 0 0 0 0 0 0 0 0 0 0 0 0 0 0 0 61 77 85 89 91 99 100 100 100 99 99 98 92 90 83 79 78 83 84 88 90 89 88 86 84 79 75 76 82 85 85 88 87 85 72 0 0 0 0 0 0 0 0 0 0 0 0 0 62 65 61 67 
69 70 69 69 69 70 70 71 71 72 71 72 73 73 71 70 70 68 66 68 71 72 75 78 80 80 81 82 82 83 83 79 78 77 73 65 0 0 0 0 0 0 0 0 0 0 0 0 0 0 0 0 0 0 0 0 0 0 0 0 0 0 0 0 0 0 0 0 0 0 45 64 74 80 83 93 96 96 96 96 97 98 98 94 86 80 73 62 52 0 0 0 0 0 0 0 0 0 0 0 0 0 0 0 0 0 0 0 0 0 0 0 0 0 0 0 0 0 0 0 0 0 0 0 60 77 85 89 91 99 100 100 99 97 96 93 87 84 79 76 74 80 82 85 86 88 87 85 83 76 71 73 78 80 80 83 82 78 67 0 0 0 0 0 0 0 0 0 0 0 0 0 62 66 58 64 
69 65 68 69 69 69 69 70 70 70 71 72 72 72 71 68 68 65 63 65 69 71 75 78 80 80 81 82 82 82 82 78 77 76 72 63 0 0 0 0 0 0 0 0 0 0 0 0 0 0 0 0 0 0 0 0 0 0 0 0 0 0 0 0 0 0 0 0 0 0 43 63 73 79 82 93 95 95 95 95 95 97 97 92 84 78 71 60 51 0 0 0 0 0 0 0 0 0 0 0 0 0 0 0 0 0 0 0 0 0 0 0 0 0 0 0 0 0 0 0 0 0 0 0 59 76 84 88 91 99 100 99 96 94 92 90 84 83 78 74 72 77 79 82 84 87 85 85 84 75 70 72 76 78 78 81 79 75 65 0 0 0 0 0 0 0 0 0 0 0 0 0 62 65 66 67 
71 73 68 69 68 69 69 70 70 70 71 71 72 72 70 67 65 62 58 61 66 68 73 77 79 80 80 81 81 81 81 77 77 75 72 63 0 0 0 0 0 0 0 0 0 0 0 0 0 0 0 0 0 0 0 0 0 0 0 0 0 0 0 0 0 0 0 0 0 0 43 62 73 78 82 92 94 94 94 94 94 96 96 92 83 79 72 61 52 0 0 0 0 0 0 0 0 0 0 0 0 0 0 0 0 0 0 0 0 0 0 0 0 0 0 0 0 0 0 0 0 0 0 0 60 76 84 88 91 98 99 97 94 91 89 85 81 80 75 71 67 72 74 77 79 83 82 82 82 73 69 70 74 75 75 77 76 72 0 0 0 0 0 0 0 0 0 0 0 0 0 0 64 66 0 74 
69 71 68 68 68 69 70 70 71 70 71 71 72 71 69 66 65 61 57 60 65 67 72 77 79 79 80 80 80 81 81 77 76 75 71 63 0 0 0 0 0 0 0 0 0 0 0 0 0 0 0 0 0 0 0 0 0 0 0 0 0 0 0 0 0 0 0 0 0 0 41 62 72 78 81 92 94 94 93 93 93 95 95 90 81 78 71 59 50 0 0 0 0 0 0 0 0 0 0 0 0 0 0 0 0 0 0 0 0 0 0 0 0 0 0 0 0 0 0 0 0 0 0 0 61 77 84 88 90 98 98 95 92 89 85 80 76 75 72 68 62 64 66 67 69 74 75 76 0 66 62 63 66 67 67 70 68 64 0 0 0 0 0 0 0 0 0 0 0 0 0 0 64 66 64 67 
69 69 68 68 68 68 69 69 70 70 71 71 72 72 70 67 67 63 61 63 67 69 73 77 79 79 80 80 80 81 81 77 76 75 71 62 0 0 0 0 0 0 0 0 0 0 0 0 0 0 0 0 0 0 0 0 0 0 0 0 0 0 0 0 0 0 0 0 0 0 40 61 71 77 81 91 93 93 92 92 93 94 95 90 81 77 70 58 48 0 0 0 0 0 0 0 0 0 0 0 0 0 0 0 0 0 0 0 0 0 0 0 0 0 0 0 0 0 0 0 0 0 0 0 60 77 84 87 90 98 97 94 91 86 79 71 66 62 0 0 0 0 0 0 0 0 0 0 0 0 0 0 0 0 0 0 0 0 0 0 0 0 0 0 0 0 0 0 0 0 0 0 64 66 68 64 
67 66 67 67 68 68 69 70 70 70 71 71 71 71 70 69 68 66 65 66 69 71 74 77 79 79 80 80 81 81 81 78 76 75 71 62 0 0 0 0 0 0 0 0 0 0 0 0 0 0 0 0 0 0 0 0 0 0 0 0 0 0 0 0 0 0 0 0 0 0 40 61 71 77 80 91 93 93 93 92 92 94 94 89 80 76 69 56 47 0 0 0 0 0 0 0 0 0 0 0 0 0 0 0 0 0 0 0 0 0 0 0 0 0 0 0 0 0 0 0 0 0 0 0 61 77 83 87 89 97 95 91 88 83 75 63 0 0 0 0 0 0 0 0 0 0 0 0 0 0 0 0 0 0 0 0 0 0 0 0 0 0 0 0 0 0 0 0 0 0 0 0 63 65 65 69 
68 67 67 67 68 68 69 69 69 70 70 71 72 72 71 71 70 69 68 69 71 72 74 76 78 79 80 80 81 81 81 78 77 75 72 63 0 0 0 0 0 0 0 0 0 0 0 0 0 0 0 0 0 0 0 0 0 0 0 0 0 0 0 0 0 0 0 0 0 0 40 64 73 79 82 91 93 93 93 92 92 94 94 89 79 75 68 55 45 0 0 0 0 0 0 0 0 0 0 0 0 0 0 0 0 0 0 0 0 0 0 0 0 0 0 0 0 0 0 0 0 0 0 0 62 77 83 87 89 96 95 90 89 85 77 0 0 0 0 0 0 0 0 0 0 0 0 0 0 0 0 0 0 0 0 0 0 0 0 0 0 0 0 0 0 0 0 0 0 0 0 0 63 64 65 67 
62 65 66 67 68 68 68 68 68 68 68 69 70 70 71 71 72 72 72 72 74 74 76 77 78 79 79 80 81 81 81 78 77 75 73 65 0 0 0 0 0 0 0 0 0 0 0 0 0 0 0 0 0 0 0 0 0 0 0 0 0 0 0 0 0 0 0 0 0 0 40 63 73 78 81 91 93 93 93 92 92 93 93 87 78 74 66 53 44 0 0 0 0 0 0 0 0 0 0 0 0 0 0 0 0 0 0 0 0 0 0 0 0 0 0 0 0 0 0 0 0 0 0 0 64 78 84 87 89 96 95 92 89 86 80 73 0 0 0 0 0 0 0 0 0 0 0 0 0 0 0 0 0 0 0 0 0 0 0 0 0 0 0 0 0 0 0 0 0 0 0 60 62 63 60 65 
65 68 65 66 66 66 66 66 66 66 66 67 68 69 70 71 72 73 74 74 75 75 76 77 78 79 79 80 81 80 81 78 77 75 73 65 0 0 0 0 0 0 0 0 0 0 0 0 0 0 0 0 0 0 0 0 0 0 0 0 0 0 0 0 0 0 0 0 0 0 0 65 75 79 83 90 92 92 92 92 92 93 93 87 77 72 65 52 42 0 0 0 0 0 0 0 0 0 0 0 0 0 0 0 0 0 0 0 0 0 0 0 0 0 0 0 0 0 0 0 0 0 0 0 64 78 84 87 89 95 95 92 90 87 81 75 72 0 0 0 0 0 0 0 0 0 0 0 0 0 0 0 0 0 0 0 0 0 0 0 0 0 0 0 0 0 0 0 0 0 0 0 62 64 62 63 
58 64 65 66 66 66 66 65 64 64 64 64 65 66 68 69 71 71 72 72 73 74 75 76 78 78 79 80 80 80 81 78 77 76 74 66 0 0 0 0 0 0 0 0 0 0 0 0 0 0 0 0 0 0 0 0 0 0 0 0 0 0 0 0 0 0 0 0 0 0 0 69 78 82 84 89 92 92 92 92 92 93 93 86 76 72 64 51 42 0 0 0 0 0 0 0 0 0 0 0 0 0 0 0 0 0 0 0 0 0 0 0 0 0 0 0 0 0 0 0 0 0 0 0 66 79 84 87 89 95 95 93 91 88 83 78 74 67 59 59 59 60 62 64 62 60 59 0 0 0 0 0 0 0 0 0 0 0 0 0 0 0 0 0 0 0 0 0 0 0 0 61 62 64 65 69 
0 62 65 65 65 65 64 63 62 63 63 62 64 65 66 68 70 71 71 71 71 71 71 73 74 75 76 76 76 76 77 75 74 74 72 66 0 0 0 0 0 0 0 0 0 0 0 0 0 0 0 0 0 0 0 0 0 0 0 0 0 0 0 0 0 0 0 0 0 0 0 73 80 84 85 89 91 92 92 92 92 92 92 85 75 70 63 50 41 0 0 0 0 0 0 0 0 0 0 0 0 0 0 0 0 0 0 0 0 0 0 0 0 0 0 0 0 0 0 0 0 0 0 0 67 80 85 87 89 95 95 94 93 91 87 83 80 76 71 72 71 72 73 74 71 68 66 64 60 0 0 0 0 0 0 0 0 0 0 0 0 0 0 0 0 0 0 0 0 0 0 61 63 65 62 68 
0 0 62 64 64 64 63 62 61 60 60 59 60 62 64 66 69 70 70 70 71 70 70 72 73 74 74 75 75 76 76 74 74 73 72 66 0 0 0 0 0 0 0 0 0 0 0 0 0 0 0 0 0 0 0 0 0 0 0 0 0 0 0 0 0 0 0 0 0 0 0 71 79 82 84 87 90 91 91 91 91 91 91 84 74 70 62 49 41 0 0 0 0 0 0 0 0 0 0 0 0 0 0 0 0 0 0 0 0 0 0 0 0 0 0 0 0 0 0 0 0 0 0 0 68 79 84 86 88 94 94 94 92 90 86 83 79 75 71 70 70 69 71 72 70 68 67 65 63 0 0 0 0 0 0 0 0 0 0 0 0 0 0 0 0 0 0 0 0 0 0 63 65 66 67 68 
0 0 60 61 61 61 62 62 60 58 59 57 58 60 62 64 68 69 69 69 68 68 68 70 70 72 73 74 74 74 75 73 72 72 71 0 0 0 0 0 0 0 0 0 0 0 0 0 0 0 0 0 0 0 0 0 0 0 0 0 0 0 0 0 0 0 0 0 0 0 0 71 76 78 79 80 83 83 84 85 85 85 85 79 71 67 60 48 40 0 0 0 0 0 0 0 0 0 0 0 0 0 0 0 0 0 0 0 0 0 0 0 0 0 0 0 0 0 0 0 0 0 0 0 64 74 77 79 80 85 85 85 83 82 80 78 76 73 71 70 70 69 71 72 70 68 67 65 63 0 0 0 0 0 0 0 0 0 0 0 0 0 0 0 0 0 0 0 0 0 0 65 66 67 67 71 
0 0 0 0 0 0 0 0 0 80 77 73 73 71 64 62 64 64 65 65 64 64 64 66 67 69 71 72 71 72 73 71 71 71 70 0 0 0 0 0 0 0 0 0 0 0 0 0 0 0 0 0 0 0 0 0 0 0 0 0 0 0 0 0 0 0 0 0 0 0 0 69 74 76 77 78 81 82 83 83 84 84 83 77 70 66 59 48 0 0 0 0 0 0 0 0 0 0 0 0 0 0 0 0 0 0 0 0 0 0 0 0 0 0 0 0 0 0 0 0 0 0 0 0 64 72 75 78 78 82 83 82 81 80 79 78 77 75 72 70 70 69 71 72 70 68 67 65 63 0 0 0 0 0 0 0 0 0 0 0 0 0 0 0 0 0 0 0 0 0 0 65 67 67 70 68 
0 0 0 0 0 0 0 0 0 90 83 81 81 82 69 0 0 0 0 0 0 0 54 56 58 61 64 65 64 64 65 63 64 0 0 0 0 0 0 0 0 0 0 0 0 0 0 0 0 0 0 0 0 0 0 0 0 0 0 0 0 0 0 0 0 0 0 0 0 0 0 0 71 73 74 75 78 79 80 81 81 81 80 74 65 62 55 45 0 0 0 0 0 0 0 0 0 0 0 0 0 0 0 0 0 0 0 0 0 0 0 0 0 0 0 0 0 0 0 0 0 0 0 0 0 70 72 74 75 78 79 78 77 76 76 77 78 78 78 76 75 74 75 75 74 72 71 69 66 0 0 0 0 0 0 0 0 0 0 0 0 0 0 0 0 0 0 0 0 0 0 67 67 68 68 71 
0 0 0 0 0 0 0 0 71 86 83 80 82 85 73 0 0 0 0 0 0 0 0 0 0 0 0 0 0 0 0 0 0 0 0 0 0 0 0 0 0 0 0 0 0 0 0 0 0 0 0 0 0 0 0 0 0 0 0 0 0 0 0 0 0 0 0 0 0 0 0 0 65 66 68 69 72 73 75 75 76 76 75 67 60 57 51 43 0 0 0 0 0 0 0 0 0 0 0 0 0 0 0 0 0 0 0 0 0 0 0 0 0 0 0 0 0 0 0 0 0 0 0 0 0 66 67 68 68 70 70 69 67 66 67 67 68 69 70 68 66 65 66 67 68 67 69 0 0 0 0 52 52 52 52 0 0 0 0 0 0 0 0 0 0 0 0 0 0 0 0 67 67 68 67 63 
0 0 0 0 0 0 0 0 69 83 83 80 82 85 75 65 0 0 0 0 0 0 0 0 0 0 0 0 0 0 0 0 0 0 0 0 0 0 0 0 0 0 0 0 0 0 0 0 0 0 0 0 0 0 0 0 0 0 0 0 0 0 0 0 0 0 0 0 0 0 0 0 0 0 53 55 57 58 60 61 61 62 61 54 50 48 44 0 0 0 0 0 0 0 0 0 0 0 0 0 0 0 0 0 0 0 0 0 0 0 0 0 0 0 0 0 0 0 0 0 0 0 0 0 0 0 0 55 53 52 51 50 47 48 47 0 0 0 0 0 0 0 0 0 0 0 0 0 0 0 0 52 52 52 52 0 0 0 0 0 0 0 0 0 0 0 0 0 0 0 0 65 66 67 64 72 
0 0 0 0 0 0 0 59 69 85 88 83 85 87 78 63 0 0 0 0 0 0 0 0 0 0 0 0 0 0 0 0 0 0 0 0 0 0 0 0 0 0 0 0 0 0 0 0 0 0 0 0 0 0 0 0 0 0 0 0 0 0 0 0 0 0 0 0 0 0 0 0 0 0 0 0 0 0 0 0 0 0 0 0 0 0 0 0 0 0 0 0 0 0 0 0 0 0 0 0 0 0 0 0 0 0 0 0 0 0 0 0 0 0 0 0 0 0 0 0 0 0 0 0 0 0 0 0 0 0 0 0 0 0 0 0 0 0 0 0 0 0 0 0 0 0 0 0 0 0 0 53 53 53 53 0 0 0 0 0 0 0 0 0 0 0 0 0 0 0 0 64 66 67 68 70 
0 0 0 0 67 65 64 63 66 77 86 83 84 87 82 64 0 0 0 0 0 0 0 0 0 0 0 0 0 0 0 0 0 0 0 0 0 0 0 0 0 0 0 0 0 0 0 0 0 0 0 0 0 0 0 0 0 0 0 0 0 0 0 0 0 0 0 0 0 0 0 0 0 0 0 0 0 0 0 0 0 0 0 0 0 0 0 0 0 0 0 0 0 0 0 0 0 0 0 0 0 0 0 0 0 0 0 0 0 0 0 0 0 0 0 0 0 0 0 0 0 0 0 0 0 0 0 0 0 0 0 0 0 0 0 0 0 0 0 0 0 0 0 0 0 0 0 0 0 0 0 0 0 0 0 0 0 0 0 0 0 0 0 0 0 0 0 0 0 0 0 63 65 67 65 68 
0 0 73 73 71 70 69 67 68 75 85 83 83 86 85 66 0 0 0 0 0 0 0 0 0 0 0 0 0 0 0 0 0 0 0 0 0 0 0 0 0 0 0 0 0 0 0 0 0 0 0 0 0 0 0 0 0 0 0 0 0 0 0 0 0 0 0 0 0 0 0 0 0 0 0 0 0 0 0 0 0 0 0 0 0 0 0 0 0 0 0 0 0 0 0 0 0 0 0 0 0 0 0 0 0 0 0 0 0 0 0 0 0 0 0 0 0 0 0 0 0 0 0 0 0 0 0 0 0 0 0 0 0 0 0 0 0 0 0 0 0 0 0 0 0 0 0 0 0 0 0 0 0 0 0 0 0 0 0 0 0 0 0 0 0 0 0 0 0 0 0 62 65 66 73 70 
0 0 73 73 73 73 71 70 71 74 84 84 83 85 85 70 58 0 0 0 0 0 0 0 0 0 0 0 0 0 0 0 0 0 0 0 0 0 0 0 0 0 0 0 0 0 0 0 0 0 0 0 0 0 0 0 0 0 0 0 0 0 0 0 0 0 0 0 0 0 0 0 0 0 0 0 0 0 0 0 0 0 0 0 0 0 0 0 0 0 0 0 0 0 0 0 0 0 0 0 0 0 0 0 0 0 0 0 0 0 0 0 0 0 0 0 0 0 0 0 0 0 0 0 0 0 0 0 0 0 0 0 0 0 0 0 0 0 0 0 0 0 0 0 0 0 0 0 0 0 0 0 0 0 0 0 0 0 0 0 0 0 0 0 0 0 0 0 0 0 0 61 64 66 68 75 
0 60 73 74 73 74 73 71 72 74 82 86 83 84 86 75 58 0 0 0 0 0 0 0 0 0 0 0 0 0 0 0 0 0 0 0 0 0 0 0 0 0 0 0 0 0 0 0 0 0 0 0 0 0 0 0 0 0 0 0 0 0 0 0 0 0 0 0 0 0 0 0 0 0 0 0 0 0 0 0 0 0 0 0 0 0 0 0 0 0 0 0 0 0 0 0 0 0 0 0 0 0 0 0 0 0 0 0 0 0 0 0 0 0 0 0 0 0 0 0 0 0 0 0 0 0 0 0 0 0 0 0 0 0 0 0 0 0 0 0 0 0 0 0 0 0 0 0 0 0 0 0 0 0 0 0 0 0 0 0 0 0 0 0 0 0 0 0 0 0 0 61 65 66 69 62 
0 60 71 72 73 74 73 72 72 73 79 84 81 83 86 79 59 0 0 0 0 0 0 0 0 0 0 0 0 0 0 0 0 0 0 0 0 0 0 0 0 0 0 0 0 0 0 0 0 0 0 0 0 0 0 0 0 0 0 0 0 0 0 0 0 0 0 0 0 0 0 0 0 0 0 0 0 0 0 0 0 0 0 0 0 0 0 0 0 0 0 0 0 0 0 0 0 0 0 0 0 0 0 0 0 0 0 0 0 0 0 0 0 0 0 0 0 0 0 0 0 0 0 0 0 0 0 0 0 0 0 0 0 0 0 0 0 0 0 0 0 0 0 0 0 0 0 0 0 0 0 0 0 0 0 0 0 0 0 0 0 0 0 0 0 0 0 0 0 0 0 0 64 66 0 0 
0 0 72 73 74 75 74 73 72 73 76 81 79 81 85 82 0 0 0 0 0 0 0 0 0 0 0 0 0 0 0 0 0 0 0 0 0 0 0 0 0 0 0 0 0 0 0 0 0 0 0 0 0 0 0 0 0 0 0 0 0 0 0 0 0 0 0 0 0 0 0 0 0 0 0 0 0 0 0 0 0 0 0 0 0 0 0 0 0 0 0 0 0 0 0 0 0 0 0 0 0 0 0 0 0 0 0 0 0 0 0 0 0 0 0 0 0 0 0 0 0 0 0 0 0 0 0 0 0 0 0 0 0 0 0 0 0 0 0 0 0 0 0 0 0 0 0 0 0 0 0 0 0 0 0 0 0 0 0 0 0 0 0 0 0 0 0 0 0 0 0 0 0 0 0 0 
0 61 71 72 74 75 74 72 72 72 73 79 78 80 84 85 0 0 0 0 0 0 0 0 0 0 0 0 0 0 0 0 0 0 0 0 0 0 0 0 0 0 0 0 0 0 0 0 0 0 0 0 0 0 0 0 0 0 0 0 0 0 0 0 0 0 0 0 0 0 0 0 0 0 0 0 0 0 0 0 0 0 0 0 0 0 0 0 0 0 0 0 0 0 0 0 0 0 0 0 0 0 0 0 0 0 0 0 0 0 0 0 0 0 0 0 0 0 0 0 0 0 0 0 0 0 0 0 0 0 0 0 0 0 0 0 0 0 0 0 0 0 0 0 0 0 0 0 0 0 0 0 0 0 0 0 0 0 0 0 0 0 0 0 0 0 0 0 0 0 0 0 0 0 0 0 
0 70 71 72 73 73 72 71 70 71 71 76 76 78 83 0 0 0 0 0 0 0 0 0 0 0 0 0 0 0 0 0 0 0 0 0 0 0 0 0 0 0 0 0 0 0 0 0 0 0 0 0 0 0 0 0 0 0 0 0 0 0 0 0 0 0 0 0 0 0 0 0 0 0 0 0 0 0 0 0 0 0 0 0 0 0 0 0 0 0 0 0 0 0 0 0 0 0 0 0 0 0 0 0 0 0 0 0 0 0 0 0 0 0 0 0 0 0 0 0 0 0 0 0 0 0 0 0 0 0 0 0 0 0 0 0 0 0 0 0 0 0 0 0 0 0 0 0 0 0 0 0 0 0 0 0 0 0 0 0 0 0 0 0 0 0 0 0 0 0 0 0 0 0 0 0 
66 67 100 87 80 74 71 70 70 70 70 71 76 102 130 157 193 193 183 175 0 0 0 0 0 0 0 0 0 0 0 0 0 0 0 0 0 0 0 0 0 0 0 0 0 0 0 0 0 0 0 0 0 0 0 0 0 0 0 0 0 0 0 0 0 0 0 0 0 0 0 0 0 0 0 0 0 0 0 0 0 0 0 0 0 0 0 0 0 0 0 0 0 0 0 0 0 0 0 0 0 0 0 0 0 0 0 0 0 0 0 0 0 0 0 0 0 0 0 0 0 0 0 0 0 0 0 0 0 0 0 0 0 0 0 0 0 0 0 0 0 0 0 0 0 0 0 0 0 0 0 0 0 0 0 0 0 0 0 0 0 0 0 0 0 0 0 0 0 0 0 0 0 0 0 0 
74 0 183 162 144 126 119 115 116 123 148 176 225 283 332 339 323 285 257 222 165 0 0 0 0 0 0 0 0 0 0 0 0 0 0 0 0 0 0 0 0 0 0 0 0 0 0 0 0 0 0 0 0 0 0 0 0 0 0 0 0 0 0 0 0 0 0 0 0 0 0 0 0 0 0 0 0 0 0 0 0 0 0 0 0 0 0 0 0 0 0 0 0 0 0 0 0 0 0 0 0 0 0 0 0 0 0 0 0 0 0 0 0 0 0 0 0 0 0 0 0 0 0 0 0 0 0 0 0 0 0 0 0 0 0 0 0 0 0 0 0 0 0 0 0 0 0 0 0 0 0 0 0 0 0 0 0 0 0 0 0 0 0 0 0 0 0 0 0 0 0 0 0 0 0 0 
343 229 264 254 238 222 223 232 250 280 327 349 382 402 411 406 368 312 277 229 158 0 0 0 0 0 0 0 0 0 0 0 0 0 0 0 0 0 0 0 0 0 0 0 0 0 0 0 0 0 0 0 0 0 0 0 0 0 0 0 0 0 0 0 0 0 0 0 0 0 0 0 0 0 0 0 0 0 0 0 0 0 0 0 0 0 0 0 0 0 0 0 0 0 0 0 0 0 0 0 0 0 0 0 0 0 0 0 0 0 0 0 0 0 0 0 0 0 0 0 0 0 0 0 0 0 0 0 0 0 0 0 0 0 0 0 0 0 0 0 0 0 0 0 0 0 0 0 0 0 0 0 0 0 0 0 0 0 0 0 0 0 0 0 0 0 0 0 0 0 0 0 0 0 0 0 
492 479 337 331 316 301 313 336 353 376 409 408 416 433 438 426 378 325 286 231 155 0 0 0 0 0 0 0 0 0 0 0 0 0 0 0 0 0 0 0 0 0 0 0 0 0 0 0 0 0 0 0 0 0 0 0 0 0 0 0 0 0 0 0 0 0 0 0 0 0 0 0 0 0 0 0 0 0 0 0 0 0 0 0 0 0 0 0 0 0 0 0 0 0 0 0 0 0 0 0 0 0 0 0 0 0 0 0 0 0 0 0 0 0 0 0 0 0 0 0 0 0 0 0 0 0 0 0 0 0 0 0 0 0 0 0 0 0 0 0 0 0 0 0 0 0 0 0 0 0 0 0 0 0 0 0 0 0 0 0 0 0 0 0 0 0 0 0 0 0 0 0 0 0 0 0 
432 443 380 376 375 375 379 393 394 399 410 411 419 435 440 424 383 334 295 236 157 0 0 0 0 0 0 0 0 0 0 0 0 0 0 0 0 0 0 0 0 0 0 0 0 0 0 0 0 0 0 0 0 0 0 0 0 0 0 0 0 0 0 0 0 0 0 0 0 0 0 0 0 0 0 0 0 0 0 0 0 0 0 0 0 0 0 0 0 0 0 0 0 0 0 0 0 0 0 0 0 0 0 0 0 0 0 0 0 0 0 0 0 0 0 0 0 0 0 0 0 0 0 0 0 0 0 0 0 0 0 0 0 0 0 0 0 0 0 0 0 0 0 0 0 0 0 0 0 0 0 0 0 0 0 0 0 0 0 0 0 0 0 0 0 0 0 0 0 0 0 0 0 0 0 0 
405 411 416 411 406 400 393 391 392 397 406 422 443 466 478 463 401 350 304 231 138 0 0 0 0 0 0 0 0 0 0 0 0 0 0 0 0 0 0 0 0 0 0 0 0 0 0 0 0 0 0 0 0 0 0 0 0 0 0 0 0 0 0 0 0 0 0 0 0 0 0 0 0 0 0 0 0 0 0 0 0 0 0 0 0 0 0 0 0 0 0 0 0 0 0 0 0 0 0 0 0 0 0 0 0 0 0 0 0 0 0 0 0 0 0 0 0 0 0 0 0 0 0 0 0 0 0 0 0 0 0 0 0 0 0 0 0 0 0 0 0 0 0 0 0 0 0 0 0 0 0 0 0 0 0 0 0 0 0 0 0 0 0 0 0 0 0 0 0 0 0 0 0 0 0 0 
386 396 395 404 409 414 415 418 422 427 433 442 453 461 460 429 361 319 274 199 118 0 0 0 0 0 0 0 0 0 0 0 0 0 0 0 0 0 0 0 0 0 0 0 0 0 0 0 0 0 0 0 0 0 0 0 0 0 0 0 0 0 0 0 0 0 0 0 0 0 0 0 0 0 0 0 0 0 0 0 0 0 0 0 0 0 0 0 0 0 0 0 0 0 0 0 0 0 0 0 0 0 0 0 0 0 0 0 0 0 0 0 0 0 0 0 0 0 0 0 0 0 0 0 0 0 0 0 0 0 0 0 0 0 0 0 0 0 0 0 0 0 0 0 0 0 0 0 0 0 0 0 0 0 0 0 0 0 0 0 0 0 0 0 0 0 0 0 0 0 0 0 0 0 0 0 
356 367 353 371 382 388 390 392 394 398 402 411 421 425 421 384 318 287 243 168 102 0 0 0 0 0 0 0 0 0 0 0 0 0 0 0 0 0 0 0 0 0 0 0 0 0 0 0 0 0 0 0 0 0 0 0 0 0 0 0 0 0 0 0 0 0 0 0 0 0 0 0 0 0 0 0 0 0 0 0 0 0 0 0 0 0 0 0 0 0 0 0 0 0 0 0 0 0 0 0 0 0 0 0 0 0 0 0 0 0 0 0 0 0 0 0 0 0 0 0 0 0 0 0 0 0 0 0 0 0 0 0 0 0 0 0 0 0 0 0 0 0 0 0 0 0 0 0 0 0 0 0 0 0 0 0 0 0 0 0 0 0 0 0 0 0 0 0 0 0 0 0 0 0 0 0 
245 341 325 345 356 371 376 376 376 378 381 387 394 393 387 346 283 252 211 138 87 0 0 0 0 0 0 0 0 0 0 0 0 0 0 0 0 0 0 0 0 0 0 0 0 0 0 0 0 0 0 0 0 0 0 0 0 0 0 0 0 0 0 0 0 0 0 0 0 0 0 0 0 0 0 0 0 0 0 0 0 0 0 0 0 0 0 0 0 0 0 0 0 0 0 0 0 0 0 0 0 0 0 0 0 0 0 0 0 0 0 0 0 0 0 0 0 0 0 0 0 0 0 0 0 0 0 0 0 0 0 0 0 0 0 0 0 0 0 0 0 0 0 0 0 0 0 0 0 0 0 0 0 0 0 0 0 0 0 0 0 0 0 0 0 0 0 0 0 0 0 0 0 0 0 0 
86 179 293 318 329 343 356 360 360 364 367 373 379 375 366 321 268 237 196 124 81 0 0 0 0 0 0 0 0 0 0 0 0 0 0 0 0 0 0 0 0 0 0 0 0 0 0 0 0 0 0 0 0 0 0 0 0 0 0 0 0 0 0 0 0 0 0 0 0 0 0 0 0 0 0 0 0 0 0 0 0 0 0 0 0 0 0 0 0 0 0 0 0 0 0 0 0 0 0 0 0 0 0 0 0 0 0 0 0 0 0 0 0 0 0 0 0 0 0 0 0 0 0 0 0 0 0 0 0 0 0 0 0 0 0 0 0 0 0 0 0 0 0 0 0 0 0 0 0 0 0 0 0 0 0 0 0 0 0 0 0 0 0 0 0 0 0 0 0 0 0 0 0 0 0 0 
0 0 255 282 296 310 323 336 341 345 348 351 355 351 341 296 254 224 184 111 0 0 0 0 0 0 0 0 0 0 0 0 0 0 0 0 0 0 0 0 0 0 0 0 0 0 0 0 0 0 0 0 0 0 0 0 0 0 0 0 0 0 0 0 0 0 0 0 0 0 0 0 0 0 0 0 0 0 0 0 0 0 0 0 0 0 0 0 0 0 0 0 0 0 0 0 0 0 0 0 0 0 0 0 0 0 0 0 0 0 0 0 0 0 0 0 0 0 0 0 0 0 0 0 0 0 0 0 0 0 0 0 0 0 0 0 0 0 0 0 0 0 0 0 0 0 0 0 0 0 0 0 0 0 0 0 0 0 0 0 0 0 0 0 0 0 0 0 0 0 0 0 0 0 0 0 
0 0 217 254 263 276 287 296 297 306 312 319 325 323 311 276 242 213 171 102 0 0 0 0 0 0 0 0 0 0 0 0 0 0 0 0 0 0 0 0 0 0 0 0 0 0 0 0 0 0 0 0 0 0 0 0 0 0 0 0 0 0 0 0 0 0 0 0 0 0 0 0 0 0 0 0 0 0 0 0 0 0 0 0 0 0 0 0 0 0 0 0 0 0 0 0 0 0 0 0 0 0 0 0 0 0 0 0 0 0 0 0 0 0 0 0 0 0 0 0 0 0 0 0 0 0 0 0 0 0 0 0 0 0 0 0 0 0 0 0 0 0 0 0 0 0 0 0 0 0 0 0 0 0 0 0 0 0 0 0 0 0 0 0 0 0 0 0 0 0 0 0 0 0 0 0 
0 0 187 222 231 249 267 280 281 291 299 295 291 281 270 240 220 198 166 97 0 0 0 0 0 0 0 0 0 0 0 0 0 0 0 0 0 0 0 0 0 0 0 0 0 0 0 0 0 0 0 0 0 0 0 0 0 0 0 0 0 0 0 0 0 0 0 0 0 0 0 0 0 0 0 0 0 0 0 0 0 0 0 0 0 0 0 0 0 0 0 0 0 0 0 0 0 0 0 0 0 0 0 0 0 0 0 0 0 0 0 0 0 0 0 0 0 0 0 0 0 0 0 0 0 0 0 0 0 0 0 0 0 0 0 0 0 0 0 0 0 0 0 0 0 0 0 0 0 0 0 0 0 0 0 0 0 0 0 0 0 0 0 0 0 0 0 0 0 0 0 0 0 0 0 0 
0 0 0 186 197 209 231 250 253 267 278 273 270 261 248 223 214 195 168 0 0 0 0 0 0 0 0 0 0 0 0 0 0 0 0 0 0 0 0 0 0 0 0 0 0 0 0 0 0 0 0 0 0 0 0 0 0 0 0 0 0 0 0 0 0 0 0 0 0 0 0 0 0 0 0 0 0 0 0 0 0 0 0 0 0 0 0 0 0 0 0 0 0 0 0 0 0 0 0 0 0 0 0 0 0 0 0 0 0 0 0 0 0 0 0 0 0 0 0 0 0 0 0 0 0 0 0 0 0 0 0 0 0 0 0 0 0 0 0 0 0 0 0 0 0 0 0 0 0 0 0 0 0 0 0 0 0 0 0 0 0 0 0 0 0 0 0 0 0 0 0 0 0 0 0 0 
0 0 0 0 149 169 186 207 217 234 246 238 235 226 214 194 188 172 0 0 0 0 0 0 0 0 0 0 0 0 0 0 0 0 0 0 0 0 0 0 0 0 0 0 0 0 0 0 0 0 0 0 0 0 0 0 0 0 0 0 0 0 0 0 0 0 0 0 0 0 0 0 0 0 0 0 0 0 0 0 0 0 0 0 0 0 0 0 0 0 0 0 0 0 0 0 0 0 0 0 0 0 0 0 0 0 0 0 0 0 0 0 0 0 0 0 0 0 0 0 0 0 0 0 0 0 0 0 0 0 0 0 0 0 0 0 0 0 0 0 0 0 0 0 0 0 0 0 0 0 0 0 0 0 0 0 0 0 0 0 0 0 0 0 0 0 0 0 0 0 0 0 0 0 0 0 
0 0 0 0 0 0 0 136 147 177 200 196 196 185 172 161 157 0 0 0 0 0 0 0 0 0 0 0 0 0 0 0 0 0 0 0 0 0 0 0 0 0 0 0 0 0 0 0 0 0 0 0 0 0 0 0 0 0 0 0 0 0 0 0 0 0 0 0 0 0 0 0 0 0 0 0 0 0 0 0 0 0 0 0 0 0 0 0 0 0 0 0 0 0 0 0 0 0 0 0 0 0 0 0 0 0 0 0 0 0 0 0 0 0 0 0 0 0 0 0 0 0 0 0 0 0 0 0 0 0 0 0 0 0 0 0 0 0 0 0 0 0 0 0 0 0 0 0 0 0 0 0 0 0 0 0 0 0 0 0 0 0 0 0 0 0 0 0 0 0 0 0 0 0 0 0 
0 0 0 0 0 0 0 0 0 0 0 0 0 0 0 0 0 0 0 0 0 0 0 0 0 0 0 0 0 0 0 0 0 0 0 0 0 0 0 0 0 0 0 0 0 0 0 0 0 0 0 0 0 0 0 0 0 0 0 0 0 0 0 0 0 0 0 0 0 0 0 0 0 0 0 0 0 0 0 0 0 0 0 0 0 0 0 0 0 0 0 0 0 0 0 0 0 0 0 0 0 0 0 0 0 0 0 0 0 0 0 0 0 0 0 0 0 0 0 0 0 0 0 0 0 0 0 0 0 0 0 0 0 0 0 0 0 0 0 0 0 0 0 0 0 0 0 0 0 0 0 0 0 0 0 0 0 0 0 0 0 0 0 0 0 0 0 0 0 0 0 0 0 0 0 0 
0 0 0 0 0 0 0 0 0 0 0 0 0 0 0 0 0 0 0 0 0 0 0 0 0 0 0 0 0 0 0 0 0 0 0 0 0 0 0 0 0 0 0 0 0 0 0 0 0 0 0 0 0 0 0 0 0 0 0 0 0 0 0 0 0 0 0 0 0 0 0 0 0 0 0 0 0 0 0 0 0 0 0 0 0 0 0 0 0 0 0 0 0 0 0 0 0 0 0 0 0 0 0 0 0 0 0 0 0 0 0 0 0 0 0 0 0 0 0 0 0 0 0 0 0 0 0 0 0 0 0 0 0 0 0 0 0 0 0 0 0 0 0 0 0 0 0 0 0 0 0 0 0 0 0 0 0 0 0 0 0 0 0 0 0 0 0 0 0 0 0 0 0 0 0 0 
0 0 0 0 0 0 0 0 0 0 0 0 0 0 0 0 0 0 0 0 0 0 0 0 0 0 0 0 0 0 0 0 0 0 0 0 0 0 0 0 0 0 0 0 0 0 0 0 0 0 0 0 0 0 0 0 0 0 0 0 0 0 0 0 0 0 0 0 0 0 0 0 0 0 0 0 0 0 0 0 0 0 0 0 0 0 0 0 0 0 0 0 0 0 0 0 0 0 0 0 0 0 0 0 0 0 0 0 0 0 0 0 0 0 0 0 0 0 0 0 0 0 0 0 0 0 0 0 0 0 0 0 0 0 0 0 0 0 0 0 0 0 0 0 0 0 0 0 0 0 0 0 0 0 0 0 0 0 0 0 0 0 0 0 0 0 0 0 0 0 0 0 0 0 0 0 
0 0 0 0 0 0 0 0 0 0 0 0 0 0 0 0 0 0 0 0 0 0 0 0 0 0 0 0 0 0 0 0 0 0 0 0 0 0 0 0 0 0 0 0 0 0 0 0 0 0 0 0 0 0 0 0 0 0 0 0 0 0 0 0 0 0 0 0 0 0 0 0 0 0 0 0 0 0 0 0 0 0 0 0 0 0 0 0 0 0 0 0 0 0 0 0 0 0 0 0 0 0 0 0 0 0 0 0 0 0 0 0 0 0 0 0 0 0 0 0 0 0 0 0 0 0 0 0 0 0 0 0 0 0 0 0 0 0 0 0 0 0 0 0 0 0 0 0 0 0 0 0 0 0 0 0 0 0 0 0 0 0 0 0 0 0 0 0 0 0 0 0 0 0 0 0 
0 0 0 0 0 0 0 0 0 0 0 0 0 0 0 0 0 0 0 0 0 0 0 0 0 0 0 0 0 0 0 0 0 0 0 0 0 0 0 0 0 0 0 0 0 0 0 0 0 0 0 0 0 0 0 0 0 0 0 0 0 0 0 0 0 0 0 0 0 0 0 0 0 0 0 0 0 0 0 0 0 0 0 0 0 0 0 0 0 0 0 0 0 0 0 0 0 0 0 0 0 0 0 0 0 0 0 0 0 0 0 0 0 0 0 0 0 0 0 0 0 0 0 0 0 0 0 0 0 0 0 0 0 0 0 0 0 0 0 0 0 0 0 0 0 0 0 0 0 0 0 0 0 0 0 0 0 0 0 0 0 0 0 0 0 0 0 0 0 0 0 0 0 0 0 0 
0 0 0 0 0 0 0 0 0 0 0 0 0 0 0 0 0 0 0 0 0 0 0 0 0 0 0 0 0 0 0 0 0 0 0 0 0 0 0 0 0 0 0 0 0 0 0 0 0 0 0 0 0 0 0 0 0 0 0 0 0 0 0 0 0 0 0 0 0 0 0 0 0 0 0 0 0 0 0 0 0 0 0 0 0 0 0 0 0 0 0 0 0 0 0 0 0 0 0 0 0 0 0 0 0 0 0 0 0 0 0 0 0 0 0 0 0 0 0 0 0 0 0 0 0 0 0 0 0 0 0 0 0 0 0 0 0 0 0 0 0 0 0 0 0 0 0 0 0 0 0 0 0 0 0 0 0 0 0 0 0 0 0 0 0 0 0 0 0 0 0 0 0 0 0 0 
0 0 0 0 0 0 0 0 0 0 0 0 0 0 0 0 0 0 0 0 0 0 0 0 0 0 0 0 0 0 0 0 0 0 0 0 0 0 0 0 0 0 0 0 0 0 0 0 0 0 0 0 0 0 0 0 0 0 0 0 0 0 0 0 0 0 0 0 0 0 0 0 0 0 0 0 0 0 0 0 0 0 0 0 0 0 0 0 0 0 0 0 0 0 0 0 0 0 0 0 0 0 0 0 0 0 0 0 0 0 0 0 0 0 0 0 0 0 0 0 0 0 0 0 0 0 0 0 0 0 0 0 0 0 0 0 0 0 0 0 0 0 0 0 0 0 0 0 0 0 0 0 0 0 0 0 0 0 0 0 0 0 0 0 0 0 0 0 0 0 0 0 0 0 0 0 
0 0 0 0 0 0 0 0 0 0 0 0 0 0 0 0 0 0 0 0 0 0 0 0 0 0 0 0 0 0 0 0 0 0 0 0 0 0 0 0 0 0 0 0 0 0 0 0 0 0 0 0 0 0 0 0 0 0 0 0 0 0 0 0 0 0 0 0 0 0 0 0 0 0 0 0 0 0 0 0 0 0 0 0 0 0 0 0 0 0 0 0 0 0 0 0 0 0 0 0 0 0 0 0 0 0 0 0 0 0 0 0 0 0 0 0 0 0 0 0 0 0 0 0 0 0 0 0 0 0 0 0 0 0 0 0 0 0 0 0 0 0 0 0 0 0 0 0 0 0 0 0 0 0 0 0 0 0 0 0 0 0 0 0 0 0 0 0 0 0 0 0 0 0 0 0 
