92 87 87 88 93 81 84 77 80 82 86 83 83 91 87 81 85 75 90 81 84 77 79 79 73 74 71 76 73 80 72 79 76 70 67 78 76 74 79 77 79 75 77 80 81 74 75 82 83 77 76 77 73 76 76 74 82 77 77 72 64 68 74 78 74 83 74 78 80 73 76 76 77 80 76 78 78 79 77 80 77 79 75 79 78 72 64 74 73 79 78 77 79 79 78 81 80 76 77 77 81 80 80 77 77 76 80 81 81 81 80 69 67 80 85 86 85 87 84 89 84 85 86 90 99 86 89 91 98 85 84 90 93 91 93 95 92 84 91 89 97 92 92 104 101 102 99 99 102 107 103 100 114 114 101 86 74 77 84 78 73 73 71 73 0 68 77 79 83 85 85 92 96 102 107 102 
88 83 83 85 84 78 78 90 73 74 79 77 80 81 79 75 76 81 74 74 70 76 77 81 81 83 83 82 78 77 82 78 76 76 70 68 72 77 78 80 79 77 78 78 72 79 80 78 77 79 73 79 69 74 77 78 74 75 76 72 61 63 72 74 73 76 77 75 76 77 78 81 78 79 78 74 74 80 78 78 82 80 76 75 77 75 66 70 82 82 78 82 77 77 79 80 78 69 81 78 76 81 80 85 78 77 80 78 85 82 77 70 64 81 90 79 88 92 87 87 93 90 85 86 88 90 92 89 90 90 92 94 95 96 90 87 83 88 93 87 95 101 97 94 94 95 101 94 99 104 105 103 114 106 94 79 69 76 76 75 74 80 71 0 0 0 71 70 78 85 87 94 100 88 97 105 
86 84 83 82 81 81 80 79 79 78 77 77 77 77 78 78 78 78 78 78 78 78 77 77 77 77 77 77 77 77 76 76 75 74 73 72 72 72 73 73 74 74 74 74 74 74 74 75 75 75 74 74 74 74 74 74 74 74 73 71 70 70 71 72 73 74 75 75 74 75 75 75 75 75 75 75 76 76 76 76 76 76 76 76 74 74 73 74 74 76 77 78 78 78 77 77 77 77 77 77 78 78 78 78 78 78 78 79 79 78 76 76 78 78 81 83 84 84 85 85 85 86 87 87 87 87 88 87 87 88 88 89 89 89 88 88 88 88 89 91 92 93 95 96 97 97 98 99 100 101 102 101 97 92 86 80 76 75 73 74 74 73 72 73 71 73 74 76 78 82 86 90 94 96 99 98 
85 80 80 79 79 80 80 78 78 77 76 75 75 75 75 76 76 76 77 77 77 77 77 77 77 77 77 77 77 76 75 75 75 73 73 72 72 71 71 72 72 73 73 72 73 73 72 73 74 74 73 73 73 73 73 73 73 73 72 71 70 70 70 71 72 73 73 74 74 75 76 76 76 76 76 76 77 78 78 79 79 79 79 79 79 78 78 79 79 81 82 82 82 82 82 82 82 82 82 83 82 83 83 83 83 84 84 85 85 83 83 82 83 84 86 87 87 87 88 88 88 88 89 89 89 89 89 88 88 89 89 89 89 88 87 87 88 88 90 91 92 93 94 95 95 96 97 98 99 100 99 96 92 86 80 76 73 73 72 73 73 73 72 0 70 71 72 75 77 81 86 89 93 95 100 97 
82 83 79 78 78 79 79 78 78 77 76 74 74 73 73 74 75 75 76 76 76 76 76 76 75 75 75 75 75 75 74 74 74 73 72 72 71 70 69 69 70 70 70 71 71 70 70 71 71 71 71 72 72 72 72 72 73 73 73 72 72 72 73 74 75 76 77 77 77 78 79 79 80 80 80 80 81 82 82 82 83 83 83 84 84 84 84 84 85 85 86 87 87 87 87 87 87 87 87 88 87 87 88 88 88 89 89 90 90 89 89 89 89 90 91 91 91 91 91 92 93 93 94 94 93 93 93 92 92 93 93 93 93 92 91 91 92 92 93 94 94 95 96 97 97 98 99 99 100 99 97 93 87 82 77 74 72 71 70 71 70 70 70 0 0 71 72 74 77 79 84 87 91 93 96 96 
70 76 77 77 77 77 77 75 76 76 75 74 74 73 72 73 73 74 74 74 74 74 74 74 74 73 73 73 73 73 72 72 72 72 71 71 71 69 68 68 68 68 68 69 69 69 69 71 71 72 73 73 73 74 75 75 76 76 77 76 76 77 78 78 78 79 80 81 81 82 83 83 83 84 84 85 86 86 87 87 87 88 88 89 89 89 89 89 89 90 90 90 90 91 91 91 92 92 92 92 92 92 93 93 93 94 94 94 95 94 95 94 95 95 95 95 95 96 96 97 97 98 98 98 98 98 97 97 97 98 97 97 97 96 96 96 97 98 98 99 99 99 100 101 101 102 102 103 103 103 99 93 86 80 75 72 71 71 69 70 69 69 0 0 0 69 71 73 76 78 83 87 91 93 98 94 
72 78 76 77 76 76 76 74 75 75 74 74 73 72 71 71 71 72 72 72 73 73 73 73 73 72 71 71 71 71 71 71 70 70 70 70 70 70 69 69 69 69 70 71 72 72 73 73 74 75 76 76 77 77 78 79 79 80 80 81 81 81 82 83 83 83 84 85 86 86 87 87 87 87 88 88 89 90 91 91 92 92 93 94 94 94 94 94 94 94 95 95 95 95 96 96 97 97 97 97 97 97 98 98 98 99 100 100 100 101 101 101 101 101 101 101 101 101 101 102 103 103 103 103 103 103 102 101 101 101 101 101 101 101 101 102 102 103 103 103 103 104 104 105 105 106 106 108 108 107 101 95 87 80 74 71 70 69 68 68 67 67 0 0 0 67 70 72 74 76 80 84 89 91 103 93 
73 77 76 76 76 76 76 74 74 74 73 73 72 71 70 70 70 70 70 70 70 70 71 71 71 71 70 70 70 71 71 71 71 72 72 72 73 73 72 73 73 73 74 75 76 76 76 77 78 78 79 80 80 81 82 82 83 84 84 84 85 85 86 86 87 88 89 90 90 91 91 91 91 92 93 93 94 95 95 96 96 96 97 98 98 99 99 100 99 99 99 99 99 99 100 100 101 101 101 101 101 101 102 102 102 103 103 103 104 104 105 105 105 105 105 105 105 106 106 107 107 108 108 108 108 108 108 107 107 107 106 107 106 107 107 107 108 108 108 108 108 108 108 109 109 110 111 112 112 111 105 97 89 81 74 71 70 68 66 66 65 0 0 0 0 67 70 72 74 76 79 83 88 90 96 92 
71 79 76 76 75 75 75 73 73 72 72 71 71 70 69 69 68 68 68 67 68 68 69 70 70 70 71 71 72 73 73 74 74 75 74 74 75 75 75 76 77 77 78 78 79 79 79 80 81 81 83 83 84 85 86 86 87 88 88 88 89 90 90 91 91 92 93 93 94 95 95 95 94 94 95 95 96 96 97 97 97 97 98 99 98 99 99 99 99 99 98 98 98 99 99 99 100 100 100 100 100 101 101 101 101 102 102 102 102 103 104 104 105 105 105 105 105 106 106 107 108 109 109 110 110 110 110 110 109 109 109 110 110 111 111 112 112 112 112 112 112 112 112 113 114 114 115 116 117 116 109 101 92 82 74 71 69 67 65 64 0 0 0 0 0 0 70 71 73 74 77 81 86 89 97 95 
75 80 75 75 74 74 73 71 71 71 71 70 70 69 69 69 69 68 68 68 69 70 70 72 72 72 73 74 74 74 75 75 76 77 77 77 78 79 79 80 81 81 82 82 83 83 83 84 84 85 86 87 87 88 89 89 89 90 90 90 91 91 91 92 92 93 93 94 94 94 94 94 94 94 94 95 95 95 96 96 96 96 97 98 98 98 99 98 98 98 97 97 97 98 98 99 99 99 99 100 100 100 100 100 100 100 101 101 101 102 103 103 104 104 104 104 105 105 106 106 107 108 108 109 110 110 109 109 109 108 108 109 110 111 111 112 112 113 112 113 113 113 113 114 114 115 116 118 119 119 113 104 94 84 74 70 68 66 65 0 0 0 0 0 0 0 69 70 73 75 77 81 85 89 88 96 
70 75 74 74 73 72 72 71 71 70 70 70 70 70 70 70 71 70 70 70 71 71 72 73 74 74 75 75 76 77 77 78 79 80 80 80 81 82 82 83 84 84 85 85 86 86 86 86 87 87 87 88 88 89 89 89 89 89 89 89 90 91 91 91 91 92 92 92 92 93 92 93 93 93 93 94 95 95 95 95 96 96 96 96 96 95 95 95 95 94 94 94 94 95 95 96 96 95 95 95 95 96 96 96 96 96 96 96 97 98 98 98 99 100 100 100 101 101 102 103 104 105 105 107 108 108 108 108 108 108 108 109 109 110 110 111 111 111 111 111 111 111 111 112 113 113 114 116 118 119 113 104 95 85 74 69 67 65 0 0 0 0 0 0 0 0 68 69 71 74 76 80 84 88 92 91 
71 69 74 73 73 72 72 71 71 71 72 71 72 71 72 72 73 73 73 72 73 73 74 75 76 76 77 78 78 79 80 81 82 83 83 83 84 84 85 85 85 85 85 85 86 86 86 86 86 86 86 87 87 88 88 87 87 87 87 87 87 88 87 87 87 87 87 87 88 88 89 89 91 91 93 94 94 94 94 95 95 94 92 91 90 90 91 92 94 94 93 93 94 94 94 95 95 95 94 94 94 95 95 95 95 95 95 95 95 96 97 97 98 99 99 99 100 101 98 97 96 97 97 101 104 106 107 108 108 108 108 108 108 109 109 110 110 110 109 109 110 109 110 111 111 112 113 114 116 117 113 104 96 87 75 68 66 0 0 0 0 0 0 0 0 0 68 70 71 74 76 79 84 87 92 97 
72 75 72 72 72 72 72 71 72 72 73 73 73 73 73 73 74 74 75 75 76 76 77 78 79 79 80 80 81 81 82 82 83 83 83 83 83 84 84 84 84 84 84 83 84 84 84 83 83 83 82 83 83 84 83 82 81 79 80 81 83 85 86 86 86 86 86 86 87 85 86 87 89 90 92 93 93 93 94 94 94 92 90 88 88 86 88 90 92 92 92 92 92 93 93 93 93 93 93 93 93 93 94 94 93 94 94 94 94 95 95 95 96 97 96 97 98 99 96 94 93 92 94 97 101 103 106 106 107 107 107 108 108 108 108 109 109 109 108 108 109 108 109 109 109 110 111 112 114 116 112 104 97 89 77 67 0 0 0 0 0 0 0 0 0 0 67 69 71 73 75 79 83 87 95 86 
0 77 73 73 73 72 73 72 73 73 73 74 75 75 75 75 76 76 77 77 78 78 79 79 80 80 80 79 80 80 81 81 82 82 81 81 81 81 81 81 80 79 79 78 78 79 79 79 80 82 81 82 83 82 81 80 79 77 77 79 80 83 85 84 84 84 84 84 85 82 83 85 87 89 92 93 93 94 94 94 94 90 88 85 84 81 85 87 90 89 89 90 90 90 91 91 91 90 90 90 90 90 91 90 90 90 90 90 91 92 92 92 93 94 93 94 95 96 92 89 88 86 89 93 98 100 105 106 106 107 107 107 107 108 107 108 108 108 107 107 107 107 107 108 108 108 109 111 112 114 111 103 98 92 78 64 0 0 0 0 0 0 0 0 0 0 68 69 71 73 75 78 82 86 93 89 
67 71 74 74 74 73 74 73 74 74 75 75 76 76 76 77 77 78 78 78 78 78 78 79 79 79 79 79 79 80 80 81 81 80 79 79 79 79 79 79 78 77 77 76 76 77 77 78 79 80 80 80 81 81 79 78 76 73 74 76 77 80 83 81 81 79 79 80 80 76 79 83 85 87 91 92 93 93 93 94 93 88 85 81 77 72 76 78 84 83 83 83 84 84 84 83 83 82 81 80 80 80 81 80 80 81 81 80 82 83 83 84 85 87 87 87 88 89 82 78 77 77 83 90 95 98 104 105 106 107 107 107 107 107 107 107 107 107 107 106 107 107 106 107 107 107 106 108 110 112 110 102 99 93 80 61 0 0 0 0 0 0 0 0 0 0 0 68 69 72 73 77 81 85 88 96 
75 78 75 75 75 75 76 75 75 75 75 76 76 76 77 77 77 77 77 77 77 77 78 78 78 78 79 78 79 79 80 80 79 78 77 76 76 77 78 78 77 76 75 74 73 74 74 74 76 78 77 77 78 76 74 72 69 66 66 67 69 72 75 72 72 69 69 71 72 67 75 80 83 85 91 92 92 93 93 93 92 86 82 77 70 58 0 0 0 0 0 0 0 0 0 0 0 0 0 0 0 0 0 0 0 0 0 0 0 0 0 0 0 0 0 0 0 0 0 0 0 66 78 87 93 97 103 105 106 106 106 106 107 107 107 107 107 107 106 106 106 106 106 106 106 106 106 107 108 111 109 102 99 94 81 63 0 0 0 0 0 0 0 0 0 0 0 68 70 72 73 76 80 84 90 94 
75 76 75 75 76 76 76 75 76 75 75 75 76 76 77 77 77 77 76 77 77 76 77 77 77 78 78 78 78 79 79 79 77 76 75 73 72 74 75 74 73 72 71 69 68 68 68 67 68 70 68 69 69 68 65 62 57 53 50 0 0 0 0 0 0 0 0 0 0 66 75 81 84 86 91 92 93 93 93 94 92 85 83 79 72 59 0 0 0 0 0 0 0 0 0 0 0 0 0 0 0 0 0 0 0 0 0 0 0 0 0 0 0 0 0 0 0 0 0 0 0 73 85 91 94 96 103 105 106 106 106 106 106 106 106 106 106 107 107 106 106 106 105 105 105 105 104 105 107 109 108 102 100 96 85 68 0 0 0 0 0 0 0 0 0 0 0 68 69 71 73 75 79 84 94 88 
74 70 75 75 76 76 76 76 76 74 75 75 75 76 76 77 76 75 74 74 74 75 76 77 77 77 77 77 78 78 78 78 76 74 72 69 66 66 67 67 66 64 63 61 58 56 0 0 0 0 0 0 0 0 0 0 0 0 0 0 0 0 0 0 0 0 0 0 0 66 75 81 84 85 91 92 93 93 93 93 92 84 82 79 71 58 0 0 0 0 0 0 0 0 0 0 0 0 0 0 0 0 0 0 0 0 0 0 0 0 0 0 0 0 0 0 0 0 0 0 0 74 85 90 94 96 102 104 105 106 106 106 106 106 106 106 106 106 106 106 106 106 105 105 105 104 104 105 106 108 108 101 99 95 86 69 0 0 0 0 0 0 0 0 0 0 0 67 69 70 72 74 78 83 88 92 
75 75 74 74 75 75 75 75 76 74 75 75 75 75 76 76 75 74 72 72 73 73 74 76 76 77 77 77 77 78 78 77 75 73 71 67 59 0 0 0 0 0 0 0 0 0 0 0 0 0 0 0 0 0 0 0 0 0 0 0 0 0 0 0 0 0 0 0 0 67 76 81 83 85 90 92 92 92 93 93 91 84 82 78 71 56 0 0 0 0 0 0 0 0 0 0 0 0 0 0 0 0 0 0 0 0 0 0 0 0 0 0 0 0 0 0 0 0 0 0 0 76 85 91 94 96 102 104 105 105 105 106 106 106 106 107 106 106 107 106 106 106 105 104 104 104 104 104 105 107 107 101 100 97 89 73 0 0 0 0 0 0 0 0 0 0 0 67 68 70 72 74 77 82 85 97 
74 73 73 73 75 75 75 75 75 74 74 74 75 74 75 74 73 72 69 70 71 72 73 76 76 77 77 77 77 77 78 76 74 74 72 66 0 0 0 0 0 0 0 0 0 0 0 0 0 0 0 0 0 0 0 0 0 0 0 0 0 0 0 49 49 49 0 0 0 68 76 81 84 85 90 92 92 92 93 93 91 84 82 78 70 55 0 0 0 0 0 0 0 0 0 0 0 0 0 0 0 0 0 0 0 0 0 0 0 0 0 0 0 0 0 0 0 0 0 0 0 73 83 90 93 95 101 103 104 104 104 105 105 105 106 106 106 106 106 106 105 105 104 104 104 104 104 104 105 106 107 101 101 99 92 77 0 0 0 0 0 0 0 0 0 0 0 68 69 70 72 73 77 81 86 84 
76 69 73 73 74 74 74 74 74 73 74 74 74 74 74 73 71 70 66 67 69 71 72 76 76 77 77 77 77 77 77 76 75 74 72 68 0 0 0 0 0 0 0 0 0 0 0 0 0 0 0 0 0 0 0 0 0 0 0 0 0 0 51 50 49 49 48 0 0 70 78 82 85 86 90 92 92 92 93 93 91 84 82 78 70 55 0 0 0 0 0 0 0 0 0 0 0 0 0 0 0 0 0 0 0 0 0 0 0 0 0 0 0 0 0 0 0 0 0 0 0 70 81 88 91 94 101 103 104 105 105 105 106 106 106 106 106 106 105 105 105 105 104 104 104 104 104 104 104 105 106 102 101 100 95 79 0 0 0 0 0 0 0 0 0 0 0 68 67 69 71 72 76 81 79 90 
69 68 72 72 73 73 74 74 74 73 73 73 73 73 73 71 69 67 63 64 66 70 72 76 76 77 77 77 77 77 77 76 76 75 73 69 0 0 0 0 0 0 0 0 0 0 0 0 0 0 0 0 0 0 0 0 0 0 0 0 0 51 51 50 49 49 47 44 0 65 79 83 85 86 90 92 92 92 93 93 91 83 81 77 69 54 0 0 0 0 0 0 0 0 0 0 0 0 0 0 0 0 0 0 0 0 0 0 0 0 0 0 0 0 0 0 0 0 0 0 0 65 78 86 90 92 100 103 103 104 104 104 105 105 106 105 106 105 105 105 105 104 103 104 103 104 103 104 104 105 106 102 99 97 92 76 0 0 0 0 0 0 0 0 0 0 0 67 67 68 70 72 75 79 86 91 
75 69 71 71 72 72 73 72 72 72 72 71 72 72 72 70 68 66 62 64 67 70 72 76 76 77 76 77 77 77 77 75 74 74 72 67 0 0 0 0 0 0 0 0 0 0 0 0 0 0 0 0 0 0 0 0 0 0 0 0 0 51 51 50 49 49 47 44 0 64 78 82 85 86 91 91 92 92 93 93 91 83 81 77 69 55 0 0 0 0 0 0 0 0 0 0 0 0 0 0 0 0 0 0 0 0 0 0 0 0 0 0 0 0 0 0 0 0 0 0 0 61 75 84 89 92 100 103 104 104 104 105 105 105 105 106 106 106 105 105 105 104 103 104 103 104 103 103 103 104 106 102 98 96 90 75 0 0 0 0 0 0 0 0 0 0 0 66 67 68 69 71 74 79 90 89 
74 69 71 71 72 71 72 71 71 71 71 71 71 72 71 69 68 66 63 65 68 71 73 76 76 76 76 77 77 77 77 75 74 73 71 65 0 0 0 0 0 0 0 0 0 0 0 0 0 0 0 0 0 0 0 0 0 0 0 0 0 51 52 51 49 49 48 44 0 63 77 82 84 86 91 92 92 92 93 93 91 83 81 77 69 54 0 0 0 0 0 0 0 0 0 0 0 0 0 0 0 0 0 0 0 0 0 0 0 0 0 0 0 0 0 0 0 0 0 0 0 56 72 83 87 91 100 103 104 104 104 104 104 105 105 105 105 105 104 104 104 104 103 103 103 103 103 103 103 104 106 103 97 95 90 75 0 0 0 0 0 0 0 0 0 0 0 66 66 68 69 70 74 78 82 91 
67 70 71 71 70 70 70 71 70 70 70 70 71 71 71 70 69 67 66 68 70 72 74 75 75 76 76 77 77 77 77 75 74 73 70 65 0 0 0 0 0 0 0 0 0 0 0 0 0 0 0 0 0 0 0 0 0 0 0 0 0 51 52 51 49 49 47 44 0 62 77 81 84 86 91 92 93 92 92 92 90 83 81 77 70 55 0 0 0 0 0 0 0 0 0 0 0 0 0 0 0 0 0 0 0 0 0 0 0 0 0 0 0 0 0 0 0 0 0 0 0 51 69 81 86 90 100 104 104 105 104 104 104 104 104 105 105 105 104 104 104 104 103 103 103 103 102 102 103 104 105 103 96 93 88 76 55 0 0 0 0 0 0 0 0 0 0 0 66 67 68 70 73 78 78 91 
71 74 71 71 70 70 70 70 70 70 70 70 70 70 70 70 69 68 68 69 71 73 74 75 75 76 76 77 77 77 77 75 74 73 71 65 0 0 0 0 0 0 0 0 0 0 0 0 0 0 0 0 0 0 0 0 0 0 0 0 0 0 0 51 49 48 47 0 0 60 76 81 84 85 91 92 93 92 92 92 90 83 81 78 71 57 0 0 0 0 0 0 0 0 0 0 0 0 0 0 0 0 0 0 0 0 0 0 0 0 0 0 0 0 0 0 0 0 0 0 0 48 67 80 85 89 100 104 104 105 104 104 104 104 103 104 104 104 104 104 104 104 103 103 102 102 102 102 102 103 105 104 95 93 88 77 57 0 0 0 0 0 0 0 0 0 0 0 65 66 67 69 72 76 77 85 
79 69 70 70 70 70 70 70 69 70 70 70 70 70 70 70 69 69 70 70 72 73 74 75 75 75 75 76 77 77 77 74 74 73 71 64 0 0 0 0 0 0 0 0 0 0 0 0 0 0 0 0 0 0 0 0 0 0 0 0 0 0 0 0 0 0 0 0 0 62 75 80 83 85 91 92 92 92 92 92 90 83 82 78 72 58 0 0 0 0 0 0 0 0 0 0 0 0 0 0 0 0 0 0 0 0 0 0 0 0 0 0 0 0 0 0 0 0 0 0 0 47 67 79 85 89 100 104 105 105 105 104 104 104 103 104 104 104 104 104 104 104 103 103 103 102 102 102 102 103 104 104 96 94 90 80 60 0 0 0 0 0 0 0 0 0 0 0 65 67 67 69 72 76 89 88 
71 71 70 70 70 70 70 69 70 70 71 71 70 70 70 70 71 71 72 72 73 73 74 74 75 75 75 76 76 77 77 74 74 73 70 63 0 0 0 0 0 0 0 0 0 0 0 0 0 0 0 0 0 0 0 0 0 0 0 0 0 0 0 0 0 0 0 0 0 64 76 81 83 85 91 92 92 92 92 92 90 83 81 78 71 57 0 0 0 0 0 0 0 0 0 0 0 0 0 0 0 0 0 0 0 0 0 0 0 0 0 0 0 0 0 0 0 0 0 0 0 46 66 78 84 88 100 104 105 105 105 104 104 104 103 103 103 103 104 104 104 103 103 102 102 102 101 101 101 102 104 105 97 95 92 83 61 0 0 0 0 0 0 0 0 0 0 0 64 66 67 69 72 76 79 81 
68 66 70 70 70 69 69 69 70 70 71 70 70 69 70 70 71 72 72 72 73 73 73 74 74 74 75 76 76 77 77 74 74 72 70 63 0 0 0 0 0 0 0 0 0 0 0 0 0 0 0 0 0 0 0 0 0 0 0 0 0 0 0 0 0 0 0 0 0 65 76 81 84 85 90 91 92 92 92 92 90 83 81 77 70 56 0 0 0 0 0 0 0 0 0 0 0 0 0 0 0 0 0 0 0 0 0 0 0 0 0 0 0 0 0 0 0 0 0 0 0 46 65 77 84 88 99 103 104 105 105 105 105 104 103 103 104 104 104 103 104 103 103 102 103 102 102 102 102 102 104 105 97 97 93 85 64 0 0 0 0 0 0 0 0 0 0 0 64 66 67 69 72 76 75 88 
65 73 69 69 69 69 69 69 70 70 70 70 69 69 70 70 71 72 72 72 73 73 73 74 74 74 75 75 76 76 76 74 73 72 68 62 0 0 0 0 0 0 0 0 0 0 0 0 0 0 0 0 0 0 0 0 0 0 0 0 0 0 0 0 0 0 0 0 0 67 77 82 84 86 90 91 92 92 92 92 90 82 81 77 70 55 0 0 0 0 0 0 0 0 0 0 0 0 0 0 0 0 0 0 0 0 0 0 0 0 0 0 0 0 0 0 0 0 0 0 0 46 66 79 85 89 99 103 104 104 105 105 105 104 103 103 103 103 104 104 104 103 103 102 102 102 102 102 101 103 104 106 99 98 95 88 68 0 0 0 0 0 0 0 0 0 0 0 63 65 66 68 70 75 79 88 
70 72 69 69 69 69 69 69 70 70 70 70 69 70 70 70 71 72 72 72 73 72 72 73 73 74 74 75 75 76 76 73 72 71 67 60 0 0 0 0 0 0 0 0 0 0 0 0 0 0 0 0 0 0 0 0 0 0 0 0 0 0 0 0 0 0 0 0 0 67 77 82 84 86 90 91 92 91 91 92 90 82 80 76 69 54 0 0 0 0 0 0 0 0 0 0 0 0 0 0 0 0 0 0 0 0 0 0 0 0 0 0 0 0 0 0 0 0 0 0 0 0 68 81 87 90 98 102 104 104 104 104 104 104 103 103 103 103 104 103 104 103 103 103 102 102 102 102 102 103 104 106 100 99 96 90 69 0 0 0 0 0 0 0 0 0 0 0 63 65 66 68 70 75 83 83 
62 64 68 68 68 68 69 69 69 70 70 69 69 69 69 70 71 71 71 72 72 72 72 73 73 74 75 76 76 77 76 73 72 70 65 58 0 0 0 0 0 0 0 0 0 0 0 0 0 0 0 0 0 0 0 0 0 0 0 0 0 0 0 0 0 0 0 0 0 68 78 82 84 86 91 92 92 92 91 92 90 82 80 76 69 54 0 0 0 0 0 0 0 0 0 0 0 0 0 0 0 0 0 0 0 0 0 0 0 0 0 0 0 0 0 0 0 0 0 0 0 0 70 82 89 92 98 102 103 104 104 104 105 104 104 104 103 103 103 103 103 103 102 102 102 102 102 102 102 103 104 107 101 100 98 92 72 0 0 0 0 0 0 0 0 0 0 0 61 64 66 67 70 75 81 83 
70 72 68 67 67 68 68 68 69 69 69 69 69 69 69 69 70 70 70 71 72 72 72 73 73 74 74 75 76 77 76 73 71 69 65 56 0 0 0 0 0 0 0 0 0 0 0 0 0 0 0 0 0 0 0 0 0 0 0 0 0 0 0 0 0 0 0 0 0 68 79 82 85 86 91 91 92 92 91 91 90 82 80 76 69 53 0 0 0 0 0 0 0 0 0 0 0 0 0 0 0 0 0 0 0 0 0 0 0 0 0 0 0 0 0 0 0 0 0 0 0 0 72 85 91 93 97 102 103 104 104 104 104 104 104 104 103 103 103 103 103 102 102 103 102 102 102 102 101 102 104 106 101 101 99 94 75 0 0 0 0 0 0 0 0 0 0 0 60 63 66 67 70 74 81 83 
67 69 67 67 67 67 68 68 69 69 69 68 69 69 69 69 70 71 71 72 72 72 72 73 73 74 75 76 76 77 76 72 71 68 64 54 0 0 0 0 0 0 0 0 0 0 0 0 0 0 0 0 0 0 0 0 0 0 0 0 0 0 0 0 0 0 0 0 0 69 79 83 85 87 91 92 92 92 91 91 90 83 81 77 70 54 0 0 0 0 0 0 0 0 0 0 0 0 0 0 0 0 0 0 0 0 0 0 0 0 0 0 0 0 0 0 0 0 0 0 0 0 77 88 93 95 97 102 103 103 103 104 104 104 103 103 103 103 102 102 102 102 102 102 102 101 101 101 101 102 104 106 102 101 100 96 78 0 0 0 0 0 0 0 0 0 0 0 59 63 65 67 70 74 81 81 
73 65 67 67 67 67 68 68 68 69 69 68 69 69 68 69 70 70 71 71 71 72 72 72 73 74 74 76 76 77 76 72 71 68 64 52 0 0 0 0 0 0 0 0 0 0 0 0 0 0 0 0 0 0 0 0 0 0 0 0 0 0 0 0 0 0 0 0 0 69 80 83 85 87 91 92 92 92 92 92 90 83 81 78 71 56 0 0 0 0 0 0 0 0 0 0 0 0 0 0 0 0 0 0 0 0 0 0 0 0 0 0 0 0 0 0 0 0 0 0 0 0 75 87 92 95 96 102 103 103 103 104 104 104 104 104 103 103 102 102 102 102 101 102 101 101 101 101 101 102 104 106 103 102 102 98 82 0 0 0 0 0 0 0 0 0 0 0 59 63 65 67 70 74 79 82 
65 67 66 67 67 67 67 68 68 68 68 68 68 68 68 69 70 70 71 72 71 72 73 73 74 75 75 76 76 77 76 73 72 69 64 0 0 0 0 0 0 0 0 0 0 0 0 0 0 0 0 0 0 0 0 0 0 0 0 0 0 0 0 0 0 0 0 0 0 70 80 84 86 87 91 92 92 92 91 92 91 83 81 78 71 55 0 0 0 0 0 0 0 0 0 0 0 0 0 0 0 0 0 0 0 0 0 0 0 0 0 0 0 0 0 0 0 0 0 0 0 0 68 82 88 92 96 102 103 103 104 104 104 104 104 104 103 103 102 102 102 102 101 101 101 101 100 100 101 101 103 106 103 103 103 100 86 0 0 0 0 0 0 0 0 0 0 0 59 63 65 67 70 74 77 84 
68 66 66 66 67 67 67 68 68 68 68 68 68 68 68 70 70 70 71 72 72 72 73 73 74 74 75 76 76 76 76 74 73 71 65 0 0 0 0 0 0 0 0 0 0 0 0 0 0 0 0 0 0 0 0 0 0 0 0 0 0 0 0 0 0 0 0 0 0 71 81 84 86 87 91 91 91 91 91 91 90 82 80 77 70 53 0 0 0 0 0 0 0 0 0 0 0 0 0 0 0 0 0 0 0 0 0 0 0 0 0 0 0 0 0 0 0 0 0 0 0 0 66 81 88 92 96 102 103 103 103 103 103 104 104 104 104 104 103 102 102 102 101 102 101 101 100 100 101 102 103 106 104 103 104 101 89 0 0 0 0 0 0 0 0 0 0 0 61 63 66 67 69 73 81 81 
67 67 66 66 67 67 67 67 67 68 68 68 68 69 69 70 70 71 71 72 72 72 73 73 74 75 75 76 76 77 76 75 73 72 66 0 0 0 0 0 0 0 0 0 0 0 0 0 0 0 0 0 0 0 0 0 0 0 0 0 0 0 0 0 0 0 0 0 0 67 77 81 84 87 91 91 91 91 91 91 90 83 80 77 70 53 0 0 0 0 0 0 0 0 0 0 0 0 0 0 0 0 0 0 0 0 0 0 0 0 0 0 0 0 0 0 0 0 0 0 0 0 67 81 88 91 95 102 103 103 104 104 104 104 104 104 104 104 103 103 102 102 102 102 101 101 101 101 101 102 103 106 104 102 102 99 87 0 0 0 0 0 0 0 0 0 0 0 62 64 65 66 69 73 81 86 
66 63 67 67 67 67 67 67 67 67 68 68 68 69 69 70 70 70 71 72 72 72 73 74 74 75 75 76 76 77 76 76 75 74 69 0 0 0 0 0 0 0 0 0 0 0 0 0 0 0 0 0 0 0 0 0 0 0 0 0 0 0 0 0 0 0 0 0 0 68 77 81 84 87 91 91 91 91 91 91 90 82 78 74 66 49 0 0 0 0 0 0 0 0 0 0 0 0 0 0 0 0 0 0 0 0 0 0 0 0 0 0 0 0 0 0 0 0 0 0 0 0 65 81 88 91 95 103 103 103 104 104 104 104 104 104 104 104 103 103 103 103 102 102 102 102 101 101 102 103 104 106 105 100 100 96 84 0 0 0 0 0 0 0 0 0 0 0 62 63 64 65 68 72 76 82 
66 62 66 66 67 67 67 67 67 68 68 68 68 69 69 69 71 71 72 72 72 72 74 74 74 75 75 76 76 77 75 75 74 73 68 0 0 0 0 0 0 0 0 0 0 0 0 0 0 0 0 0 0 0 0 0 0 0 0 0 0 0 0 0 0 0 0 0 0 69 77 82 84 87 90 91 91 91 91 91 90 82 75 71 62 45 0 0 0 0 0 0 0 0 0 0 0 0 0 0 0 0 0 0 0 0 0 0 0 0 0 0 0 0 0 0 0 0 0 0 0 0 65 81 88 92 96 103 104 104 104 104 104 104 104 104 104 104 103 103 103 103 102 103 102 102 102 102 102 103 104 106 105 99 97 93 81 0 0 0 0 0 0 0 0 0 0 0 62 63 64 66 68 72 78 82 
63 72 66 66 66 66 66 67 67 68 68 68 68 69 69 69 70 71 71 72 73 72 73 73 74 74 75 76 76 77 75 75 74 72 67 0 0 0 0 0 0 0 0 0 0 0 0 0 0 0 0 0 0 0 0 0 0 0 0 0 0 0 0 0 0 0 0 0 0 69 78 82 84 87 90 91 91 91 91 91 90 82 76 71 63 46 0 0 0 0 0 0 0 0 0 0 0 0 0 0 0 0 0 0 0 0 0 0 0 0 0 0 0 0 0 0 0 0 0 0 0 0 68 84 91 94 96 103 104 104 104 104 104 104 104 104 104 104 103 103 103 103 103 103 102 102 101 102 102 103 104 106 105 98 96 92 81 59 0 0 0 0 0 0 0 0 0 0 0 64 64 65 68 71 75 78 
64 63 66 66 66 66 66 67 67 68 68 67 68 69 69 69 70 70 71 72 72 72 73 74 74 75 76 76 77 77 75 74 73 71 65 0 0 0 0 0 0 0 0 0 0 0 0 0 0 0 0 0 0 0 0 0 0 0 0 0 0 0 0 0 0 0 0 0 0 70 78 82 84 87 90 91 91 91 91 92 91 82 74 70 61 45 0 0 0 0 0 0 0 0 0 0 0 0 0 0 0 0 0 0 0 0 0 0 0 0 0 0 0 0 0 0 0 0 0 0 0 0 63 80 87 91 95 103 104 105 105 105 104 104 104 104 104 104 103 103 103 103 102 103 102 101 101 102 102 102 103 106 105 96 94 91 80 60 0 0 0 0 0 0 0 0 0 0 0 62 63 65 68 71 76 85 
67 69 66 66 66 67 67 67 67 68 68 68 68 69 69 69 70 71 71 72 72 73 74 74 75 75 76 76 77 77 75 74 73 71 64 0 0 0 0 0 0 0 0 0 0 0 0 0 0 0 0 0 0 0 0 0 0 0 0 0 0 0 0 0 0 0 0 0 0 70 78 82 84 88 91 91 91 91 91 92 91 83 73 69 60 44 38 0 0 0 0 0 0 0 0 0 0 0 0 0 0 0 0 0 0 0 0 0 0 0 0 0 0 0 0 0 0 0 0 0 0 0 62 79 86 91 95 103 104 105 104 104 104 104 104 104 104 103 103 103 103 102 102 102 101 101 101 101 101 102 104 106 105 97 95 92 83 63 0 0 0 0 0 0 0 0 0 0 0 62 63 65 68 71 78 87 
64 65 66 66 66 67 67 67 67 67 67 68 68 69 69 69 70 70 71 71 72 73 74 75 75 75 75 76 76 77 74 74 73 70 62 0 0 0 0 0 0 0 0 0 0 0 0 0 0 0 0 0 0 0 0 0 0 0 0 0 0 0 0 0 0 0 0 0 0 70 79 83 85 88 91 91 91 91 91 92 91 83 74 69 61 45 38 0 0 0 0 0 0 0 0 0 0 0 0 0 0 0 0 0 0 0 0 0 0 0 0 0 0 0 0 0 0 0 0 0 0 0 60 78 86 91 95 104 105 105 105 105 104 104 104 104 104 103 103 103 103 103 102 103 102 101 101 102 101 102 103 105 106 99 97 94 86 65 0 0 0 0 0 0 0 0 0 0 0 62 63 65 68 71 77 82 
64 70 66 66 65 66 66 67 67 67 67 67 68 69 69 69 70 70 70 71 72 73 74 74 75 75 75 76 76 77 74 74 73 69 60 0 0 0 0 0 0 0 0 0 0 0 0 0 0 0 0 0 0 0 0 0 0 0 0 0 0 0 0 0 0 0 0 0 0 71 79 83 85 89 91 92 92 92 92 92 91 83 74 70 61 47 39 0 0 0 0 0 0 0 0 0 0 0 0 0 0 0 0 0 0 0 0 0 0 0 0 0 0 0 0 0 0 0 0 0 0 0 59 77 86 90 95 104 105 105 105 105 104 104 104 104 104 103 103 104 103 103 102 102 101 101 101 102 101 102 103 104 106 99 98 96 89 69 0 0 0 0 0 0 0 0 0 0 0 61 62 64 67 70 73 81 
70 65 65 66 66 67 67 67 67 67 67 67 68 69 70 70 71 71 71 71 72 73 74 75 75 75 75 75 76 77 74 73 72 69 60 0 0 0 0 0 0 0 0 0 0 0 0 0 0 0 0 0 0 0 0 0 0 0 0 0 0 0 0 0 0 0 0 0 0 72 80 84 86 89 91 92 92 92 92 92 91 83 73 68 60 46 40 0 0 0 0 0 0 0 0 0 0 0 0 0 0 0 0 0 0 0 0 0 0 0 0 0 0 0 0 0 0 0 0 0 0 0 56 74 84 89 95 104 106 106 106 106 105 105 104 104 104 103 104 104 103 103 102 102 101 101 102 102 102 103 103 105 106 99 98 96 89 70 0 0 0 0 0 0 0 0 0 0 0 0 61 64 66 70 74 81 
65 64 65 65 65 66 66 67 67 67 67 68 68 69 70 70 71 71 71 71 72 73 74 74 74 74 74 75 76 77 74 73 72 69 59 0 0 0 0 0 0 0 0 0 0 0 0 0 0 0 0 0 0 0 0 0 0 0 0 0 0 0 0 0 0 0 0 0 0 67 76 81 84 89 92 92 93 93 93 93 92 84 74 69 61 47 41 0 0 0 0 0 0 0 0 0 0 0 0 0 0 0 0 0 0 0 0 0 0 0 0 0 0 0 0 0 0 0 0 0 0 0 56 74 84 89 96 105 106 106 106 106 106 105 104 104 104 103 104 104 103 103 103 103 102 102 102 102 102 103 104 105 107 100 99 96 89 70 0 0 0 0 0 0 0 0 0 0 0 0 60 63 65 70 69 82 
60 68 65 65 65 66 66 66 67 67 67 67 68 68 69 69 70 70 71 71 73 73 74 74 74 74 74 75 76 77 74 74 72 69 61 0 0 0 0 0 0 0 0 0 0 0 0 0 0 0 0 0 0 0 0 0 0 0 0 0 0 0 0 0 0 0 0 0 0 72 80 84 86 89 92 93 93 93 93 93 92 84 74 69 62 48 41 0 0 0 0 0 0 0 0 0 0 0 0 0 0 0 0 0 0 0 0 0 0 0 0 0 0 0 0 0 0 0 0 0 0 0 55 74 84 89 96 105 106 106 107 107 106 106 105 104 104 104 104 104 104 104 103 103 102 102 102 102 102 103 104 105 107 100 99 96 89 69 0 0 0 0 0 0 0 0 0 0 0 0 0 63 65 70 64 83 
65 69 65 65 65 65 65 66 66 67 67 67 67 68 68 69 70 70 71 72 73 73 73 73 73 73 74 75 76 77 74 73 72 69 61 0 0 0 0 0 0 0 0 0 0 0 0 0 0 0 0 0 0 0 0 0 0 0 0 0 0 0 0 0 0 0 0 0 0 67 76 81 84 89 92 93 93 93 93 93 92 84 74 69 62 48 41 0 0 0 0 0 0 0 0 0 0 0 0 0 0 0 0 0 0 0 0 0 0 0 0 0 0 0 0 0 0 0 0 0 0 0 54 72 82 87 96 106 107 107 107 107 107 107 106 105 105 104 104 104 104 104 103 102 102 102 101 101 102 103 104 106 107 100 99 97 89 68 0 0 0 0 0 0 0 0 0 0 0 0 0 0 65 72 63 77 
62 62 65 65 65 66 66 67 67 67 67 67 68 68 69 68 69 70 71 72 73 73 73 73 73 73 73 74 75 76 74 73 72 70 62 0 0 0 0 0 0 0 0 0 0 0 0 0 0 0 0 0 0 0 0 0 0 0 0 0 0 0 0 0 0 0 0 0 38 64 74 79 82 89 92 92 93 93 93 93 92 84 74 70 62 49 42 0 0 0 0 0 0 0 0 0 0 0 0 0 0 0 0 0 0 0 0 0 0 0 0 0 0 0 0 0 0 0 0 0 0 42 53 70 80 85 96 106 107 107 107 107 107 107 107 106 105 105 104 104 103 103 103 102 101 101 101 101 102 103 104 106 107 100 99 96 88 67 0 0 0 0 0 0 0 0 0 0 0 0 0 0 65 71 63 72 
70 66 65 65 65 66 66 66 66 67 67 67 68 68 68 68 69 70 71 71 73 73 73 73 73 73 74 75 75 76 74 73 71 70 63 0 0 0 0 0 0 0 0 0 0 0 0 0 0 0 0 0 0 0 0 0 0 0 0 0 0 0 0 0 0 0 0 0 40 62 72 77 81 89 92 92 92 93 93 93 92 85 74 70 62 49 41 0 0 0 0 0 0 0 0 0 0 0 0 0 0 0 0 0 0 0 0 0 0 0 0 0 0 0 0 0 0 0 0 0 0 44 54 70 80 86 97 106 107 107 107 107 107 108 107 106 106 105 104 104 104 104 103 102 102 101 101 101 101 102 103 105 107 100 99 96 89 67 0 0 0 0 0 0 0 0 0 0 0 0 0 0 63 70 0 78 
63 60 65 65 65 65 66 66 66 67 67 67 67 67 68 68 68 70 71 71 73 74 74 73 74 73 74 74 75 75 73 73 72 69 64 0 0 0 0 0 0 0 0 0 0 0 0 0 0 0 0 0 0 0 0 0 0 0 0 0 0 0 0 0 0 0 0 0 41 64 73 78 81 90 92 92 92 92 92 92 92 84 74 69 62 49 41 0 0 0 0 0 0 0 0 0 0 0 0 0 0 0 0 0 0 0 0 0 0 0 0 0 0 0 0 0 0 0 0 0 0 43 53 70 80 86 97 106 107 107 107 107 108 108 107 106 106 105 104 104 104 104 103 102 102 101 100 101 101 102 103 105 107 100 99 97 90 69 0 0 0 0 0 0 0 0 0 0 0 0 0 0 0 70 70 74 
67 64 65 65 65 65 66 66 66 66 67 67 68 68 68 68 68 69 70 71 72 73 73 73 74 74 74 75 75 75 72 72 71 68 62 0 0 0 0 0 0 0 0 0 0 0 0 0 0 0 0 0 0 0 0 0 0 0 0 0 0 0 0 0 0 0 0 0 41 61 71 76 80 90 92 92 92 93 92 93 92 85 75 70 62 50 42 0 0 0 0 0 0 0 0 0 0 0 0 0 0 0 0 0 0 0 0 0 0 0 0 0 0 0 0 0 0 0 0 0 0 43 53 68 78 84 97 106 107 107 107 107 108 108 107 106 106 105 104 104 104 104 103 102 102 101 101 101 101 101 102 104 106 100 100 98 92 71 0 0 0 0 0 0 0 0 0 0 0 0 0 0 0 69 57 76 
65 68 65 65 65 65 66 66 66 67 67 68 68 68 68 68 69 70 70 71 72 73 73 74 75 75 75 75 75 75 73 72 71 69 64 0 0 0 0 0 0 0 0 0 0 0 0 0 0 0 0 0 0 0 0 0 0 0 0 0 0 0 0 0 0 0 0 0 42 62 72 77 80 90 92 92 92 93 93 93 92 86 75 71 63 51 43 0 0 0 0 0 0 0 0 0 0 0 0 0 0 0 0 0 0 0 0 0 0 0 0 0 0 0 0 0 0 0 0 0 0 43 52 68 78 84 97 106 107 107 107 107 107 108 107 106 106 105 104 104 104 103 102 102 102 101 101 101 101 101 102 104 106 100 100 98 92 72 0 0 0 0 0 0 0 0 0 0 0 0 0 0 61 68 0 70 
68 68 65 65 65 66 66 66 66 67 67 67 68 68 68 69 69 69 70 70 71 72 73 74 75 75 75 75 75 75 72 72 71 68 62 0 0 0 0 0 0 0 0 0 0 0 0 0 0 0 0 0 0 0 0 0 0 0 0 0 0 0 0 0 0 0 0 0 44 63 73 77 80 90 92 92 93 93 93 93 93 87 76 72 64 52 43 0 0 0 0 0 0 0 0 0 0 39 0 0 0 0 0 0 0 0 0 0 0 0 0 0 0 0 0 0 0 0 0 0 0 43 52 68 77 84 97 106 108 108 108 108 108 108 107 106 105 105 104 104 104 103 102 102 102 101 100 100 100 101 102 104 107 101 101 99 94 74 0 0 0 0 0 0 0 0 0 0 0 0 0 0 58 67 57 75 
66 62 65 65 65 66 66 66 66 67 67 67 68 68 68 68 69 69 70 71 71 72 72 73 74 75 75 75 76 75 72 72 71 68 62 0 0 0 0 0 0 0 0 0 0 0 0 0 0 0 0 0 0 0 0 0 0 0 0 0 0 0 0 0 0 0 0 0 43 63 72 77 80 90 92 92 92 93 93 93 93 87 77 73 66 53 44 0 0 0 0 0 0 0 0 0 0 39 40 40 40 40 0 0 0 0 0 0 0 0 0 0 0 0 0 0 0 0 0 0 0 43 51 67 77 83 96 106 107 108 108 108 108 108 107 106 105 104 103 103 104 103 103 102 102 101 101 100 100 101 101 103 106 101 101 100 96 77 0 0 0 0 0 0 0 0 0 0 0 0 0 0 61 68 61 75 
63 67 65 65 65 66 67 66 67 67 67 67 68 68 68 69 69 69 70 71 71 72 72 73 74 75 75 76 76 75 72 72 70 67 61 0 0 0 0 0 0 0 0 0 0 0 0 0 0 0 0 0 0 0 0 0 0 0 0 0 0 0 0 38 38 38 0 0 44 63 72 77 80 90 92 93 93 93 94 94 94 88 78 74 66 54 46 0 0 0 0 0 0 0 0 0 0 39 39 39 39 39 0 0 0 0 0 0 0 0 0 0 0 0 0 0 0 0 0 0 0 44 52 67 77 83 96 106 107 108 107 107 107 108 107 106 105 105 103 104 104 103 103 102 101 101 100 100 100 101 102 103 106 102 101 100 96 78 0 0 0 0 0 0 0 0 0 0 0 0 0 0 61 68 58 73 
60 61 64 65 65 66 67 67 67 67 68 68 68 68 69 69 70 70 71 71 72 72 72 73 74 74 75 76 76 76 73 72 71 68 61 0 0 0 0 0 0 0 0 0 0 0 0 0 0 0 0 0 0 0 0 0 0 0 0 0 0 0 0 38 38 38 0 0 45 64 73 78 81 91 93 93 93 94 94 95 94 88 79 75 67 55 48 0 0 0 0 0 0 0 0 0 0 38 40 40 40 40 0 0 0 0 0 0 0 0 0 0 0 0 0 0 0 0 0 0 0 44 52 67 77 83 96 106 107 108 107 108 107 108 106 106 105 105 103 104 104 103 102 102 101 100 100 100 100 101 101 103 106 101 101 100 96 79 0 0 0 0 0 0 0 0 0 0 0 0 0 0 62 69 66 76 
66 64 64 65 65 66 66 67 67 67 67 68 68 68 69 69 69 70 70 71 72 72 72 73 73 74 75 75 76 76 72 72 71 67 60 0 0 0 0 0 0 0 0 0 0 0 0 0 0 0 0 0 0 0 0 0 0 0 0 0 0 0 0 0 0 0 0 0 46 65 74 78 81 91 93 93 94 94 94 95 95 89 80 76 69 57 48 0 0 0 0 0 0 0 0 0 0 40 44 44 44 44 0 0 0 0 0 0 0 0 0 0 0 0 0 0 0 0 0 0 0 45 53 67 77 84 96 105 107 108 107 107 107 107 106 106 105 104 104 104 103 103 103 102 101 101 100 100 100 101 101 103 106 101 101 100 97 80 0 0 0 0 0 0 0 0 0 0 0 0 0 0 63 70 64 74 
66 66 64 64 64 65 66 67 67 67 67 68 68 68 69 69 69 70 70 71 72 72 72 73 74 75 75 76 76 76 73 72 71 68 61 0 0 0 0 0 0 0 0 0 0 0 0 0 0 0 0 0 0 0 0 0 0 0 0 0 0 0 0 0 0 0 0 0 45 64 74 78 81 91 93 93 94 95 95 95 95 90 80 77 70 58 50 0 0 0 0 0 0 0 0 0 0 0 50 49 49 49 52 0 0 0 0 0 0 0 0 0 0 0 0 0 0 0 0 0 0 46 53 68 78 84 95 105 107 107 107 107 107 107 106 106 105 104 104 104 104 104 103 102 101 100 100 100 100 101 101 103 105 101 101 100 98 81 0 0 0 0 0 0 0 0 0 0 0 0 0 0 66 72 60 82 
63 69 64 65 65 65 66 66 67 67 67 68 69 69 69 69 69 70 71 72 72 72 73 73 73 75 75 76 76 76 73 72 71 68 61 0 0 0 0 0 0 0 0 0 0 0 0 0 0 0 0 0 0 0 0 0 0 0 0 0 0 0 0 0 0 0 0 0 43 64 74 79 82 91 93 94 94 95 95 96 96 90 81 77 71 59 51 0 0 0 0 0 0 0 0 0 0 0 56 58 57 57 60 0 0 0 0 0 0 0 0 0 0 0 0 0 0 0 0 0 0 46 53 68 77 83 95 105 106 107 107 107 107 107 106 106 105 105 104 104 103 103 102 101 101 100 99 100 100 100 101 103 105 101 101 100 98 81 0 0 0 0 0 0 0 0 0 0 0 0 0 0 66 71 69 77 
66 67 64 64 64 65 66 65 66 66 66 67 68 68 69 70 70 70 71 72 72 72 73 73 74 75 75 76 76 76 73 72 71 68 61 0 0 0 0 0 0 0 0 0 0 0 0 0 0 0 0 0 0 0 0 0 0 0 0 0 0 0 0 0 0 0 0 0 44 65 74 79 82 92 94 94 94 95 96 96 97 92 82 79 73 62 52 0 0 0 0 0 0 0 0 0 0 0 65 69 63 63 64 62 0 0 0 0 0 0 0 0 0 0 0 0 0 0 0 0 0 46 53 68 77 83 95 105 107 107 107 107 107 107 106 106 105 104 104 104 103 103 102 101 101 100 100 100 99 100 100 101 104 101 100 100 98 82 0 0 0 0 0 0 0 0 0 0 0 0 0 0 65 71 73 77 
57 66 64 64 64 65 66 66 66 66 66 66 68 68 68 69 70 70 71 72 72 73 73 73 74 75 75 76 75 76 73 72 71 69 61 0 0 0 0 0 0 0 0 0 0 0 0 0 0 0 0 0 0 0 0 0 0 0 0 0 0 0 0 0 0 0 0 0 46 66 75 80 83 92 94 94 95 95 96 96 97 92 83 80 74 63 53 0 0 0 0 0 0 0 0 0 0 0 66 75 67 67 68 68 0 0 0 0 0 0 0 0 0 0 0 0 0 0 0 0 0 47 53 68 77 84 96 105 107 107 107 107 107 107 106 106 105 105 104 104 104 103 102 101 100 100 99 100 99 100 100 101 104 101 101 100 98 83 0 0 0 0 0 0 0 0 0 0 0 0 0 0 65 70 71 79 
65 61 63 64 64 65 66 66 66 66 66 67 68 68 69 70 70 70 71 72 72 73 73 74 74 75 75 76 76 76 73 72 70 68 60 0 0 0 0 0 0 0 0 0 0 0 0 0 0 0 0 0 0 0 0 0 0 0 0 0 0 0 0 0 0 0 0 0 47 66 75 81 84 93 95 95 95 95 96 96 97 92 84 78 72 61 52 0 0 0 0 0 0 0 0 0 0 0 68 83 74 72 72 74 48 0 0 0 0 0 0 0 0 0 0 0 0 0 0 0 0 45 53 68 77 83 96 105 106 107 107 107 106 106 106 105 105 105 104 103 103 103 102 101 100 100 99 99 99 99 99 101 103 100 100 100 98 83 0 0 0 0 0 0 0 0 0 0 0 0 0 60 65 70 66 78 
61 62 64 64 65 65 65 65 66 66 66 67 68 68 69 70 70 71 72 72 73 73 73 74 74 75 75 76 76 76 72 71 70 67 60 0 0 0 0 0 0 0 0 0 0 0 0 0 0 0 0 0 0 0 0 0 0 0 0 0 0 0 0 0 0 0 0 0 47 66 75 81 84 93 95 96 95 95 96 97 97 92 84 77 71 60 52 0 0 0 0 0 0 0 0 0 0 0 62 93 93 91 89 99 85 0 0 0 0 0 0 0 0 0 0 0 0 0 0 0 0 45 53 68 77 83 96 105 107 107 107 106 106 106 106 105 105 104 103 103 103 102 101 100 100 100 99 100 99 99 99 101 103 100 100 99 97 82 0 0 0 0 0 0 0 0 0 0 0 0 0 60 64 68 69 80 
63 63 64 64 64 64 65 65 66 66 66 66 67 68 69 69 71 71 72 72 73 73 73 74 75 75 75 76 76 76 73 72 70 67 60 0 0 0 0 0 0 0 0 0 0 0 0 0 0 0 0 0 0 0 0 0 0 0 0 0 0 0 0 0 0 0 0 0 50 66 75 81 84 93 96 96 96 95 96 97 97 92 85 80 74 66 62 0 0 0 0 0 0 0 0 0 0 0 54 130 124 152 153 177 154 185 0 0 0 0 0 0 0 0 0 0 0 0 0 0 0 51 56 69 78 85 96 105 107 107 107 106 106 106 106 105 105 104 104 103 103 102 101 100 100 99 99 99 99 99 99 101 103 100 100 99 97 82 0 0 0 0 0 0 0 0 0 0 0 0 0 60 65 69 69 74 
63 62 64 64 64 65 65 66 66 67 67 67 67 67 68 69 70 71 72 72 73 73 73 74 74 74 75 76 76 76 72 72 70 67 60 0 0 0 0 0 0 0 0 0 0 0 0 0 0 0 0 0 0 0 0 0 0 0 0 0 0 0 0 0 0 0 0 0 50 66 74 80 85 94 97 98 97 96 96 97 97 92 88 87 81 77 79 83 0 0 0 0 0 0 0 0 0 0 54 206 191 208 226 255 180 198 126 0 0 0 0 0 0 0 0 0 0 0 0 0 0 67 66 75 82 87 96 105 107 107 106 106 106 106 105 105 105 104 104 103 102 102 101 100 99 99 99 99 99 99 100 101 103 100 100 99 97 83 0 0 0 0 0 0 0 0 0 0 0 0 0 63 66 70 68 73 
68 64 64 64 64 64 65 65 66 67 67 67 68 68 68 69 70 71 72 72 72 72 73 73 74 75 75 76 76 76 72 71 70 66 59 0 0 0 0 0 0 0 0 0 0 0 0 0 0 0 0 0 0 0 0 0 0 0 0 0 0 0 0 0 0 0 0 0 48 65 73 81 87 97 100 101 100 97 96 97 97 92 89 90 83 80 83 83 0 0 0 0 0 0 0 0 0 0 53 237 229 239 269 290 189 192 127 46 0 0 0 0 0 0 0 0 0 0 0 0 0 80 74 81 86 90 97 105 106 106 106 105 105 105 104 104 104 103 103 103 102 101 100 100 99 99 98 99 99 98 99 100 102 99 99 98 95 81 0 0 0 0 0 0 0 0 0 0 0 0 0 63 66 69 73 82 
70 63 65 64 65 65 65 65 66 67 66 66 67 67 68 69 70 71 71 72 72 72 73 73 74 75 75 75 76 76 73 72 71 68 60 0 0 0 0 0 0 0 0 0 0 0 0 0 0 0 0 0 0 0 0 0 0 0 0 0 0 0 0 37 37 0 0 0 48 65 73 81 88 99 102 102 101 97 96 96 97 92 89 91 84 81 84 86 0 0 0 0 0 0 0 0 0 0 52 241 249 299 312 322 230 219 104 46 46 0 0 0 0 0 0 0 0 0 0 0 86 80 75 81 86 91 97 106 107 107 106 106 105 105 103 103 103 103 102 103 102 101 100 99 99 98 98 97 98 97 98 99 101 97 97 96 93 79 0 0 0 0 0 0 0 0 0 0 0 0 0 62 65 68 70 75 
60 60 64 64 64 65 65 65 66 66 66 66 67 67 68 69 70 71 71 72 72 72 73 73 74 75 76 76 76 76 73 72 71 68 60 0 0 0 0 0 0 0 0 0 0 0 0 0 0 0 0 0 0 0 0 0 0 0 0 0 0 0 37 37 37 37 0 0 48 65 74 80 88 99 102 103 102 98 96 97 97 92 89 90 83 80 83 84 0 0 0 0 0 0 0 0 0 0 53 248 244 300 314 297 201 199 96 45 44 0 0 0 0 0 0 0 0 0 0 0 86 80 74 80 86 91 97 106 107 107 106 106 105 105 103 103 103 102 101 101 99 98 96 95 94 93 92 93 93 93 94 95 97 93 93 92 89 74 0 0 0 0 0 0 0 0 0 0 0 0 59 62 65 68 72 74 
69 65 64 64 64 64 64 65 66 66 66 66 67 67 67 69 69 70 71 71 71 72 73 73 74 75 75 75 76 76 73 72 71 67 60 0 0 0 0 0 0 0 0 0 0 0 0 0 0 0 0 0 0 0 0 0 0 0 0 0 0 37 37 37 37 37 0 0 48 65 73 80 88 99 102 103 102 98 96 97 97 92 88 89 81 77 79 82 0 0 0 0 0 0 0 0 0 0 55 254 233 262 264 250 165 164 93 46 44 0 0 0 0 0 0 0 0 0 0 0 0 80 73 80 86 89 96 105 106 106 106 105 104 104 102 102 101 99 96 93 90 90 89 90 91 92 91 89 88 86 86 86 88 86 86 86 85 72 0 0 0 0 0 0 0 0 0 0 0 0 60 62 64 67 68 73 
61 64 64 64 64 65 65 65 66 66 66 67 68 68 68 70 70 70 71 71 71 72 72 73 74 75 75 75 76 76 73 72 71 67 60 0 0 0 0 0 0 0 0 0 0 0 0 0 0 0 0 0 0 0 0 0 0 0 0 0 0 38 38 38 38 38 0 0 47 65 73 79 86 97 100 101 101 97 96 96 96 92 85 81 74 66 63 64 0 0 0 0 0 0 0 0 0 0 0 181 165 210 193 184 147 148 74 46 43 0 0 0 0 0 0 0 0 0 0 0 0 68 65 74 82 86 96 105 106 107 106 105 104 104 101 98 97 94 91 89 87 86 86 87 88 90 89 87 85 83 82 82 84 82 83 83 81 0 0 0 0 0 0 0 0 0 0 0 0 0 60 61 63 66 70 76 
62 63 64 64 65 65 65 66 66 66 66 67 68 68 68 69 69 70 71 71 71 72 72 73 74 75 75 75 76 76 73 72 71 68 60 0 0 0 0 0 0 0 0 0 0 0 0 0 0 0 0 0 0 0 0 0 0 0 0 0 0 38 38 38 38 0 0 0 47 64 73 78 83 94 97 98 98 96 95 96 96 91 83 76 70 60 52 0 0 0 0 0 0 0 0 0 0 0 0 0 123 188 154 148 138 137 58 45 0 0 0 0 0 0 0 0 0 0 0 0 0 52 55 68 77 84 96 105 106 106 106 105 105 103 98 95 93 87 83 81 78 77 77 77 78 81 80 79 80 78 77 77 79 78 79 79 78 0 0 0 0 0 0 0 0 0 0 0 0 60 61 62 64 66 65 75 
64 65 64 64 65 66 66 66 66 66 66 67 68 68 68 69 70 70 71 71 71 72 72 73 74 74 75 75 76 76 73 72 70 67 60 0 0 0 0 0 0 0 0 0 0 0 0 0 0 0 0 0 0 0 0 0 0 0 0 0 0 39 39 39 39 0 0 0 46 63 72 77 81 92 95 96 97 96 95 96 96 90 82 76 70 59 51 0 0 0 0 0 0 0 0 0 0 0 0 0 72 104 96 92 92 94 69 0 0 0 0 0 0 0 0 0 0 0 0 0 0 45 51 66 76 83 95 104 106 106 105 105 103 102 97 93 88 81 76 75 73 74 75 72 71 71 67 66 69 66 65 65 67 67 69 72 0 0 0 0 0 0 0 0 0 0 0 0 0 61 61 63 64 67 69 79 
62 61 64 64 65 66 66 66 66 66 66 66 67 68 68 69 69 70 70 71 71 71 72 73 74 74 75 75 76 75 72 72 70 68 61 0 0 0 0 0 0 0 0 0 0 0 0 0 0 0 0 0 0 0 0 0 0 0 0 0 0 0 0 0 0 0 0 0 44 62 71 76 80 91 94 95 96 96 95 95 95 90 81 77 71 60 52 0 0 0 0 0 0 0 0 0 0 0 0 0 0 95 93 89 89 93 82 0 0 0 0 0 0 0 0 0 0 0 0 0 0 47 52 67 77 83 95 104 106 105 104 104 101 100 95 88 82 76 73 74 76 77 76 73 71 69 58 54 60 60 61 63 64 64 66 0 0 0 0 0 0 0 0 0 0 0 0 0 0 62 62 63 64 67 67 76 
58 65 63 64 65 66 66 66 66 66 66 67 67 68 68 69 69 70 70 71 71 72 72 73 74 75 75 75 76 75 73 72 71 68 62 0 0 0 0 0 0 0 0 0 0 0 0 0 0 0 0 0 0 0 0 0 0 0 0 0 0 0 0 0 0 0 0 0 43 61 71 76 79 90 94 94 95 95 95 95 94 89 80 77 70 60 52 0 0 0 0 0 0 0 0 0 0 0 0 0 0 86 90 83 83 85 80 0 0 0 0 0 0 0 0 0 0 0 0 0 0 46 51 66 76 82 94 104 106 105 104 103 99 97 90 83 78 77 78 83 86 85 83 78 74 67 62 66 77 76 77 78 77 75 75 0 0 0 0 0 0 0 0 0 0 0 0 0 0 61 61 62 64 67 70 76 
61 62 63 64 65 65 66 66 66 65 66 66 67 67 68 68 68 69 70 71 72 72 73 73 74 75 75 75 76 76 73 72 71 68 62 0 0 0 0 0 0 0 0 0 0 0 0 0 0 0 0 0 0 0 0 0 0 0 0 0 0 0 0 0 0 0 0 0 42 61 70 76 79 90 93 94 94 95 95 94 94 89 80 76 69 58 50 0 0 0 0 0 0 0 0 0 0 0 0 0 0 0 81 74 74 74 73 0 0 0 0 0 0 0 0 0 0 0 0 0 0 45 50 65 75 81 94 103 105 104 104 102 98 95 87 82 79 81 83 88 89 85 83 78 72 66 66 71 79 81 82 81 80 78 77 0 0 0 0 0 0 0 0 0 0 0 0 0 0 62 62 62 64 67 73 77 
64 63 63 64 64 65 65 65 65 65 65 66 66 67 68 68 68 69 70 71 72 73 73 73 73 74 75 75 75 76 73 72 71 69 63 0 0 0 0 0 0 0 0 0 0 0 0 0 0 0 0 0 0 0 0 0 0 0 0 0 0 0 0 0 0 0 0 0 41 61 70 75 79 90 93 94 94 95 95 95 94 88 79 75 68 57 48 0 0 0 0 0 0 0 0 0 0 0 0 0 0 0 71 65 65 65 66 53 0 0 0 0 0 0 0 0 0 0 0 0 0 45 50 65 75 81 93 103 105 104 104 101 96 92 85 81 81 87 91 94 95 91 88 81 75 68 71 76 83 84 85 84 83 81 80 75 0 0 0 0 0 0 0 0 0 0 0 0 0 61 61 62 64 67 69 78 
64 66 63 63 64 64 64 64 65 65 65 66 67 67 67 68 68 69 70 71 72 73 73 73 74 74 75 75 76 76 73 72 71 69 63 0 0 0 0 0 0 0 0 0 0 0 0 0 0 0 0 0 0 0 0 0 0 0 0 0 0 0 0 0 0 0 0 0 40 60 70 75 78 89 93 94 94 95 95 94 94 88 78 75 68 56 47 0 0 0 0 0 0 0 0 0 0 0 0 0 0 0 65 60 60 60 61 53 0 0 0 0 0 0 0 0 0 0 0 0 0 45 50 65 75 80 92 102 104 103 103 99 95 89 83 79 82 88 94 96 96 92 88 81 74 71 77 81 85 87 89 87 87 86 84 77 0 0 0 0 0 0 0 0 0 0 0 0 0 60 61 62 64 66 72 76 
63 63 63 63 64 64 64 64 64 64 65 65 67 67 67 67 68 69 69 70 71 72 72 73 74 74 74 75 76 76 73 72 71 68 62 0 0 0 0 0 0 0 0 0 0 0 0 0 0 0 0 0 0 0 0 0 0 0 0 0 0 0 0 0 0 0 0 0 41 60 70 75 78 89 92 93 94 94 94 94 93 87 78 74 67 55 46 0 0 0 0 0 0 0 0 0 0 0 0 0 0 0 0 58 58 58 58 0 0 0 0 0 0 0 0 0 0 0 0 0 0 43 49 65 75 81 92 101 103 103 102 98 95 87 81 80 84 88 95 98 96 91 88 81 74 75 82 85 89 91 92 90 89 88 86 80 0 0 0 0 0 0 0 0 0 0 0 0 0 59 61 62 64 66 66 80 
59 60 64 64 64 64 64 64 64 64 65 65 66 67 67 67 67 68 68 69 70 71 72 73 73 74 74 75 76 76 73 73 71 69 62 0 0 0 0 0 0 0 0 0 0 0 0 0 0 0 0 0 0 0 0 0 0 0 0 0 0 0 0 0 0 0 0 0 41 60 69 75 78 89 91 93 93 93 93 93 92 86 77 72 66 53 45 0 0 0 0 0 0 0 0 0 0 0 0 0 0 0 0 55 55 55 55 0 0 0 0 0 0 0 0 0 0 0 0 0 0 43 49 65 75 81 91 101 103 102 102 97 96 87 81 81 85 88 94 98 94 90 86 78 73 78 83 86 90 92 93 90 90 89 87 82 0 0 0 0 0 0 0 0 0 0 0 0 0 60 61 63 64 67 68 72 
62 61 64 64 64 64 64 64 64 64 65 65 67 67 66 66 66 65 65 67 68 70 71 72 72 73 73 74 75 75 73 72 71 68 62 0 0 0 0 0 0 0 0 0 0 0 0 0 0 0 0 0 0 0 0 0 0 0 0 0 0 0 0 0 0 0 0 0 40 60 69 75 78 89 91 92 92 92 93 93 92 86 76 72 64 52 43 0 0 0 0 0 0 0 0 0 0 0 0 0 0 0 0 0 0 0 0 0 0 0 0 0 0 0 0 0 0 0 0 0 0 44 49 65 75 81 91 101 102 102 101 97 93 84 79 77 80 84 90 92 89 88 82 75 74 79 81 86 89 90 90 88 88 87 86 83 0 0 0 0 0 0 0 0 0 0 0 0 0 58 61 62 64 66 68 79 
65 65 64 64 65 64 64 64 64 64 65 65 67 66 66 65 65 64 64 66 68 69 71 72 73 73 74 75 75 76 73 72 71 69 63 0 0 0 0 0 0 0 0 0 0 0 0 0 0 0 0 0 0 0 0 0 0 0 0 0 0 0 0 0 0 0 0 0 40 62 71 76 79 88 90 91 91 91 91 92 91 85 75 71 64 51 43 0 0 0 0 0 0 0 0 0 0 0 0 0 0 0 0 0 0 0 0 0 0 0 0 0 0 0 0 0 0 0 0 0 0 43 48 65 75 80 90 99 99 97 95 90 86 80 76 75 78 83 88 90 87 86 79 73 71 76 77 81 85 85 84 83 82 81 81 79 0 0 0 0 0 0 0 0 0 0 0 0 0 59 61 63 64 66 71 73 
65 64 65 65 65 65 64 64 64 64 65 66 67 66 65 63 63 61 61 64 66 68 70 72 73 73 74 74 75 75 73 72 72 70 63 0 0 0 0 0 0 0 0 0 0 0 0 0 0 0 0 0 0 0 0 0 0 0 0 0 0 0 0 0 0 0 0 0 39 62 71 76 79 88 89 89 89 89 90 91 91 85 75 70 63 51 42 0 0 0 0 0 0 0 0 0 0 0 0 0 0 0 0 0 0 0 0 0 0 0 0 0 0 0 0 0 0 0 0 0 0 41 48 64 74 80 89 96 96 94 90 87 85 79 75 74 77 82 85 88 85 84 77 72 70 74 74 79 83 83 81 82 81 79 79 78 0 0 0 0 0 0 0 0 0 0 0 0 0 59 61 62 64 66 67 73 
63 61 65 65 65 65 64 64 65 65 66 66 67 66 64 62 61 59 58 61 64 66 69 71 72 73 74 74 75 75 73 73 72 70 64 0 0 0 0 0 0 0 0 0 0 0 0 0 0 0 0 0 0 0 0 0 0 0 0 0 0 0 0 0 0 0 0 0 39 61 71 76 79 87 89 89 89 88 89 91 90 84 74 69 62 50 41 0 0 0 0 0 0 0 0 0 0 0 0 0 0 0 0 0 0 0 0 0 0 0 0 0 0 0 0 0 0 0 0 0 0 41 48 64 74 80 87 93 93 89 85 84 81 78 73 72 73 79 80 83 81 80 72 68 66 70 70 76 79 79 77 78 77 75 76 0 0 0 0 0 0 0 0 0 0 0 0 0 0 58 60 62 64 66 67 74 
64 66 64 64 65 65 64 64 64 65 65 66 67 66 64 62 62 59 59 62 65 66 69 71 72 73 73 74 75 75 72 72 71 69 62 0 0 0 0 0 0 0 0 0 0 0 0 0 0 0 0 0 0 0 0 0 0 0 0 0 0 0 0 0 0 0 0 0 39 61 71 76 79 87 88 88 88 88 89 90 90 84 74 69 62 49 41 0 0 0 0 0 0 0 0 0 0 0 0 0 0 0 0 0 0 0 0 0 0 0 0 0 0 0 0 0 0 0 0 0 0 0 49 65 76 80 84 90 89 84 79 77 74 70 67 64 63 70 71 71 71 0 0 60 60 63 62 66 70 69 69 71 70 69 71 0 0 0 0 0 0 0 0 0 0 0 0 0 0 59 60 62 64 66 74 72 
65 64 64 64 64 64 64 64 64 65 65 65 66 65 65 63 63 62 62 64 66 67 69 71 72 73 74 74 75 75 73 73 72 70 63 0 0 0 0 0 0 0 0 0 0 0 0 0 0 0 0 0 0 0 0 0 0 0 0 0 0 0 0 0 0 0 0 0 0 63 72 77 80 86 88 88 88 87 88 89 89 83 73 69 61 48 40 0 0 0 0 0 0 0 0 0 0 0 0 0 0 0 0 0 0 0 0 0 0 0 0 0 0 0 0 0 0 0 0 0 0 0 50 67 77 80 82 88 85 77 67 62 61 0 0 0 0 0 0 0 0 0 0 0 0 0 0 0 0 0 0 0 0 0 0 0 0 0 0 0 0 0 0 0 0 0 0 0 0 60 60 62 64 66 68 82 
63 60 63 63 63 64 64 64 64 65 65 65 65 66 65 64 65 64 63 66 67 68 70 72 72 73 73 74 75 75 72 72 71 68 61 0 0 0 0 0 0 0 0 0 0 0 0 0 0 0 0 0 0 0 0 0 0 0 0 0 0 0 0 0 0 0 0 0 39 59 69 74 77 86 88 88 88 88 89 90 90 83 74 70 62 49 40 0 0 0 0 0 0 0 0 0 0 0 0 0 0 0 0 0 0 0 0 0 0 0 0 0 0 0 0 0 0 0 0 0 0 0 51 69 79 81 81 87 85 76 0 0 0 0 0 0 0 0 0 0 0 0 0 0 0 0 0 0 0 0 0 0 0 0 0 0 0 0 0 0 0 0 0 0 0 0 0 0 0 59 60 62 64 66 67 79 
62 60 63 63 63 64 64 64 64 64 64 65 65 66 65 65 66 65 66 67 68 69 71 72 72 73 73 74 74 74 71 71 70 67 59 0 0 0 0 0 0 0 0 0 0 0 0 0 0 0 0 0 0 0 0 0 0 0 0 0 0 0 0 0 0 0 0 0 0 61 71 76 79 86 89 89 89 89 89 90 90 83 74 70 62 48 40 0 0 0 0 0 0 0 0 0 0 0 0 0 0 0 0 0 0 0 0 0 0 0 0 0 0 0 0 0 0 0 0 0 0 0 53 72 81 82 80 88 87 77 0 0 0 0 0 0 0 0 0 0 0 0 0 0 0 0 0 0 0 0 0 0 0 0 0 0 0 0 0 0 0 0 0 0 0 0 0 0 0 60 61 62 64 67 68 75 
63 64 62 62 62 63 63 64 64 64 64 64 65 65 66 67 67 67 68 69 69 70 71 72 73 73 74 74 75 75 71 71 69 67 59 0 0 0 0 0 0 0 0 0 0 0 0 0 0 0 0 0 0 0 0 0 0 0 0 0 0 0 0 0 0 0 0 0 0 63 73 77 80 85 88 88 89 89 89 89 89 83 75 71 64 49 0 0 0 0 0 0 0 0 0 0 0 0 0 0 0 0 0 0 0 0 0 0 0 0 0 0 0 0 0 0 0 0 0 0 0 0 54 73 81 82 82 88 87 80 0 0 0 0 0 0 0 0 0 0 0 0 0 0 0 0 0 0 0 0 0 0 0 0 0 0 0 0 0 0 0 0 0 0 0 0 0 0 0 63 62 63 65 67 69 76 
62 70 62 62 62 63 63 63 63 63 63 64 64 65 66 67 67 67 68 69 69 70 71 72 72 73 74 74 74 74 71 71 70 67 60 0 0 0 0 0 0 0 0 0 0 0 0 0 0 0 0 0 0 0 0 0 0 0 0 0 0 0 0 0 0 0 0 0 0 67 75 79 81 85 88 89 89 89 89 89 89 82 75 70 63 49 0 0 0 0 0 0 0 0 0 0 0 0 0 0 0 0 0 0 0 0 0 0 0 0 0 0 0 0 0 0 0 0 0 0 0 0 57 74 82 85 84 90 87 82 73 0 0 0 0 0 0 0 0 0 0 0 0 0 0 0 0 0 0 0 0 0 0 0 0 0 0 0 0 0 0 0 0 0 0 0 0 0 0 63 64 64 65 67 73 74 
58 61 62 62 62 63 63 63 63 63 63 64 64 64 64 65 65 65 66 67 67 68 69 69 70 71 72 72 73 73 71 70 69 66 61 0 0 0 0 0 0 0 0 0 0 0 0 0 0 0 0 0 0 0 0 0 0 0 0 0 0 0 0 0 0 0 0 0 0 67 75 78 81 84 88 88 89 89 89 89 89 82 76 72 65 50 0 0 0 0 0 0 0 0 0 0 0 0 0 0 0 0 0 0 0 0 0 0 0 0 0 0 0 0 0 0 0 0 0 0 0 0 59 76 83 86 86 91 89 84 76 68 60 56 57 58 59 58 57 54 0 0 0 0 0 0 0 0 0 0 0 0 0 0 0 0 0 0 0 0 0 0 0 0 0 0 0 0 0 64 64 64 66 68 69 79 
0 0 63 63 62 63 63 62 63 63 63 63 64 64 64 64 64 64 65 66 66 67 67 68 69 70 71 71 71 71 68 67 66 65 61 0 0 0 0 0 0 0 0 0 0 0 0 0 0 0 0 0 0 0 0 0 0 0 0 0 0 0 0 0 0 0 0 0 0 72 78 80 82 84 87 87 88 88 88 88 88 81 76 71 64 50 0 0 0 0 0 0 0 0 0 0 0 0 0 0 0 0 0 0 0 0 0 0 0 0 0 0 0 0 0 0 0 0 0 0 0 0 61 76 83 87 87 92 90 87 82 77 73 72 71 71 72 72 70 69 66 65 64 0 0 0 0 0 0 0 0 0 0 0 0 0 0 0 0 0 0 0 0 0 0 0 0 0 0 64 64 64 66 68 72 74 
0 0 61 62 61 62 62 62 62 63 62 63 64 63 64 64 64 63 64 65 65 65 66 66 67 68 70 70 70 70 68 67 66 65 62 0 0 0 0 0 0 0 0 0 0 0 0 0 0 0 0 0 0 0 0 0 0 0 0 0 0 0 0 0 0 0 0 0 0 69 76 78 79 81 84 85 85 85 86 86 86 79 76 72 65 51 0 0 0 0 0 0 0 0 0 0 0 0 0 0 0 0 0 0 0 0 0 0 0 0 0 0 0 0 0 0 0 0 0 0 0 0 64 77 83 86 88 92 90 88 84 79 76 75 74 73 73 72 70 69 65 64 63 60 0 0 0 0 0 0 0 0 0 0 0 0 0 0 0 0 0 0 0 0 0 0 0 0 0 63 63 64 66 69 75 77 
0 0 0 0 0 0 0 59 59 60 59 59 62 62 61 61 62 61 63 64 64 64 64 63 64 66 68 69 68 68 66 64 64 64 0 0 0 0 0 0 0 0 0 0 0 0 0 0 0 0 0 0 0 0 0 0 0 0 0 0 0 0 0 0 0 0 0 0 0 69 75 77 79 78 81 82 81 81 81 80 78 74 70 68 62 51 0 0 0 0 0 0 0 0 0 0 0 0 0 0 0 0 0 0 0 0 0 0 0 0 0 0 0 0 0 0 0 0 0 0 0 0 65 74 78 81 82 85 84 81 77 72 70 68 69 69 71 70 70 69 65 64 63 60 0 0 0 0 0 0 0 0 0 0 0 0 0 0 0 0 0 0 0 0 0 0 0 0 0 60 62 63 66 69 79 77 
0 0 0 0 0 0 0 0 0 0 0 0 0 0 0 0 56 57 59 60 60 60 59 58 59 62 64 65 65 64 63 62 61 62 0 0 0 0 0 0 0 0 0 0 0 0 0 0 0 0 0 0 0 0 0 0 0 0 0 0 0 0 0 0 0 0 0 0 0 0 74 76 78 77 80 80 78 78 79 77 75 72 70 69 64 0 0 0 0 0 0 0 0 0 0 0 0 0 0 0 0 0 0 0 0 0 0 0 0 0 0 0 0 0 0 0 0 0 0 0 0 0 0 72 76 78 79 82 83 81 78 73 71 68 69 69 71 70 70 69 65 64 63 60 0 0 0 0 0 0 0 0 0 0 0 0 0 0 0 0 0 0 0 0 0 0 0 0 0 61 62 63 66 69 72 78 
0 0 0 0 0 0 0 0 0 0 0 0 0 0 0 0 0 0 0 0 0 0 0 0 0 0 0 0 0 0 55 55 0 0 0 0 0 0 0 0 0 0 0 0 0 0 0 0 0 0 0 0 0 0 0 0 0 0 0 0 0 0 0 0 0 0 0 0 0 0 72 74 76 73 76 77 74 75 75 73 71 69 67 66 62 0 0 0 0 0 0 0 0 0 0 0 0 0 0 0 0 0 0 0 0 0 0 0 0 0 0 0 0 0 0 0 0 0 0 0 0 0 0 69 73 74 76 78 79 78 77 74 74 72 73 74 76 75 77 74 70 68 65 60 0 0 0 0 0 0 0 0 0 0 0 0 0 0 0 0 0 0 0 0 0 0 0 0 0 61 62 64 66 69 72 79 
0 0 0 0 0 0 0 0 0 0 0 0 0 0 0 0 0 0 0 0 0 0 0 0 0 0 0 0 0 0 0 0 0 0 0 0 0 0 0 0 0 0 0 0 0 0 0 0 0 0 0 0 0 0 0 0 0 0 0 0 0 0 0 0 0 0 0 0 0 0 0 0 71 67 70 71 66 67 66 65 63 62 60 60 0 0 0 0 0 0 0 0 0 0 0 0 0 0 0 0 0 0 0 0 0 0 0 0 0 0 0 0 0 0 0 0 0 0 0 0 0 0 0 0 67 68 69 70 71 70 69 66 67 64 65 67 69 67 71 68 64 63 0 0 0 0 0 0 0 0 0 0 0 0 0 0 0 0 0 0 0 0 0 0 0 0 0 0 60 60 61 64 66 69 73 81 
0 0 0 0 0 0 0 0 0 0 0 0 0 0 0 0 0 0 0 0 0 0 0 0 0 0 0 0 0 0 0 0 0 0 0 0 0 0 0 0 0 0 0 0 0 0 0 0 0 0 0 0 0 0 0 0 0 0 0 0 0 0 0 0 0 0 0 0 0 0 0 0 0 0 0 0 0 0 0 0 42 0 0 0 0 0 0 0 0 0 0 0 0 0 0 0 0 0 0 0 0 0 0 0 0 0 0 0 0 0 0 0 0 0 0 0 0 0 0 0 0 0 0 0 0 0 51 51 52 51 50 47 46 44 0 0 0 0 0 0 0 0 0 0 0 0 57 57 57 57 58 0 0 0 0 0 0 0 0 0 0 0 0 0 0 0 0 0 61 62 62 64 66 69 73 79 
0 0 0 0 0 0 0 0 0 0 0 0 0 0 0 0 0 0 0 0 0 0 0 0 0 0 0 0 0 0 0 0 0 0 0 0 0 0 0 0 0 0 0 0 0 0 0 0 0 0 0 0 0 0 0 0 0 0 0 0 0 0 0 0 0 0 0 0 0 0 0 0 0 0 0 0 0 0 0 0 0 0 0 0 0 0 0 0 0 0 0 0 0 0 0 0 0 0 0 0 0 0 0 0 0 0 0 0 0 0 0 0 0 0 0 0 0 0 0 0 0 0 0 0 0 0 0 0 0 0 0 0 0 0 0 0 0 0 0 0 0 0 0 0 0 0 57 57 57 57 58 0 0 0 0 0 0 0 0 0 0 0 0 0 0 0 0 0 62 63 63 65 67 70 76 79 
0 0 0 0 0 0 0 0 0 0 0 0 0 0 0 0 0 0 0 0 0 0 0 0 0 0 0 0 0 0 0 0 0 0 0 0 0 0 0 0 0 0 0 0 0 0 0 0 0 0 0 0 0 0 0 0 0 0 0 0 0 0 0 0 0 0 0 0 0 0 0 0 0 0 0 0 0 0 0 0 0 0 0 0 0 0 0 0 0 0 0 0 0 0 0 0 0 0 0 0 0 0 0 0 0 0 0 0 0 0 0 0 0 0 0 0 0 0 0 0 0 0 0 0 0 0 0 0 0 0 0 0 0 0 0 0 0 0 0 0 0 0 0 0 0 0 56 56 56 56 0 0 0 0 0 0 0 0 0 0 0 0 0 0 0 0 0 0 60 62 62 64 66 69 71 77 
0 0 0 0 0 0 0 0 0 0 0 0 0 0 0 0 0 0 0 0 0 0 0 0 0 0 0 0 0 0 0 0 0 0 0 0 0 0 0 0 0 0 0 0 0 0 0 0 0 0 0 0 0 0 0 0 0 0 0 0 0 0 0 0 0 0 0 0 0 0 0 0 0 0 0 0 0 0 0 0 0 0 0 0 0 0 0 0 0 0 0 0 0 0 0 0 0 0 0 0 0 0 0 0 0 0 0 0 0 0 0 0 0 0 0 0 0 0 0 0 0 0 0 0 0 0 0 0 0 0 0 0 0 0 0 0 0 0 0 0 0 0 0 0 0 0 0 0 0 0 0 0 0 0 0 0 0 0 0 0 0 0 0 0 0 0 0 0 60 62 62 64 66 70 78 76 
0 0 0 0 0 0 0 0 0 0 0 0 0 0 0 0 0 0 0 0 0 0 0 0 0 0 0 0 0 0 0 0 0 0 0 0 0 0 0 0 0 0 0 0 0 0 0 0 0 0 0 0 0 0 0 0 0 0 0 0 0 0 0 0 0 0 0 0 0 0 0 0 0 0 0 0 0 0 0 0 0 0 0 0 0 0 0 0 0 0 0 0 0 0 0 0 0 0 0 0 0 0 0 0 0 0 0 0 0 0 0 0 0 0 0 0 0 0 0 0 0 0 0 0 0 0 0 0 0 0 0 0 0 0 0 0 0 0 0 0 0 0 0 0 0 0 0 0 0 0 0 0 0 0 0 0 0 0 0 0 0 0 0 0 0 0 0 0 0 63 63 64 66 69 71 79 
0 0 0 0 0 0 0 0 0 0 0 0 0 0 0 0 0 0 0 0 0 0 0 0 0 0 0 0 0 0 0 0 0 0 0 0 0 0 0 0 0 0 0 0 0 0 0 0 0 0 0 0 0 0 0 0 0 0 0 0 0 0 0 0 0 0 0 0 0 0 0 0 0 0 0 0 0 0 0 0 0 0 0 0 0 0 0 0 0 0 0 0 0 0 0 0 0 0 0 0 0 0 0 0 0 0 0 0 0 0 0 0 0 0 0 0 0 0 0 0 0 0 0 0 0 0 0 0 0 0 0 0 0 0 0 0 0 0 0 0 0 0 0 0 0 0 0 0 0 0 0 0 0 0 0 0 0 0 0 0 0 0 0 0 0 0 0 0 0 62 62 63 66 69 75 82 
0 0 0 0 0 0 0 0 0 0 0 0 0 0 0 0 0 0 0 0 0 0 0 0 0 0 0 0 0 0 0 0 0 0 0 0 0 0 0 0 0 0 0 0 0 0 0 0 0 0 0 0 0 0 0 0 0 0 0 0 0 0 0 0 0 0 0 0 0 0 0 0 0 0 0 0 0 0 0 0 0 0 0 0 0 0 0 0 0 0 0 0 0 0 0 0 0 0 0 0 0 0 0 0 0 0 0 0 0 0 0 0 0 0 0 0 0 0 0 0 0 0 0 0 0 0 0 0 0 0 0 0 0 0 0 0 0 0 0 0 0 0 0 0 0 0 0 0 0 0 0 0 0 0 0 0 0 0 0 0 0 0 0 0 0 0 0 0 0 0 63 64 66 69 68 75 
0 0 0 0 0 0 0 0 0 0 0 0 0 0 0 0 0 0 0 0 0 0 0 0 0 0 0 0 0 0 0 0 0 0 0 0 0 0 0 0 0 0 0 0 0 0 0 0 0 0 0 0 0 0 0 0 0 0 0 0 0 0 0 0 0 0 0 0 0 0 0 0 0 0 0 0 0 0 0 0 0 0 0 0 0 0 0 0 0 0 0 0 0 0 0 0 0 0 0 0 0 0 0 0 0 0 0 0 0 0 0 0 0 0 0 0 0 0 0 0 0 0 0 0 0 0 0 0 0 0 0 0 0 0 0 0 0 0 0 0 0 0 0 0 0 0 0 0 0 0 0 0 0 0 0 0 0 0 0 0 0 0 0 0 0 0 0 0 0 0 0 0 67 69 66 70 
0 0 0 0 0 0 0 0 0 0 0 0 0 0 0 0 0 0 0 0 0 0 0 0 0 0 0 0 0 0 0 0 0 0 0 0 0 0 0 0 0 0 0 0 0 0 0 0 0 0 0 0 0 0 0 0 0 0 0 0 0 0 0 0 0 0 0 0 0 0 0 0 0 0 0 0 0 0 0 0 0 0 0 0 0 0 0 0 0 0 0 0 0 0 0 0 0 0 0 0 0 0 0 0 0 0 0 0 0 0 0 0 0 0 0 0 0 0 0 0 0 0 0 0 0 0 0 0 0 0 0 0 0 0 0 0 0 0 0 0 0 0 0 0 0 0 0 0 0 0 0 0 0 0 0 0 0 0 0 0 0 0 0 0 0 0 0 0 0 0 0 0 0 67 0 62 
0 0 0 0 0 0 0 0 0 0 0 0 0 0 0 0 0 0 0 0 0 0 0 0 0 0 0 0 0 0 0 0 0 0 0 0 0 0 0 0 0 0 0 0 0 0 0 0 0 0 0 0 0 0 0 0 0 0 0 0 0 0 0 0 0 0 0 0 0 0 0 0 0 0 0 0 0 0 0 0 0 0 0 0 0 0 0 0 0 0 0 0 0 0 0 0 0 0 0 0 0 0 0 0 0 0 0 0 0 0 0 0 0 0 0 0 0 0 0 0 0 0 0 0 0 0 0 0 0 0 0 0 0 0 0 0 0 0 0 0 0 0 0 0 0 0 0 0 0 0 0 0 0 0 0 0 0 0 0 0 0 0 0 0 0 0 0 0 0 0 0 0 0 0 0 0 
0 0 0 0 0 0 0 0 0 0 0 0 0 0 0 0 0 0 0 0 0 0 0 0 0 0 0 0 0 0 0 0 0 0 0 0 0 0 0 0 0 0 0 0 0 0 0 0 0 0 0 0 0 0 0 0 0 0 0 0 0 0 0 0 0 0 0 0 0 0 0 0 0 0 0 0 0 0 0 0 0 0 0 0 0 0 0 0 0 0 0 0 0 0 0 0 0 0 0 0 0 0 0 0 0 0 0 0 0 0 0 0 0 0 0 0 0 0 0 0 0 0 0 0 0 0 0 0 0 0 0 0 0 0 0 0 0 0 0 0 0 0 0 0 0 0 0 0 0 0 0 0 0 0 0 0 0 0 0 0 0 0 0 0 0 0 0 0 0 0 0 0 0 0 0 0 
0 0 0 0 0 0 0 0 0 0 0 0 0 0 0 0 0 0 0 0 0 0 0 0 0 0 0 0 0 0 0 0 0 0 0 0 0 0 0 0 0 0 0 0 0 0 0 0 0 0 0 0 0 0 0 0 0 0 0 0 0 0 0 0 0 0 0 0 0 0 0 0 0 0 0 0 0 0 0 0 0 0 0 0 0 0 0 0 0 0 0 0 0 0 0 0 0 0 0 0 0 0 0 0 0 0 0 0 0 0 0 0 0 0 0 0 0 0 0 0 0 0 0 0 0 0 0 0 0 0 0 0 0 0 0 0 0 0 0 0 0 0 0 0 0 0 0 0 0 0 0 0 0 0 0 0 0 0 0 0 0 0 0 0 0 0 0 0 0 0 0 0 0 0 0 0 
0 0 0 0 0 0 0 0 0 0 0 0 0 0 0 0 0 0 0 0 0 0 0 0 0 0 0 0 0 0 0 0 0 0 0 0 0 0 0 0 0 0 0 0 0 0 0 0 0 0 0 0 0 0 0 0 0 0 0 0 0 0 0 0 0 0 0 0 0 0 0 0 0 0 0 0 0 0 0 0 0 0 0 0 0 0 0 0 0 0 0 0 0 0 0 0 0 0 0 0 0 0 0 0 0 0 0 0 0 0 0 0 0 0 0 0 0 0 0 0 0 0 0 0 0 0 0 0 0 0 0 0 0 0 0 0 0 0 0 0 0 0 0 0 0 0 0 0 0 0 0 0 0 0 0 0 0 0 0 0 0 0 0 0 0 0 0 0 0 0 0 0 0 0 0 0 
0 0 0 0 0 0 0 0 0 0 0 0 0 0 0 0 0 0 0 0 0 0 0 0 0 0 0 0 0 0 0 0 0 0 0 0 0 0 0 0 0 0 0 0 0 0 0 0 0 0 0 0 0 0 0 0 0 0 0 0 0 0 0 0 0 0 0 0 0 0 0 0 0 0 0 0 0 0 0 0 0 0 0 0 0 0 0 0 0 0 0 0 0 0 0 0 0 0 0 0 0 0 0 0 0 0 0 0 0 0 0 0 0 0 0 0 0 0 0 0 0 0 0 0 0 0 0 0 0 0 0 0 0 0 0 0 0 0 0 0 0 0 0 0 0 0 0 0 0 0 0 0 0 0 0 0 0 0 0 0 0 0 0 0 0 0 0 0 0 0 0 0 0 0 0 0 
0 0 0 0 0 0 0 0 0 0 0 0 0 0 0 0 0 0 0 0 0 0 0 0 0 0 0 0 0 0 0 0 0 0 0 0 0 0 0 0 0 0 0 0 0 0 0 0 0 0 0 0 0 0 0 0 0 0 0 0 0 0 0 0 0 0 0 0 0 0 0 0 0 0 0 0 0 0 0 0 0 0 0 0 0 0 0 0 0 0 0 0 0 0 0 0 0 0 0 0 0 0 0 0 0 0 0 0 0 0 0 0 0 0 0 0 0 0 0 0 0 0 0 0 0 0 0 0 0 0 0 0 0 0 0 0 0 0 0 0 0 0 0 0 0 0 0 0 0 0 0 0 0 0 0 0 0 0 0 0 0 0 0 0 0 0 0 0 0 0 0 0 0 0 0 0 
0 0 0 0 0 0 0 0 0 0 0 0 0 0 0 0 0 0 0 0 0 0 0 0 0 0 0 0 0 0 0 0 0 0 0 0 0 0 0 0 0 0 0 0 0 0 0 0 0 0 0 0 0 0 0 0 0 0 0 0 0 0 0 0 0 0 0 0 0 0 0 0 0 0 0 0 0 0 0 0 0 0 0 0 0 0 0 0 0 0 0 0 0 0 0 0 0 0 0 0 0 0 0 0 0 0 0 0 0 0 0 0 0 0 0 0 0 0 0 0 0 0 0 0 0 0 0 0 0 0 0 0 0 0 0 0 0 0 0 0 0 0 0 0 0 0 0 0 0 0 0 0 0 0 0 0 0 0 0 0 0 0 0 0 0 0 0 0 0 0 0 0 0 0 0 0 
0 0 0 0 0 0 0 0 0 0 0 0 0 0 0 0 0 0 0 0 0 0 0 0 0 0 0 0 0 0 0 0 0 0 0 0 0 0 0 0 0 0 0 0 0 0 0 0 0 0 0 0 0 0 0 0 0 0 0 0 0 0 0 0 0 0 0 0 0 0 0 0 0 0 0 0 0 0 0 0 0 0 0 0 0 0 0 0 0 0 0 0 0 0 0 0 0 0 0 0 0 0 0 0 0 0 0 0 0 0 0 0 0 0 0 0 0 0 0 0 0 0 0 0 0 0 0 0 0 0 0 0 0 0 0 0 0 0 0 0 0 0 0 0 0 0 0 0 0 0 0 0 0 0 0 0 0 0 0 0 0 0 0 0 0 0 0 0 0 0 0 0 0 0 0 0 
0 0 0 0 0 0 0 0 0 0 0 0 0 0 0 0 0 0 0 0 0 0 0 0 0 0 0 0 0 0 0 0 0 0 0 0 0 0 0 0 0 0 0 0 0 0 0 0 0 0 0 0 0 0 0 0 0 0 0 0 0 0 0 0 0 0 0 0 0 0 0 0 0 0 0 0 0 0 0 0 0 0 0 0 0 0 0 0 0 0 0 0 0 0 0 0 0 0 0 0 0 0 0 0 0 0 0 0 0 0 0 0 0 0 0 0 0 0 0 0 0 0 0 0 0 0 0 0 0 0 0 0 0 0 0 0 0 0 0 0 0 0 0 0 0 0 0 0 0 0 0 0 0 0 0 0 0 0 0 0 0 0 0 0 0 0 0 0 0 0 0 0 0 0 0 0 
0 0 0 0 0 0 0 0 0 0 0 0 0 0 0 0 0 0 0 0 0 0 0 0 0 0 0 0 0 0 0 0 0 0 0 0 0 0 0 0 0 0 0 0 0 0 0 0 0 0 0 0 0 0 0 0 0 0 0 0 0 0 0 0 0 0 0 0 0 0 0 0 0 0 0 0 0 0 0 0 0 0 0 0 0 0 0 0 0 0 0 0 0 0 0 0 0 0 0 0 0 0 0 0 0 0 0 0 0 0 0 0 0 0 0 0 0 0 0 0 0 0 0 0 0 0 0 0 0 0 0 0 0 0 0 0 0 0 0 0 0 0 0 0 0 0 0 0 0 0 0 0 0 0 0 0 0 0 0 0 0 0 0 0 0 0 0 0 0 0 0 0 0 0 0 0 
0 0 0 0 0 0 0 0 0 0 0 0 0 0 0 0 0 0 0 0 0 0 0 0 0 0 0 0 0 0 0 0 0 0 0 0 0 0 0 0 0 0 0 0 0 0 0 0 0 0 0 0 0 0 0 0 0 0 0 0 0 0 0 0 0 0 0 0 0 0 0 0 0 0 0 0 0 0 0 0 0 0 0 0 0 0 0 0 0 0 0 0 0 0 0 0 0 0 0 0 0 0 0 0 0 0 0 0 0 0 0 0 0 0 0 0 0 0 0 0 0 0 0 0 0 0 0 0 0 0 0 0 0 0 0 0 0 0 0 0 0 0 0 0 0 0 0 0 0 0 0 0 0 0 0 0 0 0 0 0 0 0 0 0 0 0 0 0 0 0 0 0 0 0 0 0 
0 0 0 0 0 0 0 0 0 0 0 0 0 0 0 0 0 0 0 0 0 0 0 0 0 0 0 0 0 0 0 0 0 0 0 0 0 0 0 0 0 0 0 0 0 0 0 0 0 0 0 0 0 0 0 0 0 0 0 0 0 0 0 0 0 0 0 0 0 0 0 0 0 0 0 0 0 0 0 0 0 0 0 0 0 0 0 0 0 0 0 0 0 0 0 0 0 0 0 0 0 0 0 0 0 0 0 0 0 0 0 0 0 0 0 0 0 0 0 0 0 0 0 0 0 0 0 0 0 0 0 0 0 0 0 0 0 0 0 0 0 0 0 0 0 0 0 0 0 0 0 0 0 0 0 0 0 0 0 0 0 0 0 0 0 0 0 0 0 0 0 0 0 0 0 0 
0 0 0 0 0 0 0 0 0 0 0 0 0 0 0 0 0 0 0 0 0 0 0 0 0 0 0 0 0 0 0 0 0 0 0 0 0 0 0 0 0 0 0 0 0 0 0 0 0 0 0 0 0 0 0 0 0 0 0 0 0 0 0 0 0 0 0 0 0 0 0 0 0 0 0 0 0 0 0 0 0 0 0 0 0 0 0 0 0 0 0 0 0 0 0 0 0 0 0 0 0 0 0 0 0 0 0 0 0 0 0 0 0 0 0 0 0 0 0 0 0 0 0 0 0 0 0 0 0 0 0 0 0 0 0 0 0 0 0 0 0 0 0 0 0 0 0 0 0 0 0 0 0 0 0 0 0 0 0 0 0 0 0 0 0 0 0 0 0 0 0 0 0 0 0 0 
0 0 0 0 0 0 0 0 0 0 0 0 0 0 0 0 0 0 0 0 0 0 0 0 0 0 0 0 0 0 0 0 0 0 0 0 0 0 0 0 0 0 0 0 0 0 0 0 0 0 0 0 0 0 0 0 0 0 0 0 0 0 0 0 0 0 0 0 0 0 0 0 0 0 0 0 0 0 0 0 0 0 0 0 0 0 0 0 0 0 0 0 0 0 0 0 0 0 0 0 0 0 0 0 0 0 0 0 0 0 0 0 0 0 0 0 0 0 0 0 0 0 0 0 0 0 0 0 0 0 0 0 0 0 0 0 0 0 0 0 0 0 0 0 0 0 0 0 0 0 0 0 0 0 0 0 0 0 0 0 0 0 0 0 0 0 0 0 0 0 0 0 0 0 0 0 
0 0 0 0 0 0 0 0 0 0 0 0 0 0 0 0 0 0 0 0 0 0 0 0 0 0 0 0 0 0 0 0 0 0 0 0 0 0 0 0 0 0 0 0 0 0 0 0 0 0 0 0 0 0 0 0 0 0 0 0 0 0 0 0 0 0 0 0 0 0 0 0 0 0 0 0 0 0 0 0 0 0 0 0 0 0 0 0 0 0 0 0 0 0 0 0 0 0 0 0 0 0 0 0 0 0 0 0 0 0 0 0 0 0 0 0 0 0 0 0 0 0 0 0 0 0 0 0 0 0 0 0 0 0 0 0 0 0 0 0 0 0 0 0 0 0 0 0 0 0 0 0 0 0 0 0 0 0 0 0 0 0 0 0 0 0 0 0 0 0 0 0 0 0 0 0 
0 0 0 0 0 0 0 0 0 0 0 0 0 0 0 0 0 0 0 0 0 0 0 0 0 0 0 0 0 0 0 0 0 0 0 0 0 0 0 0 0 0 0 0 0 0 0 0 0 0 0 0 0 0 0 0 0 0 0 0 0 0 0 0 0 0 0 0 0 0 0 0 0 0 0 0 0 0 0 0 0 0 0 0 0 0 0 0 0 0 0 0 0 0 0 0 0 0 0 0 0 0 0 0 0 0 0 0 0 0 0 0 0 0 0 0 0 0 0 0 0 0 0 0 0 0 0 0 0 0 0 0 0 0 0 0 0 0 0 0 0 0 0 0 0 0 0 0 0 0 0 0 0 0 0 0 0 0 0 0 0 0 0 0 0 0 0 0 0 0 0 0 0 0 0 0 
0 0 0 0 0 0 0 0 0 0 0 0 0 0 0 0 0 0 0 0 0 0 0 0 0 0 0 0 0 0 0 0 0 0 0 0 0 0 0 0 0 0 0 0 0 0 0 0 0 0 0 0 0 0 0 0 0 0 0 0 0 0 0 0 0 0 0 0 0 0 0 0 0 0 0 0 0 0 0 0 0 0 0 0 0 0 0 0 0 0 0 0 0 0 0 0 0 0 0 0 0 0 0 0 0 0 0 0 0 0 0 0 0 0 0 0 0 0 0 0 0 0 0 0 0 0 0 0 0 0 0 0 0 0 0 0 0 0 0 0 0 0 0 0 0 0 0 0 0 0 0 0 0 0 0 0 0 0 0 0 0 0 0 0 0 0 0 0 0 0 0 0 0 0 0 0 
0 0 0 0 0 0 0 0 0 0 0 0 0 0 0 0 0 0 0 0 0 0 0 0 0 0 0 0 0 0 0 0 0 0 0 0 0 0 0 0 0 0 0 0 0 0 0 0 0 0 0 0 0 0 0 0 0 0 0 0 0 0 0 0 0 0 0 0 0 0 0 0 0 0 0 0 0 0 0 0 0 0 0 0 0 0 0 0 0 0 0 0 0 0 0 0 0 0 0 0 0 0 0 0 0 0 0 0 0 0 0 0 0 0 0 0 0 0 0 0 0 0 0 0 0 0 0 0 0 0 0 0 0 0 0 0 0 0 0 0 0 0 0 0 0 0 0 0 0 0 0 0 0 0 0 0 0 0 0 0 0 0 0 0 0 0 0 0 0 0 0 0 0 0 0 0 
0 0 0 0 0 0 0 0 0 0 0 0 0 0 0 0 0 0 0 0 0 0 0 0 0 0 0 0 0 0 0 0 0 0 0 0 0 0 0 0 0 0 0 0 0 0 0 0 0 0 0 0 0 0 0 0 0 0 0 0 0 0 0 0 0 0 0 0 0 0 0 0 0 0 0 0 0 0 0 0 0 0 0 0 0 0 0 0 0 0 0 0 0 0 0 0 0 0 0 0 0 0 0 0 0 0 0 0 0 0 0 0 0 0 0 0 0 0 0 0 0 0 0 0 0 0 0 0 0 0 0 0 0 0 0 0 0 0 0 0 0 0 0 0 0 0 0 0 0 0 0 0 0 0 0 0 0 0 0 0 0 0 0 0 0 0 0 0 0 0 0 0 0 0 0 0 
0 0 0 0 0 0 0 0 0 0 0 0 0 0 0 0 0 0 0 0 0 0 0 0 0 0 0 0 0 0 0 0 0 0 0 0 0 0 0 0 0 0 0 0 0 0 0 0 0 0 0 0 0 0 0 0 0 0 0 0 0 0 0 0 0 0 0 0 0 0 0 0 0 0 0 0 0 0 0 0 0 0 0 0 0 0 0 0 0 0 0 0 0 0 0 0 0 0 0 0 0 0 0 0 0 0 0 0 0 0 0 0 0 0 0 0 0 0 0 0 0 0 0 0 0 0 0 0 0 0 0 0 0 0 0 0 0 0 0 0 0 0 0 0 0 0 0 0 0 0 0 0 0 0 0 0 0 0 0 0 0 0 0 0 0 0 0 0 0 0 0 0 0 0 0 0 
0 0 0 0 0 0 0 0 0 0 0 0 0 0 0 0 0 0 0 0 0 0 0 0 0 0 0 0 0 0 0 0 0 0 0 0 0 0 0 0 0 0 0 0 0 0 0 0 0 0 0 0 0 0 0 0 0 0 0 0 0 0 0 0 0 0 0 0 0 0 0 0 0 0 0 0 0 0 0 0 0 0 0 0 0 0 0 0 0 0 0 0 0 0 0 0 0 0 0 0 0 0 0 0 0 0 0 0 0 0 0 0 0 0 0 0 0 0 0 0 0 0 0 0 0 0 0 0 0 0 0 0 0 0 0 0 0 0 0 0 0 0 0 0 0 0 0 0 0 0 0 0 0 0 0 0 0 0 0 0 0 0 0 0 0 0 0 0 0 0 0 0 0 0 0 0 
0 0 0 0 0 0 0 0 0 0 0 0 0 0 0 0 0 0 0 0 0 0 0 0 0 0 0 0 0 0 0 0 0 0 0 0 0 0 0 0 0 0 0 0 0 0 0 0 0 0 0 0 0 0 0 0 0 0 0 0 0 0 0 0 0 0 0 0 0 0 0 0 0 0 0 0 0 0 0 0 0 0 0 0 0 0 0 0 0 0 0 0 0 0 0 0 0 0 0 0 0 0 0 0 0 0 0 0 0 0 0 0 0 0 0 0 0 0 0 0 0 0 0 0 0 0 0 0 0 0 0 0 0 0 0 0 0 0 0 0 0 0 0 0 0 0 0 0 0 0 0 0 0 0 0 0 0 0 0 0 0 0 0 0 0 0 0 0 0 0 0 0 0 0 0 0 
0 0 0 0 0 0 0 0 0 0 0 0 0 0 0 0 0 0 0 0 0 0 0 0 0 0 0 0 0 0 0 0 0 0 0 0 0 0 0 0 0 0 0 0 0 0 0 0 0 0 0 0 0 0 0 0 0 0 0 0 0 0 0 0 0 0 0 0 0 0 0 0 0 0 0 0 0 0 0 0 0 0 0 0 0 0 0 0 0 0 0 0 0 0 0 0 0 0 0 0 0 0 0 0 0 0 0 0 0 0 0 0 0 0 0 0 0 0 0 0 0 0 0 0 0 0 0 0 0 0 0 0 0 0 0 0 0 0 0 0 0 0 0 0 0 0 0 0 0 0 0 0 0 0 0 0 0 0 0 0 0 0 0 0 0 0 0 0 0 0 0 0 0 0 0 0 
0 0 0 0 0 0 0 0 0 0 0 0 0 0 0 0 0 0 0 0 0 0 0 0 0 0 0 0 0 0 0 0 0 0 0 0 0 0 0 0 0 0 0 0 0 0 0 0 0 0 0 0 0 0 0 0 0 0 0 0 0 0 0 0 0 0 0 0 0 0 0 0 0 0 0 0 0 0 0 0 0 0 0 0 0 0 0 0 0 0 0 0 0 0 0 0 0 0 0 0 0 0 0 0 0 0 0 0 0 0 0 0 0 0 0 0 0 0 0 0 0 0 0 0 0 0 0 0 0 0 0 0 0 0 0 0 0 0 0 0 0 0 0 0 0 0 0 0 0 0 0 0 0 0 0 0 0 0 0 0 0 0 0 0 0 0 0 0 0 0 0 0 0 0 0 0 
0 0 0 0 0 0 0 0 0 0 0 0 0 0 0 0 0 0 0 0 0 0 0 0 0 0 0 0 0 0 0 0 0 0 0 0 0 0 0 0 0 0 0 0 0 0 0 0 0 0 0 0 0 0 0 0 0 0 0 0 0 0 0 0 0 0 0 0 0 0 0 0 0 0 0 0 0 0 0 0 0 0 0 0 0 0 0 0 0 0 0 0 0 0 0 0 0 0 0 0 0 0 0 0 0 0 0 0 0 0 0 0 0 0 0 0 0 0 0 0 0 0 0 0 0 0 0 0 0 0 0 0 0 0 0 0 0 0 0 0 0 0 0 0 0 0 0 0 0 0 0 0 0 0 0 0 0 0 0 0 0 0 0 0 0 0 0 0 0 0 0 0 0 0 0 0 
