88 84 86 88 91 87 90 78 73 76 83 83 89 87 93 78 80 85 81 81 84 79 78 76 76 73 70 74 76 73 76 78 81 76 74 76 74 74 78 88 78 77 75 76 79 72 77 80 74 75 75 78 76 75 75 80 79 72 79 71 63 67 76 72 76 74 72 79 77 79 79 78 75 77 76 80 76 78 76 76 78 76 74 78 77 74 64 74 76 77 77 78 80 80 73 73 76 80 79 78 78 80 86 77 83 78 82 74 79 84 75 67 69 80 85 85 83 82 89 88 82 90 94 94 90 89 91 91 91 85 88 90 90 91 95 88 85 88 90 91 93 96 97 98 96 99 94 96 101 100 105 106 107 111 106 92 75 77 75 75 78 80 73 76 72 78 72 73 76 82 85 91 96 101 99 106 
87 89 89 82 86 83 84 86 82 79 82 77 81 82 84 80 81 81 73 82 73 79 77 75 81 78 82 78 79 77 79 77 79 76 72 66 72 74 76 77 76 73 77 80 71 75 78 73 77 71 79 73 72 77 78 75 76 80 74 78 63 64 75 77 74 83 78 78 75 77 85 77 73 80 71 77 79 78 79 76 82 77 72 79 77 77 63 70 76 77 81 79 77 76 78 81 74 80 76 78 79 83 77 83 80 79 76 82 84 79 80 68 74 78 85 88 85 87 84 86 93 85 89 87 92 100 93 87 92 91 91 90 92 96 92 85 82 85 87 96 95 98 96 93 94 100 98 98 98 109 104 106 106 107 92 80 71 71 71 76 67 79 76 0 0 0 79 79 78 82 89 84 89 97 102 98 
83 81 83 82 82 82 81 80 79 78 77 77 77 77 78 78 77 78 78 77 77 77 77 78 78 77 77 76 76 76 76 76 76 75 74 72 71 72 73 73 74 75 74 73 74 74 73 73 74 74 73 73 74 74 74 74 74 74 73 71 71 70 70 72 73 74 75 75 76 76 76 76 76 75 75 75 76 76 76 76 76 76 76 75 74 74 73 73 73 75 76 77 77 77 77 77 77 77 77 78 79 79 79 79 79 79 79 80 80 77 76 76 77 78 81 83 84 84 84 84 85 85 86 87 88 88 88 88 88 88 89 89 90 89 88 88 88 88 90 91 93 94 94 95 96 97 96 98 100 101 102 102 98 92 86 80 76 74 73 74 74 74 74 76 74 74 75 76 78 82 86 90 94 97 93 106 
81 82 80 80 80 80 80 79 78 77 76 75 74 74 75 75 76 76 76 75 76 76 76 77 77 77 77 76 76 76 76 75 75 74 73 72 71 70 71 71 72 72 72 72 73 72 72 72 73 72 72 72 73 72 72 73 73 73 72 71 70 70 70 71 72 74 74 75 75 76 76 76 76 76 76 76 77 78 78 78 78 79 79 79 78 78 78 78 78 79 80 81 81 82 82 82 82 82 82 83 83 83 83 83 83 84 84 85 85 84 83 83 83 84 86 87 88 87 87 88 88 88 89 89 90 89 90 89 89 89 90 90 90 89 88 88 88 89 90 91 92 93 93 94 95 95 95 97 99 100 100 98 93 87 80 76 73 72 71 72 73 73 73 0 74 73 75 76 78 80 84 88 92 95 102 92 
79 75 78 78 78 78 78 77 76 76 75 74 73 73 74 73 74 75 74 74 75 75 75 76 76 76 75 75 74 74 74 74 74 73 73 71 70 69 69 68 69 70 71 71 71 71 70 70 71 71 71 71 71 71 71 72 72 72 72 72 72 73 73 74 75 77 77 78 78 79 79 80 80 80 80 81 81 82 82 83 83 83 83 84 84 83 83 83 83 84 85 85 86 87 86 87 87 87 87 87 88 88 87 88 88 88 88 89 90 89 88 89 89 89 91 92 92 92 92 92 92 92 93 94 94 93 94 93 93 94 94 94 94 93 92 93 93 93 94 94 95 95 95 96 96 96 96 98 99 99 98 95 89 83 77 73 71 70 71 71 71 73 72 0 0 71 73 74 77 80 84 88 92 95 96 103 
76 75 77 77 77 77 77 76 76 75 74 73 73 73 73 72 73 73 72 72 73 74 74 75 75 75 74 74 73 72 72 72 72 72 72 71 70 69 68 67 68 69 69 70 71 70 70 70 71 71 72 72 72 73 74 74 75 76 76 76 77 77 77 78 79 80 80 81 82 82 83 84 84 84 84 85 86 86 86 87 87 87 87 88 88 88 88 88 88 89 89 90 90 91 91 91 91 91 91 92 92 93 92 92 93 93 93 94 94 94 94 94 95 95 96 96 97 96 97 97 97 97 97 98 98 98 98 98 98 98 98 98 98 97 97 97 98 98 98 99 99 99 100 100 100 101 101 102 104 103 99 94 87 80 74 71 70 70 70 70 70 72 0 0 0 70 72 73 76 78 82 87 91 93 95 93 
81 74 76 76 75 75 75 75 74 74 75 74 73 73 72 71 71 71 71 71 72 72 72 73 73 73 72 72 71 71 70 70 70 70 70 70 70 70 69 69 69 70 71 72 73 73 73 73 74 74 75 76 76 77 78 78 78 80 80 80 81 82 82 82 84 84 85 85 86 86 87 87 88 88 88 89 90 91 91 91 91 91 92 93 93 94 94 94 94 94 95 95 96 96 96 96 96 97 97 97 97 98 98 98 98 98 98 99 100 100 100 100 101 101 101 102 102 102 102 102 102 102 102 102 103 102 102 102 102 102 102 103 102 102 102 102 103 103 103 103 103 103 103 104 104 104 105 107 109 108 103 96 88 80 74 71 69 69 68 67 69 0 0 0 0 70 71 73 75 77 81 85 89 92 96 97 
75 80 75 74 74 74 74 73 73 73 73 72 72 72 71 70 70 69 69 69 70 69 70 71 71 71 71 71 70 70 70 70 71 72 73 73 74 73 73 73 73 74 75 76 77 77 76 77 77 78 78 79 80 81 81 82 82 83 83 83 85 86 86 87 89 88 88 89 90 90 91 92 92 93 93 94 95 95 95 95 96 96 96 97 98 98 98 98 98 98 99 99 99 100 100 100 100 100 100 101 101 102 101 101 102 102 102 103 104 104 104 105 105 105 105 105 106 106 106 107 107 107 108 108 108 108 108 107 107 108 108 108 108 108 107 107 107 107 107 108 108 108 108 108 108 109 110 112 114 113 107 100 91 81 74 71 69 68 67 66 0 0 0 0 0 71 71 72 74 76 79 84 88 90 97 90 
79 75 74 74 73 73 73 72 72 72 72 72 71 71 70 69 68 67 67 68 68 68 69 70 71 71 72 72 72 71 72 72 73 74 75 76 77 77 76 77 77 78 78 79 80 80 80 80 80 81 82 83 83 84 85 86 86 88 88 88 90 90 91 91 92 92 92 93 93 93 94 94 95 95 96 96 97 97 97 97 97 97 97 98 98 98 98 99 98 98 99 99 99 99 99 99 99 100 100 100 100 101 101 101 102 102 102 103 103 103 104 104 104 105 105 106 106 107 107 107 108 107 108 109 109 110 110 109 110 110 110 111 111 111 111 112 111 111 111 112 112 112 112 112 113 113 114 117 119 118 112 103 94 83 75 71 69 68 67 64 0 0 0 0 0 0 70 72 74 76 79 83 87 90 91 101 
71 68 73 73 72 72 71 71 71 71 70 70 70 69 69 68 68 67 68 68 69 69 70 71 72 73 74 74 74 74 75 75 76 77 78 78 79 79 79 80 81 82 82 82 83 83 84 84 85 85 86 87 87 88 89 89 90 91 91 90 92 92 91 92 92 92 92 92 92 93 93 94 94 95 95 95 96 96 96 96 96 96 96 97 98 98 97 98 98 98 98 98 98 98 98 98 98 99 98 99 99 100 100 100 101 101 101 102 102 103 103 103 103 105 105 105 106 106 106 106 107 106 107 108 108 108 109 108 108 109 109 110 110 111 111 111 111 111 112 112 112 114 114 114 115 116 117 119 122 122 115 106 95 84 75 70 69 68 67 0 0 0 0 0 0 0 68 70 72 74 77 82 86 89 83 98 
69 70 72 71 71 71 71 71 71 71 70 70 70 69 69 70 70 70 70 70 71 71 71 72 73 74 75 76 76 77 77 78 78 80 81 81 82 82 83 83 84 85 86 86 86 86 86 86 87 87 88 88 89 89 89 89 89 90 90 90 91 91 91 91 91 91 91 92 91 92 92 92 92 94 94 94 94 95 95 95 95 95 95 96 96 95 95 95 94 94 94 94 94 95 95 95 95 95 94 95 94 95 95 96 96 97 97 97 98 98 98 99 99 100 100 100 102 102 102 102 103 103 105 105 107 107 107 107 107 108 108 109 110 110 111 111 111 111 111 111 111 112 112 112 113 114 115 117 119 121 115 106 96 86 75 69 68 67 0 0 0 0 0 0 0 0 67 69 72 74 77 81 85 88 91 94 
72 67 71 71 71 71 71 71 71 71 71 71 71 71 71 72 71 72 72 72 72 73 73 74 75 76 77 78 79 79 81 81 81 83 84 84 84 85 85 85 85 85 86 86 86 86 86 86 87 87 87 87 88 88 88 87 88 88 88 87 88 88 87 87 86 86 86 86 86 87 88 89 90 92 93 93 93 94 94 94 94 93 91 90 90 89 89 91 93 93 93 93 93 94 94 94 94 94 93 93 93 94 94 95 95 96 96 96 96 97 96 97 98 99 99 99 100 101 98 96 96 95 97 100 103 106 107 106 107 107 107 108 109 110 110 110 110 110 110 110 110 111 111 110 111 112 112 114 117 118 114 105 95 86 74 67 66 0 0 0 0 0 0 0 0 0 66 68 71 73 76 80 84 87 100 97 
73 0 71 71 72 72 72 72 72 73 72 73 72 72 72 73 73 74 74 74 75 75 76 76 77 78 79 80 80 81 82 82 82 83 83 83 83 83 83 83 84 84 84 84 84 84 84 84 84 83 83 83 83 83 83 82 81 82 83 84 86 88 86 86 85 84 84 85 85 84 85 87 88 90 92 93 93 94 93 94 94 91 89 87 86 85 87 89 91 91 91 91 92 92 92 92 92 92 91 88 88 88 89 90 93 94 94 95 95 95 95 96 96 98 98 99 99 100 96 94 93 92 94 98 101 104 106 106 106 106 106 107 108 109 109 109 110 109 109 110 109 110 110 110 110 111 111 112 114 116 112 102 94 86 74 64 64 0 0 0 0 0 0 0 0 0 66 69 71 73 75 79 83 87 85 92 
68 75 73 73 73 73 73 73 73 73 73 74 74 75 75 75 75 76 77 77 78 78 78 78 79 79 79 80 80 81 81 82 81 82 81 81 80 80 80 80 79 79 79 79 78 79 79 80 81 82 82 82 82 81 81 80 79 80 80 81 84 86 85 84 83 83 82 83 83 81 82 84 86 88 91 93 93 93 93 93 92 88 86 83 80 79 83 85 88 88 88 88 90 90 90 89 90 89 88 84 84 84 85 85 89 91 90 91 91 91 91 92 93 94 94 95 96 96 92 90 89 86 90 94 98 101 105 106 106 106 107 107 108 109 109 108 109 108 108 109 109 109 109 109 109 109 109 110 112 114 110 100 94 87 74 62 0 0 0 0 0 0 0 0 0 0 65 68 70 72 75 78 82 87 90 91 
74 71 73 74 74 74 74 75 75 75 75 76 76 76 76 77 77 78 78 78 78 78 77 77 78 78 78 79 79 79 80 81 81 80 80 79 79 79 79 79 78 78 78 77 77 77 77 78 79 80 80 80 80 79 79 78 76 77 77 78 81 84 83 81 79 78 78 79 79 75 78 82 84 86 91 92 92 93 93 93 92 86 83 79 74 69 74 78 82 81 82 81 81 81 82 81 82 82 81 75 74 73 74 74 80 82 82 81 82 82 80 81 83 85 84 86 87 88 82 78 78 77 83 90 96 100 105 106 106 107 107 107 108 108 108 108 108 108 108 107 107 107 107 107 107 107 107 108 109 111 108 99 95 89 76 61 0 0 0 0 0 0 0 0 0 0 0 69 71 72 75 77 81 85 95 93 
70 77 74 75 74 75 75 76 76 77 77 78 78 78 77 77 77 77 77 77 78 77 77 77 78 77 77 78 79 79 79 80 79 79 78 78 77 77 78 78 77 76 76 75 74 74 75 75 76 78 76 76 75 74 74 72 69 70 70 71 72 77 75 71 68 67 67 67 69 67 75 80 83 85 91 92 93 92 93 93 91 84 80 75 67 55 0 0 0 0 0 0 0 0 0 0 0 0 0 0 0 0 0 0 0 0 0 0 0 0 0 0 0 0 0 0 0 0 0 0 0 65 78 88 95 98 105 106 106 106 106 107 108 108 108 108 108 107 107 107 107 107 107 106 107 107 107 107 108 110 108 99 97 92 80 62 0 0 0 0 0 0 0 0 0 0 0 67 69 71 73 76 80 85 90 97 
75 76 75 75 75 75 75 76 76 77 77 77 78 78 77 76 76 76 76 76 77 77 77 77 78 77 77 77 78 78 78 79 77 76 75 74 72 75 75 75 73 72 71 70 67 67 67 67 68 69 68 64 63 62 61 60 58 56 0 0 0 0 0 0 0 0 0 0 0 66 76 81 84 86 91 92 93 92 93 93 91 83 82 78 71 58 0 0 0 0 0 0 0 0 0 0 0 0 0 0 0 0 0 0 0 0 0 0 0 0 0 0 0 0 0 0 0 0 0 0 0 70 84 92 96 97 104 106 106 106 106 107 108 108 108 107 107 107 107 106 106 106 106 105 106 106 106 106 107 109 108 99 97 93 83 64 0 0 0 0 0 0 0 0 0 0 0 68 69 70 73 75 79 84 87 94 
71 80 75 75 74 74 74 75 75 76 76 76 76 76 76 75 75 74 74 74 75 75 76 76 77 77 77 77 78 78 78 78 76 75 74 72 68 69 68 68 65 63 61 60 56 55 0 0 0 0 0 0 0 0 0 0 0 0 0 0 0 0 0 0 0 0 0 0 0 68 77 82 85 86 91 92 93 92 93 93 91 84 82 78 71 58 0 0 0 0 0 0 0 0 0 0 0 0 0 0 0 0 0 0 0 0 0 0 0 0 0 0 0 0 0 0 0 0 0 0 0 70 83 91 95 97 103 105 105 105 105 107 107 107 107 107 107 106 106 106 106 106 105 105 105 105 105 105 106 107 107 100 99 96 88 71 0 0 0 0 0 0 0 0 0 0 0 67 69 70 73 75 79 83 86 95 
84 76 74 74 73 73 73 74 75 75 75 76 76 75 75 74 74 73 72 73 73 74 74 75 76 76 76 77 78 78 78 78 75 73 71 68 59 0 0 0 0 0 0 0 0 0 0 0 0 0 0 0 0 0 0 0 0 0 0 0 0 0 0 0 0 0 0 0 0 69 78 83 85 86 91 92 92 92 92 92 91 84 83 79 72 59 0 0 0 0 0 0 0 0 0 0 0 0 0 0 0 0 0 0 0 0 0 0 0 0 0 0 0 0 0 0 0 0 0 0 0 70 83 91 95 97 103 105 105 105 105 106 107 107 106 107 107 106 107 106 106 105 105 104 104 104 104 104 105 107 107 101 100 98 91 74 0 0 0 0 0 0 0 0 0 0 0 67 68 69 72 74 78 83 91 90 
72 82 73 73 71 72 72 73 74 75 75 75 75 75 74 73 72 71 69 70 72 73 73 76 76 76 76 77 77 78 78 78 74 73 71 67 0 0 0 0 0 0 0 0 0 0 0 0 0 0 0 0 0 0 0 0 0 0 0 0 0 0 0 0 50 50 0 0 0 69 78 82 84 86 90 91 92 92 92 92 91 84 82 79 72 59 0 0 0 0 0 0 0 0 0 0 0 0 0 0 0 0 0 0 0 0 0 0 0 0 0 0 0 0 0 0 0 0 0 0 0 70 83 90 94 96 102 104 104 104 104 105 106 106 106 106 106 106 106 106 105 105 105 104 104 104 104 104 105 106 108 102 101 99 93 75 0 0 0 0 0 0 0 0 0 0 0 66 67 69 72 74 79 83 86 90 
69 69 72 72 71 72 72 72 73 73 73 74 74 74 73 72 70 69 67 68 70 72 73 76 76 76 76 77 77 78 78 77 74 73 71 66 0 0 0 0 0 0 0 0 0 0 0 0 0 0 0 0 0 0 0 0 0 0 0 0 0 0 55 53 51 50 49 47 0 69 78 83 85 86 91 91 91 92 92 92 91 84 82 79 72 59 0 0 0 0 0 0 0 0 0 0 0 0 0 0 0 0 0 0 0 0 0 0 0 0 0 0 0 0 0 0 0 0 0 0 0 67 80 88 92 95 102 104 104 104 104 105 105 105 105 105 105 106 106 106 105 105 105 104 104 104 103 103 104 105 107 102 101 100 95 79 0 0 0 0 0 0 0 0 0 0 0 66 67 69 71 73 78 82 92 94 
71 73 71 71 71 71 72 72 73 73 73 73 73 73 73 71 68 67 64 65 68 71 72 74 74 75 76 77 77 78 78 77 75 74 72 68 0 0 0 0 0 0 0 0 0 0 0 0 0 0 0 0 0 0 0 0 0 0 0 0 0 53 53 51 51 50 49 47 0 69 78 83 85 86 91 91 91 92 92 92 91 84 82 78 71 57 0 0 0 0 0 0 0 0 0 0 0 0 0 0 0 0 0 0 0 0 0 0 0 0 0 0 0 0 0 0 0 0 0 0 0 63 77 86 90 93 101 104 104 105 105 105 105 106 105 105 105 106 105 105 105 105 104 104 104 103 103 103 103 105 106 102 100 98 93 79 0 0 0 0 0 0 0 0 0 0 0 64 67 69 71 73 77 81 87 91 
72 70 70 70 71 71 72 72 73 73 73 73 73 73 72 70 67 66 63 64 68 71 72 75 75 75 76 77 77 78 78 76 74 74 71 66 0 0 0 0 0 0 0 0 0 0 0 0 0 0 0 0 0 0 0 0 0 0 0 0 0 53 53 51 51 50 49 47 0 70 79 83 85 87 91 91 91 92 92 92 91 84 81 78 71 57 0 0 0 0 0 0 0 0 0 0 0 0 0 0 0 0 0 0 0 0 0 0 0 0 0 0 0 0 0 0 0 0 0 0 0 58 74 84 89 92 101 104 105 105 105 105 106 105 105 105 105 105 105 105 105 104 104 103 103 103 103 103 103 104 106 102 98 96 90 74 0 0 0 0 0 0 0 0 0 0 0 64 67 68 70 72 76 80 86 87 
70 69 70 70 71 71 72 72 72 72 72 72 72 72 72 69 67 66 65 66 69 72 73 75 75 75 76 76 77 78 78 75 75 74 72 67 0 0 0 0 0 0 0 0 0 0 0 0 0 0 0 0 0 0 0 0 0 0 0 0 0 53 53 51 51 50 49 47 0 68 79 83 85 87 91 92 92 92 92 92 90 83 81 78 71 57 0 0 0 0 0 0 0 0 0 0 0 0 0 0 0 0 0 0 0 0 0 0 0 0 0 0 0 0 0 0 0 0 0 0 0 55 72 82 88 91 101 104 104 105 105 105 105 105 105 105 105 105 104 104 104 104 104 104 103 103 102 102 102 104 106 103 97 95 89 74 0 0 0 0 0 0 0 0 0 0 0 62 66 68 69 71 75 79 77 84 
70 65 70 70 71 71 72 72 72 72 72 72 72 72 71 69 67 66 66 67 70 73 73 75 75 76 76 77 77 77 77 74 74 72 70 64 0 0 0 0 0 0 0 0 0 0 0 0 0 0 0 0 0 0 0 0 0 0 0 0 0 52 53 52 51 51 49 0 0 68 78 83 85 87 91 92 92 92 91 92 90 83 81 77 70 55 0 0 0 0 0 0 0 0 0 0 0 0 0 0 0 0 0 0 0 0 0 0 0 0 0 0 0 0 0 0 0 0 0 0 0 51 69 80 86 90 101 104 105 105 105 105 105 105 104 104 104 104 104 104 104 104 104 103 103 102 102 102 102 104 106 104 96 94 89 76 57 0 0 0 0 0 0 0 0 0 0 63 65 67 68 70 74 77 83 88 
69 74 70 70 71 71 71 72 72 72 71 72 72 71 71 70 68 68 68 69 71 73 73 74 75 75 76 77 77 77 77 74 73 71 69 62 0 0 0 0 0 0 0 0 0 0 0 0 0 0 0 0 0 0 0 0 0 0 0 0 0 0 0 49 49 0 0 0 0 66 78 82 84 86 91 92 92 92 91 91 90 83 81 77 70 54 0 0 0 0 0 0 0 0 0 0 0 0 0 0 0 0 0 0 0 0 0 0 0 0 0 0 0 0 0 0 0 0 0 0 0 50 68 80 86 89 101 104 105 105 105 105 105 105 105 105 104 104 104 104 104 104 103 103 102 102 102 102 103 104 106 105 96 94 89 76 58 0 0 0 0 0 0 0 0 0 0 0 65 66 68 70 73 77 84 89 
65 67 70 70 70 70 71 71 71 72 71 71 72 71 71 70 69 69 70 70 72 73 74 75 75 76 77 77 77 77 77 74 73 72 69 63 0 0 0 0 0 0 0 0 0 0 0 0 0 0 0 0 0 0 0 0 0 0 0 0 0 0 0 0 0 0 0 0 0 64 77 82 84 86 91 92 92 92 91 91 90 83 80 77 70 55 0 0 0 0 0 0 0 0 0 0 0 0 0 0 0 0 0 0 0 0 0 0 0 0 0 0 0 0 0 0 0 0 0 0 0 47 67 79 85 89 101 104 105 104 104 104 104 104 104 104 104 104 104 104 104 103 103 102 102 102 102 102 103 104 106 106 97 95 90 79 60 0 0 0 0 0 0 0 0 0 0 0 63 65 67 69 72 77 78 81 
67 76 70 70 70 70 70 70 71 70 71 71 71 70 71 71 71 71 72 72 72 74 74 74 75 76 76 76 77 77 77 74 73 72 69 63 0 0 0 0 0 0 0 0 0 0 0 0 0 0 0 0 0 0 0 0 0 0 0 0 0 0 0 0 0 0 0 0 0 62 75 81 84 86 91 92 92 91 91 91 89 82 80 77 70 55 0 0 0 0 0 0 0 0 0 0 0 0 0 0 0 0 0 0 0 0 0 0 0 0 0 0 0 0 0 0 0 0 0 0 0 47 68 80 87 90 100 104 104 104 104 104 104 104 104 104 104 104 104 104 104 104 103 103 103 103 103 103 103 104 106 106 98 97 92 83 66 0 0 0 0 0 0 0 0 0 0 0 63 65 67 69 72 76 83 85 
77 73 70 70 69 69 70 70 70 70 70 70 70 70 70 71 71 72 72 72 73 74 74 74 75 75 76 76 77 77 77 73 73 71 68 62 0 0 0 0 0 0 0 0 0 0 0 0 0 0 0 0 0 0 0 0 0 0 0 0 0 0 0 0 0 0 0 0 0 63 76 81 84 86 91 92 92 91 91 91 90 82 80 76 69 54 0 0 0 0 0 0 0 0 0 0 0 0 0 0 0 0 0 0 0 0 0 0 0 0 0 0 0 0 0 0 0 0 0 0 0 45 67 80 86 90 100 104 104 104 104 104 105 104 104 105 104 104 104 105 104 104 103 103 102 102 102 102 103 104 105 106 99 97 94 86 70 0 0 0 0 0 0 0 0 0 0 0 64 65 67 69 72 75 77 88 
67 68 70 69 69 68 69 69 69 69 69 69 69 70 70 71 71 72 72 72 73 74 74 74 75 75 76 76 77 77 77 74 73 72 68 62 0 0 0 0 0 0 0 0 0 0 0 0 0 0 0 0 0 0 0 0 0 0 0 0 0 0 0 0 0 0 0 0 0 64 76 81 84 86 91 92 92 92 91 91 90 82 80 77 70 56 0 0 0 0 0 0 0 0 0 0 0 0 0 0 0 0 0 0 0 0 0 0 0 0 0 0 0 0 0 0 0 0 0 0 0 0 69 82 88 91 99 103 104 104 104 104 105 104 104 105 105 105 105 105 105 104 103 103 103 102 101 102 102 103 104 105 99 98 95 89 73 0 0 0 0 0 0 0 0 0 0 0 64 65 67 69 72 75 84 85 
75 68 70 69 69 68 69 69 68 69 69 68 69 69 70 71 71 72 72 72 73 74 74 75 75 76 76 76 76 77 77 73 73 71 68 61 0 0 0 0 0 0 0 0 0 0 0 0 0 0 0 0 0 0 0 0 0 0 0 0 0 0 0 0 0 0 0 0 0 66 76 81 84 86 91 92 92 92 91 91 89 82 80 76 70 57 0 0 0 0 0 0 0 0 0 0 0 0 0 0 0 0 0 0 0 0 0 0 0 0 0 0 0 0 0 0 0 0 0 0 0 0 71 84 89 92 98 103 104 104 104 105 105 104 104 104 104 104 105 105 105 104 104 103 103 102 102 102 102 103 104 105 100 99 97 91 75 0 0 0 0 0 0 0 0 0 0 0 65 65 67 69 71 75 78 81 
73 69 69 68 68 68 68 68 68 68 68 68 68 69 70 70 71 72 72 73 73 74 74 75 75 75 75 75 76 77 76 73 72 70 66 58 0 0 0 0 0 0 0 0 0 0 0 0 0 0 0 0 0 0 0 0 0 0 0 0 0 0 0 0 0 0 0 0 0 66 76 80 83 85 90 91 92 91 91 91 89 82 80 76 69 56 0 0 0 0 0 0 0 0 0 0 0 0 0 0 0 0 0 0 0 0 0 0 0 0 0 0 0 0 0 0 0 0 0 0 0 0 74 86 91 94 98 102 103 104 104 104 105 104 104 104 104 104 105 105 105 105 104 103 103 102 101 102 102 102 103 105 100 99 97 93 76 0 0 0 0 0 0 0 0 0 0 0 65 65 67 68 71 75 78 81 
68 66 68 68 68 67 68 68 67 68 68 68 68 69 70 70 71 72 72 72 73 74 74 75 75 75 75 75 75 76 76 72 71 69 64 55 0 0 0 0 0 0 0 0 0 0 0 0 0 0 0 0 0 0 0 0 0 0 0 0 0 0 0 0 0 0 0 0 0 68 77 81 83 85 90 91 92 92 92 92 90 83 81 77 70 57 0 0 0 0 0 0 0 0 0 0 0 0 0 0 0 0 0 0 0 0 0 0 0 0 0 0 0 0 0 0 0 0 0 0 0 0 73 85 91 93 97 102 103 103 104 104 104 104 104 104 104 104 105 105 105 105 104 103 103 102 101 101 101 101 103 105 100 99 97 93 75 0 0 0 0 0 0 0 0 0 0 0 0 65 67 68 71 74 85 82 
66 63 68 68 67 67 68 67 67 68 68 68 68 69 69 70 71 71 72 72 73 73 74 74 75 75 75 75 75 76 76 71 70 68 63 53 0 0 0 0 0 0 0 0 0 0 0 0 0 0 0 0 0 0 0 0 0 0 0 0 0 0 0 0 0 0 0 0 0 69 77 81 84 86 90 91 92 92 92 92 90 83 81 77 71 57 0 0 0 0 0 0 0 0 0 0 0 0 0 0 0 0 0 0 0 0 0 0 0 0 0 0 0 0 0 0 0 0 0 0 0 0 77 88 93 95 96 102 103 103 104 104 104 104 104 104 104 104 105 105 105 104 103 103 103 102 101 101 101 102 103 105 101 100 99 96 79 0 0 0 0 0 0 0 0 0 0 0 65 64 66 67 70 74 85 90 
64 70 67 68 67 67 67 67 67 68 68 68 69 69 69 70 71 72 72 72 73 73 73 74 74 74 75 75 75 76 76 71 70 67 61 50 0 0 0 0 0 0 0 0 0 0 0 0 0 0 0 0 0 0 0 0 0 0 0 0 0 0 0 0 0 0 0 0 0 70 78 82 84 86 90 91 92 92 92 92 90 83 81 77 71 57 0 0 0 0 0 0 0 0 0 0 0 0 0 0 0 0 0 0 0 0 0 0 0 0 0 0 0 0 0 0 0 0 0 0 0 0 75 87 92 94 96 102 102 103 103 104 104 104 105 105 105 104 105 104 104 104 103 103 103 102 101 101 101 101 103 105 102 99 98 94 77 0 0 0 0 0 0 0 0 0 0 0 63 64 65 67 70 74 77 82 
70 75 67 67 67 67 67 67 67 68 68 68 69 69 69 70 71 72 72 72 73 73 73 74 74 74 75 75 76 76 76 71 70 67 61 48 0 0 0 0 0 0 0 0 0 0 0 0 0 0 0 0 0 0 0 0 0 0 0 0 0 0 0 0 0 0 0 0 0 71 80 83 85 86 90 91 91 92 92 92 91 83 81 77 70 56 0 0 0 0 0 0 0 0 0 0 0 0 0 0 0 0 0 0 0 0 0 0 0 0 0 0 0 0 0 0 0 0 0 0 0 0 73 86 92 94 96 102 103 103 103 104 104 104 104 104 104 104 104 104 104 103 103 102 102 101 101 101 102 102 103 105 102 100 99 96 80 0 0 0 0 0 0 0 0 0 0 0 0 63 64 66 69 73 76 79 
67 66 68 68 67 66 67 66 66 67 68 68 68 68 68 70 70 71 72 72 72 73 73 74 74 75 76 76 76 77 76 71 70 68 62 0 0 0 0 0 0 0 0 0 0 0 0 0 0 0 0 0 0 0 0 0 0 0 0 0 0 0 0 0 0 0 0 0 0 72 81 84 86 87 91 91 91 92 92 92 91 83 81 77 70 55 0 0 0 0 0 0 0 0 0 0 0 0 0 0 0 0 0 0 0 0 0 0 0 0 0 0 0 0 0 0 0 0 0 0 0 0 71 85 91 93 95 101 103 103 103 104 104 105 105 105 105 104 104 104 103 103 103 103 102 102 101 101 101 102 103 106 103 99 98 94 79 0 0 0 0 0 0 0 0 0 0 0 0 62 64 66 69 73 78 84 
71 71 68 67 66 66 66 66 66 67 67 68 68 68 68 70 70 72 72 73 73 73 74 74 74 75 76 76 76 77 76 73 71 70 64 0 0 0 0 0 0 0 0 0 0 0 0 0 0 0 0 0 0 0 0 0 0 0 0 0 0 0 0 0 0 0 0 0 0 73 82 84 86 87 91 91 91 91 91 91 90 83 81 77 70 54 0 0 0 0 0 0 0 0 0 0 0 0 0 0 0 0 0 0 0 0 0 0 0 0 0 0 0 0 0 0 0 0 0 0 0 0 70 84 90 93 95 102 103 103 104 104 105 104 105 105 104 104 103 103 102 102 102 102 102 101 101 101 101 101 103 105 104 98 96 93 79 0 0 0 0 0 0 0 0 0 0 0 61 63 64 66 68 73 74 84 
75 63 67 66 66 66 66 66 66 67 67 68 68 69 69 70 70 71 72 72 72 73 74 74 75 75 76 76 77 77 76 74 73 71 65 0 0 0 0 0 0 0 0 0 0 0 0 0 0 0 0 0 0 0 0 0 0 0 0 0 0 0 0 0 0 0 0 0 0 74 82 85 86 87 91 91 91 91 91 91 90 83 80 77 70 53 0 0 0 0 0 0 0 0 0 0 0 0 0 0 0 0 0 0 0 0 0 0 0 0 0 0 0 0 0 0 0 0 0 0 0 0 65 80 87 91 95 102 103 103 104 104 105 105 105 104 104 103 103 103 102 102 102 101 102 102 101 101 101 101 102 105 104 96 94 90 77 56 0 0 0 0 0 0 0 0 0 0 60 63 64 66 68 73 79 86 
67 68 67 66 66 66 66 66 67 67 67 68 68 69 69 70 70 71 71 72 72 73 74 74 75 75 76 77 77 77 76 75 73 72 67 0 0 0 0 0 0 0 0 0 0 0 0 0 0 0 0 0 0 0 0 0 0 0 0 0 0 0 0 0 0 0 0 0 0 75 83 85 86 87 91 90 91 91 91 91 91 83 81 77 70 52 0 0 0 0 0 0 0 0 0 0 0 0 0 0 0 0 0 0 0 0 0 0 0 0 0 0 0 0 0 0 0 0 0 0 0 0 65 80 87 91 95 102 103 104 104 104 104 104 104 104 104 103 103 103 102 102 102 102 102 101 101 101 101 101 102 105 103 96 95 90 79 59 0 0 0 0 0 0 0 0 0 0 60 62 63 65 67 72 78 83 
63 66 66 66 66 66 66 66 66 67 68 68 68 69 69 70 71 71 71 71 72 73 73 74 75 76 76 77 78 78 75 75 73 71 66 0 0 0 0 0 0 0 0 0 0 0 0 0 0 0 0 0 0 0 0 0 0 0 0 0 0 0 0 0 0 0 0 0 0 77 84 86 87 88 91 91 91 91 91 91 91 83 79 75 67 49 0 0 0 0 0 0 0 0 0 0 0 0 0 0 0 0 0 0 0 0 0 0 0 0 0 0 0 0 0 0 0 0 0 0 0 0 61 76 84 89 95 102 103 104 104 105 104 104 104 104 104 103 103 103 102 102 102 102 102 102 101 101 101 101 102 104 104 95 93 89 79 59 0 0 0 0 0 0 0 0 0 0 59 61 63 65 67 72 72 86 
73 70 66 66 66 66 66 66 67 67 68 69 69 69 70 71 71 72 71 71 72 73 73 74 75 75 75 76 77 77 75 74 73 71 65 0 0 0 0 0 0 0 0 0 0 0 0 0 0 0 0 0 0 0 0 0 0 0 0 0 0 0 0 0 0 0 0 0 0 78 85 87 88 88 91 91 91 91 91 92 91 83 79 75 66 49 0 0 0 0 0 0 0 0 0 0 0 0 0 0 0 0 0 0 0 0 0 0 0 0 0 0 0 0 0 0 0 0 0 0 0 0 58 74 82 87 96 103 104 104 105 105 104 105 104 103 104 104 104 103 103 102 102 102 102 101 101 101 101 101 102 104 104 96 95 91 82 63 0 0 0 0 0 0 0 0 0 0 60 62 63 65 67 71 73 82 
65 64 65 65 66 66 66 66 67 67 68 69 69 69 70 70 71 71 72 71 72 73 73 74 75 75 75 77 77 77 74 74 72 69 63 0 0 0 0 0 0 0 0 0 0 0 0 0 0 0 0 0 0 0 0 0 0 0 0 0 0 0 0 0 0 0 0 0 0 71 81 84 86 89 91 91 91 91 91 92 91 83 77 72 64 48 0 0 0 0 0 0 0 0 0 0 0 0 0 0 0 0 0 0 0 0 0 0 0 0 0 0 0 0 0 0 0 0 0 0 0 0 57 74 82 87 96 104 104 105 105 105 105 105 104 104 104 104 104 103 103 103 102 102 102 102 101 101 101 101 102 104 104 97 95 92 83 65 0 0 0 0 0 0 0 0 0 0 59 60 63 65 66 71 74 82 
64 64 66 66 66 66 66 66 67 67 68 68 69 69 70 70 71 71 72 72 72 73 73 73 74 75 75 76 77 77 74 73 72 69 62 0 0 0 0 0 0 0 0 0 0 0 0 0 0 0 0 0 0 0 0 0 0 0 0 0 0 0 0 0 0 0 0 0 0 67 77 81 83 89 91 92 91 91 92 92 91 83 77 72 64 48 0 0 0 0 0 0 0 0 0 0 0 0 0 0 0 0 0 0 0 0 0 0 0 0 0 0 0 0 0 0 0 0 0 0 0 0 57 74 82 87 96 104 105 105 105 105 105 105 104 104 103 104 104 104 103 103 102 102 101 101 100 100 100 101 102 104 105 98 97 94 87 69 0 0 0 0 0 0 0 0 0 0 0 60 62 64 66 70 72 84 
64 62 65 65 66 65 66 66 67 67 69 68 69 69 70 70 71 71 71 72 72 72 73 74 74 75 75 76 76 76 73 72 71 68 61 0 0 0 0 0 0 0 0 0 0 0 0 0 0 0 0 0 0 0 0 0 0 0 0 0 0 0 0 0 0 0 0 0 0 64 74 79 82 89 92 92 92 92 92 92 91 83 75 70 62 47 0 0 0 0 0 0 0 0 0 0 0 0 0 0 0 0 0 0 0 0 0 0 0 0 0 0 0 0 0 0 0 0 0 0 0 0 55 73 82 87 96 104 105 105 106 106 106 106 105 104 104 104 104 104 104 103 102 102 102 102 101 101 101 101 102 104 105 98 97 95 88 68 0 0 0 0 0 0 0 0 0 0 0 61 63 65 67 70 74 78 
63 61 64 65 66 66 66 66 67 67 68 68 69 69 69 69 70 71 71 72 72 72 73 73 74 74 75 75 76 76 73 72 71 67 60 0 0 0 0 0 0 0 0 0 0 0 0 0 0 0 0 0 0 0 0 0 0 0 0 0 0 0 0 0 0 0 0 0 38 60 71 76 79 88 91 92 92 92 92 92 91 83 75 70 62 47 0 0 0 0 0 0 0 0 0 0 0 0 0 0 0 0 0 0 0 0 0 0 0 0 0 0 0 0 0 0 0 0 0 0 0 0 56 73 82 87 96 104 105 105 105 106 106 106 105 105 104 104 104 104 104 103 102 102 101 101 100 100 101 101 102 104 105 99 98 96 88 69 0 0 0 0 0 0 0 0 0 0 0 61 63 65 67 70 75 82 
66 62 64 64 65 66 67 67 67 68 68 68 68 68 68 69 70 70 71 72 72 73 74 74 74 74 75 76 76 76 73 72 71 67 59 0 0 0 0 0 0 0 0 0 0 0 0 0 0 0 0 0 0 0 0 0 0 0 0 0 0 0 0 0 0 0 0 0 39 58 68 74 78 88 91 92 92 92 92 92 91 83 74 69 61 47 39 0 0 0 0 0 0 0 0 0 0 0 0 0 0 0 0 0 0 0 0 0 0 0 0 0 0 0 0 0 0 0 0 0 0 0 55 72 82 87 96 104 106 106 106 106 106 106 105 105 104 104 104 104 103 103 102 102 101 101 100 100 101 101 102 104 105 98 98 96 89 68 0 0 0 0 0 0 0 0 0 0 0 0 63 64 67 70 67 82 
63 59 65 65 65 66 66 67 67 68 68 68 68 68 68 69 69 70 71 72 72 73 74 74 75 75 75 76 76 76 73 72 71 68 60 0 0 0 0 0 0 0 0 0 0 0 0 0 0 0 0 0 0 0 0 0 0 0 0 0 0 0 0 0 0 0 0 0 39 60 71 76 79 88 91 92 92 93 93 93 91 84 75 70 62 48 39 0 0 0 0 0 0 0 0 0 0 0 0 0 0 0 0 0 0 0 0 0 0 0 0 0 0 0 0 0 0 0 0 0 0 42 54 70 80 86 97 105 106 106 106 106 106 106 105 105 104 104 104 104 103 103 102 102 102 101 101 101 101 101 102 104 105 99 98 96 89 68 0 0 0 0 0 0 0 0 0 0 0 0 0 63 65 69 65 72 
68 66 65 65 65 66 66 66 67 67 68 68 68 68 68 68 68 69 70 71 71 72 73 74 75 75 76 76 76 76 74 73 71 69 63 0 0 0 0 0 0 0 0 0 0 0 0 0 0 0 0 0 0 0 0 0 0 0 0 0 0 0 0 0 0 0 0 0 0 63 73 78 81 89 91 92 92 93 93 93 92 85 74 69 61 48 40 0 0 0 0 0 0 0 0 0 0 0 0 0 0 0 0 0 0 0 0 0 0 0 0 0 0 0 0 0 0 0 0 0 0 42 53 70 80 86 97 105 107 106 106 106 106 106 105 105 105 104 104 104 103 103 102 102 102 102 101 101 101 102 102 104 105 99 98 95 88 67 0 0 0 0 0 0 0 0 0 0 0 0 0 0 64 69 68 76 
62 71 65 65 66 66 66 66 67 67 67 68 68 68 68 69 69 69 70 71 71 72 73 74 74 75 75 76 76 76 74 74 72 70 64 0 0 0 0 0 0 0 0 0 0 0 0 0 0 0 0 0 0 0 0 0 0 0 0 0 0 0 0 0 0 0 0 0 0 64 74 79 82 89 92 92 92 93 93 93 92 85 74 70 62 49 41 0 0 0 0 0 0 0 0 0 0 0 0 0 0 0 0 0 0 0 0 0 0 0 0 0 0 0 0 0 0 0 0 0 0 42 52 68 78 84 97 106 107 106 106 107 106 106 105 105 105 104 104 104 103 103 102 101 101 101 100 100 101 101 102 104 106 99 98 96 89 68 0 0 0 0 0 0 0 0 0 0 0 0 0 0 64 69 60 71 
64 64 65 65 65 65 66 66 67 67 67 68 68 68 68 69 69 70 70 71 71 72 73 74 75 75 75 76 76 76 74 74 73 70 65 0 0 0 0 0 0 0 0 0 0 0 0 0 0 0 0 0 0 0 0 0 0 0 0 0 0 0 38 39 39 39 39 0 0 65 75 80 82 89 92 93 93 93 93 93 92 85 75 70 63 50 42 0 0 0 0 0 0 0 0 0 0 0 0 0 0 0 0 0 0 0 0 0 0 0 0 0 0 0 0 0 0 0 0 0 0 41 51 68 78 84 97 106 107 107 107 107 106 106 105 105 104 104 103 103 102 102 102 102 102 101 101 101 101 101 102 104 106 99 98 96 89 68 0 0 0 0 0 0 0 0 0 0 0 0 0 0 0 71 65 72 
66 63 65 65 65 65 65 66 66 66 66 67 68 68 69 69 69 70 70 70 71 72 73 74 75 75 75 76 76 76 74 74 73 70 67 0 0 0 0 0 0 0 0 0 0 0 0 0 0 0 0 0 0 0 0 0 0 0 0 0 0 0 38 39 39 39 39 0 0 67 76 80 83 90 92 93 93 93 93 94 93 86 75 71 63 50 41 0 0 0 0 0 0 0 0 0 0 0 0 0 0 0 0 0 0 0 0 0 0 0 0 0 0 0 0 0 0 0 0 0 0 43 52 68 78 84 97 106 107 107 107 107 106 106 106 105 104 104 103 103 102 102 102 102 102 101 102 102 101 102 103 104 106 100 99 97 91 70 0 0 0 0 0 0 0 0 0 0 0 0 0 0 0 71 0 73 
64 68 64 65 65 66 66 66 66 66 66 67 68 68 69 69 69 70 70 71 71 72 72 73 74 74 75 75 76 76 74 74 73 70 66 0 0 0 0 0 0 0 0 0 0 0 0 0 0 0 0 0 0 0 0 0 0 0 0 0 0 0 0 39 39 39 0 0 43 65 74 79 82 91 93 93 93 94 93 94 93 86 76 71 63 51 42 0 0 0 0 0 0 0 0 0 0 0 0 0 0 0 0 0 0 0 0 0 0 0 0 0 0 0 0 0 0 0 0 0 0 44 53 68 78 84 97 106 108 107 108 107 107 106 106 105 104 104 104 103 103 102 102 102 101 101 101 101 101 101 102 103 106 100 100 98 92 72 0 0 0 0 0 0 0 0 0 0 0 0 0 0 0 72 0 81 
61 61 65 65 66 66 66 66 67 67 67 68 69 69 69 70 70 70 70 71 71 72 73 73 74 74 75 75 76 76 74 73 72 69 63 0 0 0 0 0 0 0 0 0 0 0 0 0 0 0 0 0 0 0 0 0 0 0 0 0 0 0 0 39 39 39 0 0 43 63 72 78 81 91 93 93 93 94 93 94 93 86 76 72 64 52 42 0 0 0 0 0 0 0 0 0 0 0 0 0 0 0 0 0 0 0 0 0 0 0 0 0 0 0 0 0 0 0 0 0 0 44 53 68 78 84 97 106 108 108 108 107 107 106 106 105 104 104 103 103 103 103 102 102 102 101 101 101 101 101 103 104 106 100 100 98 93 72 0 0 0 0 0 0 0 0 0 0 0 0 0 0 0 71 0 72 
63 65 65 66 66 66 66 66 67 67 67 68 69 69 69 70 70 70 70 71 72 73 73 74 74 74 75 75 75 75 73 72 71 69 62 0 0 0 0 0 0 0 0 0 0 0 0 0 0 0 0 0 0 0 0 0 0 0 0 0 0 0 0 0 0 0 0 0 44 64 73 78 81 91 93 94 94 94 93 94 93 87 77 72 65 52 42 0 0 0 0 0 0 0 0 0 0 0 0 0 0 0 0 0 0 0 0 0 0 0 0 0 0 0 0 0 0 0 0 0 0 46 54 69 78 84 97 107 108 108 108 108 107 106 106 105 104 104 103 103 103 103 103 103 102 101 101 101 101 101 102 104 106 101 100 99 95 75 0 0 0 0 0 0 0 0 0 0 0 0 0 0 0 71 63 77 
60 66 65 66 66 66 66 66 67 67 68 68 69 69 69 69 70 70 70 71 72 73 73 74 74 74 75 75 75 75 73 72 71 69 62 0 0 0 0 0 0 0 0 0 0 0 0 0 0 0 0 0 0 0 0 0 0 0 0 0 0 0 0 0 0 0 0 0 45 65 74 79 82 91 93 94 93 93 93 94 93 87 77 73 66 53 43 0 0 0 0 0 0 0 0 0 0 0 0 0 0 0 0 0 0 0 0 0 0 0 0 0 0 0 0 0 0 0 0 0 0 46 53 68 78 84 97 106 108 108 108 107 107 107 107 106 105 105 104 104 104 103 103 102 102 101 100 101 100 101 102 104 106 101 101 100 96 78 0 0 0 0 0 0 0 0 0 0 0 0 0 0 63 70 59 74 
60 63 65 66 65 66 65 66 66 67 68 69 69 69 69 69 70 70 70 71 72 72 73 73 74 74 75 75 75 75 72 71 70 67 60 0 0 0 0 0 0 0 0 0 0 0 0 0 0 0 0 0 0 0 0 0 0 0 0 0 0 0 0 0 0 0 0 0 45 65 74 79 82 91 93 93 93 93 93 94 93 87 78 74 67 54 45 0 0 0 0 0 0 0 0 0 0 0 42 42 42 42 0 0 0 0 0 0 0 0 0 0 0 0 0 0 0 0 0 0 0 44 52 68 78 84 97 106 108 108 107 107 107 106 106 106 105 105 105 104 104 104 103 103 102 101 100 100 100 101 102 103 106 101 101 100 97 78 0 0 0 0 0 0 0 0 0 0 0 0 0 0 63 69 66 74 
63 61 65 65 65 65 65 65 66 67 67 68 69 69 69 70 70 70 71 72 72 72 73 74 74 75 76 76 75 75 72 71 70 67 60 0 0 0 0 0 0 0 0 0 0 0 0 0 0 0 0 0 0 0 0 0 0 0 0 0 0 0 0 0 0 0 0 0 46 65 74 79 82 91 93 93 93 93 94 94 94 88 79 75 68 56 46 0 0 0 0 0 0 0 0 0 0 41 44 44 44 44 0 0 0 0 0 0 0 0 0 0 0 0 0 0 0 0 0 0 0 44 52 67 78 84 97 106 108 107 107 107 107 106 106 106 105 105 104 104 104 104 104 103 102 101 101 100 100 101 102 103 106 102 101 101 98 79 0 0 0 0 0 0 0 0 0 0 0 0 0 0 64 70 65 81 
67 70 64 65 65 65 65 65 66 66 67 67 68 68 68 69 70 70 71 72 73 73 73 74 74 75 76 76 76 76 73 72 70 67 60 0 0 0 0 0 0 0 0 0 0 0 0 0 0 0 0 0 0 0 0 0 0 0 0 0 0 0 0 0 0 0 0 0 47 66 75 79 82 91 93 93 93 93 94 94 94 88 79 75 68 57 47 0 0 0 0 0 0 0 0 0 0 46 48 47 47 47 49 0 0 0 0 0 0 0 0 0 0 0 0 0 0 0 0 0 0 44 51 67 77 83 96 106 108 107 107 107 107 106 106 105 105 105 105 104 104 104 104 103 102 102 101 101 101 101 102 103 106 102 102 102 99 81 0 0 0 0 0 0 0 0 0 0 0 0 0 0 66 71 63 72 
59 66 64 65 65 65 65 66 66 67 67 68 68 68 68 69 70 71 71 72 73 73 74 74 74 75 75 76 76 76 73 71 70 67 60 0 0 0 0 0 0 0 0 0 0 0 0 0 0 0 0 0 0 0 0 0 0 0 0 0 0 0 0 0 0 0 0 0 47 66 75 79 82 91 93 93 93 94 94 95 94 89 80 76 70 58 49 0 0 0 0 0 0 0 0 0 0 44 49 48 49 49 52 0 0 0 0 0 0 0 0 0 0 0 0 0 0 0 0 0 0 43 51 67 77 83 96 105 107 107 107 107 107 106 106 105 105 105 105 105 105 104 104 102 102 101 101 100 101 101 102 103 106 102 102 102 99 82 0 0 0 0 0 0 0 0 0 0 0 0 0 0 65 71 69 77 
61 65 64 65 65 65 65 65 66 66 67 68 68 68 69 69 70 70 71 72 72 72 73 73 74 75 75 76 77 76 73 72 70 66 59 0 0 0 0 0 0 0 0 0 0 0 0 0 0 0 0 0 0 0 0 0 0 0 0 0 0 0 0 0 0 0 0 0 46 65 75 79 82 91 93 93 93 94 95 95 95 90 81 78 71 60 52 0 0 0 0 0 0 0 0 0 0 44 55 55 56 56 61 53 0 0 0 0 0 0 0 0 0 0 0 0 0 0 0 0 0 44 51 67 77 83 96 105 107 107 107 107 107 106 105 104 104 104 104 105 104 104 103 102 101 101 101 100 100 101 101 102 106 102 102 102 99 83 0 0 0 0 0 0 0 0 0 0 0 0 0 0 65 70 65 76 
61 67 64 65 65 65 65 65 66 66 67 68 68 68 69 69 70 70 71 72 72 73 73 74 74 75 76 76 77 76 73 72 70 67 60 0 0 0 0 0 0 0 0 0 0 0 0 0 0 0 0 0 0 0 0 0 0 0 0 0 0 0 0 0 0 0 0 0 48 66 76 80 83 92 94 94 94 95 95 96 96 91 82 79 73 61 53 0 0 0 0 0 0 0 0 0 0 42 59 60 61 61 64 58 0 0 0 0 0 0 0 0 0 0 0 0 0 0 0 0 0 45 51 67 77 83 95 105 107 107 107 107 107 106 105 104 104 104 104 105 104 104 103 102 101 101 101 100 101 101 101 102 105 102 99 98 95 78 0 0 0 0 0 0 0 0 0 0 0 0 0 0 64 70 61 76 
64 61 64 65 65 65 65 66 66 67 67 68 68 68 69 69 70 70 71 72 72 72 73 74 74 74 75 76 76 76 73 72 70 67 60 0 0 0 0 0 0 0 0 0 0 0 0 0 0 0 0 0 0 0 0 0 0 0 0 0 0 0 0 0 0 0 0 0 48 66 76 81 83 92 94 94 94 95 96 96 96 91 83 79 73 62 55 0 0 0 0 0 0 0 0 0 0 44 63 68 66 64 66 61 45 0 0 0 0 0 0 0 0 0 0 0 0 0 0 0 0 47 52 67 77 83 95 105 107 107 107 107 107 106 105 105 104 104 104 104 104 103 102 101 101 101 100 100 100 100 100 101 105 101 99 98 94 78 0 0 0 0 0 0 0 0 0 0 0 0 0 0 63 69 66 79 
63 63 65 64 64 65 65 66 67 67 67 68 68 69 69 69 70 71 71 72 72 72 72 73 74 74 75 76 76 76 73 72 70 67 60 0 0 0 0 0 0 0 0 0 0 0 0 0 0 0 0 0 0 0 0 0 0 0 0 0 0 0 0 0 0 0 0 0 47 66 75 81 83 92 95 95 95 96 96 96 97 92 84 80 75 64 56 0 0 0 0 0 0 0 0 0 37 37 56 73 70 68 70 69 46 0 0 0 0 0 0 0 0 0 0 0 0 0 0 0 0 48 54 69 78 84 96 105 107 107 107 107 107 106 105 104 104 104 104 104 104 103 102 101 101 101 100 100 100 99 100 101 104 101 99 98 94 79 0 0 0 0 0 0 0 0 0 0 0 0 0 0 64 69 64 79 
67 65 64 64 64 64 64 65 65 66 67 67 68 69 69 69 70 71 71 71 71 72 72 73 74 74 75 75 76 76 73 71 70 67 59 0 0 0 0 0 0 0 0 0 0 0 0 0 0 0 0 0 0 0 0 0 0 0 0 0 0 0 0 37 37 0 0 0 48 66 75 81 84 93 96 96 95 96 96 96 96 92 84 79 73 63 55 0 0 0 0 0 0 0 0 0 0 0 58 88 91 90 87 95 80 59 0 0 0 0 0 0 0 0 0 0 0 0 0 0 0 48 54 68 78 84 96 105 107 107 107 106 106 106 105 104 104 104 103 104 103 103 102 101 101 101 100 99 99 99 99 101 104 101 98 97 94 78 0 0 0 0 0 0 0 0 0 0 0 0 0 61 64 69 67 75 
68 69 65 65 65 65 64 65 66 66 66 67 68 68 68 69 70 70 71 71 71 72 72 73 74 74 75 75 75 75 72 71 70 67 60 0 0 0 0 0 0 0 0 0 0 0 0 0 0 0 0 0 0 0 0 0 0 0 0 0 0 0 0 37 37 37 0 0 49 66 75 81 85 94 97 97 96 96 96 96 96 92 84 81 76 68 65 0 0 0 0 0 0 0 0 0 0 38 51 122 119 147 148 169 146 166 0 0 0 0 0 0 0 0 0 0 0 0 0 0 0 55 58 70 79 85 96 105 107 107 107 107 106 106 105 104 104 104 103 103 103 103 102 101 101 100 100 99 99 99 99 101 104 100 96 94 90 74 0 0 0 0 0 0 0 0 0 0 0 0 0 60 64 68 70 76 
57 67 65 65 64 65 64 65 65 66 65 67 67 68 68 70 70 70 71 71 71 72 72 73 74 74 74 75 75 75 72 72 70 67 59 0 0 0 0 0 0 0 0 0 0 0 0 0 0 0 0 0 0 0 0 0 0 0 0 0 0 0 0 37 37 37 0 0 48 65 74 80 85 95 98 99 98 97 96 96 96 92 87 89 84 80 84 95 0 0 0 0 0 0 0 0 0 39 52 194 181 200 217 242 168 181 125 0 0 0 0 0 0 0 0 0 0 0 0 0 0 70 67 76 84 88 97 105 107 107 106 106 106 105 105 104 103 103 103 103 103 103 102 101 101 100 99 99 98 98 98 100 103 100 98 97 93 78 0 0 0 0 0 0 0 0 0 0 0 0 0 60 64 68 69 79 
66 68 65 65 65 65 64 64 65 65 65 67 68 68 68 69 69 70 71 71 72 73 73 73 74 74 74 75 75 75 73 72 71 68 60 0 0 0 0 0 0 0 0 0 0 0 0 0 0 0 0 0 0 0 0 0 0 0 0 0 0 37 37 37 37 37 0 0 48 65 74 81 87 98 101 102 101 98 96 96 96 92 89 92 86 83 87 91 0 0 0 0 0 0 0 0 0 39 52 236 227 251 269 289 190 194 128 45 0 0 0 0 0 0 0 0 0 0 0 0 0 82 75 81 87 90 97 105 107 107 106 106 106 105 105 104 104 104 103 103 103 102 101 101 100 100 99 99 98 98 98 99 102 99 96 95 92 77 0 0 0 0 0 0 0 0 0 0 0 0 0 60 63 67 69 76 
65 64 65 65 65 65 64 65 65 66 65 67 67 68 68 69 69 70 70 71 72 73 73 73 74 74 74 75 75 75 72 72 70 68 61 0 0 0 0 0 0 0 0 0 0 0 0 0 0 0 0 0 0 0 0 0 0 0 0 0 0 0 0 37 37 0 0 0 48 65 74 81 88 100 103 103 102 99 96 96 96 91 89 90 84 81 84 84 0 0 0 0 0 0 0 0 0 0 55 257 263 315 313 323 232 221 104 46 45 0 0 0 0 0 0 0 0 0 0 0 89 82 75 81 87 91 96 105 107 107 106 106 106 105 105 104 104 104 103 103 103 102 101 100 99 98 98 97 97 97 98 99 101 98 95 94 91 76 0 0 0 0 0 0 0 0 0 0 0 0 59 60 63 67 65 82 
63 68 65 65 65 65 65 66 66 66 66 67 67 67 68 69 69 69 70 71 72 72 73 73 74 74 74 75 75 76 73 72 70 68 60 0 0 0 0 0 0 0 0 0 0 0 0 0 0 0 0 0 0 0 0 0 0 0 0 0 0 0 0 0 0 0 0 0 47 65 74 81 88 100 103 103 102 98 96 96 96 92 89 90 83 80 83 82 0 0 0 0 0 0 0 0 0 0 56 265 258 317 314 297 202 201 96 45 44 0 0 0 0 0 0 0 0 0 0 0 89 81 75 81 86 90 96 105 107 107 106 106 106 105 104 103 103 103 102 101 100 99 97 96 95 94 94 93 94 94 95 95 97 94 91 90 86 72 0 0 0 0 0 0 0 0 0 0 0 0 59 61 63 66 70 76 
59 70 64 65 65 65 65 66 66 66 66 67 67 68 68 69 69 69 70 71 72 73 73 73 73 73 74 74 75 75 73 72 70 68 61 0 0 0 0 0 0 0 0 0 0 0 0 0 0 0 0 0 0 0 0 0 0 0 0 0 0 0 0 0 0 0 0 0 47 65 74 80 88 99 102 103 102 98 96 96 96 91 88 88 81 77 79 80 0 0 0 0 0 0 0 0 0 0 59 279 250 279 264 250 166 165 93 46 44 0 0 0 0 0 0 0 0 0 0 0 0 80 74 80 86 89 96 105 107 107 106 106 106 105 104 103 101 99 97 94 91 90 90 90 91 93 92 90 89 87 87 86 88 86 86 86 85 74 0 0 0 0 0 0 0 0 0 0 0 0 60 61 63 66 68 75 
60 62 64 65 65 65 65 66 66 67 67 67 68 68 68 68 68 69 70 71 72 73 73 73 73 74 74 74 75 75 72 72 70 68 60 0 0 0 0 0 0 0 0 0 0 0 0 0 0 0 0 0 0 0 0 0 0 0 0 0 0 0 0 37 37 0 0 0 47 65 74 80 87 98 101 101 100 97 96 96 96 91 85 78 72 64 61 56 0 0 0 0 0 0 0 0 0 0 0 207 178 223 191 183 147 148 72 47 44 0 0 0 0 0 0 0 0 0 0 0 0 68 65 74 81 86 95 104 107 107 107 107 106 105 102 99 97 95 92 90 88 87 87 87 88 90 90 88 86 85 84 83 84 83 83 83 82 0 0 0 0 0 0 0 0 0 0 0 0 0 60 62 63 66 66 74 
63 61 64 65 65 65 66 66 66 67 67 67 67 67 67 68 68 69 71 71 72 73 73 73 73 73 74 74 74 75 72 71 70 68 59 0 0 0 0 0 0 0 0 0 0 0 0 0 0 0 0 0 0 0 0 0 0 0 0 0 0 0 0 37 37 0 0 0 46 64 73 78 84 94 97 97 97 96 95 95 96 91 83 74 68 57 50 0 0 0 0 0 0 0 0 0 0 0 0 0 124 189 153 148 138 137 56 46 0 0 0 0 0 0 0 0 0 0 0 0 0 51 54 67 76 83 94 104 107 107 106 106 106 103 98 95 92 87 83 80 77 75 76 75 77 80 82 81 81 80 79 77 80 79 79 79 79 0 0 0 0 0 0 0 0 0 0 0 0 58 60 62 64 66 64 77 
63 63 63 64 65 65 66 66 66 66 67 67 67 67 67 68 69 69 71 71 72 73 73 74 74 73 74 74 74 75 73 72 71 68 60 0 0 0 0 0 0 0 0 0 0 0 0 0 0 0 0 0 0 0 0 0 0 0 0 0 0 0 0 37 37 37 0 0 47 64 73 78 82 93 95 96 96 95 95 95 95 91 82 75 69 57 49 0 0 0 0 0 0 0 0 0 0 0 0 0 75 107 96 92 92 94 66 0 0 0 0 0 0 0 0 0 0 0 0 0 0 44 51 66 76 82 94 104 106 106 106 106 104 102 97 93 87 80 76 74 72 72 72 70 70 71 70 68 68 66 64 63 65 66 66 68 0 0 0 0 0 0 0 0 0 0 0 0 0 58 60 62 63 66 72 78 
61 61 63 64 64 65 65 66 65 66 67 67 67 67 68 68 68 69 70 71 72 73 73 74 74 74 74 74 74 75 72 72 71 69 62 0 0 0 0 0 0 0 0 0 0 0 0 0 0 0 0 0 0 0 0 0 0 0 0 0 0 0 0 37 37 37 0 0 46 64 72 77 81 92 95 95 95 95 95 95 95 90 82 76 70 58 50 0 0 0 0 0 0 0 0 0 0 0 0 0 0 97 93 89 89 92 78 0 0 0 0 0 0 0 0 0 0 0 0 0 0 44 50 66 76 82 94 104 106 106 106 105 103 101 95 88 81 74 72 72 74 74 74 71 70 67 60 56 60 61 61 62 62 63 63 64 0 0 0 0 0 0 0 0 0 0 0 0 0 58 60 62 63 66 69 73 
60 63 63 65 65 65 65 66 65 66 66 67 67 67 67 68 69 69 70 71 72 73 73 74 74 74 74 74 74 75 72 72 71 69 63 0 0 0 0 0 0 0 0 0 0 0 0 0 0 0 0 0 0 0 0 0 0 0 0 0 0 0 0 37 37 0 0 0 44 63 72 77 80 91 94 95 95 95 95 95 95 90 81 76 69 57 49 0 0 0 0 0 0 0 0 0 0 0 0 0 0 86 89 81 81 84 78 0 0 0 0 0 0 0 0 0 0 0 0 0 0 44 50 65 75 81 94 104 105 105 105 104 100 98 91 83 77 74 76 80 84 84 82 78 75 68 63 66 73 74 75 75 74 74 72 0 0 0 0 0 0 0 0 0 0 0 0 0 0 58 60 62 64 66 68 80 
62 65 63 64 64 65 65 66 66 66 66 66 67 67 67 68 68 69 70 71 71 72 73 73 74 74 74 74 74 74 72 72 71 70 64 0 0 0 0 0 0 0 0 0 0 0 0 0 0 0 0 0 0 0 0 0 0 0 0 0 0 0 0 0 0 0 0 0 44 62 71 77 80 90 94 94 95 95 95 95 95 89 80 76 70 58 51 0 0 0 0 0 0 0 0 0 0 0 0 0 0 0 83 74 74 74 74 0 0 0 0 0 0 0 0 0 0 0 0 0 0 43 50 65 75 81 94 103 105 105 105 103 99 96 89 83 78 79 81 86 87 85 82 78 74 67 67 72 77 79 81 80 79 79 78 75 0 0 0 0 0 0 0 0 0 0 0 0 0 59 60 62 64 66 67 76 
65 68 63 64 64 64 65 66 66 66 66 66 67 67 67 68 69 69 70 70 71 72 72 73 74 74 74 74 75 75 73 73 72 71 66 0 0 0 0 0 0 0 0 0 0 0 0 0 0 0 0 0 0 0 0 0 0 0 0 0 0 0 0 0 0 0 0 0 44 62 71 77 80 90 93 94 95 96 96 95 94 88 79 75 69 57 50 0 0 0 0 0 0 0 0 0 0 0 0 0 0 0 74 65 65 65 66 49 0 0 0 0 0 0 0 0 0 0 0 0 0 43 49 65 75 81 94 103 105 104 104 102 98 94 88 82 80 85 89 93 94 92 89 84 77 70 72 77 81 83 83 82 81 81 79 76 0 0 0 0 0 0 0 0 0 0 0 0 0 61 61 62 64 67 73 73 
63 65 63 64 64 64 64 65 65 66 66 67 67 67 68 68 68 69 69 69 71 71 72 73 74 74 74 75 75 75 73 73 72 70 64 0 0 0 0 0 0 0 0 0 0 0 0 0 0 0 0 0 0 0 0 0 0 0 0 0 0 0 0 0 0 0 0 0 42 61 71 76 79 90 93 94 94 95 95 95 94 88 79 75 68 57 49 0 0 0 0 0 0 0 0 0 0 0 0 0 0 0 67 57 57 57 58 47 0 0 0 0 0 0 0 0 0 0 0 0 0 43 49 65 75 81 93 103 104 104 104 100 97 91 85 80 83 88 93 96 97 93 90 84 77 73 77 81 85 87 89 88 88 87 86 80 0 0 0 0 0 0 0 0 0 0 0 0 0 61 61 62 65 67 69 77 
67 62 63 64 64 64 64 65 65 65 66 66 67 68 68 69 69 69 70 70 71 71 72 72 73 73 74 74 75 76 74 73 73 71 65 0 0 0 0 0 0 0 0 0 0 0 0 0 0 0 0 0 0 0 0 0 0 0 0 0 0 0 0 0 0 0 0 0 43 61 71 76 79 89 92 93 94 94 94 94 93 87 77 73 67 55 47 0 0 0 0 0 0 0 0 0 0 0 0 0 0 0 0 55 55 55 55 50 0 0 0 0 0 0 0 0 0 0 0 0 0 43 49 64 74 81 93 102 104 104 103 99 97 87 81 80 83 88 94 98 96 93 90 83 77 76 82 84 88 91 92 90 90 89 87 80 0 0 0 0 0 0 0 0 0 0 0 0 0 60 61 62 65 67 76 77 
60 66 63 63 64 64 65 66 65 65 66 67 67 68 68 68 68 67 68 69 70 70 71 72 73 73 74 74 75 76 74 73 73 71 66 0 0 0 0 0 0 0 0 0 0 0 0 0 0 0 0 0 0 0 0 0 0 0 0 0 0 0 0 0 0 0 0 0 42 61 70 76 79 89 92 93 93 94 94 94 92 86 77 73 66 54 45 0 0 0 0 0 0 0 0 0 0 0 0 0 0 0 0 51 51 51 51 0 0 0 0 0 0 0 0 0 0 0 0 0 0 43 49 64 74 80 92 102 103 103 102 98 97 88 82 80 84 88 94 97 94 91 86 78 74 77 83 86 90 92 93 90 90 89 87 82 0 0 0 0 0 0 0 0 0 0 0 0 0 61 61 62 64 67 72 81 
67 66 64 64 64 65 65 65 65 65 66 66 67 67 67 66 66 65 65 66 68 69 71 72 73 73 74 74 75 76 74 74 74 71 66 0 0 0 0 0 0 0 0 0 0 0 0 0 0 0 0 0 0 0 0 0 0 0 0 0 0 0 0 0 0 0 0 0 41 60 70 75 78 88 91 92 92 93 93 92 92 86 76 72 65 53 45 0 0 0 0 0 0 0 0 0 0 0 0 0 0 0 0 0 0 0 0 0 0 0 0 0 0 0 0 0 0 0 0 0 0 43 48 64 73 80 91 101 102 102 101 97 94 85 79 77 80 84 90 92 89 88 82 75 73 78 80 84 88 89 89 87 87 86 85 78 0 0 0 0 0 0 0 0 0 0 0 0 0 61 61 62 64 67 67 75 
65 65 64 64 65 65 65 66 65 65 66 66 67 67 66 64 64 63 62 65 67 68 70 72 73 73 73 74 75 76 74 74 74 71 65 0 0 0 0 0 0 0 0 0 0 0 0 0 0 0 0 0 0 0 0 0 0 0 0 0 0 0 0 0 0 0 0 0 40 59 69 75 78 88 91 91 91 92 92 91 91 85 75 71 64 52 43 0 0 0 0 0 0 0 0 0 0 0 0 0 0 0 0 0 0 0 0 0 0 0 0 0 0 0 0 0 0 0 0 0 0 43 49 65 75 81 91 100 100 98 96 91 87 81 76 75 79 84 88 91 87 86 79 72 71 74 77 81 83 83 84 82 81 81 81 77 0 0 0 0 0 0 0 0 0 0 0 0 0 58 60 62 64 66 69 76 
68 65 64 64 65 65 65 65 65 65 66 66 67 66 64 62 62 61 60 63 66 68 70 73 73 72 73 73 74 75 74 73 73 71 65 0 0 0 0 0 0 0 0 0 0 0 0 0 0 0 0 0 0 0 0 0 0 0 0 0 0 0 0 0 0 0 0 0 40 59 69 74 78 88 90 90 90 90 90 91 91 85 74 70 63 51 42 0 0 0 0 0 0 0 0 0 0 0 0 0 0 0 0 0 0 0 0 0 0 0 0 0 0 0 0 0 0 0 0 0 0 0 49 66 76 82 89 96 96 94 91 87 85 80 75 73 76 81 85 88 85 85 76 70 69 72 74 79 81 80 82 80 79 80 80 76 0 0 0 0 0 0 0 0 0 0 0 0 0 59 60 62 63 66 63 78 
65 64 65 64 64 65 65 65 66 66 66 66 66 65 63 61 60 58 56 61 64 66 70 73 73 73 73 73 74 75 73 73 73 70 64 0 0 0 0 0 0 0 0 0 0 0 0 0 0 0 0 0 0 0 0 0 0 0 0 0 0 0 0 0 0 0 0 0 38 60 70 76 79 88 90 90 89 89 89 90 90 84 74 70 63 50 41 0 0 0 0 0 0 0 0 0 0 0 0 0 0 0 0 0 0 0 0 0 0 0 0 0 0 0 0 0 0 0 0 0 0 0 48 65 75 81 86 93 93 90 86 84 81 79 74 71 73 79 81 83 81 80 70 66 66 68 70 76 76 75 78 77 76 78 79 0 0 0 0 0 0 0 0 0 0 0 0 0 0 60 60 62 64 67 73 75 
61 69 65 64 65 65 65 65 66 66 66 66 66 65 63 61 61 59 57 61 65 67 70 73 74 73 74 74 75 75 74 73 72 70 64 0 0 0 0 0 0 0 0 0 0 0 0 0 0 0 0 0 0 0 0 0 0 0 0 0 0 0 0 0 0 0 0 0 0 62 72 78 80 87 89 89 88 88 89 89 89 84 74 69 62 49 41 0 0 0 0 0 0 0 0 0 0 0 0 0 0 0 0 0 0 0 0 0 0 0 0 0 0 0 0 0 0 0 0 0 0 0 50 68 77 81 85 91 90 86 81 79 75 73 68 64 64 70 71 72 73 0 0 61 62 61 62 66 66 65 69 70 69 72 74 0 0 0 0 0 0 0 0 0 0 0 0 0 0 59 60 62 64 67 70 80 
68 65 64 64 64 65 65 65 66 66 66 66 66 66 64 63 63 62 61 65 67 68 70 73 73 73 74 74 75 75 73 72 71 68 62 0 0 0 0 0 0 0 0 0 0 0 0 0 0 0 0 0 0 0 0 0 0 0 0 0 0 0 0 0 0 0 0 0 0 65 75 80 82 87 89 88 88 88 88 90 90 84 73 69 61 48 39 0 0 0 0 0 0 0 0 0 0 0 0 0 0 0 0 0 0 0 0 0 0 0 0 0 0 0 0 0 0 0 0 0 0 0 50 68 78 80 83 89 86 78 71 65 63 0 0 0 0 0 0 0 0 0 0 0 0 0 0 0 0 0 0 60 60 0 0 0 0 0 0 0 0 0 0 0 0 0 0 0 0 59 60 62 64 67 73 75 
65 65 64 64 64 65 65 65 66 67 67 66 67 66 65 64 65 64 64 67 69 69 71 73 73 73 73 74 74 74 72 71 70 67 61 0 0 0 0 0 0 0 0 0 0 0 0 0 0 0 0 0 0 0 0 0 0 0 0 0 0 0 0 0 0 0 0 0 0 70 78 82 83 87 89 88 87 88 89 90 90 83 73 68 61 48 39 0 0 0 0 0 0 0 0 0 0 0 0 0 0 0 0 0 0 0 0 0 0 0 0 0 0 0 0 0 0 0 0 0 0 0 51 69 78 79 80 85 82 72 56 0 0 0 0 0 0 0 0 0 0 0 0 0 0 0 0 0 0 0 0 0 0 0 0 0 0 0 0 0 0 0 0 0 0 0 0 0 0 59 61 63 64 67 67 79 
63 63 64 64 64 65 65 65 66 66 66 66 67 66 66 66 67 66 66 68 69 70 71 72 73 73 73 74 74 74 72 72 70 68 62 0 0 0 0 0 0 0 0 0 0 0 0 0 0 0 0 0 0 0 0 0 0 0 0 0 0 0 0 0 0 0 0 0 0 76 82 85 86 87 89 89 88 88 89 89 89 83 73 68 60 46 39 0 0 0 0 0 0 0 0 0 0 0 0 0 0 0 0 0 0 0 0 0 0 0 0 0 0 0 0 0 0 0 0 0 0 0 53 70 79 79 79 85 82 71 0 0 0 0 0 0 0 0 0 0 0 0 0 0 0 0 0 0 0 0 0 0 0 0 0 0 0 0 0 0 0 0 0 0 0 0 0 0 0 59 61 62 64 67 73 73 
61 61 63 64 64 65 65 65 66 66 66 66 67 66 67 67 68 68 68 69 70 71 71 72 72 72 73 74 74 74 72 71 70 68 62 0 0 0 0 0 0 0 0 0 0 0 0 0 0 0 0 0 0 0 0 0 0 0 0 0 0 0 0 0 0 0 0 0 0 74 81 84 85 86 88 89 88 89 89 90 89 82 72 67 60 46 39 0 0 0 0 0 0 0 0 0 0 0 0 0 0 0 0 0 0 0 0 0 0 0 0 0 0 0 0 0 0 0 0 0 0 0 56 72 81 82 81 86 84 75 64 0 0 0 0 0 0 0 0 0 0 0 0 0 0 0 0 0 0 0 0 0 0 0 0 0 0 0 0 0 0 0 0 0 0 0 0 0 0 59 61 63 65 67 66 75 
64 66 62 63 63 64 64 64 64 65 65 65 66 66 66 67 67 68 69 70 70 71 71 71 71 72 72 73 74 74 71 71 70 67 61 0 0 0 0 0 0 0 0 0 0 0 0 0 0 0 0 0 0 0 0 0 0 0 0 0 0 0 0 0 0 0 0 0 0 74 81 83 85 86 88 89 89 89 89 90 89 82 72 67 59 46 38 0 0 0 0 0 0 0 0 0 0 0 0 0 0 0 0 0 0 0 0 0 0 0 0 0 0 0 0 0 0 0 0 0 0 0 57 72 81 83 83 87 84 78 71 0 0 0 0 0 0 0 0 0 0 0 0 0 0 0 0 0 0 0 0 0 0 0 0 0 0 0 0 0 0 0 0 0 0 0 0 0 0 60 62 62 64 67 72 76 
58 0 62 63 63 63 64 64 64 64 65 65 66 66 66 65 65 65 65 66 67 68 69 69 69 70 71 71 72 73 71 70 70 68 62 0 0 0 0 0 0 0 0 0 0 0 0 0 0 0 0 0 0 0 0 0 0 0 0 0 0 0 0 0 0 0 0 0 0 74 80 83 84 85 88 88 89 89 89 89 89 81 72 68 60 46 38 0 0 0 0 0 0 0 0 0 0 0 0 0 0 0 0 0 0 0 0 0 0 0 0 0 0 0 0 0 0 0 0 0 0 0 62 76 84 86 84 88 86 81 74 72 63 59 57 58 58 59 58 54 53 0 0 0 0 0 0 0 0 0 0 0 0 0 0 0 0 0 0 0 0 0 0 0 0 0 0 0 0 61 62 63 65 68 73 78 
0 0 62 63 62 63 63 63 63 63 64 64 66 65 65 65 64 64 64 65 66 67 68 69 69 70 69 70 70 70 67 67 66 65 59 0 0 0 0 0 0 0 0 0 0 0 0 0 0 0 0 0 0 0 0 0 0 0 0 0 0 0 0 0 0 0 0 0 0 73 80 83 84 85 87 88 88 88 88 89 88 80 73 69 61 47 0 0 0 0 0 0 0 0 0 0 0 0 0 0 0 0 0 0 0 0 0 0 0 0 0 0 0 0 0 0 0 0 0 0 0 0 63 77 84 87 87 92 90 87 83 81 76 74 73 73 71 72 71 68 66 65 63 0 0 0 0 0 0 0 0 0 0 0 0 0 0 0 0 0 0 0 0 0 0 0 0 0 0 61 62 63 65 68 67 74 
0 0 60 61 61 62 63 63 63 63 63 64 66 65 65 64 63 62 63 64 65 66 67 68 68 69 68 69 69 69 66 66 65 64 58 0 0 0 0 0 0 0 0 0 0 0 0 0 0 0 0 0 0 0 0 0 0 0 0 0 0 0 0 0 0 0 0 0 0 71 77 80 81 82 84 85 85 85 86 86 85 78 73 69 61 47 0 0 0 0 0 0 0 0 0 0 0 0 0 0 0 0 0 0 0 0 0 0 0 0 0 0 0 0 0 0 0 0 0 0 0 0 62 76 82 86 87 91 90 88 85 82 78 77 75 74 72 72 70 68 66 65 63 61 0 0 0 0 0 0 0 0 0 0 0 0 0 0 0 0 0 0 0 0 0 0 0 0 0 62 62 63 65 69 83 76 
0 0 0 0 0 0 0 59 59 61 61 62 64 63 63 62 62 61 61 62 64 64 66 66 66 67 66 67 67 67 64 65 64 63 0 0 0 0 0 0 0 0 0 0 0 0 0 0 0 0 0 0 0 0 0 0 0 0 0 0 0 0 0 0 0 0 0 0 0 70 77 76 78 77 80 78 78 77 77 76 76 70 67 65 58 46 0 0 0 0 0 0 0 0 0 0 0 0 0 0 0 0 0 0 0 0 0 0 0 0 0 0 0 0 0 0 0 0 0 0 0 0 59 70 75 78 79 84 82 80 77 74 70 68 68 69 69 70 70 68 66 65 63 61 0 0 0 0 0 0 0 0 0 0 0 0 0 0 0 0 0 0 0 0 0 0 0 0 60 62 63 64 66 69 73 81 
0 0 0 0 0 0 0 0 0 0 0 0 0 0 0 0 56 55 55 56 57 58 59 61 61 63 61 62 62 62 60 61 61 60 0 0 0 0 0 0 0 0 0 0 0 0 0 0 0 0 0 0 0 0 0 0 0 0 0 0 0 0 0 0 0 0 0 0 0 0 76 75 77 75 77 75 75 74 74 73 73 68 66 65 59 47 0 0 0 0 0 0 0 0 0 0 0 0 0 0 0 0 0 0 0 0 0 0 0 0 0 0 0 0 0 0 0 0 0 0 0 0 57 69 73 75 77 82 81 79 77 74 70 68 68 69 69 70 70 68 66 65 63 61 0 0 0 0 0 0 0 0 0 0 0 0 0 0 0 0 0 0 0 0 0 0 0 0 62 63 64 64 66 70 71 82 
0 0 0 0 0 0 0 0 0 0 0 0 0 0 0 0 0 0 0 0 0 0 0 0 0 0 0 0 0 0 52 0 0 0 0 0 0 0 0 0 0 0 0 0 0 0 0 0 0 0 0 0 0 0 0 0 0 0 0 0 0 0 0 0 0 0 0 0 0 0 74 71 73 72 74 71 71 69 70 68 69 64 63 61 56 0 0 0 0 0 0 0 0 0 0 0 0 0 0 0 0 0 0 0 0 0 0 0 0 0 0 0 0 0 0 0 0 0 0 0 0 0 0 66 70 72 73 77 77 77 76 74 72 71 71 73 74 76 77 75 71 70 68 66 0 0 0 0 0 0 0 0 0 0 0 0 0 0 0 0 0 0 0 0 0 0 0 0 63 63 64 65 66 69 72 73 
0 0 0 0 0 0 0 0 0 0 0 0 0 0 0 0 0 0 0 0 0 0 0 0 0 0 0 0 0 0 0 0 0 0 0 0 0 0 0 0 0 0 0 0 0 0 0 0 0 0 0 0 0 0 0 0 0 0 0 0 0 0 0 0 0 0 0 0 0 0 0 63 66 63 65 61 62 60 60 59 60 56 55 54 51 0 0 0 0 0 0 0 0 0 0 0 0 0 0 0 0 0 0 0 0 0 0 0 0 0 0 0 0 0 0 0 0 0 0 0 0 0 0 60 62 64 65 69 68 68 66 65 64 63 64 65 66 68 70 69 66 65 0 0 0 0 53 53 53 53 0 0 0 0 0 0 0 0 0 0 0 0 0 0 0 0 0 0 66 64 65 65 67 69 75 76 
0 0 0 0 0 0 0 0 0 0 0 0 0 0 0 0 0 0 0 0 0 0 0 0 0 0 0 0 0 0 0 0 0 0 0 0 0 0 0 0 0 0 0 0 0 0 0 0 0 0 0 0 0 0 0 0 0 0 0 0 0 0 0 0 0 0 0 0 0 0 0 0 0 0 0 0 0 39 39 40 41 41 41 0 0 0 0 0 0 0 0 0 0 0 0 0 0 0 0 0 0 0 0 0 0 0 0 0 0 0 0 0 0 0 0 0 0 0 0 0 0 0 0 0 0 48 49 50 48 47 46 45 44 44 44 0 0 0 0 0 0 0 0 0 0 0 54 54 54 54 56 0 0 0 0 0 0 0 0 0 0 0 0 0 0 0 0 0 67 64 66 66 67 69 69 76 
0 0 0 0 0 0 0 0 0 0 0 0 0 0 0 0 0 0 0 0 0 0 0 0 0 0 0 0 0 0 0 0 0 0 0 0 0 0 0 0 0 0 0 0 0 0 0 0 0 0 0 0 0 0 0 0 0 0 0 0 0 0 0 0 0 0 0 0 0 0 0 0 0 0 0 0 0 0 0 0 0 0 0 0 0 0 0 0 0 0 0 0 0 0 0 0 0 0 0 0 0 0 0 0 0 0 0 0 0 0 0 0 0 0 0 0 0 0 0 0 0 0 0 0 0 0 0 0 0 0 0 0 0 0 0 0 0 0 0 0 0 0 0 0 0 0 53 53 53 53 56 0 0 0 0 0 0 0 0 0 0 0 0 0 0 0 0 0 68 64 65 65 66 68 77 80 
0 0 0 0 0 0 0 0 0 0 0 0 0 0 0 0 0 0 0 0 0 0 0 0 0 0 0 0 0 0 0 0 0 0 0 0 0 0 0 0 0 0 0 0 0 0 0 0 0 0 0 0 0 0 0 0 0 0 0 0 0 0 0 0 0 0 0 0 0 0 0 0 0 0 0 0 0 0 0 0 0 0 0 0 0 0 0 0 0 0 0 0 0 0 0 0 0 0 0 0 0 0 0 0 0 0 0 0 0 0 0 0 0 0 0 0 0 0 0 0 0 0 0 0 0 0 0 0 0 0 0 0 0 0 0 0 0 0 0 0 0 0 0 0 0 0 53 53 53 53 0 0 0 0 0 0 0 0 0 0 0 0 0 0 0 0 0 0 0 64 64 65 66 68 71 73 
0 0 0 0 0 0 0 0 0 0 0 0 0 0 0 0 0 0 0 0 0 0 0 0 0 0 0 0 0 0 0 0 0 0 0 0 0 0 0 0 0 0 0 0 0 0 0 0 0 0 0 0 0 0 0 0 0 0 0 0 0 0 0 0 0 0 0 0 0 0 0 0 0 0 0 0 0 0 0 0 0 0 0 0 0 0 0 0 0 0 0 0 0 0 0 0 0 0 0 0 0 0 0 0 0 0 0 0 0 0 0 0 0 0 0 0 0 0 0 0 0 0 0 0 0 0 0 0 0 0 0 0 0 0 0 0 0 0 0 0 0 0 0 0 0 0 52 52 52 52 0 0 0 0 0 0 0 0 0 0 0 0 0 0 0 0 0 0 0 64 64 64 66 68 64 82 
0 0 0 0 0 0 0 0 0 0 0 0 0 0 0 0 0 0 0 0 0 0 0 0 0 0 0 0 0 0 0 0 0 0 0 0 0 0 0 0 0 0 0 0 0 0 0 0 0 0 0 0 0 0 0 0 0 0 0 0 0 0 0 0 0 0 0 0 0 0 0 0 0 0 0 0 0 0 0 0 0 0 0 0 0 0 0 0 0 0 0 0 0 0 0 0 0 0 0 0 0 0 0 0 0 0 0 0 0 0 0 0 0 0 0 0 0 0 0 0 0 0 0 0 0 0 0 0 0 0 0 0 0 0 0 0 0 0 0 0 0 0 0 0 0 0 0 0 0 0 0 0 0 0 0 0 0 0 0 0 0 0 0 0 0 0 0 0 0 63 63 64 66 68 70 76 
0 0 0 0 0 0 0 0 0 0 0 0 0 0 0 0 0 0 0 0 0 0 0 0 0 0 0 0 0 0 0 0 0 0 0 0 0 0 0 0 0 0 0 0 0 0 0 0 0 0 0 0 0 0 0 0 0 0 0 0 0 0 0 0 0 0 0 0 0 0 0 0 0 0 0 0 0 0 0 0 0 0 0 0 0 0 0 0 0 0 0 0 0 0 0 0 0 0 0 0 0 0 0 0 0 0 0 0 0 0 0 0 0 0 0 0 0 0 0 0 0 0 0 0 0 0 0 0 0 0 0 0 0 0 0 0 0 0 0 0 0 0 0 0 0 0 0 0 0 0 0 0 0 0 0 0 0 0 0 0 0 0 0 0 0 0 0 0 0 63 63 64 65 68 73 78 
0 0 0 0 0 0 0 0 0 0 0 0 0 0 0 0 0 0 0 0 0 0 0 0 0 0 0 0 0 0 0 0 0 0 0 0 0 0 0 0 0 0 0 0 0 0 0 0 0 0 0 0 0 0 0 0 0 0 0 0 0 0 0 0 0 0 0 0 0 0 0 0 0 0 0 0 0 0 0 0 0 0 0 0 0 0 0 0 0 0 0 0 0 0 0 0 0 0 0 0 0 0 0 0 0 0 0 0 0 0 0 0 0 0 0 0 0 0 0 0 0 0 0 0 0 0 0 0 0 0 0 0 0 0 0 0 0 0 0 0 0 0 0 0 0 0 0 0 0 0 0 0 0 0 0 0 0 0 0 0 0 0 0 0 0 0 0 0 0 0 62 64 66 68 70 71 
0 0 0 0 0 0 0 0 0 0 0 0 0 0 0 0 0 0 0 0 0 0 0 0 0 0 0 0 0 0 0 0 0 0 0 0 0 0 0 0 0 0 0 0 0 0 0 0 0 0 0 0 0 0 0 0 0 0 0 0 0 0 0 0 0 0 0 0 0 0 0 0 0 0 0 0 0 0 0 0 0 0 0 0 0 0 0 0 0 0 0 0 0 0 0 0 0 0 0 0 0 0 0 0 0 0 0 0 0 0 0 0 0 0 0 0 0 0 0 0 0 0 0 0 0 0 0 0 0 0 0 0 0 0 0 0 0 0 0 0 0 0 0 0 0 0 0 0 0 0 0 0 0 0 0 0 0 0 0 0 0 0 0 0 0 0 0 0 0 0 0 65 66 68 63 73 
0 0 0 0 0 0 0 0 0 0 0 0 0 0 0 0 0 0 0 0 0 0 0 0 0 0 0 0 0 0 0 0 0 0 0 0 0 0 0 0 0 0 0 0 0 0 0 0 0 0 0 0 0 0 0 0 0 0 0 0 0 0 0 0 0 0 0 0 0 0 0 0 0 0 0 0 0 0 0 0 0 0 0 0 0 0 0 0 0 0 0 0 0 0 0 0 0 0 0 0 0 0 0 0 0 0 0 0 0 0 0 0 0 0 0 0 0 0 0 0 0 0 0 0 0 0 0 0 0 0 0 0 0 0 0 0 0 0 0 0 0 0 0 0 0 0 0 0 0 0 0 0 0 0 0 0 0 0 0 0 0 0 0 0 0 0 0 0 0 0 0 0 67 68 0 67 
0 0 0 0 0 0 0 0 0 0 0 0 0 0 0 0 0 0 0 0 0 0 0 0 0 0 0 0 0 0 0 0 0 0 0 0 0 0 0 0 0 0 0 0 0 0 0 0 0 0 0 0 0 0 0 0 0 0 0 0 0 0 0 0 0 0 0 0 0 0 0 0 0 0 0 0 0 0 0 0 0 0 0 0 0 0 0 0 0 0 0 0 0 0 0 0 0 0 0 0 0 0 0 0 0 0 0 0 0 0 0 0 0 0 0 0 0 0 0 0 0 0 0 0 0 0 0 0 0 0 0 0 0 0 0 0 0 0 0 0 0 0 0 0 0 0 0 0 0 0 0 0 0 0 0 0 0 0 0 0 0 0 0 0 0 0 0 0 0 0 0 0 0 0 0 0 
0 0 0 0 0 0 0 0 0 0 0 0 0 0 0 0 0 0 0 0 0 0 0 0 0 0 0 0 0 0 0 0 0 0 0 0 0 0 0 0 0 0 0 0 0 0 0 0 0 0 0 0 0 0 0 0 0 0 0 0 0 0 0 0 0 0 0 0 0 0 0 0 0 0 0 0 0 0 0 0 0 0 0 0 0 0 0 0 0 0 0 0 0 0 0 0 0 0 0 0 0 0 0 0 0 0 0 0 0 0 0 0 0 0 0 0 0 0 0 0 0 0 0 0 0 0 0 0 0 0 0 0 0 0 0 0 0 0 0 0 0 0 0 0 0 0 0 0 0 0 0 0 0 0 0 0 0 0 0 0 0 0 0 0 0 0 0 0 0 0 0 0 0 0 0 0 
0 0 0 0 0 0 0 0 0 0 0 0 0 0 0 0 0 0 0 0 0 0 0 0 0 0 0 0 0 0 0 0 0 0 0 0 0 0 0 0 0 0 0 0 0 0 0 0 0 0 0 0 0 0 0 0 0 0 0 0 0 0 0 0 0 0 0 0 0 0 0 0 0 0 0 0 0 0 0 0 0 0 0 0 0 0 0 0 0 0 0 0 0 0 0 0 0 0 0 0 0 0 0 0 0 0 0 0 0 0 0 0 0 0 0 0 0 0 0 0 0 0 0 0 0 0 0 0 0 0 0 0 0 0 0 0 0 0 0 0 0 0 0 0 0 0 0 0 0 0 0 0 0 0 0 0 0 0 0 0 0 0 0 0 0 0 0 0 0 0 0 0 0 0 0 0 
0 0 0 0 0 0 0 0 0 0 0 0 0 0 0 0 0 0 0 0 0 0 0 0 0 0 0 0 0 0 0 0 0 0 0 0 0 0 0 0 0 0 0 0 0 0 0 0 0 0 0 0 0 0 0 0 0 0 0 0 0 0 0 0 0 0 0 0 0 0 0 0 0 0 0 0 0 0 0 0 0 0 0 0 0 0 0 0 0 0 0 0 0 0 0 0 0 0 0 0 0 0 0 0 0 0 0 0 0 0 0 0 0 0 0 0 0 0 0 0 0 0 0 0 0 0 0 0 0 0 0 0 0 0 0 0 0 0 0 0 0 0 0 0 0 0 0 0 0 0 0 0 0 0 0 0 0 0 0 0 0 0 0 0 0 0 0 0 0 0 0 0 0 0 0 0 
0 0 0 0 0 0 0 0 0 0 0 0 0 0 0 0 0 0 0 0 0 0 0 0 0 0 0 0 0 0 0 0 0 0 0 0 0 0 0 0 0 0 0 0 0 0 0 0 0 0 0 0 0 0 0 0 0 0 0 0 0 0 0 0 0 0 0 0 0 0 0 0 0 0 0 0 0 0 0 0 0 0 0 0 0 0 0 0 0 0 0 0 0 0 0 0 0 0 0 0 0 0 0 0 0 0 0 0 0 0 0 0 0 0 0 0 0 0 0 0 0 0 0 0 0 0 0 0 0 0 0 0 0 0 0 0 0 0 0 0 0 0 0 0 0 0 0 0 0 0 0 0 0 0 0 0 0 0 0 0 0 0 0 0 0 0 0 0 0 0 0 0 0 0 0 0 
0 0 0 0 0 0 0 0 0 0 0 0 0 0 0 0 0 0 0 0 0 0 0 0 0 0 0 0 0 0 0 0 0 0 0 0 0 0 0 0 0 0 0 0 0 0 0 0 0 0 0 0 0 0 0 0 0 0 0 0 0 0 0 0 0 0 0 0 0 0 0 0 0 0 0 0 0 0 0 0 0 0 0 0 0 0 0 0 0 0 0 0 0 0 0 0 0 0 0 0 0 0 0 0 0 0 0 0 0 0 0 0 0 0 0 0 0 0 0 0 0 0 0 0 0 0 0 0 0 0 0 0 0 0 0 0 0 0 0 0 0 0 0 0 0 0 0 0 0 0 0 0 0 0 0 0 0 0 0 0 0 0 0 0 0 0 0 0 0 0 0 0 0 0 0 0 
0 0 0 0 0 0 0 0 0 0 0 0 0 0 0 0 0 0 0 0 0 0 0 0 0 0 0 0 0 0 0 0 0 0 0 0 0 0 0 0 0 0 0 0 0 0 0 0 0 0 0 0 0 0 0 0 0 0 0 0 0 0 0 0 0 0 0 0 0 0 0 0 0 0 0 0 0 0 0 0 0 0 0 0 0 0 0 0 0 0 0 0 0 0 0 0 0 0 0 0 0 0 0 0 0 0 0 0 0 0 0 0 0 0 0 0 0 0 0 0 0 0 0 0 0 0 0 0 0 0 0 0 0 0 0 0 0 0 0 0 0 0 0 0 0 0 0 0 0 0 0 0 0 0 0 0 0 0 0 0 0 0 0 0 0 0 0 0 0 0 0 0 0 0 0 0 
0 0 0 0 0 0 0 0 0 0 0 0 0 0 0 0 0 0 0 0 0 0 0 0 0 0 0 0 0 0 0 0 0 0 0 0 0 0 0 0 0 0 0 0 0 0 0 0 0 0 0 0 0 0 0 0 0 0 0 0 0 0 0 0 0 0 0 0 0 0 0 0 0 0 0 0 0 0 0 0 0 0 0 0 0 0 0 0 0 0 0 0 0 0 0 0 0 0 0 0 0 0 0 0 0 0 0 0 0 0 0 0 0 0 0 0 0 0 0 0 0 0 0 0 0 0 0 0 0 0 0 0 0 0 0 0 0 0 0 0 0 0 0 0 0 0 0 0 0 0 0 0 0 0 0 0 0 0 0 0 0 0 0 0 0 0 0 0 0 0 0 0 0 0 0 0 
0 0 0 0 0 0 0 0 0 0 0 0 0 0 0 0 0 0 0 0 0 0 0 0 0 0 0 0 0 0 0 0 0 0 0 0 0 0 0 0 0 0 0 0 0 0 0 0 0 0 0 0 0 0 0 0 0 0 0 0 0 0 0 0 0 0 0 0 0 0 0 0 0 0 0 0 0 0 0 0 0 0 0 0 0 0 0 0 0 0 0 0 0 0 0 0 0 0 0 0 0 0 0 0 0 0 0 0 0 0 0 0 0 0 0 0 0 0 0 0 0 0 0 0 0 0 0 0 0 0 0 0 0 0 0 0 0 0 0 0 0 0 0 0 0 0 0 0 0 0 0 0 0 0 0 0 0 0 0 0 0 0 0 0 0 0 0 0 0 0 0 0 0 0 0 0 
0 0 0 0 0 0 0 0 0 0 0 0 0 0 0 0 0 0 0 0 0 0 0 0 0 0 0 0 0 0 0 0 0 0 0 0 0 0 0 0 0 0 0 0 0 0 0 0 0 0 0 0 0 0 0 0 0 0 0 0 0 0 0 0 0 0 0 0 0 0 0 0 0 0 0 0 0 0 0 0 0 0 0 0 0 0 0 0 0 0 0 0 0 0 0 0 0 0 0 0 0 0 0 0 0 0 0 0 0 0 0 0 0 0 0 0 0 0 0 0 0 0 0 0 0 0 0 0 0 0 0 0 0 0 0 0 0 0 0 0 0 0 0 0 0 0 0 0 0 0 0 0 0 0 0 0 0 0 0 0 0 0 0 0 0 0 0 0 0 0 0 0 0 0 0 0 
0 0 0 0 0 0 0 0 0 0 0 0 0 0 0 0 0 0 0 0 0 0 0 0 0 0 0 0 0 0 0 0 0 0 0 0 0 0 0 0 0 0 0 0 0 0 0 0 0 0 0 0 0 0 0 0 0 0 0 0 0 0 0 0 0 0 0 0 0 0 0 0 0 0 0 0 0 0 0 0 0 0 0 0 0 0 0 0 0 0 0 0 0 0 0 0 0 0 0 0 0 0 0 0 0 0 0 0 0 0 0 0 0 0 0 0 0 0 0 0 0 0 0 0 0 0 0 0 0 0 0 0 0 0 0 0 0 0 0 0 0 0 0 0 0 0 0 0 0 0 0 0 0 0 0 0 0 0 0 0 0 0 0 0 0 0 0 0 0 0 0 0 0 0 0 0 
0 0 0 0 0 0 0 0 0 0 0 0 0 0 0 0 0 0 0 0 0 0 0 0 0 0 0 0 0 0 0 0 0 0 0 0 0 0 0 0 0 0 0 0 0 0 0 0 0 0 0 0 0 0 0 0 0 0 0 0 0 0 0 0 0 0 0 0 0 0 0 0 0 0 0 0 0 0 0 0 0 0 0 0 0 0 0 0 0 0 0 0 0 0 0 0 0 0 0 0 0 0 0 0 0 0 0 0 0 0 0 0 0 0 0 0 0 0 0 0 0 0 0 0 0 0 0 0 0 0 0 0 0 0 0 0 0 0 0 0 0 0 0 0 0 0 0 0 0 0 0 0 0 0 0 0 0 0 0 0 0 0 0 0 0 0 0 0 0 0 0 0 0 0 0 0 
0 0 0 0 0 0 0 0 0 0 0 0 0 0 0 0 0 0 0 0 0 0 0 0 0 0 0 0 0 0 0 0 0 0 0 0 0 0 0 0 0 0 0 0 0 0 0 0 0 0 0 0 0 0 0 0 0 0 0 0 0 0 0 0 0 0 0 0 0 0 0 0 0 0 0 0 0 0 0 0 0 0 0 0 0 0 0 0 0 0 0 0 0 0 0 0 0 0 0 0 0 0 0 0 0 0 0 0 0 0 0 0 0 0 0 0 0 0 0 0 0 0 0 0 0 0 0 0 0 0 0 0 0 0 0 0 0 0 0 0 0 0 0 0 0 0 0 0 0 0 0 0 0 0 0 0 0 0 0 0 0 0 0 0 0 0 0 0 0 0 0 0 0 0 0 0 
0 0 0 0 0 0 0 0 0 0 0 0 0 0 0 0 0 0 0 0 0 0 0 0 0 0 0 0 0 0 0 0 0 0 0 0 0 0 0 0 0 0 0 0 0 0 0 0 0 0 0 0 0 0 0 0 0 0 0 0 0 0 0 0 0 0 0 0 0 0 0 0 0 0 0 0 0 0 0 0 0 0 0 0 0 0 0 0 0 0 0 0 0 0 0 0 0 0 0 0 0 0 0 0 0 0 0 0 0 0 0 0 0 0 0 0 0 0 0 0 0 0 0 0 0 0 0 0 0 0 0 0 0 0 0 0 0 0 0 0 0 0 0 0 0 0 0 0 0 0 0 0 0 0 0 0 0 0 0 0 0 0 0 0 0 0 0 0 0 0 0 0 0 0 0 0 
0 0 0 0 0 0 0 0 0 0 0 0 0 0 0 0 0 0 0 0 0 0 0 0 0 0 0 0 0 0 0 0 0 0 0 0 0 0 0 0 0 0 0 0 0 0 0 0 0 0 0 0 0 0 0 0 0 0 0 0 0 0 0 0 0 0 0 0 0 0 0 0 0 0 0 0 0 0 0 0 0 0 0 0 0 0 0 0 0 0 0 0 0 0 0 0 0 0 0 0 0 0 0 0 0 0 0 0 0 0 0 0 0 0 0 0 0 0 0 0 0 0 0 0 0 0 0 0 0 0 0 0 0 0 0 0 0 0 0 0 0 0 0 0 0 0 0 0 0 0 0 0 0 0 0 0 0 0 0 0 0 0 0 0 0 0 0 0 0 0 0 0 0 0 0 0 
0 0 0 0 0 0 0 0 0 0 0 0 0 0 0 0 0 0 0 0 0 0 0 0 0 0 0 0 0 0 0 0 0 0 0 0 0 0 0 0 0 0 0 0 0 0 0 0 0 0 0 0 0 0 0 0 0 0 0 0 0 0 0 0 0 0 0 0 0 0 0 0 0 0 0 0 0 0 0 0 0 0 0 0 0 0 0 0 0 0 0 0 0 0 0 0 0 0 0 0 0 0 0 0 0 0 0 0 0 0 0 0 0 0 0 0 0 0 0 0 0 0 0 0 0 0 0 0 0 0 0 0 0 0 0 0 0 0 0 0 0 0 0 0 0 0 0 0 0 0 0 0 0 0 0 0 0 0 0 0 0 0 0 0 0 0 0 0 0 0 0 0 0 0 0 0 
0 0 0 0 0 0 0 0 0 0 0 0 0 0 0 0 0 0 0 0 0 0 0 0 0 0 0 0 0 0 0 0 0 0 0 0 0 0 0 0 0 0 0 0 0 0 0 0 0 0 0 0 0 0 0 0 0 0 0 0 0 0 0 0 0 0 0 0 0 0 0 0 0 0 0 0 0 0 0 0 0 0 0 0 0 0 0 0 0 0 0 0 0 0 0 0 0 0 0 0 0 0 0 0 0 0 0 0 0 0 0 0 0 0 0 0 0 0 0 0 0 0 0 0 0 0 0 0 0 0 0 0 0 0 0 0 0 0 0 0 0 0 0 0 0 0 0 0 0 0 0 0 0 0 0 0 0 0 0 0 0 0 0 0 0 0 0 0 0 0 0 0 0 0 0 0 
0 0 0 0 0 0 0 0 0 0 0 0 0 0 0 0 0 0 0 0 0 0 0 0 0 0 0 0 0 0 0 0 0 0 0 0 0 0 0 0 0 0 0 0 0 0 0 0 0 0 0 0 0 0 0 0 0 0 0 0 0 0 0 0 0 0 0 0 0 0 0 0 0 0 0 0 0 0 0 0 0 0 0 0 0 0 0 0 0 0 0 0 0 0 0 0 0 0 0 0 0 0 0 0 0 0 0 0 0 0 0 0 0 0 0 0 0 0 0 0 0 0 0 0 0 0 0 0 0 0 0 0 0 0 0 0 0 0 0 0 0 0 0 0 0 0 0 0 0 0 0 0 0 0 0 0 0 0 0 0 0 0 0 0 0 0 0 0 0 0 0 0 0 0 0 0 
0 0 0 0 0 0 0 0 0 0 0 0 0 0 0 0 0 0 0 0 0 0 0 0 0 0 0 0 0 0 0 0 0 0 0 0 0 0 0 0 0 0 0 0 0 0 0 0 0 0 0 0 0 0 0 0 0 0 0 0 0 0 0 0 0 0 0 0 0 0 0 0 0 0 0 0 0 0 0 0 0 0 0 0 0 0 0 0 0 0 0 0 0 0 0 0 0 0 0 0 0 0 0 0 0 0 0 0 0 0 0 0 0 0 0 0 0 0 0 0 0 0 0 0 0 0 0 0 0 0 0 0 0 0 0 0 0 0 0 0 0 0 0 0 0 0 0 0 0 0 0 0 0 0 0 0 0 0 0 0 0 0 0 0 0 0 0 0 0 0 0 0 0 0 0 0 
0 0 0 0 0 0 0 0 0 0 0 0 0 0 0 0 0 0 0 0 0 0 0 0 0 0 0 0 0 0 0 0 0 0 0 0 0 0 0 0 0 0 0 0 0 0 0 0 0 0 0 0 0 0 0 0 0 0 0 0 0 0 0 0 0 0 0 0 0 0 0 0 0 0 0 0 0 0 0 0 0 0 0 0 0 0 0 0 0 0 0 0 0 0 0 0 0 0 0 0 0 0 0 0 0 0 0 0 0 0 0 0 0 0 0 0 0 0 0 0 0 0 0 0 0 0 0 0 0 0 0 0 0 0 0 0 0 0 0 0 0 0 0 0 0 0 0 0 0 0 0 0 0 0 0 0 0 0 0 0 0 0 0 0 0 0 0 0 0 0 0 0 0 0 0 0 
0 0 0 0 0 0 0 0 0 0 0 0 0 0 0 0 0 0 0 0 0 0 0 0 0 0 0 0 0 0 0 0 0 0 0 0 0 0 0 0 0 0 0 0 0 0 0 0 0 0 0 0 0 0 0 0 0 0 0 0 0 0 0 0 0 0 0 0 0 0 0 0 0 0 0 0 0 0 0 0 0 0 0 0 0 0 0 0 0 0 0 0 0 0 0 0 0 0 0 0 0 0 0 0 0 0 0 0 0 0 0 0 0 0 0 0 0 0 0 0 0 0 0 0 0 0 0 0 0 0 0 0 0 0 0 0 0 0 0 0 0 0 0 0 0 0 0 0 0 0 0 0 0 0 0 0 0 0 0 0 0 0 0 0 0 0 0 0 0 0 0 0 0 0 0 0 
0 0 0 0 0 0 0 0 0 0 0 0 0 0 0 0 0 0 0 0 0 0 0 0 0 0 0 0 0 0 0 0 0 0 0 0 0 0 0 0 0 0 0 0 0 0 0 0 0 0 0 0 0 0 0 0 0 0 0 0 0 0 0 0 0 0 0 0 0 0 0 0 0 0 0 0 0 0 0 0 0 0 0 0 0 0 0 0 0 0 0 0 0 0 0 0 0 0 0 0 0 0 0 0 0 0 0 0 0 0 0 0 0 0 0 0 0 0 0 0 0 0 0 0 0 0 0 0 0 0 0 0 0 0 0 0 0 0 0 0 0 0 0 0 0 0 0 0 0 0 0 0 0 0 0 0 0 0 0 0 0 0 0 0 0 0 0 0 0 0 0 0 0 0 0 0 
0 0 0 0 0 0 0 0 0 0 0 0 0 0 0 0 0 0 0 0 0 0 0 0 0 0 0 0 0 0 0 0 0 0 0 0 0 0 0 0 0 0 0 0 0 0 0 0 0 0 0 0 0 0 0 0 0 0 0 0 0 0 0 0 0 0 0 0 0 0 0 0 0 0 0 0 0 0 0 0 0 0 0 0 0 0 0 0 0 0 0 0 0 0 0 0 0 0 0 0 0 0 0 0 0 0 0 0 0 0 0 0 0 0 0 0 0 0 0 0 0 0 0 0 0 0 0 0 0 0 0 0 0 0 0 0 0 0 0 0 0 0 0 0 0 0 0 0 0 0 0 0 0 0 0 0 0 0 0 0 0 0 0 0 0 0 0 0 0 0 0 0 0 0 0 0 
0 0 0 0 0 0 0 0 0 0 0 0 0 0 0 0 0 0 0 0 0 0 0 0 0 0 0 0 0 0 0 0 0 0 0 0 0 0 0 0 0 0 0 0 0 0 0 0 0 0 0 0 0 0 0 0 0 0 0 0 0 0 0 0 0 0 0 0 0 0 0 0 0 0 0 0 0 0 0 0 0 0 0 0 0 0 0 0 0 0 0 0 0 0 0 0 0 0 0 0 0 0 0 0 0 0 0 0 0 0 0 0 0 0 0 0 0 0 0 0 0 0 0 0 0 0 0 0 0 0 0 0 0 0 0 0 0 0 0 0 0 0 0 0 0 0 0 0 0 0 0 0 0 0 0 0 0 0 0 0 0 0 0 0 0 0 0 0 0 0 0 0 0 0 0 0 
0 0 0 0 0 0 0 0 0 0 0 0 0 0 0 0 0 0 0 0 0 0 0 0 0 0 0 0 0 0 0 0 0 0 0 0 0 0 0 0 0 0 0 0 0 0 0 0 0 0 0 0 0 0 0 0 0 0 0 0 0 0 0 0 0 0 0 0 0 0 0 0 0 0 0 0 0 0 0 0 0 0 0 0 0 0 0 0 0 0 0 0 0 0 0 0 0 0 0 0 0 0 0 0 0 0 0 0 0 0 0 0 0 0 0 0 0 0 0 0 0 0 0 0 0 0 0 0 0 0 0 0 0 0 0 0 0 0 0 0 0 0 0 0 0 0 0 0 0 0 0 0 0 0 0 0 0 0 0 0 0 0 0 0 0 0 0 0 0 0 0 0 0 0 0 0 
