85 84 90 88 86 91 83 76 77 92 78 78 86 87 87 85 88 85 80 82 82 85 78 74 76 74 74 73 79 73 81 81 79 76 71 70 77 79 77 76 76 84 78 79 81 81 77 76 73 78 74 78 73 80 85 77 77 73 73 73 62 68 75 73 77 80 74 77 81 76 82 75 79 76 78 79 75 78 81 79 81 74 74 79 76 75 67 78 78 71 74 79 78 76 79 82 77 82 79 75 80 81 80 84 79 80 81 78 83 85 74 60 71 81 85 81 83 82 90 86 86 94 88 92 87 92 93 90 87 91 92 88 96 91 89 90 84 83 85 98 99 100 94 91 97 100 103 96 103 99 108 108 110 109 102 96 78 74 77 72 74 74 76 74 72 0 74 76 84 86 99 96 96 97 97 101 
84 87 91 85 82 81 83 81 83 82 83 79 79 78 76 82 80 73 74 81 71 73 74 78 83 83 84 82 78 79 84 81 85 74 68 65 74 78 77 75 77 80 75 77 76 69 73 76 77 78 67 76 80 80 73 81 72 76 76 78 68 64 68 77 77 73 74 75 73 76 72 80 79 82 79 79 81 82 76 81 80 79 72 75 74 76 63 71 75 82 79 80 79 84 76 78 80 75 80 83 80 80 84 80 79 82 80 78 86 77 79 69 69 79 87 81 87 88 90 88 84 87 91 88 86 85 90 90 93 90 91 94 91 92 94 87 79 86 93 88 98 99 100 97 99 96 95 103 94 107 104 104 109 110 86 78 74 74 71 74 72 72 75 67 0 0 72 71 79 85 81 100 92 100 98 99 
91 82 82 82 82 80 79 78 78 77 76 77 76 76 77 78 78 79 78 78 77 78 78 78 78 78 78 78 78 78 78 78 77 75 73 72 72 72 73 74 74 73 74 74 74 74 74 74 74 74 74 75 75 75 75 75 74 74 73 71 70 70 70 71 73 74 74 74 74 74 75 76 77 77 76 76 76 76 76 77 76 76 76 76 75 74 74 74 74 76 77 77 77 77 77 77 77 78 78 78 78 78 78 78 78 78 79 80 80 78 77 76 77 78 81 83 84 84 85 86 86 86 86 86 86 87 88 88 89 90 90 90 90 89 88 87 87 88 89 92 93 93 94 95 95 97 98 98 100 101 102 101 97 92 86 80 76 74 73 73 72 72 72 72 71 72 75 77 79 83 88 92 95 97 102 101 
77 81 80 80 79 78 77 77 77 76 75 75 75 74 74 75 76 76 77 76 76 76 77 77 77 78 78 78 77 77 77 76 75 74 73 72 72 71 71 71 71 71 71 72 72 73 73 73 73 73 73 73 73 73 73 72 72 72 72 71 70 69 69 70 71 73 73 73 73 74 75 76 77 77 77 77 77 78 78 79 79 79 79 79 79 78 78 79 79 80 81 82 82 82 82 82 82 83 83 83 83 83 83 83 83 83 85 85 85 84 84 83 83 84 86 87 88 88 88 89 89 89 89 88 89 89 90 90 91 91 91 91 90 89 88 88 88 88 90 92 92 92 93 94 94 96 96 97 99 100 99 97 92 86 80 76 73 72 72 71 71 71 70 70 69 71 74 76 78 82 86 90 94 96 106 98 
73 80 78 78 77 77 76 75 75 75 73 73 73 72 73 73 74 75 75 75 75 76 76 76 76 77 76 76 75 75 74 74 74 74 73 72 72 71 69 69 69 69 69 70 71 71 71 71 71 71 71 72 72 71 71 71 72 71 72 72 72 72 72 73 74 76 76 77 77 78 79 80 80 81 80 80 81 82 82 83 83 84 84 84 84 84 84 84 84 85 85 86 86 86 86 87 87 87 87 87 87 88 88 87 88 88 89 90 91 90 90 90 90 91 91 91 92 92 92 93 93 93 93 93 93 94 94 94 95 95 95 95 94 93 92 92 92 93 94 94 94 94 94 95 96 97 98 99 100 100 98 94 88 82 76 73 71 71 71 71 70 70 69 0 0 72 73 75 77 81 84 89 93 95 92 96 
77 72 76 77 76 76 75 75 75 74 73 74 73 72 72 73 73 73 73 73 73 74 74 74 74 74 74 74 73 73 73 73 73 73 72 71 70 69 68 67 67 67 68 69 70 70 71 71 72 72 73 73 74 73 74 74 74 75 76 76 77 77 78 78 79 80 81 81 81 82 83 84 84 85 84 85 85 85 86 87 88 88 88 89 89 89 88 89 89 89 89 90 90 90 90 91 91 91 91 91 92 92 92 92 93 93 94 95 96 96 96 96 96 97 97 97 96 97 97 97 97 97 97 97 97 98 98 98 99 98 99 98 98 97 97 98 98 98 98 99 98 98 99 99 100 101 102 103 103 103 99 94 87 80 74 71 70 70 70 69 68 70 0 0 0 72 74 75 77 80 83 87 91 94 101 97 
77 76 76 76 75 75 74 74 74 74 73 73 73 72 71 71 71 71 71 71 72 72 72 72 72 72 71 71 71 71 71 71 71 71 71 71 70 70 69 69 69 70 71 72 73 73 74 74 75 76 76 77 77 77 77 78 78 79 80 81 81 82 82 83 83 84 85 85 86 86 87 88 88 89 89 89 90 90 90 91 92 92 92 93 93 94 94 94 94 95 94 95 95 96 95 96 96 96 96 96 97 98 98 98 99 99 100 100 101 102 102 102 102 102 102 102 101 102 102 102 102 102 102 102 103 103 103 104 104 104 103 103 103 102 102 102 103 103 103 104 103 103 104 104 104 105 106 107 108 107 102 95 87 79 73 71 69 69 68 68 66 0 0 0 0 72 72 73 76 79 82 86 90 93 98 97 
73 74 76 75 74 75 74 74 74 73 72 72 72 71 70 70 69 69 70 70 70 71 71 71 71 70 70 70 69 70 70 70 71 72 72 73 73 73 72 72 73 73 74 75 76 76 77 77 78 79 80 80 81 81 81 82 82 83 84 85 86 86 87 88 88 88 89 90 90 91 91 92 92 93 93 93 94 94 95 96 96 97 97 97 97 98 98 99 98 99 98 99 99 99 99 100 100 100 100 100 101 101 102 102 103 103 104 104 105 106 107 107 107 107 106 106 106 106 106 106 107 107 107 107 108 108 108 108 109 108 108 108 108 107 107 107 107 107 108 108 108 108 108 108 108 109 110 112 113 112 106 98 90 81 74 72 69 68 67 67 0 0 0 0 0 69 71 72 74 78 81 85 89 92 89 99 
76 78 75 74 73 74 73 73 72 72 71 71 71 70 69 68 68 68 68 68 69 69 69 70 71 71 70 70 71 71 71 72 73 74 75 75 76 76 76 76 76 77 78 79 80 80 81 80 81 82 83 84 84 85 85 86 87 87 88 89 90 90 91 92 92 92 93 93 93 94 95 95 95 96 96 96 96 96 96 96 97 97 97 98 98 98 98 99 98 98 98 98 98 99 98 99 99 99 99 100 100 100 101 101 102 103 103 104 104 105 106 106 106 107 106 106 106 106 107 107 107 108 108 109 109 110 110 110 111 111 111 111 111 111 111 111 111 111 112 112 111 112 112 111 112 113 114 116 117 116 110 102 93 83 74 71 69 67 67 0 0 0 0 0 0 0 70 71 74 77 79 84 88 91 95 95 
0 90 74 74 72 73 72 71 71 71 70 70 70 69 69 68 68 68 68 69 70 70 71 71 72 72 72 72 73 73 74 74 75 76 77 78 79 79 79 80 80 80 81 82 83 84 84 85 85 86 87 88 88 89 89 89 90 90 90 91 92 92 93 93 93 92 93 92 93 93 94 94 94 94 95 95 95 95 95 95 96 96 96 97 97 97 98 98 97 97 97 97 97 98 98 98 98 99 99 99 100 100 100 100 101 102 102 102 102 103 104 104 105 105 105 105 105 106 106 106 107 107 107 108 108 109 109 109 110 110 110 110 110 110 110 110 111 111 112 112 112 113 113 113 114 115 116 118 120 120 114 105 95 84 75 71 69 67 66 0 0 0 0 0 0 0 69 71 73 76 79 83 87 90 90 94 
71 70 73 73 72 72 72 71 71 71 69 69 69 69 69 69 70 70 70 71 72 72 73 74 74 74 74 74 75 75 76 77 78 79 80 81 82 82 83 83 84 84 85 85 86 87 87 87 88 88 88 88 89 89 89 89 89 89 89 90 90 91 91 91 91 91 91 91 91 91 92 93 93 93 94 94 94 94 94 94 95 95 95 95 95 95 95 95 94 94 94 94 94 94 94 94 95 95 95 95 96 96 95 96 97 97 98 98 98 99 99 100 100 101 101 101 101 102 102 103 104 105 106 106 107 108 108 109 109 109 109 110 110 110 110 110 110 110 110 111 111 111 111 111 112 113 115 117 119 120 115 106 96 86 76 71 68 67 0 0 0 0 0 0 0 67 68 69 72 75 78 82 86 89 90 88 
72 68 72 72 71 72 71 71 71 71 70 70 71 71 71 72 72 72 72 73 74 74 75 76 76 76 77 77 77 78 79 80 81 82 82 83 85 85 85 85 85 85 86 86 86 87 87 87 87 88 87 87 87 88 88 87 87 87 86 86 87 87 87 87 86 86 85 85 86 87 88 89 91 92 92 93 93 94 94 94 94 93 91 90 90 89 90 92 93 93 93 93 93 93 93 93 94 94 94 94 95 95 94 94 95 96 96 97 97 98 98 98 99 100 100 100 98 98 97 95 94 97 98 101 104 106 107 108 108 108 108 109 109 109 109 109 109 109 110 110 110 110 110 110 111 112 113 115 117 118 114 105 96 87 76 69 68 0 0 0 0 0 0 0 0 0 67 68 71 73 76 80 84 88 91 93 
71 70 71 71 71 71 71 71 71 72 71 72 72 73 73 73 74 74 74 75 76 76 77 78 78 79 79 79 80 80 81 81 82 82 83 83 84 84 84 84 85 84 85 84 84 84 84 83 83 83 83 83 83 83 83 82 81 81 82 82 84 86 86 85 85 84 84 84 84 85 86 88 89 90 92 93 94 94 94 94 93 90 88 86 86 86 88 90 92 92 91 91 91 92 92 92 92 92 93 93 93 93 93 93 94 94 94 95 95 95 96 96 97 99 98 98 96 96 94 93 91 93 95 98 102 104 106 107 107 107 107 108 108 109 109 109 109 109 109 109 109 109 109 109 109 109 110 112 115 116 113 104 96 87 76 66 65 0 0 0 0 0 0 0 0 0 66 68 71 73 75 79 84 87 90 97 
82 68 72 72 72 73 72 73 72 73 73 74 74 75 75 75 76 77 77 78 79 79 79 80 80 80 80 79 79 80 80 81 81 81 81 81 82 81 81 81 81 80 80 79 79 79 80 81 82 82 81 82 81 81 81 80 79 79 80 80 82 84 84 83 82 81 81 81 82 81 83 85 87 89 92 93 94 94 94 94 93 88 87 84 82 80 85 87 90 90 89 89 88 88 88 89 89 89 89 90 90 90 89 90 90 91 91 91 91 92 93 94 95 96 95 95 91 92 90 88 86 87 91 95 99 102 105 106 106 106 107 107 108 108 108 108 108 108 108 108 109 109 108 108 108 107 108 110 112 114 111 101 95 88 76 63 0 0 0 0 0 0 0 0 0 0 66 67 70 72 74 78 83 87 89 96 
69 75 73 74 73 74 74 74 74 74 75 75 75 76 76 77 78 78 78 78 79 78 79 80 79 79 79 79 79 80 80 80 80 79 79 79 79 79 80 79 80 79 78 77 77 78 79 79 81 80 79 79 79 79 79 78 76 76 77 76 79 81 81 79 78 76 76 76 77 76 80 83 86 88 92 93 94 94 94 93 92 86 83 79 75 70 75 79 83 83 83 82 82 81 80 81 80 80 81 81 81 81 81 81 82 82 83 83 83 83 84 86 87 89 88 88 82 82 79 76 75 78 85 91 96 100 105 106 106 106 107 107 108 108 108 108 108 107 108 108 108 108 108 107 107 106 107 108 110 112 110 100 96 89 77 62 0 0 0 0 0 0 0 0 0 0 66 67 69 71 73 77 82 86 96 90 
71 69 74 74 74 74 74 74 74 75 76 76 76 76 76 76 76 77 77 78 78 78 78 78 78 78 79 78 79 79 79 79 78 77 77 76 76 78 78 78 78 77 76 75 75 75 75 76 78 77 75 76 75 75 75 73 69 69 70 69 72 75 73 70 66 64 65 65 68 70 77 81 84 87 91 93 93 94 93 94 92 85 82 77 70 58 0 0 0 0 0 0 0 0 0 0 0 0 0 0 0 0 0 0 0 0 0 0 0 0 0 0 0 0 0 0 0 0 0 0 53 67 80 88 94 98 104 105 106 106 106 107 107 108 108 107 107 107 107 108 108 108 107 106 106 105 105 106 108 110 108 99 97 91 79 61 0 0 0 0 0 0 0 0 0 0 0 68 69 71 73 76 80 85 87 92 
70 81 74 75 75 74 74 74 74 75 75 75 75 75 75 75 76 77 76 76 77 77 77 78 78 78 78 77 78 78 78 78 76 75 74 73 73 75 76 75 75 72 71 69 68 67 68 67 70 68 66 67 66 65 65 63 58 57 0 0 0 0 0 0 0 0 0 0 0 70 78 83 85 87 91 92 93 93 93 93 91 84 82 79 72 59 0 0 0 0 0 0 0 0 0 0 0 0 0 0 0 0 0 0 0 0 0 0 0 0 0 0 0 0 0 0 0 0 0 0 0 74 85 91 94 97 103 105 105 106 107 107 107 107 107 107 107 106 107 107 108 108 107 106 106 104 104 105 106 108 108 99 97 93 82 63 0 0 0 0 0 0 0 0 0 0 0 69 69 71 73 75 79 84 90 96 
78 77 75 75 75 74 75 75 74 74 75 74 74 74 75 75 75 74 74 74 75 75 77 77 78 77 77 77 77 78 78 77 74 72 71 68 65 68 68 66 65 63 62 59 57 0 0 0 0 0 0 0 0 0 0 0 0 0 0 0 0 0 0 0 0 0 0 0 0 69 78 82 84 86 90 91 92 92 92 92 91 84 83 79 73 59 0 0 0 0 0 0 0 0 0 0 0 0 0 0 0 0 0 0 0 0 0 0 0 0 0 0 0 0 0 0 0 0 0 0 0 72 84 90 94 96 103 105 105 106 106 106 106 107 107 107 107 106 106 107 107 107 106 106 105 105 104 105 106 108 107 100 99 96 86 69 0 0 0 0 0 0 0 0 0 0 0 69 68 70 72 74 78 83 85 98 
71 71 74 75 74 73 74 74 74 74 74 74 74 74 74 74 73 73 72 72 73 74 75 76 77 77 77 77 77 77 77 76 73 71 69 65 57 0 0 0 0 0 0 0 0 0 0 0 0 0 0 0 0 0 0 0 0 0 0 0 0 0 0 0 0 0 0 0 0 70 78 83 85 86 90 91 92 92 92 93 91 85 83 79 73 58 0 0 0 0 0 0 0 0 0 0 0 0 0 0 0 0 0 0 0 0 0 0 0 0 0 0 0 0 0 0 0 0 0 0 0 72 83 90 93 96 102 105 105 106 106 106 106 106 106 106 106 105 106 106 106 106 106 105 105 105 104 105 105 108 108 102 101 99 90 72 0 0 0 0 0 0 0 0 0 0 0 67 67 69 71 74 77 82 84 91 
75 74 74 73 73 72 73 73 73 73 74 74 73 74 74 73 72 71 70 70 71 73 75 76 77 77 76 77 77 77 77 76 72 71 69 64 0 0 0 0 0 0 0 0 0 0 0 0 0 0 0 0 0 0 0 0 0 0 0 0 0 0 0 0 48 48 0 0 0 71 78 82 84 86 90 91 91 92 92 93 91 85 83 79 72 58 0 0 0 0 0 0 0 0 0 0 0 0 0 0 0 0 0 0 0 0 0 0 0 0 0 0 0 0 0 0 0 0 0 0 0 70 82 90 93 95 102 105 105 105 105 106 106 105 105 105 105 105 106 106 106 106 105 105 104 104 103 104 105 107 108 102 102 100 93 75 0 0 0 0 0 0 0 0 0 0 0 67 67 69 70 73 76 81 86 87 
71 70 74 74 73 72 73 73 72 73 73 73 73 74 74 73 72 70 68 68 70 72 74 76 77 77 76 77 77 77 77 76 73 72 70 65 0 0 0 0 0 0 0 0 0 0 0 0 0 0 0 0 0 0 0 0 0 0 0 0 0 0 53 52 50 49 48 46 0 68 79 83 85 86 90 91 92 92 92 92 91 84 82 79 72 58 0 0 0 0 0 0 0 0 0 0 0 0 0 0 0 0 0 0 0 0 0 0 0 0 0 0 0 0 0 0 0 0 0 0 0 66 80 88 92 95 102 104 105 105 105 105 105 105 105 105 105 105 105 105 105 105 104 104 104 104 103 103 104 106 108 103 103 101 95 79 0 0 0 0 0 0 0 0 0 0 0 66 67 69 70 73 77 81 86 93 
76 73 73 73 72 72 73 73 72 73 73 73 73 74 73 71 69 67 65 66 69 72 74 76 77 77 76 77 77 77 77 76 74 73 71 66 0 0 0 0 0 0 0 0 0 0 0 0 0 0 0 0 0 0 0 0 0 0 0 0 0 53 53 52 50 50 49 47 0 67 78 82 85 86 90 91 92 92 92 93 91 84 82 79 72 57 0 0 0 0 0 0 0 0 0 0 0 0 0 0 0 0 0 0 0 0 0 0 0 0 0 0 0 0 0 0 0 0 0 0 0 63 79 87 92 94 102 104 104 104 104 105 105 105 105 105 105 105 105 105 104 104 104 104 103 103 102 103 104 106 107 103 103 102 97 82 0 0 0 0 0 0 0 0 0 0 0 65 67 68 70 73 76 80 84 89 
76 76 73 73 72 72 71 72 71 72 72 72 73 74 73 70 69 67 65 66 69 72 74 76 76 76 76 76 77 77 77 76 75 74 72 67 0 0 0 0 0 0 0 0 0 0 0 0 0 0 0 0 0 0 0 0 0 0 0 0 0 53 53 52 50 50 49 47 0 67 78 82 84 86 90 91 92 92 92 93 91 84 82 79 71 58 0 0 0 0 0 0 0 0 0 0 0 0 0 0 0 0 0 0 0 0 0 0 0 0 0 0 0 0 0 0 0 0 0 0 0 59 77 86 91 93 102 104 104 104 105 105 105 104 104 104 104 104 105 105 105 104 104 103 102 102 102 102 103 105 107 103 103 103 98 84 0 0 0 0 0 0 0 0 0 0 0 65 67 68 70 72 75 79 87 88 
70 74 72 72 71 71 71 71 71 71 71 71 72 72 72 70 69 68 67 68 71 73 74 75 76 76 76 76 77 77 77 75 74 73 71 65 0 0 0 0 0 0 0 0 0 0 0 0 0 0 0 0 0 0 0 0 0 0 0 0 0 53 53 52 50 50 49 47 0 66 78 82 84 86 90 91 92 92 92 92 91 84 82 78 71 58 0 0 0 0 0 0 0 0 0 0 0 0 0 0 0 0 0 0 0 0 0 0 0 0 0 0 0 0 0 0 0 0 0 0 0 55 74 84 89 92 102 104 104 104 104 105 105 105 105 105 105 105 105 105 105 104 103 103 103 102 102 102 102 104 106 103 101 100 95 83 0 0 0 0 0 0 0 0 0 0 0 66 67 68 70 71 75 78 86 82 
72 72 71 72 71 71 71 71 71 71 70 70 71 71 71 70 69 69 69 69 72 74 74 75 76 76 75 76 77 77 77 75 75 73 71 65 0 0 0 0 0 0 0 0 0 0 0 0 0 0 0 0 0 0 0 0 0 0 0 0 0 54 53 52 51 51 49 48 0 63 77 81 84 86 90 91 92 92 92 92 91 84 81 78 71 57 0 0 0 0 0 0 0 0 0 0 0 0 0 0 0 0 0 0 0 0 0 0 0 0 0 0 0 0 0 0 0 0 0 0 0 51 71 82 88 91 102 104 104 104 104 105 105 105 105 104 104 105 105 105 105 104 103 103 103 103 102 102 102 104 105 103 100 98 93 82 0 0 0 0 0 0 0 0 0 0 0 0 67 68 70 71 75 78 81 84 
67 67 70 71 71 71 70 70 70 70 70 70 71 71 71 71 70 70 70 70 72 74 74 75 75 75 75 76 77 77 77 75 75 73 71 64 0 0 0 0 0 0 0 0 0 0 0 0 0 0 0 0 0 0 0 0 0 0 0 0 0 0 0 52 52 0 0 0 0 64 76 80 83 85 90 91 92 92 92 92 91 84 82 78 72 58 0 0 0 0 0 0 0 0 0 0 0 0 0 0 0 0 0 0 0 0 0 0 0 0 0 0 0 0 0 0 0 0 0 0 0 48 69 81 86 90 101 104 104 104 105 105 105 105 105 104 104 104 104 105 105 104 104 103 103 102 102 102 102 103 105 103 98 97 92 81 0 0 0 0 0 0 0 0 0 0 0 0 66 67 68 70 74 77 87 91 
64 73 70 71 71 70 70 70 69 69 69 69 70 71 71 71 71 71 71 72 73 74 74 74 75 75 75 76 77 77 77 75 75 73 71 66 0 0 0 0 0 0 0 0 0 0 0 0 0 0 0 0 0 0 0 0 0 0 0 0 0 0 0 0 0 0 0 0 0 63 75 80 83 85 90 91 92 92 92 92 90 84 82 78 72 58 0 0 0 0 0 0 0 0 0 0 0 0 0 0 0 0 0 0 0 0 0 0 0 0 0 0 0 0 0 0 0 0 0 0 0 47 67 79 85 89 101 104 105 105 105 105 105 105 105 105 105 105 105 105 105 104 103 103 103 102 102 102 102 103 105 104 98 96 92 82 64 0 0 0 0 0 0 0 0 0 0 63 65 66 68 69 73 77 84 88 
67 65 70 71 71 70 70 70 70 69 69 69 69 70 71 71 72 73 73 73 73 75 74 74 75 75 75 76 77 77 77 75 74 73 70 64 0 0 0 0 0 0 0 0 0 0 0 0 0 0 0 0 0 0 0 0 0 0 0 0 0 0 0 0 0 0 0 0 0 63 75 80 83 85 91 92 92 92 92 92 90 83 81 78 71 56 0 0 0 0 0 0 0 0 0 0 0 0 0 0 0 0 0 0 0 0 0 0 0 0 0 0 0 0 0 0 0 0 0 0 0 46 68 81 87 91 101 104 105 104 105 105 105 105 105 105 105 105 104 104 104 103 103 103 103 103 102 102 102 103 104 104 97 96 91 83 65 0 0 0 0 0 0 0 0 0 0 0 64 65 67 69 73 77 85 81 
72 73 69 70 70 70 69 70 69 69 69 69 70 70 71 71 72 73 73 73 73 74 74 75 75 75 75 76 77 78 78 75 74 73 70 64 0 0 0 0 0 0 0 0 0 0 0 0 0 0 0 0 0 0 0 0 0 0 0 0 0 0 0 0 0 0 0 0 0 63 75 80 83 85 91 92 92 92 92 91 90 83 81 77 71 55 0 0 0 0 0 0 0 0 0 0 0 0 0 0 0 0 0 0 0 0 0 0 0 0 0 0 0 0 0 0 0 0 0 0 0 0 70 82 88 92 100 104 105 104 105 105 104 105 105 104 104 105 104 104 104 103 103 103 103 102 102 101 101 102 104 105 99 98 95 87 70 0 0 0 0 0 0 0 0 0 0 0 64 65 66 69 72 76 83 87 
67 69 69 70 70 70 69 70 69 69 69 69 70 71 71 72 72 73 72 72 73 74 74 74 75 75 75 76 77 78 77 75 74 72 69 63 0 0 0 0 0 0 0 0 0 0 0 0 0 0 0 0 0 0 0 0 0 0 0 0 0 0 0 0 0 0 0 0 0 65 76 81 83 85 90 92 92 92 92 91 90 83 81 78 71 57 0 0 0 0 0 0 0 0 0 0 0 0 0 0 0 0 0 0 0 0 0 0 0 0 0 0 0 0 0 0 0 0 0 0 0 0 72 85 91 93 99 104 105 104 105 104 104 104 105 104 104 104 103 103 103 102 102 102 102 102 101 101 101 102 104 105 100 99 97 90 72 0 0 0 0 0 0 0 0 0 0 0 63 64 65 68 71 75 78 83 
65 68 69 70 70 69 69 69 69 69 69 69 70 70 71 71 72 72 72 72 73 74 74 74 75 75 75 76 77 77 77 74 73 71 67 61 0 0 0 0 0 0 0 0 0 0 0 0 0 0 0 0 0 0 0 0 0 0 0 0 0 0 0 0 0 0 0 0 0 65 76 81 84 85 90 91 92 92 92 92 90 83 81 77 71 55 0 0 0 0 0 0 0 0 0 0 0 0 0 0 0 0 0 0 0 0 0 0 0 0 0 0 0 0 0 0 0 0 0 0 0 0 75 87 93 95 99 104 105 104 104 104 104 104 104 104 104 104 104 103 103 102 102 102 101 101 101 100 101 102 104 106 101 100 98 92 74 0 0 0 0 0 0 0 0 0 0 0 63 64 66 68 70 75 74 87 
69 67 69 70 69 69 69 69 69 69 70 70 70 70 71 71 72 72 72 72 73 74 74 75 75 75 75 75 76 77 76 73 72 70 66 58 0 0 0 0 0 0 0 0 0 0 0 0 0 0 0 0 0 0 0 0 0 0 0 0 0 0 0 0 0 0 0 0 0 65 76 81 84 85 91 92 92 92 92 92 90 83 80 77 70 55 0 0 0 0 0 0 0 0 0 0 0 0 0 0 0 0 0 0 0 0 0 0 0 0 0 0 0 0 0 0 0 0 0 0 0 0 79 89 95 96 98 103 104 104 104 104 104 104 104 104 103 103 103 103 102 102 102 102 101 101 101 100 100 102 103 106 101 101 98 93 75 0 0 0 0 0 0 0 0 0 0 0 61 63 65 68 70 74 74 81 
70 71 68 68 68 69 69 69 69 69 70 69 70 71 71 71 71 72 72 72 73 73 74 75 75 75 75 75 76 76 76 72 71 69 65 55 0 0 0 0 0 0 0 0 0 0 0 0 0 0 0 0 0 0 0 0 0 0 0 0 0 0 0 0 0 0 0 0 0 67 77 81 84 85 90 91 92 92 92 92 90 83 81 77 70 56 0 0 0 0 0 0 0 0 0 0 0 0 0 0 0 0 0 0 0 0 0 0 0 0 0 0 0 0 0 0 0 0 0 0 0 0 77 88 93 96 97 103 104 104 104 104 104 104 104 104 104 103 103 103 103 102 102 102 101 101 101 100 100 102 103 106 101 101 100 95 78 0 0 0 0 0 0 0 0 0 0 0 61 63 65 67 69 74 77 85 
72 74 68 68 68 68 69 69 69 69 69 69 70 70 70 71 71 72 72 72 72 73 74 74 75 75 75 75 76 76 76 71 70 68 63 53 0 0 0 0 0 0 0 0 0 0 0 0 0 0 0 0 0 0 0 0 0 0 0 0 0 0 0 0 0 0 0 0 0 68 78 82 84 86 90 91 91 92 91 91 90 83 81 78 71 57 0 0 0 0 0 0 0 0 0 0 0 0 0 0 0 0 0 0 0 0 0 0 0 0 0 0 0 0 0 0 0 0 0 0 0 0 76 88 93 95 97 102 103 104 103 104 104 103 103 103 103 103 103 103 102 102 102 101 101 101 101 101 101 102 104 106 102 102 100 96 79 0 0 0 0 0 0 0 0 0 0 0 62 64 65 68 70 74 76 81 
66 67 67 68 68 68 69 69 69 69 69 69 69 70 70 71 71 71 71 72 72 73 74 75 75 75 75 75 76 76 76 72 71 68 64 52 0 0 0 0 0 0 0 0 0 0 0 0 0 0 0 0 0 0 0 0 0 0 0 0 0 0 0 0 0 0 0 0 0 69 78 82 85 86 91 91 92 92 92 92 91 83 81 78 71 55 0 0 0 0 0 0 0 0 0 0 0 0 0 0 0 0 0 0 0 0 0 0 0 0 0 0 0 0 0 0 0 0 0 0 0 0 69 83 89 93 97 102 103 104 104 104 104 104 103 103 103 103 104 103 103 103 103 102 102 102 101 101 101 102 104 106 103 103 102 98 82 0 0 0 0 0 0 0 0 0 0 0 62 64 65 68 70 74 83 88 
67 68 66 67 67 68 69 69 69 69 69 68 69 70 70 70 71 71 71 72 72 73 74 75 75 75 76 75 75 76 75 72 71 69 65 0 0 0 0 0 0 0 0 0 0 0 0 0 0 0 0 0 0 0 0 0 0 0 0 0 0 0 0 0 0 0 0 0 0 70 79 83 85 86 91 91 92 92 92 91 90 83 81 77 71 56 0 0 0 0 0 0 0 0 0 0 0 0 0 0 0 0 0 0 0 0 0 0 0 0 0 0 0 0 0 0 0 0 0 0 0 0 67 81 88 92 96 102 103 104 103 104 104 104 103 103 103 103 103 103 102 102 103 102 102 102 101 101 101 102 103 106 103 101 100 96 80 0 0 0 0 0 0 0 0 0 0 0 62 64 66 68 70 74 81 82 
64 63 65 66 66 67 68 69 69 69 69 68 69 69 69 70 71 71 71 72 72 73 74 75 75 75 76 75 76 76 76 73 72 70 65 0 0 0 0 0 0 0 0 0 0 0 0 0 0 0 0 0 0 0 0 0 0 0 0 0 0 0 0 0 0 0 0 0 0 71 80 83 85 86 90 91 91 92 92 92 91 83 81 77 71 55 0 0 0 0 0 0 0 0 0 0 0 0 0 0 0 0 0 0 0 0 0 0 0 0 0 0 0 0 0 0 0 0 0 0 0 0 66 81 88 92 96 102 103 104 104 104 104 104 103 103 103 103 103 103 103 102 102 102 102 102 101 101 102 102 103 106 104 100 98 94 79 0 0 0 0 0 0 0 0 0 0 0 0 65 65 68 70 73 71 80 
67 62 66 66 67 67 68 68 68 69 69 68 69 69 69 70 71 71 71 72 72 73 74 75 75 75 75 75 76 76 76 74 74 72 68 0 0 0 0 0 0 0 0 0 0 0 0 0 0 0 0 0 0 0 0 0 0 0 0 0 0 0 0 0 0 0 0 0 0 72 80 83 85 86 90 91 91 92 92 92 91 83 78 75 67 51 0 0 0 0 0 0 0 0 0 0 0 0 0 0 0 0 0 0 0 0 0 0 0 0 0 0 0 0 0 0 0 0 0 0 0 0 65 80 88 92 96 102 104 104 104 104 104 104 103 103 103 103 103 103 103 103 102 102 102 102 101 101 102 102 103 106 104 98 96 92 78 0 0 0 0 0 0 0 0 0 0 0 0 66 66 68 70 73 78 80 
67 67 66 67 67 67 68 68 68 69 69 68 69 69 69 70 70 71 71 72 72 73 74 75 75 75 75 75 76 76 75 75 75 74 71 0 0 0 0 0 0 0 0 0 0 0 0 0 0 0 0 0 0 0 0 0 0 0 0 0 0 0 0 0 0 0 0 0 0 67 77 81 83 87 90 91 91 92 92 92 91 83 79 74 67 50 0 0 0 0 0 0 0 0 0 0 0 0 0 0 0 0 0 0 0 0 0 0 0 0 0 0 0 0 0 0 0 0 0 0 0 0 64 79 87 91 95 102 104 104 104 104 105 104 104 104 104 104 104 104 103 103 102 102 102 102 101 101 101 101 102 105 104 96 94 89 76 54 0 0 0 0 0 0 0 0 0 0 0 65 66 68 69 72 79 84 
71 69 67 67 67 67 68 68 68 68 68 69 69 69 69 69 70 71 72 73 73 74 74 75 75 75 75 75 75 76 75 75 74 73 70 0 0 0 0 0 0 0 0 0 0 0 0 0 0 0 0 0 0 0 0 0 0 0 0 0 0 0 0 0 0 0 0 0 0 69 78 82 84 87 91 91 91 91 91 91 90 82 78 74 66 50 0 0 0 0 0 0 0 0 0 0 0 0 0 0 0 0 0 0 0 0 0 0 0 0 0 0 0 0 0 0 0 0 0 0 0 0 68 83 90 93 95 102 104 104 104 104 104 104 104 103 104 104 104 104 103 103 102 102 102 102 101 101 101 101 102 105 104 94 92 88 76 56 0 0 0 0 0 0 0 0 0 0 0 65 66 68 70 72 75 84 
68 71 67 67 67 67 67 67 67 67 68 68 69 69 69 69 70 71 72 73 73 74 74 75 75 75 75 75 76 76 75 75 74 73 69 0 0 0 0 0 0 0 0 0 0 0 0 0 0 0 0 0 0 0 0 0 0 0 0 0 0 0 0 0 0 0 0 0 0 70 79 83 85 88 91 91 91 91 91 91 90 82 76 72 63 47 0 0 0 0 0 0 0 0 0 0 0 0 0 0 0 0 0 0 0 0 0 0 0 0 0 0 0 0 0 0 0 0 0 0 0 0 68 83 89 93 95 102 104 104 105 105 105 104 104 103 104 104 104 104 103 103 102 102 102 103 102 102 102 101 102 105 104 95 93 89 78 57 0 0 0 0 0 0 0 0 0 0 0 63 65 66 69 72 73 80 
62 69 67 67 67 66 67 67 67 67 68 68 68 69 69 69 70 71 72 73 73 74 74 74 75 75 75 75 76 76 75 74 73 72 67 0 0 0 0 0 0 0 0 0 0 0 0 0 0 0 0 0 0 0 0 0 0 0 0 0 0 0 0 0 0 0 0 0 0 71 80 83 85 88 91 91 91 91 91 91 90 82 74 70 61 46 0 0 0 0 0 0 0 0 0 0 0 0 0 0 0 0 0 0 0 0 0 0 0 0 0 0 0 0 0 0 0 0 0 0 0 0 66 82 89 92 95 103 104 104 105 104 104 104 104 104 104 104 104 104 103 103 102 103 103 103 102 102 102 101 102 104 104 96 94 91 81 59 0 0 0 0 0 0 0 0 0 0 0 64 65 66 68 71 78 78 
64 67 67 67 67 66 66 66 66 66 68 68 68 68 68 69 70 71 72 73 73 74 74 74 74 75 75 75 76 76 74 73 72 70 65 0 0 0 0 0 0 0 0 0 0 0 0 0 0 0 0 0 0 0 0 0 0 0 0 0 0 0 0 0 0 0 0 0 0 72 80 84 86 89 92 91 92 92 92 92 91 83 75 70 62 47 0 0 0 0 0 0 0 0 0 0 0 0 0 0 0 0 0 0 0 0 0 0 0 0 0 0 0 0 0 0 0 0 0 0 0 0 65 82 89 92 95 103 104 104 105 105 105 104 104 104 104 104 104 103 103 103 103 103 103 103 102 102 102 101 102 104 105 97 95 92 83 62 0 0 0 0 0 0 0 0 0 0 0 63 65 66 68 71 76 84 
63 65 66 66 67 66 67 67 67 67 68 68 68 68 68 69 70 71 72 73 73 74 74 74 74 75 75 75 76 76 74 73 72 69 64 0 0 0 0 0 0 0 0 0 0 0 0 0 0 0 0 0 0 0 0 0 0 0 0 0 0 0 0 0 0 0 0 0 0 79 85 87 88 89 91 91 91 91 91 92 91 83 74 69 61 46 38 0 0 0 0 0 0 0 0 0 0 0 0 0 0 0 0 0 0 0 0 0 0 0 0 0 0 0 0 0 0 0 0 0 0 0 61 78 86 90 95 103 105 105 105 105 105 105 105 104 104 104 103 103 103 103 103 102 102 103 102 102 102 102 102 105 105 98 97 95 86 67 0 0 0 0 0 0 0 0 0 0 0 62 64 66 68 71 73 88 
70 68 65 65 66 66 67 67 67 67 67 68 68 69 69 70 71 71 72 72 73 73 74 74 74 75 75 75 76 76 74 73 72 69 61 0 0 0 0 0 0 0 0 0 0 0 0 0 0 0 0 0 0 0 0 0 0 0 0 0 0 0 0 0 0 0 0 0 0 73 81 84 86 89 91 91 91 92 92 92 92 84 74 69 61 46 38 0 0 0 0 0 0 0 0 0 0 0 0 0 0 0 0 0 0 0 0 0 0 0 0 0 0 0 0 0 0 0 0 0 0 0 57 74 83 88 95 103 105 105 106 106 106 105 105 104 104 104 103 103 103 102 102 102 102 102 102 102 102 102 102 105 106 99 99 97 88 68 0 0 0 0 0 0 0 0 0 0 0 62 63 65 68 71 76 81 
66 65 65 65 66 66 67 67 67 67 68 68 68 69 70 71 71 72 72 72 72 73 73 73 74 75 75 75 76 76 73 73 72 69 60 0 0 0 0 0 0 0 0 0 0 0 0 0 0 0 0 0 0 0 0 0 0 0 0 0 0 0 0 0 0 0 0 0 0 69 78 82 84 89 91 92 92 92 92 93 92 84 74 70 62 47 39 0 0 0 0 0 0 0 0 0 0 0 0 0 0 0 0 0 0 0 0 0 0 0 0 0 0 0 0 0 0 0 0 0 0 0 55 72 81 86 95 104 105 106 106 106 105 105 105 104 104 104 103 103 103 102 102 101 101 101 101 101 101 101 102 104 106 100 100 98 91 72 0 0 0 0 0 0 0 0 0 0 0 0 63 65 67 71 73 77 
68 62 65 65 65 66 66 66 67 67 68 69 69 70 70 70 71 71 72 72 72 73 74 74 74 75 75 75 76 76 73 73 72 69 60 0 0 0 0 0 0 0 0 0 0 0 0 0 0 0 0 0 0 0 0 0 0 0 0 0 0 0 0 0 0 0 0 0 0 66 75 80 82 89 91 92 92 92 92 93 92 84 75 70 62 48 40 0 0 0 0 0 0 0 0 0 0 0 0 0 0 0 0 0 0 0 0 0 0 0 0 0 0 0 0 0 0 0 0 0 0 42 54 70 79 85 96 104 106 106 106 106 106 105 105 104 104 104 103 103 103 102 102 101 101 101 100 101 101 101 102 104 106 100 100 98 92 75 0 0 0 0 0 0 0 0 0 0 0 0 63 65 67 70 74 77 
64 66 64 64 65 66 66 67 67 67 68 68 69 69 70 71 71 71 72 72 72 73 73 74 74 75 75 76 76 77 73 73 72 68 60 0 0 0 0 0 0 0 0 0 0 0 0 0 0 0 0 0 0 0 0 0 0 0 0 0 0 0 0 0 0 0 0 0 40 63 73 78 81 89 91 91 91 92 92 93 92 84 75 71 63 49 41 0 0 0 0 0 0 0 0 0 0 0 0 0 0 0 0 0 0 0 0 0 0 0 0 0 0 0 0 0 0 0 0 0 0 42 52 68 78 83 96 105 106 106 106 106 105 105 105 104 104 104 104 103 103 102 101 101 101 101 101 101 101 101 102 104 106 101 101 99 93 77 0 0 0 0 0 0 0 0 0 0 0 0 0 64 66 70 64 79 
68 63 64 64 65 65 66 66 67 67 68 68 69 69 70 70 70 71 71 72 72 72 73 73 74 75 75 76 76 77 73 73 72 69 61 0 0 0 0 0 0 0 0 0 0 0 0 0 0 0 0 0 0 0 0 0 0 0 0 0 0 0 0 0 0 0 0 0 40 60 70 76 79 89 91 92 92 92 93 93 93 85 76 71 63 49 40 0 0 0 0 0 0 0 0 0 0 0 0 0 0 0 0 0 0 0 0 0 0 0 0 0 0 0 0 0 0 0 0 0 0 41 53 70 80 85 96 105 106 106 106 106 105 105 104 104 103 104 104 103 103 103 102 101 101 101 101 101 101 101 102 104 106 101 100 98 93 76 0 0 0 0 0 0 0 0 0 0 0 0 0 0 65 70 63 74 
61 64 65 64 65 65 65 66 66 67 68 68 69 69 69 69 70 70 71 71 72 72 73 74 74 75 75 76 76 77 74 73 72 69 62 0 0 0 0 0 0 0 0 0 0 0 0 0 0 0 0 0 0 0 0 0 0 0 0 0 0 0 0 0 0 0 0 0 39 61 70 76 79 89 91 92 92 93 93 94 93 86 75 70 62 49 40 0 0 0 0 0 0 0 0 0 0 0 0 0 0 0 0 0 0 0 0 0 0 0 0 0 0 0 0 0 0 0 0 0 0 43 53 70 80 86 97 106 107 107 106 106 106 105 105 104 104 104 104 104 103 103 102 101 101 102 101 101 101 101 101 103 105 100 99 97 92 76 0 0 0 0 0 0 0 0 0 0 0 0 0 0 62 69 65 72 
66 64 65 64 65 66 66 66 67 67 68 68 69 69 68 69 69 70 70 71 71 72 73 74 74 75 75 76 76 77 74 74 73 70 63 0 0 0 0 0 0 0 0 0 0 0 0 0 0 0 0 0 0 0 0 0 0 0 0 0 0 0 0 0 38 0 0 0 40 61 71 76 79 89 91 92 92 92 93 93 93 86 75 70 62 49 41 0 0 0 0 0 0 0 0 0 0 0 0 0 0 0 0 0 0 0 0 0 0 0 0 0 0 0 0 0 0 0 0 0 0 42 53 70 80 86 97 106 108 107 107 106 106 105 105 104 104 104 104 103 103 103 102 101 102 102 102 101 102 101 102 103 105 99 98 97 92 74 0 0 0 0 0 0 0 0 0 0 0 0 0 0 62 68 60 79 
69 65 65 65 66 66 67 66 67 67 68 68 68 68 68 68 69 69 70 71 72 72 73 74 74 74 75 75 76 76 74 74 73 70 64 0 0 0 0 0 0 0 0 0 0 0 0 0 0 0 0 0 0 0 0 0 0 0 0 0 0 0 0 0 38 0 0 0 40 61 71 76 79 89 92 92 92 92 93 94 93 86 75 71 62 50 41 0 0 0 0 0 0 0 0 0 0 0 0 0 0 0 0 0 0 0 0 0 0 0 0 0 0 0 0 0 0 0 0 0 0 43 53 70 80 86 98 107 108 108 107 107 106 106 105 105 104 105 104 104 103 103 102 102 102 102 102 102 102 101 102 103 105 99 99 97 92 73 0 0 0 0 0 0 0 0 0 0 0 0 0 0 61 67 57 73 
68 59 65 65 66 67 67 66 66 67 68 68 68 69 68 68 69 69 70 71 72 72 74 74 74 74 75 75 75 76 74 74 73 70 63 0 0 0 0 0 0 0 0 0 0 0 0 0 0 0 0 0 0 0 0 0 0 0 0 0 0 0 0 0 38 0 0 0 41 61 71 76 79 89 92 92 93 93 93 94 93 86 76 71 63 50 41 0 0 0 0 0 0 0 0 0 0 0 0 0 0 0 0 0 0 0 0 0 0 0 0 0 0 0 0 0 0 0 0 0 0 0 54 72 82 88 97 107 108 108 108 107 106 106 105 105 105 105 105 104 103 103 102 102 101 102 102 102 102 102 102 102 104 98 98 96 91 72 0 0 0 0 0 0 0 0 0 0 0 0 0 0 59 67 62 72 
61 64 65 65 66 67 67 66 66 67 68 68 68 69 69 69 69 70 71 71 72 73 74 74 74 74 75 74 75 76 74 74 73 71 64 0 0 0 0 0 0 0 0 0 0 0 0 0 0 0 0 0 0 0 0 0 0 0 0 0 0 0 0 0 0 0 0 0 42 63 72 77 80 90 92 92 93 92 93 94 93 86 76 72 64 52 42 0 0 0 0 0 0 0 0 0 0 41 41 41 0 0 0 0 0 0 0 0 0 0 0 0 0 0 0 0 0 0 0 0 0 43 52 69 80 86 97 107 108 108 108 108 107 107 106 105 105 105 105 105 104 103 102 102 101 102 102 102 102 102 102 102 104 99 98 96 91 73 0 0 0 0 0 0 0 0 0 0 0 0 0 0 59 67 59 72 
62 59 64 65 66 66 66 66 66 67 67 68 68 69 69 70 70 70 71 72 72 73 74 74 74 74 75 75 76 76 74 73 72 70 63 0 0 0 0 0 0 0 0 0 0 0 0 0 0 0 0 0 0 0 0 0 0 0 0 0 0 0 0 0 0 0 0 0 44 63 72 78 81 90 92 92 93 92 93 93 93 86 77 72 65 53 44 0 0 0 0 0 0 0 0 0 0 0 0 41 0 0 0 0 0 0 0 0 0 0 0 0 0 0 0 0 0 0 0 0 0 43 52 69 79 85 96 106 108 108 108 108 107 107 106 105 105 105 105 104 104 103 102 102 101 102 102 102 102 102 102 102 105 99 99 97 92 73 0 0 0 0 0 0 0 0 0 0 0 0 0 0 61 68 0 72 
66 64 64 65 65 66 66 66 66 66 67 68 68 69 69 70 70 71 71 72 73 73 74 74 74 74 75 75 76 76 73 73 72 69 63 0 0 0 0 0 0 0 0 0 0 0 0 0 0 0 0 0 0 0 0 0 0 0 0 0 0 0 0 0 0 0 0 0 44 61 73 78 81 90 93 92 93 93 93 94 93 87 78 73 66 54 45 0 0 0 0 0 0 0 0 0 0 0 0 43 0 0 0 0 0 0 0 0 0 0 0 0 0 0 0 0 0 0 0 0 0 44 52 68 79 85 96 106 108 108 108 108 108 108 107 106 106 105 105 105 104 103 102 102 101 102 102 101 101 101 101 102 105 100 97 95 89 71 0 0 0 0 0 0 0 0 0 0 0 0 0 0 63 69 59 73 
57 66 64 65 65 66 66 66 66 66 67 68 68 69 70 70 71 71 71 72 72 73 73 74 74 74 75 75 76 76 73 73 72 70 64 0 0 0 0 0 0 0 0 0 0 0 0 0 0 0 0 0 0 0 0 0 0 0 0 0 0 0 0 0 0 0 0 0 44 62 73 78 81 90 92 92 93 93 94 94 94 88 78 74 67 55 46 0 0 0 0 0 0 0 0 0 0 42 41 41 42 0 0 0 0 0 0 0 0 0 0 0 0 0 0 0 0 0 0 0 0 43 52 68 78 85 95 105 108 108 108 108 108 107 107 106 105 105 105 104 104 103 102 102 101 101 101 101 101 101 101 102 105 100 97 95 90 73 0 0 0 0 0 0 0 0 0 0 0 0 0 0 66 71 64 75 
58 60 64 65 65 65 66 66 66 67 68 68 69 69 70 71 71 72 72 72 72 73 73 73 74 75 75 75 76 76 73 73 72 70 64 0 0 0 0 0 0 0 0 0 0 0 0 0 0 0 0 0 0 0 0 0 0 0 0 0 0 0 0 0 0 0 0 0 45 62 74 79 81 91 92 93 93 93 94 94 94 88 79 74 68 56 47 0 0 0 0 0 0 0 0 0 0 41 41 41 42 41 0 0 0 0 0 0 0 0 0 0 0 0 0 0 0 0 0 0 0 43 51 66 76 83 95 105 107 107 107 108 108 108 107 106 105 105 104 104 104 103 103 102 102 102 101 100 100 101 101 103 105 101 98 97 91 74 0 0 0 0 0 0 0 0 0 0 0 0 0 0 68 72 72 77 
64 61 64 65 65 65 65 66 66 67 67 68 69 69 69 70 70 71 70 71 72 72 73 74 74 75 75 76 76 76 73 72 70 68 63 0 0 0 0 0 0 0 0 0 0 0 0 0 0 0 0 0 0 0 0 0 0 0 0 0 0 0 0 0 0 37 0 0 44 62 74 79 82 91 93 93 93 94 95 95 95 89 80 75 69 57 49 0 0 0 0 0 0 0 0 0 0 44 45 46 46 46 0 0 0 0 0 0 0 0 0 0 0 0 0 0 0 0 0 0 0 44 51 66 77 83 95 105 107 107 107 108 107 107 107 105 105 104 104 103 103 103 103 103 102 102 101 100 100 100 100 102 105 101 98 97 92 75 0 0 0 0 0 0 0 0 0 0 0 0 0 0 69 73 69 78 
61 67 64 64 65 66 66 66 67 67 68 68 68 69 69 69 70 71 70 71 72 72 72 73 74 74 75 75 76 75 73 72 70 68 63 0 0 0 0 0 0 0 0 0 0 0 0 0 0 0 0 0 0 0 0 0 0 0 0 0 0 37 37 37 37 37 0 0 44 63 75 79 82 92 93 94 94 94 95 95 95 90 81 76 70 59 50 0 0 0 0 0 0 0 0 0 0 44 50 51 51 51 55 0 0 0 0 0 0 0 0 0 0 0 0 0 0 0 0 0 0 43 51 66 76 83 95 105 107 107 107 108 107 107 106 105 105 104 104 104 104 103 103 102 102 101 101 100 100 101 101 103 105 101 99 97 93 76 0 0 0 0 0 0 0 0 0 0 0 0 0 0 69 73 75 76 
62 62 65 65 66 66 66 66 66 67 68 68 68 69 69 69 70 71 70 71 72 72 73 74 74 75 75 75 75 75 73 72 70 68 62 0 0 0 0 0 0 0 0 0 0 0 0 0 0 0 0 0 0 0 0 0 0 0 0 0 0 37 37 38 38 38 0 0 44 65 74 80 82 92 94 94 94 95 96 96 96 91 82 78 71 60 51 0 0 0 0 0 0 0 0 0 0 44 55 58 58 58 63 0 0 0 0 0 0 0 0 0 0 0 0 0 0 0 0 0 0 44 51 66 76 83 95 104 107 107 107 108 108 107 106 105 104 104 104 104 103 103 103 102 102 101 100 100 100 100 101 103 106 102 99 98 93 77 0 0 0 0 0 0 0 0 0 0 0 0 0 0 66 70 65 80 
62 61 65 65 66 66 65 66 66 66 67 68 68 68 69 69 70 70 70 71 72 72 73 74 75 75 76 76 76 76 73 72 70 68 61 0 0 0 0 0 0 0 0 0 0 0 0 0 0 0 0 0 0 0 0 0 0 0 0 0 0 0 0 38 38 37 0 0 45 63 76 81 83 93 95 95 94 95 95 96 96 91 83 79 73 62 53 0 0 0 0 0 0 0 0 0 0 43 62 69 69 66 70 67 0 0 0 0 0 0 0 0 0 0 0 0 0 0 0 0 0 45 51 67 77 83 95 104 106 107 107 107 107 107 106 105 105 104 104 104 103 103 103 102 101 101 100 99 100 100 101 102 105 101 99 98 93 77 0 0 0 0 0 0 0 0 0 0 0 0 0 0 64 70 63 75 
63 67 65 65 65 65 65 65 66 66 67 67 68 68 69 69 70 70 70 71 72 72 73 74 75 75 75 76 76 76 73 72 71 68 61 0 0 0 0 0 0 0 0 0 0 0 0 0 0 0 0 0 0 0 0 0 0 0 0 0 0 38 38 38 38 37 37 37 44 64 76 81 84 93 95 95 95 95 96 97 97 92 83 80 74 63 54 0 0 0 0 0 0 0 39 39 39 46 65 79 76 73 74 75 0 0 0 0 0 0 0 0 0 0 0 0 0 0 0 0 0 46 52 67 77 83 95 104 106 106 107 107 108 107 106 105 104 104 104 103 103 103 102 101 101 101 100 100 100 100 101 102 105 101 98 97 93 77 0 0 0 0 0 0 0 0 0 0 0 0 0 0 64 69 66 72 
63 67 64 65 65 65 65 65 65 66 67 67 68 69 69 69 70 70 71 71 72 72 73 74 75 76 76 76 76 75 73 72 71 68 61 0 0 0 0 0 0 0 0 0 0 0 0 0 0 0 0 0 0 0 0 0 0 0 0 0 0 0 0 38 38 37 37 37 44 63 75 81 84 93 95 95 95 96 96 97 97 92 84 81 75 64 56 0 0 0 0 0 0 0 0 0 0 0 70 87 83 77 75 75 49 0 0 0 0 0 0 0 0 0 0 0 0 0 0 0 0 46 53 67 77 83 95 104 106 107 107 108 108 107 106 106 105 104 104 103 103 103 102 100 100 100 99 99 100 100 101 102 105 101 99 97 94 77 0 0 0 0 0 0 0 0 0 0 0 0 0 58 64 68 68 80 
65 65 64 65 65 64 64 65 65 66 67 68 68 69 69 70 70 70 70 71 71 72 73 74 75 76 76 76 75 75 72 72 70 68 61 0 0 0 0 0 0 0 0 0 0 0 0 0 0 0 0 0 0 0 0 0 0 0 0 0 0 0 0 38 38 37 37 37 44 63 75 80 84 93 95 96 96 96 96 97 97 92 84 79 73 63 55 0 0 0 0 0 0 0 0 0 0 0 62 95 103 96 90 100 85 57 0 0 0 0 0 0 0 0 0 0 0 0 0 0 0 48 54 68 77 83 94 103 106 106 107 107 107 107 106 105 104 104 104 103 103 102 102 101 101 100 99 99 99 99 100 101 104 101 98 97 93 77 0 0 0 0 0 0 0 0 0 0 0 0 0 59 64 68 80 71 
62 61 64 64 65 64 65 65 66 66 67 67 68 68 69 69 69 69 70 70 71 71 72 73 75 75 75 76 76 75 72 71 69 66 60 0 0 0 0 0 0 0 0 0 0 0 0 0 0 0 0 0 0 0 0 0 0 0 0 0 0 38 38 38 37 36 0 0 44 63 75 81 84 94 96 97 96 96 96 97 97 92 86 81 76 68 65 0 0 0 0 0 0 0 0 0 0 0 58 143 140 162 149 170 145 150 69 0 0 0 0 0 0 0 0 0 0 0 0 0 0 56 58 70 78 84 95 104 106 106 107 107 107 107 106 105 104 104 103 102 102 102 102 101 101 100 99 99 99 99 100 101 104 101 101 101 98 83 0 0 0 0 0 0 0 0 0 0 0 0 0 60 66 69 68 75 
61 62 64 64 65 64 65 66 66 66 67 67 68 68 69 69 69 69 70 70 71 72 72 73 74 75 75 76 76 75 72 71 69 67 59 0 0 0 0 0 0 0 0 0 0 0 0 0 0 0 0 0 0 0 0 0 0 0 0 0 0 38 38 38 37 0 0 0 46 65 74 80 85 95 97 98 97 96 96 97 97 92 88 89 84 80 84 94 0 0 0 0 0 0 0 0 0 0 56 223 204 220 218 244 159 167 106 47 0 0 0 0 0 0 0 0 0 0 0 0 0 71 67 76 83 87 95 104 106 107 107 107 107 106 105 104 104 103 103 102 102 102 101 101 101 100 99 99 99 98 99 101 103 101 101 100 98 83 0 0 0 0 0 0 0 0 0 0 0 0 0 61 65 69 69 79 
66 62 64 64 65 64 65 66 66 66 67 67 67 68 68 68 69 69 70 71 71 72 73 74 75 75 75 76 76 75 72 71 69 66 60 0 0 0 0 0 0 0 0 0 0 0 0 0 0 0 0 0 0 0 0 0 0 0 0 0 0 37 37 37 37 36 0 0 46 65 74 81 87 98 101 102 100 97 96 97 97 92 89 92 88 85 91 100 0 0 0 0 0 0 0 0 0 0 59 275 259 266 259 277 169 168 113 47 0 0 0 0 0 0 0 0 0 0 0 0 0 82 75 81 86 89 96 105 107 107 107 107 107 106 105 104 104 103 102 102 102 102 101 101 101 100 99 98 98 98 99 100 103 99 99 99 96 81 0 0 0 0 0 0 0 0 0 0 0 0 0 62 65 68 71 78 
65 61 64 64 65 65 65 66 67 67 67 67 67 67 68 68 69 69 70 70 71 72 72 73 74 75 75 76 76 76 72 72 69 66 58 0 0 0 0 0 0 0 0 0 0 0 0 0 0 0 0 0 0 0 0 0 0 0 0 0 37 37 37 37 37 37 0 0 47 66 74 81 89 100 102 103 102 97 96 96 96 92 89 90 86 82 87 91 0 0 0 0 0 0 0 0 0 0 57 278 281 331 312 323 219 207 100 47 46 0 0 0 0 0 0 0 0 0 0 0 88 81 75 81 87 90 97 105 107 107 107 107 107 106 105 104 103 103 102 102 102 101 100 100 100 99 99 98 98 98 98 99 101 98 98 97 95 80 0 0 0 0 0 0 0 0 0 0 0 0 0 61 65 69 65 78 
64 64 65 64 65 65 66 66 67 67 67 67 67 67 67 68 68 69 70 71 72 72 73 73 74 74 75 76 76 76 73 72 70 66 58 0 0 0 0 0 0 0 0 0 0 0 0 0 0 0 0 0 0 0 0 0 0 0 0 0 0 37 37 37 37 37 0 0 47 66 74 81 89 100 103 103 102 97 96 96 96 92 89 89 85 82 86 90 0 0 0 0 0 0 0 0 0 0 59 291 279 336 315 298 193 190 93 46 44 0 0 0 0 0 0 0 0 0 0 0 88 81 75 81 87 90 97 105 107 107 107 107 106 105 104 104 103 102 101 101 99 98 96 96 95 94 93 94 94 94 94 96 98 94 94 93 90 76 0 0 0 0 0 0 0 0 0 0 0 0 62 62 65 68 71 78 
67 64 65 64 65 65 65 66 66 66 67 67 67 68 68 68 69 69 70 71 72 73 73 74 74 75 75 75 76 76 73 73 71 68 60 0 0 0 0 0 0 0 0 0 0 0 0 0 0 0 0 0 0 0 0 0 0 0 0 0 0 0 38 37 37 0 0 0 46 66 74 81 88 100 103 104 102 98 95 96 95 91 87 87 83 79 83 88 0 0 0 0 0 0 0 0 0 0 59 283 253 280 265 251 159 156 90 47 44 0 0 0 0 0 0 0 0 0 0 0 0 80 74 80 86 89 96 105 107 107 107 107 106 105 103 103 101 99 96 94 93 92 91 92 93 93 92 92 91 88 87 87 87 85 86 85 84 74 0 0 0 0 0 0 0 0 0 0 0 0 61 62 64 68 72 84 
70 64 65 65 65 65 65 66 66 66 67 66 68 68 68 69 69 69 70 71 72 72 73 74 74 75 75 75 76 76 73 72 71 68 60 0 0 0 0 0 0 0 0 0 0 0 0 0 0 0 0 0 0 0 0 0 0 0 0 0 0 0 0 37 37 0 0 0 45 65 73 80 87 98 101 102 101 98 96 96 96 91 84 80 75 68 66 0 0 0 0 0 0 0 0 0 0 0 0 210 180 223 193 185 147 148 74 46 42 0 0 0 0 0 0 0 0 0 0 0 0 68 65 75 82 87 96 104 106 107 106 106 106 105 102 99 97 95 92 90 91 90 89 90 91 91 90 90 88 86 85 84 84 83 83 82 81 0 0 0 0 0 0 0 0 0 0 0 0 0 61 62 64 68 70 78 
62 65 65 65 65 65 66 66 66 67 67 67 68 68 68 69 69 70 71 71 72 72 73 73 74 74 75 75 76 76 72 72 70 67 58 0 0 0 0 0 0 0 0 0 0 0 0 0 0 0 0 0 0 0 0 0 0 0 0 0 0 0 0 0 0 0 0 0 46 64 73 78 84 95 97 98 98 96 95 95 95 90 82 75 69 59 52 0 0 0 0 0 0 0 0 0 0 0 0 0 125 188 155 149 139 139 60 45 0 0 0 0 0 0 0 0 0 0 0 0 0 53 56 69 78 84 95 104 106 106 106 106 105 103 98 95 92 87 83 82 81 79 79 79 80 81 82 84 84 81 79 78 78 78 79 79 77 0 0 0 0 0 0 0 0 0 0 0 0 0 61 61 64 68 68 84 
63 62 65 65 65 66 66 66 66 66 66 66 67 68 68 69 69 70 70 71 72 72 73 73 74 74 75 75 75 75 72 72 71 68 61 0 0 0 0 0 0 0 0 0 0 0 0 0 0 0 0 0 0 0 0 0 0 0 0 0 0 0 0 0 0 0 0 0 44 63 72 78 82 93 96 97 96 96 95 95 95 90 81 76 69 59 52 0 0 0 0 0 0 0 0 0 0 0 0 0 76 107 98 95 93 96 71 0 0 0 0 0 0 0 0 0 0 0 0 0 0 47 53 67 77 83 94 103 105 105 105 105 104 102 97 93 88 81 77 76 76 75 76 73 72 71 70 70 70 66 64 65 65 66 68 70 0 0 0 0 0 0 0 0 0 0 0 0 0 59 61 62 64 67 73 79 
60 66 64 65 65 65 66 65 66 66 65 66 67 68 68 69 70 70 71 71 72 72 72 73 74 74 75 75 76 76 73 72 70 67 61 0 0 0 0 0 0 0 0 0 0 0 0 0 0 0 0 0 0 0 0 0 0 0 0 0 0 0 0 0 37 0 0 0 41 62 71 77 81 92 95 96 96 96 95 95 94 89 81 77 71 60 54 0 0 0 0 0 0 0 0 0 0 0 0 0 0 96 95 91 91 95 85 0 0 0 0 0 0 0 0 0 0 0 0 0 0 46 52 66 76 82 94 103 105 105 105 104 102 99 94 87 81 76 73 75 78 78 78 75 73 69 61 57 59 59 60 62 61 62 64 0 0 0 0 0 0 0 0 0 0 0 0 0 0 60 62 62 64 67 74 74 
64 71 63 64 65 65 66 66 66 66 66 66 67 68 68 69 70 70 70 71 71 72 72 72 73 74 75 76 76 76 73 72 70 67 59 0 0 0 0 0 0 0 0 0 0 0 0 0 0 0 0 0 0 0 0 0 0 0 0 0 0 38 38 38 37 38 0 0 40 61 71 76 80 91 94 95 95 96 95 95 94 89 81 77 71 59 53 0 0 0 0 0 0 0 0 0 0 0 0 0 0 76 86 80 80 82 83 0 0 0 0 0 0 0 0 0 0 0 0 0 0 45 51 65 75 81 93 103 105 105 105 104 100 97 89 81 75 74 76 83 86 84 83 79 74 68 64 65 71 72 74 75 75 75 76 0 0 0 0 0 0 0 0 0 0 0 0 0 0 61 62 62 64 67 66 82 
57 61 64 65 65 65 66 66 66 66 66 66 67 67 68 69 69 70 70 71 71 72 72 72 73 74 75 76 77 77 73 72 70 67 58 0 0 0 0 0 0 0 0 0 0 0 0 0 0 0 0 0 0 0 0 0 0 0 0 0 0 38 38 38 37 38 0 0 40 62 70 76 79 90 93 95 95 95 96 95 94 88 80 75 69 58 51 0 0 0 0 0 0 0 0 0 0 0 0 0 0 65 79 73 73 73 77 0 0 0 0 0 0 0 0 0 0 0 0 0 0 44 50 64 74 81 93 103 105 105 104 103 99 95 86 80 76 78 82 88 89 85 84 79 73 67 68 72 77 78 79 79 79 79 78 0 0 0 0 0 0 0 0 0 0 0 0 0 0 60 62 62 64 67 71 80 
56 67 64 65 65 65 64 65 65 66 66 66 67 67 68 69 69 69 70 70 71 72 72 73 74 74 75 76 77 77 74 73 71 68 60 0 0 0 0 0 0 0 0 0 0 0 0 0 0 0 0 0 0 0 0 0 0 0 0 0 0 39 39 39 38 37 0 0 40 61 70 75 79 90 93 95 95 95 96 95 94 88 79 75 69 57 50 0 0 0 0 0 0 0 0 0 0 0 0 0 0 0 68 63 63 63 66 51 0 0 0 0 0 0 0 0 0 0 0 0 0 43 49 64 74 80 93 102 105 105 104 102 98 93 85 80 79 85 90 94 95 90 87 81 75 69 73 76 80 82 83 82 82 82 81 78 0 0 0 0 0 0 0 0 0 0 0 0 0 61 64 63 65 68 70 77 
66 66 64 64 64 64 64 64 65 65 65 66 67 68 68 69 69 69 69 70 71 72 72 73 74 74 75 76 77 77 74 73 71 68 60 0 0 0 0 0 0 0 0 0 0 0 0 0 0 0 0 0 0 0 0 0 0 0 0 0 39 39 38 38 38 37 0 0 40 61 70 75 79 89 92 94 95 95 95 95 94 88 79 75 68 56 48 0 0 0 0 0 0 0 0 0 0 0 0 0 0 0 61 56 56 56 59 49 0 0 0 0 0 0 0 0 0 0 0 0 0 43 49 64 74 80 93 103 105 105 104 101 97 90 82 79 81 87 93 97 97 91 88 81 74 71 78 80 84 87 88 87 88 87 85 79 0 0 0 0 0 0 0 0 0 0 0 0 0 62 64 64 65 68 70 78 
64 67 64 64 64 64 64 65 66 66 66 66 67 67 68 68 69 69 69 70 71 72 73 73 74 74 74 75 76 77 74 73 72 69 61 0 0 0 0 0 0 0 0 0 0 0 0 0 0 0 0 0 0 0 0 0 0 0 0 0 0 39 39 39 39 0 0 0 40 62 70 75 79 89 92 93 94 94 95 95 94 88 78 74 67 55 48 0 0 0 0 0 0 0 0 0 0 0 0 0 0 0 55 53 53 53 56 52 0 0 0 0 0 0 0 0 0 0 0 0 0 45 50 64 74 80 92 102 104 104 104 101 98 88 81 79 83 87 94 98 96 90 87 80 74 74 83 85 89 91 92 91 90 89 87 82 0 0 0 0 0 0 0 0 0 0 0 0 0 61 64 63 65 68 71 77 
67 60 64 64 64 65 65 65 66 65 66 66 67 67 67 67 67 67 68 69 71 72 73 73 74 74 74 75 75 76 73 73 72 69 61 0 0 0 0 0 0 0 0 0 0 0 0 0 0 0 0 0 0 0 0 0 0 0 0 0 0 0 0 0 0 0 0 0 39 61 70 76 79 89 92 93 93 93 94 94 93 87 77 73 65 53 45 0 0 0 0 0 0 0 0 0 0 0 0 0 0 0 0 52 52 52 52 0 0 0 0 0 0 0 0 0 0 0 0 0 0 44 50 64 74 80 92 102 104 103 103 99 98 88 82 81 86 89 95 98 94 89 84 76 73 77 84 87 91 93 93 91 91 90 88 84 0 0 0 0 0 0 0 0 0 0 0 0 0 60 63 63 65 67 71 84 
60 65 64 64 64 65 64 64 65 65 65 66 66 66 66 66 65 65 66 67 69 70 72 73 74 74 75 75 75 76 74 73 72 70 63 0 0 0 0 0 0 0 0 0 0 0 0 0 0 0 0 0 0 0 0 0 0 0 0 0 0 0 0 0 0 0 0 0 39 60 69 75 78 89 91 92 92 93 93 93 93 86 76 72 65 52 44 0 0 0 0 0 0 0 0 0 0 0 0 0 0 0 0 0 0 0 0 0 0 0 0 0 0 0 0 0 0 0 0 0 0 44 49 64 74 80 91 101 103 102 101 97 96 87 81 79 83 85 90 92 89 86 80 74 73 78 82 86 89 90 89 88 88 88 86 84 0 0 0 0 0 0 0 0 0 0 0 0 0 60 63 63 66 68 71 71 
61 62 63 64 64 65 65 65 65 65 65 66 67 66 65 64 64 63 63 65 68 69 71 73 74 74 75 75 75 76 74 73 72 70 63 0 0 0 0 0 0 0 0 0 0 0 0 0 0 0 0 0 0 0 0 0 0 0 0 0 0 0 0 0 0 0 0 0 39 59 69 74 77 88 90 91 91 91 92 92 92 86 75 71 64 51 43 0 0 0 0 0 0 0 0 0 0 0 0 0 0 0 0 0 0 0 0 0 0 0 0 0 0 0 0 0 0 0 0 0 0 44 49 65 75 81 91 100 100 98 95 91 89 83 79 79 83 85 89 91 87 86 78 73 72 78 80 84 87 89 87 85 85 84 82 80 0 0 0 0 0 0 0 0 0 0 0 0 0 59 62 63 65 68 71 76 
66 62 63 63 64 65 64 65 66 66 66 67 67 66 65 63 62 61 61 63 67 68 70 73 74 74 75 75 75 75 73 73 72 69 63 0 0 0 0 0 0 0 0 0 0 0 0 0 0 0 0 0 0 0 0 0 0 0 0 0 0 0 0 0 0 0 0 0 39 58 68 74 77 87 90 90 90 90 91 92 92 85 75 71 63 50 43 0 0 0 0 0 0 0 0 0 0 0 0 0 0 0 0 0 0 0 0 0 0 0 0 0 0 0 0 0 0 0 0 0 0 0 50 66 77 82 89 97 97 94 92 88 87 83 78 77 82 83 86 88 85 83 75 72 71 76 79 84 85 88 86 84 84 83 81 80 0 0 0 0 0 0 0 0 0 0 0 0 0 59 61 62 64 67 75 72 
60 63 63 64 65 65 65 65 66 66 66 67 67 66 64 62 60 59 58 61 65 67 69 73 74 74 75 75 75 75 73 72 71 69 63 0 0 0 0 0 0 0 0 0 0 0 0 0 0 0 0 0 0 0 0 0 0 0 0 0 0 0 0 0 0 0 0 0 38 59 70 75 78 87 89 89 89 90 90 91 91 85 74 70 62 49 41 0 0 0 0 0 0 0 0 0 0 0 0 0 0 0 0 0 0 0 0 0 0 0 0 0 0 0 0 0 0 0 0 0 0 0 49 66 76 81 87 94 93 90 86 85 84 82 77 76 81 82 82 84 81 80 70 68 66 72 74 80 82 86 83 81 80 80 77 0 0 0 0 0 0 0 0 0 0 0 0 0 0 59 60 62 64 67 71 86 
63 62 63 64 64 65 65 65 66 66 66 67 67 66 65 62 61 59 58 61 64 66 68 72 73 73 74 75 75 75 73 73 72 70 64 0 0 0 0 0 0 0 0 0 0 0 0 0 0 0 0 0 0 0 0 0 0 0 0 0 0 0 0 0 0 0 0 0 40 60 70 75 78 86 88 88 88 88 89 90 90 84 74 69 62 48 41 0 0 0 0 0 0 0 0 0 0 0 0 0 0 0 0 0 0 0 0 0 0 0 0 0 0 0 0 0 0 0 0 0 0 0 50 68 78 81 85 92 90 86 81 79 78 76 72 71 0 72 73 73 73 0 0 0 64 67 68 72 72 77 75 74 74 73 72 0 0 0 0 0 0 0 0 0 0 0 0 0 0 59 61 62 64 67 67 72 
63 65 63 64 64 65 65 65 66 66 66 67 67 66 64 63 62 61 60 63 66 67 68 72 73 73 73 74 74 75 73 72 71 69 63 0 0 0 0 0 0 0 0 0 0 0 0 0 0 0 0 0 0 0 0 0 0 0 0 0 0 0 0 0 0 0 0 0 0 63 73 77 80 86 88 88 88 88 89 90 90 83 73 69 61 48 40 0 0 0 0 0 0 0 0 0 0 0 0 0 0 0 0 0 0 0 0 0 0 0 0 0 0 0 0 0 0 0 0 0 0 0 52 69 78 80 83 89 86 79 70 67 63 0 0 0 0 0 0 0 0 0 0 0 0 0 0 0 0 0 0 0 0 0 0 0 0 0 0 0 0 0 0 0 0 0 0 0 0 59 61 62 64 66 68 77 
58 67 63 64 64 64 64 64 65 65 66 66 66 66 65 64 64 64 63 65 67 68 69 72 73 73 73 74 74 74 72 72 71 69 62 0 0 0 0 0 0 0 0 0 0 0 0 0 0 0 0 0 0 0 0 0 0 0 0 0 0 0 0 0 0 0 0 0 0 66 75 79 82 86 88 88 88 88 89 90 90 83 73 68 61 47 40 0 0 0 0 0 0 0 0 0 0 0 0 0 0 0 0 0 0 0 0 0 0 0 0 0 0 0 0 0 0 0 0 0 0 0 52 69 77 79 81 86 84 76 0 0 0 0 0 0 0 0 0 0 0 0 0 0 0 0 0 0 0 0 0 0 0 0 0 0 0 0 0 0 0 0 0 0 0 0 0 0 0 60 61 62 64 66 69 76 
57 67 63 64 64 64 64 64 64 65 65 65 66 66 65 65 66 66 65 67 69 69 70 72 72 72 73 74 74 74 72 72 71 68 61 0 0 0 0 0 0 0 0 0 0 0 0 0 0 0 0 0 0 0 0 0 0 0 0 0 0 0 0 0 0 0 0 0 0 65 74 78 81 85 88 88 88 88 89 89 89 83 72 68 60 47 39 0 0 0 0 0 0 0 0 0 0 0 0 0 0 0 0 0 0 0 0 0 0 0 0 0 0 0 0 0 0 0 0 0 0 0 53 70 78 79 80 87 85 76 0 0 0 0 0 0 0 0 0 0 0 0 0 0 0 0 0 0 0 0 0 0 0 0 0 0 0 0 0 0 0 0 0 0 0 0 0 0 0 59 61 62 64 67 73 73 
64 62 63 63 63 63 63 63 64 65 65 65 66 66 66 66 66 66 67 68 69 70 70 71 72 72 73 74 74 74 72 71 70 67 60 0 0 0 0 0 0 0 0 0 0 0 0 0 0 0 0 0 0 0 0 0 0 0 0 0 0 0 0 0 0 0 0 0 0 64 73 78 80 85 88 88 88 88 88 89 88 82 73 69 61 48 40 0 0 0 0 0 0 0 0 0 0 0 0 0 0 0 0 0 0 0 0 0 0 0 0 0 0 0 0 0 0 0 0 0 0 0 55 72 80 81 82 87 86 79 0 0 0 0 0 0 0 0 0 0 0 0 0 0 0 0 0 0 0 0 0 0 0 0 0 0 0 0 0 0 0 0 0 0 0 0 0 0 0 58 60 62 64 67 67 79 
68 58 63 62 62 62 62 62 63 63 63 64 64 65 65 65 66 66 67 69 70 70 71 71 71 72 73 73 74 74 72 71 70 68 60 0 0 0 0 0 0 0 0 0 0 0 0 0 0 0 0 0 0 0 0 0 0 0 0 0 0 0 0 0 0 0 0 0 0 67 75 79 82 85 88 88 89 88 89 89 88 81 74 70 62 48 0 0 0 0 0 0 0 0 0 0 0 0 0 0 0 0 0 0 0 0 0 0 0 0 0 0 0 0 0 0 0 0 0 0 0 0 56 72 80 83 84 89 86 81 73 0 0 0 0 0 0 0 0 0 0 0 0 0 0 0 0 0 0 0 0 0 0 0 0 0 0 0 0 0 0 0 0 0 0 0 0 0 0 60 60 62 64 67 71 78 
0 62 63 62 62 62 62 62 62 63 63 64 65 65 64 64 65 65 66 67 68 68 69 69 69 70 71 72 73 74 71 71 71 68 62 0 0 0 0 0 0 0 0 0 0 0 0 0 0 0 0 0 0 0 0 0 0 0 0 0 0 0 0 0 0 0 0 0 0 67 75 79 81 85 88 88 88 88 89 88 88 81 75 71 64 49 0 0 0 0 0 0 0 0 0 0 0 0 0 0 0 0 0 0 0 0 0 0 0 0 0 0 0 0 0 0 0 0 0 0 0 0 61 76 83 86 86 91 88 84 77 69 61 57 56 56 58 59 59 56 55 0 0 0 0 0 0 0 0 0 0 0 0 0 0 0 0 0 0 0 0 0 0 0 0 0 0 0 0 59 60 62 64 67 70 78 
0 0 62 61 62 62 62 62 62 63 63 63 65 64 64 64 64 64 65 66 67 67 68 68 69 69 69 69 69 70 68 67 67 66 61 0 0 0 0 0 0 0 0 0 0 0 0 0 0 0 0 0 0 0 0 0 0 0 0 0 0 0 0 0 0 0 0 0 0 67 75 79 81 84 87 88 88 88 88 88 88 81 77 73 66 51 0 0 0 0 0 0 0 0 0 0 0 0 0 0 0 0 0 0 0 0 0 0 0 0 0 0 0 0 0 0 0 0 0 0 0 0 62 77 85 88 88 92 91 87 82 77 73 71 70 70 72 73 72 69 67 66 64 0 0 0 0 0 0 0 0 0 0 0 0 0 0 0 0 0 0 0 0 0 0 0 0 0 0 61 61 62 65 67 70 80 
0 0 62 62 63 62 61 61 62 62 62 63 64 63 63 63 62 62 63 65 65 66 67 68 68 69 69 68 68 68 67 67 67 66 62 0 0 0 0 0 0 0 0 0 0 0 0 0 0 0 0 0 0 0 0 0 0 0 0 0 0 0 0 0 0 0 0 0 0 70 77 79 81 82 85 85 86 85 86 86 86 79 77 74 67 52 0 0 0 0 0 0 0 0 0 0 0 0 0 0 0 0 0 0 0 0 0 0 0 0 0 0 0 0 0 0 0 0 0 0 0 0 63 76 83 87 88 92 90 88 84 79 76 74 73 73 73 73 71 69 66 65 63 61 0 0 0 0 0 0 0 0 0 0 0 0 0 0 0 0 0 0 0 0 0 0 0 0 0 61 62 62 64 67 71 77 
0 0 0 0 0 0 0 0 0 57 58 59 60 60 61 60 61 61 62 63 64 64 65 66 66 67 67 66 66 67 65 66 66 66 0 0 0 0 0 0 0 0 0 0 0 0 0 0 0 0 0 0 0 0 0 0 0 0 0 0 0 0 0 0 0 0 0 0 0 69 76 76 76 76 77 77 77 77 78 80 78 72 71 68 61 48 0 0 0 0 0 0 0 0 0 0 0 0 0 0 0 0 0 0 0 0 0 0 0 0 0 0 0 0 0 0 0 0 0 0 0 0 61 71 76 79 80 85 83 81 77 74 71 71 71 73 73 73 71 69 66 65 63 61 0 0 0 0 0 0 0 0 0 0 0 0 0 0 0 0 0 0 0 0 0 0 0 0 0 62 62 63 64 67 72 74 
0 0 0 0 0 0 0 0 0 0 0 0 0 0 0 0 0 57 58 59 60 61 60 61 62 63 62 61 62 62 61 62 63 63 0 0 0 0 0 0 0 0 0 0 0 0 0 0 0 0 0 0 0 0 0 0 0 0 0 0 0 0 0 0 0 0 0 0 0 0 75 74 73 73 74 74 75 75 76 78 76 70 70 67 60 49 0 0 0 0 0 0 0 0 0 0 0 0 0 0 0 0 0 0 0 0 0 0 0 0 0 0 0 0 0 0 0 0 0 0 0 0 62 70 75 77 78 82 82 80 77 74 72 71 71 73 73 73 71 69 66 65 63 61 0 0 0 0 0 0 0 0 0 0 0 0 0 0 0 0 0 0 0 0 0 0 0 0 0 63 63 63 65 67 67 78 
0 0 0 0 0 0 0 0 0 0 0 0 0 0 0 0 0 0 0 0 0 0 0 0 0 0 0 0 0 52 53 54 0 0 0 0 0 0 0 0 0 0 0 0 0 0 0 0 0 0 0 0 0 0 0 0 0 0 0 0 0 0 0 0 0 0 0 0 0 0 72 70 69 69 69 70 70 70 71 74 72 67 67 64 58 0 0 0 0 0 0 0 0 0 0 0 0 0 0 0 0 0 0 0 0 0 0 0 0 0 0 0 0 0 0 0 0 0 0 0 0 0 0 66 71 73 74 78 79 78 76 76 76 77 78 81 80 80 78 75 71 69 66 63 0 0 0 0 0 0 0 0 0 0 0 0 0 0 0 0 0 0 0 0 0 0 0 0 63 63 63 64 65 68 66 85 
0 0 0 0 0 0 0 0 0 0 0 0 0 0 0 0 0 0 0 0 0 0 0 0 0 0 0 0 0 0 0 0 0 0 0 0 0 0 0 0 0 0 0 0 0 0 0 0 0 0 0 0 0 0 0 0 0 0 0 0 0 0 0 0 0 0 0 0 0 0 0 62 61 60 60 60 61 61 62 65 63 59 59 58 52 0 0 0 0 0 0 0 0 0 0 0 0 0 0 0 0 0 0 0 0 0 0 0 0 0 0 0 0 0 0 0 0 0 0 0 0 0 0 60 63 65 66 69 69 68 67 68 69 71 73 77 74 73 70 68 65 64 0 0 0 0 0 0 0 0 0 0 0 0 0 0 0 0 0 0 0 0 0 0 0 0 0 0 62 62 62 63 64 68 71 76 
0 0 0 0 0 0 0 0 0 0 0 0 0 0 0 0 0 0 0 0 0 0 0 0 0 0 0 0 0 0 0 0 0 0 0 0 0 0 0 0 0 0 0 0 0 0 0 0 0 0 0 0 0 0 0 0 0 0 0 0 0 0 0 0 0 0 0 0 0 0 0 0 0 0 40 40 40 40 42 0 42 41 0 0 0 0 0 0 0 0 0 0 0 0 0 0 0 0 0 0 0 0 0 0 0 0 0 0 0 0 0 0 0 0 0 0 0 0 0 0 0 0 0 0 0 51 51 52 51 50 48 47 0 0 0 0 0 0 0 0 0 0 0 0 0 0 53 53 53 53 55 0 0 0 0 0 0 0 0 0 0 0 0 0 0 0 0 0 62 62 62 63 65 69 69 86 
0 0 0 0 0 0 0 0 0 0 0 0 0 0 0 0 0 0 0 0 0 0 0 0 0 0 0 0 0 0 0 0 0 0 0 0 0 0 0 0 0 0 0 0 0 0 0 0 0 0 0 0 0 0 0 0 0 0 0 0 0 0 0 0 0 0 0 0 0 0 0 0 0 0 0 0 0 0 0 0 0 0 0 0 0 0 0 0 0 0 0 0 0 0 0 0 0 0 0 0 0 0 0 0 0 0 0 0 0 0 0 0 0 0 0 0 0 0 0 0 0 0 0 0 0 0 0 0 0 0 0 0 0 0 0 0 0 0 0 0 0 0 0 0 0 0 52 52 52 52 55 0 0 0 0 0 0 0 0 0 0 0 0 0 0 0 0 0 63 63 62 64 66 69 75 80 
0 0 0 0 0 0 0 0 0 0 0 0 0 0 0 0 0 0 0 0 0 0 0 0 0 0 0 0 0 0 0 0 0 0 0 0 0 0 0 0 0 0 0 0 0 0 0 0 0 0 0 0 0 0 0 0 0 0 0 0 0 0 0 0 0 0 0 0 0 0 0 0 0 0 0 0 0 0 0 0 0 0 0 0 0 0 0 0 0 0 0 0 0 0 0 0 0 0 0 0 0 0 0 0 0 0 0 0 0 0 0 0 0 0 0 0 0 0 0 0 0 0 0 0 0 0 0 0 0 0 0 0 0 0 0 0 0 0 0 0 0 0 0 0 0 0 52 52 52 52 0 0 0 0 0 0 0 0 0 0 0 0 0 0 0 0 0 0 63 63 62 64 66 70 76 82 
0 0 0 0 0 0 0 0 0 0 0 0 0 0 0 0 0 0 0 0 0 0 0 0 0 0 0 0 0 0 0 0 0 0 0 0 0 0 0 0 0 0 0 0 0 0 0 0 0 0 0 0 0 0 0 0 0 0 0 0 0 0 0 0 0 0 0 0 0 0 0 0 0 0 0 0 0 0 0 0 0 0 0 0 0 0 0 0 0 0 0 0 0 0 0 0 0 0 0 0 0 0 0 0 0 0 0 0 0 0 0 0 0 0 0 0 0 0 0 0 0 0 0 0 0 0 0 0 0 0 0 0 0 0 0 0 0 0 0 0 0 0 0 0 0 0 49 49 49 49 0 0 0 0 0 0 0 0 0 0 0 0 0 0 0 0 0 0 63 63 62 64 66 70 77 77 
0 0 0 0 0 0 0 0 0 0 0 0 0 0 0 0 0 0 0 0 0 0 0 0 0 0 0 0 0 0 0 0 0 0 0 0 0 0 0 0 0 0 0 0 0 0 0 0 0 0 0 0 0 0 0 0 0 0 0 0 0 0 0 0 0 0 0 0 0 0 0 0 0 0 0 0 0 0 0 0 0 0 0 0 0 0 0 0 0 0 0 0 0 0 0 0 0 0 0 0 0 0 0 0 0 0 0 0 0 0 0 0 0 0 0 0 0 0 0 0 0 0 0 0 0 0 0 0 0 0 0 0 0 0 0 0 0 0 0 0 0 0 0 0 0 0 0 0 0 0 0 0 0 0 0 0 0 0 0 0 0 0 0 0 0 0 0 0 0 64 63 65 67 70 82 77 
0 0 0 0 0 0 0 0 0 0 0 0 0 0 0 0 0 0 0 0 0 0 0 0 0 0 0 0 0 0 0 0 0 0 0 0 0 0 0 0 0 0 0 0 0 0 0 0 0 0 0 0 0 0 0 0 0 0 0 0 0 0 0 0 0 0 0 0 0 0 0 0 0 0 0 0 0 0 0 0 0 0 0 0 0 0 0 0 0 0 0 0 0 0 0 0 0 0 0 0 0 0 0 0 0 0 0 0 0 0 0 0 0 0 0 0 0 0 0 0 0 0 0 0 0 0 0 0 0 0 0 0 0 0 0 0 0 0 0 0 0 0 0 0 0 0 0 0 0 0 0 0 0 0 0 0 0 0 0 0 0 0 0 0 0 0 0 0 0 64 63 64 67 70 73 74 
0 0 0 0 0 0 0 0 0 0 0 0 0 0 0 0 0 0 0 0 0 0 0 0 0 0 0 0 0 0 0 0 0 0 0 0 0 0 0 0 0 0 0 0 0 0 0 0 0 0 0 0 0 0 0 0 0 0 0 0 0 0 0 0 0 0 0 0 0 0 0 0 0 0 0 0 0 0 0 0 0 0 0 0 0 0 0 0 0 0 0 0 0 0 0 0 0 0 0 0 0 0 0 0 0 0 0 0 0 0 0 0 0 0 0 0 0 0 0 0 0 0 0 0 0 0 0 0 0 0 0 0 0 0 0 0 0 0 0 0 0 0 0 0 0 0 0 0 0 0 0 0 0 0 0 0 0 0 0 0 0 0 0 0 0 0 0 0 0 0 63 65 68 70 73 76 
0 0 0 0 0 0 0 0 0 0 0 0 0 0 0 0 0 0 0 0 0 0 0 0 0 0 0 0 0 0 0 0 0 0 0 0 0 0 0 0 0 0 0 0 0 0 0 0 0 0 0 0 0 0 0 0 0 0 0 0 0 0 0 0 0 0 0 0 0 0 0 0 0 0 0 0 0 0 0 0 0 0 0 0 0 0 0 0 0 0 0 0 0 0 0 0 0 0 0 0 0 0 0 0 0 0 0 0 0 0 0 0 0 0 0 0 0 0 0 0 0 0 0 0 0 0 0 0 0 0 0 0 0 0 0 0 0 0 0 0 0 0 0 0 0 0 0 0 0 0 0 0 0 0 0 0 0 0 0 0 0 0 0 0 0 0 0 0 0 0 0 63 66 68 65 71 
0 0 0 0 0 0 0 0 0 0 0 0 0 0 0 0 0 0 0 0 0 0 0 0 0 0 0 0 0 0 0 0 0 0 0 0 0 0 0 0 0 0 0 0 0 0 0 0 0 0 0 0 0 0 0 0 0 0 0 0 0 0 0 0 0 0 0 0 0 0 0 0 0 0 0 0 0 0 0 0 0 0 0 0 0 0 0 0 0 0 0 0 0 0 0 0 0 0 0 0 0 0 0 0 0 0 0 0 0 0 0 0 0 0 0 0 0 0 0 0 0 0 0 0 0 0 0 0 0 0 0 0 0 0 0 0 0 0 0 0 0 0 0 0 0 0 0 0 0 0 0 0 0 0 0 0 0 0 0 0 0 0 0 0 0 0 0 0 0 0 0 0 67 69 0 0 
0 0 0 0 0 0 0 0 0 0 0 0 0 0 0 0 0 0 0 0 0 0 0 0 0 0 0 0 0 0 0 0 0 0 0 0 0 0 0 0 0 0 0 0 0 0 0 0 0 0 0 0 0 0 0 0 0 0 0 0 0 0 0 0 0 0 0 0 0 0 0 0 0 0 0 0 0 0 0 0 0 0 0 0 0 0 0 0 0 0 0 0 0 0 0 0 0 0 0 0 0 0 0 0 0 0 0 0 0 0 0 0 0 0 0 0 0 0 0 0 0 0 0 0 0 0 0 0 0 0 0 0 0 0 0 0 0 0 0 0 0 0 0 0 0 0 0 0 0 0 0 0 0 0 0 0 0 0 0 0 0 0 0 0 0 0 0 0 0 0 0 0 0 0 0 0 
0 0 0 0 0 0 0 0 0 0 0 0 0 0 0 0 0 0 0 0 0 0 0 0 0 0 0 0 0 0 0 0 0 0 0 0 0 0 0 0 0 0 0 0 0 0 0 0 0 0 0 0 0 0 0 0 0 0 0 0 0 0 0 0 0 0 0 0 0 0 0 0 0 0 0 0 0 0 0 0 0 0 0 0 0 0 0 0 0 0 0 0 0 0 0 0 0 0 0 0 0 0 0 0 0 0 0 0 0 0 0 0 0 0 0 0 0 0 0 0 0 0 0 0 0 0 0 0 0 0 0 0 0 0 0 0 0 0 0 0 0 0 0 0 0 0 0 0 0 0 0 0 0 0 0 0 0 0 0 0 0 0 0 0 0 0 0 0 0 0 0 0 0 0 0 0 
0 0 0 0 0 0 0 0 0 0 0 0 0 0 0 0 0 0 0 0 0 0 0 0 0 0 0 0 0 0 0 0 0 0 0 0 0 0 0 0 0 0 0 0 0 0 0 0 0 0 0 0 0 0 0 0 0 0 0 0 0 0 0 0 0 0 0 0 0 0 0 0 0 0 0 0 0 0 0 0 0 0 0 0 0 0 0 0 0 0 0 0 0 0 0 0 0 0 0 0 0 0 0 0 0 0 0 0 0 0 0 0 0 0 0 0 0 0 0 0 0 0 0 0 0 0 0 0 0 0 0 0 0 0 0 0 0 0 0 0 0 0 0 0 0 0 0 0 0 0 0 0 0 0 0 0 0 0 0 0 0 0 0 0 0 0 0 0 0 0 0 0 0 0 0 0 
0 0 0 0 0 0 0 0 0 0 0 0 0 0 0 0 0 0 0 0 0 0 0 0 0 0 0 0 0 0 0 0 0 0 0 0 0 0 0 0 0 0 0 0 0 0 0 0 0 0 0 0 0 0 0 0 0 0 0 0 0 0 0 0 0 0 0 0 0 0 0 0 0 0 0 0 0 0 0 0 0 0 0 0 0 0 0 0 0 0 0 0 0 0 0 0 0 0 0 0 0 0 0 0 0 0 0 0 0 0 0 0 0 0 0 0 0 0 0 0 0 0 0 0 0 0 0 0 0 0 0 0 0 0 0 0 0 0 0 0 0 0 0 0 0 0 0 0 0 0 0 0 0 0 0 0 0 0 0 0 0 0 0 0 0 0 0 0 0 0 0 0 0 0 0 0 
0 0 0 0 0 0 0 0 0 0 0 0 0 0 0 0 0 0 0 0 0 0 0 0 0 0 0 0 0 0 0 0 0 0 0 0 0 0 0 0 0 0 0 0 0 0 0 0 0 0 0 0 0 0 0 0 0 0 0 0 0 0 0 0 0 0 0 0 0 0 0 0 0 0 0 0 0 0 0 0 0 0 0 0 0 0 0 0 0 0 0 0 0 0 0 0 0 0 0 0 0 0 0 0 0 0 0 0 0 0 0 0 0 0 0 0 0 0 0 0 0 0 0 0 0 0 0 0 0 0 0 0 0 0 0 0 0 0 0 0 0 0 0 0 0 0 0 0 0 0 0 0 0 0 0 0 0 0 0 0 0 0 0 0 0 0 0 0 0 0 0 0 0 0 0 0 
0 0 0 0 0 0 0 0 0 0 0 0 0 0 0 0 0 0 0 0 0 0 0 0 0 0 0 0 0 0 0 0 0 0 0 0 0 0 0 0 0 0 0 0 0 0 0 0 0 0 0 0 0 0 0 0 0 0 0 0 0 0 0 0 0 0 0 0 0 0 0 0 0 0 0 0 0 0 0 0 0 0 0 0 0 0 0 0 0 0 0 0 0 0 0 0 0 0 0 0 0 0 0 0 0 0 0 0 0 0 0 0 0 0 0 0 0 0 0 0 0 0 0 0 0 0 0 0 0 0 0 0 0 0 0 0 0 0 0 0 0 0 0 0 0 0 0 0 0 0 0 0 0 0 0 0 0 0 0 0 0 0 0 0 0 0 0 0 0 0 0 0 0 0 0 0 
0 0 0 0 0 0 0 0 0 0 0 0 0 0 0 0 0 0 0 0 0 0 0 0 0 0 0 0 0 0 0 0 0 0 0 0 0 0 0 0 0 0 0 0 0 0 0 0 0 0 0 0 0 0 0 0 0 0 0 0 0 0 0 0 0 0 0 0 0 0 0 0 0 0 0 0 0 0 0 0 0 0 0 0 0 0 0 0 0 0 0 0 0 0 0 0 0 0 0 0 0 0 0 0 0 0 0 0 0 0 0 0 0 0 0 0 0 0 0 0 0 0 0 0 0 0 0 0 0 0 0 0 0 0 0 0 0 0 0 0 0 0 0 0 0 0 0 0 0 0 0 0 0 0 0 0 0 0 0 0 0 0 0 0 0 0 0 0 0 0 0 0 0 0 0 0 
0 0 0 0 0 0 0 0 0 0 0 0 0 0 0 0 0 0 0 0 0 0 0 0 0 0 0 0 0 0 0 0 0 0 0 0 0 0 0 0 0 0 0 0 0 0 0 0 0 0 0 0 0 0 0 0 0 0 0 0 0 0 0 0 0 0 0 0 0 0 0 0 0 0 0 0 0 0 0 0 0 0 0 0 0 0 0 0 0 0 0 0 0 0 0 0 0 0 0 0 0 0 0 0 0 0 0 0 0 0 0 0 0 0 0 0 0 0 0 0 0 0 0 0 0 0 0 0 0 0 0 0 0 0 0 0 0 0 0 0 0 0 0 0 0 0 0 0 0 0 0 0 0 0 0 0 0 0 0 0 0 0 0 0 0 0 0 0 0 0 0 0 0 0 0 0 
0 0 0 0 0 0 0 0 0 0 0 0 0 0 0 0 0 0 0 0 0 0 0 0 0 0 0 0 0 0 0 0 0 0 0 0 0 0 0 0 0 0 0 0 0 0 0 0 0 0 0 0 0 0 0 0 0 0 0 0 0 0 0 0 0 0 0 0 0 0 0 0 0 0 0 0 0 0 0 0 0 0 0 0 0 0 0 0 0 0 0 0 0 0 0 0 0 0 0 0 0 0 0 0 0 0 0 0 0 0 0 0 0 0 0 0 0 0 0 0 0 0 0 0 0 0 0 0 0 0 0 0 0 0 0 0 0 0 0 0 0 0 0 0 0 0 0 0 0 0 0 0 0 0 0 0 0 0 0 0 0 0 0 0 0 0 0 0 0 0 0 0 0 0 0 0 
0 0 0 0 0 0 0 0 0 0 0 0 0 0 0 0 0 0 0 0 0 0 0 0 0 0 0 0 0 0 0 0 0 0 0 0 0 0 0 0 0 0 0 0 0 0 0 0 0 0 0 0 0 0 0 0 0 0 0 0 0 0 0 0 0 0 0 0 0 0 0 0 0 0 0 0 0 0 0 0 0 0 0 0 0 0 0 0 0 0 0 0 0 0 0 0 0 0 0 0 0 0 0 0 0 0 0 0 0 0 0 0 0 0 0 0 0 0 0 0 0 0 0 0 0 0 0 0 0 0 0 0 0 0 0 0 0 0 0 0 0 0 0 0 0 0 0 0 0 0 0 0 0 0 0 0 0 0 0 0 0 0 0 0 0 0 0 0 0 0 0 0 0 0 0 0 
0 0 0 0 0 0 0 0 0 0 0 0 0 0 0 0 0 0 0 0 0 0 0 0 0 0 0 0 0 0 0 0 0 0 0 0 0 0 0 0 0 0 0 0 0 0 0 0 0 0 0 0 0 0 0 0 0 0 0 0 0 0 0 0 0 0 0 0 0 0 0 0 0 0 0 0 0 0 0 0 0 0 0 0 0 0 0 0 0 0 0 0 0 0 0 0 0 0 0 0 0 0 0 0 0 0 0 0 0 0 0 0 0 0 0 0 0 0 0 0 0 0 0 0 0 0 0 0 0 0 0 0 0 0 0 0 0 0 0 0 0 0 0 0 0 0 0 0 0 0 0 0 0 0 0 0 0 0 0 0 0 0 0 0 0 0 0 0 0 0 0 0 0 0 0 65 
0 0 0 0 0 0 0 0 0 0 0 0 0 0 0 0 0 0 0 0 0 0 0 0 0 0 0 0 0 0 0 0 0 0 0 0 0 0 0 0 0 0 0 0 0 0 0 0 0 0 0 0 0 0 0 0 0 0 0 0 0 0 0 0 0 0 0 0 0 0 0 0 0 0 0 0 0 0 0 0 0 0 0 0 0 0 0 0 0 0 0 0 0 0 0 0 0 0 0 0 0 0 0 0 0 0 0 0 0 0 0 0 0 0 0 0 0 0 0 0 0 0 0 0 0 0 0 0 0 0 0 0 0 0 0 0 0 0 0 0 0 0 0 0 0 0 0 0 0 0 0 0 0 0 0 0 0 0 0 0 0 0 0 0 0 0 0 0 0 0 0 0 0 0 0 76 
0 0 0 0 0 0 0 0 0 0 0 0 0 0 0 0 0 0 0 0 0 0 0 0 0 0 0 0 0 0 0 0 0 0 0 0 0 0 0 0 0 0 0 0 0 0 0 0 0 0 0 0 0 0 0 0 0 0 0 0 0 0 0 0 0 0 0 0 0 0 0 0 0 0 0 0 0 0 0 0 0 0 0 0 0 0 0 0 0 0 0 0 0 0 0 0 0 0 0 0 0 0 0 0 0 0 0 0 0 0 0 0 0 0 0 0 0 0 0 0 0 0 0 0 0 0 0 0 0 0 0 0 0 0 0 0 0 0 0 0 0 0 0 0 0 0 0 0 0 0 0 0 0 0 0 0 0 0 0 0 0 0 0 0 0 0 0 0 0 0 0 0 0 0 0 0 
0 0 0 0 0 0 0 0 0 0 0 0 0 0 0 0 0 0 0 0 0 0 0 0 0 0 0 0 0 0 0 0 0 0 0 0 0 0 0 0 0 0 0 0 0 0 0 0 0 0 0 0 0 0 0 0 0 0 0 0 0 0 0 0 0 0 0 0 0 0 0 0 0 0 0 0 0 0 0 0 0 0 0 0 0 0 0 0 0 0 0 0 0 0 0 0 0 0 0 0 0 0 0 0 0 0 0 0 0 0 0 0 0 0 0 0 0 0 0 0 0 0 0 0 0 0 0 0 0 0 0 0 0 0 0 0 0 0 0 0 0 0 0 0 0 0 0 0 0 0 0 0 0 0 0 0 0 0 0 0 0 0 0 0 0 0 0 0 0 0 0 0 0 0 0 0 
0 0 0 0 0 0 0 0 0 0 0 0 0 0 0 0 0 0 0 0 0 0 0 0 0 0 0 0 0 0 0 0 0 0 0 0 0 0 0 0 0 0 0 0 0 0 0 0 0 0 0 0 0 0 0 0 0 0 0 0 0 0 0 0 0 0 0 0 0 0 0 0 0 0 0 0 0 0 0 0 0 0 0 0 0 0 0 0 0 0 0 0 0 0 0 0 0 0 0 0 0 0 0 0 0 0 0 0 0 0 0 0 0 0 0 0 0 0 0 0 0 0 0 0 0 0 0 0 0 0 0 0 0 0 0 0 0 0 0 0 0 0 0 0 0 0 0 0 0 0 0 0 0 0 0 0 0 0 0 0 0 0 0 0 0 0 0 0 0 0 0 0 0 0 0 0 
0 0 0 0 0 0 0 0 0 0 0 0 0 0 0 0 0 0 0 0 0 0 0 0 0 0 0 0 0 0 0 0 0 0 0 0 0 0 0 0 0 0 0 0 0 0 0 0 0 0 0 0 0 0 0 0 0 0 0 0 0 0 0 0 0 0 0 0 0 0 0 0 0 0 0 0 0 0 0 0 0 0 0 0 0 0 0 0 0 0 0 0 0 0 0 0 0 0 0 0 0 0 0 0 0 0 0 0 0 0 0 0 0 0 0 0 0 0 0 0 0 0 0 0 0 0 0 0 0 0 0 0 0 0 0 0 0 0 0 0 0 0 0 0 0 0 0 0 0 0 0 0 0 0 0 0 0 0 0 0 0 0 0 0 0 0 0 0 0 0 0 0 0 0 0 0 
0 0 0 0 0 0 0 0 0 0 0 0 0 0 0 0 0 0 0 0 0 0 0 0 0 0 0 0 0 0 0 0 0 0 0 0 0 0 0 0 0 0 0 0 0 0 0 0 0 0 0 0 0 0 0 0 0 0 0 0 0 0 0 0 0 0 0 0 0 0 0 0 0 0 0 0 0 0 0 0 0 0 0 0 0 0 0 0 0 0 0 0 0 0 0 0 0 0 0 0 0 0 0 0 0 0 0 0 0 0 0 0 0 0 0 0 0 0 0 0 0 0 0 0 0 0 0 0 0 0 0 0 0 0 0 0 0 0 0 0 0 0 0 0 0 0 0 0 0 0 0 0 0 0 0 0 0 0 0 0 0 0 0 0 0 0 0 0 0 0 0 0 0 0 0 0 
0 0 0 0 0 0 0 0 0 0 0 0 0 0 0 0 0 0 0 0 0 0 0 0 0 0 0 0 0 0 0 0 0 0 0 0 0 0 0 0 0 0 0 0 0 0 0 0 0 0 0 0 0 0 0 0 0 0 0 0 0 0 0 0 0 0 0 0 0 0 0 0 0 0 0 0 0 0 0 0 0 0 0 0 0 0 0 0 0 0 0 0 0 0 0 0 0 0 0 0 0 0 0 0 0 0 0 0 0 0 0 0 0 0 0 0 0 0 0 0 0 0 0 0 0 0 0 0 0 0 0 0 0 0 0 0 0 0 0 0 0 0 0 0 0 0 0 0 0 0 0 0 0 0 0 0 0 0 0 0 0 0 0 0 0 0 0 0 0 0 0 0 0 0 0 0 
0 0 0 0 0 0 0 0 0 0 0 0 0 0 0 0 0 0 0 0 0 0 0 0 0 0 0 0 0 0 0 0 0 0 0 0 0 0 0 0 0 0 0 0 0 0 0 0 0 0 0 0 0 0 0 0 0 0 0 0 0 0 0 0 0 0 0 0 0 0 0 0 0 0 0 0 0 0 0 0 0 0 0 0 0 0 0 0 0 0 0 0 0 0 0 0 0 0 0 0 0 0 0 0 0 0 0 0 0 0 0 0 0 0 0 0 0 0 0 0 0 0 0 0 0 0 0 0 0 0 0 0 0 0 0 0 0 0 0 0 0 0 0 0 0 0 0 0 0 0 0 0 0 0 0 0 0 0 0 0 0 0 0 0 0 0 0 0 0 0 0 0 0 0 0 0 
0 0 0 0 0 0 0 0 0 0 0 0 0 0 0 0 0 0 0 0 0 0 0 0 0 0 0 0 0 0 0 0 0 0 0 0 0 0 0 0 0 0 0 0 0 0 0 0 0 0 0 0 0 0 0 0 0 0 0 0 0 0 0 0 0 0 0 0 0 0 0 0 0 0 0 0 0 0 0 0 0 0 0 0 0 0 0 0 0 0 0 0 0 0 0 0 0 0 0 0 0 0 0 0 0 0 0 0 0 0 0 0 0 0 0 0 0 0 0 0 0 0 0 0 0 0 0 0 0 0 0 0 0 0 0 0 0 0 0 0 0 0 0 0 0 0 0 0 0 0 0 0 0 0 0 0 0 0 0 0 0 0 0 0 0 0 0 0 0 0 0 0 0 0 0 0 
0 0 0 0 0 0 0 0 0 0 0 0 0 0 0 0 0 0 0 0 0 0 0 0 0 0 0 0 0 0 0 0 0 0 0 0 0 0 0 0 0 0 0 0 0 0 0 0 0 0 0 0 0 0 0 0 0 0 0 0 0 0 0 0 0 0 0 0 0 0 0 0 0 0 0 0 0 0 0 0 0 0 0 0 0 0 0 0 0 0 0 0 0 0 0 0 0 0 0 0 0 0 0 0 0 0 0 0 0 0 0 0 0 0 0 0 0 0 0 0 0 0 0 0 0 0 0 0 0 0 0 0 0 0 0 0 0 0 0 0 0 0 0 0 0 0 0 0 0 0 0 0 0 0 0 0 0 0 0 0 0 0 0 0 0 0 0 0 0 0 0 0 0 0 0 0 
0 0 0 0 0 0 0 0 0 0 0 0 0 0 0 0 0 0 0 0 0 0 0 0 0 0 0 0 0 0 0 0 0 0 0 0 0 0 0 0 0 0 0 0 0 0 0 0 0 0 0 0 0 0 0 0 0 0 0 0 0 0 0 0 0 0 0 0 0 0 0 0 0 0 0 0 0 0 0 0 0 0 0 0 0 0 0 0 0 0 0 0 0 0 0 0 0 0 0 0 0 0 0 0 0 0 0 0 0 0 0 0 0 0 0 0 0 0 0 0 0 0 0 0 0 0 0 0 0 0 0 0 0 0 0 0 0 0 0 0 0 0 0 0 0 0 0 0 0 0 0 0 0 0 0 0 0 0 0 0 0 0 0 0 0 0 0 0 0 0 0 0 0 0 0 0 
0 0 0 0 0 0 0 0 0 0 0 0 0 0 0 0 0 0 0 0 0 0 0 0 0 0 0 0 0 0 0 0 0 0 0 0 0 0 0 0 0 0 0 0 0 0 0 0 0 0 0 0 0 0 0 0 0 0 0 0 0 0 0 0 0 0 0 0 0 0 0 0 0 0 0 0 0 0 0 0 0 0 0 0 0 0 0 0 0 0 0 0 0 0 0 0 0 0 0 0 0 0 0 0 0 0 0 0 0 0 0 0 0 0 0 0 0 0 0 0 0 0 0 0 0 0 0 0 0 0 0 0 0 0 0 0 0 0 0 0 0 0 0 0 0 0 0 0 0 0 0 0 0 0 0 0 0 0 0 0 0 0 0 0 0 0 0 0 0 0 0 0 0 0 0 0 
0 0 0 0 0 0 0 0 0 0 0 0 0 0 0 0 0 0 0 0 0 0 0 0 0 0 0 0 0 0 0 0 0 0 0 0 0 0 0 0 0 0 0 0 0 0 0 0 0 0 0 0 0 0 0 0 0 0 0 0 0 0 0 0 0 0 0 0 0 0 0 0 0 0 0 0 0 0 0 0 0 0 0 0 0 0 0 0 0 0 0 0 0 0 0 0 0 0 0 0 0 0 0 0 0 0 0 0 0 0 0 0 0 0 0 0 0 0 0 0 0 0 0 0 0 0 0 0 0 0 0 0 0 0 0 0 0 0 0 0 0 0 0 0 0 0 0 0 0 0 0 0 0 0 0 0 0 0 0 0 0 0 0 0 0 0 0 0 0 0 0 0 0 0 0 0 
0 0 0 0 0 0 0 0 0 0 0 0 0 0 0 0 0 0 0 0 0 0 0 0 0 0 0 0 0 0 0 0 0 0 0 0 0 0 0 0 0 0 0 0 0 0 0 0 0 0 0 0 0 0 0 0 0 0 0 0 0 0 0 0 0 0 0 0 0 0 0 0 0 0 0 0 0 0 0 0 0 0 0 0 0 0 0 0 0 0 0 0 0 0 0 0 0 0 0 0 0 0 0 0 0 0 0 0 0 0 0 0 0 0 0 0 0 0 0 0 0 0 0 0 0 0 0 0 0 0 0 0 0 0 0 0 0 0 0 0 0 0 0 0 0 0 0 0 0 0 0 0 0 0 0 0 0 0 0 0 0 0 0 0 0 0 0 0 0 0 0 0 0 0 0 0 
