95 92 86 87 97 86 89 90 86 85 84 80 87 85 85 89 89 77 75 85 77 79 78 75 84 81 86 84 85 89 78 81 81 87 81 77 73 71 78 79 83 86 79 79 80 79 89 82 77 79 83 78 78 81 73 81 84 80 86 82 75 77 70 67 77 78 76 82 77 86 80 82 82 79 81 78 77 85 82 81 82 86 81 79 84 79 76 81 69 69 77 78 79 82 80 80 81 80 83 81 82 77 81 80 82 75 82 82 86 85 85 88 87 82 68 75 85 83 82 89 86 87 90 87 89 92 90 87 96 91 89 98 92 92 98 95 95 92 95 84 88 91 94 98 98 100 98 101 102 103 105 102 110 104 116 108 115 116 101 86 84 79 77 79 84 81 84 82 82 84 82 92 95 102 106 107 
85 95 84 84 88 83 93 83 90 87 86 72 76 69 74 77 79 77 80 79 79 88 87 81 85 84 90 86 85 83 84 89 77 82 87 79 80 75 71 77 81 76 79 77 84 79 84 79 78 81 81 74 75 80 79 74 85 77 77 76 80 75 73 71 71 79 72 76 82 85 75 84 77 78 81 78 81 82 82 85 81 84 84 81 80 84 80 77 69 70 78 79 81 83 77 86 80 84 84 84 83 84 75 80 83 84 83 80 83 86 82 83 80 76 70 81 84 88 87 89 80 90 84 89 85 85 88 89 88 89 89 91 90 96 95 94 94 95 90 81 87 97 97 95 97 100 89 101 104 101 104 108 110 106 107 108 109 103 87 84 77 83 86 81 84 80 78 73 81 82 81 85 86 96 109 108 
86 90 86 85 85 85 85 84 84 83 83 82 81 80 79 78 78 79 79 80 81 81 82 82 83 82 82 82 82 82 81 81 81 80 78 78 77 76 75 75 75 75 77 78 78 79 79 78 78 77 77 77 77 77 77 78 77 78 78 78 77 76 74 73 73 73 75 76 77 78 78 79 79 79 79 79 79 79 78 79 79 80 80 80 80 80 79 76 76 75 75 77 79 79 80 80 80 80 80 80 79 79 80 80 80 80 81 80 81 81 82 80 78 78 78 79 81 84 85 85 86 87 87 87 87 88 88 88 88 89 90 90 91 92 92 91 90 89 89 89 90 92 94 95 96 96 97 98 99 101 103 104 105 104 102 100 95 90 86 83 80 80 79 78 78 78 78 78 79 81 83 86 91 96 98 105 
83 86 84 84 83 83 83 83 84 83 83 82 81 79 78 76 77 77 78 79 81 81 82 82 82 82 81 81 80 81 80 80 80 79 78 78 77 75 74 74 73 73 75 75 76 77 77 76 76 76 76 76 76 76 76 76 75 76 76 76 76 75 74 73 73 73 74 75 76 77 78 78 79 80 80 80 80 80 80 80 81 81 81 82 82 82 82 80 80 79 79 80 81 82 82 83 83 83 83 83 82 82 83 83 83 83 83 83 82 83 83 82 80 80 81 81 83 85 86 86 86 86 86 87 87 87 86 86 87 87 88 88 89 89 90 89 88 88 87 88 90 92 93 94 95 95 96 97 98 100 102 103 103 101 97 93 88 84 82 80 79 79 78 77 76 75 76 76 78 80 82 85 89 94 103 102 
80 84 82 82 82 82 82 82 82 82 82 82 81 79 78 76 76 75 76 77 78 79 80 81 80 80 79 79 78 79 79 78 78 77 76 76 76 74 73 72 71 71 73 73 74 75 75 74 75 74 75 75 75 76 76 76 76 77 77 78 78 78 78 77 77 78 78 79 80 81 82 83 83 84 84 84 84 84 84 84 84 85 86 86 87 87 87 86 86 86 85 85 86 86 87 87 87 87 87 87 87 88 88 88 88 88 88 87 87 88 88 87 86 87 87 87 88 90 90 90 91 91 91 91 90 90 89 89 89 89 89 89 90 90 89 88 87 87 87 88 90 92 92 93 93 93 94 96 97 98 100 100 100 96 92 87 82 79 79 78 77 77 76 75 73 74 73 74 76 79 81 83 88 93 95 104 
78 81 80 80 80 81 81 81 81 80 81 81 80 79 78 76 75 74 74 75 76 77 78 79 79 78 78 77 77 77 76 76 76 75 75 75 75 74 74 73 72 71 72 73 75 76 76 76 77 77 77 78 78 79 79 80 80 81 81 82 82 83 83 82 83 84 84 84 85 86 86 87 87 88 88 88 88 89 88 88 89 90 90 91 91 91 92 91 91 91 90 91 91 91 91 92 91 92 92 92 92 93 93 93 93 93 93 93 93 93 93 93 92 93 93 93 94 95 94 94 95 95 95 95 94 94 94 93 94 94 94 94 94 94 94 92 91 91 91 92 94 94 94 94 94 94 95 96 97 98 99 99 96 92 86 82 78 76 76 77 76 76 74 73 71 72 0 73 77 79 81 83 87 92 99 100 
81 79 78 79 80 80 80 80 80 79 79 79 79 78 77 76 75 73 73 73 74 74 75 77 76 76 76 76 75 75 75 74 75 75 75 76 76 76 76 76 75 75 76 77 78 80 80 80 81 81 81 82 83 83 84 84 84 85 85 86 87 87 87 87 87 88 88 89 90 90 91 91 92 92 92 92 92 93 93 93 94 94 95 95 96 95 96 96 96 96 96 96 96 96 96 96 96 96 96 97 97 98 98 98 98 98 98 98 98 99 99 98 98 99 98 98 98 99 98 98 99 99 99 100 99 99 99 98 98 98 98 98 98 98 98 97 97 97 97 97 98 98 98 98 98 98 99 100 101 102 102 100 96 90 83 79 76 74 75 75 74 74 73 71 69 0 0 73 76 77 79 82 86 90 99 102 
77 75 77 77 78 79 79 79 79 78 78 77 77 76 75 74 73 72 71 71 71 72 72 74 74 75 75 75 75 76 76 76 77 77 78 78 79 80 80 80 79 80 80 81 82 83 83 84 84 84 85 86 86 87 88 87 88 88 89 90 91 91 92 92 92 93 94 94 95 95 96 96 96 97 97 97 97 98 98 98 98 98 99 100 100 100 101 101 101 101 101 101 101 101 100 101 100 101 101 102 102 103 103 103 103 103 103 103 104 104 104 104 105 105 104 104 104 104 103 103 104 104 104 105 104 104 104 103 102 102 102 102 102 103 103 102 102 102 101 101 102 102 102 102 102 102 104 105 106 108 107 103 98 91 83 78 75 74 74 75 73 73 73 70 0 0 0 0 75 76 78 81 85 89 98 100 
73 76 76 76 76 77 77 76 76 75 74 74 75 74 73 73 73 71 71 71 71 71 72 74 75 76 76 77 77 77 78 79 79 80 80 81 82 83 84 84 84 85 85 85 86 87 87 88 88 88 89 90 90 92 92 93 93 93 94 94 95 95 96 96 97 98 98 98 99 99 99 99 100 100 100 99 100 100 99 99 100 99 100 101 102 102 102 102 101 102 102 103 102 102 102 102 101 102 102 103 104 105 104 104 104 105 105 105 105 106 106 106 107 107 107 107 107 107 107 107 108 109 108 109 109 109 109 108 107 107 106 106 107 107 107 107 107 107 106 106 106 106 106 106 106 107 108 109 110 112 111 106 100 92 84 78 75 73 73 73 71 71 71 0 0 0 0 0 73 75 77 80 84 88 90 98 
74 70 74 74 74 75 74 74 74 73 73 73 74 74 73 74 74 73 74 74 74 74 75 76 77 78 79 79 80 80 81 81 82 83 84 84 85 86 88 88 88 89 89 89 90 91 91 92 92 93 93 94 94 95 96 96 95 96 95 95 95 96 96 96 97 97 98 98 98 98 98 98 99 99 99 99 99 99 99 99 99 99 100 100 100 101 101 101 100 101 101 102 102 102 101 101 101 101 102 103 103 104 103 103 103 104 103 104 104 105 105 105 106 106 106 106 107 107 106 107 107 108 108 109 109 110 109 109 109 108 108 109 109 110 110 110 110 110 110 110 110 110 110 111 111 111 112 113 114 116 116 111 103 95 85 78 75 73 72 72 70 69 0 0 0 0 0 0 72 74 76 79 82 86 86 93 
76 78 74 73 73 74 74 73 74 74 74 74 75 75 75 76 76 76 76 76 77 77 77 78 79 80 81 82 82 83 84 85 85 86 87 88 89 90 90 91 91 92 92 92 93 93 93 93 93 93 93 94 95 95 95 95 94 94 94 94 95 95 95 96 96 96 97 97 97 97 97 96 97 97 98 98 99 99 99 99 99 99 100 100 99 99 99 99 99 99 99 100 100 100 100 100 99 99 100 100 101 102 102 102 102 102 101 102 102 102 102 103 104 104 104 104 105 105 105 106 106 107 107 108 109 109 108 108 108 107 107 107 108 109 109 110 110 111 110 110 111 111 112 112 113 114 114 116 117 119 119 115 106 98 87 79 75 73 71 71 69 0 0 0 0 0 0 0 68 71 74 78 80 86 96 97 
79 68 74 73 74 75 75 75 75 75 75 76 77 77 78 78 78 78 78 78 79 79 80 81 82 83 84 84 85 86 86 87 88 88 89 89 90 90 91 91 91 91 91 92 92 93 92 92 92 92 92 92 93 93 93 93 92 92 91 91 91 91 91 91 91 91 92 92 92 92 91 91 92 94 95 97 98 98 99 99 99 99 99 98 97 96 94 93 92 92 92 92 92 92 92 91 92 92 92 93 94 95 95 95 95 95 96 96 96 96 97 98 98 99 98 98 98 99 99 100 101 102 102 104 105 106 106 107 107 107 107 107 107 108 108 109 109 109 109 109 109 110 110 111 111 112 113 114 116 118 120 116 108 98 88 79 74 72 71 71 0 0 0 0 0 0 0 0 67 70 73 77 79 85 88 95 
68 69 75 75 76 76 76 76 77 77 77 78 79 79 80 81 80 81 81 81 82 83 84 85 86 86 86 86 86 87 87 87 87 88 88 89 89 89 89 89 89 90 89 89 89 89 88 88 88 87 87 87 87 87 86 86 84 85 85 87 88 90 90 90 90 90 90 90 91 90 90 89 90 92 93 95 97 97 98 98 98 98 98 96 95 93 91 89 90 91 90 91 91 90 90 90 90 90 90 91 92 92 93 94 94 93 94 94 94 95 96 96 97 97 97 96 97 97 97 99 99 100 98 100 101 102 103 106 106 107 107 107 107 108 107 108 108 109 108 109 109 109 110 110 110 111 111 112 113 117 118 115 107 99 89 79 72 71 71 0 0 0 0 0 0 0 0 0 67 70 73 76 78 84 88 98 
71 74 77 76 78 78 78 78 79 79 79 80 81 82 82 83 83 83 83 83 84 84 85 85 86 86 86 86 86 87 86 87 87 87 87 87 86 86 85 84 83 83 83 83 85 86 87 87 87 85 85 86 85 85 84 83 82 82 83 84 87 89 88 88 87 87 87 88 88 88 87 85 87 89 91 93 97 98 98 99 99 99 98 94 92 91 88 85 88 88 87 87 87 84 84 83 83 84 87 87 88 89 89 90 91 91 92 92 92 92 94 94 94 94 94 93 93 94 94 96 96 97 95 96 98 99 100 104 106 107 107 108 108 108 108 107 107 108 108 108 109 109 109 109 109 109 109 110 111 115 117 114 106 99 90 80 71 69 0 0 0 0 0 0 0 0 0 0 66 70 72 75 78 83 93 97 
84 77 78 79 79 80 80 80 81 81 81 82 82 82 82 82 82 82 82 82 83 83 83 84 85 85 85 86 85 86 85 86 86 85 85 85 84 84 83 82 81 81 81 82 84 85 86 85 85 83 83 83 82 82 81 79 78 78 79 81 84 88 86 85 84 83 83 84 84 84 83 80 83 86 89 91 96 97 97 98 98 98 97 93 91 88 84 79 81 81 80 81 80 76 76 76 76 76 80 80 81 82 83 85 86 86 87 87 86 87 90 90 89 89 88 86 86 87 88 90 92 92 90 90 93 96 98 102 106 107 107 107 107 107 107 107 107 107 107 108 108 108 108 108 108 108 108 109 111 113 115 113 105 99 92 81 69 0 0 0 0 0 0 0 0 0 0 0 66 70 73 75 78 82 85 92 
80 83 80 80 80 80 81 81 82 82 82 82 82 82 81 81 81 81 81 81 82 83 83 83 84 84 84 84 84 85 85 85 85 84 84 83 83 81 82 80 79 77 77 77 79 81 83 82 81 79 78 78 77 77 75 73 70 70 70 71 75 78 76 74 72 71 71 72 73 74 73 71 79 84 87 90 95 97 97 97 97 98 96 91 88 85 78 69 69 69 67 66 66 61 60 59 60 60 65 65 67 68 69 71 73 74 77 77 76 78 81 81 80 79 77 72 71 73 74 76 79 81 78 81 88 93 96 100 105 107 107 107 107 107 107 106 106 107 107 107 107 108 107 106 107 107 107 108 109 111 113 112 104 100 95 85 69 0 0 0 0 0 0 0 0 0 0 0 0 71 73 75 78 81 92 93 
80 85 80 80 79 79 80 80 81 81 81 80 80 80 80 80 80 80 80 80 81 82 82 83 84 84 84 85 85 85 85 85 85 83 82 81 79 77 78 75 73 71 70 69 70 71 73 72 71 68 67 65 64 63 61 59 56 54 0 0 0 0 0 0 0 0 0 0 0 0 0 70 80 85 88 90 95 97 97 97 98 98 96 90 89 86 79 67 0 0 0 0 0 0 0 0 0 0 0 0 0 0 0 0 0 0 0 0 0 0 0 0 0 0 0 0 0 0 0 0 0 0 0 72 85 91 95 99 105 106 106 106 106 107 106 106 106 106 106 107 107 107 107 106 106 106 107 107 108 109 111 110 103 101 97 88 71 0 0 0 0 0 0 0 0 0 0 0 0 72 74 75 78 80 80 86 
77 85 79 79 78 77 78 79 79 80 80 79 79 80 80 79 79 79 79 78 79 80 80 81 82 82 83 83 84 84 85 85 85 81 80 78 74 69 68 65 62 59 55 0 0 0 0 0 0 0 0 0 0 0 0 0 0 0 0 0 0 0 0 0 0 0 0 0 0 0 0 70 80 86 88 90 95 97 97 98 98 98 96 90 88 85 78 67 0 0 0 0 0 0 0 0 0 0 0 0 0 0 0 0 0 0 0 0 0 0 0 0 0 0 0 0 0 0 0 0 0 0 0 72 85 92 96 98 104 106 106 106 106 106 106 106 106 106 106 106 106 106 106 106 106 106 106 106 107 107 109 109 102 101 97 90 71 0 0 0 0 0 0 0 0 0 0 0 0 0 72 74 77 79 86 87 
80 79 78 78 77 77 77 78 78 79 79 79 78 79 79 78 78 78 77 75 76 78 78 80 82 82 82 83 83 83 84 85 84 80 79 77 73 65 0 0 0 0 0 0 0 0 0 0 0 0 0 0 0 0 0 0 0 0 0 0 0 0 0 0 0 0 0 0 0 0 0 71 81 86 88 90 95 96 97 97 97 97 96 90 88 86 79 67 0 0 0 0 0 0 0 0 0 0 0 0 0 0 0 0 0 0 0 0 0 0 0 0 0 0 0 0 0 0 0 0 0 0 0 69 84 90 95 97 104 106 106 105 106 106 105 106 106 105 105 105 105 105 105 105 106 105 105 105 106 106 107 108 102 101 98 92 73 0 0 0 0 0 0 0 0 0 0 0 0 0 71 74 76 78 85 80 
73 80 76 76 76 76 76 78 78 78 78 79 78 79 79 78 78 77 74 73 75 76 77 80 82 81 82 82 83 83 84 85 84 79 78 76 71 61 0 0 0 0 0 0 0 0 0 0 0 0 0 0 0 0 0 0 0 0 0 0 0 0 52 51 51 49 48 0 0 0 0 75 83 87 89 91 95 96 97 97 97 97 96 89 88 85 78 66 0 0 0 0 0 0 0 0 0 0 0 0 0 0 0 0 0 0 0 0 0 0 0 0 0 0 0 0 0 0 0 0 0 0 0 71 84 91 95 97 104 105 106 105 105 106 105 105 106 106 105 106 105 105 105 105 105 105 104 104 104 104 106 107 102 101 99 94 76 0 0 0 0 0 0 0 0 0 0 0 0 0 69 72 75 77 80 88 
76 74 76 76 75 76 76 77 77 77 77 78 77 78 79 78 77 76 72 69 71 73 76 79 82 82 82 83 83 83 84 85 84 78 77 75 69 58 0 0 0 0 0 0 0 0 0 0 0 0 0 0 0 0 0 0 0 0 0 0 0 53 53 51 52 51 49 48 0 0 0 76 84 88 90 91 95 96 96 96 97 97 96 89 87 84 78 65 0 0 0 0 0 0 0 0 0 0 0 0 0 0 0 0 0 0 0 0 0 0 0 0 0 0 0 0 0 0 0 0 0 0 0 70 84 90 94 96 103 105 105 105 106 106 105 105 106 105 105 105 105 105 105 105 105 104 104 103 103 103 105 106 102 101 100 96 79 0 0 0 0 0 0 0 0 0 0 0 0 0 68 71 74 76 75 87 
75 74 76 76 75 76 76 77 77 77 77 78 77 78 78 77 76 73 69 67 69 72 75 79 81 81 82 82 83 83 84 84 83 77 76 73 67 55 0 0 0 0 0 0 0 0 0 0 0 0 0 0 0 0 0 0 0 0 0 0 49 52 52 51 51 51 49 48 0 0 0 73 83 87 89 90 95 96 96 96 96 96 95 89 87 84 79 65 0 0 0 0 0 0 0 0 0 0 0 0 0 0 0 0 0 0 0 0 0 0 0 0 0 0 0 0 0 0 0 0 0 0 0 71 84 91 94 96 103 105 105 105 105 106 105 105 106 105 105 105 105 105 104 104 104 103 103 103 102 102 104 105 102 99 98 94 79 0 0 0 0 0 0 0 0 0 0 0 0 0 67 71 73 76 79 84 
79 77 75 75 75 75 76 76 76 77 77 78 77 78 78 77 76 73 70 69 71 74 77 80 82 82 83 83 84 84 84 84 83 78 76 74 67 53 0 0 0 0 0 0 0 0 0 0 0 0 0 0 0 0 0 0 0 0 0 0 49 52 52 51 51 51 49 48 0 0 0 72 82 86 89 90 95 96 96 96 96 96 95 89 88 85 80 67 0 0 0 0 0 0 0 0 0 0 0 0 0 0 0 0 0 0 0 0 0 0 0 0 0 0 0 0 0 0 0 0 0 0 0 71 84 91 94 96 103 105 105 105 105 105 105 105 106 106 105 105 104 103 103 103 103 103 103 102 102 102 104 105 102 98 97 93 79 0 0 0 0 0 0 0 0 0 0 0 0 0 67 71 72 75 78 92 
78 77 75 75 75 75 75 75 75 76 77 78 78 78 78 77 76 74 71 71 72 75 78 81 82 82 82 83 84 84 84 84 83 78 76 74 68 0 0 0 0 0 0 0 0 0 0 0 0 0 0 0 0 0 0 0 0 0 0 0 49 52 53 52 52 52 50 48 0 0 0 69 81 85 88 89 94 96 96 96 96 96 95 89 87 84 79 65 0 0 0 0 0 0 0 0 0 0 0 0 0 0 0 0 0 0 0 0 0 0 0 0 0 0 0 0 0 0 0 0 0 0 0 70 83 90 93 96 103 105 105 105 105 105 104 105 106 106 105 104 104 103 103 103 103 103 103 102 103 102 103 105 103 97 96 92 80 0 0 0 0 0 0 0 0 0 0 0 0 0 67 70 72 75 77 79 
75 73 75 74 74 74 74 74 75 76 77 77 77 78 78 77 76 74 73 73 74 76 79 81 82 83 83 83 84 84 84 84 83 79 77 75 68 0 0 0 0 0 0 0 0 0 0 0 0 0 0 0 0 0 0 0 0 0 0 0 47 51 52 52 52 52 49 47 0 0 0 65 79 85 87 89 94 95 96 96 96 97 96 89 88 85 79 65 0 0 0 0 0 0 0 0 0 0 0 0 0 0 0 0 0 0 0 0 0 0 0 0 0 0 0 0 0 0 0 0 0 0 0 66 80 88 92 95 103 105 105 105 105 105 105 105 105 105 105 104 103 103 103 103 103 103 103 102 102 102 103 105 103 96 95 91 81 61 0 0 0 0 0 0 0 0 0 0 0 0 68 71 73 76 73 84 
71 74 75 74 74 74 74 74 75 75 76 77 78 78 78 77 76 75 74 75 76 78 79 80 81 82 82 83 83 84 84 84 82 80 78 75 68 0 0 0 0 0 0 0 0 0 0 0 0 0 0 0 0 0 0 0 0 0 0 0 0 0 50 51 50 51 0 0 0 0 0 62 77 83 86 88 94 95 96 96 96 97 96 90 88 86 80 66 0 0 0 0 0 0 0 0 0 0 0 0 0 0 0 0 0 0 0 0 0 0 0 0 0 0 0 0 0 0 0 0 0 0 0 63 79 87 92 94 103 105 105 105 105 105 105 105 105 105 105 104 104 103 103 102 102 102 103 102 102 102 102 104 103 95 94 90 81 63 0 0 0 0 0 0 0 0 0 0 0 0 68 71 73 75 80 86 
71 78 74 73 73 73 73 73 74 75 75 76 77 78 78 77 77 77 77 77 78 79 80 80 81 82 82 83 84 84 84 84 81 81 80 78 70 0 0 0 0 0 0 0 0 0 0 0 0 0 0 0 0 0 0 0 0 0 0 0 0 0 0 0 0 0 0 0 0 0 0 64 78 84 86 88 94 95 95 95 96 96 95 89 87 85 78 64 0 0 0 0 0 0 0 0 0 0 0 0 0 0 0 0 0 0 0 0 0 0 0 0 0 0 0 0 0 0 0 0 0 0 0 58 76 85 90 93 103 105 105 105 104 104 105 104 105 105 105 104 104 103 103 102 102 102 102 102 102 102 102 103 104 96 95 92 83 65 0 0 0 0 0 0 0 0 0 0 0 0 68 70 72 74 79 76 
77 83 74 74 73 73 73 73 74 74 75 76 76 77 77 77 77 77 78 78 79 80 80 80 81 82 82 83 83 83 83 84 81 80 79 76 68 0 0 0 0 0 0 0 0 0 0 0 0 0 0 0 0 0 0 0 0 0 0 0 0 0 0 0 0 0 0 0 0 0 0 65 79 85 87 88 94 95 95 95 95 96 95 89 87 84 77 62 0 0 0 0 0 0 0 0 0 0 0 0 0 0 0 0 0 0 0 0 0 0 0 0 0 0 0 0 0 0 0 0 0 0 0 55 74 84 89 92 102 105 105 104 104 104 104 104 104 105 105 104 104 103 103 102 102 101 102 101 101 101 102 103 104 97 96 94 86 67 0 0 0 0 0 0 0 0 0 0 0 0 69 71 73 74 75 76 
74 80 74 73 73 73 73 73 74 74 74 75 76 76 77 77 77 77 78 78 79 80 80 81 81 81 82 82 82 83 84 84 80 80 78 75 65 0 0 0 0 0 0 0 0 0 0 0 0 0 0 0 0 0 0 0 0 0 0 0 0 0 0 0 0 0 0 0 0 0 0 66 80 86 88 89 95 95 95 95 95 96 95 89 87 84 77 62 0 0 0 0 0 0 0 0 0 0 0 0 0 0 0 0 0 0 0 0 0 0 0 0 0 0 0 0 0 0 0 0 0 0 0 53 75 85 90 94 102 105 105 104 104 104 104 103 103 104 104 104 104 103 103 102 102 102 102 101 101 101 102 103 105 99 98 96 88 71 0 0 0 0 0 0 0 0 0 0 0 0 69 71 73 74 72 74 
72 76 74 73 72 73 73 73 74 74 74 75 75 75 76 76 77 77 78 78 79 79 80 80 81 81 81 82 82 83 83 84 80 79 78 75 64 0 0 0 0 0 0 0 0 0 0 0 0 0 0 0 0 0 0 0 0 0 0 0 0 0 0 0 0 0 0 0 0 0 0 67 81 86 88 90 95 95 95 95 95 95 94 88 86 83 76 61 0 0 0 0 0 0 0 0 0 0 0 0 0 0 0 0 0 0 0 0 0 0 0 0 0 0 0 0 0 0 0 0 0 0 0 50 73 84 90 93 102 105 105 104 103 104 104 103 103 104 103 103 104 103 102 102 102 101 101 101 101 101 101 103 105 99 99 97 90 72 0 0 0 0 0 0 0 0 0 0 0 0 68 70 72 73 79 75 
72 77 73 73 72 73 73 74 74 74 74 74 75 75 76 76 77 77 78 78 79 79 80 81 81 81 82 82 82 83 84 84 80 79 78 75 64 0 0 0 0 0 0 0 0 0 0 0 0 0 0 0 0 0 0 0 0 0 0 0 0 0 0 0 0 0 0 0 0 0 0 68 81 86 89 90 96 96 95 95 96 96 95 88 86 82 75 59 0 0 0 0 0 0 0 0 0 0 0 0 0 0 0 0 0 0 0 0 0 0 0 0 0 0 0 0 0 0 0 0 0 0 0 47 71 83 89 92 101 104 104 104 103 104 103 103 103 103 103 103 103 102 102 102 102 101 102 101 101 101 102 104 106 100 100 98 92 74 0 0 0 0 0 0 0 0 0 0 0 0 66 70 72 73 78 83 
71 78 73 73 73 73 73 74 74 74 74 75 75 75 76 77 77 77 78 78 79 79 80 80 80 81 82 82 83 84 84 84 80 79 78 76 65 0 0 0 0 0 0 0 0 0 0 0 0 0 0 0 0 0 0 0 0 0 0 0 0 0 0 0 0 0 0 0 0 0 0 69 82 87 89 90 96 96 96 96 96 96 95 88 86 83 75 60 0 0 0 0 0 0 0 0 0 0 0 0 0 0 0 0 0 0 0 0 0 0 0 0 0 0 0 0 0 0 0 0 0 0 0 0 72 85 90 93 101 104 104 104 103 104 103 103 102 103 102 102 102 102 102 102 102 102 102 101 101 101 102 104 106 101 101 99 94 78 0 0 0 0 0 0 0 0 0 0 0 0 66 69 72 73 75 78 
71 76 72 72 72 73 73 74 74 75 74 75 75 76 76 77 77 77 77 78 78 79 80 80 80 81 81 82 82 83 84 84 80 79 78 75 65 0 0 0 0 0 0 0 0 0 0 0 0 0 0 0 0 0 0 0 0 0 0 0 0 0 0 0 0 0 0 0 0 0 0 70 83 87 89 91 96 96 96 95 96 96 95 88 84 80 72 56 0 0 0 0 0 0 0 0 0 0 0 0 0 0 0 0 0 0 0 0 0 0 0 0 0 0 0 0 0 0 0 0 0 0 0 0 70 83 89 93 100 104 104 104 103 104 103 103 103 103 102 102 102 102 102 102 102 101 101 101 101 101 102 104 106 102 102 101 96 81 0 0 0 0 0 0 0 0 0 0 0 0 63 66 69 71 78 76 
73 73 72 73 72 73 73 74 74 75 74 75 75 76 76 77 77 77 77 78 78 79 80 80 80 80 81 81 82 83 83 83 80 79 78 75 66 0 0 0 0 0 0 0 0 0 0 0 0 0 0 0 0 0 0 0 0 0 0 0 0 0 0 0 0 0 0 0 0 0 0 72 83 87 89 91 96 96 96 96 96 96 95 87 81 77 69 53 0 0 0 0 0 0 0 0 0 0 0 0 0 0 0 0 0 0 0 0 0 0 0 0 0 0 0 0 0 0 0 0 0 0 0 0 69 82 88 91 99 103 104 104 103 104 104 103 103 103 102 102 102 102 102 102 102 101 101 101 101 101 102 104 106 103 102 102 98 84 0 0 0 0 0 0 0 0 0 0 0 0 0 66 70 71 71 75 
67 72 72 72 72 73 73 74 74 74 74 75 76 76 76 77 77 77 77 78 78 79 80 80 80 81 81 82 83 83 83 83 80 79 77 74 66 0 0 0 0 0 0 0 0 0 0 0 0 0 0 0 0 0 0 0 0 0 0 0 0 0 0 0 0 0 0 0 0 0 0 74 84 87 90 91 95 96 96 96 96 96 95 88 80 75 67 51 0 0 0 0 0 0 0 0 0 0 0 0 0 0 0 0 0 0 0 0 0 0 0 0 0 0 0 0 0 0 0 0 0 0 0 0 71 84 90 93 99 103 103 103 103 104 104 103 103 103 102 102 102 102 102 101 101 101 101 101 100 101 102 103 106 103 100 99 96 81 0 0 0 0 0 0 0 0 0 0 0 0 0 65 69 70 73 70 
75 74 72 72 73 73 73 73 74 74 74 74 75 75 76 76 77 77 77 78 78 79 80 80 80 81 81 82 83 83 83 83 79 78 77 73 64 0 0 0 0 0 0 0 0 0 0 0 0 0 0 0 0 0 0 0 0 0 0 0 0 0 0 0 0 0 0 0 0 0 0 76 85 88 90 91 95 96 96 96 96 96 95 88 80 76 67 52 0 0 0 0 0 0 0 0 0 0 0 0 0 0 0 0 0 0 0 0 0 0 0 0 0 0 0 0 0 0 0 0 0 0 0 0 74 86 91 94 98 102 102 102 103 103 103 103 103 102 102 102 103 102 102 101 101 100 100 100 100 101 101 102 105 103 98 97 93 79 0 0 0 0 0 0 0 0 0 0 0 0 0 66 69 70 77 72 
75 70 71 72 72 72 73 73 74 74 74 74 75 75 75 75 76 76 77 78 78 79 80 80 81 81 82 82 83 83 84 83 79 78 76 71 61 0 0 0 0 0 0 0 0 0 0 0 0 0 0 0 0 0 0 0 0 0 0 0 0 0 0 0 0 0 0 0 0 0 0 77 86 89 90 91 95 95 96 96 96 96 95 88 78 73 65 51 40 0 0 0 0 0 0 0 0 0 0 0 0 0 0 0 0 0 0 0 0 0 0 0 0 0 0 0 0 0 0 0 0 0 0 0 72 85 90 93 97 102 102 102 103 103 103 103 103 102 102 103 103 103 102 102 101 100 100 100 100 101 101 102 104 103 97 96 91 78 0 0 0 0 0 0 0 0 0 0 0 0 0 66 69 70 71 74 
72 72 72 72 72 72 73 73 74 73 74 75 74 74 75 75 76 76 77 78 78 79 79 80 81 81 82 83 84 84 84 84 79 77 74 70 59 0 0 0 0 0 0 0 0 0 0 0 0 0 0 0 0 0 0 0 0 0 0 0 40 40 40 0 0 0 0 0 0 0 0 78 86 89 91 92 95 96 96 96 96 96 95 88 78 73 65 51 41 0 0 0 0 0 0 0 0 0 0 0 0 0 0 0 0 0 0 0 0 0 0 0 0 0 0 0 0 0 0 0 0 0 0 0 76 88 93 95 97 102 102 103 103 103 104 103 103 103 103 103 104 103 103 102 101 100 100 101 100 101 101 102 104 103 96 95 90 78 60 0 0 0 0 0 0 0 0 0 0 0 0 67 70 71 69 74 
69 72 71 71 72 72 73 73 74 73 74 74 74 74 75 75 76 77 78 78 78 79 79 80 81 82 82 83 84 84 84 84 79 77 75 70 56 0 0 0 0 0 0 0 0 0 0 0 0 0 0 0 0 0 0 0 0 0 0 0 40 40 40 40 0 0 0 0 0 0 0 78 87 89 91 92 95 95 96 96 96 96 95 88 78 73 66 51 42 0 0 0 0 0 0 0 0 0 0 0 0 0 0 0 0 0 0 0 0 0 0 0 0 0 0 0 0 0 0 0 0 0 0 0 75 88 93 95 96 102 102 102 103 103 103 103 103 103 103 103 104 103 102 101 101 100 100 100 100 101 101 102 104 103 95 93 89 78 62 0 0 0 0 0 0 0 0 0 0 0 0 66 69 71 75 73 
69 71 71 71 72 72 73 73 74 74 74 74 74 74 74 75 76 77 77 78 78 79 79 80 81 82 82 83 83 84 84 84 78 76 74 68 52 0 0 0 0 0 0 0 0 0 0 0 0 0 0 0 0 0 0 0 0 0 0 41 41 41 41 41 0 0 0 0 0 0 0 78 86 90 91 92 96 96 96 96 96 96 95 88 78 73 66 52 40 0 0 0 0 0 0 0 0 0 0 0 0 0 0 0 0 0 0 0 0 0 0 0 0 0 0 0 0 0 0 0 0 0 0 0 73 86 92 94 96 102 103 103 103 103 103 103 103 103 103 103 104 103 102 101 101 100 100 100 100 101 101 102 104 103 95 94 90 81 64 0 0 0 0 0 0 0 0 0 0 0 0 66 69 71 75 75 
71 70 71 71 71 71 72 73 73 74 75 75 74 75 75 75 76 77 78 78 79 79 79 80 81 82 82 83 83 84 84 83 79 77 74 69 0 0 0 0 0 0 0 0 0 0 0 0 0 0 0 0 0 0 0 0 0 0 0 0 41 41 41 41 0 0 0 0 0 0 0 71 82 86 88 92 95 96 96 96 96 96 95 88 76 71 63 50 39 0 0 0 0 0 0 0 0 0 0 0 0 0 0 0 0 0 0 0 0 0 0 0 0 0 0 0 0 0 0 0 0 0 0 0 72 85 91 94 96 102 103 102 102 103 103 103 103 104 103 104 104 103 102 101 101 100 100 100 100 101 101 102 104 103 97 96 93 84 67 0 0 0 0 0 0 0 0 0 0 0 0 65 69 70 69 73 
72 68 71 71 71 72 72 73 73 74 74 74 74 75 75 76 77 78 78 78 79 79 80 80 81 81 82 83 83 84 84 83 80 78 75 70 0 0 0 0 0 0 0 0 0 0 0 0 0 0 0 0 0 0 0 0 0 0 0 0 41 41 41 41 0 0 0 0 0 0 0 72 82 87 89 92 96 97 96 96 96 96 95 88 77 72 64 50 40 0 0 0 0 0 0 0 0 0 0 0 0 0 0 0 0 0 0 0 0 0 0 0 0 0 0 0 0 0 0 0 0 0 0 0 72 85 91 94 96 102 102 102 103 103 103 103 103 104 103 103 103 102 101 101 100 100 99 99 100 100 101 102 104 104 98 97 94 87 71 0 0 0 0 0 0 0 0 0 0 0 0 66 69 70 71 75 
71 73 70 70 71 72 72 73 73 74 74 74 74 75 75 76 77 77 78 78 79 79 80 81 81 82 82 83 83 84 84 83 81 80 77 72 0 0 0 0 0 0 0 0 0 0 0 0 0 0 0 0 0 0 0 0 0 0 0 0 0 0 40 40 0 0 0 0 0 0 0 67 79 84 87 93 96 97 96 96 96 96 96 89 78 72 64 50 39 0 0 0 0 0 0 0 0 0 0 0 0 0 0 0 0 0 0 0 0 0 0 0 0 0 0 0 0 0 0 0 0 0 0 0 72 85 91 94 96 102 102 102 102 103 103 103 103 103 103 103 103 102 101 101 100 100 100 100 100 100 101 102 104 104 99 98 95 88 73 0 0 0 0 0 0 0 0 0 0 0 0 65 68 69 68 74 
67 69 70 70 71 71 72 73 73 74 74 75 75 75 75 76 76 77 78 78 78 79 81 81 82 82 83 83 84 84 84 83 81 80 77 72 0 0 0 0 0 0 0 0 0 0 0 0 0 0 0 0 0 0 0 0 0 0 0 0 0 0 40 39 0 0 0 0 0 0 0 65 76 82 85 93 96 97 96 96 96 96 95 89 78 73 65 50 39 0 0 0 0 0 0 0 0 0 0 0 0 0 0 0 0 0 0 0 0 0 0 0 0 0 0 0 0 0 0 0 0 0 0 0 66 81 88 91 96 102 103 103 103 103 103 103 103 103 103 103 103 102 101 101 100 100 100 100 100 100 100 101 104 104 99 98 96 89 74 0 0 0 0 0 0 0 0 0 0 0 0 64 67 69 71 73 
70 69 70 71 71 72 72 73 73 74 74 74 74 74 75 76 76 77 78 79 79 80 81 81 82 82 83 83 84 85 85 83 82 81 79 74 0 0 0 0 0 0 0 0 0 0 0 0 0 0 0 0 0 0 0 0 0 0 0 0 0 0 39 39 39 39 39 0 0 0 39 62 74 80 83 93 97 97 97 96 97 96 95 89 78 73 66 51 41 0 0 0 0 0 0 0 0 0 0 0 0 0 0 0 0 0 0 0 0 0 0 0 0 0 0 0 0 0 0 0 0 0 0 0 66 81 88 92 96 103 103 103 103 104 103 103 103 103 103 103 102 102 101 101 100 99 100 99 99 100 100 101 104 105 100 99 97 91 75 0 0 0 0 0 0 0 0 0 0 0 0 64 66 68 71 70 
64 70 69 70 71 72 72 73 73 73 73 74 74 74 75 76 76 77 78 78 79 80 81 81 82 82 83 83 84 84 84 82 81 80 78 73 0 0 0 0 0 0 0 0 0 0 0 0 0 0 0 0 0 0 0 0 0 0 0 0 0 0 39 39 39 39 39 0 0 0 39 62 74 81 84 94 98 98 97 97 97 97 96 90 79 74 67 53 43 0 0 0 0 0 0 0 0 0 0 0 0 0 0 0 0 0 0 0 0 0 0 0 0 0 0 0 0 0 0 0 0 0 0 0 65 81 88 92 96 103 104 104 104 104 104 104 104 103 102 102 102 101 101 101 100 99 99 99 99 100 100 101 104 106 101 100 98 92 75 0 0 0 0 0 0 0 0 0 0 0 0 63 66 67 69 68 
66 72 69 70 71 72 72 72 73 73 73 74 74 73 74 75 76 77 78 79 79 80 80 80 81 81 82 83 84 84 84 81 81 79 77 71 0 0 0 0 0 0 0 0 0 0 0 0 0 0 0 0 0 0 0 0 0 0 0 0 0 0 0 38 0 0 0 0 0 0 39 61 72 79 83 94 97 98 97 97 97 97 96 90 80 75 68 55 44 0 0 0 0 0 0 0 0 0 0 0 0 0 0 0 0 0 0 0 0 0 0 0 0 0 0 0 0 0 0 0 0 0 0 0 65 81 88 92 96 104 104 104 104 104 103 104 104 103 103 103 103 102 101 101 100 99 99 99 99 100 101 101 104 106 100 99 98 91 73 0 0 0 0 0 0 0 0 0 0 0 0 0 64 66 62 67 
64 72 70 71 71 71 72 72 73 73 73 73 73 73 74 75 76 77 78 79 79 80 80 80 80 81 81 82 83 84 84 81 80 78 76 69 0 0 0 0 0 0 0 0 0 0 0 0 0 0 0 0 0 0 0 0 0 0 0 0 0 0 0 38 0 0 0 0 0 0 39 62 73 79 83 95 98 98 98 98 98 97 97 91 81 76 69 57 47 0 0 0 0 0 0 0 0 0 0 0 0 0 0 0 0 0 0 0 0 0 0 0 0 0 0 0 0 0 0 0 0 0 0 0 64 80 88 92 96 104 104 104 104 104 104 104 104 103 103 103 102 101 101 101 100 99 99 99 99 100 101 101 104 106 100 99 98 91 71 0 0 0 0 0 0 0 0 0 0 0 0 0 64 65 0 0 
75 65 70 71 71 71 71 72 73 72 73 73 73 73 74 75 76 77 78 79 79 80 80 80 80 80 81 82 83 83 84 81 79 78 75 69 0 0 0 0 0 0 0 0 0 0 0 0 0 0 0 0 0 0 0 0 0 0 0 0 0 0 0 0 0 0 0 0 0 0 39 62 73 79 83 95 98 99 99 98 98 98 98 92 82 78 71 58 48 0 0 0 0 0 0 0 0 0 0 0 0 0 0 0 0 0 0 0 0 0 0 0 0 0 0 0 0 0 0 0 0 0 0 0 68 84 91 94 96 104 104 104 104 104 104 104 104 103 102 102 102 101 100 101 100 99 99 99 99 99 100 101 104 106 100 99 98 91 71 0 0 0 0 0 0 0 0 0 0 0 0 0 0 0 0 0 
68 65 70 70 71 71 71 71 72 72 72 73 73 74 75 76 76 77 78 79 79 79 80 80 80 80 81 82 83 83 83 80 79 77 75 68 0 0 0 0 0 0 0 0 0 0 0 0 0 0 0 0 0 0 0 0 0 0 0 0 0 0 0 0 0 0 0 0 0 0 39 62 73 79 83 96 98 99 99 99 99 99 98 93 83 79 72 59 50 0 0 0 0 0 0 0 0 0 0 0 0 0 0 0 0 0 0 0 0 0 0 0 0 0 0 0 0 0 0 0 0 0 0 0 68 84 91 94 96 104 104 104 104 104 104 104 104 103 102 102 101 101 101 101 100 100 100 99 99 99 100 100 103 105 100 99 98 92 73 0 0 0 0 0 0 0 0 0 0 0 0 0 0 0 0 0 
69 69 70 70 71 71 71 71 72 72 72 73 74 74 75 76 76 77 77 78 79 79 79 79 80 80 81 82 83 83 84 80 79 77 75 66 0 0 0 0 0 0 0 0 0 0 0 0 0 0 0 0 0 0 0 0 0 0 0 0 0 0 0 0 0 0 0 0 0 0 40 63 74 80 83 95 98 99 99 99 99 99 98 93 83 79 72 61 51 0 0 0 0 0 0 0 0 0 0 0 0 0 0 0 0 0 0 0 0 0 0 0 0 0 0 0 0 0 0 0 0 0 0 0 67 84 90 94 96 103 104 104 104 104 104 104 104 103 103 102 102 101 100 100 100 99 99 99 99 99 100 101 103 105 100 99 98 92 72 0 0 0 0 0 0 0 0 0 0 0 0 0 0 0 0 0 
71 72 70 70 70 71 71 71 72 72 72 73 74 75 75 76 76 76 77 78 78 79 80 79 80 81 81 82 83 83 84 80 79 77 74 65 0 0 0 0 0 0 0 0 0 0 0 0 0 0 0 0 0 0 0 0 0 0 0 0 0 0 0 0 0 0 0 0 0 0 42 64 75 80 84 96 98 99 99 99 99 100 99 94 84 80 73 62 53 0 0 0 0 0 0 0 0 0 0 0 0 0 0 0 0 0 0 0 0 0 0 0 0 0 0 0 0 0 0 0 0 0 0 0 62 79 87 91 95 103 104 104 104 104 104 105 104 103 103 102 101 101 100 100 100 99 99 99 99 99 99 100 103 105 100 100 99 93 75 0 0 0 0 0 0 0 0 0 0 0 0 0 0 0 0 0 
68 67 69 69 70 71 71 71 72 73 73 74 74 75 75 76 76 76 77 78 78 79 80 79 80 80 81 81 83 83 83 80 79 77 75 66 0 0 0 0 0 0 0 0 0 0 0 0 0 0 0 0 0 0 0 0 0 0 0 0 0 0 0 0 0 0 0 0 0 0 43 65 75 81 84 96 98 99 99 99 99 99 99 94 85 81 74 63 53 0 0 0 0 0 0 0 0 0 0 0 0 0 0 0 0 0 0 0 0 0 0 0 0 0 0 0 0 0 0 0 0 0 0 0 58 76 83 88 95 102 103 104 104 104 104 105 104 103 103 102 101 101 100 100 100 99 99 99 99 99 99 100 102 105 100 100 99 95 77 0 0 0 0 0 0 0 0 0 0 0 0 0 0 0 0 0 
70 74 69 69 70 71 71 71 72 72 73 74 74 74 75 75 75 76 77 78 78 79 79 80 80 81 81 82 83 83 83 80 79 77 74 64 0 0 0 0 0 0 0 0 0 0 0 0 0 0 0 0 0 0 0 0 0 0 0 0 0 0 0 0 0 0 0 0 0 0 43 65 76 81 85 96 98 98 98 99 99 100 99 94 85 82 75 64 55 0 0 0 0 0 0 0 0 0 0 0 0 0 0 0 0 0 0 0 0 0 0 0 0 0 0 0 0 0 0 0 0 0 0 0 57 74 83 87 95 102 103 104 104 104 104 105 104 104 103 102 101 101 100 99 99 99 98 98 98 98 99 100 102 105 101 101 100 96 79 0 0 0 0 0 0 0 0 0 0 0 0 0 0 0 0 0 
65 65 69 69 70 71 71 71 72 72 73 74 74 75 75 75 75 76 76 77 78 79 79 80 80 81 81 82 83 83 83 80 79 77 74 67 0 0 0 0 0 0 0 0 0 0 0 0 0 0 0 0 0 0 0 0 0 0 0 0 0 0 0 0 0 0 0 0 0 0 44 66 76 81 85 96 98 99 99 100 100 100 100 95 86 83 77 66 57 0 0 0 0 0 0 0 0 0 0 0 0 0 0 0 0 0 0 0 0 0 0 0 0 0 0 0 0 0 0 0 0 0 0 0 55 71 80 85 94 102 104 104 104 104 105 105 104 103 103 102 102 101 100 99 99 99 98 98 98 99 99 100 102 105 101 101 100 96 79 0 0 0 0 0 0 0 0 0 0 0 0 0 0 0 0 0 
68 65 69 70 71 71 71 72 72 72 72 73 74 74 75 76 76 76 77 78 78 79 80 80 80 81 81 82 83 83 83 80 79 78 75 67 0 0 0 0 0 0 0 0 0 0 0 0 0 0 0 0 0 0 0 0 0 0 0 0 0 0 0 0 0 0 0 0 0 0 45 67 76 82 86 96 99 99 99 100 100 100 100 96 87 82 76 65 56 0 0 0 0 0 0 0 0 0 0 0 0 0 0 0 0 0 0 0 0 0 0 0 0 0 0 0 0 0 0 0 0 0 0 43 52 68 78 83 94 102 104 104 104 104 104 104 104 103 103 102 102 101 101 100 100 99 99 98 98 98 98 99 101 104 101 101 100 96 81 0 0 0 0 0 0 0 0 0 0 0 0 0 0 0 0 0 
68 62 69 70 71 71 71 71 72 72 72 73 74 75 75 76 76 77 77 77 78 79 79 80 80 81 81 82 83 83 84 81 80 79 77 70 0 0 0 0 0 0 0 0 0 0 0 0 0 0 0 0 0 0 0 0 0 0 0 0 0 0 0 0 0 0 0 0 0 0 45 67 77 82 86 97 99 100 100 100 100 101 101 97 89 81 75 65 54 0 0 0 0 0 0 0 0 0 0 0 0 0 0 0 0 0 0 0 0 0 0 0 0 0 0 0 0 0 0 0 0 0 0 41 52 68 77 82 94 102 103 104 104 103 104 104 103 103 102 102 102 101 100 100 100 99 99 99 98 98 99 99 101 104 100 100 99 96 80 0 0 0 0 0 0 0 0 0 0 0 0 0 0 0 0 0 
69 69 69 70 71 71 72 72 72 72 73 73 74 75 76 76 77 77 77 77 78 79 79 80 80 81 82 82 83 83 83 81 80 78 76 69 0 0 0 0 0 0 0 0 0 0 0 0 0 0 0 0 0 0 0 0 0 0 0 0 0 0 0 0 0 0 0 0 0 0 45 67 77 82 86 97 100 100 101 101 101 102 102 99 90 81 74 64 54 0 0 0 0 0 0 0 0 0 0 0 0 0 0 0 0 0 0 0 0 0 0 0 0 0 0 0 0 0 0 0 0 0 0 0 52 69 78 84 93 102 104 104 104 104 104 103 103 102 102 101 102 101 100 100 100 99 98 98 99 98 98 99 101 103 100 98 96 92 75 0 0 0 0 0 0 0 0 0 0 0 0 0 0 0 0 0 
68 71 69 70 71 72 72 73 73 72 73 73 74 75 76 76 77 77 77 77 78 79 79 80 80 81 81 82 83 83 83 81 80 79 77 70 0 0 0 0 0 0 0 0 0 0 0 0 0 0 0 0 0 0 0 0 0 0 0 0 0 0 0 0 0 0 0 0 0 0 48 67 77 82 86 97 100 101 102 102 102 103 103 100 92 80 74 64 53 38 0 0 55 55 55 55 0 0 0 0 0 0 0 0 0 0 0 0 0 0 0 0 0 0 0 0 0 0 0 0 0 0 0 40 51 67 76 82 93 102 104 104 104 103 103 103 102 102 102 102 102 101 101 100 100 99 99 98 99 98 98 99 100 102 99 97 96 92 73 0 0 0 0 0 0 0 0 0 0 0 0 0 0 0 0 0 
67 70 69 70 70 71 72 73 73 73 73 73 73 74 75 76 76 77 76 77 78 79 79 80 80 81 81 82 82 82 83 81 80 79 77 71 0 0 0 0 0 0 0 0 0 0 0 0 0 0 0 0 0 0 0 0 0 0 0 0 0 0 0 0 0 0 0 0 0 0 49 68 78 83 87 98 101 102 102 103 103 103 104 100 93 80 74 64 54 40 0 54 57 57 57 57 0 0 0 0 0 0 0 0 0 0 0 0 0 0 0 0 0 0 0 0 0 0 0 0 0 0 0 39 50 66 75 82 93 102 104 104 104 104 103 103 102 102 102 102 102 101 101 100 100 99 99 98 98 98 98 98 100 103 99 96 94 90 71 52 0 0 0 0 0 0 0 0 0 0 0 0 0 0 0 0 
68 65 69 69 70 70 71 72 73 73 74 73 74 74 75 75 76 76 76 77 77 78 79 79 80 81 82 82 83 83 83 81 80 79 78 72 0 0 0 0 0 0 0 0 0 0 0 0 0 0 0 0 0 0 0 0 0 0 0 0 0 0 0 0 0 0 0 0 0 0 51 69 79 84 87 97 101 102 103 103 104 104 105 101 94 81 75 65 54 40 0 51 59 57 57 57 64 0 0 0 0 0 0 0 0 0 0 0 0 0 0 0 0 0 0 0 0 0 0 0 0 0 0 39 50 66 76 82 93 102 104 104 104 104 103 103 103 102 101 101 101 100 100 100 99 99 99 98 99 99 98 99 100 103 100 96 94 90 71 52 0 0 0 0 0 0 0 0 0 0 0 0 0 0 0 0 
73 68 69 70 70 71 72 73 73 74 74 73 74 74 74 75 75 76 76 77 78 78 79 80 80 81 81 82 82 82 82 80 79 79 76 70 0 0 0 0 0 0 0 0 0 0 0 0 0 0 0 0 0 0 0 0 0 0 0 0 0 0 0 0 0 0 0 0 0 0 51 69 79 84 87 98 101 102 104 104 105 105 106 102 96 82 76 66 56 40 0 49 63 62 62 62 71 0 0 0 0 0 0 0 0 0 0 0 0 0 0 0 0 0 0 0 0 0 0 0 0 0 0 0 51 68 78 83 93 102 104 104 104 104 103 103 102 101 101 101 101 100 100 99 99 99 98 98 98 98 98 99 100 103 100 96 95 91 72 52 0 0 0 0 0 0 0 0 0 0 0 0 0 0 0 0 
68 66 70 70 70 71 72 72 73 73 73 73 73 74 74 75 75 76 76 77 78 78 79 80 81 81 81 82 82 82 82 80 79 79 76 71 0 0 0 0 0 0 0 0 0 0 0 0 0 0 0 0 0 0 0 0 0 0 0 0 0 0 0 0 0 0 0 0 0 0 51 69 79 84 87 98 102 103 104 105 105 106 106 103 97 84 77 68 57 41 0 48 71 71 71 71 82 0 0 0 0 0 0 0 0 0 0 0 0 0 0 0 0 0 0 0 0 0 0 0 0 0 0 40 51 67 76 82 94 102 104 104 104 103 103 103 103 101 102 101 101 100 100 99 99 99 98 98 98 98 98 98 99 103 100 96 94 91 72 52 0 0 0 0 0 0 0 0 0 0 0 0 0 0 0 0 
69 77 70 71 71 72 72 72 73 73 74 73 74 74 74 75 75 76 76 77 78 78 79 79 80 81 81 82 82 82 82 80 79 79 76 71 0 0 0 0 0 0 0 0 0 0 0 0 0 0 0 0 0 0 0 0 0 0 0 0 0 0 0 0 0 0 0 0 0 0 51 70 80 85 88 98 102 103 104 105 106 106 107 104 97 85 79 69 59 43 0 0 71 78 76 74 84 79 0 0 0 0 0 0 0 0 0 0 0 0 0 0 0 0 0 0 0 0 0 0 0 0 0 41 51 67 76 82 93 102 103 103 104 103 103 103 103 102 101 101 101 100 100 99 99 98 98 98 98 98 98 99 100 103 100 96 94 91 75 0 0 0 0 0 0 0 0 0 0 0 0 0 0 0 0 0 
65 68 70 71 71 71 71 72 72 73 73 73 74 74 74 75 75 76 77 77 77 78 79 79 80 80 81 82 81 82 82 79 79 78 76 69 0 0 0 0 0 0 0 0 0 0 0 0 0 0 0 0 0 0 0 0 0 0 0 0 0 0 0 0 0 0 0 0 0 0 52 71 80 85 88 98 102 103 105 106 107 107 108 105 99 86 80 70 59 41 0 0 74 90 93 88 92 94 73 0 0 0 0 0 0 0 0 0 0 0 0 0 0 0 0 0 0 0 0 0 0 0 0 42 52 67 77 82 93 102 103 103 103 103 103 103 102 101 101 101 100 100 100 99 98 98 98 98 98 98 98 98 100 102 99 95 94 90 74 0 0 0 0 0 0 0 0 0 0 0 0 0 0 0 0 0 
71 70 70 71 71 72 72 72 73 73 73 73 74 74 74 75 75 76 77 77 78 78 79 79 80 80 80 81 81 82 82 80 79 79 76 71 0 0 0 0 0 0 0 0 0 0 0 0 0 0 0 0 0 0 0 0 0 0 0 38 38 38 38 0 0 0 0 0 0 0 52 70 79 85 88 98 102 104 105 107 108 109 109 106 100 87 81 71 60 42 0 0 73 200 341 317 319 408 426 139 0 0 0 0 0 0 0 0 0 0 0 0 0 0 0 0 0 0 0 0 0 0 0 49 54 68 76 82 93 102 103 104 104 103 103 103 102 101 101 100 100 100 100 99 98 98 98 97 97 98 97 98 99 102 99 95 94 90 75 0 0 0 0 0 0 0 0 0 0 0 0 0 0 0 0 0 
67 71 69 70 71 72 72 72 73 73 73 73 74 74 74 75 75 76 77 77 77 78 78 79 79 80 81 81 81 82 82 80 79 78 76 71 0 0 0 0 0 0 0 0 0 0 0 0 0 0 0 0 0 0 0 0 0 0 0 38 38 38 38 39 0 0 0 0 0 0 50 68 80 85 89 99 102 104 106 109 110 111 111 107 100 87 82 72 62 45 0 0 87 220 367 415 399 473 480 321 61 0 0 0 0 0 0 0 0 0 0 0 0 0 0 0 0 0 0 0 0 0 0 60 60 71 78 82 93 102 103 104 104 103 103 103 102 101 100 100 100 100 99 99 98 98 97 97 97 97 97 97 99 101 99 95 94 90 74 0 0 0 0 0 0 0 0 0 0 0 0 0 0 0 0 0 
70 71 69 69 70 71 71 72 72 72 73 73 73 74 74 74 75 76 77 77 77 78 78 79 79 80 81 81 81 82 82 80 79 79 76 71 0 0 0 0 0 0 0 0 0 0 0 0 0 0 0 0 0 0 0 0 0 0 0 37 37 37 38 38 0 0 0 0 0 0 50 68 80 85 88 98 101 104 108 112 114 116 115 110 101 88 82 73 63 47 0 0 88 220 367 467 452 502 487 373 62 0 0 0 0 0 0 0 0 0 0 0 0 0 0 0 0 0 0 0 0 0 0 72 67 75 81 83 93 102 103 103 103 103 103 102 101 101 100 100 100 100 99 99 98 97 97 97 97 97 97 97 99 101 98 97 96 93 78 0 0 0 0 0 0 0 0 0 0 0 0 0 0 0 0 0 
65 63 68 69 70 71 71 72 72 72 72 72 73 74 74 74 75 75 76 77 77 78 79 79 79 80 81 81 82 82 82 80 79 79 76 72 0 0 0 0 0 0 0 0 0 0 0 0 0 0 0 0 0 0 0 0 0 0 0 37 37 37 38 39 0 0 0 0 0 0 51 68 79 85 88 98 101 104 109 113 116 118 117 111 102 88 82 74 64 48 0 0 86 270 432 536 496 551 509 380 60 0 0 0 0 0 0 0 0 0 0 0 0 0 0 0 0 0 0 0 0 0 98 74 69 76 82 83 93 102 103 103 103 103 102 102 101 101 100 100 99 99 98 98 98 97 97 96 96 96 96 96 98 100 97 96 95 92 77 0 0 0 0 0 0 0 0 0 0 0 0 0 0 0 0 0 
64 70 68 69 70 71 71 72 72 72 72 72 72 73 73 74 75 76 76 77 78 78 79 79 79 80 81 82 82 83 82 80 79 78 76 72 0 0 0 0 0 0 0 0 0 0 0 0 0 0 0 0 0 0 0 0 0 0 0 37 37 37 38 39 0 0 0 0 0 0 50 68 79 85 88 98 101 104 109 113 116 117 117 110 101 88 82 73 64 49 0 0 82 253 418 530 513 576 548 417 64 0 0 0 0 0 0 0 0 0 0 0 0 0 0 0 0 0 0 0 0 0 88 72 68 75 80 83 93 101 102 103 103 103 102 101 101 101 100 99 99 98 97 97 96 95 95 94 94 93 93 93 95 97 95 96 96 94 81 0 0 0 0 0 0 0 0 0 0 0 0 0 0 0 0 0 
67 65 67 68 69 70 71 71 71 72 72 72 72 73 73 73 74 75 76 77 77 78 79 79 79 80 80 81 82 82 82 80 79 78 76 70 0 0 0 0 0 0 0 0 0 0 0 0 0 0 0 0 0 0 0 0 0 0 0 0 0 0 38 0 0 0 0 0 0 0 50 68 79 85 88 98 100 103 108 113 115 117 116 110 100 87 81 72 62 48 0 0 87 162 178 365 353 375 374 420 63 0 0 0 0 0 0 0 0 0 0 0 0 0 0 0 0 0 0 0 0 0 94 72 67 75 81 83 93 101 103 103 102 102 101 101 100 100 99 99 98 96 94 93 91 89 88 87 86 85 85 85 87 90 88 89 89 87 74 0 0 0 0 0 0 0 0 0 0 0 0 0 0 0 0 0 
64 68 67 68 69 70 70 71 71 71 72 72 72 73 73 74 74 75 76 77 78 78 79 79 79 80 80 81 82 82 82 80 79 78 76 71 0 0 0 0 0 0 0 0 0 0 0 0 0 0 0 0 0 0 0 0 0 0 0 37 37 37 37 37 0 0 0 0 0 0 53 70 79 84 87 97 100 102 106 110 113 115 115 109 100 86 80 71 61 46 0 0 70 175 180 275 252 272 255 285 61 0 0 0 0 0 0 0 0 0 0 0 0 0 0 0 0 0 0 0 0 0 0 63 61 71 78 81 92 101 102 102 102 102 101 100 100 100 99 97 95 93 90 89 87 87 85 84 83 82 82 82 84 87 85 86 86 84 72 0 0 0 0 0 0 0 0 0 0 0 0 0 0 0 0 0 
67 63 67 68 69 70 70 71 71 72 72 72 73 73 73 74 74 75 76 77 78 78 79 79 79 80 80 81 81 81 82 80 79 78 77 71 0 0 0 0 0 0 0 0 0 0 0 0 0 0 0 0 0 0 0 0 0 0 0 0 0 0 37 37 0 0 0 0 0 0 53 70 79 84 87 97 100 101 103 107 109 110 111 107 99 85 79 70 59 42 0 0 0 215 184 193 171 188 158 157 0 0 0 0 0 0 0 0 0 0 0 0 0 0 0 0 0 0 0 0 0 0 0 50 53 66 74 80 92 101 102 102 102 101 101 100 99 99 97 95 92 90 87 84 80 78 76 74 73 73 73 75 77 81 82 82 83 81 0 0 0 0 0 0 0 0 0 0 0 0 0 0 0 0 0 0 
68 70 67 68 69 69 70 70 70 71 71 72 73 73 73 74 75 75 77 78 78 79 79 79 79 79 79 80 81 81 82 80 79 78 77 71 0 0 0 0 0 0 0 0 0 0 0 0 0 0 0 0 0 0 0 0 0 0 0 0 0 0 37 37 0 0 36 0 0 0 50 70 79 84 87 97 100 101 102 105 107 108 109 105 98 84 78 68 58 41 0 0 0 0 78 105 101 106 110 118 0 0 0 0 0 0 0 0 0 0 0 0 0 0 0 0 0 0 0 0 0 0 0 42 49 64 73 80 92 101 102 102 102 101 101 100 99 97 95 93 90 85 81 77 74 73 72 71 71 69 69 69 70 73 75 76 76 75 0 0 0 0 0 0 0 0 0 0 0 0 0 0 0 0 0 0 
67 66 68 68 69 70 70 70 70 71 71 72 72 73 73 74 75 75 76 77 78 78 78 78 79 79 80 81 81 81 82 80 79 78 76 70 0 0 0 0 0 0 0 0 0 0 0 0 0 0 0 0 0 0 0 0 0 0 0 0 0 0 37 37 0 0 36 0 0 0 48 69 79 84 87 97 100 100 101 104 106 107 108 104 97 83 77 67 57 40 0 0 0 0 0 106 100 100 100 109 88 0 0 0 0 0 0 0 0 0 0 0 0 0 0 0 0 0 0 0 0 0 0 40 48 64 73 79 92 101 102 102 101 101 101 100 99 97 94 91 86 80 76 74 73 73 73 73 72 69 67 65 62 62 64 65 65 64 0 0 0 0 0 0 0 0 0 0 0 0 0 0 0 0 0 63 
64 66 68 68 69 70 70 70 70 71 71 72 72 73 74 74 75 76 77 77 78 78 78 79 79 79 80 80 81 81 81 80 79 78 77 71 0 0 0 0 0 0 0 0 0 0 0 0 0 0 0 0 0 0 0 0 0 0 0 0 0 0 37 37 0 0 36 0 0 0 48 69 78 83 87 97 99 101 101 103 105 106 107 104 97 82 76 66 55 40 0 0 0 0 0 93 92 92 92 97 89 0 0 0 0 0 0 0 0 0 0 0 0 0 0 0 0 0 0 0 0 0 0 40 47 63 73 79 91 100 102 102 101 101 101 100 98 96 93 88 81 76 76 77 80 82 82 81 79 76 74 68 63 64 69 69 73 74 0 0 0 0 0 0 0 0 0 0 0 0 0 0 0 64 0 69 
66 65 68 68 69 69 69 70 69 70 70 71 72 73 74 74 75 76 77 77 78 78 78 78 78 79 80 81 81 81 82 80 79 78 76 71 0 0 0 0 0 0 0 0 0 0 0 0 0 0 0 0 0 0 0 0 0 0 0 0 0 0 0 37 0 0 0 0 0 0 48 69 78 84 87 97 100 100 101 102 104 105 105 102 95 81 74 64 54 38 0 0 0 0 0 79 85 82 82 86 85 0 0 0 0 0 0 0 0 0 0 0 0 0 0 0 0 0 0 0 0 0 0 40 49 65 75 81 91 100 102 101 101 101 101 100 97 94 89 83 78 77 79 83 85 84 85 83 81 78 76 70 67 73 76 76 80 80 0 0 0 0 0 0 0 0 0 0 0 0 0 0 0 63 0 63 
68 65 68 69 70 70 70 70 70 70 71 72 72 73 73 74 75 76 77 77 78 78 78 78 78 79 80 81 81 82 82 80 79 78 75 69 0 0 0 0 0 0 0 0 0 0 0 0 0 0 0 0 0 0 0 0 0 0 0 0 0 0 0 0 0 0 0 0 0 0 48 69 78 83 86 96 99 100 100 101 103 104 104 101 93 81 74 64 54 39 0 0 0 0 0 0 78 74 74 74 76 0 0 0 0 0 0 0 0 0 0 0 0 0 0 0 0 0 0 0 0 0 0 0 50 67 77 82 91 100 101 101 101 101 100 100 96 93 88 82 78 79 82 87 89 90 91 90 88 85 81 74 74 79 79 80 84 82 74 0 0 0 0 0 0 0 0 0 0 0 0 0 0 64 0 62 
66 64 68 69 70 70 70 70 70 71 71 72 72 73 73 74 75 76 76 76 77 77 77 78 79 79 80 80 81 82 82 79 79 78 75 68 0 0 0 0 0 0 0 0 0 0 0 0 0 0 0 0 0 0 0 0 0 0 0 0 0 0 0 0 0 0 0 0 0 0 49 68 77 83 86 96 99 99 99 100 102 103 103 100 92 81 75 64 54 0 0 0 0 0 0 0 67 62 62 62 64 0 0 0 0 0 0 0 0 0 0 0 0 0 0 0 0 0 0 0 0 0 0 0 51 68 77 82 91 100 101 101 101 100 100 100 95 93 86 81 78 83 85 90 92 93 93 90 87 86 80 73 78 84 81 82 85 83 73 0 0 0 0 0 0 0 0 0 0 0 0 0 0 64 0 58 
68 65 67 68 69 70 70 70 71 71 72 73 73 74 74 74 75 75 76 77 77 77 77 78 78 79 80 80 81 81 82 79 79 78 75 68 0 0 0 0 0 0 0 0 0 0 0 0 0 0 0 0 0 0 0 0 0 0 0 0 0 0 0 0 0 0 0 0 0 0 49 68 77 83 86 96 99 99 99 99 100 101 102 98 90 82 75 64 55 0 0 0 0 0 0 0 61 55 55 55 56 48 0 0 0 0 0 0 0 0 0 0 0 0 0 0 0 0 0 0 0 0 0 0 53 70 79 84 91 99 101 101 101 100 100 99 93 91 84 79 78 84 86 91 94 94 92 89 88 84 78 74 80 86 84 85 88 87 73 0 0 0 0 0 0 0 0 0 0 0 0 0 0 63 0 68 
70 69 68 68 69 70 70 70 71 72 72 73 73 74 73 74 74 75 75 76 77 77 77 78 79 79 80 80 81 82 82 79 79 77 75 68 0 0 0 0 0 0 0 0 0 0 0 0 0 0 0 0 0 0 0 0 0 0 0 0 0 0 0 0 0 0 0 0 0 0 48 67 77 82 85 96 98 98 98 98 99 100 101 97 88 82 76 65 56 0 0 0 0 0 0 0 0 51 51 51 51 48 0 0 0 0 0 0 0 0 0 0 0 0 0 0 0 0 0 0 0 0 0 0 54 71 79 84 91 99 100 100 100 100 99 98 93 91 82 79 79 84 86 92 93 93 91 88 86 82 77 77 84 88 87 89 90 88 73 0 0 0 0 0 0 0 0 0 0 0 0 0 0 63 62 68 
65 64 68 69 69 70 70 70 71 71 72 73 73 73 72 71 72 71 71 73 75 75 77 79 79 79 79 80 80 81 82 79 79 77 74 66 0 0 0 0 0 0 0 0 0 0 0 0 0 0 0 0 0 0 0 0 0 0 0 0 0 0 0 0 0 0 0 0 0 0 46 66 76 81 84 95 97 97 97 97 97 99 99 95 87 83 77 67 58 0 0 0 0 0 0 0 0 46 46 46 46 0 0 0 0 0 0 0 0 0 0 0 0 0 0 0 0 0 0 0 0 0 0 0 55 71 79 84 91 99 100 100 100 99 98 97 92 90 83 80 78 83 84 88 88 88 86 83 82 77 73 76 82 86 85 87 87 85 70 0 0 0 0 0 0 0 0 0 0 0 0 0 61 64 58 65 
67 64 68 69 69 69 70 70 70 71 72 72 73 73 72 70 70 68 67 69 72 73 75 78 79 79 80 80 81 81 82 79 78 77 75 66 0 0 0 0 0 0 0 0 0 0 0 0 0 0 0 0 0 0 0 0 0 0 0 0 0 0 0 0 0 0 0 0 0 0 44 65 75 81 84 95 97 96 95 95 96 97 97 94 86 82 75 65 55 0 0 0 0 0 0 0 0 0 0 0 0 0 0 0 0 0 0 0 0 0 0 0 0 0 0 0 0 0 0 0 0 0 0 0 55 71 80 84 91 99 100 99 99 97 95 93 87 85 80 77 76 82 83 84 85 85 82 79 80 75 73 76 80 82 82 82 82 81 69 0 0 0 0 0 0 0 0 0 0 0 0 0 62 64 62 65 
67 70 68 68 69 69 70 70 70 71 71 72 72 73 71 68 68 66 65 67 70 71 75 78 79 80 81 81 82 82 82 79 78 77 74 65 0 0 0 0 0 0 0 0 0 0 0 0 0 0 0 0 0 0 0 0 0 0 0 0 0 0 0 0 0 0 0 0 0 0 43 65 75 81 83 94 96 95 94 94 94 95 96 92 84 81 74 64 54 0 0 0 0 0 0 0 0 0 0 0 0 0 0 0 0 0 0 0 0 0 0 0 0 0 0 0 0 0 0 0 0 0 0 0 57 74 82 86 90 98 99 98 96 94 92 89 84 83 78 75 74 80 82 82 83 82 79 78 79 74 73 78 78 81 81 80 79 80 0 0 0 0 0 0 0 0 0 0 0 0 0 0 62 64 63 65 
66 69 68 69 69 69 69 70 70 70 71 71 72 72 70 67 66 64 61 63 67 69 73 77 79 80 81 81 82 82 82 79 78 76 73 64 0 0 0 0 0 0 0 0 0 0 0 0 0 0 0 0 0 0 0 0 0 0 0 0 0 0 0 0 0 0 0 0 0 0 43 64 74 80 83 93 94 94 92 92 92 94 95 91 83 79 73 62 52 0 0 0 0 0 0 0 0 0 0 0 0 0 0 0 0 0 0 0 0 0 0 0 0 0 0 0 0 0 0 0 0 0 0 0 57 74 82 86 91 98 98 95 93 90 88 85 82 81 76 73 71 76 77 77 78 77 74 73 75 72 72 77 76 78 78 77 76 77 0 0 0 0 0 0 0 0 0 0 0 0 0 0 63 65 65 68 
67 62 68 69 68 69 69 70 70 70 70 71 71 72 69 66 65 63 59 61 65 67 71 76 78 79 79 80 80 81 82 78 77 76 72 61 0 0 0 0 0 0 0 0 0 0 0 0 0 0 0 0 0 0 0 0 0 0 0 0 0 0 0 0 0 0 0 0 0 0 43 63 74 80 83 93 94 93 92 91 91 93 94 90 82 78 72 60 50 0 0 0 0 0 0 0 0 0 0 0 0 0 0 0 0 0 0 0 0 0 0 0 0 0 0 0 0 0 0 0 0 0 0 0 60 77 85 88 91 98 97 94 91 88 84 80 76 75 73 68 65 0 71 67 68 67 65 64 0 0 0 0 70 71 71 70 69 0 0 0 0 0 0 0 0 0 0 0 0 0 0 0 62 65 69 66 
61 74 68 69 68 68 69 70 70 71 71 71 71 72 70 68 67 66 63 64 67 69 71 75 78 79 79 80 81 81 82 78 77 76 72 62 0 0 0 0 0 0 0 0 0 0 0 0 0 0 0 0 0 0 0 0 0 0 0 0 0 0 0 0 0 0 0 0 0 0 41 62 73 78 82 92 94 93 91 91 91 92 93 89 81 77 70 58 49 0 0 0 0 0 0 0 0 0 0 0 0 0 0 0 0 0 0 0 0 0 0 0 0 0 0 0 0 0 0 0 0 0 0 0 59 77 84 88 90 97 96 92 88 85 78 71 65 64 0 0 0 0 0 0 0 0 0 0 0 0 0 0 0 0 0 0 0 0 0 0 0 0 0 0 0 0 0 0 0 0 0 0 62 65 62 73 
65 65 68 68 68 68 69 69 70 71 71 70 71 71 71 70 70 69 67 68 70 71 73 76 78 79 79 80 81 81 82 78 77 75 72 62 0 0 0 0 0 0 0 0 0 0 0 0 0 0 0 0 0 0 0 0 0 0 0 0 0 0 0 0 0 0 0 0 0 0 41 61 72 78 81 91 94 93 92 91 92 92 93 88 80 76 69 57 48 0 0 0 0 0 0 0 0 0 0 0 0 0 0 0 0 0 0 0 0 0 0 0 0 0 0 0 0 0 0 0 0 0 0 0 59 76 84 87 90 97 95 90 86 82 73 58 0 0 0 0 0 0 0 0 0 0 0 0 0 0 0 0 0 0 0 0 0 0 0 0 0 0 0 0 0 0 0 0 0 0 0 0 63 65 63 71 
67 72 67 68 67 67 69 69 70 71 71 70 71 71 71 70 71 70 70 70 71 72 73 76 77 78 79 79 80 81 81 78 77 75 72 63 0 0 0 0 0 0 0 0 0 0 0 0 0 0 0 0 0 0 0 0 0 0 0 0 0 0 0 0 0 0 0 0 0 0 41 63 73 79 82 91 93 93 92 92 92 93 93 88 78 74 68 55 45 0 0 0 0 0 0 0 0 0 0 0 0 0 0 0 0 0 0 0 0 0 0 0 0 0 0 0 0 0 0 0 0 0 0 0 59 76 83 87 89 97 95 89 85 81 71 55 0 0 0 0 0 0 0 0 0 0 0 0 0 0 0 0 0 0 0 0 0 0 0 0 0 0 0 0 0 0 0 0 0 0 0 0 63 66 65 70 
65 62 67 67 67 67 68 68 68 69 69 69 69 70 70 71 72 72 72 73 73 74 75 76 77 78 78 79 79 80 80 78 77 76 73 65 0 0 0 0 0 0 0 0 0 0 0 0 0 0 0 0 0 0 0 0 0 0 0 0 0 0 0 0 0 0 0 0 0 0 39 62 73 78 81 90 93 93 93 93 93 93 93 88 78 74 67 54 45 0 0 0 0 0 0 0 0 0 0 0 0 0 0 0 0 0 0 0 0 0 0 0 0 0 0 0 0 0 0 0 0 0 0 0 58 76 83 86 89 96 95 92 87 81 73 62 0 0 0 0 0 0 0 0 0 0 0 0 0 0 0 0 0 0 0 0 0 0 0 0 0 0 0 0 0 0 0 0 0 0 0 0 64 66 66 67 
65 70 66 66 66 66 67 66 66 67 66 66 67 69 69 71 72 73 74 74 75 76 77 77 78 78 79 79 80 80 81 78 78 76 74 67 0 0 0 0 0 0 0 0 0 0 0 0 0 0 0 0 0 0 0 0 0 0 0 0 0 0 0 0 0 0 0 0 0 0 39 61 72 77 80 89 92 93 93 93 93 93 93 87 77 73 65 52 44 0 0 0 0 0 0 0 0 0 0 0 0 0 0 0 0 0 0 0 0 0 0 0 0 0 0 0 0 0 0 0 0 0 0 0 59 76 82 86 88 96 96 92 88 82 76 68 63 0 0 0 0 0 0 0 0 0 0 0 0 0 0 0 0 0 0 0 0 0 0 0 0 0 0 0 0 0 0 0 0 0 0 0 64 66 64 69 
67 65 66 65 65 66 66 66 65 65 65 65 65 67 67 69 70 71 72 73 74 75 76 77 77 78 78 79 79 80 80 78 78 77 75 69 0 0 0 0 0 0 0 0 0 0 0 0 0 0 0 0 0 0 0 0 0 0 0 0 0 0 0 0 0 0 0 0 0 0 0 64 74 79 82 89 92 93 93 93 93 93 92 86 76 72 64 51 43 0 0 0 0 0 0 0 0 0 0 0 0 0 0 0 0 0 0 0 0 0 0 0 0 0 0 0 0 0 0 0 0 0 0 0 64 78 84 87 89 96 96 93 89 84 80 74 70 66 63 62 61 60 62 60 58 55 54 0 0 0 0 0 0 0 0 0 0 0 0 0 0 0 0 0 0 0 0 0 0 0 0 0 64 66 67 71 
68 66 65 64 64 65 65 65 65 64 63 63 64 66 66 68 69 70 71 72 72 73 73 73 73 73 74 75 75 76 77 76 76 76 74 69 0 0 0 0 0 0 0 0 0 0 0 0 0 0 0 0 0 0 0 0 0 0 0 0 0 0 0 0 0 0 0 0 0 0 0 66 76 80 83 88 92 92 92 92 92 92 92 85 75 71 63 51 42 0 0 0 0 0 0 0 0 0 0 0 0 0 0 0 0 0 0 0 0 0 0 0 0 0 0 0 0 0 0 0 0 0 0 0 65 78 84 87 89 95 96 95 91 87 83 80 77 75 74 74 72 71 72 71 69 66 65 62 60 0 0 0 0 0 0 0 0 0 0 0 0 0 0 0 0 0 0 0 0 0 0 64 65 66 65 71 
0 0 64 64 64 64 63 62 62 61 60 60 61 63 65 67 69 70 70 72 72 72 72 72 71 72 73 74 74 75 76 75 75 76 74 69 0 0 0 0 0 0 0 0 0 0 0 0 0 0 0 0 0 0 0 0 0 0 0 0 0 0 0 0 0 0 0 0 0 0 0 65 75 79 82 87 91 91 91 91 91 91 90 84 74 70 62 50 42 0 0 0 0 0 0 0 0 0 0 0 0 0 0 0 0 0 0 0 0 0 0 0 0 0 0 0 0 0 0 0 0 0 0 0 66 78 83 87 88 94 94 94 92 88 85 82 78 75 73 72 72 71 71 70 69 66 65 64 62 0 0 0 0 0 0 0 0 0 0 0 0 0 0 0 0 0 0 0 0 0 0 64 65 67 62 70 
0 0 63 61 62 62 62 60 60 60 59 58 59 61 61 64 66 68 68 71 71 70 70 70 69 70 71 73 73 74 75 74 75 75 74 0 0 0 0 0 0 0 0 0 0 0 0 0 0 0 0 0 0 0 0 0 0 0 0 0 0 0 0 0 0 0 0 0 0 0 0 64 72 76 78 81 84 85 85 84 84 84 84 78 71 67 61 49 42 0 0 0 0 0 0 0 0 0 0 0 0 0 0 0 0 0 0 0 0 0 0 0 0 0 0 0 0 0 0 0 0 0 0 0 63 72 77 79 81 85 86 85 86 85 83 82 80 76 73 72 72 71 71 70 69 66 65 64 62 0 0 0 0 0 0 0 0 0 0 0 0 0 0 0 0 0 0 0 0 0 0 65 66 67 68 69 
0 0 0 0 0 0 0 0 0 86 75 74 72 69 61 63 62 63 65 68 67 66 66 65 66 67 68 70 70 71 72 72 72 73 72 0 0 0 0 0 0 0 0 0 0 0 0 0 0 0 0 0 0 0 0 0 0 0 0 0 0 0 0 0 0 0 0 0 0 0 0 68 73 76 78 79 82 83 83 82 82 82 82 76 70 67 61 49 0 0 0 0 0 0 0 0 0 0 0 0 0 0 0 0 0 0 0 0 0 0 0 0 0 0 0 0 0 0 0 0 0 0 0 0 63 71 75 77 78 83 83 82 83 84 84 83 82 78 75 72 72 71 71 70 69 66 65 64 62 0 0 0 0 0 0 0 0 0 0 0 0 0 0 0 0 0 0 0 0 0 0 66 67 67 67 67 
0 0 0 0 0 0 0 0 0 92 82 80 80 81 65 0 0 0 0 0 0 0 0 53 57 59 60 63 64 64 64 65 65 0 0 0 0 0 0 0 0 0 0 0 0 0 0 0 0 0 0 0 0 0 0 0 0 0 0 0 0 0 0 0 0 0 0 0 0 0 0 0 69 73 75 76 79 80 80 79 79 79 79 74 69 65 60 49 0 0 0 0 0 0 0 0 0 0 0 0 0 0 0 0 0 0 0 0 0 0 0 0 0 0 0 0 0 0 0 0 0 0 0 0 0 66 71 73 74 79 79 78 79 80 81 82 83 82 79 78 77 76 75 75 75 72 71 70 68 0 0 0 0 0 0 0 0 0 0 0 0 0 0 0 0 0 0 0 0 0 0 66 67 67 71 65 
0 0 0 0 0 0 0 0 76 92 83 80 80 81 67 0 0 0 0 0 0 0 0 0 0 0 0 0 0 0 0 0 0 0 0 0 0 0 0 0 0 0 0 0 0 0 0 0 0 0 0 0 0 0 0 0 0 0 0 0 0 0 0 0 0 0 0 0 0 0 0 0 64 68 70 71 74 75 74 73 74 74 74 69 66 63 59 0 0 0 0 0 0 0 0 0 0 0 0 0 0 0 0 0 0 0 0 0 0 0 0 0 0 0 0 0 0 0 0 0 0 0 0 0 0 61 65 66 67 70 70 70 71 72 73 74 76 73 72 69 70 70 69 69 70 67 66 0 0 0 0 55 55 55 55 55 0 0 0 0 0 0 0 0 0 0 0 0 0 0 0 66 67 67 66 67 
0 0 0 0 0 0 0 0 72 87 83 80 81 83 72 67 0 0 0 0 0 0 0 0 0 0 0 0 0 0 0 0 0 0 0 0 0 0 0 0 0 0 0 0 0 0 0 0 0 0 0 0 0 0 0 0 0 0 0 0 0 0 0 0 0 0 0 0 0 0 0 0 0 0 57 57 59 60 60 59 59 60 61 57 58 0 0 0 0 0 0 0 0 0 0 0 0 0 0 0 0 0 0 0 0 0 0 0 0 0 0 0 0 0 0 0 0 0 0 0 0 0 0 0 0 0 0 50 51 53 53 52 52 0 0 0 0 0 0 0 0 0 0 0 0 0 0 0 0 0 0 55 55 55 55 55 0 0 0 0 0 0 0 0 0 0 0 0 0 0 0 66 67 67 66 66 
0 0 0 0 0 0 0 60 72 88 89 84 85 86 76 65 0 0 0 0 0 0 0 0 0 0 0 0 0 0 0 0 0 0 0 0 0 0 0 0 0 0 0 0 0 0 0 0 0 0 0 0 0 0 0 0 0 0 0 0 0 0 0 0 0 0 0 0 0 0 0 0 0 0 0 0 0 0 0 0 0 0 0 0 0 0 0 0 0 0 0 0 0 0 0 0 0 0 0 0 0 0 0 0 0 0 0 0 0 0 0 0 0 0 0 0 0 0 0 0 0 0 0 0 0 0 0 0 0 0 0 0 0 0 0 0 0 0 0 0 0 0 0 0 0 0 0 0 0 0 0 56 56 56 56 56 0 0 0 0 0 0 0 0 0 0 0 0 0 0 0 66 67 67 72 68 
0 0 0 67 66 65 64 65 70 80 87 84 84 87 82 66 0 0 0 0 0 0 0 0 0 0 0 0 0 0 0 0 0 0 0 0 0 0 0 0 0 0 0 0 0 0 0 0 0 0 0 0 0 0 0 0 0 0 0 0 0 0 0 0 0 0 0 0 0 0 0 0 0 0 0 0 0 0 0 0 0 0 0 0 0 0 0 0 0 0 0 0 0 0 0 0 0 0 0 0 0 0 0 0 0 0 0 0 0 0 0 0 0 0 0 0 0 0 0 0 0 0 0 0 0 0 0 0 0 0 0 0 0 0 0 0 0 0 0 0 0 0 0 0 0 0 0 0 0 0 0 55 55 55 55 0 0 0 0 0 0 0 0 0 0 0 0 0 0 0 0 66 66 67 66 70 
0 0 75 72 69 68 66 66 70 76 86 85 84 86 86 68 0 0 0 0 0 0 0 0 0 0 0 0 0 0 0 0 0 0 0 0 0 0 0 0 0 0 0 0 0 0 0 0 0 0 0 0 0 0 0 0 0 0 0 0 0 0 0 0 0 0 0 0 0 0 0 0 0 0 0 0 0 0 0 0 0 0 0 0 0 0 0 0 0 0 0 0 0 0 0 0 0 0 0 0 0 0 0 0 0 0 0 0 0 0 0 0 0 0 0 0 0 0 0 0 0 0 0 0 0 0 0 0 0 0 0 0 0 0 0 0 0 0 0 0 0 0 0 0 0 0 0 0 0 0 0 0 0 0 0 0 0 0 0 0 0 0 0 0 0 0 0 0 0 0 0 65 66 67 67 68 
0 0 76 73 72 71 70 69 71 74 84 85 84 86 88 73 61 0 0 0 0 0 0 0 0 0 0 0 0 0 0 0 0 0 0 0 0 0 0 0 0 0 0 0 0 0 0 0 0 0 0 0 0 0 0 0 0 0 0 0 0 0 0 0 0 0 0 0 0 0 0 0 0 0 0 0 0 0 0 0 0 0 0 0 0 0 0 0 0 0 0 0 0 0 0 0 0 0 0 0 0 0 0 0 0 0 0 0 0 0 0 0 0 0 0 0 0 0 0 0 0 0 0 0 0 0 0 0 0 0 0 0 0 0 0 0 0 0 0 0 0 0 0 0 0 0 0 0 0 0 0 0 0 0 0 0 0 0 0 0 0 0 0 0 0 0 0 0 0 0 0 64 65 66 65 67 
0 72 75 74 72 72 71 70 71 73 82 86 83 85 88 76 62 0 0 0 0 0 0 0 0 0 0 0 0 0 0 0 0 0 0 0 0 0 0 0 0 0 0 0 0 0 0 0 0 0 0 0 0 0 0 0 0 0 0 0 0 0 0 0 0 0 0 0 0 0 0 0 0 0 0 0 0 0 0 0 0 0 0 0 0 0 0 0 0 0 0 0 0 0 0 0 0 0 0 0 0 0 0 0 0 0 0 0 0 0 0 0 0 0 0 0 0 0 0 0 0 0 0 0 0 0 0 0 0 0 0 0 0 0 0 0 0 0 0 0 0 0 0 0 0 0 0 0 0 0 0 0 0 0 0 0 0 0 0 0 0 0 0 0 0 0 0 0 0 0 0 0 65 65 0 62 
0 0 73 74 73 73 72 72 72 72 78 84 81 83 86 79 62 0 0 0 0 0 0 0 0 0 0 0 0 0 0 0 0 0 0 0 0 0 0 0 0 0 0 0 0 0 0 0 0 0 0 0 0 0 0 0 0 0 0 0 0 0 0 0 0 0 0 0 0 0 0 0 0 0 0 0 0 0 0 0 0 0 0 0 0 0 0 0 0 0 0 0 0 0 0 0 0 0 0 0 0 0 0 0 0 0 0 0 0 0 0 0 0 0 0 0 0 0 0 0 0 0 0 0 0 0 0 0 0 0 0 0 0 0 0 0 0 0 0 0 0 0 0 0 0 0 0 0 0 0 0 0 0 0 0 0 0 0 0 0 0 0 0 0 0 0 0 0 0 0 0 0 0 64 0 0 
0 0 73 74 74 74 73 72 72 72 75 80 78 79 82 80 61 0 0 0 0 0 0 0 0 0 0 0 0 0 0 0 0 0 0 0 0 0 0 0 0 0 0 0 0 0 0 0 0 0 0 0 0 0 0 0 0 0 0 0 0 0 0 0 0 0 0 0 0 0 0 0 0 0 0 0 0 0 0 0 0 0 0 0 0 0 0 0 0 0 0 0 0 0 0 0 0 0 0 0 0 0 0 0 0 0 0 0 0 0 0 0 0 0 0 0 0 0 0 0 0 0 0 0 0 0 0 0 0 0 0 0 0 0 0 0 0 0 0 0 0 0 0 0 0 0 0 0 0 0 0 0 0 0 0 0 0 0 0 0 0 0 0 0 0 0 0 0 0 0 0 0 0 0 0 0 
61 64 71 73 74 75 74 72 71 70 71 76 75 77 80 82 0 0 0 0 0 0 0 0 0 0 0 0 0 0 0 0 0 0 0 0 0 0 0 0 0 0 0 0 0 0 0 0 0 0 0 0 0 0 0 0 0 0 0 0 0 0 0 0 0 0 0 0 0 0 0 0 0 0 0 0 0 0 0 0 0 0 0 0 0 0 0 0 0 0 0 0 0 0 0 0 0 0 0 0 0 0 0 0 0 0 0 0 0 0 0 0 0 0 0 0 0 0 0 0 0 0 0 0 0 0 0 0 0 0 0 0 0 0 0 0 0 0 0 0 0 0 0 0 0 0 0 0 0 0 0 0 0 0 0 0 0 0 0 0 0 0 0 0 0 0 0 0 0 0 0 0 0 0 0 0 
61 66 70 72 73 72 71 70 69 69 70 73 73 75 76 80 0 0 0 0 0 0 0 0 0 0 0 0 0 0 0 0 0 0 0 0 0 0 0 0 0 0 0 0 0 0 0 0 0 0 0 0 0 0 0 0 0 0 0 0 0 0 0 0 0 0 0 0 0 0 0 0 0 0 0 0 0 0 0 0 0 0 0 0 0 0 0 0 0 0 0 0 0 0 0 0 0 0 0 0 0 0 0 0 0 0 0 0 0 0 0 0 0 0 0 0 0 0 0 0 0 0 0 0 0 0 0 0 0 0 0 0 0 0 0 0 0 0 0 0 0 0 0 0 0 0 0 0 0 0 0 0 0 0 0 0 0 0 0 0 0 0 0 0 0 0 0 0 0 0 0 0 0 0 0 0 
0 64 100 88 82 74 70 70 69 68 68 70 72 92 112 142 172 191 181 174 0 0 0 0 0 0 0 0 0 0 0 0 0 0 0 0 0 0 0 0 0 0 0 0 0 0 0 0 0 0 0 0 0 0 0 0 0 0 0 0 0 0 0 0 0 0 0 0 0 0 0 0 0 0 0 0 0 0 0 0 0 0 0 0 0 0 0 0 0 0 0 0 0 0 0 0 0 0 0 0 0 0 0 0 0 0 0 0 0 0 0 0 0 0 0 0 0 0 0 0 0 0 0 0 0 0 0 0 0 0 0 0 0 0 0 0 0 0 0 0 0 0 0 0 0 0 0 0 0 0 0 0 0 0 0 0 0 0 0 0 0 0 0 0 0 0 0 0 0 0 0 0 0 0 0 0 
75 0 187 167 148 129 118 115 112 118 134 155 192 258 302 338 322 284 256 219 162 0 0 0 0 0 0 0 0 0 0 0 0 0 0 0 0 0 0 0 0 0 0 0 0 0 0 0 0 0 0 0 0 0 0 0 0 0 0 0 0 0 0 0 0 0 0 0 0 0 0 0 0 0 0 0 0 0 0 0 0 0 0 0 0 0 0 0 0 0 0 0 0 0 0 0 0 0 0 0 0 0 0 0 0 0 0 0 0 0 0 0 0 0 0 0 0 0 0 0 0 0 0 0 0 0 0 0 0 0 0 0 0 0 0 0 0 0 0 0 0 0 0 0 0 0 0 0 0 0 0 0 0 0 0 0 0 0 0 0 0 0 0 0 0 0 0 0 0 0 0 0 0 0 0 0 
334 231 280 261 244 227 221 231 239 266 307 324 354 399 408 403 367 310 275 227 155 0 0 0 0 0 0 0 0 0 0 0 0 0 0 0 0 0 0 0 0 0 0 0 0 0 0 0 0 0 0 0 0 0 0 0 0 0 0 0 0 0 0 0 0 0 0 0 0 0 0 0 0 0 0 0 0 0 0 0 0 0 0 0 0 0 0 0 0 0 0 0 0 0 0 0 0 0 0 0 0 0 0 0 0 0 0 0 0 0 0 0 0 0 0 0 0 0 0 0 0 0 0 0 0 0 0 0 0 0 0 0 0 0 0 0 0 0 0 0 0 0 0 0 0 0 0 0 0 0 0 0 0 0 0 0 0 0 0 0 0 0 0 0 0 0 0 0 0 0 0 0 0 0 0 0 
477 489 347 341 325 310 311 334 352 376 408 405 413 429 435 424 377 324 284 230 153 0 0 0 0 0 0 0 0 0 0 0 0 0 0 0 0 0 0 0 0 0 0 0 0 0 0 0 0 0 0 0 0 0 0 0 0 0 0 0 0 0 0 0 0 0 0 0 0 0 0 0 0 0 0 0 0 0 0 0 0 0 0 0 0 0 0 0 0 0 0 0 0 0 0 0 0 0 0 0 0 0 0 0 0 0 0 0 0 0 0 0 0 0 0 0 0 0 0 0 0 0 0 0 0 0 0 0 0 0 0 0 0 0 0 0 0 0 0 0 0 0 0 0 0 0 0 0 0 0 0 0 0 0 0 0 0 0 0 0 0 0 0 0 0 0 0 0 0 0 0 0 0 0 0 0 
433 443 378 376 374 375 379 392 394 399 409 409 417 432 437 422 382 332 293 235 154 0 0 0 0 0 0 0 0 0 0 0 0 0 0 0 0 0 0 0 0 0 0 0 0 0 0 0 0 0 0 0 0 0 0 0 0 0 0 0 0 0 0 0 0 0 0 0 0 0 0 0 0 0 0 0 0 0 0 0 0 0 0 0 0 0 0 0 0 0 0 0 0 0 0 0 0 0 0 0 0 0 0 0 0 0 0 0 0 0 0 0 0 0 0 0 0 0 0 0 0 0 0 0 0 0 0 0 0 0 0 0 0 0 0 0 0 0 0 0 0 0 0 0 0 0 0 0 0 0 0 0 0 0 0 0 0 0 0 0 0 0 0 0 0 0 0 0 0 0 0 0 0 0 0 0 
401 409 414 411 405 400 394 391 392 397 406 421 442 463 476 462 400 349 303 231 136 0 0 0 0 0 0 0 0 0 0 0 0 0 0 0 0 0 0 0 0 0 0 0 0 0 0 0 0 0 0 0 0 0 0 0 0 0 0 0 0 0 0 0 0 0 0 0 0 0 0 0 0 0 0 0 0 0 0 0 0 0 0 0 0 0 0 0 0 0 0 0 0 0 0 0 0 0 0 0 0 0 0 0 0 0 0 0 0 0 0 0 0 0 0 0 0 0 0 0 0 0 0 0 0 0 0 0 0 0 0 0 0 0 0 0 0 0 0 0 0 0 0 0 0 0 0 0 0 0 0 0 0 0 0 0 0 0 0 0 0 0 0 0 0 0 0 0 0 0 0 0 0 0 0 0 
382 394 394 403 408 413 415 418 423 427 433 441 452 458 457 428 359 318 272 198 115 0 0 0 0 0 0 0 0 0 0 0 0 0 0 0 0 0 0 0 0 0 0 0 0 0 0 0 0 0 0 0 0 0 0 0 0 0 0 0 0 0 0 0 0 0 0 0 0 0 0 0 0 0 0 0 0 0 0 0 0 0 0 0 0 0 0 0 0 0 0 0 0 0 0 0 0 0 0 0 0 0 0 0 0 0 0 0 0 0 0 0 0 0 0 0 0 0 0 0 0 0 0 0 0 0 0 0 0 0 0 0 0 0 0 0 0 0 0 0 0 0 0 0 0 0 0 0 0 0 0 0 0 0 0 0 0 0 0 0 0 0 0 0 0 0 0 0 0 0 0 0 0 0 0 0 
353 361 352 371 383 389 390 393 395 398 402 411 420 423 420 384 317 286 242 168 97 0 0 0 0 0 0 0 0 0 0 0 0 0 0 0 0 0 0 0 0 0 0 0 0 0 0 0 0 0 0 0 0 0 0 0 0 0 0 0 0 0 0 0 0 0 0 0 0 0 0 0 0 0 0 0 0 0 0 0 0 0 0 0 0 0 0 0 0 0 0 0 0 0 0 0 0 0 0 0 0 0 0 0 0 0 0 0 0 0 0 0 0 0 0 0 0 0 0 0 0 0 0 0 0 0 0 0 0 0 0 0 0 0 0 0 0 0 0 0 0 0 0 0 0 0 0 0 0 0 0 0 0 0 0 0 0 0 0 0 0 0 0 0 0 0 0 0 0 0 0 0 0 0 0 0 
254 333 324 344 356 371 376 377 378 379 382 388 395 393 387 347 283 252 210 138 83 0 0 0 0 0 0 0 0 0 0 0 0 0 0 0 0 0 0 0 0 0 0 0 0 0 0 0 0 0 0 0 0 0 0 0 0 0 0 0 0 0 0 0 0 0 0 0 0 0 0 0 0 0 0 0 0 0 0 0 0 0 0 0 0 0 0 0 0 0 0 0 0 0 0 0 0 0 0 0 0 0 0 0 0 0 0 0 0 0 0 0 0 0 0 0 0 0 0 0 0 0 0 0 0 0 0 0 0 0 0 0 0 0 0 0 0 0 0 0 0 0 0 0 0 0 0 0 0 0 0 0 0 0 0 0 0 0 0 0 0 0 0 0 0 0 0 0 0 0 0 0 0 0 0 0 
101 167 292 316 330 344 357 361 362 364 367 373 378 375 366 322 268 237 195 122 77 0 0 0 0 0 0 0 0 0 0 0 0 0 0 0 0 0 0 0 0 0 0 0 0 0 0 0 0 0 0 0 0 0 0 0 0 0 0 0 0 0 0 0 0 0 0 0 0 0 0 0 0 0 0 0 0 0 0 0 0 0 0 0 0 0 0 0 0 0 0 0 0 0 0 0 0 0 0 0 0 0 0 0 0 0 0 0 0 0 0 0 0 0 0 0 0 0 0 0 0 0 0 0 0 0 0 0 0 0 0 0 0 0 0 0 0 0 0 0 0 0 0 0 0 0 0 0 0 0 0 0 0 0 0 0 0 0 0 0 0 0 0 0 0 0 0 0 0 0 0 0 0 0 0 0 
0 0 254 280 295 310 323 336 341 345 347 351 355 351 341 297 254 224 183 108 0 0 0 0 0 0 0 0 0 0 0 0 0 0 0 0 0 0 0 0 0 0 0 0 0 0 0 0 0 0 0 0 0 0 0 0 0 0 0 0 0 0 0 0 0 0 0 0 0 0 0 0 0 0 0 0 0 0 0 0 0 0 0 0 0 0 0 0 0 0 0 0 0 0 0 0 0 0 0 0 0 0 0 0 0 0 0 0 0 0 0 0 0 0 0 0 0 0 0 0 0 0 0 0 0 0 0 0 0 0 0 0 0 0 0 0 0 0 0 0 0 0 0 0 0 0 0 0 0 0 0 0 0 0 0 0 0 0 0 0 0 0 0 0 0 0 0 0 0 0 0 0 0 0 0 0 
0 0 217 252 263 276 287 296 297 305 312 319 326 324 312 277 243 214 172 101 0 0 0 0 0 0 0 0 0 0 0 0 0 0 0 0 0 0 0 0 0 0 0 0 0 0 0 0 0 0 0 0 0 0 0 0 0 0 0 0 0 0 0 0 0 0 0 0 0 0 0 0 0 0 0 0 0 0 0 0 0 0 0 0 0 0 0 0 0 0 0 0 0 0 0 0 0 0 0 0 0 0 0 0 0 0 0 0 0 0 0 0 0 0 0 0 0 0 0 0 0 0 0 0 0 0 0 0 0 0 0 0 0 0 0 0 0 0 0 0 0 0 0 0 0 0 0 0 0 0 0 0 0 0 0 0 0 0 0 0 0 0 0 0 0 0 0 0 0 0 0 0 0 0 0 0 
0 0 186 221 230 249 267 278 280 290 299 293 290 281 270 240 221 199 168 96 0 0 0 0 0 0 0 0 0 0 0 0 0 0 0 0 0 0 0 0 0 0 0 0 0 0 0 0 0 0 0 0 0 0 0 0 0 0 0 0 0 0 0 0 0 0 0 0 0 0 0 0 0 0 0 0 0 0 0 0 0 0 0 0 0 0 0 0 0 0 0 0 0 0 0 0 0 0 0 0 0 0 0 0 0 0 0 0 0 0 0 0 0 0 0 0 0 0 0 0 0 0 0 0 0 0 0 0 0 0 0 0 0 0 0 0 0 0 0 0 0 0 0 0 0 0 0 0 0 0 0 0 0 0 0 0 0 0 0 0 0 0 0 0 0 0 0 0 0 0 0 0 0 0 0 0 
0 0 0 190 199 209 230 249 252 266 278 272 268 259 247 221 213 196 168 0 0 0 0 0 0 0 0 0 0 0 0 0 0 0 0 0 0 0 0 0 0 0 0 0 0 0 0 0 0 0 0 0 0 0 0 0 0 0 0 0 0 0 0 0 0 0 0 0 0 0 0 0 0 0 0 0 0 0 0 0 0 0 0 0 0 0 0 0 0 0 0 0 0 0 0 0 0 0 0 0 0 0 0 0 0 0 0 0 0 0 0 0 0 0 0 0 0 0 0 0 0 0 0 0 0 0 0 0 0 0 0 0 0 0 0 0 0 0 0 0 0 0 0 0 0 0 0 0 0 0 0 0 0 0 0 0 0 0 0 0 0 0 0 0 0 0 0 0 0 0 0 0 0 0 0 0 
0 0 0 0 151 167 184 206 215 233 247 239 234 225 213 193 188 175 0 0 0 0 0 0 0 0 0 0 0 0 0 0 0 0 0 0 0 0 0 0 0 0 0 0 0 0 0 0 0 0 0 0 0 0 0 0 0 0 0 0 0 0 0 0 0 0 0 0 0 0 0 0 0 0 0 0 0 0 0 0 0 0 0 0 0 0 0 0 0 0 0 0 0 0 0 0 0 0 0 0 0 0 0 0 0 0 0 0 0 0 0 0 0 0 0 0 0 0 0 0 0 0 0 0 0 0 0 0 0 0 0 0 0 0 0 0 0 0 0 0 0 0 0 0 0 0 0 0 0 0 0 0 0 0 0 0 0 0 0 0 0 0 0 0 0 0 0 0 0 0 0 0 0 0 0 0 
0 0 0 0 0 0 0 137 147 176 202 195 193 183 169 158 155 0 0 0 0 0 0 0 0 0 0 0 0 0 0 0 0 0 0 0 0 0 0 0 0 0 0 0 0 0 0 0 0 0 0 0 0 0 0 0 0 0 0 0 0 0 0 0 0 0 0 0 0 0 0 0 0 0 0 0 0 0 0 0 0 0 0 0 0 0 0 0 0 0 0 0 0 0 0 0 0 0 0 0 0 0 0 0 0 0 0 0 0 0 0 0 0 0 0 0 0 0 0 0 0 0 0 0 0 0 0 0 0 0 0 0 0 0 0 0 0 0 0 0 0 0 0 0 0 0 0 0 0 0 0 0 0 0 0 0 0 0 0 0 0 0 0 0 0 0 0 0 0 0 0 0 0 0 0 0 
0 0 0 0 0 0 0 0 0 0 0 0 0 0 0 0 0 0 0 0 0 0 0 0 0 0 0 0 0 0 0 0 0 0 0 0 0 0 0 0 0 0 0 0 0 0 0 0 0 0 0 0 0 0 0 0 0 0 0 0 0 0 0 0 0 0 0 0 0 0 0 0 0 0 0 0 0 0 0 0 0 0 0 0 0 0 0 0 0 0 0 0 0 0 0 0 0 0 0 0 0 0 0 0 0 0 0 0 0 0 0 0 0 0 0 0 0 0 0 0 0 0 0 0 0 0 0 0 0 0 0 0 0 0 0 0 0 0 0 0 0 0 0 0 0 0 0 0 0 0 0 0 0 0 0 0 0 0 0 0 0 0 0 0 0 0 0 0 0 0 0 0 0 0 0 0 
0 0 0 0 0 0 0 0 0 0 0 0 0 0 0 0 0 0 0 0 0 0 0 0 0 0 0 0 0 0 0 0 0 0 0 0 0 0 0 0 0 0 0 0 0 0 0 0 0 0 0 0 0 0 0 0 0 0 0 0 0 0 0 0 0 0 0 0 0 0 0 0 0 0 0 0 0 0 0 0 0 0 0 0 0 0 0 0 0 0 0 0 0 0 0 0 0 0 0 0 0 0 0 0 0 0 0 0 0 0 0 0 0 0 0 0 0 0 0 0 0 0 0 0 0 0 0 0 0 0 0 0 0 0 0 0 0 0 0 0 0 0 0 0 0 0 0 0 0 0 0 0 0 0 0 0 0 0 0 0 0 0 0 0 0 0 0 0 0 0 0 0 0 0 0 0 
0 0 0 0 0 0 0 0 0 0 0 0 0 0 0 0 0 0 0 0 0 0 0 0 0 0 0 0 0 0 0 0 0 0 0 0 0 0 0 0 0 0 0 0 0 0 0 0 0 0 0 0 0 0 0 0 0 0 0 0 0 0 0 0 0 0 0 0 0 0 0 0 0 0 0 0 0 0 0 0 0 0 0 0 0 0 0 0 0 0 0 0 0 0 0 0 0 0 0 0 0 0 0 0 0 0 0 0 0 0 0 0 0 0 0 0 0 0 0 0 0 0 0 0 0 0 0 0 0 0 0 0 0 0 0 0 0 0 0 0 0 0 0 0 0 0 0 0 0 0 0 0 0 0 0 0 0 0 0 0 0 0 0 0 0 0 0 0 0 0 0 0 0 0 0 0 
0 0 0 0 0 0 0 0 0 0 0 0 0 0 0 0 0 0 0 0 0 0 0 0 0 0 0 0 0 0 0 0 0 0 0 0 0 0 0 0 0 0 0 0 0 0 0 0 0 0 0 0 0 0 0 0 0 0 0 0 0 0 0 0 0 0 0 0 0 0 0 0 0 0 0 0 0 0 0 0 0 0 0 0 0 0 0 0 0 0 0 0 0 0 0 0 0 0 0 0 0 0 0 0 0 0 0 0 0 0 0 0 0 0 0 0 0 0 0 0 0 0 0 0 0 0 0 0 0 0 0 0 0 0 0 0 0 0 0 0 0 0 0 0 0 0 0 0 0 0 0 0 0 0 0 0 0 0 0 0 0 0 0 0 0 0 0 0 0 0 0 0 0 0 0 0 
0 0 0 0 0 0 0 0 0 0 0 0 0 0 0 0 0 0 0 0 0 0 0 0 0 0 0 0 0 0 0 0 0 0 0 0 0 0 0 0 0 0 0 0 0 0 0 0 0 0 0 0 0 0 0 0 0 0 0 0 0 0 0 0 0 0 0 0 0 0 0 0 0 0 0 0 0 0 0 0 0 0 0 0 0 0 0 0 0 0 0 0 0 0 0 0 0 0 0 0 0 0 0 0 0 0 0 0 0 0 0 0 0 0 0 0 0 0 0 0 0 0 0 0 0 0 0 0 0 0 0 0 0 0 0 0 0 0 0 0 0 0 0 0 0 0 0 0 0 0 0 0 0 0 0 0 0 0 0 0 0 0 0 0 0 0 0 0 0 0 0 0 0 0 0 0 
0 0 0 0 0 0 0 0 0 0 0 0 0 0 0 0 0 0 0 0 0 0 0 0 0 0 0 0 0 0 0 0 0 0 0 0 0 0 0 0 0 0 0 0 0 0 0 0 0 0 0 0 0 0 0 0 0 0 0 0 0 0 0 0 0 0 0 0 0 0 0 0 0 0 0 0 0 0 0 0 0 0 0 0 0 0 0 0 0 0 0 0 0 0 0 0 0 0 0 0 0 0 0 0 0 0 0 0 0 0 0 0 0 0 0 0 0 0 0 0 0 0 0 0 0 0 0 0 0 0 0 0 0 0 0 0 0 0 0 0 0 0 0 0 0 0 0 0 0 0 0 0 0 0 0 0 0 0 0 0 0 0 0 0 0 0 0 0 0 0 0 0 0 0 0 0 
0 0 0 0 0 0 0 0 0 0 0 0 0 0 0 0 0 0 0 0 0 0 0 0 0 0 0 0 0 0 0 0 0 0 0 0 0 0 0 0 0 0 0 0 0 0 0 0 0 0 0 0 0 0 0 0 0 0 0 0 0 0 0 0 0 0 0 0 0 0 0 0 0 0 0 0 0 0 0 0 0 0 0 0 0 0 0 0 0 0 0 0 0 0 0 0 0 0 0 0 0 0 0 0 0 0 0 0 0 0 0 0 0 0 0 0 0 0 0 0 0 0 0 0 0 0 0 0 0 0 0 0 0 0 0 0 0 0 0 0 0 0 0 0 0 0 0 0 0 0 0 0 0 0 0 0 0 0 0 0 0 0 0 0 0 0 0 0 0 0 0 0 0 0 0 0 
0 0 0 0 0 0 0 0 0 0 0 0 0 0 0 0 0 0 0 0 0 0 0 0 0 0 0 0 0 0 0 0 0 0 0 0 0 0 0 0 0 0 0 0 0 0 0 0 0 0 0 0 0 0 0 0 0 0 0 0 0 0 0 0 0 0 0 0 0 0 0 0 0 0 0 0 0 0 0 0 0 0 0 0 0 0 0 0 0 0 0 0 0 0 0 0 0 0 0 0 0 0 0 0 0 0 0 0 0 0 0 0 0 0 0 0 0 0 0 0 0 0 0 0 0 0 0 0 0 0 0 0 0 0 0 0 0 0 0 0 0 0 0 0 0 0 0 0 0 0 0 0 0 0 0 0 0 0 0 0 0 0 0 0 0 0 0 0 0 0 0 0 0 0 0 0 
