85 90 90 89 83 88 86 77 80 75 88 84 77 84 80 87 79 87 83 82 84 78 78 73 75 78 71 75 76 81 79 82 80 71 67 73 78 79 72 80 78 78 82 83 77 75 76 74 82 73 76 72 74 78 74 77 79 77 83 74 61 71 72 82 77 78 77 79 77 78 78 75 80 78 82 77 78 73 83 79 73 76 76 79 81 71 64 77 78 79 76 78 83 79 77 78 79 75 75 81 82 78 77 81 76 76 81 87 82 82 83 69 67 79 87 88 83 86 85 88 88 96 90 90 89 88 88 93 89 93 91 94 94 95 91 91 81 83 86 92 94 91 97 94 96 92 103 98 99 106 97 103 110 111 110 95 78 77 73 76 71 74 73 0 0 78 72 78 85 89 89 89 100 101 97 99 
85 84 91 83 80 84 76 84 74 77 80 77 83 83 83 82 73 82 80 75 76 69 76 77 82 81 79 81 77 75 83 77 74 80 72 66 68 82 76 74 81 75 76 73 79 70 78 73 78 73 74 74 81 79 75 75 75 74 77 75 70 66 74 74 71 70 77 77 72 75 78 76 78 72 75 72 75 77 82 77 78 79 74 82 79 75 64 75 77 81 78 81 75 75 76 82 75 77 73 79 78 79 76 83 83 79 82 82 83 85 78 71 72 79 84 82 81 90 84 82 88 87 88 91 87 85 88 90 85 91 85 93 92 91 90 89 84 84 87 93 95 102 94 94 96 96 96 98 109 104 105 106 104 106 89 83 80 73 76 73 74 72 73 65 0 0 75 81 76 82 94 85 89 97 98 105 
83 79 83 82 82 80 79 78 78 77 77 77 78 78 78 78 79 79 79 79 79 78 78 77 77 77 77 77 78 78 78 77 76 74 73 72 71 72 73 74 74 75 75 74 74 74 73 73 74 73 73 74 74 74 74 75 75 74 74 72 71 71 71 71 73 74 74 74 75 75 75 75 75 75 75 75 76 76 76 76 76 76 77 77 75 75 74 73 73 75 76 76 76 76 77 77 77 77 77 77 77 78 78 78 78 79 79 80 81 79 77 77 77 78 80 83 83 84 84 85 85 86 86 86 86 86 86 87 87 88 88 89 89 88 88 86 86 87 89 91 93 94 94 95 95 96 97 99 101 102 103 102 98 93 87 81 77 74 73 73 73 73 72 73 72 74 76 77 79 82 85 89 92 96 97 107 
83 81 80 80 80 79 78 78 77 77 76 76 76 75 75 76 76 76 76 77 77 77 77 77 77 77 76 76 77 77 76 76 75 74 73 71 70 70 71 71 72 72 73 72 72 72 72 72 72 72 72 73 73 73 73 72 72 72 72 72 71 70 70 70 71 73 73 73 74 74 75 75 76 76 76 76 77 77 77 78 79 79 80 80 79 79 79 78 78 79 80 80 80 80 81 81 81 82 82 82 82 83 83 83 83 84 84 84 85 84 83 83 83 84 85 87 87 87 88 88 88 88 88 88 88 89 88 88 89 88 88 89 89 88 88 87 87 88 89 91 92 93 93 94 94 95 96 98 100 101 101 98 94 88 82 77 73 72 72 72 72 72 72 72 71 73 74 76 77 81 83 87 91 95 101 102 
78 83 79 78 78 78 77 77 76 75 75 75 74 74 73 74 74 74 75 76 76 76 76 76 75 75 75 75 75 75 75 75 74 73 72 70 69 69 69 69 69 70 70 70 70 71 70 71 70 71 71 72 72 71 72 72 72 73 73 73 72 73 73 73 74 76 77 77 78 78 79 79 80 80 80 80 81 81 82 83 83 83 84 85 84 84 84 84 84 84 85 84 85 85 85 86 86 87 87 87 87 88 88 88 88 88 88 89 89 89 88 89 89 90 91 91 91 92 92 92 93 93 93 93 93 93 93 93 93 92 93 93 93 92 92 92 92 92 93 94 95 95 95 96 96 97 97 99 101 101 99 95 90 83 78 74 72 71 71 71 71 72 72 0 0 71 73 74 76 78 82 86 90 94 98 102 
73 0 77 77 76 76 75 75 75 74 75 74 74 73 73 73 73 73 72 73 73 74 74 74 74 74 73 74 74 73 73 73 72 72 71 70 69 68 67 67 67 68 68 69 70 71 70 71 71 72 72 73 74 73 74 74 75 75 76 77 77 77 77 78 78 79 80 81 81 82 83 83 84 84 84 84 85 85 86 87 87 87 88 89 89 89 89 89 89 89 89 89 89 89 90 90 90 91 91 92 92 93 92 92 92 93 93 94 94 94 94 95 95 95 96 96 96 96 97 97 97 97 97 97 97 97 97 97 97 97 97 97 97 97 97 97 97 97 97 98 98 99 100 100 101 101 101 103 104 103 100 95 89 81 75 72 71 70 70 70 71 72 0 0 0 71 72 73 75 78 81 85 90 94 100 106 
85 74 77 77 76 75 74 74 74 74 74 74 73 72 72 71 71 70 70 70 70 71 71 72 71 72 72 72 72 72 72 71 71 71 70 69 69 69 68 68 69 69 70 71 72 73 73 74 74 75 76 77 77 77 78 78 79 80 81 81 82 82 82 82 82 83 84 84 85 85 86 87 88 88 89 89 89 90 90 91 91 91 93 93 93 94 94 94 94 94 94 94 95 95 95 95 95 96 97 98 98 99 98 98 98 98 98 99 99 100 100 101 101 102 101 101 101 102 102 103 103 103 102 102 102 102 102 102 102 101 101 101 102 102 103 103 103 102 103 103 103 103 104 104 105 105 106 107 109 107 103 96 89 81 75 72 71 70 69 69 69 0 0 0 0 71 71 72 74 76 80 84 88 92 90 96 
81 80 76 76 76 75 74 74 74 73 73 72 72 71 71 70 69 69 68 67 68 68 69 69 70 70 70 70 70 71 71 71 71 72 72 71 71 71 71 71 72 72 72 74 75 76 76 77 78 79 80 80 80 81 81 81 83 83 84 85 86 85 85 86 86 87 88 88 89 90 91 92 93 93 93 94 94 94 95 96 96 96 97 97 97 98 99 99 99 99 99 99 99 99 99 99 99 100 101 102 101 102 102 102 101 102 102 102 103 104 104 105 106 106 106 105 106 106 107 108 108 109 108 108 108 107 107 107 107 107 107 107 108 108 108 108 108 107 107 107 107 108 108 109 109 109 110 111 112 111 105 98 90 81 74 72 71 69 69 68 0 0 0 0 0 69 71 71 74 75 79 84 88 91 95 99 
73 76 76 76 75 74 73 73 72 72 72 71 71 71 71 70 69 68 67 66 67 66 68 68 69 70 71 71 72 72 73 73 74 74 74 74 75 75 75 75 76 75 76 77 78 79 80 81 82 83 83 84 84 85 86 86 87 88 88 88 89 90 90 90 91 91 92 92 92 93 94 94 95 95 96 96 97 97 97 97 97 96 97 97 98 98 99 99 99 98 98 98 98 98 98 99 99 99 100 101 102 102 102 102 101 101 102 102 102 103 104 104 105 105 105 105 106 107 108 109 110 110 109 109 109 109 108 108 109 109 110 110 111 111 111 111 111 111 111 111 111 112 112 113 113 113 114 115 117 116 110 102 93 82 75 72 71 69 70 68 0 0 0 0 0 68 69 71 73 75 79 83 87 89 83 90 
72 74 76 76 75 74 72 72 71 71 71 70 70 70 70 69 69 68 68 67 68 68 69 70 71 71 73 73 74 75 75 75 76 76 77 77 78 78 79 79 80 80 80 81 82 82 83 85 86 86 87 88 88 89 89 89 90 90 91 91 91 91 91 91 91 91 92 92 92 93 93 93 94 94 95 95 96 96 96 95 96 95 96 96 97 97 98 98 98 97 97 97 97 97 97 98 98 98 99 100 100 101 101 101 100 100 101 101 101 102 103 104 104 105 105 105 105 106 107 108 109 109 108 108 107 108 108 108 108 109 109 109 111 111 111 111 112 111 111 112 112 113 113 114 114 115 116 117 119 119 114 105 95 85 76 72 70 68 69 0 0 0 0 0 0 0 69 71 73 75 78 82 86 89 92 96 
72 71 74 74 74 72 71 71 70 70 70 70 70 70 70 70 70 70 71 70 71 70 71 71 72 73 75 75 76 77 77 78 78 79 80 80 81 82 82 83 83 83 83 84 85 85 86 87 88 88 89 89 89 89 89 89 89 89 90 90 90 91 91 91 91 91 91 91 91 91 92 92 92 93 94 95 95 95 95 95 95 95 95 95 95 95 95 95 95 94 94 94 94 94 94 94 94 95 95 96 96 97 97 97 96 97 97 97 97 98 98 99 100 101 101 101 102 103 103 105 106 106 106 106 107 107 107 107 108 108 108 109 110 110 110 110 111 111 110 111 111 111 112 113 113 114 115 116 118 119 114 105 97 86 77 72 71 68 0 0 0 0 0 0 0 0 68 70 72 74 78 81 85 88 93 85 
67 75 73 73 73 72 71 71 71 71 71 71 71 72 72 72 72 72 73 73 73 73 74 75 75 76 78 78 79 79 80 80 82 82 82 83 83 83 84 84 84 84 83 84 84 85 85 86 87 87 87 88 88 88 88 88 88 88 88 88 88 88 87 87 86 86 86 86 86 87 88 89 90 92 94 95 95 95 94 94 94 93 92 90 88 86 87 88 90 91 93 93 93 93 93 93 93 94 94 95 95 96 95 95 95 96 96 96 96 96 97 98 98 100 98 98 96 97 95 98 97 100 100 103 103 105 107 107 107 107 108 108 109 109 109 109 109 109 109 110 110 110 110 111 111 112 113 115 117 118 114 105 97 87 76 69 69 0 0 0 0 0 0 0 0 0 67 70 71 73 76 80 84 88 90 93 
72 67 72 73 73 73 72 71 71 72 72 73 73 73 73 74 74 74 75 75 76 76 77 77 78 79 80 80 81 81 82 82 82 82 83 83 83 83 83 83 83 83 82 83 83 83 83 83 83 83 83 83 83 83 83 82 81 82 83 83 85 87 86 86 86 85 85 85 85 84 85 86 88 90 93 94 95 95 94 94 94 91 89 87 85 82 84 85 87 89 92 92 92 92 91 91 91 92 92 93 93 94 94 94 94 94 94 94 94 94 95 96 97 98 95 95 93 94 92 96 94 95 96 99 100 103 106 107 107 107 107 108 109 109 109 109 109 109 108 109 109 109 109 109 110 110 111 113 115 116 113 103 97 88 77 67 0 0 0 0 0 0 60 60 60 0 65 68 69 72 74 78 83 87 92 94 
67 66 72 73 73 73 72 72 72 72 72 73 74 74 75 75 75 76 77 77 78 78 78 79 79 79 80 80 81 81 81 81 82 81 81 81 80 80 80 79 79 79 78 77 77 76 76 78 78 79 81 81 81 81 81 80 79 80 81 82 84 86 85 84 84 83 83 83 83 80 81 84 86 88 92 94 94 94 94 94 94 90 88 84 80 76 79 80 82 85 89 90 90 90 89 88 88 88 88 89 89 90 89 90 90 91 91 92 91 91 92 93 94 96 91 91 87 88 86 90 89 89 92 96 98 101 106 107 107 107 107 107 108 109 108 108 108 108 108 108 109 109 108 109 109 108 109 111 112 114 111 103 99 92 79 65 0 0 0 0 0 60 60 60 60 0 65 67 69 71 73 78 83 87 94 96 
68 68 73 73 74 74 74 74 73 74 74 75 76 76 77 78 77 78 79 78 78 78 79 78 79 79 79 80 80 80 81 81 81 79 79 79 78 77 78 78 77 77 76 76 75 74 74 75 76 77 79 79 78 79 79 78 76 77 78 78 81 83 82 80 80 79 79 79 79 74 77 81 84 87 92 94 94 94 94 95 93 88 85 80 74 67 68 70 73 77 83 83 83 82 82 81 81 81 81 80 81 82 81 82 83 83 82 83 82 82 83 84 84 86 80 81 77 77 75 80 78 80 85 92 95 99 105 106 107 107 107 107 107 108 107 107 107 107 107 107 107 108 107 108 107 107 107 109 110 112 110 102 99 94 81 61 0 0 0 0 0 60 60 60 60 0 65 66 68 70 72 77 82 86 92 88 
80 74 74 74 75 75 75 75 75 75 75 76 76 77 77 77 77 77 77 77 78 78 78 78 79 78 78 79 79 79 80 80 80 78 77 76 75 75 76 75 75 75 74 74 72 71 70 71 72 74 76 75 75 75 75 72 71 72 71 71 74 76 72 70 71 69 70 70 71 66 73 79 83 86 92 94 94 94 94 94 93 86 82 77 68 54 47 0 0 0 0 0 0 0 0 0 0 0 0 0 0 0 0 0 0 0 0 0 0 0 0 0 0 0 0 0 0 0 0 0 0 66 79 89 93 97 104 106 107 106 106 106 107 107 107 107 107 107 106 106 106 107 106 107 107 106 106 107 108 110 109 102 100 95 83 63 0 0 0 0 0 60 60 60 60 0 65 66 68 69 71 75 80 85 89 94 
73 78 75 75 76 76 76 76 75 75 74 75 75 75 76 77 76 76 76 75 76 77 77 77 78 77 77 78 78 78 79 79 77 75 75 73 72 72 74 73 72 72 70 69 66 64 63 63 63 65 67 66 66 66 65 62 59 57 0 0 0 0 0 0 0 0 0 0 0 63 74 80 83 85 91 93 93 94 94 94 93 86 83 80 73 59 0 0 0 0 0 0 0 0 0 0 0 0 0 0 0 0 0 0 0 0 0 0 0 0 0 0 0 0 0 0 0 0 0 0 0 68 81 89 93 96 103 106 106 106 106 105 106 106 106 106 106 106 106 106 106 106 106 106 106 105 105 105 106 108 108 102 101 97 87 67 0 0 0 0 0 60 60 0 0 0 64 66 68 69 71 75 80 84 86 100 
73 75 75 75 75 75 75 75 75 74 73 74 74 75 75 76 75 75 74 74 75 76 76 76 77 77 76 77 77 77 78 78 75 73 71 68 65 65 66 65 64 64 62 60 55 51 50 49 0 0 0 0 0 0 0 0 0 0 0 0 0 0 0 0 0 0 0 0 0 68 76 81 84 86 91 92 93 93 93 94 92 85 83 79 72 59 0 0 0 0 0 0 0 0 0 0 0 0 0 0 0 0 0 0 0 0 0 0 0 0 0 0 0 0 0 0 0 0 0 0 0 69 82 89 93 95 103 105 105 106 106 105 106 106 106 106 106 106 105 106 106 106 105 105 105 104 105 105 106 108 108 103 102 99 92 74 0 0 0 0 0 0 0 0 0 0 0 66 69 70 72 75 79 83 89 89 
70 73 74 75 75 75 75 75 75 74 74 74 74 74 75 75 74 74 73 72 73 74 75 75 76 76 75 76 77 77 78 77 74 72 70 65 58 0 0 0 0 0 0 0 0 0 0 0 0 0 0 0 0 0 0 0 0 0 0 0 0 0 0 0 0 0 0 0 0 69 78 82 85 86 91 92 93 93 93 93 91 84 82 79 72 58 0 0 0 0 0 0 0 0 0 0 0 0 0 0 0 0 0 0 0 0 0 0 0 0 0 0 0 0 0 0 0 0 0 0 0 71 82 89 92 95 102 105 105 105 106 106 106 106 106 106 106 105 105 105 105 105 105 105 104 104 104 104 105 107 108 102 100 98 91 75 0 0 0 0 0 0 0 0 0 0 0 67 68 69 71 74 78 82 87 88 
75 69 73 73 73 73 74 74 74 74 73 73 74 73 74 73 72 70 69 68 70 72 73 75 76 75 75 76 76 76 77 76 73 72 70 65 0 0 0 0 0 0 0 0 0 0 0 0 0 0 0 0 0 0 0 0 0 0 0 0 0 0 0 48 48 48 0 0 0 72 79 83 86 87 91 92 93 93 93 93 91 84 82 78 71 58 0 0 0 0 0 0 0 0 0 0 0 0 0 0 0 0 0 0 0 0 0 0 0 0 0 0 0 0 0 0 0 0 0 0 0 71 81 88 92 95 102 105 105 105 105 105 106 106 106 105 105 105 105 105 106 105 105 105 104 104 104 104 104 106 107 102 101 100 94 78 0 0 0 0 0 0 0 0 0 0 0 67 68 69 71 73 77 81 84 82 
70 81 72 72 72 72 73 73 73 73 73 73 73 74 74 72 71 69 67 66 69 71 72 74 75 75 75 76 76 76 77 76 73 72 70 64 0 0 0 0 0 0 0 0 0 0 0 0 0 0 0 0 0 0 0 0 0 0 0 0 0 0 54 51 50 49 47 45 0 69 80 83 86 87 90 92 92 92 93 93 91 84 82 78 71 58 0 0 0 0 0 0 0 0 0 0 0 0 0 0 0 0 0 0 0 0 0 0 0 0 0 0 0 0 0 0 0 0 0 0 0 69 80 87 91 94 101 104 105 105 105 105 105 105 105 105 105 105 105 105 105 105 104 104 103 103 103 104 104 105 107 102 102 101 96 80 0 0 0 0 0 0 0 0 0 0 0 66 68 69 71 73 77 81 86 91 
75 72 72 72 72 71 72 72 72 72 73 72 73 73 73 72 70 68 64 65 68 70 71 74 75 74 75 76 76 77 78 76 75 74 72 65 0 0 0 0 0 0 0 0 0 0 0 0 0 0 0 0 0 0 0 0 0 0 0 0 0 50 50 49 49 48 47 45 0 64 80 83 86 87 90 91 92 92 92 93 91 84 82 78 71 57 0 0 0 0 0 0 0 0 0 0 0 0 0 0 0 0 0 0 0 0 0 0 0 0 0 0 0 0 0 0 0 0 0 0 0 67 78 86 91 94 101 104 105 105 105 105 105 106 105 105 104 105 104 105 105 105 104 104 103 103 103 103 104 105 106 102 102 101 96 82 0 0 0 0 0 0 0 0 0 0 0 66 68 68 70 73 76 80 87 91 
68 71 71 71 71 70 71 71 72 72 72 72 73 73 72 70 68 66 63 63 67 69 71 74 75 75 76 76 76 77 78 76 75 75 73 65 0 0 0 0 0 0 0 0 0 0 0 0 0 0 0 0 0 0 0 0 0 0 0 0 0 50 50 49 49 48 47 45 0 63 79 82 85 87 91 92 92 92 92 92 91 84 82 78 71 57 0 0 0 0 0 0 0 0 0 0 0 0 0 0 0 0 0 0 0 0 0 0 0 0 0 0 0 0 0 0 0 0 0 0 0 63 76 85 90 93 101 104 104 104 104 105 104 105 104 104 104 104 104 104 104 104 104 103 103 103 102 103 103 104 106 102 100 99 93 78 0 0 0 0 0 0 0 0 0 0 0 65 66 67 69 72 76 81 86 91 
72 73 70 70 69 69 69 70 71 71 72 72 72 73 72 70 68 66 64 65 68 70 72 74 74 74 75 76 76 77 78 75 75 74 72 63 0 0 0 0 0 0 0 0 0 0 0 0 0 0 0 0 0 0 0 0 0 0 0 0 0 50 50 50 49 49 47 46 0 61 78 82 84 86 90 92 92 92 92 93 91 84 82 78 71 57 0 0 0 0 0 0 0 0 0 0 0 0 0 0 0 0 0 0 0 0 0 0 0 0 0 0 0 0 0 0 0 0 0 0 0 58 74 83 88 92 101 104 104 104 104 104 104 104 104 103 103 104 104 104 103 103 103 103 102 103 102 102 103 104 106 103 98 97 92 77 0 0 0 0 0 0 0 0 0 0 0 66 66 68 69 72 75 80 88 89 
71 68 70 70 69 69 69 70 71 71 71 71 71 72 71 70 69 68 66 68 71 72 72 74 74 74 75 75 76 77 78 75 75 74 72 64 0 0 0 0 0 0 0 0 0 0 0 0 0 0 0 0 0 0 0 0 0 0 0 0 0 49 50 50 49 48 47 46 0 60 77 81 84 86 90 92 92 92 92 92 90 84 81 78 71 57 0 0 0 0 0 0 0 0 0 0 0 0 0 0 0 0 0 0 0 0 0 0 0 0 0 0 0 0 0 0 0 0 0 0 0 55 72 82 87 91 100 103 104 104 104 104 104 104 104 103 103 104 104 104 103 103 103 103 102 102 102 102 102 104 105 103 97 95 90 77 0 0 0 0 0 0 0 0 0 0 0 65 66 67 69 71 75 79 87 88 
70 66 70 69 69 69 69 70 71 71 71 71 71 71 71 70 70 69 68 70 71 72 72 74 74 74 75 76 76 77 78 75 75 74 72 64 0 0 0 0 0 0 0 0 0 0 0 0 0 0 0 0 0 0 0 0 0 0 0 0 0 0 0 46 46 46 0 0 0 61 76 81 84 85 91 92 92 92 91 91 90 83 81 78 72 57 0 0 0 0 0 0 0 0 0 0 0 0 0 0 0 0 0 0 0 0 0 0 0 0 0 0 0 0 0 0 0 0 0 0 0 53 73 83 88 92 100 103 103 104 104 104 104 104 104 103 103 103 104 104 104 103 103 103 102 102 102 102 102 104 105 104 96 94 90 77 57 0 0 0 0 0 0 0 0 0 0 64 65 66 68 70 74 78 81 82 
73 73 69 68 68 68 68 69 70 70 71 72 71 71 71 70 70 70 69 70 72 72 73 73 74 74 75 76 77 77 77 75 75 73 71 65 0 0 0 0 0 0 0 0 0 0 0 0 0 0 0 0 0 0 0 0 0 0 0 0 0 0 0 0 0 0 0 0 0 65 76 81 84 85 91 92 92 92 91 91 90 83 81 78 71 56 0 0 0 0 0 0 0 0 0 0 0 0 0 0 0 0 0 0 0 0 0 0 0 0 0 0 0 0 0 0 0 0 0 0 0 0 74 85 90 93 99 102 103 103 103 104 104 104 104 103 103 104 104 104 104 104 104 104 103 103 103 102 102 103 105 104 96 94 90 78 59 0 0 0 0 0 0 0 0 0 0 63 64 66 68 70 73 77 75 89 
71 69 68 68 68 68 68 69 70 71 71 71 70 71 71 71 71 71 72 72 73 73 73 73 74 74 75 75 76 76 77 75 75 73 72 67 0 0 0 0 0 0 0 0 0 0 0 0 0 0 0 0 0 0 0 0 0 0 0 0 0 0 0 0 0 0 0 0 0 64 76 80 83 85 91 92 92 91 91 90 89 82 80 77 71 55 0 0 0 0 0 0 0 0 0 0 0 0 0 0 0 0 0 0 0 0 0 0 0 0 0 0 0 0 0 0 0 0 0 0 0 0 71 83 89 92 99 103 103 103 103 104 104 104 104 104 104 104 103 104 104 104 103 104 103 103 103 102 102 103 105 105 98 96 93 83 65 0 0 0 0 0 0 0 0 0 0 0 64 66 68 70 72 77 82 84 
64 67 68 68 67 68 68 69 70 70 70 70 70 70 71 71 71 72 72 72 73 73 73 73 74 74 75 76 77 76 76 75 74 73 71 66 0 0 0 0 0 0 0 0 0 0 0 0 0 0 0 0 0 0 0 0 0 0 0 0 0 0 0 0 0 0 0 0 0 63 75 80 83 85 91 91 92 91 91 90 89 82 81 77 72 56 0 0 0 0 0 0 0 0 0 0 0 0 0 0 0 0 0 0 0 0 0 0 0 0 0 0 0 0 0 0 0 0 0 0 0 0 73 85 90 93 99 103 103 103 103 104 104 104 104 104 104 104 104 104 104 104 104 105 103 103 103 103 102 103 105 106 100 99 96 88 71 0 0 0 0 0 0 0 0 0 0 0 64 66 68 70 73 77 76 83 
66 67 68 67 67 68 68 69 69 70 71 70 70 71 71 71 71 72 72 72 73 73 73 72 73 74 75 76 76 77 76 74 73 72 69 64 0 0 0 0 0 0 0 0 0 0 0 0 0 0 0 0 0 0 0 0 0 0 0 0 0 0 0 0 0 0 0 0 0 64 76 81 83 85 91 92 92 91 91 90 89 82 81 77 72 57 0 0 0 0 0 0 0 0 0 0 0 0 0 0 0 0 0 0 0 0 0 0 0 0 0 0 0 0 0 0 0 0 0 0 0 0 75 87 92 95 98 103 103 103 103 104 104 105 104 104 104 104 104 104 104 104 104 104 103 103 103 102 102 103 105 107 101 100 98 91 74 0 0 0 0 0 0 0 0 0 0 0 64 66 68 70 73 77 80 85 
66 69 68 67 67 67 68 68 69 70 70 70 70 70 70 70 71 71 72 73 73 73 73 73 74 74 75 75 76 76 75 72 71 70 67 60 0 0 0 0 0 0 0 0 0 0 0 0 0 0 0 0 0 0 0 0 0 0 0 0 0 0 0 0 0 0 0 0 0 65 77 81 84 85 91 91 91 91 91 90 89 82 81 77 71 56 0 0 0 0 0 0 0 0 0 0 0 0 0 0 0 0 0 0 0 0 0 0 0 0 0 0 0 0 0 0 0 0 0 0 0 0 73 86 91 94 98 102 103 103 103 103 104 104 104 104 104 104 104 104 104 104 104 104 103 103 103 102 102 103 104 106 101 101 99 93 76 0 0 0 0 0 0 0 0 0 0 0 65 67 68 70 72 76 87 86 
70 68 68 68 67 67 68 68 68 69 70 70 70 70 71 71 71 72 72 73 73 74 74 73 74 74 74 75 75 76 75 72 71 69 66 58 0 0 0 0 0 0 0 0 0 0 0 0 0 0 0 0 0 0 0 0 0 0 0 0 0 0 0 0 0 0 0 0 0 66 77 81 84 85 90 91 91 91 92 91 90 83 81 77 71 57 0 0 0 0 0 0 0 0 0 0 0 0 0 0 0 0 0 0 0 0 0 0 0 0 0 0 0 0 0 0 0 0 0 0 0 0 72 85 90 94 98 103 103 103 103 103 104 104 104 104 104 104 103 104 104 104 103 104 102 102 102 102 101 103 104 106 102 102 100 95 79 0 0 0 0 0 0 0 0 0 0 0 64 66 68 70 72 76 76 88 
70 75 68 67 67 68 67 67 68 69 69 69 70 70 70 70 71 71 72 72 73 74 74 73 74 74 75 75 76 76 75 71 70 68 64 55 0 0 0 0 0 0 0 0 0 0 0 0 0 0 0 0 0 0 0 0 0 0 0 0 0 0 0 0 0 0 0 0 0 69 78 83 84 86 91 91 91 92 92 92 91 84 82 78 71 57 0 0 0 0 0 0 0 0 0 0 0 0 0 0 0 0 0 0 0 0 0 0 0 0 0 0 0 0 0 0 0 0 0 0 0 0 76 87 92 96 97 103 103 103 103 103 103 104 104 104 104 104 104 104 104 104 104 104 103 102 102 101 101 102 103 106 101 101 100 95 78 0 0 0 0 0 0 0 0 0 0 0 65 66 67 69 71 75 75 81 
66 66 68 67 68 68 68 67 68 68 69 69 70 70 70 70 70 70 71 72 73 74 74 74 74 74 75 75 76 76 76 71 70 67 63 52 0 0 0 0 0 0 0 0 0 0 0 0 0 0 0 0 0 0 0 0 0 0 0 0 0 0 0 0 0 0 0 0 0 71 80 83 85 86 91 91 92 92 92 92 91 83 81 77 70 56 0 0 0 0 0 0 0 0 0 0 0 0 0 0 0 0 0 0 0 0 0 0 0 0 0 0 0 0 0 0 0 0 0 0 0 0 74 86 91 95 96 102 103 103 103 103 103 104 104 104 104 104 104 104 104 104 104 103 102 101 101 101 101 102 103 106 102 102 101 96 79 0 0 0 0 0 0 0 0 0 0 0 64 66 67 69 70 74 78 83 
67 63 67 67 67 68 68 67 68 68 68 69 69 69 69 69 70 70 71 72 74 74 74 74 74 74 75 75 76 76 76 71 70 68 63 51 0 0 0 0 0 0 0 0 0 0 0 0 0 0 0 0 0 0 0 0 0 0 0 0 0 0 0 0 0 0 0 0 0 72 80 84 85 86 91 91 91 92 92 92 91 83 81 77 70 55 0 0 0 0 0 0 0 0 0 0 0 0 0 0 0 0 0 0 0 0 0 0 0 0 0 0 0 0 0 0 0 0 0 0 0 0 72 85 91 94 96 102 103 103 103 103 103 103 103 103 104 104 104 104 104 104 103 103 102 101 101 101 101 102 103 106 102 102 102 98 83 0 0 0 0 0 0 0 0 0 0 0 66 66 67 68 70 73 79 84 
66 61 67 67 67 68 68 68 68 68 68 69 69 69 69 69 70 70 71 72 73 74 74 74 74 74 75 75 76 76 75 72 71 69 65 0 0 0 0 0 0 0 0 0 0 0 0 0 0 0 0 0 0 0 0 0 0 0 0 0 0 0 0 0 0 0 0 0 0 73 81 84 86 87 91 91 91 91 92 91 90 83 81 78 71 56 0 0 0 0 0 0 0 0 0 0 0 0 0 0 0 0 0 0 0 0 0 0 0 0 0 0 0 0 0 0 0 0 0 0 0 0 66 80 87 92 96 103 104 104 104 103 103 104 104 104 104 104 104 104 104 104 103 102 102 101 101 101 101 102 103 105 102 100 99 95 81 0 0 0 0 0 0 0 0 0 0 0 65 66 67 68 70 73 77 76 
68 69 67 67 67 68 68 68 69 68 68 68 69 69 69 69 70 70 71 72 74 74 74 75 74 74 75 75 76 76 75 73 72 70 65 0 0 0 0 0 0 0 0 0 0 0 0 0 0 0 0 0 0 0 0 0 0 0 0 0 0 0 0 0 0 0 0 0 0 73 81 84 86 87 91 91 91 91 91 91 90 83 80 77 70 55 0 0 0 0 0 0 0 0 0 0 0 0 0 0 0 0 0 0 0 0 0 0 0 0 0 0 0 0 0 0 0 0 0 0 0 0 65 80 87 91 96 103 104 104 104 104 104 104 104 104 104 104 104 104 104 103 103 102 101 101 101 101 101 102 103 105 103 98 97 92 77 0 0 0 0 0 0 0 0 0 0 0 64 65 66 67 70 73 78 85 
67 71 67 67 67 68 68 68 69 69 68 69 69 69 69 69 70 70 71 72 73 73 74 74 74 74 75 75 75 76 75 74 73 72 67 0 0 0 0 0 0 0 0 0 0 0 0 0 0 0 0 0 0 0 0 0 0 0 0 0 0 0 0 0 0 0 0 0 0 72 81 84 86 87 91 91 91 91 91 91 89 82 80 76 69 53 0 0 0 0 0 0 0 0 0 0 0 0 0 0 0 0 0 0 0 0 0 0 0 0 0 0 0 0 0 0 0 0 0 0 0 0 65 80 87 91 96 103 104 105 105 104 104 104 104 104 104 104 103 103 103 103 102 102 101 101 101 101 101 102 104 105 103 97 95 90 77 0 0 0 0 0 0 0 0 0 0 0 62 63 65 67 69 73 84 81 
73 71 67 67 67 67 67 68 68 69 68 69 69 69 69 69 70 70 71 71 73 73 74 74 74 74 75 75 75 76 75 75 75 74 70 0 0 0 0 0 0 0 0 0 0 0 0 0 0 0 0 0 0 0 0 0 0 0 0 0 0 0 0 0 0 0 0 0 0 73 81 85 87 88 91 91 91 91 91 91 90 82 78 74 66 50 0 0 0 0 0 0 0 0 0 0 0 0 0 0 0 0 0 0 0 0 0 0 0 0 0 0 0 0 0 0 0 0 0 0 0 0 64 79 87 91 96 103 104 105 105 104 104 104 104 103 104 104 103 103 104 103 102 102 101 101 101 101 101 102 103 105 103 95 93 88 75 55 0 0 0 0 0 0 0 0 0 0 61 62 64 66 68 73 78 84 
70 67 67 66 66 67 67 68 68 69 68 68 69 69 69 70 70 70 70 71 72 72 73 74 74 74 75 75 76 76 75 75 75 73 69 0 0 0 0 0 0 0 0 0 0 0 0 0 0 0 0 0 0 0 0 0 0 0 0 0 0 0 0 0 0 0 0 0 0 73 82 85 87 88 91 91 91 91 91 91 90 83 77 72 64 50 0 0 0 0 0 0 0 0 0 0 0 0 0 0 0 0 0 0 0 0 0 0 0 0 0 0 0 0 0 0 0 0 0 0 0 0 64 79 87 91 96 103 104 105 105 104 105 105 104 103 104 103 104 104 104 103 103 102 101 101 101 101 101 102 103 105 104 95 92 88 75 57 0 0 0 0 0 0 0 0 0 0 59 61 64 66 68 72 71 79 
62 67 67 66 66 67 67 67 68 68 68 68 69 69 69 70 70 70 70 71 72 72 73 74 74 74 75 75 76 76 75 75 74 72 68 0 0 0 0 0 0 0 0 0 0 0 0 0 0 0 0 0 0 0 0 0 0 0 0 0 0 0 0 0 0 0 0 0 0 69 78 83 85 88 91 92 91 91 91 91 90 83 77 72 64 49 0 0 0 0 0 0 0 0 0 0 0 0 0 0 0 0 0 0 0 0 0 0 0 0 0 0 0 0 0 0 0 0 0 0 0 0 67 83 89 93 95 103 104 104 105 105 105 104 104 103 104 103 103 103 104 103 103 102 101 101 101 100 101 102 103 106 105 96 94 90 78 59 0 0 0 0 0 0 0 0 0 0 0 61 64 66 68 72 77 83 
66 68 67 66 67 67 67 67 68 68 68 68 68 69 69 70 71 71 70 71 72 72 73 74 75 75 75 76 76 76 75 74 74 72 67 0 0 0 0 0 0 0 0 0 0 0 0 0 0 0 0 0 0 0 0 0 0 0 0 0 0 0 0 0 0 0 0 0 0 69 79 83 85 89 92 92 91 91 91 92 91 83 77 72 64 48 0 0 0 0 0 0 0 0 0 0 38 38 0 0 0 0 0 0 0 0 0 0 0 0 0 0 0 0 0 0 0 0 0 0 0 0 67 82 90 93 95 103 104 104 105 104 104 104 104 103 103 103 103 103 103 103 103 102 101 101 100 100 101 102 103 105 105 97 96 92 82 64 0 0 0 0 0 0 0 0 0 0 0 61 64 66 68 72 77 79 
65 65 66 66 66 66 66 67 67 67 67 67 68 69 69 70 71 71 71 71 72 73 73 74 75 75 75 76 77 76 75 75 74 71 66 0 0 0 0 0 0 0 0 0 0 0 0 0 0 0 0 0 0 0 0 0 0 0 0 0 0 0 0 0 0 0 0 0 0 70 79 84 85 89 92 92 92 92 91 92 91 83 76 71 63 48 0 0 0 0 0 0 0 0 0 0 37 37 0 0 0 0 0 0 0 0 0 0 0 0 0 0 0 0 0 0 0 0 0 0 0 0 65 82 90 93 96 103 105 104 105 104 105 105 104 104 104 103 104 104 104 104 103 102 101 101 100 100 101 102 103 105 106 98 96 93 85 66 0 0 0 0 0 0 0 0 0 0 0 62 65 67 69 72 75 89 
68 61 66 66 66 66 66 67 67 67 67 67 68 68 69 70 71 71 71 72 72 72 73 74 75 75 75 76 77 77 75 74 74 70 65 0 0 0 0 0 0 0 0 0 0 0 0 0 0 0 0 0 0 0 0 0 0 0 0 0 0 0 0 0 0 0 0 0 0 70 79 84 86 89 92 92 92 91 91 91 91 83 76 71 63 48 0 0 0 0 0 0 0 0 0 0 0 0 0 0 0 0 0 0 0 0 0 0 0 0 0 0 0 0 0 0 0 0 0 0 0 0 64 81 89 93 95 104 105 105 105 105 105 105 104 104 104 103 104 104 103 104 103 102 102 101 100 100 101 101 103 105 106 99 98 95 87 68 0 0 0 0 0 0 0 0 0 0 0 62 65 67 69 71 71 78 
64 67 66 66 67 66 67 67 67 67 67 68 68 68 69 70 71 71 72 72 72 73 73 74 75 75 76 76 77 76 74 74 73 69 63 0 0 0 0 0 0 0 0 0 0 0 0 0 0 0 0 0 0 0 0 0 0 0 0 0 0 0 0 0 0 0 0 0 0 66 76 81 84 89 92 92 92 92 91 91 91 83 75 71 62 47 0 0 0 0 0 0 0 0 0 0 37 37 0 0 0 0 0 0 0 0 0 0 0 0 0 0 0 0 0 0 0 0 0 0 0 0 59 77 86 91 96 104 105 105 105 105 105 105 104 104 104 104 104 103 103 103 102 102 102 101 100 100 101 101 102 105 106 99 98 95 88 69 0 0 0 0 0 0 0 0 0 0 0 0 64 66 68 70 78 77 
66 64 66 66 66 66 66 67 67 67 67 68 68 69 69 70 71 71 72 72 72 73 73 74 75 75 76 76 77 77 74 73 72 69 62 0 0 0 0 0 0 0 0 0 0 0 0 0 0 0 0 0 0 0 0 0 0 0 0 0 0 0 0 0 0 0 0 0 0 66 76 81 84 89 92 92 92 92 92 92 91 83 74 70 61 46 39 0 0 0 0 0 0 0 0 0 0 0 0 0 0 0 0 0 0 0 0 0 0 0 0 0 0 0 0 0 0 0 0 0 0 0 57 74 84 89 96 104 105 104 104 104 105 105 104 104 104 104 104 104 103 103 103 102 101 101 100 100 101 101 102 105 106 100 99 96 90 71 0 0 0 0 0 0 0 0 0 0 0 0 63 66 67 70 69 74 
64 66 66 66 66 66 66 67 67 67 67 68 69 69 70 70 71 71 71 72 72 72 73 73 74 74 76 76 77 77 74 73 72 69 63 0 0 0 0 0 0 0 0 0 0 0 0 0 0 0 0 0 0 0 0 0 0 0 0 0 0 0 0 0 0 0 0 0 39 64 74 79 82 89 92 92 92 92 92 92 92 84 73 68 60 46 39 0 0 0 0 0 0 0 0 0 0 0 0 0 0 0 0 0 0 0 0 0 0 0 0 0 0 0 0 0 0 0 0 0 0 0 54 72 82 87 96 104 105 105 105 105 105 105 104 104 104 104 104 104 104 103 103 102 101 101 100 100 101 101 103 105 106 99 98 96 89 69 0 0 0 0 0 0 0 0 0 0 0 0 63 65 67 70 69 80 
67 67 66 66 66 66 67 67 67 67 68 68 69 70 70 70 71 71 72 72 73 73 73 73 74 74 75 76 76 77 74 73 72 69 62 0 0 0 0 0 0 0 0 0 0 0 0 0 0 0 0 0 0 0 0 0 0 0 0 0 0 0 0 0 39 0 0 0 38 61 71 76 80 89 92 92 92 92 92 92 92 84 74 69 61 47 39 0 0 0 0 0 0 0 0 0 0 0 0 0 0 0 0 0 0 0 0 0 0 0 0 0 0 0 0 0 0 0 0 0 0 41 53 70 80 85 96 104 105 105 105 105 105 105 104 104 104 103 103 103 103 103 103 102 102 101 100 100 101 101 103 105 106 99 99 96 89 69 0 0 0 0 0 0 0 0 0 0 0 0 0 63 64 69 68 73 
66 73 65 65 65 66 66 66 67 67 67 68 69 69 70 70 70 71 72 72 73 73 73 74 74 75 76 76 76 77 74 73 72 70 63 0 0 0 0 0 0 0 0 0 0 0 0 0 0 0 0 0 0 0 0 0 0 0 0 0 0 0 0 0 0 0 0 0 39 59 69 75 79 89 92 92 92 92 92 93 92 85 74 70 62 48 40 0 0 0 0 0 0 0 0 0 0 0 0 0 0 0 0 0 0 0 0 0 0 0 0 0 0 0 0 0 0 0 0 0 0 41 52 68 78 83 96 104 106 105 106 105 105 105 105 104 104 104 103 103 103 103 103 102 102 101 100 100 100 101 102 104 106 99 98 96 89 69 0 0 0 0 0 0 0 0 0 0 0 0 0 0 63 69 63 81 
63 63 65 65 65 66 66 66 67 67 67 68 69 69 69 70 70 71 72 72 73 73 73 73 74 74 75 76 76 77 74 74 73 71 64 0 0 0 0 0 0 0 0 0 0 0 0 0 0 0 0 0 0 0 0 0 0 0 0 0 0 0 0 0 0 0 0 0 40 60 70 75 79 89 92 92 92 93 92 93 92 85 74 70 62 48 40 0 0 0 0 0 0 0 0 0 0 0 0 0 0 0 0 0 0 0 0 0 0 0 0 0 0 0 0 0 0 0 0 0 0 41 52 68 78 83 97 105 106 106 106 106 106 105 105 104 104 104 103 103 103 103 103 103 102 101 100 100 100 100 102 104 106 99 99 97 90 69 0 0 0 0 0 0 0 0 0 0 0 0 0 0 0 71 58 78 
65 65 65 65 65 66 66 67 67 67 68 68 68 69 69 69 70 71 71 72 72 73 73 74 74 75 75 76 76 76 74 73 73 71 65 0 0 0 0 0 0 0 0 0 0 0 0 0 0 0 0 0 0 0 0 0 0 0 0 0 0 0 0 0 0 0 0 0 41 61 71 76 79 90 92 92 92 93 92 93 92 84 74 70 62 49 42 0 0 0 0 0 0 0 0 0 0 0 0 0 0 0 0 0 0 0 0 0 0 0 0 0 0 0 0 0 0 0 0 0 0 41 52 68 77 83 97 105 107 107 107 106 106 106 105 104 104 104 103 103 103 103 103 103 102 101 100 100 100 100 102 104 106 99 99 97 90 67 0 0 0 0 0 0 0 0 0 0 0 0 0 0 0 72 0 69 
68 66 64 64 65 66 66 67 67 67 68 68 68 69 69 69 70 71 71 72 73 73 73 74 75 75 75 76 76 76 74 73 72 70 65 0 0 0 0 0 0 0 0 0 0 0 0 0 0 0 0 0 0 0 0 0 0 0 0 0 0 0 0 0 0 0 0 0 40 61 71 76 80 90 92 92 92 92 92 92 91 84 74 70 63 50 43 0 0 0 0 0 0 0 0 0 0 0 0 0 0 0 0 0 0 0 0 0 0 0 0 0 0 0 0 0 0 0 0 0 0 43 52 68 78 84 97 105 107 107 107 106 106 106 105 104 104 104 103 103 103 103 103 102 102 101 100 100 100 100 102 104 106 99 99 97 90 68 0 0 0 0 0 0 0 0 0 0 0 0 0 0 0 72 0 79 
66 63 64 65 64 66 66 67 67 67 67 68 68 68 69 69 70 71 71 72 72 73 73 74 75 75 75 76 76 76 74 73 72 70 65 0 0 0 0 0 0 0 0 0 0 0 0 0 0 0 0 0 0 0 0 0 0 0 0 0 0 0 0 0 0 0 0 0 42 62 72 77 80 90 92 92 92 92 92 93 92 85 75 70 63 51 43 0 0 0 0 0 0 0 0 0 0 0 0 0 0 0 0 0 0 0 0 0 0 0 0 0 0 0 0 0 0 0 0 0 0 43 52 68 78 84 97 105 107 107 107 106 106 106 105 104 104 104 104 104 103 103 103 102 102 101 101 100 100 100 101 104 106 100 99 97 91 69 0 0 0 0 0 0 0 0 0 0 0 0 0 0 0 72 0 78 
61 66 65 65 65 66 66 67 67 67 67 68 68 69 69 69 70 71 71 72 73 73 73 74 75 75 75 75 75 76 73 73 72 71 65 0 0 0 0 0 0 0 0 0 0 0 0 0 0 0 0 0 0 0 0 0 0 0 0 0 0 0 0 0 0 0 0 0 42 62 71 76 80 90 92 92 92 93 93 93 92 85 75 71 64 51 44 0 0 0 0 0 0 0 0 0 0 0 0 0 0 0 0 0 0 0 0 0 0 0 0 0 0 0 0 0 0 0 0 0 0 43 51 67 77 83 96 105 107 107 107 106 107 106 106 105 105 104 104 104 103 103 103 102 102 102 101 101 101 101 102 104 106 100 99 97 91 69 0 0 0 0 0 0 0 0 0 0 0 0 0 0 0 71 0 71 
66 66 65 65 65 66 66 67 67 66 66 67 68 69 70 70 70 71 71 72 73 73 73 75 75 75 75 75 75 75 73 73 72 70 64 0 0 0 0 0 0 0 0 0 0 0 0 0 0 0 0 0 0 0 0 0 0 0 0 0 0 0 0 0 0 0 0 0 41 62 71 76 80 90 91 92 93 93 93 93 93 86 76 72 65 52 45 0 0 0 0 0 0 0 0 0 0 0 0 0 0 0 0 0 0 0 0 0 0 0 0 0 0 0 0 0 0 0 0 0 0 43 52 67 77 83 96 105 107 107 107 106 107 106 106 105 105 104 104 104 104 103 102 102 102 101 101 101 101 101 102 104 106 100 99 98 92 70 0 0 0 0 0 0 0 0 0 0 0 0 0 0 0 70 60 75 
64 63 64 65 65 66 66 66 66 66 65 67 67 68 69 69 70 70 71 72 73 73 73 74 74 74 75 75 75 75 73 73 72 70 63 0 0 0 0 0 0 0 0 0 0 0 0 0 0 0 0 0 0 0 0 0 0 0 0 0 0 0 0 38 38 0 0 0 41 63 71 76 80 90 91 92 93 93 94 94 93 87 77 72 66 53 45 0 0 0 0 0 0 0 0 0 0 0 0 0 0 0 0 0 0 0 0 0 0 0 0 0 0 0 0 0 0 0 0 0 0 43 52 67 77 83 96 105 107 107 107 107 107 107 106 105 105 105 104 104 103 103 102 102 102 101 101 101 101 101 102 103 106 100 99 98 93 74 0 0 0 0 0 0 0 0 0 0 0 0 0 0 61 69 57 79 
66 66 65 65 65 66 65 66 65 65 65 67 68 68 69 70 70 71 71 72 72 72 73 74 74 74 74 75 75 75 73 72 72 69 62 0 0 0 0 0 0 0 0 0 0 0 0 0 0 0 0 0 0 0 0 0 0 0 0 0 0 0 0 0 0 0 0 0 43 64 72 77 80 90 91 92 93 93 94 94 93 87 77 73 67 54 47 0 0 0 0 0 0 0 0 0 0 0 0 0 0 0 0 0 0 0 0 0 0 0 0 0 0 0 0 0 0 0 0 0 0 41 51 67 76 83 96 105 107 107 107 107 107 107 106 106 105 105 104 104 103 103 102 102 101 101 101 101 101 101 101 103 105 100 100 99 95 75 0 0 0 0 0 0 0 0 0 0 0 0 0 0 61 69 62 77 
64 68 65 66 65 66 66 65 65 65 65 66 68 68 69 69 70 70 71 72 73 73 73 74 74 74 74 75 76 76 73 73 72 69 64 0 0 0 0 0 0 0 0 0 0 0 0 0 0 0 0 0 0 0 0 0 0 0 0 0 0 0 0 0 0 0 0 0 43 64 72 77 81 90 92 93 93 94 94 94 94 88 78 74 67 55 48 0 0 0 0 0 0 0 0 0 0 0 46 46 46 46 0 0 0 0 0 0 0 0 0 0 0 0 0 0 0 0 0 0 0 42 52 67 77 83 96 105 107 107 107 107 106 106 106 106 105 105 104 104 103 102 102 101 101 101 101 101 101 101 101 103 105 101 101 100 96 78 0 0 0 0 0 0 0 0 0 0 0 0 0 0 62 70 64 78 
66 69 65 66 65 66 66 66 66 66 66 67 68 68 69 69 70 71 71 72 73 73 73 74 74 74 74 75 76 75 73 73 72 69 63 0 0 0 0 0 0 0 0 0 0 0 0 0 0 0 0 0 0 0 0 0 0 0 0 0 0 0 0 0 0 0 0 0 44 65 73 78 82 91 93 93 93 94 94 94 94 88 79 75 69 56 49 0 0 0 0 0 0 0 0 0 0 0 48 48 48 48 0 0 0 0 0 0 0 0 0 0 0 0 0 0 0 0 0 0 0 43 52 67 77 83 96 105 107 107 107 107 107 106 106 105 105 104 104 104 103 102 102 102 101 101 101 100 100 100 100 102 104 101 101 100 97 80 0 0 0 0 0 0 0 0 0 0 0 0 0 0 62 70 60 77 
60 65 65 66 66 66 66 66 66 67 67 68 69 69 69 70 71 71 71 72 73 73 73 73 74 74 74 75 75 75 73 72 72 68 63 0 0 0 0 0 0 0 0 0 0 0 0 0 0 0 0 0 0 0 0 0 0 0 0 0 0 0 0 0 0 0 0 0 44 65 74 79 82 92 93 94 94 94 95 94 95 89 80 76 70 58 50 0 0 0 0 0 0 0 0 0 0 0 52 52 52 52 57 0 0 0 0 0 0 0 0 0 0 0 0 0 0 0 0 0 0 44 52 67 77 83 96 105 107 107 107 107 107 106 105 105 104 104 104 104 103 103 102 102 101 101 100 100 100 100 100 102 105 101 99 98 93 77 0 0 0 0 0 0 0 0 0 0 0 0 0 0 63 70 66 83 
63 67 65 66 65 66 66 66 66 67 67 68 69 69 69 70 71 71 71 72 72 73 73 73 74 74 74 75 76 76 73 72 71 67 61 0 0 0 0 0 0 0 0 0 0 0 0 0 0 0 0 0 0 0 0 0 0 0 0 0 0 0 0 0 0 0 0 0 45 65 74 79 82 92 94 94 94 94 95 95 95 90 81 77 71 60 52 0 0 0 0 0 0 0 0 0 0 43 56 61 61 61 69 0 0 0 0 0 0 0 0 0 0 0 0 0 0 0 0 0 0 44 51 67 77 82 95 105 106 107 107 107 107 106 105 105 104 104 104 104 103 103 102 102 101 101 100 100 100 100 101 102 105 101 99 98 93 77 0 0 0 0 0 0 0 0 0 0 0 0 0 0 64 70 61 71 
66 65 65 65 65 66 66 66 66 67 67 68 69 69 70 70 70 71 71 72 72 73 73 74 74 74 74 76 76 76 73 73 71 67 60 0 0 0 0 0 0 0 0 0 0 0 0 0 0 0 0 0 0 0 0 0 0 0 0 0 0 0 0 0 0 0 0 0 45 65 74 80 83 92 94 94 94 95 95 96 96 91 82 78 72 61 54 0 0 0 0 0 0 0 0 0 0 0 58 67 67 67 73 0 0 0 0 0 0 0 0 0 0 0 0 0 0 0 0 0 0 46 52 67 77 83 95 105 107 108 107 108 108 107 105 105 104 104 103 104 103 103 102 102 102 101 101 100 100 100 101 102 104 102 99 98 94 79 0 0 0 0 0 0 0 0 0 0 0 0 0 0 66 71 64 79 
59 67 64 64 64 65 65 66 67 67 68 68 68 69 69 70 70 71 71 71 72 73 73 73 74 74 75 76 76 76 73 72 70 66 59 0 0 0 0 0 0 0 0 0 0 0 0 0 0 0 0 0 0 0 0 0 0 0 0 0 0 0 0 0 0 0 0 0 45 64 74 79 82 92 95 95 94 95 95 96 96 91 83 80 74 63 55 0 0 0 0 0 0 0 0 0 0 0 63 78 76 76 79 88 0 0 0 0 0 0 0 0 0 0 0 0 0 0 0 0 0 46 53 67 77 83 95 105 107 108 107 108 107 106 105 105 104 104 103 104 103 103 103 102 101 101 100 100 100 100 101 102 104 101 98 97 93 78 0 0 0 0 0 0 0 0 0 0 0 0 0 0 66 70 69 73 
65 63 64 64 64 65 65 66 66 67 67 67 68 69 69 70 70 71 71 71 71 72 72 73 73 74 74 76 76 76 73 72 70 66 59 0 0 0 0 0 0 0 0 0 0 0 0 0 0 0 0 0 0 0 0 0 0 0 0 0 0 0 0 0 0 0 0 0 45 64 73 79 83 92 95 95 95 95 95 96 97 92 84 80 75 64 57 0 0 0 0 0 0 0 0 0 0 0 64 89 85 81 78 83 52 0 0 0 0 0 0 0 0 0 0 0 0 0 0 0 0 47 54 68 77 83 95 105 107 107 107 107 107 107 106 105 104 104 104 104 104 103 102 102 101 100 100 100 100 100 101 102 104 101 99 97 94 78 0 0 0 0 0 0 0 0 0 0 0 0 0 0 68 71 69 76 
68 63 63 63 64 65 65 65 66 67 67 68 68 69 69 69 69 70 70 71 71 72 72 73 74 74 75 76 76 76 73 72 70 66 59 0 0 0 0 0 0 0 0 0 0 0 0 0 0 0 0 0 0 0 0 0 0 0 0 0 0 0 0 0 0 0 0 0 44 63 73 79 83 93 95 95 94 95 95 96 97 92 84 80 74 64 57 0 0 0 0 0 0 0 0 0 0 0 58 92 102 99 93 105 94 65 0 0 0 0 0 0 0 0 0 0 0 0 0 0 0 48 55 69 78 84 95 104 106 107 107 107 106 106 106 105 105 104 104 104 104 103 102 101 101 100 100 100 100 100 100 101 103 100 98 97 93 78 0 0 0 0 0 0 0 0 0 0 0 0 0 0 67 70 68 72 
63 67 64 64 64 65 65 66 66 66 66 67 68 68 69 69 69 70 71 71 72 73 73 73 74 74 75 76 76 76 73 72 71 68 62 0 0 0 0 0 0 0 0 0 0 0 0 0 0 0 0 0 0 0 0 0 0 0 0 0 0 37 37 37 37 37 0 0 44 63 73 79 83 93 96 96 95 95 95 96 97 92 86 82 77 69 66 0 0 0 0 0 0 0 0 0 0 0 54 137 136 166 153 179 158 168 75 0 0 0 0 0 0 0 0 0 0 0 0 0 0 55 59 70 79 85 96 105 107 107 106 106 106 106 105 105 104 104 103 104 103 102 101 101 100 100 99 99 99 99 99 100 103 100 98 97 93 78 0 0 0 0 0 0 0 0 0 0 0 0 0 63 66 69 69 74 
65 61 64 64 64 65 65 66 67 67 67 68 68 68 68 69 69 70 71 71 72 73 73 73 73 74 75 75 76 76 73 72 70 68 60 0 0 0 0 0 0 0 0 0 0 0 0 0 0 0 0 0 0 0 0 0 0 0 0 0 0 37 37 37 37 37 0 0 43 63 73 79 84 95 97 97 97 96 95 96 96 92 88 89 85 80 84 94 0 0 0 0 0 0 0 0 0 0 55 220 201 218 217 244 171 183 118 0 0 0 0 0 0 0 0 0 0 0 0 0 0 70 68 77 83 88 97 105 107 107 106 106 106 106 105 105 104 104 104 104 103 102 101 101 100 100 99 99 99 99 99 100 102 99 97 96 92 77 0 0 0 0 0 0 0 0 0 0 0 0 0 63 66 69 69 78 
61 63 64 64 64 65 65 65 66 66 67 67 68 68 68 69 69 70 71 72 72 73 73 73 73 74 74 75 75 76 73 72 70 68 62 0 0 0 0 0 0 0 0 0 0 0 0 0 0 0 0 0 0 0 0 0 0 0 0 0 0 37 37 37 37 37 0 0 44 63 73 80 86 98 100 101 99 97 96 96 96 92 89 93 86 83 88 92 0 0 0 0 0 0 0 0 0 0 56 271 256 263 257 277 180 182 123 51 0 0 0 0 0 0 0 0 0 0 0 0 0 82 75 82 87 90 97 105 106 106 106 106 106 106 105 105 105 104 103 103 102 102 101 101 100 99 98 98 98 98 98 99 102 98 95 94 91 76 0 0 0 0 0 0 0 0 0 0 0 0 0 62 64 68 68 71 
63 65 65 65 65 65 65 66 67 67 67 68 68 68 68 69 70 70 71 73 73 73 74 74 74 74 75 75 75 76 73 72 70 68 62 0 0 0 0 0 0 0 0 0 0 0 0 0 0 0 0 0 0 0 0 0 0 0 0 0 0 37 37 37 37 37 0 0 44 63 73 80 87 99 102 102 101 97 96 96 96 92 89 90 84 81 84 85 0 0 0 0 0 0 0 0 0 0 57 276 279 329 312 322 245 237 113 51 0 0 0 0 0 0 0 0 0 0 0 0 88 81 75 81 86 90 96 104 106 106 106 106 105 105 104 104 104 104 103 103 101 101 100 99 99 99 98 98 97 98 97 99 101 97 94 93 90 75 0 0 0 0 0 0 0 0 0 0 0 0 0 60 63 67 65 78 
60 66 64 65 65 66 65 66 66 66 67 67 67 68 68 69 70 71 71 72 73 73 74 74 74 74 75 75 75 76 73 72 71 68 63 0 0 0 0 0 0 0 0 0 0 0 0 0 0 0 0 0 0 0 0 0 0 0 0 0 0 37 37 37 37 0 0 0 46 64 73 80 87 99 102 103 102 98 96 96 96 92 89 89 83 80 83 83 0 0 0 0 0 0 0 0 0 0 60 287 275 333 312 296 212 212 102 50 49 0 0 0 0 0 0 0 0 0 0 0 88 80 75 81 86 90 96 105 106 106 106 106 106 105 105 104 103 103 101 100 98 97 96 95 94 94 93 93 93 94 94 95 98 94 93 93 90 76 0 0 0 0 0 0 0 0 0 0 0 0 0 61 64 67 67 76 
62 66 64 65 65 65 65 65 66 66 67 67 67 68 68 68 69 70 71 72 73 73 74 74 74 74 75 75 75 75 73 72 70 68 62 0 0 0 0 0 0 0 0 0 0 0 0 0 0 0 0 0 0 0 0 0 0 0 0 0 0 38 38 38 38 0 0 0 46 64 73 79 87 99 102 102 102 98 96 96 96 92 87 88 81 77 79 82 0 0 0 0 0 0 0 0 0 0 61 279 249 277 262 249 173 174 99 50 49 0 0 0 0 0 0 0 0 0 0 0 0 79 73 80 86 88 96 104 106 106 106 106 105 105 104 103 101 99 96 93 90 90 89 90 91 92 92 92 90 89 88 88 89 87 87 87 85 74 0 0 0 0 0 0 0 0 0 0 0 0 59 60 63 66 64 75 
62 60 64 64 65 65 65 65 66 65 66 66 67 67 68 68 69 70 71 72 73 73 74 74 74 74 75 75 75 75 73 72 71 68 63 0 0 0 0 0 0 0 0 0 0 0 0 0 0 0 0 0 0 0 0 0 0 0 0 0 0 38 38 38 38 0 0 0 46 64 73 79 86 97 101 101 101 97 96 96 96 91 84 80 73 66 62 63 0 0 0 0 0 0 0 0 0 0 0 208 177 222 191 183 153 157 78 50 0 0 0 0 0 0 0 0 0 0 0 0 0 67 64 73 81 85 95 104 106 106 106 106 105 105 103 99 97 95 91 89 87 87 86 87 88 90 89 89 87 86 85 85 86 84 84 85 83 0 0 0 0 0 0 0 0 0 0 0 0 0 59 60 63 66 76 74 
64 64 64 64 65 65 65 65 65 66 66 66 67 67 68 69 69 70 71 71 72 73 73 74 74 74 75 75 75 75 73 72 71 68 62 0 0 0 0 0 0 0 0 0 0 0 0 0 0 0 0 0 0 0 0 0 0 0 0 0 0 38 38 38 38 0 0 0 45 63 72 78 83 94 97 98 98 96 96 96 95 91 82 75 69 59 50 0 0 0 0 0 0 0 0 0 0 0 0 0 121 186 152 147 144 146 61 48 0 0 0 0 0 0 0 0 0 0 0 0 0 50 54 66 76 82 94 104 106 106 106 106 105 103 99 95 93 90 85 82 80 78 76 76 77 80 80 83 82 81 80 80 81 80 81 82 80 0 0 0 0 0 0 0 0 0 0 0 0 0 59 61 63 66 69 75 
65 67 63 64 64 65 65 65 65 65 65 66 67 67 68 69 69 69 71 71 72 72 74 75 75 75 75 75 74 74 72 71 70 67 60 0 0 0 0 0 0 0 0 0 0 0 0 0 0 0 0 0 0 0 0 0 0 0 0 0 0 38 38 38 38 0 0 0 45 63 72 78 82 92 95 96 97 96 96 95 95 90 82 76 70 60 51 0 0 0 0 0 0 0 0 0 0 0 0 0 69 103 95 92 92 96 70 0 0 0 0 0 0 0 0 0 0 0 0 0 0 44 51 66 76 82 95 104 107 106 106 106 104 102 97 93 87 83 78 76 75 76 74 72 71 71 69 70 68 66 65 64 65 67 68 70 0 0 0 0 0 0 0 0 0 0 0 0 0 57 59 61 63 66 70 75 
66 58 64 64 64 65 65 66 65 65 65 66 67 67 68 69 69 70 71 71 72 72 73 74 75 75 75 74 74 74 72 71 70 67 60 0 0 0 0 0 0 0 0 0 0 0 0 0 0 0 0 0 0 0 0 0 0 0 0 0 0 0 37 37 37 0 0 0 45 63 72 78 82 92 95 96 96 96 95 95 95 90 81 78 72 61 53 0 0 0 0 0 0 0 0 0 0 0 0 0 0 95 94 94 94 99 92 0 0 0 0 0 0 0 0 0 0 0 0 0 0 44 51 66 76 82 94 104 106 106 105 104 102 100 95 88 82 77 74 75 77 78 74 72 70 67 57 58 59 61 61 62 62 63 63 63 0 0 0 0 0 0 0 0 0 0 0 0 0 57 59 61 63 65 71 72 
71 64 64 64 65 65 65 66 66 65 66 66 67 67 69 69 70 70 71 71 71 72 73 74 74 74 74 74 74 74 72 71 70 67 61 0 0 0 0 0 0 0 0 0 0 0 0 0 0 0 0 0 0 0 0 0 0 0 0 0 0 0 0 0 0 0 0 0 44 62 72 77 81 91 94 95 95 96 95 95 94 89 80 77 71 60 52 0 0 0 0 0 0 0 0 0 0 0 0 0 0 84 90 87 87 90 89 0 0 0 0 0 0 0 0 0 0 0 0 0 0 45 51 66 76 82 94 103 106 105 104 103 100 98 90 83 77 76 78 84 87 87 81 77 73 66 60 67 72 72 74 73 72 72 71 0 0 0 0 0 0 0 0 0 0 0 0 0 0 57 59 61 63 66 67 79 
68 67 65 64 65 66 65 65 65 65 66 66 67 68 69 69 70 70 71 71 72 71 73 73 74 74 74 74 74 74 72 72 71 68 61 0 0 0 0 0 0 0 0 0 0 0 0 0 0 0 0 0 0 0 0 0 0 0 0 0 0 0 0 0 0 0 0 0 42 62 71 76 80 90 93 94 94 95 95 94 94 89 80 76 70 60 52 0 0 0 0 0 0 0 0 0 0 0 0 0 0 0 83 79 79 79 80 0 0 0 0 0 0 0 0 0 0 0 0 0 0 44 51 66 76 82 94 103 105 104 104 102 99 96 88 82 78 81 83 89 90 87 82 77 72 66 65 72 76 78 79 78 77 76 75 70 0 0 0 0 0 0 0 0 0 0 0 0 0 57 60 61 63 66 70 79 
68 62 65 65 66 66 65 65 65 65 66 66 67 68 68 69 70 70 71 71 71 71 72 73 73 74 74 74 74 74 72 71 71 68 61 0 0 0 0 0 0 0 0 0 0 0 0 0 0 0 0 0 0 0 0 0 0 0 0 0 0 0 0 0 0 0 0 0 42 62 71 76 79 90 93 94 94 95 95 94 93 88 79 75 69 58 50 0 0 0 0 0 0 0 0 0 0 0 0 0 0 0 72 68 68 68 70 0 0 0 0 0 0 0 0 0 0 0 0 0 0 43 50 65 75 81 93 102 104 104 103 101 98 93 86 81 80 84 89 93 95 90 86 80 74 68 71 77 80 82 82 81 80 79 77 74 0 0 0 0 0 0 0 0 0 0 0 0 0 59 61 62 64 67 75 73 
66 60 65 65 66 66 66 65 65 65 66 66 67 68 68 69 70 70 70 71 71 71 72 72 73 73 74 74 75 75 72 72 71 69 63 0 0 0 0 0 0 0 0 0 0 0 0 0 0 0 0 0 0 0 0 0 0 0 0 0 0 0 0 0 0 0 0 0 42 62 71 76 79 89 92 93 93 94 94 94 93 88 78 74 68 57 48 0 0 0 0 0 0 0 0 0 0 0 0 0 0 0 66 60 60 60 61 53 0 0 0 0 0 0 0 0 0 0 0 0 0 43 49 64 74 80 92 102 104 103 103 100 97 91 84 79 81 86 92 96 96 91 86 79 73 70 76 81 84 87 88 88 88 87 85 80 0 0 0 0 0 0 0 0 0 0 0 0 0 60 61 63 65 67 66 80 
57 64 65 65 66 66 66 65 65 65 66 66 68 68 69 69 69 70 70 70 71 71 71 72 73 73 74 74 74 74 72 72 71 69 63 0 0 0 0 0 0 0 0 0 0 0 0 0 0 0 0 0 0 0 0 0 0 0 0 0 0 0 0 0 0 0 0 0 41 61 70 75 78 89 92 93 93 94 94 93 92 87 77 73 67 55 47 0 0 0 0 0 0 0 0 0 0 0 0 0 0 0 0 56 56 56 56 53 0 0 0 0 0 0 0 0 0 0 0 0 0 43 49 64 73 80 92 101 103 103 103 99 97 87 80 78 82 87 94 98 96 90 87 79 74 74 82 84 88 90 92 90 90 89 88 82 0 0 0 0 0 0 0 0 0 0 0 0 0 61 61 63 65 67 73 76 
68 64 65 65 66 66 65 65 65 65 66 66 67 67 67 67 68 68 68 69 70 70 71 72 72 73 74 74 74 74 72 72 71 69 63 0 0 0 0 0 0 0 0 0 0 0 0 0 0 0 0 0 0 0 0 0 0 0 0 0 0 0 0 0 0 0 0 0 40 59 69 74 77 88 91 92 93 93 93 93 92 86 76 72 66 54 46 0 0 0 0 0 0 0 0 0 0 0 0 0 0 0 0 52 52 52 52 0 0 0 0 0 0 0 0 0 0 0 0 0 0 42 48 64 73 79 92 101 103 103 102 98 97 88 81 80 84 87 94 97 93 88 82 76 72 76 83 87 90 92 92 90 90 89 87 83 0 0 0 0 0 0 0 0 0 0 0 0 0 61 62 63 64 67 68 81 
62 60 65 64 65 65 65 65 65 65 66 66 67 67 66 65 66 66 66 68 69 70 71 72 73 73 74 74 75 74 72 72 71 69 64 0 0 0 0 0 0 0 0 0 0 0 0 0 0 0 0 0 0 0 0 0 0 0 0 0 0 0 0 0 0 0 0 0 40 59 68 74 77 88 90 92 92 92 92 92 91 85 76 72 65 53 45 0 0 0 0 0 0 0 0 0 0 0 0 0 0 0 0 0 0 0 0 0 0 0 0 0 0 0 0 0 0 0 0 0 0 42 48 63 73 79 91 101 102 102 101 97 94 84 78 76 79 83 89 92 88 85 78 73 72 77 81 85 89 89 89 88 88 87 86 82 0 0 0 0 0 0 0 0 0 0 0 0 0 60 61 62 64 67 70 78 
66 64 65 64 65 65 65 65 65 65 66 66 67 67 66 65 65 65 64 66 68 69 70 72 73 74 74 75 75 75 73 72 71 69 65 0 0 0 0 0 0 0 0 0 0 0 0 0 0 0 0 0 0 0 0 0 0 0 0 0 0 0 0 0 0 0 0 0 40 59 68 74 77 87 90 91 91 91 91 91 91 85 75 71 64 52 44 0 0 0 0 0 0 0 0 0 0 0 0 0 0 0 0 0 0 0 0 0 0 0 0 0 0 0 0 0 0 0 0 0 0 41 47 62 72 78 90 100 100 98 96 91 87 81 76 74 78 83 85 87 84 82 74 71 71 77 79 84 87 85 84 82 80 80 80 77 0 0 0 0 0 0 0 0 0 0 0 0 0 59 60 62 64 67 68 77 
72 64 64 64 65 65 65 65 66 65 66 66 67 66 65 63 63 62 61 64 67 68 69 72 73 74 74 74 75 75 72 72 71 69 64 0 0 0 0 0 0 0 0 0 0 0 0 0 0 0 0 0 0 0 0 0 0 0 0 0 0 0 0 0 0 0 0 0 39 60 70 75 78 87 89 90 90 90 90 91 90 84 74 70 63 51 44 0 0 0 0 0 0 0 0 0 0 0 0 0 0 0 0 0 0 0 0 0 0 0 0 0 0 0 0 0 0 0 0 0 0 42 48 63 73 78 89 96 97 95 92 88 85 80 75 72 76 81 82 84 81 79 71 69 70 75 78 83 85 83 82 80 78 78 78 74 0 0 0 0 0 0 0 0 0 0 0 0 0 57 60 61 63 66 68 76 
60 63 64 64 64 65 65 65 65 65 66 66 66 65 64 62 61 59 58 61 65 66 69 72 73 74 74 74 75 75 73 73 72 70 65 0 0 0 0 0 0 0 0 0 0 0 0 0 0 0 0 0 0 0 0 0 0 0 0 0 0 0 0 0 0 0 0 0 0 63 72 77 80 87 89 89 89 89 89 90 90 83 74 69 62 49 42 0 0 0 0 0 0 0 0 0 0 0 0 0 0 0 0 0 0 0 0 0 0 0 0 0 0 0 0 0 0 0 0 0 0 42 47 64 73 79 86 93 93 90 87 86 82 79 74 71 73 79 76 78 75 73 65 65 66 72 74 80 81 79 78 76 74 74 74 0 0 0 0 0 0 0 0 0 0 0 0 0 0 58 60 62 64 67 73 79 
63 66 64 64 64 65 65 65 65 65 65 66 66 65 64 62 62 60 58 61 65 66 69 72 73 74 74 75 75 75 73 73 72 70 64 0 0 0 0 0 0 0 0 0 0 0 0 0 0 0 0 0 0 0 0 0 0 0 0 0 0 0 0 0 0 0 0 0 0 63 72 77 80 87 88 89 88 88 88 89 89 83 73 69 62 49 42 0 0 0 0 0 0 0 0 0 0 0 0 0 0 0 0 0 0 0 0 0 0 0 0 0 0 0 0 0 0 0 0 0 0 0 48 65 75 79 84 91 90 85 82 80 76 73 69 64 63 71 66 66 65 64 58 60 62 65 67 71 72 70 70 68 68 69 69 0 0 0 0 0 0 0 0 0 0 0 0 0 0 59 61 62 64 67 71 75 
62 63 63 64 65 65 65 65 65 65 66 66 66 66 65 63 63 62 61 63 66 67 69 72 72 73 74 75 75 75 73 73 72 70 64 0 0 0 0 0 0 0 0 0 0 0 0 0 0 0 0 0 0 0 0 0 0 0 0 0 0 0 0 0 0 0 0 0 0 66 74 79 81 86 88 89 89 88 89 89 89 82 73 68 61 48 41 0 0 0 0 0 0 0 0 0 0 0 0 0 0 0 0 0 0 0 0 0 0 0 0 0 0 0 0 0 0 0 0 0 0 0 50 67 77 79 81 88 86 77 72 68 65 0 0 0 0 0 0 0 0 0 0 0 0 0 0 0 0 0 0 56 56 0 0 0 0 0 0 0 0 0 0 0 0 0 0 0 0 59 61 62 64 67 74 79 
63 64 63 64 64 65 65 65 64 65 65 66 66 66 65 64 64 63 63 65 67 68 70 71 72 73 73 74 75 75 73 72 71 69 61 0 0 0 0 0 0 0 0 0 0 0 0 0 0 0 0 0 0 0 0 0 0 0 0 0 0 0 0 0 0 0 0 0 0 70 77 81 83 86 88 89 89 88 88 89 89 82 72 68 60 47 40 0 0 0 0 0 0 0 0 0 0 0 0 0 0 0 0 0 0 0 0 0 0 0 0 0 0 0 0 0 0 0 0 0 0 0 54 71 80 81 79 84 81 70 56 0 0 0 0 0 0 0 0 0 0 0 0 0 0 0 0 0 0 0 0 0 0 0 0 0 0 0 0 0 0 0 0 0 0 0 0 0 0 59 61 62 64 67 66 82 
63 61 63 63 63 64 64 64 64 64 65 65 66 66 66 65 65 65 65 67 68 69 71 72 73 73 73 74 75 75 72 72 70 68 61 0 0 0 0 0 0 0 0 0 0 0 0 0 0 0 0 0 0 0 0 0 0 0 0 0 0 0 0 0 0 0 0 0 0 69 77 81 83 86 89 90 90 89 89 89 89 81 72 67 60 46 39 0 0 0 0 0 0 0 0 0 0 0 0 0 0 0 0 0 0 0 0 0 0 0 0 0 0 0 0 0 0 0 0 0 0 0 54 71 80 80 78 84 81 69 0 0 0 0 0 0 0 0 0 0 0 0 0 0 0 0 0 0 0 0 0 0 0 0 0 0 0 0 0 0 0 0 0 0 0 0 0 0 0 60 61 63 65 67 68 79 
66 63 62 63 63 64 64 64 64 64 65 65 66 66 67 66 67 67 67 68 69 70 71 72 72 72 73 74 74 74 72 71 69 66 59 0 0 0 0 0 0 0 0 0 0 0 0 0 0 0 0 0 0 0 0 0 0 0 0 0 0 0 0 0 0 0 0 0 0 68 76 80 82 85 89 89 89 89 89 89 89 82 72 67 59 46 38 0 0 0 0 0 0 0 0 0 0 0 0 0 0 0 0 0 0 0 0 0 0 0 0 0 0 0 0 0 0 0 0 0 0 0 56 72 81 81 81 85 82 72 59 0 0 0 0 0 0 0 0 0 0 0 0 0 0 0 0 0 0 0 0 0 0 0 0 0 0 0 0 0 0 0 0 0 0 0 0 0 0 61 61 62 64 67 72 75 
59 67 62 63 63 64 64 64 63 63 64 64 65 66 66 66 66 67 68 69 70 71 71 71 72 72 72 73 74 74 72 71 70 67 60 0 0 0 0 0 0 0 0 0 0 0 0 0 0 0 0 0 0 0 0 0 0 0 0 0 0 0 0 0 0 0 0 0 0 72 79 82 84 85 89 89 89 89 89 89 89 82 71 67 59 46 38 0 0 0 0 0 0 0 0 0 0 0 0 0 0 0 0 0 0 0 0 0 0 0 0 0 0 0 0 0 0 0 0 0 0 0 56 72 81 82 82 86 82 75 66 0 0 0 0 0 0 0 0 0 0 0 0 0 0 0 0 0 0 0 0 0 0 0 0 0 0 0 0 0 0 0 0 0 0 0 0 0 0 61 61 63 65 68 69 78 
61 65 62 63 63 63 64 63 62 63 63 63 63 64 64 64 65 65 66 66 68 69 69 70 70 70 70 71 72 73 70 70 69 66 60 0 0 0 0 0 0 0 0 0 0 0 0 0 0 0 0 0 0 0 0 0 0 0 0 0 0 0 0 0 0 0 0 0 0 72 79 82 83 84 88 88 89 89 89 89 88 81 71 67 59 46 38 0 0 0 0 0 0 0 0 0 0 0 0 0 0 0 0 0 0 0 0 0 0 0 0 0 0 0 0 0 0 0 0 0 0 0 56 72 80 84 84 88 85 80 72 67 60 56 55 57 59 59 59 56 55 0 0 0 0 0 0 0 0 0 0 0 0 0 0 0 0 0 0 0 0 0 0 0 0 0 0 0 0 62 62 63 66 68 75 81 
0 0 62 63 63 62 63 63 62 62 63 63 63 63 64 64 64 65 65 66 67 67 68 69 69 70 69 69 69 69 66 66 66 64 58 0 0 0 0 0 0 0 0 0 0 0 0 0 0 0 0 0 0 0 0 0 0 0 0 0 0 0 0 0 0 0 0 0 0 71 78 81 83 84 87 88 88 88 88 88 88 80 71 66 59 45 39 0 0 0 0 0 0 0 0 0 0 0 0 0 0 0 0 0 0 0 0 0 0 0 0 0 0 0 0 0 0 0 0 0 0 0 54 70 79 83 86 91 90 86 81 76 72 71 70 72 74 73 73 70 67 65 64 0 0 0 0 0 0 0 0 0 0 0 0 0 0 0 0 0 0 0 0 0 0 0 0 0 0 63 63 64 66 69 76 81 
0 0 62 63 62 62 64 63 63 62 63 62 61 61 62 63 63 64 64 65 66 66 67 68 68 69 68 68 68 68 65 65 65 63 58 0 0 0 0 0 0 0 0 0 0 0 0 0 0 0 0 0 0 0 0 0 0 0 0 0 0 0 0 0 0 0 0 0 0 68 75 78 80 81 84 85 86 86 86 87 86 79 71 67 59 46 39 0 0 0 0 0 0 0 0 0 0 0 0 0 0 0 0 0 0 0 0 0 0 0 0 0 0 0 0 0 0 0 0 0 0 0 56 72 80 84 86 91 90 87 83 78 75 74 73 73 74 73 71 69 66 64 63 61 0 0 0 0 0 0 0 0 0 0 0 0 0 0 0 0 0 0 0 0 0 0 0 0 0 63 63 64 66 69 73 78 
0 0 0 0 0 0 0 63 63 61 61 60 58 58 60 60 62 63 63 64 65 65 66 67 67 68 67 65 66 66 64 64 64 63 0 0 0 0 0 0 0 0 0 0 0 0 0 0 0 0 0 0 0 0 0 0 0 0 0 0 0 0 0 0 0 0 0 0 0 68 74 77 79 78 81 80 79 77 78 77 76 71 65 62 56 45 0 0 0 0 0 0 0 0 0 0 0 0 0 0 0 0 0 0 0 0 0 0 0 0 0 0 0 0 0 0 0 0 0 0 0 0 55 68 74 77 80 84 83 81 77 74 69 69 70 71 72 73 71 69 66 64 63 61 0 0 0 0 0 0 0 0 0 0 0 0 0 0 0 0 0 0 0 0 0 0 0 0 0 63 63 64 66 69 74 79 
0 0 0 0 0 0 0 0 0 0 0 0 0 0 0 0 58 60 59 60 62 61 61 63 63 63 62 61 61 61 59 60 61 59 0 0 0 0 0 0 0 0 0 0 0 0 0 0 0 0 0 0 0 0 0 0 0 0 0 0 0 0 0 0 0 0 0 0 0 0 73 76 78 77 79 78 76 75 75 74 73 68 63 61 55 44 0 0 0 0 0 0 0 0 0 0 0 0 0 0 0 0 0 0 0 0 0 0 0 0 0 0 0 0 0 0 0 0 0 0 0 0 0 67 72 75 78 82 83 81 78 74 70 69 70 71 72 73 71 69 66 64 63 61 0 0 0 0 0 0 0 0 0 0 0 0 0 0 0 0 0 0 0 0 0 0 0 0 63 63 63 64 65 68 73 78 
0 0 0 0 0 0 0 0 0 0 0 0 0 0 0 0 0 0 0 0 0 0 0 0 0 0 0 0 0 51 51 51 0 0 0 0 0 0 0 0 0 0 0 0 0 0 0 0 0 0 0 0 0 0 0 0 0 0 0 0 0 0 0 0 0 0 0 0 0 0 71 74 76 74 76 74 72 70 70 69 68 64 61 59 54 44 0 0 0 0 0 0 0 0 0 0 0 0 0 0 0 0 0 0 0 0 0 0 0 0 0 0 0 0 0 0 0 0 0 0 0 0 0 65 69 72 74 78 79 78 77 76 74 75 76 78 78 80 77 76 71 69 67 64 0 0 0 0 0 0 0 0 0 0 0 0 0 0 0 0 0 0 0 0 0 0 0 0 65 64 64 65 66 68 67 77 
0 0 0 0 0 0 0 0 0 0 0 0 0 0 0 0 0 0 0 0 0 0 0 0 0 0 0 0 0 0 0 0 0 0 0 0 0 0 0 0 0 0 0 0 0 0 0 0 0 0 0 0 0 0 0 0 0 0 0 0 0 0 0 0 0 0 0 0 0 0 0 0 70 66 69 66 63 61 61 60 60 57 56 55 52 0 0 0 0 0 0 0 0 0 0 0 0 0 0 0 0 0 0 0 0 0 0 0 0 0 0 0 0 0 0 0 0 0 0 0 0 0 0 0 65 66 68 69 70 70 69 68 66 68 69 71 69 72 69 68 65 63 0 0 0 0 0 0 0 0 0 0 0 0 0 0 0 0 0 0 0 0 0 0 0 0 0 0 64 64 63 64 66 68 72 73 
0 0 0 0 0 0 0 0 0 0 0 0 0 0 0 0 0 0 0 0 0 0 0 0 0 0 0 0 0 0 0 0 0 0 0 0 0 0 0 0 0 0 0 0 0 0 0 0 0 0 0 0 0 0 0 0 0 0 0 0 0 0 0 0 0 0 0 0 0 0 0 0 0 0 0 0 0 39 40 40 41 41 41 0 0 0 0 0 0 0 0 0 0 0 0 0 0 0 0 0 0 0 0 0 0 0 0 0 0 0 0 0 0 0 0 0 0 0 0 0 0 0 0 0 0 0 51 51 51 50 50 47 46 0 0 0 0 0 0 0 0 0 0 0 0 0 56 56 56 56 0 0 0 0 0 0 0 0 0 0 0 0 0 0 0 0 0 0 64 64 64 65 66 69 69 75 
0 0 0 0 0 0 0 0 0 0 0 0 0 0 0 0 0 0 0 0 0 0 0 0 0 0 0 0 0 0 0 0 0 0 0 0 0 0 0 0 0 0 0 0 0 0 0 0 0 0 0 0 0 0 0 0 0 0 0 0 0 0 0 0 0 0 0 0 0 0 0 0 0 0 0 0 0 0 0 0 0 0 0 0 0 0 0 0 0 0 0 0 0 0 0 0 0 0 0 0 0 0 0 0 0 0 0 0 0 0 0 0 0 0 0 0 0 0 0 0 0 0 0 0 0 0 0 0 0 0 0 0 0 0 0 0 0 0 0 0 0 0 0 0 0 0 56 56 56 56 0 0 0 0 0 0 0 0 0 0 0 0 0 0 0 0 0 0 64 63 63 65 66 69 75 82 
0 0 0 0 0 0 0 0 0 0 0 0 0 0 0 0 0 0 0 0 0 0 0 0 0 0 0 0 0 0 0 0 0 0 0 0 0 0 0 0 0 0 0 0 0 0 0 0 0 0 0 0 0 0 0 0 0 0 0 0 0 0 0 0 0 0 0 0 0 0 0 0 0 0 0 0 0 0 0 0 0 0 0 0 0 0 0 0 0 0 0 0 0 0 0 0 0 0 0 0 0 0 0 0 0 0 0 0 0 0 0 0 0 0 0 0 0 0 0 0 0 0 0 0 0 0 0 0 0 0 0 0 0 0 0 0 0 0 0 0 0 0 0 0 0 0 0 0 0 0 0 0 0 0 0 0 0 0 0 0 0 0 0 0 0 0 0 0 0 64 63 65 67 69 72 81 
0 0 0 0 0 0 0 0 0 0 0 0 0 0 0 0 0 0 0 0 0 0 0 0 0 0 0 0 0 0 0 0 0 0 0 0 0 0 0 0 0 0 0 0 0 0 0 0 0 0 0 0 0 0 0 0 0 0 0 0 0 0 0 0 0 0 0 0 0 0 0 0 0 0 0 0 0 0 0 0 0 0 0 0 0 0 0 0 0 0 0 0 0 0 0 0 0 0 0 0 0 0 0 0 0 0 0 0 0 0 0 0 0 0 0 0 0 0 0 0 0 0 0 0 0 0 0 0 0 0 0 0 0 0 0 0 0 0 0 0 0 0 0 0 0 0 0 0 0 0 0 0 0 0 0 0 0 0 0 0 0 0 0 0 0 0 0 0 0 62 63 65 67 70 74 76 
0 0 0 0 0 0 0 0 0 0 0 0 0 0 0 0 0 0 0 0 0 0 0 0 0 0 0 0 0 0 0 0 0 0 0 0 0 0 0 0 0 0 0 0 0 0 0 0 0 0 0 0 0 0 0 0 0 0 0 0 0 0 0 0 0 0 0 0 0 0 0 0 0 0 0 0 0 0 0 0 0 0 0 0 0 0 0 0 0 0 0 0 0 0 0 0 0 0 0 0 0 0 0 0 0 0 0 0 0 0 0 0 0 0 0 0 0 0 0 0 0 0 0 0 0 0 0 0 0 0 0 0 0 0 0 0 0 0 0 0 0 0 0 0 0 0 0 0 0 0 0 0 0 0 0 0 0 0 0 0 0 0 0 0 0 0 0 0 0 62 63 65 67 70 71 79 
0 0 0 0 0 0 0 0 0 0 0 0 0 0 0 0 0 0 0 0 0 0 0 0 0 0 0 0 0 0 0 0 0 0 0 0 0 0 0 0 0 0 0 0 0 0 0 0 0 0 0 0 0 0 0 0 0 0 0 0 0 0 0 0 0 0 0 0 0 0 0 0 0 0 0 0 0 0 0 0 0 0 0 0 0 0 0 0 0 0 0 0 0 0 0 0 0 0 0 0 0 0 0 0 0 0 0 0 0 0 0 0 0 0 0 0 0 0 0 0 0 0 0 0 0 0 0 0 0 0 0 0 0 0 0 0 0 0 0 0 0 0 0 0 0 0 0 0 0 0 0 0 0 0 0 0 0 0 0 0 0 0 0 0 0 0 0 0 0 61 63 64 67 70 74 85 
0 0 0 0 0 0 0 0 0 0 0 0 0 0 0 0 0 0 0 0 0 0 0 0 0 0 0 0 0 0 0 0 0 0 0 0 0 0 0 0 0 0 0 0 0 0 0 0 0 0 0 0 0 0 0 0 0 0 0 0 0 0 0 0 0 0 0 0 0 0 0 0 0 0 0 0 0 0 0 0 0 0 0 0 0 0 0 0 0 0 0 0 0 0 0 0 0 0 0 0 0 0 0 0 0 0 0 0 0 0 0 0 0 0 0 0 0 0 0 0 0 0 0 0 0 0 0 0 0 0 0 0 0 0 0 0 0 0 0 0 0 0 0 0 0 0 0 0 0 0 0 0 0 0 0 0 0 0 0 0 0 0 0 0 0 0 0 0 0 0 65 65 68 71 78 79 
0 0 0 0 0 0 0 0 0 0 0 0 0 0 0 0 0 0 0 0 0 0 0 0 0 0 0 0 0 0 0 0 0 0 0 0 0 0 0 0 0 0 0 0 0 0 0 0 0 0 0 0 0 0 0 0 0 0 0 0 0 0 0 0 0 0 0 0 0 0 0 0 0 0 0 0 0 0 0 0 0 0 0 0 0 0 0 0 0 0 0 0 0 0 0 0 0 0 0 0 0 0 0 0 0 0 0 0 0 0 0 0 0 0 0 0 0 0 0 0 0 0 0 0 0 0 0 0 0 0 0 0 0 0 0 0 0 0 0 0 0 0 0 0 0 0 0 0 0 0 0 0 0 0 0 0 0 0 0 0 0 0 0 0 0 0 0 0 0 0 0 65 68 71 72 71 
0 0 0 0 0 0 0 0 0 0 0 0 0 0 0 0 0 0 0 0 0 0 0 0 0 0 0 0 0 0 0 0 0 0 0 0 0 0 0 0 0 0 0 0 0 0 0 0 0 0 0 0 0 0 0 0 0 0 0 0 0 0 0 0 0 0 0 0 0 0 0 0 0 0 0 0 0 0 0 0 0 0 0 0 0 0 0 0 0 0 0 0 0 0 0 0 0 0 0 0 0 0 0 0 0 0 0 0 0 0 0 0 0 0 0 0 0 0 0 0 0 0 0 0 0 0 0 0 0 0 0 0 0 0 0 0 0 0 0 0 0 0 0 0 0 0 0 0 0 0 0 0 0 0 0 0 0 0 0 0 0 0 0 0 0 0 0 0 0 0 0 0 69 71 0 0 
0 0 0 0 0 0 0 0 0 0 0 0 0 0 0 0 0 0 0 0 0 0 0 0 0 0 0 0 0 0 0 0 0 0 0 0 0 0 0 0 0 0 0 0 0 0 0 0 0 0 0 0 0 0 0 0 0 0 0 0 0 0 0 0 0 0 0 0 0 0 0 0 0 0 0 0 0 0 0 0 0 0 0 0 0 0 0 0 0 0 0 0 0 0 0 0 0 0 0 0 0 0 0 0 0 0 0 0 0 0 0 0 0 0 0 0 0 0 0 0 0 0 0 0 0 0 0 0 0 0 0 0 0 0 0 0 0 0 0 0 0 0 0 0 0 0 0 0 0 0 0 0 0 0 0 0 0 0 0 0 0 0 0 0 0 0 0 0 0 0 0 0 0 0 0 0 
0 0 0 0 0 0 0 0 0 0 0 0 0 0 0 0 0 0 0 0 0 0 0 0 0 0 0 0 0 0 0 0 0 0 0 0 0 0 0 0 0 0 0 0 0 0 0 0 0 0 0 0 0 0 0 0 0 0 0 0 0 0 0 0 0 0 0 0 0 0 0 0 0 0 0 0 0 0 0 0 0 0 0 0 0 0 0 0 0 0 0 0 0 0 0 0 0 0 0 0 0 0 0 0 0 0 0 0 0 0 0 0 0 0 0 0 0 0 0 0 0 0 0 0 0 0 0 0 0 0 0 0 0 0 0 0 0 0 0 0 0 0 0 0 0 0 0 0 0 0 0 0 0 0 0 0 0 0 0 0 0 0 0 0 0 0 0 0 0 0 0 0 0 0 0 0 
0 0 0 0 0 0 0 0 0 0 0 0 0 0 0 0 0 0 0 0 0 0 0 0 0 0 0 0 0 0 0 0 0 0 0 0 0 0 0 0 0 0 0 0 0 0 0 0 0 0 0 0 0 0 0 0 0 0 0 0 0 0 0 0 0 0 0 0 0 0 0 0 0 0 0 0 0 0 0 0 0 0 0 0 0 0 0 0 0 0 0 0 0 0 0 0 0 0 0 0 0 0 0 0 0 0 0 0 0 0 0 0 0 0 0 0 0 0 0 0 0 0 0 0 0 0 0 0 0 0 0 0 0 0 0 0 0 0 0 0 0 0 0 0 0 0 0 0 0 0 0 0 0 0 0 0 0 0 0 0 0 0 0 0 0 0 0 0 0 0 0 0 0 0 0 0 
0 0 0 0 0 0 0 0 0 0 0 0 0 0 0 0 0 0 0 0 0 0 0 0 0 0 0 0 0 0 0 0 0 0 0 0 0 0 0 0 0 0 0 0 0 0 0 0 0 0 0 0 0 0 0 0 0 0 0 0 0 0 0 0 0 0 0 0 0 0 0 0 0 0 0 0 0 0 0 0 0 0 0 0 0 0 0 0 0 0 0 0 0 0 0 0 0 0 0 0 0 0 0 0 0 0 0 0 0 0 0 0 0 0 0 0 0 0 0 0 0 0 0 0 0 0 0 0 0 0 0 0 0 0 0 0 0 0 0 0 0 0 0 0 0 0 0 0 0 0 0 0 0 0 0 0 0 0 0 0 0 0 0 0 0 0 0 0 0 0 0 0 0 0 0 0 
0 0 0 0 0 0 0 0 0 0 0 0 0 0 0 0 0 0 0 0 0 0 0 0 0 0 0 0 0 0 0 0 0 0 0 0 0 0 0 0 0 0 0 0 0 0 0 0 0 0 0 0 0 0 0 0 0 0 0 0 0 0 0 0 0 0 0 0 0 0 0 0 0 0 0 0 0 0 0 0 0 0 0 0 0 0 0 0 0 0 0 0 0 0 0 0 0 0 0 0 0 0 0 0 0 0 0 0 0 0 0 0 0 0 0 0 0 0 0 0 0 0 0 0 0 0 0 0 0 0 0 0 0 0 0 0 0 0 0 0 0 0 0 0 0 0 0 0 0 0 0 0 0 0 0 0 0 0 0 0 0 0 0 0 0 0 0 0 0 0 0 0 0 0 0 0 
0 0 0 0 0 0 0 0 0 0 0 0 0 0 0 0 0 0 0 0 0 0 0 0 0 0 0 0 0 0 0 0 0 0 0 0 0 0 0 0 0 0 0 0 0 0 0 0 0 0 0 0 0 0 0 0 0 0 0 0 0 0 0 0 0 0 0 0 0 0 0 0 0 0 0 0 0 0 0 0 0 0 0 0 0 0 0 0 0 0 0 0 0 0 0 0 0 0 0 0 0 0 0 0 0 0 0 0 0 0 0 0 0 0 0 0 0 0 0 0 0 0 0 0 0 0 0 0 0 0 0 0 0 0 0 0 0 0 0 0 0 0 0 0 0 0 0 0 0 0 0 0 0 0 0 0 0 0 0 0 0 0 0 0 0 0 0 0 0 0 0 0 0 0 0 0 
0 0 0 0 0 0 0 0 0 0 0 0 0 0 0 0 0 0 0 0 0 0 0 0 0 0 0 0 0 0 0 0 0 0 0 0 0 0 0 0 0 0 0 0 0 0 0 0 0 0 0 0 0 0 0 0 0 0 0 0 0 0 0 0 0 0 0 0 0 0 0 0 0 0 0 0 0 0 0 0 0 0 0 0 0 0 0 0 0 0 0 0 0 0 0 0 0 0 0 0 0 0 0 0 0 0 0 0 0 0 0 0 0 0 0 0 0 0 0 0 0 0 0 0 0 0 0 0 0 0 0 0 0 0 0 0 0 0 0 0 0 0 0 0 0 0 0 0 0 0 0 0 0 0 0 0 0 0 0 0 0 0 0 0 0 0 0 0 0 0 0 0 0 0 0 0 
0 0 0 0 0 0 0 0 0 0 0 0 0 0 0 0 0 0 0 0 0 0 0 0 0 0 0 0 0 0 0 0 0 0 0 0 0 0 0 0 0 0 0 0 0 0 0 0 0 0 0 0 0 0 0 0 0 0 0 0 0 0 0 0 0 0 0 0 0 0 0 0 0 0 0 0 0 0 0 0 0 0 0 0 0 0 0 0 0 0 0 0 0 0 0 0 0 0 0 0 0 0 0 0 0 0 0 0 0 0 0 0 0 0 0 0 0 0 0 0 0 0 0 0 0 0 0 0 0 0 0 0 0 0 0 0 0 0 0 0 0 0 0 0 0 0 0 0 0 0 0 0 0 0 0 0 0 0 0 0 0 0 0 0 0 0 0 0 0 0 0 0 0 0 0 0 
0 0 0 0 0 0 0 0 0 0 0 0 0 0 0 0 0 0 0 0 0 0 0 0 0 0 0 0 0 0 0 0 0 0 0 0 0 0 0 0 0 0 0 0 0 0 0 0 0 0 0 0 0 0 0 0 0 0 0 0 0 0 0 0 0 0 0 0 0 0 0 0 0 0 0 0 0 0 0 0 0 0 0 0 0 0 0 0 0 0 0 0 0 0 0 0 0 0 0 0 0 0 0 0 0 0 0 0 0 0 0 0 0 0 0 0 0 0 0 0 0 0 0 0 0 0 0 0 0 0 0 0 0 0 0 0 0 0 0 0 0 0 0 0 0 0 0 0 0 0 0 0 0 0 0 0 0 0 0 0 0 0 0 0 0 0 0 0 0 0 0 0 0 0 0 0 
0 0 0 0 0 0 0 0 0 0 0 0 0 0 0 0 0 0 0 0 0 0 0 0 0 0 0 0 0 0 0 0 0 0 0 0 0 0 0 0 0 0 0 0 0 0 0 0 0 0 0 0 0 0 0 0 0 0 0 0 0 0 0 0 0 0 0 0 0 0 0 0 0 0 0 0 0 0 0 0 0 0 0 0 0 0 0 0 0 0 0 0 0 0 0 0 0 0 0 0 0 0 0 0 0 0 0 0 0 0 0 0 0 0 0 0 0 0 0 0 0 0 0 0 0 0 0 0 0 0 0 0 0 0 0 0 0 0 0 0 0 0 0 0 0 0 0 0 0 0 0 0 0 0 0 0 0 0 0 0 0 0 0 0 0 0 0 0 0 0 0 0 0 0 0 0 
0 0 0 0 0 0 0 0 0 0 0 0 0 0 0 0 0 0 0 0 0 0 0 0 0 0 0 0 0 0 0 0 0 0 0 0 0 0 0 0 0 0 0 0 0 0 0 0 0 0 0 0 0 0 0 0 0 0 0 0 0 0 0 0 0 0 0 0 0 0 0 0 0 0 0 0 0 0 0 0 0 0 0 0 0 0 0 0 0 0 0 0 0 0 0 0 0 0 0 0 0 0 0 0 0 0 0 0 0 0 0 0 0 0 0 0 0 0 0 0 0 0 0 0 0 0 0 0 0 0 0 0 0 0 0 0 0 0 0 0 0 0 0 0 0 0 0 0 0 0 0 0 0 0 0 0 0 0 0 0 0 0 0 0 0 0 0 0 0 0 0 0 0 0 0 0 
0 0 0 0 0 0 0 0 0 0 0 0 0 0 0 0 0 0 0 0 0 0 0 0 0 0 0 0 0 0 0 0 0 0 0 0 0 0 0 0 0 0 0 0 0 0 0 0 0 0 0 0 0 0 0 0 0 0 0 0 0 0 0 0 0 0 0 0 0 0 0 0 0 0 0 0 0 0 0 0 0 0 0 0 0 0 0 0 0 0 0 0 0 0 0 0 0 0 0 0 0 0 0 0 0 0 0 0 0 0 0 0 0 0 0 0 0 0 0 0 0 0 0 0 0 0 0 0 0 0 0 0 0 0 0 0 0 0 0 0 0 0 0 0 0 0 0 0 0 0 0 0 0 0 0 0 0 0 0 0 0 0 0 0 0 0 0 0 0 0 0 0 0 0 0 0 
0 0 0 0 0 0 0 0 0 0 0 0 0 0 0 0 0 0 0 0 0 0 0 0 0 0 0 0 0 0 0 0 0 0 0 0 0 0 0 0 0 0 0 0 0 0 0 0 0 0 0 0 0 0 0 0 0 0 0 0 0 0 0 0 0 0 0 0 0 0 0 0 0 0 0 0 0 0 0 0 0 0 0 0 0 0 0 0 0 0 0 0 0 0 0 0 0 0 0 0 0 0 0 0 0 0 0 0 0 0 0 0 0 0 0 0 0 0 0 0 0 0 0 0 0 0 0 0 0 0 0 0 0 0 0 0 0 0 0 0 0 0 0 0 0 0 0 0 0 0 0 0 0 0 0 0 0 0 0 0 0 0 0 0 0 0 0 0 0 0 0 0 0 0 0 0 
0 0 0 0 0 0 0 0 0 0 0 0 0 0 0 0 0 0 0 0 0 0 0 0 0 0 0 0 0 0 0 0 0 0 0 0 0 0 0 0 0 0 0 0 0 0 0 0 0 0 0 0 0 0 0 0 0 0 0 0 0 0 0 0 0 0 0 0 0 0 0 0 0 0 0 0 0 0 0 0 0 0 0 0 0 0 0 0 0 0 0 0 0 0 0 0 0 0 0 0 0 0 0 0 0 0 0 0 0 0 0 0 0 0 0 0 0 0 0 0 0 0 0 0 0 0 0 0 0 0 0 0 0 0 0 0 0 0 0 0 0 0 0 0 0 0 0 0 0 0 0 0 0 0 0 0 0 0 0 0 0 0 0 0 0 0 0 0 0 0 0 0 0 0 0 0 
0 0 0 0 0 0 0 0 0 0 0 0 0 0 0 0 0 0 0 0 0 0 0 0 0 0 0 0 0 0 0 0 0 0 0 0 0 0 0 0 0 0 0 0 0 0 0 0 0 0 0 0 0 0 0 0 0 0 0 0 0 0 0 0 0 0 0 0 0 0 0 0 0 0 0 0 0 0 0 0 0 0 0 0 0 0 0 0 0 0 0 0 0 0 0 0 0 0 0 0 0 0 0 0 0 0 0 0 0 0 0 0 0 0 0 0 0 0 0 0 0 0 0 0 0 0 0 0 0 0 0 0 0 0 0 0 0 0 0 0 0 0 0 0 0 0 0 0 0 0 0 0 0 0 0 0 0 0 0 0 0 0 0 0 0 0 0 0 0 0 0 0 0 0 0 0 
0 0 0 0 0 0 0 0 0 0 0 0 0 0 0 0 0 0 0 0 0 0 0 0 0 0 0 0 0 0 0 0 0 0 0 0 0 0 0 0 0 0 0 0 0 0 0 0 0 0 0 0 0 0 0 0 0 0 0 0 0 0 0 0 0 0 0 0 0 0 0 0 0 0 0 0 0 0 0 0 0 0 0 0 0 0 0 0 0 0 0 0 0 0 0 0 0 0 0 0 0 0 0 0 0 0 0 0 0 0 0 0 0 0 0 0 0 0 0 0 0 0 0 0 0 0 0 0 0 0 0 0 0 0 0 0 0 0 0 0 0 0 0 0 0 0 0 0 0 0 0 0 0 0 0 0 0 0 0 0 0 0 0 0 0 0 0 0 0 0 0 0 0 0 0 0 
0 0 0 0 0 0 0 0 0 0 0 0 0 0 0 0 0 0 0 0 0 0 0 0 0 0 0 0 0 0 0 0 0 0 0 0 0 0 0 0 0 0 0 0 0 0 0 0 0 0 0 0 0 0 0 0 0 0 0 0 0 0 0 0 0 0 0 0 0 0 0 0 0 0 0 0 0 0 0 0 0 0 0 0 0 0 0 0 0 0 0 0 0 0 0 0 0 0 0 0 0 0 0 0 0 0 0 0 0 0 0 0 0 0 0 0 0 0 0 0 0 0 0 0 0 0 0 0 0 0 0 0 0 0 0 0 0 0 0 0 0 0 0 0 0 0 0 0 0 0 0 0 0 0 0 0 0 0 0 0 0 0 0 0 0 0 0 0 0 0 0 0 0 0 0 0 
0 0 0 0 0 0 0 0 0 0 0 0 0 0 0 0 0 0 0 0 0 0 0 0 0 0 0 0 0 0 0 0 0 0 0 0 0 0 0 0 0 0 0 0 0 0 0 0 0 0 0 0 0 0 0 0 0 0 0 0 0 0 0 0 0 0 0 0 0 0 0 0 0 0 0 0 0 0 0 0 0 0 0 0 0 0 0 0 0 0 0 0 0 0 0 0 0 0 0 0 0 0 0 0 0 0 0 0 0 0 0 0 0 0 0 0 0 0 0 0 0 0 0 0 0 0 0 0 0 0 0 0 0 0 0 0 0 0 0 0 0 0 0 0 0 0 0 0 0 0 0 0 0 0 0 0 0 0 0 0 0 0 0 0 0 0 0 0 0 0 0 0 0 0 0 0 
0 0 0 0 0 0 0 0 0 0 0 0 0 0 0 0 0 0 0 0 0 0 0 0 0 0 0 0 0 0 0 0 0 0 0 0 0 0 0 0 0 0 0 0 0 0 0 0 0 0 0 0 0 0 0 0 0 0 0 0 0 0 0 0 0 0 0 0 0 0 0 0 0 0 0 0 0 0 0 0 0 0 0 0 0 0 0 0 0 0 0 0 0 0 0 0 0 0 0 0 0 0 0 0 0 0 0 0 0 0 0 0 0 0 0 0 0 0 0 0 0 0 0 0 0 0 0 0 0 0 0 0 0 0 0 0 0 0 0 0 0 0 0 0 0 0 0 0 0 0 0 0 0 0 0 0 0 0 0 0 0 0 0 0 0 0 0 0 0 0 0 0 0 0 0 0 
0 0 0 0 0 0 0 0 0 0 0 0 0 0 0 0 0 0 0 0 0 0 0 0 0 0 0 0 0 0 0 0 0 0 0 0 0 0 0 0 0 0 0 0 0 0 0 0 0 0 0 0 0 0 0 0 0 0 0 0 0 0 0 0 0 0 0 0 0 0 0 0 0 0 0 0 0 0 0 0 0 0 0 0 0 0 0 0 0 0 0 0 0 0 0 0 0 0 0 0 0 0 0 0 0 0 0 0 0 0 0 0 0 0 0 0 0 0 0 0 0 0 0 0 0 0 0 0 0 0 0 0 0 0 0 0 0 0 0 0 0 0 0 0 0 0 0 0 0 0 0 0 0 0 0 0 0 0 0 0 0 0 0 0 0 0 0 0 0 0 0 0 0 0 0 0 
0 0 0 0 0 0 0 0 0 0 0 0 0 0 0 0 0 0 0 0 0 0 0 0 0 0 0 0 0 0 0 0 0 0 0 0 0 0 0 0 0 0 0 0 0 0 0 0 0 0 0 0 0 0 0 0 0 0 0 0 0 0 0 0 0 0 0 0 0 0 0 0 0 0 0 0 0 0 0 0 0 0 0 0 0 0 0 0 0 0 0 0 0 0 0 0 0 0 0 0 0 0 0 0 0 0 0 0 0 0 0 0 0 0 0 0 0 0 0 0 0 0 0 0 0 0 0 0 0 0 0 0 0 0 0 0 0 0 0 0 0 0 0 0 0 0 0 0 0 0 0 0 0 0 0 0 0 0 0 0 0 0 0 0 0 0 0 0 0 0 0 0 0 0 0 0 
0 0 0 0 0 0 0 0 0 0 0 0 0 0 0 0 0 0 0 0 0 0 0 0 0 0 0 0 0 0 0 0 0 0 0 0 0 0 0 0 0 0 0 0 0 0 0 0 0 0 0 0 0 0 0 0 0 0 0 0 0 0 0 0 0 0 0 0 0 0 0 0 0 0 0 0 0 0 0 0 0 0 0 0 0 0 0 0 0 0 0 0 0 0 0 0 0 0 0 0 0 0 0 0 0 0 0 0 0 0 0 0 0 0 0 0 0 0 0 0 0 0 0 0 0 0 0 0 0 0 0 0 0 0 0 0 0 0 0 0 0 0 0 0 0 0 0 0 0 0 0 0 0 0 0 0 0 0 0 0 0 0 0 0 0 0 0 0 0 0 0 0 0 0 0 0 
0 0 0 0 0 0 0 0 0 0 0 0 0 0 0 0 0 0 0 0 0 0 0 0 0 0 0 0 0 0 0 0 0 0 0 0 0 0 0 0 0 0 0 0 0 0 0 0 0 0 0 0 0 0 0 0 0 0 0 0 0 0 0 0 0 0 0 0 0 0 0 0 0 0 0 0 0 0 0 0 0 0 0 0 0 0 0 0 0 0 0 0 0 0 0 0 0 0 0 0 0 0 0 0 0 0 0 0 0 0 0 0 0 0 0 0 0 0 0 0 0 0 0 0 0 0 0 0 0 0 0 0 0 0 0 0 0 0 0 0 0 0 0 0 0 0 0 0 0 0 0 0 0 0 0 0 0 0 0 0 0 0 0 0 0 0 0 0 0 0 0 0 0 0 0 0 
0 0 0 0 0 0 0 0 0 0 0 0 0 0 0 0 0 0 0 0 0 0 0 0 0 0 0 0 0 0 0 0 0 0 0 0 0 0 0 0 0 0 0 0 0 0 0 0 0 0 0 0 0 0 0 0 0 0 0 0 0 0 0 0 0 0 0 0 0 0 0 0 0 0 0 0 0 0 0 0 0 0 0 0 0 0 0 0 0 0 0 0 0 0 0 0 0 0 0 0 0 0 0 0 0 0 0 0 0 0 0 0 0 0 0 0 0 0 0 0 0 0 0 0 0 0 0 0 0 0 0 0 0 0 0 0 0 0 0 0 0 0 0 0 0 0 0 0 0 0 0 0 0 0 0 0 0 0 0 0 0 0 0 0 0 0 0 0 0 0 0 0 0 0 0 0 
0 0 0 0 0 0 0 0 0 0 0 0 0 0 0 0 0 0 0 0 0 0 0 0 0 0 0 0 0 0 0 0 0 0 0 0 0 0 0 0 0 0 0 0 0 0 0 0 0 0 0 0 0 0 0 0 0 0 0 0 0 0 0 0 0 0 0 0 0 0 0 0 0 0 0 0 0 0 0 0 0 0 0 0 0 0 0 0 0 0 0 0 0 0 0 0 0 0 0 0 0 0 0 0 0 0 0 0 0 0 0 0 0 0 0 0 0 0 0 0 0 0 0 0 0 0 0 0 0 0 0 0 0 0 0 0 0 0 0 0 0 0 0 0 0 0 0 0 0 0 0 0 0 0 0 0 0 0 0 0 0 0 0 0 0 0 0 0 0 0 0 0 0 0 0 0 
