89 94 90 92 92 88 86 90 83 88 82 81 85 82 94 76 78 83 86 83 84 77 81 84 85 89 80 84 85 79 81 81 81 74 78 80 77 73 80 83 83 76 77 85 82 82 83 79 75 77 79 78 78 78 81 76 82 80 81 77 80 79 72 67 71 78 86 75 77 77 79 80 78 76 78 78 82 80 84 79 82 78 78 81 86 80 79 76 72 71 79 76 84 83 81 81 79 86 81 81 83 80 83 77 83 80 80 87 83 82 82 86 94 80 71 74 84 85 86 98 90 90 92 88 89 86 87 92 94 89 92 91 89 95 98 98 96 93 96 89 90 91 95 98 98 97 98 102 100 102 106 109 109 103 112 112 120 110 101 85 80 78 82 80 82 79 82 83 80 82 86 87 101 97 100 99 
87 88 97 88 91 97 91 88 88 82 84 79 73 81 82 73 75 79 80 84 85 85 77 88 85 87 82 81 88 82 76 85 78 82 86 81 81 70 69 74 79 80 80 82 78 79 76 77 75 78 77 80 79 76 79 81 78 77 78 80 77 78 79 64 71 77 77 78 75 76 78 79 80 72 81 84 81 77 77 80 78 79 80 76 79 79 83 80 70 70 76 81 79 83 80 81 76 81 79 84 81 84 82 81 82 85 80 83 83 84 78 83 79 76 66 83 89 83 87 91 86 91 90 86 86 90 98 86 89 91 89 91 89 91 96 92 95 95 94 81 89 96 95 93 96 97 97 94 102 102 102 100 107 110 106 115 106 107 91 76 79 82 74 83 82 82 80 73 79 82 81 82 91 99 99 105 
86 82 86 86 86 86 86 85 84 83 82 81 81 79 79 78 79 79 81 82 82 82 82 83 83 83 83 83 82 82 82 81 81 81 80 79 78 76 76 75 74 75 76 76 77 78 77 77 76 77 77 77 77 78 78 78 78 78 78 78 77 75 73 73 73 74 75 77 78 77 77 78 78 78 78 79 79 79 79 79 79 79 79 79 80 80 78 77 76 75 75 76 78 79 79 79 79 79 79 80 80 80 80 80 80 80 81 81 81 81 81 79 77 78 79 79 81 85 85 86 87 87 86 87 87 87 88 89 89 90 90 90 91 92 92 92 92 90 90 90 91 92 94 95 95 96 97 97 98 100 102 103 105 105 104 100 96 90 85 81 79 77 77 77 78 78 78 80 81 82 84 87 91 95 95 109 
84 81 83 84 84 84 84 84 83 82 82 81 80 79 77 77 77 78 79 81 81 81 81 82 82 82 82 83 81 81 81 81 80 80 79 79 78 76 75 74 73 73 74 75 76 76 76 76 75 76 76 76 76 76 76 76 76 77 76 76 76 75 73 73 73 74 75 77 78 78 78 78 79 79 79 80 80 80 81 81 81 81 81 81 82 82 82 80 79 79 78 79 81 81 81 81 81 81 82 82 83 82 83 83 83 83 83 83 82 83 82 81 79 80 81 81 83 85 85 85 86 86 85 86 87 87 87 88 88 88 89 89 90 90 90 90 90 89 89 89 91 92 93 94 94 94 95 96 97 99 101 102 103 102 99 94 89 84 80 77 76 76 76 76 76 76 76 79 79 81 83 86 89 94 95 105 
75 83 82 82 82 82 82 81 81 81 81 80 80 79 77 77 77 77 78 79 79 79 79 80 81 81 80 81 80 79 79 80 79 79 78 78 77 76 75 74 71 71 72 72 74 74 75 75 74 75 75 75 75 76 76 76 77 77 77 78 78 78 77 77 78 78 80 82 83 83 83 83 84 83 84 84 84 85 86 86 86 86 86 86 87 87 86 86 85 85 84 84 85 86 86 86 87 86 87 87 87 87 87 87 88 87 88 88 88 88 88 86 86 87 87 87 88 90 89 89 89 89 89 90 90 90 89 90 89 90 90 90 90 91 90 89 89 89 88 89 90 91 92 92 93 93 94 95 96 98 100 100 100 98 93 88 83 79 76 75 74 74 74 74 74 74 74 79 79 81 82 85 89 93 97 99 
76 82 80 80 80 80 79 79 80 80 79 79 79 78 77 76 76 75 76 76 77 78 78 78 79 79 78 79 78 78 77 78 77 77 76 76 76 76 75 73 72 72 72 73 74 75 76 76 76 77 77 77 78 79 79 80 81 81 81 81 82 82 82 82 83 84 85 86 87 87 87 87 88 88 88 88 88 88 89 90 90 90 90 91 91 91 91 91 90 90 90 90 91 91 91 91 91 91 91 91 92 92 92 93 92 92 93 93 92 92 93 92 92 93 93 93 94 95 94 94 94 94 94 94 95 95 94 95 94 94 95 95 95 95 94 93 93 93 93 93 93 94 94 94 94 94 95 96 97 99 100 99 97 93 88 83 78 75 74 73 73 73 72 72 72 72 71 79 79 81 82 85 89 93 103 99 
83 87 79 80 79 79 79 79 79 78 78 78 78 77 77 76 75 74 74 74 74 75 75 76 76 76 76 76 76 76 75 76 76 76 76 77 77 78 77 77 75 76 76 76 78 80 80 80 81 81 81 81 82 83 83 84 84 85 85 85 86 86 87 87 88 89 89 90 91 91 91 91 92 92 92 92 92 92 92 93 94 94 95 95 95 96 95 95 95 95 95 95 95 95 96 96 96 96 96 96 97 97 98 98 98 97 97 97 97 97 98 98 98 99 99 99 99 99 99 99 99 98 98 98 99 99 98 98 98 97 98 99 99 99 98 97 98 97 97 98 98 98 98 98 98 99 100 101 102 104 103 101 97 90 84 79 75 74 73 73 73 72 71 71 71 69 0 0 76 79 81 83 87 92 101 103 
73 77 79 79 79 78 77 77 77 77 76 76 76 75 75 75 74 73 73 72 72 73 73 74 75 76 75 76 76 77 76 77 77 78 78 79 80 81 81 81 80 80 80 80 81 83 84 84 85 85 85 85 86 87 87 87 88 88 89 89 90 91 91 92 92 93 94 95 95 96 96 96 97 97 97 97 97 97 98 99 99 100 100 100 100 100 100 100 100 101 101 101 101 101 101 101 102 102 102 102 102 102 102 103 103 103 103 103 103 103 103 104 104 104 104 104 105 105 104 104 104 103 103 104 105 104 103 103 102 102 103 103 103 103 103 102 102 102 102 102 102 102 102 102 102 102 103 105 106 108 108 104 98 91 83 77 74 73 72 72 71 71 70 71 71 0 0 0 75 78 80 82 85 91 101 101 
76 78 78 78 77 77 76 75 75 75 74 74 74 74 74 74 73 73 72 72 72 73 74 75 76 77 77 77 78 79 79 79 80 80 81 82 83 84 84 84 84 84 84 84 85 86 87 88 89 89 90 90 90 91 92 92 92 93 93 94 95 95 95 97 97 97 98 98 98 99 99 99 100 100 100 100 100 100 100 101 101 102 102 102 101 101 101 101 102 102 102 102 103 103 103 103 103 103 103 103 103 103 104 104 104 105 105 105 106 105 105 106 106 107 108 108 108 108 108 108 108 108 108 109 109 109 108 108 107 107 108 108 108 107 107 106 107 106 107 107 106 106 106 106 106 107 108 109 111 113 112 108 100 92 84 77 73 72 71 70 70 69 69 69 0 0 0 0 74 77 79 81 84 89 96 100 
74 76 76 76 76 75 74 74 74 74 73 73 73 73 74 74 74 74 74 74 74 75 76 77 77 79 79 79 80 81 81 82 82 83 84 85 85 87 87 88 88 89 89 89 90 91 92 93 93 93 93 94 94 95 95 95 95 95 95 95 96 96 96 96 96 96 97 97 97 98 99 99 99 99 99 99 99 99 99 100 100 100 101 101 101 100 101 101 101 102 102 102 102 102 102 102 102 102 102 102 103 103 103 104 104 104 104 105 104 104 104 105 105 106 107 107 108 108 108 108 108 108 108 109 110 110 109 110 109 109 110 110 110 110 111 111 111 111 112 112 111 111 111 111 110 111 112 113 115 117 116 111 104 95 85 77 73 72 70 69 69 69 0 0 0 0 0 0 72 75 78 80 83 88 95 103 
76 69 75 75 75 74 74 74 74 74 74 74 75 75 75 76 76 77 76 77 77 77 78 78 79 80 81 81 82 84 84 85 86 87 87 88 89 90 90 91 91 92 91 92 92 93 93 94 94 94 94 94 94 94 94 94 95 95 95 95 96 96 96 96 96 96 96 96 96 96 97 97 98 98 98 98 99 98 99 99 99 100 100 100 100 99 99 99 99 100 100 100 100 100 100 100 100 100 100 100 101 101 101 102 102 102 102 103 103 103 103 103 103 104 105 105 106 106 106 107 107 107 107 108 109 109 108 109 109 109 109 109 109 110 110 110 111 111 111 112 112 112 112 112 112 113 114 115 117 120 120 115 107 97 87 77 73 71 69 69 69 0 0 0 0 0 0 0 69 73 75 77 80 86 89 100 
75 76 74 74 75 74 74 74 75 75 75 76 76 77 77 78 78 78 78 79 79 80 80 81 82 83 84 85 85 86 87 87 88 89 89 89 90 91 91 91 91 91 91 91 92 92 92 93 93 93 92 92 92 93 93 93 93 92 92 92 92 92 91 91 90 90 90 91 91 92 92 92 93 94 95 96 98 98 99 99 100 100 100 99 98 96 95 94 93 93 93 93 92 92 93 93 93 94 94 94 95 95 94 95 96 96 96 97 98 98 98 99 99 100 100 100 100 100 99 100 101 102 102 104 106 107 108 109 109 109 109 109 109 109 109 109 110 110 110 111 111 111 111 111 111 112 113 114 116 118 120 116 109 98 88 78 72 69 68 67 0 0 0 0 0 0 0 0 70 73 74 76 79 84 87 99 
71 68 75 75 75 75 76 76 77 77 77 78 78 79 79 79 80 81 81 82 83 83 83 84 84 85 86 87 86 87 87 87 88 88 89 89 89 89 89 89 89 89 88 89 89 89 88 88 87 87 87 87 87 87 87 85 86 87 87 89 91 91 90 90 89 88 88 88 89 90 90 89 90 91 92 94 97 97 98 99 99 99 99 97 95 93 92 91 91 91 91 90 90 90 90 90 91 91 91 91 92 92 93 93 94 94 94 95 96 96 96 97 98 98 98 98 98 98 97 98 99 100 99 100 101 103 104 107 108 108 108 108 108 108 108 108 109 109 109 110 111 110 110 110 110 110 111 112 114 116 118 114 107 98 89 78 72 68 67 0 0 0 0 0 0 0 0 0 68 72 74 76 78 83 90 92 
72 74 77 76 77 76 77 77 78 79 79 79 80 81 81 82 82 83 84 85 85 84 83 83 84 84 85 87 86 86 86 86 87 87 87 86 86 85 84 84 83 82 82 84 85 86 87 87 86 86 85 85 86 86 84 83 84 85 85 87 90 89 89 88 86 86 86 86 86 88 88 85 87 89 90 92 96 97 97 98 98 98 98 95 93 91 88 87 88 88 88 87 86 84 84 83 84 85 88 88 89 90 90 91 91 92 91 92 93 93 94 95 96 96 95 95 95 95 94 96 97 98 96 96 99 101 102 106 108 107 108 108 107 108 108 108 109 109 109 110 109 109 109 109 108 109 110 110 112 113 115 112 106 98 90 79 70 66 0 0 0 0 0 0 0 0 0 0 68 72 73 75 78 82 86 93 
77 85 78 78 78 78 79 79 80 81 81 81 81 82 81 82 83 84 84 84 84 84 83 83 84 84 85 86 86 86 86 86 86 86 85 85 85 84 83 82 81 80 80 81 83 84 85 85 84 83 83 83 84 83 81 79 80 81 82 84 88 87 86 85 83 82 81 81 82 83 82 79 83 86 88 91 96 97 97 98 98 98 97 93 91 88 84 80 82 81 81 80 78 75 76 75 77 78 82 83 83 83 83 84 85 86 86 87 89 89 90 91 92 92 91 91 89 89 88 90 91 93 91 90 94 97 99 103 106 107 107 107 107 108 107 107 108 108 108 109 108 108 108 108 108 108 109 110 111 112 114 112 105 99 92 82 70 0 0 0 0 0 0 0 0 0 0 0 67 72 73 75 78 81 88 91 
90 81 79 79 80 79 80 80 81 81 81 81 81 81 81 82 83 83 83 84 84 83 83 83 83 84 84 85 85 85 85 85 86 84 84 83 83 80 80 79 78 76 76 77 79 81 82 81 80 79 78 79 79 78 75 72 71 71 72 75 80 78 76 75 71 69 68 69 71 74 74 71 78 83 86 89 95 96 97 97 98 98 97 91 89 84 79 70 70 68 68 66 64 60 61 61 63 65 71 72 72 73 72 73 75 76 75 77 80 80 81 83 84 84 82 80 78 76 74 76 77 80 78 79 88 94 97 101 106 107 107 108 108 108 108 107 108 108 108 109 108 107 107 107 106 107 108 108 109 110 112 111 103 99 95 85 70 0 0 0 0 0 0 0 0 0 0 0 0 72 73 75 77 80 87 90 
77 77 80 79 80 79 80 80 81 81 81 81 81 81 81 82 82 82 82 82 82 82 82 82 83 83 83 84 84 84 84 84 85 83 82 81 80 76 76 74 72 69 69 69 70 72 74 71 69 68 68 65 65 64 60 56 55 0 0 0 0 0 0 0 0 0 0 0 0 0 0 66 79 84 87 89 95 96 97 97 98 97 96 90 88 85 79 67 0 0 0 0 0 0 0 0 0 0 0 0 0 0 0 0 0 0 0 0 0 0 0 0 0 0 0 0 0 0 0 0 0 0 0 71 85 91 94 98 104 106 106 107 107 108 108 108 107 108 108 108 107 107 106 106 106 106 106 107 107 108 110 110 103 101 97 89 73 0 0 0 0 0 0 0 0 0 0 0 0 72 73 75 78 80 82 90 
72 80 79 79 79 78 79 80 80 80 81 80 80 81 81 82 81 81 80 79 79 80 80 81 83 83 83 83 84 84 84 84 85 81 80 79 75 69 68 65 61 56 54 0 0 0 0 0 0 0 0 0 0 0 0 0 0 0 0 0 0 0 0 0 0 0 0 0 0 0 0 66 79 84 87 89 95 96 96 97 97 96 96 90 88 85 80 68 0 0 0 0 0 0 0 0 0 0 0 0 0 0 0 0 0 0 0 0 0 0 0 0 0 0 0 0 0 0 0 0 0 0 0 71 86 92 95 97 104 106 106 107 107 107 107 107 107 107 107 107 107 106 106 106 105 105 106 106 106 107 108 109 103 101 98 91 72 0 0 0 0 0 0 0 0 0 0 0 0 72 74 76 77 80 85 92 
83 72 78 77 78 78 78 79 79 80 80 80 80 80 80 80 79 78 78 75 76 78 79 80 82 82 83 83 83 84 84 84 84 80 79 78 75 65 0 0 0 0 0 0 0 0 0 0 0 0 0 0 0 0 0 0 0 0 0 0 0 0 0 0 0 0 0 0 0 0 0 68 80 85 88 89 95 96 96 97 97 97 96 89 87 84 78 66 0 0 0 0 0 0 0 0 0 0 0 0 0 0 0 0 0 0 0 0 0 0 0 0 0 0 0 0 0 0 0 0 0 0 0 70 85 91 94 96 103 105 106 106 106 107 107 107 107 107 107 107 107 106 106 106 105 105 105 105 105 106 107 109 103 102 99 93 75 0 0 0 0 0 0 0 0 0 0 0 0 71 73 75 76 78 82 90 
78 79 77 76 77 77 77 78 78 79 79 79 80 80 80 80 78 77 76 73 75 77 78 79 82 81 82 82 83 84 84 84 84 80 78 76 72 61 0 0 0 0 0 0 0 0 0 0 0 0 0 0 0 0 0 0 0 0 0 0 0 0 50 49 49 49 49 0 0 0 0 68 81 85 88 90 95 96 96 97 97 96 95 89 86 83 77 65 0 0 0 0 0 0 0 0 0 0 0 0 0 0 0 0 0 0 0 0 0 0 0 0 0 0 0 0 0 0 0 0 0 0 0 72 85 91 94 96 103 105 105 106 106 106 106 106 106 106 106 106 106 105 105 104 104 104 104 104 104 105 106 108 102 102 100 94 76 0 0 0 0 0 0 0 0 0 0 0 0 71 73 74 76 78 77 81 
84 78 77 76 76 76 76 76 77 77 77 78 78 78 79 77 76 75 73 69 72 76 77 78 81 81 82 82 83 84 84 85 84 79 77 75 70 59 0 0 0 0 0 0 0 0 0 0 0 0 0 0 0 0 0 0 0 0 0 0 0 50 52 51 51 50 49 46 0 0 0 71 81 86 89 90 96 97 96 97 96 96 95 89 86 83 77 64 0 0 0 0 0 0 0 0 0 0 0 0 0 0 0 0 0 0 0 0 0 0 0 0 0 0 0 0 0 0 0 0 0 0 0 73 85 91 94 96 103 104 105 105 105 105 106 105 106 105 105 105 105 105 105 104 104 104 103 103 103 103 104 107 102 102 100 97 79 0 0 0 0 0 0 0 0 0 0 0 0 71 72 74 75 78 74 85 
73 77 76 76 76 76 76 76 76 76 76 76 77 78 78 77 75 73 70 67 70 74 76 78 81 81 82 83 83 84 85 85 84 78 76 73 67 54 0 0 0 0 0 0 0 0 0 0 0 0 0 0 0 0 0 0 0 0 0 0 46 49 50 50 50 50 49 46 0 0 0 73 82 87 89 91 96 97 97 97 96 96 95 89 87 84 78 64 0 0 0 0 0 0 0 0 0 0 0 0 0 0 0 0 0 0 0 0 0 0 0 0 0 0 0 0 0 0 0 0 0 0 0 73 84 91 94 96 103 105 105 105 105 106 105 105 105 105 105 105 105 104 104 103 103 103 103 102 102 103 104 106 102 100 98 94 78 0 0 0 0 0 0 0 0 0 0 0 0 0 72 74 75 77 87 89 
73 75 76 76 75 75 75 75 76 76 75 76 77 77 77 76 74 72 71 69 73 76 78 79 81 81 82 83 83 85 85 85 84 79 77 74 68 53 0 0 0 0 0 0 0 0 0 0 0 0 0 0 0 0 0 0 0 0 0 0 46 49 50 50 50 50 49 46 0 0 0 74 82 87 90 91 96 97 97 97 96 96 95 89 87 84 78 65 0 0 0 0 0 0 0 0 0 0 0 0 0 0 0 0 0 0 0 0 0 0 0 0 0 0 0 0 0 0 0 0 0 0 0 72 84 91 94 96 103 105 105 105 105 105 105 105 105 105 105 105 104 104 104 104 103 103 103 102 101 102 103 105 102 98 96 92 78 0 0 0 0 0 0 0 0 0 0 0 0 0 71 74 75 77 71 86 
75 79 75 75 75 75 75 75 75 75 75 75 76 77 77 76 76 75 74 72 76 77 78 80 81 81 82 83 84 85 85 85 84 79 77 74 68 0 0 0 0 0 0 0 0 0 0 0 0 0 0 0 0 0 0 0 0 0 0 0 46 50 52 51 51 52 50 46 0 0 0 72 81 87 89 90 96 97 97 97 96 96 95 89 88 85 79 68 0 0 0 0 0 0 0 0 0 0 0 0 0 0 0 0 0 0 0 0 0 0 0 0 0 0 0 0 0 0 0 0 0 0 0 69 81 89 93 95 102 104 105 105 105 105 106 105 105 105 105 105 104 104 103 103 103 103 102 102 102 102 103 105 103 98 96 92 80 0 0 0 0 0 0 0 0 0 0 0 0 0 71 74 75 77 75 83 
78 76 75 75 75 75 75 75 75 75 75 75 75 75 76 75 76 75 75 74 77 78 79 80 81 81 82 83 83 84 84 84 83 80 78 76 69 0 0 0 0 0 0 0 0 0 0 0 0 0 0 0 0 0 0 0 0 0 0 0 46 50 51 50 51 51 48 45 0 0 0 71 81 86 89 90 96 97 97 97 97 96 95 90 89 86 81 69 0 0 0 0 0 0 0 0 0 0 0 0 0 0 0 0 0 0 0 0 0 0 0 0 0 0 0 0 0 0 0 0 0 0 0 64 79 87 91 93 102 104 105 105 106 105 105 105 105 105 105 104 104 103 103 103 102 102 102 102 101 101 102 104 103 97 95 91 80 61 0 0 0 0 0 0 0 0 0 0 0 0 71 74 74 76 78 80 
77 68 75 75 75 75 75 75 76 76 75 75 75 76 76 76 76 75 75 75 77 78 79 81 81 81 82 83 83 84 84 84 82 81 79 77 71 0 0 0 0 0 0 0 0 0 0 0 0 0 0 0 0 0 0 0 0 0 0 0 0 0 48 47 48 0 0 0 0 0 0 69 80 85 88 90 95 97 97 97 97 96 95 90 88 85 80 68 0 0 0 0 0 0 0 0 0 0 0 0 0 0 0 0 0 0 0 0 0 0 0 0 0 0 0 0 0 0 0 0 0 0 0 58 76 86 90 93 102 105 105 105 106 105 106 105 105 105 105 104 104 103 103 103 102 102 102 102 101 101 103 104 104 96 95 90 80 63 0 0 0 0 0 0 0 0 0 0 0 0 72 73 74 76 74 81 
72 80 75 75 74 74 75 75 75 76 76 76 76 76 76 76 76 77 77 78 79 80 80 80 81 81 82 83 83 84 84 84 82 82 80 78 72 0 0 0 0 0 0 0 0 0 0 0 0 0 0 0 0 0 0 0 0 0 0 0 0 0 0 0 0 0 0 0 0 0 0 67 80 85 88 90 96 97 97 97 97 96 95 89 87 84 78 66 0 0 0 0 0 0 0 0 0 0 0 0 0 0 0 0 0 0 0 0 0 0 0 0 0 0 0 0 0 0 0 0 0 0 0 55 74 84 89 92 102 104 104 105 105 105 105 105 105 105 104 104 103 103 102 102 102 102 102 102 101 101 102 104 104 97 96 92 82 66 0 0 0 0 0 0 0 0 0 0 0 0 71 72 73 75 74 79 
74 78 74 74 74 74 75 75 75 75 75 75 75 75 76 76 77 77 78 78 78 79 79 80 80 81 82 83 83 84 84 84 81 81 79 77 69 0 0 0 0 0 0 0 0 0 0 0 0 0 0 0 0 0 0 0 0 0 0 0 0 0 0 0 0 0 0 0 0 0 0 66 81 85 88 90 96 97 97 97 97 96 95 88 87 83 77 64 0 0 0 0 0 0 0 0 0 0 0 0 0 0 0 0 0 0 0 0 0 0 0 0 0 0 0 0 0 0 0 0 0 0 0 53 73 83 88 91 102 104 104 105 105 105 105 104 104 105 104 104 103 103 102 102 102 102 101 101 101 101 102 104 104 98 98 95 86 72 0 0 0 0 0 0 0 0 0 0 0 0 68 70 73 75 71 85 
75 76 74 75 74 75 75 75 75 75 75 75 75 75 75 76 76 76 77 77 78 79 80 80 81 81 82 83 83 84 84 84 81 80 79 76 67 0 0 0 0 0 0 0 0 0 0 0 0 0 0 0 0 0 0 0 0 0 0 0 0 0 0 0 0 0 0 0 0 0 0 67 82 86 88 90 96 96 96 97 97 96 95 88 86 83 76 62 0 0 0 0 0 0 0 0 0 0 0 0 0 0 0 0 0 0 0 0 0 0 0 0 0 0 0 0 0 0 0 0 0 0 0 50 72 82 87 90 102 104 104 105 105 104 104 104 104 104 104 104 103 103 102 102 102 101 100 100 100 100 102 104 104 99 98 95 87 71 0 0 0 0 0 0 0 0 0 0 0 0 66 68 71 74 82 78 
72 77 73 74 74 74 74 74 74 74 75 76 75 75 76 76 76 77 78 77 78 79 79 80 81 81 82 83 83 84 84 84 81 80 79 76 67 0 0 0 0 0 0 0 0 0 0 0 0 0 0 0 0 0 0 0 0 0 0 0 0 0 0 0 0 0 0 0 0 0 0 68 82 86 88 90 96 96 97 97 97 96 95 88 85 82 75 60 0 0 0 0 0 0 0 0 0 0 0 0 0 0 0 0 0 0 0 0 0 0 0 0 0 0 0 0 0 0 0 0 0 0 0 50 71 82 87 90 101 104 104 105 105 104 104 104 104 104 104 103 103 103 102 102 102 102 101 101 101 101 102 104 105 99 99 96 90 73 0 0 0 0 0 0 0 0 0 0 0 0 66 68 72 74 86 82 
68 78 73 73 73 72 73 73 74 74 75 75 75 75 76 77 77 78 79 78 79 79 80 80 81 82 83 83 83 84 84 84 81 80 78 75 67 0 0 0 0 0 0 0 0 0 0 0 0 0 0 0 0 0 0 0 0 0 0 0 0 0 0 0 0 0 0 0 0 0 0 69 83 87 89 91 96 96 97 97 96 96 95 88 85 82 75 61 0 0 0 0 0 0 0 0 0 0 0 0 0 0 0 0 0 0 0 0 0 0 0 0 0 0 0 0 0 0 0 0 0 0 0 51 71 81 86 90 101 104 104 104 104 104 104 104 103 104 103 103 103 103 102 102 102 102 101 101 100 101 102 104 105 100 99 97 91 75 0 0 0 0 0 0 0 0 0 0 0 0 65 67 70 73 71 80 
72 76 72 72 72 72 72 73 74 74 75 75 75 75 76 77 77 78 79 79 79 79 80 80 81 81 82 83 83 84 84 84 81 80 79 77 69 0 0 0 0 0 0 0 0 0 0 0 0 0 0 0 0 0 0 0 0 0 0 0 0 0 0 0 0 0 0 0 0 0 0 70 82 87 89 91 96 96 96 97 96 96 95 88 83 79 72 56 0 0 0 0 0 0 0 0 0 0 0 0 0 0 0 0 0 0 0 0 0 0 0 0 0 0 0 0 0 0 0 0 0 0 0 51 72 83 88 92 101 104 104 104 104 104 104 104 104 104 104 104 104 103 102 102 102 101 100 100 100 100 102 104 106 101 101 99 94 77 0 0 0 0 0 0 0 0 0 0 0 0 65 67 70 72 78 78 
74 67 71 72 72 71 72 72 73 73 75 75 75 75 76 77 77 78 79 79 80 80 80 81 81 81 82 83 83 83 84 84 81 80 79 77 70 0 0 0 0 0 0 0 0 0 0 0 0 0 0 0 0 0 0 0 0 0 0 0 0 0 0 0 0 0 0 0 0 0 0 72 83 87 89 91 96 97 97 97 96 96 95 87 83 79 71 55 0 0 0 0 0 0 0 0 0 0 0 0 0 0 0 0 0 0 0 0 0 0 0 0 0 0 0 0 0 0 0 0 0 0 0 0 73 84 90 93 100 104 104 104 104 104 104 104 104 104 104 103 103 102 101 101 101 101 101 100 100 100 101 104 106 101 101 100 95 77 0 0 0 0 0 0 0 0 0 0 0 0 0 66 69 71 72 79 
71 70 71 71 71 70 71 72 72 73 74 75 75 75 76 77 77 78 78 79 80 79 80 81 81 81 82 83 83 84 84 84 81 80 79 76 70 0 0 0 0 0 0 0 0 0 0 0 0 0 0 0 0 0 0 0 0 0 0 0 0 0 0 0 0 0 0 0 0 0 0 72 83 86 89 91 96 97 97 97 96 96 94 87 80 76 68 52 0 0 0 0 0 0 0 0 0 0 0 0 0 0 0 0 0 0 0 0 0 0 0 0 0 0 0 0 0 0 0 0 0 0 0 0 76 87 92 95 100 104 104 104 104 105 104 104 104 104 104 104 103 102 101 101 101 101 101 100 100 100 101 103 106 102 100 98 93 76 0 0 0 0 0 0 0 0 0 0 0 0 0 66 69 71 71 73 
72 73 70 70 71 71 71 72 72 72 73 74 75 75 76 77 77 77 78 79 79 79 80 81 81 81 82 83 83 83 83 83 79 79 77 73 66 0 0 0 0 0 0 0 0 0 0 0 0 0 0 0 0 0 0 0 0 0 0 0 0 0 0 0 0 0 0 0 0 0 0 74 83 87 90 91 96 96 97 96 96 96 95 87 80 76 68 52 0 0 0 0 0 0 0 0 0 0 0 0 0 0 0 0 0 0 0 0 0 0 0 0 0 0 0 0 0 0 0 0 0 0 0 0 79 89 94 96 100 104 104 104 104 104 104 104 104 104 104 104 103 102 101 101 101 100 100 100 100 100 101 103 106 103 98 97 92 76 0 0 0 0 0 0 0 0 0 0 0 0 0 66 69 71 75 77 
69 74 71 70 71 70 71 71 72 72 73 74 75 75 75 76 77 76 77 78 79 79 80 81 80 81 82 82 83 83 83 83 79 78 75 72 62 0 0 0 0 0 0 0 0 0 0 0 0 0 0 0 0 0 0 0 0 0 0 0 0 0 0 0 0 0 0 0 0 0 0 74 83 87 90 91 95 96 97 96 96 96 95 87 80 76 67 51 0 0 0 0 0 0 0 0 0 0 0 0 0 0 0 0 0 0 0 0 0 0 0 0 0 0 0 0 0 0 0 0 0 0 0 0 83 93 97 99 100 104 105 104 105 105 105 104 105 104 104 103 103 102 101 101 100 100 100 100 100 100 101 103 106 103 97 95 90 74 0 0 0 0 0 0 0 0 0 0 0 0 0 67 69 72 71 77 
74 64 71 71 71 71 71 72 72 72 73 73 74 74 74 75 76 76 76 78 78 78 79 80 81 81 82 83 83 84 83 83 78 76 74 69 58 0 0 0 0 0 0 0 0 0 0 0 0 0 0 0 0 0 0 0 0 0 0 0 0 0 0 0 0 0 0 0 0 0 0 74 83 87 90 91 95 96 96 96 96 96 95 87 80 76 68 52 0 0 0 0 0 0 0 0 0 0 0 0 0 0 0 0 0 0 0 0 0 0 0 0 0 0 0 0 0 0 0 0 0 0 0 0 81 92 96 98 99 104 104 104 105 105 104 104 104 103 103 103 102 101 101 100 100 100 100 100 100 100 101 103 105 104 96 94 89 75 55 0 0 0 0 0 0 0 0 0 0 0 0 67 69 72 71 79 
73 77 70 71 71 71 71 72 73 72 73 73 74 74 74 75 76 77 77 78 78 79 80 81 81 82 82 83 83 84 84 83 77 75 72 67 54 0 0 0 0 0 0 0 0 0 0 0 0 0 0 0 0 0 0 0 0 0 0 0 0 0 0 39 0 0 0 0 0 0 0 75 84 87 90 91 95 95 96 96 96 96 95 87 79 75 67 51 0 0 0 0 0 0 0 0 0 0 0 0 0 0 0 0 0 0 0 0 0 0 0 0 0 0 0 0 0 0 0 0 0 0 0 0 79 91 95 98 99 104 105 105 105 104 104 103 104 103 103 103 103 102 101 101 100 100 100 100 100 101 101 103 105 104 95 93 88 75 56 0 0 0 0 0 0 0 0 0 0 0 0 67 69 71 69 75 
74 73 71 71 71 72 72 72 73 73 73 74 74 74 74 75 76 77 77 78 78 79 80 80 80 81 82 82 83 84 83 83 76 74 70 65 51 0 0 0 0 0 0 0 0 0 0 0 0 0 0 0 0 0 0 0 0 0 0 0 0 0 0 0 0 0 0 0 0 0 0 75 84 88 90 92 96 96 96 96 96 96 95 88 80 75 67 52 0 0 0 0 0 0 0 0 0 0 0 0 0 0 0 0 0 0 0 0 0 0 0 0 0 0 0 0 0 0 0 0 0 0 0 0 77 90 94 97 98 104 104 104 104 104 103 103 103 103 102 102 102 101 101 101 100 100 100 100 100 101 102 103 105 104 96 94 90 78 59 0 0 0 0 0 0 0 0 0 0 0 0 67 69 71 71 73 
67 73 71 72 72 72 72 73 74 74 74 74 74 74 74 75 76 76 77 78 78 79 80 80 81 81 82 83 83 84 84 83 77 75 71 66 50 0 0 0 0 0 0 0 0 0 0 0 0 0 0 0 0 0 0 0 0 0 0 0 0 0 0 0 0 0 0 0 0 0 0 76 84 88 90 92 95 96 96 96 96 96 95 88 78 73 66 51 42 0 0 0 0 0 0 0 0 0 0 0 0 0 0 0 0 0 0 0 0 0 0 0 0 0 0 0 0 0 0 0 0 0 0 0 75 89 94 96 98 104 104 104 104 104 103 103 103 103 103 102 102 101 101 100 100 100 100 100 101 101 102 103 105 105 97 95 92 82 63 0 0 0 0 0 0 0 0 0 0 0 0 66 69 71 73 75 
70 74 71 71 72 73 73 74 74 74 74 74 75 74 75 76 76 77 77 78 79 80 80 81 81 82 82 83 83 84 83 82 78 76 72 67 0 0 0 0 0 0 0 0 0 0 0 0 0 0 0 0 0 0 0 0 0 0 0 0 0 0 0 0 0 0 0 0 0 0 0 71 81 86 88 92 95 95 96 96 96 96 96 88 77 73 64 50 42 0 0 0 0 0 0 0 0 0 0 0 0 0 0 0 0 0 0 0 0 0 0 0 0 0 0 0 0 0 0 0 0 0 0 0 74 88 93 96 98 104 104 104 104 103 103 103 103 103 102 102 102 102 101 100 100 100 100 100 101 101 102 103 105 105 98 97 94 85 68 0 0 0 0 0 0 0 0 0 0 0 0 66 69 70 70 74 
63 74 71 72 72 73 73 73 74 74 74 74 75 74 75 76 76 77 78 78 79 80 80 81 81 81 82 82 83 84 84 83 79 78 75 68 0 0 0 0 0 0 0 0 0 0 0 0 0 0 0 0 0 0 0 0 0 0 0 0 0 0 0 0 0 0 0 0 0 0 0 72 82 86 88 92 95 96 96 96 97 97 96 89 78 73 65 51 41 0 0 0 0 0 0 0 0 0 0 0 0 0 0 0 0 0 0 0 0 0 0 0 0 0 0 0 0 0 0 0 0 0 0 0 72 87 93 96 97 103 104 103 103 104 104 104 103 103 102 102 102 102 101 100 101 100 100 100 101 101 102 103 105 105 99 98 95 88 71 0 0 0 0 0 0 0 0 0 0 0 0 67 69 70 75 72 
71 68 71 72 72 72 72 72 73 73 73 74 75 74 75 76 76 77 77 78 79 79 80 80 81 81 82 82 82 83 83 82 80 79 76 71 0 0 0 0 0 0 0 0 0 0 0 0 0 0 0 0 0 0 0 0 0 0 0 0 0 0 0 0 0 0 0 0 0 0 0 73 83 87 89 93 96 96 97 97 97 97 96 89 78 73 65 51 41 0 0 0 0 0 0 0 0 0 0 0 0 0 0 0 0 0 0 0 0 0 0 0 0 0 0 0 0 0 0 0 0 0 0 0 71 86 93 96 97 103 104 103 103 104 103 104 103 103 102 102 102 102 101 100 100 100 99 100 100 101 101 102 104 105 99 98 96 89 71 0 0 0 0 0 0 0 0 0 0 0 0 66 68 69 71 74 
74 73 71 71 72 72 72 72 72 73 73 74 74 74 75 76 76 76 77 78 79 79 79 80 80 81 82 82 82 83 84 82 82 81 79 74 0 0 0 0 0 0 0 0 0 0 0 0 0 0 0 0 0 0 0 0 0 0 0 0 0 0 0 0 0 0 0 0 0 0 0 70 80 85 87 93 96 96 97 97 97 97 97 89 78 72 64 50 41 0 0 0 0 0 0 0 0 0 0 0 0 0 0 0 0 0 0 0 0 0 0 0 0 0 0 0 0 0 0 0 0 0 0 0 71 86 93 96 97 103 104 104 103 104 104 104 103 103 103 103 102 102 101 100 100 99 99 99 100 100 101 102 104 105 99 98 96 89 72 0 0 0 0 0 0 0 0 0 0 0 0 66 68 69 66 73 
69 75 71 71 71 71 71 71 72 72 73 73 74 74 75 76 76 76 77 78 78 78 79 80 80 81 82 82 83 83 84 82 81 81 79 74 0 0 0 0 0 0 0 0 0 0 0 0 0 0 0 0 0 0 0 0 0 0 0 0 0 0 0 0 0 0 0 0 0 0 39 66 77 82 86 93 96 97 97 97 97 97 97 90 79 73 65 51 42 0 0 0 0 0 0 0 0 0 0 0 0 0 0 0 0 0 0 0 0 0 0 0 0 0 0 0 0 0 0 0 0 0 0 0 67 82 90 94 97 103 104 104 103 104 104 104 103 103 102 102 101 101 100 100 100 100 99 99 99 100 100 102 104 105 99 98 96 89 72 0 0 0 0 0 0 0 0 0 0 0 0 65 67 69 65 70 
70 63 70 70 71 71 71 71 72 72 73 73 74 74 75 76 76 77 78 78 79 79 79 79 80 81 81 82 83 83 84 82 81 80 78 72 0 0 0 0 0 0 0 0 0 0 0 0 0 0 0 0 0 0 0 0 0 0 0 0 0 0 0 0 0 0 0 0 0 0 40 66 77 83 86 94 97 97 97 97 97 97 97 90 79 73 66 52 42 0 0 0 0 0 0 0 0 0 0 0 0 0 0 0 0 0 0 0 0 0 0 0 0 0 0 0 0 0 0 0 0 0 0 0 62 78 86 91 97 103 104 104 104 104 104 104 103 103 102 102 101 101 100 100 100 100 99 99 99 100 100 102 104 105 99 98 96 90 71 0 0 0 0 0 0 0 0 0 0 0 0 65 67 68 75 72 
70 72 70 70 70 71 71 71 72 72 72 73 74 74 75 76 76 76 77 78 78 79 79 79 80 81 81 82 83 83 83 81 80 79 77 71 0 0 0 0 0 0 0 0 0 0 0 0 0 0 0 0 0 0 0 0 0 0 0 0 0 0 0 0 0 0 0 0 0 0 40 64 75 81 85 94 97 97 97 97 97 97 97 91 80 74 67 53 43 0 0 0 0 0 0 0 0 0 0 0 0 0 0 0 0 0 0 0 0 0 0 0 0 0 0 0 0 0 0 0 0 0 0 0 62 78 86 90 97 104 104 104 104 104 103 103 103 102 102 102 101 101 100 100 100 100 100 100 100 99 100 101 103 105 99 98 96 90 69 0 0 0 0 0 0 0 0 0 0 0 0 0 67 68 70 69 
74 64 70 70 70 71 71 72 72 73 73 73 74 74 74 76 76 77 78 78 79 79 80 80 80 81 81 82 83 83 83 80 80 79 76 70 0 0 0 0 0 0 0 0 0 0 0 0 0 0 0 0 0 0 0 0 0 0 0 0 0 0 0 0 0 0 0 0 0 0 41 62 73 79 83 94 97 98 97 97 98 98 97 91 81 75 68 54 44 0 0 0 0 0 0 0 0 0 0 0 0 0 0 0 0 0 0 0 0 0 0 0 0 0 0 0 0 0 0 0 0 0 0 0 61 78 86 90 97 104 105 105 105 104 104 104 103 102 102 101 101 101 101 101 101 101 100 100 100 100 100 101 103 105 99 98 96 91 70 0 0 0 0 0 0 0 0 0 0 0 0 0 68 68 0 63 
68 69 69 70 70 71 71 72 72 73 73 74 74 74 75 76 76 77 78 78 79 79 80 79 80 81 81 81 82 83 83 80 79 78 75 68 0 0 0 0 0 0 0 0 0 0 0 0 0 0 0 0 0 0 0 0 0 0 0 0 0 0 0 0 0 0 0 0 0 0 41 62 73 79 83 94 97 98 98 97 98 98 98 92 82 77 70 57 46 0 0 0 0 0 0 0 0 0 0 0 0 0 0 0 0 0 0 0 0 0 0 0 0 0 0 0 0 0 0 0 0 0 0 0 59 75 83 88 97 104 104 104 105 104 104 103 103 102 102 101 101 101 101 101 101 101 100 100 100 100 100 101 102 105 99 99 96 91 71 0 0 0 0 0 0 0 0 0 0 0 0 0 0 66 0 0 
69 69 70 70 71 71 71 72 73 73 73 74 74 75 75 76 76 77 78 78 79 79 79 79 80 80 81 81 81 82 82 79 79 78 75 67 0 0 0 0 0 0 0 0 0 0 0 0 0 0 0 0 0 0 0 0 0 0 0 0 0 0 0 0 0 0 0 0 0 0 41 63 74 80 84 95 98 98 98 98 98 98 98 92 82 78 71 58 48 0 0 0 0 0 0 0 0 0 0 0 0 0 0 0 0 0 0 0 0 0 0 0 0 0 0 0 0 0 0 0 0 0 0 0 59 77 85 90 97 104 105 105 105 104 104 104 103 102 102 102 102 101 101 101 101 100 100 100 100 100 100 101 102 105 99 99 97 92 71 0 0 0 0 0 0 0 0 0 0 0 0 0 0 0 0 0 
66 64 70 70 71 71 71 71 72 72 73 74 74 75 75 75 76 77 78 78 79 80 80 80 80 80 81 81 81 82 82 79 79 78 75 66 0 0 0 0 0 0 0 0 0 0 0 0 0 0 0 0 0 0 0 0 0 0 0 0 0 0 0 0 0 0 0 0 0 0 42 64 75 80 84 95 98 98 98 98 98 98 98 92 83 78 72 59 50 0 0 0 0 0 0 0 0 0 0 0 0 0 0 0 0 0 0 0 0 0 0 0 0 0 0 0 0 0 0 0 0 0 0 0 62 80 87 92 97 104 105 105 105 104 104 104 103 102 102 102 102 101 101 101 100 100 100 100 100 100 100 101 102 105 99 99 97 92 72 0 0 0 0 0 0 0 0 0 0 0 0 0 0 0 0 0 
72 67 69 70 71 71 71 72 72 72 73 74 74 75 75 75 76 77 78 79 80 80 80 80 80 80 81 81 82 82 83 79 79 77 74 65 0 0 0 0 0 0 0 0 0 0 0 0 0 0 0 0 0 0 0 0 0 0 0 0 0 0 0 0 0 0 0 0 0 0 42 64 75 81 85 96 99 99 99 99 98 99 98 93 83 79 73 61 51 0 0 0 0 0 0 0 0 0 0 0 0 0 0 0 0 0 0 0 0 0 0 0 0 0 0 0 0 0 0 0 0 0 0 0 61 79 88 92 97 104 105 105 105 105 104 104 103 102 102 102 101 102 101 101 100 99 99 99 99 99 100 101 102 105 99 99 97 93 73 0 0 0 0 0 0 0 0 0 0 0 0 0 0 0 0 0 
68 74 70 70 71 71 71 72 73 73 74 74 75 75 75 75 76 76 77 78 79 79 80 80 80 81 81 81 82 82 83 79 79 77 73 63 0 0 0 0 0 0 0 0 0 0 0 0 0 0 0 0 0 0 0 0 0 0 0 0 0 0 0 0 0 0 0 0 0 0 43 65 76 82 85 96 99 99 99 99 99 99 99 94 84 80 74 62 53 0 0 0 0 0 0 0 0 0 0 0 0 0 0 0 0 0 0 0 0 0 0 0 0 0 0 0 0 0 0 0 0 0 0 0 60 78 87 91 96 104 105 105 105 105 104 104 104 103 102 102 102 102 101 101 100 99 99 99 99 99 100 101 102 105 100 99 98 94 75 0 0 0 0 0 0 0 0 0 0 0 0 0 0 0 0 0 
67 69 70 70 71 70 71 72 72 73 73 74 74 74 74 75 75 76 78 78 79 79 80 80 80 81 81 81 82 82 83 79 78 77 73 63 0 0 0 0 0 0 0 0 0 0 0 0 0 0 0 0 0 0 0 0 0 0 0 0 0 0 0 0 0 0 0 0 0 0 44 66 76 82 86 97 99 100 99 99 99 100 99 94 85 81 75 63 54 0 0 0 0 0 0 0 0 0 0 0 0 0 0 0 0 0 0 0 0 0 0 0 0 0 0 0 0 0 0 0 0 0 0 0 63 81 90 94 96 104 105 105 105 105 105 105 104 103 102 102 102 102 101 100 100 99 99 98 99 99 100 100 102 105 100 99 98 94 75 0 0 0 0 0 0 0 0 0 0 0 0 0 0 0 0 0 
70 68 70 70 71 71 71 72 72 73 73 74 74 74 74 75 75 77 78 78 79 79 80 80 81 82 82 82 82 83 83 79 78 76 72 62 0 0 0 0 0 0 0 0 0 0 0 0 0 0 0 0 0 0 0 0 0 0 0 0 0 0 0 0 0 0 0 0 0 0 46 66 76 82 86 97 100 100 100 100 100 100 100 95 86 83 77 65 56 0 0 0 0 0 0 0 0 0 0 0 0 0 0 0 0 0 0 0 0 0 0 0 0 0 0 0 0 0 0 0 0 0 0 0 61 80 89 93 96 104 105 105 105 105 105 104 104 103 102 102 102 102 101 100 100 99 99 98 99 99 100 100 102 104 100 99 99 95 78 0 0 0 0 0 0 0 0 0 0 0 0 0 0 0 0 0 
67 71 69 69 70 70 70 72 73 73 73 74 74 74 74 75 76 76 77 78 78 79 79 80 81 82 82 82 83 83 82 78 77 75 72 61 0 0 0 0 0 0 0 0 0 0 0 0 0 0 0 0 0 0 0 0 0 0 0 0 0 0 0 0 0 0 0 0 0 0 47 67 77 83 86 97 100 101 101 101 100 101 101 96 88 82 76 65 55 0 0 0 0 0 0 0 0 0 0 0 0 0 0 0 0 0 0 0 0 0 0 0 0 0 0 0 0 0 0 0 0 0 0 0 62 80 88 93 95 104 105 105 105 105 105 104 104 103 102 102 102 101 101 100 100 99 99 98 98 98 99 99 101 104 100 100 100 96 79 0 0 0 0 0 0 0 0 0 0 0 0 0 0 0 0 0 
66 68 69 70 70 70 71 72 72 72 73 74 74 74 75 75 76 77 78 78 78 79 79 80 81 82 82 82 83 83 82 78 77 75 72 63 0 0 0 0 0 0 0 0 0 0 0 0 0 0 0 0 0 0 0 0 0 0 0 0 0 0 0 0 0 0 0 0 0 0 48 67 77 83 86 97 100 101 100 101 101 101 101 97 89 83 77 67 57 0 0 0 0 0 0 0 0 0 0 0 0 0 0 0 0 0 0 0 0 0 0 0 0 0 0 0 0 0 0 0 0 0 0 0 61 79 88 92 95 103 104 105 105 105 104 104 104 103 102 102 101 101 101 100 100 99 99 99 99 99 99 100 101 104 100 100 100 97 81 0 0 0 0 0 0 0 0 0 0 0 0 0 0 0 0 0 
70 72 69 70 70 71 71 72 72 72 73 73 73 75 75 76 77 78 78 78 79 79 80 80 81 81 82 82 83 82 82 78 77 75 73 65 0 0 0 0 0 0 0 0 0 0 0 0 0 0 0 0 0 0 0 0 0 0 0 0 0 0 37 0 0 0 0 0 0 0 48 68 77 83 87 97 100 101 101 101 102 102 102 98 90 82 76 66 55 0 0 44 44 44 44 0 0 0 0 0 0 0 0 0 0 0 0 0 0 0 0 0 0 0 0 0 0 0 0 0 0 0 0 0 57 75 85 89 94 103 104 104 104 104 104 104 103 102 102 101 101 101 100 100 99 99 99 98 98 98 99 99 101 104 101 100 100 97 82 0 0 0 0 0 0 0 0 0 0 0 0 0 0 0 0 0 
63 67 69 70 70 71 71 72 72 72 73 73 74 75 76 76 77 78 78 78 78 79 79 80 81 82 82 82 83 82 82 79 78 76 73 67 0 0 0 0 0 0 0 0 0 0 0 0 0 0 0 0 0 0 0 0 0 0 0 0 0 0 37 0 0 0 0 0 0 0 48 68 77 83 86 97 100 101 101 102 102 102 102 99 91 82 76 66 56 0 0 47 48 48 48 51 0 0 0 0 0 0 0 0 0 0 0 0 0 0 0 0 0 0 0 0 0 0 0 0 0 0 0 0 54 72 81 86 94 103 104 104 104 104 104 103 103 102 102 102 102 101 101 100 99 99 99 98 98 98 99 100 101 104 101 102 101 99 84 0 0 0 0 0 0 0 0 0 0 0 0 0 0 0 0 0 
68 73 69 70 70 70 71 71 72 72 73 73 73 74 75 75 76 77 77 78 78 79 80 80 81 81 82 82 82 82 82 79 78 76 74 67 0 0 0 0 0 0 0 0 0 0 0 0 0 0 0 0 0 0 0 0 0 0 0 0 0 0 0 0 0 0 0 0 0 0 49 68 78 83 87 98 101 102 102 103 103 103 103 99 92 81 75 65 55 39 0 49 54 54 51 51 0 0 0 0 0 0 0 0 0 0 0 0 0 0 0 0 0 0 0 0 0 0 0 0 0 0 0 0 53 70 79 85 94 103 104 104 104 104 104 103 103 102 102 102 102 101 101 100 99 99 98 98 98 98 98 100 101 104 101 102 101 98 85 0 0 0 0 0 0 0 0 0 0 0 0 0 0 0 0 0 
61 70 69 70 71 71 71 71 71 72 73 73 73 74 75 75 76 77 78 78 78 79 79 80 81 81 82 82 83 82 82 79 79 76 74 68 0 0 0 0 0 0 0 0 0 0 0 0 0 0 0 0 0 0 0 0 0 0 0 0 0 0 0 0 0 0 0 0 0 0 49 69 78 83 87 97 101 102 103 103 104 104 104 100 93 82 76 66 56 40 0 49 59 58 54 54 59 0 0 0 0 0 0 0 0 0 0 0 0 0 0 0 0 0 0 0 0 0 0 0 0 0 0 0 52 69 79 84 93 102 104 103 104 104 103 102 103 102 102 102 103 102 101 100 99 99 98 98 98 98 98 100 101 104 101 99 98 94 80 0 0 0 0 0 0 0 0 0 0 0 0 0 0 0 0 0 
70 68 70 70 71 71 70 71 71 72 72 72 73 73 74 75 76 77 77 77 78 79 79 80 80 81 81 81 82 82 82 79 79 77 74 69 0 0 0 0 0 0 0 0 0 0 0 0 0 0 0 0 0 0 0 0 0 0 0 0 0 0 0 0 0 0 0 0 0 0 47 69 78 84 87 98 101 103 104 104 105 105 105 101 95 82 76 65 56 40 0 50 66 65 58 58 62 47 0 0 0 0 0 0 0 0 0 0 0 0 0 0 0 0 0 0 0 0 0 0 0 0 0 40 50 67 76 82 93 102 103 104 104 104 103 103 103 102 102 103 103 102 102 101 99 99 98 98 98 98 98 99 101 104 101 97 95 91 76 0 0 0 0 0 0 0 0 0 0 0 0 0 0 0 0 0 
67 67 70 70 71 71 71 71 72 72 73 72 73 73 74 74 75 75 76 77 77 78 79 79 80 81 81 81 82 82 82 80 79 77 75 68 0 0 0 0 0 0 0 0 0 0 0 0 0 0 0 0 0 0 0 0 0 0 0 0 0 0 0 0 0 0 0 0 0 0 48 70 79 84 88 98 101 103 104 105 106 106 106 102 96 83 77 67 57 40 0 0 68 70 61 61 65 53 36 0 0 0 0 0 0 0 0 0 0 0 0 0 0 0 0 0 0 0 0 0 0 0 0 40 50 67 76 82 93 102 103 104 104 104 103 102 102 102 102 103 103 102 101 100 99 98 98 98 98 98 98 99 100 103 101 95 92 88 73 52 0 0 0 0 0 0 0 0 0 0 0 0 0 0 0 0 
64 71 70 71 71 71 71 71 71 71 72 72 73 73 73 74 75 75 76 77 78 78 79 79 80 81 81 81 82 82 82 80 79 77 75 68 0 0 0 0 0 0 0 0 0 0 0 0 0 0 0 0 0 0 0 0 0 0 0 0 0 0 0 0 0 0 0 0 0 0 48 70 79 85 88 99 102 104 105 106 107 108 107 104 97 84 78 68 57 40 0 0 72 80 68 66 70 62 41 0 0 0 0 0 0 0 0 0 0 0 0 0 0 0 0 0 0 0 0 0 0 0 0 40 50 67 76 82 93 102 103 104 104 104 103 103 103 102 102 102 102 102 101 100 99 98 98 98 98 97 98 99 100 102 100 92 90 84 70 51 0 0 0 0 0 0 0 0 0 0 0 0 0 0 0 0 
73 69 70 70 71 71 71 71 71 72 72 72 73 74 74 75 75 76 76 77 78 78 79 79 80 81 81 82 82 82 82 80 79 78 75 69 0 0 0 0 0 0 0 0 0 0 0 0 0 0 0 0 0 0 0 0 0 0 0 0 0 0 0 0 0 0 0 0 0 0 48 71 80 85 88 99 102 104 105 107 108 109 108 105 98 85 79 69 59 40 0 0 75 93 84 81 81 81 59 0 0 0 0 0 0 0 0 0 0 0 0 0 0 0 0 0 0 0 0 0 0 0 0 41 50 65 74 82 92 102 103 103 104 103 103 103 103 102 102 102 102 101 101 100 99 98 98 97 97 97 97 98 100 102 100 92 90 85 70 51 0 0 0 0 0 0 0 0 0 0 0 0 0 0 0 0 
67 70 69 70 71 71 71 71 72 72 72 72 73 74 74 75 75 76 76 76 77 78 79 79 80 80 81 81 82 82 82 80 79 78 76 70 0 0 0 0 0 0 0 0 0 0 0 0 0 0 0 0 0 0 0 0 0 0 0 0 0 0 0 0 0 0 0 0 0 0 49 71 80 86 89 99 102 104 105 107 108 109 109 106 99 86 80 71 61 43 0 0 74 212 320 300 288 338 320 122 0 0 0 0 0 0 0 0 0 0 0 0 0 0 0 0 0 0 0 0 0 0 0 45 50 64 72 80 93 102 103 104 104 104 103 103 102 102 102 102 102 101 100 100 99 98 97 97 97 96 97 98 99 102 100 94 92 87 73 0 0 0 0 0 0 0 0 0 0 0 0 0 0 0 0 0 
70 67 69 70 70 71 71 71 72 72 72 73 73 74 74 75 75 76 76 76 77 78 78 79 80 80 81 82 82 82 82 80 79 78 75 69 0 0 0 0 0 0 0 0 0 0 0 0 0 0 0 0 0 0 0 0 0 0 0 0 0 0 0 0 0 0 0 0 0 0 51 71 80 85 89 99 102 104 106 109 111 112 111 107 100 87 81 72 62 46 0 0 84 218 343 393 380 422 412 289 57 0 0 0 0 0 0 0 0 0 0 0 0 0 0 0 0 0 0 0 0 0 0 56 57 68 75 81 92 102 103 103 103 103 103 102 102 102 101 101 101 100 100 99 99 98 97 97 97 96 96 97 98 101 99 95 93 90 75 0 0 0 0 0 0 0 0 0 0 0 0 0 0 0 0 0 
66 70 69 69 70 70 71 71 71 72 72 72 73 74 74 75 76 76 77 77 77 78 79 79 80 80 81 82 82 82 82 79 79 78 75 69 0 0 0 0 0 0 0 0 0 0 0 0 0 0 0 0 0 0 0 0 0 0 0 0 0 0 0 0 0 0 0 0 0 0 51 71 80 86 89 99 101 104 108 112 115 116 115 109 101 88 82 74 65 50 0 0 86 218 365 466 451 476 457 345 58 0 0 0 0 0 0 0 0 0 0 0 0 0 0 0 0 0 0 0 0 0 88 68 64 73 79 82 92 101 103 103 103 103 103 102 102 102 101 101 101 100 99 99 99 98 97 97 96 96 96 96 98 100 98 94 93 89 75 0 0 0 0 0 0 0 0 0 0 0 0 0 0 0 0 0 
67 68 69 69 70 70 71 71 71 72 72 72 73 73 74 75 76 76 76 77 77 77 78 78 79 80 80 81 82 82 82 80 79 78 75 71 0 0 0 0 0 0 0 0 0 0 0 0 0 0 0 0 0 0 0 0 0 0 0 0 0 0 0 0 0 0 0 0 0 0 51 71 80 86 89 99 101 104 108 113 116 117 116 110 101 87 82 74 65 50 0 0 83 267 430 534 494 523 480 353 57 0 0 0 0 0 0 0 0 0 0 0 0 0 0 0 0 0 0 0 0 0 86 70 67 74 80 83 93 102 103 103 103 103 102 102 102 101 101 101 101 100 99 99 99 98 97 96 95 95 95 96 97 100 98 96 95 93 79 0 0 0 0 0 0 0 0 0 0 0 0 0 0 0 0 0 
71 65 69 69 70 71 71 71 72 72 72 72 73 73 73 74 75 75 76 77 77 77 78 78 79 79 80 81 82 82 82 80 79 78 76 71 0 0 0 0 0 0 0 0 0 0 0 0 0 0 0 0 0 0 0 0 0 0 0 0 0 0 0 0 0 0 0 0 0 0 52 71 80 85 88 98 101 104 108 113 116 117 116 110 101 87 82 73 65 50 0 0 86 272 446 556 536 545 513 385 59 0 0 0 0 0 0 0 0 0 0 0 0 0 0 0 0 0 0 0 0 0 88 71 67 74 80 83 93 102 103 103 103 103 102 102 101 101 100 100 100 99 98 98 97 96 95 94 93 93 92 93 94 97 95 93 93 90 77 0 0 0 0 0 0 0 0 0 0 0 0 0 0 0 0 0 
65 66 69 69 70 70 71 71 71 72 72 72 73 73 73 74 75 75 75 77 77 77 78 79 79 79 80 81 82 82 81 79 79 78 75 71 0 0 0 0 0 0 0 0 0 0 0 0 0 0 0 0 0 0 0 0 0 0 0 0 0 0 0 0 0 0 0 0 0 0 52 71 79 85 88 98 100 103 108 113 116 117 116 110 100 86 80 71 62 47 0 0 94 175 190 385 371 374 374 419 62 0 0 0 0 0 0 0 0 0 0 0 0 0 0 0 0 0 0 0 0 0 95 72 67 75 81 83 93 102 103 102 102 102 102 102 101 101 100 100 99 97 95 94 92 90 88 86 85 84 84 85 86 90 88 87 87 85 72 0 0 0 0 0 0 0 0 0 0 0 0 0 0 0 0 0 
71 70 69 69 70 70 71 71 71 72 72 72 73 73 73 74 75 75 76 77 77 78 78 79 79 79 80 80 81 82 81 79 79 77 75 71 0 0 0 0 0 0 0 0 0 0 0 0 0 0 0 0 0 0 0 0 0 0 0 0 0 0 0 0 0 0 0 0 0 0 53 71 80 85 88 98 100 103 106 110 113 114 114 108 99 85 79 70 60 44 0 0 0 199 195 291 264 271 255 283 59 0 0 0 0 0 0 0 0 0 0 0 0 0 0 0 0 0 0 0 0 0 0 64 61 71 78 82 93 102 103 103 102 102 102 101 101 100 99 98 96 94 92 90 88 87 85 83 82 81 81 82 84 88 86 85 85 83 70 0 0 0 0 0 0 0 0 0 0 0 0 0 0 0 0 0 
66 67 69 69 70 70 71 71 71 71 72 72 73 73 73 74 74 75 76 77 78 78 79 79 79 79 80 80 81 82 81 79 79 77 75 71 0 0 0 0 0 0 0 0 0 0 0 0 0 0 0 0 0 0 0 0 0 0 0 0 0 0 0 0 0 0 0 0 0 0 52 71 79 84 88 98 100 102 104 107 108 110 110 106 98 84 77 68 57 40 0 0 0 0 203 205 179 188 158 155 0 0 0 0 0 0 0 0 0 0 0 0 0 0 0 0 0 0 0 0 0 0 0 50 53 65 74 81 93 102 103 103 103 103 102 102 101 100 98 96 93 91 89 85 82 79 76 74 73 71 72 74 77 82 83 84 85 84 0 0 0 0 0 0 0 0 0 0 0 0 0 0 0 0 0 0 
71 72 69 69 69 70 70 70 71 72 72 73 73 73 73 74 75 75 76 78 78 79 79 80 79 80 80 81 81 82 81 79 78 77 74 69 0 0 0 0 0 0 0 0 0 0 0 0 0 0 0 0 0 0 0 0 0 0 0 0 0 0 0 0 0 0 0 0 0 0 51 70 78 84 87 97 100 101 102 104 105 107 108 104 97 83 76 66 55 39 0 0 0 0 89 113 105 105 110 115 0 0 0 0 0 0 0 0 0 0 0 0 0 0 0 0 0 0 0 0 0 0 0 43 49 63 73 80 93 102 103 103 102 102 101 101 100 98 96 94 90 85 83 79 76 74 72 71 70 67 67 68 68 72 75 77 78 77 0 0 0 0 0 0 0 0 0 0 0 0 0 0 0 0 0 0 
63 72 69 69 69 69 70 70 71 71 72 73 73 74 74 75 75 76 76 77 77 78 79 79 79 80 80 81 81 82 81 79 79 77 75 69 0 0 0 0 0 0 0 0 0 0 0 0 0 0 0 0 0 0 0 0 0 0 0 0 0 0 0 0 0 0 0 0 0 0 51 70 78 83 87 97 99 101 101 103 104 106 107 104 96 82 75 65 54 38 0 0 0 0 0 108 99 99 99 106 82 0 0 0 0 0 0 0 0 0 0 0 0 0 0 0 0 0 0 0 0 0 0 40 48 65 74 80 93 102 103 103 102 102 101 101 100 97 95 92 86 80 78 75 74 74 73 72 71 67 65 63 59 59 61 62 63 65 0 0 0 0 0 0 0 0 0 0 0 0 0 0 0 0 0 66 
67 65 68 69 69 69 70 71 71 72 72 73 73 74 74 75 75 76 76 77 78 78 79 80 80 80 81 81 81 82 82 79 78 77 74 67 0 0 0 0 0 0 0 0 0 0 0 0 0 0 0 0 0 0 0 0 0 0 0 0 0 0 0 0 0 0 0 0 0 0 49 69 78 83 87 97 99 101 101 102 103 104 105 103 95 81 75 65 53 37 0 0 0 0 0 96 91 87 87 89 76 0 0 0 0 0 0 0 0 0 0 0 0 0 0 0 0 0 0 0 0 0 0 40 49 66 75 81 92 102 102 103 102 101 101 101 99 96 94 89 82 77 78 78 81 82 83 81 79 75 73 68 60 63 65 65 68 73 0 0 0 0 0 0 0 0 0 0 0 0 0 0 0 0 0 0 
68 67 68 69 69 69 69 70 70 71 72 72 73 73 74 74 75 76 76 77 78 78 79 80 80 80 81 81 81 82 82 79 78 77 74 67 0 0 0 0 0 0 0 0 0 0 0 0 0 0 0 0 0 0 0 0 0 0 0 0 0 0 0 0 0 0 0 0 0 0 49 69 77 83 86 96 99 100 100 101 102 104 105 102 95 81 74 64 53 38 0 0 0 0 0 81 83 77 77 80 74 0 0 0 0 0 0 0 0 0 0 0 0 0 0 0 0 0 0 0 0 0 0 0 50 68 77 83 92 101 102 102 102 101 101 101 98 96 90 85 80 76 79 83 85 85 85 83 81 77 74 68 64 70 72 72 76 79 0 0 0 0 0 0 0 0 0 0 0 0 0 0 0 67 0 68 
63 68 68 68 69 69 69 70 71 72 72 72 73 74 75 75 75 76 76 76 77 78 79 79 80 81 81 81 82 82 82 79 78 77 74 66 0 0 0 0 0 0 0 0 0 0 0 0 0 0 0 0 0 0 0 0 0 0 0 0 0 0 0 0 0 0 0 0 0 0 49 68 77 82 86 96 98 99 99 100 101 103 104 101 93 81 75 65 54 37 0 0 0 0 0 0 76 69 69 69 68 0 0 0 0 0 0 0 0 0 0 0 0 0 0 0 0 0 0 0 0 0 0 0 53 71 80 85 92 101 101 102 101 100 100 100 96 94 88 83 79 79 82 87 89 90 92 89 87 84 79 71 70 77 76 77 80 81 70 0 0 0 0 0 0 0 0 0 0 0 0 0 0 67 0 66 
65 64 68 69 69 69 69 70 71 71 72 72 73 74 75 75 75 76 76 76 77 78 79 79 80 81 81 81 82 82 82 79 78 77 74 66 0 0 0 0 0 0 0 0 0 0 0 0 0 0 0 0 0 0 0 0 0 0 0 0 0 0 0 0 0 0 0 0 0 0 48 68 77 82 86 96 98 99 99 99 101 102 103 100 92 82 75 65 54 0 0 0 0 0 0 0 68 60 60 60 61 47 0 0 0 0 0 0 0 0 0 0 0 0 0 0 0 0 0 0 0 0 0 0 56 74 82 87 92 100 101 101 101 100 100 99 95 93 86 82 79 83 85 90 93 94 94 90 87 82 77 69 73 79 79 80 82 82 71 0 0 0 0 0 0 0 0 0 0 0 0 0 0 66 0 68 
67 68 68 68 69 69 69 70 70 71 72 72 73 74 74 75 75 75 76 76 77 78 79 80 80 80 81 81 81 82 82 78 78 76 73 65 0 0 0 0 0 0 0 0 0 0 0 0 0 0 0 0 0 0 0 0 0 0 0 0 0 0 0 0 0 0 0 0 0 0 47 67 76 82 85 96 98 99 98 99 99 101 102 98 91 83 76 65 55 0 0 0 0 0 0 0 63 54 54 54 54 45 0 0 0 0 0 0 0 0 0 0 0 0 0 0 0 0 0 0 0 0 0 0 60 78 85 89 92 100 100 101 100 100 100 99 93 92 84 80 79 85 86 92 94 94 93 89 88 81 75 70 78 84 84 86 89 88 75 0 0 0 0 0 0 0 0 0 0 0 0 0 0 66 0 63 
71 71 68 69 69 69 69 70 70 71 71 72 73 73 74 74 74 75 75 75 76 77 79 79 80 80 81 81 81 81 81 79 78 77 73 67 0 0 0 0 0 0 0 0 0 0 0 0 0 0 0 0 0 0 0 0 0 0 0 0 0 0 0 0 0 0 0 0 0 0 47 67 76 81 85 95 97 97 97 97 98 100 101 97 89 83 77 66 57 0 0 0 0 0 0 0 0 51 51 51 51 46 0 0 0 0 0 0 0 0 0 0 0 0 0 0 0 0 0 0 0 0 0 0 60 78 85 89 91 99 100 100 100 100 99 98 92 90 81 79 78 84 86 92 94 93 92 88 87 80 75 74 82 87 87 89 91 88 73 0 0 0 0 0 0 0 0 0 0 0 0 0 0 65 0 66 
67 66 68 69 69 69 70 71 71 71 72 72 73 73 73 72 72 71 71 72 74 75 77 79 79 80 80 81 81 81 81 78 77 76 73 65 0 0 0 0 0 0 0 0 0 0 0 0 0 0 0 0 0 0 0 0 0 0 0 0 0 0 0 0 0 0 0 0 0 0 46 66 75 81 84 94 96 96 96 96 97 99 99 95 88 84 78 67 59 0 0 0 0 0 0 0 0 46 46 46 46 0 0 0 0 0 0 0 0 0 0 0 0 0 0 0 0 0 0 0 0 0 0 0 60 78 85 89 91 99 100 100 100 99 98 97 90 88 81 78 77 83 85 88 89 89 87 85 83 76 72 74 80 84 85 87 88 85 71 0 0 0 0 0 0 0 0 0 0 0 0 0 0 64 0 69 
71 70 69 69 70 70 70 71 70 71 71 72 72 72 71 70 69 68 67 70 72 73 76 78 79 79 80 80 81 81 81 78 77 75 72 64 0 0 0 0 0 0 0 0 0 0 0 0 0 0 0 0 0 0 0 0 0 0 0 0 0 0 0 0 0 0 0 0 0 0 44 65 74 80 83 94 96 96 95 95 96 97 98 94 86 83 76 65 57 0 0 0 0 0 0 0 0 0 0 0 0 0 0 0 0 0 0 0 0 0 0 0 0 0 0 0 0 0 0 0 0 0 0 0 59 77 84 88 91 99 100 100 99 97 95 93 86 83 78 76 75 83 84 87 88 88 85 83 82 74 71 74 79 82 83 83 82 79 66 0 0 0 0 0 0 0 0 0 0 0 0 0 0 64 63 64 
64 66 68 69 69 70 71 71 70 71 71 71 72 72 70 68 68 65 64 66 69 71 75 77 79 80 80 80 81 82 82 78 77 76 72 63 0 0 0 0 0 0 0 0 0 0 0 0 0 0 0 0 0 0 0 0 0 0 0 0 0 0 0 0 0 0 0 0 0 0 44 65 74 80 83 93 95 95 95 94 94 96 97 93 85 81 75 63 55 0 0 0 0 0 0 0 0 0 0 0 0 0 0 0 0 0 0 0 0 0 0 0 0 0 0 0 0 0 0 0 0 0 0 0 61 77 85 89 91 99 100 98 96 94 92 89 84 83 78 75 74 80 82 85 86 86 83 83 82 75 73 77 80 82 81 81 80 77 65 0 0 0 0 0 0 0 0 0 0 0 0 0 62 64 61 65 
70 72 69 69 70 70 71 70 70 71 71 71 71 71 69 66 66 63 61 63 67 69 74 77 79 80 81 81 81 82 82 78 77 75 72 62 0 0 0 0 0 0 0 0 0 0 0 0 0 0 0 0 0 0 0 0 0 0 0 0 0 0 0 0 0 0 0 0 0 0 44 64 74 79 82 93 94 94 94 94 94 96 96 92 84 80 73 62 53 0 0 0 0 0 0 0 0 0 0 0 0 0 0 0 0 0 0 0 0 0 0 0 0 0 0 0 0 0 0 0 0 0 0 0 60 77 84 88 91 99 99 96 94 91 88 85 82 81 76 73 71 76 78 81 83 83 80 79 78 72 71 76 78 80 78 77 76 73 0 0 0 0 0 0 0 0 0 0 0 0 0 0 64 65 59 63 
70 64 68 69 69 69 70 70 70 70 70 71 72 71 69 66 65 62 59 61 65 68 73 76 79 80 80 81 81 81 82 78 77 75 72 62 0 0 0 0 0 0 0 0 0 0 0 0 0 0 0 0 0 0 0 0 0 0 0 0 0 0 0 0 0 0 0 0 0 0 43 64 73 79 82 93 94 93 93 93 93 95 95 91 82 78 71 60 50 0 0 0 0 0 0 0 0 0 0 0 0 0 0 0 0 0 0 0 0 0 0 0 0 0 0 0 0 0 0 0 0 0 0 0 60 77 84 88 90 98 98 92 89 86 82 77 77 76 75 71 69 0 72 72 73 74 71 71 0 0 0 0 71 73 71 70 69 67 0 0 0 0 0 0 0 0 0 0 0 0 0 0 64 65 64 70 
67 64 69 69 69 69 69 69 69 70 70 71 72 72 70 68 67 64 62 63 67 69 74 77 79 80 81 81 81 82 82 78 77 76 72 62 0 0 0 0 0 0 0 0 0 0 0 0 0 0 0 0 0 0 0 0 0 0 0 0 0 0 0 0 0 0 0 0 0 0 42 63 73 78 82 93 94 93 93 92 92 94 95 90 81 77 70 58 48 0 0 0 0 0 0 0 0 0 0 0 0 0 0 0 0 0 0 0 0 0 0 0 0 0 0 0 0 0 0 0 0 0 0 0 62 77 84 88 90 98 97 91 87 83 75 68 70 69 0 0 0 0 0 0 0 0 0 0 0 0 0 0 0 0 0 0 0 0 0 0 0 0 0 0 0 0 0 0 0 0 0 0 64 66 65 67 
69 73 68 68 68 68 68 68 69 70 70 71 72 72 71 70 69 67 65 66 68 71 74 77 79 80 81 81 81 81 81 77 77 75 72 64 0 0 0 0 0 0 0 0 0 0 0 0 0 0 0 0 0 0 0 0 0 0 0 0 0 0 0 0 0 0 0 0 0 0 43 63 72 78 81 92 93 94 93 93 93 94 95 89 80 75 68 56 46 0 0 0 0 0 0 0 0 0 0 0 0 0 0 0 0 0 0 0 0 0 0 0 0 0 0 0 0 0 0 0 0 0 0 0 62 78 85 88 90 97 96 88 84 80 70 55 0 0 0 0 0 0 0 0 0 0 0 0 0 0 0 0 0 0 0 0 0 0 0 0 0 0 0 0 0 0 0 0 0 0 0 61 63 67 67 71 
74 68 68 68 68 69 68 68 69 70 70 71 72 72 72 71 71 70 69 69 70 72 75 77 79 80 80 80 80 80 81 77 77 75 73 64 0 0 0 0 0 0 0 0 0 0 0 0 0 0 0 0 0 0 0 0 0 0 0 0 0 0 0 0 0 0 0 0 0 0 41 61 71 77 81 92 93 94 93 93 93 94 94 88 79 74 67 54 45 0 0 0 0 0 0 0 0 0 0 0 0 0 0 0 0 0 0 0 0 0 0 0 0 0 0 0 0 0 0 0 0 0 0 0 62 78 85 88 89 97 95 88 85 82 72 57 0 0 0 0 0 0 0 0 0 0 0 0 0 0 0 0 0 0 0 0 0 0 0 0 0 0 0 0 0 0 0 0 0 0 0 61 63 66 66 81 
66 63 67 68 67 68 68 68 68 68 69 70 71 71 72 72 72 72 72 72 73 74 76 77 79 79 79 79 80 80 80 77 76 75 73 65 0 0 0 0 0 0 0 0 0 0 0 0 0 0 0 0 0 0 0 0 0 0 0 0 0 0 0 0 0 0 0 0 0 0 40 61 71 77 80 91 94 94 93 93 93 93 93 88 78 73 66 53 44 0 0 0 0 0 0 0 0 0 0 0 0 0 0 0 0 0 0 0 0 0 0 0 0 0 0 0 0 0 0 0 0 0 0 0 64 79 85 88 89 96 94 89 87 84 77 68 0 0 0 0 0 0 0 0 0 0 0 0 0 0 0 0 0 0 0 0 0 0 0 0 0 0 0 0 0 0 0 0 0 0 0 59 62 65 62 71 
64 66 66 67 66 66 66 66 66 66 67 67 68 69 70 71 72 74 74 74 75 76 77 78 79 79 79 79 79 80 80 78 77 76 74 68 0 0 0 0 0 0 0 0 0 0 0 0 0 0 0 0 0 0 0 0 0 0 0 0 0 0 0 0 0 0 0 0 0 0 40 62 72 78 81 90 93 93 93 93 93 93 93 87 77 72 65 52 43 0 0 0 0 0 0 0 0 0 0 0 0 0 0 0 0 0 0 0 0 0 0 0 0 0 0 0 0 0 0 0 0 0 0 0 63 78 85 88 89 96 95 92 90 86 80 74 70 0 0 0 0 0 0 0 0 0 0 0 0 0 0 0 0 0 0 0 0 0 0 0 0 0 0 0 0 0 0 0 0 0 0 61 63 66 63 70 
65 72 66 66 66 66 66 65 65 66 66 66 66 67 68 69 70 72 73 74 74 75 76 77 77 78 78 78 79 79 80 78 77 76 75 69 0 0 0 0 0 0 0 0 0 0 0 0 0 0 0 0 0 0 0 0 0 0 0 0 0 0 0 0 0 0 0 0 0 0 0 64 74 79 82 90 92 93 93 93 93 93 92 86 76 71 64 51 43 0 0 0 0 0 0 0 0 0 0 0 0 0 0 0 0 0 0 0 0 0 0 0 0 0 0 0 0 0 0 0 0 0 0 0 64 78 85 88 89 96 96 92 90 88 83 78 74 67 59 57 56 56 58 60 59 59 0 0 0 0 0 0 0 0 0 0 0 0 0 0 0 0 0 0 0 0 0 0 0 0 0 62 63 65 62 66 
62 0 65 66 65 66 66 65 64 64 64 64 64 65 66 67 69 72 71 72 72 72 72 73 73 74 75 75 76 76 76 75 74 74 73 68 0 0 0 0 0 0 0 0 0 0 0 0 0 0 0 0 0 0 0 0 0 0 0 0 0 0 0 0 0 0 0 0 0 0 0 67 77 81 84 89 92 92 92 92 92 92 92 85 75 70 63 50 42 0 0 0 0 0 0 0 0 0 0 0 0 0 0 0 0 0 0 0 0 0 0 0 0 0 0 0 0 0 0 0 0 0 0 0 64 78 85 88 89 95 96 94 93 91 88 84 80 76 71 70 69 69 69 71 70 70 69 68 0 0 0 0 0 0 0 0 0 0 0 0 0 0 0 0 0 0 0 0 0 0 0 64 64 66 70 67 
0 0 64 64 63 63 63 62 61 60 60 60 60 63 64 66 68 71 70 72 71 71 71 72 72 73 74 74 75 75 76 74 74 73 72 68 0 0 0 0 0 0 0 0 0 0 0 0 0 0 0 0 0 0 0 0 0 0 0 0 0 0 0 0 0 0 0 0 0 0 0 70 78 82 84 87 90 91 91 91 91 91 90 84 74 69 62 49 41 0 0 0 0 0 0 0 0 0 0 0 0 0 0 0 0 0 0 0 0 0 0 0 0 0 0 0 0 0 0 0 0 0 0 0 63 77 83 86 87 94 94 93 91 90 86 83 79 75 71 70 68 68 69 70 69 68 68 67 65 0 0 0 0 0 0 0 0 0 0 0 0 0 0 0 0 0 0 0 0 0 0 64 65 66 62 68 
0 0 61 60 60 60 60 59 59 58 58 58 58 60 62 64 67 70 69 71 70 69 68 70 70 71 73 73 74 74 75 73 73 73 72 0 0 0 0 0 0 0 0 0 0 0 0 0 0 0 0 0 0 0 0 0 0 0 0 0 0 0 0 0 0 0 0 0 0 0 0 70 75 78 79 80 83 84 84 84 85 85 84 79 71 67 61 49 40 0 0 0 0 0 0 0 0 0 0 0 0 0 0 0 0 0 0 0 0 0 0 0 0 0 0 0 0 0 0 0 0 0 0 0 59 71 76 79 80 86 86 85 85 85 83 81 80 75 71 70 68 68 69 70 69 68 68 67 65 0 0 0 0 0 0 0 0 0 0 0 0 0 0 0 0 0 0 0 0 0 0 65 66 67 65 69 
0 0 0 0 0 0 0 0 0 85 80 77 74 70 60 61 62 64 63 65 63 63 63 64 65 67 70 71 71 72 71 70 70 70 68 0 0 0 0 0 0 0 0 0 0 0 0 0 0 0 0 0 0 0 0 0 0 0 0 0 0 0 0 0 0 0 0 0 0 0 0 67 73 76 78 78 81 82 82 82 83 83 82 77 70 66 61 49 0 0 0 0 0 0 0 0 0 0 0 0 0 0 0 0 0 0 0 0 0 0 0 0 0 0 0 0 0 0 0 0 0 0 0 0 60 70 75 77 78 83 84 82 83 84 84 83 82 77 72 70 68 68 69 70 69 68 68 67 65 0 0 0 0 0 0 0 0 0 0 0 0 0 0 0 0 0 0 0 0 0 0 65 66 67 71 68 
0 0 0 0 0 0 0 0 0 91 84 80 80 81 64 0 0 0 0 0 0 0 53 56 57 61 64 65 65 65 63 62 62 0 0 0 0 0 0 0 0 0 0 0 0 0 0 0 0 0 0 0 0 0 0 0 0 0 0 0 0 0 0 0 0 0 0 0 0 0 0 0 70 73 74 75 78 79 80 80 80 80 79 74 68 65 60 48 0 0 0 0 0 0 0 0 0 0 0 0 0 0 0 0 0 0 0 0 0 0 0 0 0 0 0 0 0 0 0 0 0 0 0 0 0 67 71 74 74 79 79 78 79 80 82 83 84 81 78 76 75 73 74 75 74 72 72 70 67 0 0 0 0 0 0 0 0 0 0 0 0 0 0 0 0 0 0 0 0 0 0 66 67 67 70 67 
0 0 0 0 0 0 0 0 71 86 83 79 81 83 69 0 0 0 0 0 0 0 0 0 0 0 0 0 0 0 0 0 0 0 0 0 0 0 0 0 0 0 0 0 0 0 0 0 0 0 0 0 0 0 0 0 0 0 0 0 0 0 0 0 0 0 0 0 0 0 0 0 64 67 68 69 72 73 74 74 74 74 74 70 66 64 59 0 0 0 0 0 0 0 0 0 0 0 0 0 0 0 0 0 0 0 0 0 0 0 0 0 0 0 0 0 0 0 0 0 0 0 0 0 0 61 65 67 68 71 71 69 70 71 72 73 76 74 70 69 68 66 67 68 67 66 67 0 0 0 0 53 53 53 53 0 0 0 0 0 0 0 0 0 0 0 0 0 0 0 0 65 67 67 65 71 
0 0 0 0 0 0 0 0 68 81 81 79 81 84 73 64 0 0 0 0 0 0 0 0 0 0 0 0 0 0 0 0 0 0 0 0 0 0 0 0 0 0 0 0 0 0 0 0 0 0 0 0 0 0 0 0 0 0 0 0 0 0 0 0 0 0 0 0 0 0 0 0 0 0 54 55 58 59 60 61 61 61 61 59 59 0 0 0 0 0 0 0 0 0 0 0 0 0 0 0 0 0 0 0 0 0 0 0 0 0 0 0 0 0 0 0 0 0 0 0 0 0 0 0 0 0 0 54 54 55 55 53 52 0 0 0 0 0 0 0 0 0 0 0 0 0 0 0 0 0 0 53 53 53 53 0 0 0 0 0 0 0 0 0 0 0 0 0 0 0 0 67 67 68 69 66 
0 0 0 0 0 0 0 62 71 84 86 82 84 86 76 64 0 0 0 0 0 0 0 0 0 0 0 0 0 0 0 0 0 0 0 0 0 0 0 0 0 0 0 0 0 0 0 0 0 0 0 0 0 0 0 0 0 0 0 0 0 0 0 0 0 0 0 0 0 0 0 0 0 0 0 0 0 0 0 0 0 0 0 0 0 0 0 0 0 0 0 0 0 0 0 0 0 0 0 0 0 0 0 0 0 0 0 0 0 0 0 0 0 0 0 0 0 0 0 0 0 0 0 0 0 0 0 0 0 0 0 0 0 0 0 0 0 0 0 0 0 0 0 0 0 0 0 0 0 0 0 53 53 53 53 0 0 0 0 0 0 0 0 0 0 0 0 0 0 0 0 65 66 67 67 71 
0 0 0 0 69 66 64 64 68 78 85 83 84 87 81 64 0 0 0 0 0 0 0 0 0 0 0 0 0 0 0 0 0 0 0 0 0 0 0 0 0 0 0 0 0 0 0 0 0 0 0 0 0 0 0 0 0 0 0 0 0 0 0 0 0 0 0 0 0 0 0 0 0 0 0 0 0 0 0 0 0 0 0 0 0 0 0 0 0 0 0 0 0 0 0 0 0 0 0 0 0 0 0 0 0 0 0 0 0 0 0 0 0 0 0 0 0 0 0 0 0 0 0 0 0 0 0 0 0 0 0 0 0 0 0 0 0 0 0 0 0 0 0 0 0 0 0 0 0 0 0 52 52 52 52 0 0 0 0 0 0 0 0 0 0 0 0 0 0 0 0 65 66 67 65 70 
0 0 75 74 72 71 68 67 68 74 84 84 84 87 86 68 0 0 0 0 0 0 0 0 0 0 0 0 0 0 0 0 0 0 0 0 0 0 0 0 0 0 0 0 0 0 0 0 0 0 0 0 0 0 0 0 0 0 0 0 0 0 0 0 0 0 0 0 0 0 0 0 0 0 0 0 0 0 0 0 0 0 0 0 0 0 0 0 0 0 0 0 0 0 0 0 0 0 0 0 0 0 0 0 0 0 0 0 0 0 0 0 0 0 0 0 0 0 0 0 0 0 0 0 0 0 0 0 0 0 0 0 0 0 0 0 0 0 0 0 0 0 0 0 0 0 0 0 0 0 0 0 0 0 0 0 0 0 0 0 0 0 0 0 0 0 0 0 0 0 0 65 66 67 68 68 
0 0 75 75 73 73 71 71 71 75 84 85 84 86 87 72 61 0 0 0 0 0 0 0 0 0 0 0 0 0 0 0 0 0 0 0 0 0 0 0 0 0 0 0 0 0 0 0 0 0 0 0 0 0 0 0 0 0 0 0 0 0 0 0 0 0 0 0 0 0 0 0 0 0 0 0 0 0 0 0 0 0 0 0 0 0 0 0 0 0 0 0 0 0 0 0 0 0 0 0 0 0 0 0 0 0 0 0 0 0 0 0 0 0 0 0 0 0 0 0 0 0 0 0 0 0 0 0 0 0 0 0 0 0 0 0 0 0 0 0 0 0 0 0 0 0 0 0 0 0 0 0 0 0 0 0 0 0 0 0 0 0 0 0 0 0 0 0 0 0 0 0 66 67 70 73 
0 0 73 74 73 74 73 73 73 75 83 86 83 86 87 76 61 0 0 0 0 0 0 0 0 0 0 0 0 0 0 0 0 0 0 0 0 0 0 0 0 0 0 0 0 0 0 0 0 0 0 0 0 0 0 0 0 0 0 0 0 0 0 0 0 0 0 0 0 0 0 0 0 0 0 0 0 0 0 0 0 0 0 0 0 0 0 0 0 0 0 0 0 0 0 0 0 0 0 0 0 0 0 0 0 0 0 0 0 0 0 0 0 0 0 0 0 0 0 0 0 0 0 0 0 0 0 0 0 0 0 0 0 0 0 0 0 0 0 0 0 0 0 0 0 0 0 0 0 0 0 0 0 0 0 0 0 0 0 0 0 0 0 0 0 0 0 0 0 0 0 0 65 67 64 67 
0 0 72 73 73 74 73 73 73 74 80 84 80 82 83 76 59 0 0 0 0 0 0 0 0 0 0 0 0 0 0 0 0 0 0 0 0 0 0 0 0 0 0 0 0 0 0 0 0 0 0 0 0 0 0 0 0 0 0 0 0 0 0 0 0 0 0 0 0 0 0 0 0 0 0 0 0 0 0 0 0 0 0 0 0 0 0 0 0 0 0 0 0 0 0 0 0 0 0 0 0 0 0 0 0 0 0 0 0 0 0 0 0 0 0 0 0 0 0 0 0 0 0 0 0 0 0 0 0 0 0 0 0 0 0 0 0 0 0 0 0 0 0 0 0 0 0 0 0 0 0 0 0 0 0 0 0 0 0 0 0 0 0 0 0 0 0 0 0 0 0 0 0 68 0 0 
0 0 72 73 74 75 75 74 73 73 76 80 78 80 83 80 60 0 0 0 0 0 0 0 0 0 0 0 0 0 0 0 0 0 0 0 0 0 0 0 0 0 0 0 0 0 0 0 0 0 0 0 0 0 0 0 0 0 0 0 0 0 0 0 0 0 0 0 0 0 0 0 0 0 0 0 0 0 0 0 0 0 0 0 0 0 0 0 0 0 0 0 0 0 0 0 0 0 0 0 0 0 0 0 0 0 0 0 0 0 0 0 0 0 0 0 0 0 0 0 0 0 0 0 0 0 0 0 0 0 0 0 0 0 0 0 0 0 0 0 0 0 0 0 0 0 0 0 0 0 0 0 0 0 0 0 0 0 0 0 0 0 0 0 0 0 0 0 0 0 0 0 0 0 0 0 
0 63 72 73 74 75 75 74 73 73 73 77 76 77 80 79 0 0 0 0 0 0 0 0 0 0 0 0 0 0 0 0 0 0 0 0 0 0 0 0 0 0 0 0 0 0 0 0 0 0 0 0 0 0 0 0 0 0 0 0 0 0 0 0 0 0 0 0 0 0 0 0 0 0 0 0 0 0 0 0 0 0 0 0 0 0 0 0 0 0 0 0 0 0 0 0 0 0 0 0 0 0 0 0 0 0 0 0 0 0 0 0 0 0 0 0 0 0 0 0 0 0 0 0 0 0 0 0 0 0 0 0 0 0 0 0 0 0 0 0 0 0 0 0 0 0 0 0 0 0 0 0 0 0 0 0 0 0 0 0 0 0 0 0 0 0 0 0 0 0 0 0 0 0 0 0 
61 65 72 72 73 73 73 72 72 71 72 75 74 74 76 76 0 0 0 0 0 0 0 0 0 0 0 0 0 0 0 0 0 0 0 0 0 0 0 0 0 0 0 0 0 0 0 0 0 0 0 0 0 0 0 0 0 0 0 0 0 0 0 0 0 0 0 0 0 0 0 0 0 0 0 0 0 0 0 0 0 0 0 0 0 0 0 0 0 0 0 0 0 0 0 0 0 0 0 0 0 0 0 0 0 0 0 0 0 0 0 0 0 0 0 0 0 0 0 0 0 0 0 0 0 0 0 0 0 0 0 0 0 0 0 0 0 0 0 0 0 0 0 0 0 0 0 0 0 0 0 0 0 0 0 0 0 0 0 0 0 0 0 0 0 0 0 0 0 0 0 0 0 0 0 0 
0 73 103 89 81 75 72 71 71 71 70 70 74 97 126 154 173 191 182 174 0 0 0 0 0 0 0 0 0 0 0 0 0 0 0 0 0 0 0 0 0 0 0 0 0 0 0 0 0 0 0 0 0 0 0 0 0 0 0 0 0 0 0 0 0 0 0 0 0 0 0 0 0 0 0 0 0 0 0 0 0 0 0 0 0 0 0 0 0 0 0 0 0 0 0 0 0 0 0 0 0 0 0 0 0 0 0 0 0 0 0 0 0 0 0 0 0 0 0 0 0 0 0 0 0 0 0 0 0 0 0 0 0 0 0 0 0 0 0 0 0 0 0 0 0 0 0 0 0 0 0 0 0 0 0 0 0 0 0 0 0 0 0 0 0 0 0 0 0 0 0 0 0 0 0 0 
94 0 190 167 148 130 119 116 117 124 147 187 244 309 364 370 322 284 256 220 161 0 0 0 0 0 0 0 0 0 0 0 0 0 0 0 0 0 0 0 0 0 0 0 0 0 0 0 0 0 0 0 0 0 0 0 0 0 0 0 0 0 0 0 0 0 0 0 0 0 0 0 0 0 0 0 0 0 0 0 0 0 0 0 0 0 0 0 0 0 0 0 0 0 0 0 0 0 0 0 0 0 0 0 0 0 0 0 0 0 0 0 0 0 0 0 0 0 0 0 0 0 0 0 0 0 0 0 0 0 0 0 0 0 0 0 0 0 0 0 0 0 0 0 0 0 0 0 0 0 0 0 0 0 0 0 0 0 0 0 0 0 0 0 0 0 0 0 0 0 0 0 0 0 0 0 
344 233 284 262 245 229 223 232 252 282 328 374 410 430 436 430 368 311 276 228 156 0 0 0 0 0 0 0 0 0 0 0 0 0 0 0 0 0 0 0 0 0 0 0 0 0 0 0 0 0 0 0 0 0 0 0 0 0 0 0 0 0 0 0 0 0 0 0 0 0 0 0 0 0 0 0 0 0 0 0 0 0 0 0 0 0 0 0 0 0 0 0 0 0 0 0 0 0 0 0 0 0 0 0 0 0 0 0 0 0 0 0 0 0 0 0 0 0 0 0 0 0 0 0 0 0 0 0 0 0 0 0 0 0 0 0 0 0 0 0 0 0 0 0 0 0 0 0 0 0 0 0 0 0 0 0 0 0 0 0 0 0 0 0 0 0 0 0 0 0 0 0 0 0 0 0 
485 485 350 342 327 312 312 336 354 378 411 432 438 454 458 446 378 325 285 230 152 0 0 0 0 0 0 0 0 0 0 0 0 0 0 0 0 0 0 0 0 0 0 0 0 0 0 0 0 0 0 0 0 0 0 0 0 0 0 0 0 0 0 0 0 0 0 0 0 0 0 0 0 0 0 0 0 0 0 0 0 0 0 0 0 0 0 0 0 0 0 0 0 0 0 0 0 0 0 0 0 0 0 0 0 0 0 0 0 0 0 0 0 0 0 0 0 0 0 0 0 0 0 0 0 0 0 0 0 0 0 0 0 0 0 0 0 0 0 0 0 0 0 0 0 0 0 0 0 0 0 0 0 0 0 0 0 0 0 0 0 0 0 0 0 0 0 0 0 0 0 0 0 0 0 0 
433 437 380 376 376 377 381 394 396 402 412 429 437 452 456 439 383 333 294 236 154 0 0 0 0 0 0 0 0 0 0 0 0 0 0 0 0 0 0 0 0 0 0 0 0 0 0 0 0 0 0 0 0 0 0 0 0 0 0 0 0 0 0 0 0 0 0 0 0 0 0 0 0 0 0 0 0 0 0 0 0 0 0 0 0 0 0 0 0 0 0 0 0 0 0 0 0 0 0 0 0 0 0 0 0 0 0 0 0 0 0 0 0 0 0 0 0 0 0 0 0 0 0 0 0 0 0 0 0 0 0 0 0 0 0 0 0 0 0 0 0 0 0 0 0 0 0 0 0 0 0 0 0 0 0 0 0 0 0 0 0 0 0 0 0 0 0 0 0 0 0 0 0 0 0 0 
404 408 415 411 406 401 394 392 393 398 407 423 444 466 478 463 401 350 304 232 138 0 0 0 0 0 0 0 0 0 0 0 0 0 0 0 0 0 0 0 0 0 0 0 0 0 0 0 0 0 0 0 0 0 0 0 0 0 0 0 0 0 0 0 0 0 0 0 0 0 0 0 0 0 0 0 0 0 0 0 0 0 0 0 0 0 0 0 0 0 0 0 0 0 0 0 0 0 0 0 0 0 0 0 0 0 0 0 0 0 0 0 0 0 0 0 0 0 0 0 0 0 0 0 0 0 0 0 0 0 0 0 0 0 0 0 0 0 0 0 0 0 0 0 0 0 0 0 0 0 0 0 0 0 0 0 0 0 0 0 0 0 0 0 0 0 0 0 0 0 0 0 0 0 0 0 
381 395 394 403 409 414 416 420 423 428 434 443 454 461 459 429 361 319 274 201 117 0 0 0 0 0 0 0 0 0 0 0 0 0 0 0 0 0 0 0 0 0 0 0 0 0 0 0 0 0 0 0 0 0 0 0 0 0 0 0 0 0 0 0 0 0 0 0 0 0 0 0 0 0 0 0 0 0 0 0 0 0 0 0 0 0 0 0 0 0 0 0 0 0 0 0 0 0 0 0 0 0 0 0 0 0 0 0 0 0 0 0 0 0 0 0 0 0 0 0 0 0 0 0 0 0 0 0 0 0 0 0 0 0 0 0 0 0 0 0 0 0 0 0 0 0 0 0 0 0 0 0 0 0 0 0 0 0 0 0 0 0 0 0 0 0 0 0 0 0 0 0 0 0 0 0 
350 367 351 371 382 389 391 393 395 399 404 412 422 425 421 384 317 286 244 169 99 0 0 0 0 0 0 0 0 0 0 0 0 0 0 0 0 0 0 0 0 0 0 0 0 0 0 0 0 0 0 0 0 0 0 0 0 0 0 0 0 0 0 0 0 0 0 0 0 0 0 0 0 0 0 0 0 0 0 0 0 0 0 0 0 0 0 0 0 0 0 0 0 0 0 0 0 0 0 0 0 0 0 0 0 0 0 0 0 0 0 0 0 0 0 0 0 0 0 0 0 0 0 0 0 0 0 0 0 0 0 0 0 0 0 0 0 0 0 0 0 0 0 0 0 0 0 0 0 0 0 0 0 0 0 0 0 0 0 0 0 0 0 0 0 0 0 0 0 0 0 0 0 0 0 0 
250 327 324 345 356 372 377 378 378 380 383 388 394 393 387 346 283 252 212 140 86 0 0 0 0 0 0 0 0 0 0 0 0 0 0 0 0 0 0 0 0 0 0 0 0 0 0 0 0 0 0 0 0 0 0 0 0 0 0 0 0 0 0 0 0 0 0 0 0 0 0 0 0 0 0 0 0 0 0 0 0 0 0 0 0 0 0 0 0 0 0 0 0 0 0 0 0 0 0 0 0 0 0 0 0 0 0 0 0 0 0 0 0 0 0 0 0 0 0 0 0 0 0 0 0 0 0 0 0 0 0 0 0 0 0 0 0 0 0 0 0 0 0 0 0 0 0 0 0 0 0 0 0 0 0 0 0 0 0 0 0 0 0 0 0 0 0 0 0 0 0 0 0 0 0 0 
80 173 292 319 331 345 357 362 362 365 368 374 378 375 365 320 266 236 196 122 79 0 0 0 0 0 0 0 0 0 0 0 0 0 0 0 0 0 0 0 0 0 0 0 0 0 0 0 0 0 0 0 0 0 0 0 0 0 0 0 0 0 0 0 0 0 0 0 0 0 0 0 0 0 0 0 0 0 0 0 0 0 0 0 0 0 0 0 0 0 0 0 0 0 0 0 0 0 0 0 0 0 0 0 0 0 0 0 0 0 0 0 0 0 0 0 0 0 0 0 0 0 0 0 0 0 0 0 0 0 0 0 0 0 0 0 0 0 0 0 0 0 0 0 0 0 0 0 0 0 0 0 0 0 0 0 0 0 0 0 0 0 0 0 0 0 0 0 0 0 0 0 0 0 0 0 
0 0 254 283 298 313 325 338 342 346 349 353 355 351 340 295 253 224 183 109 0 0 0 0 0 0 0 0 0 0 0 0 0 0 0 0 0 0 0 0 0 0 0 0 0 0 0 0 0 0 0 0 0 0 0 0 0 0 0 0 0 0 0 0 0 0 0 0 0 0 0 0 0 0 0 0 0 0 0 0 0 0 0 0 0 0 0 0 0 0 0 0 0 0 0 0 0 0 0 0 0 0 0 0 0 0 0 0 0 0 0 0 0 0 0 0 0 0 0 0 0 0 0 0 0 0 0 0 0 0 0 0 0 0 0 0 0 0 0 0 0 0 0 0 0 0 0 0 0 0 0 0 0 0 0 0 0 0 0 0 0 0 0 0 0 0 0 0 0 0 0 0 0 0 0 0 
0 0 218 255 265 277 287 297 297 306 313 320 325 324 311 275 242 213 171 102 0 0 0 0 0 0 0 0 0 0 0 0 0 0 0 0 0 0 0 0 0 0 0 0 0 0 0 0 0 0 0 0 0 0 0 0 0 0 0 0 0 0 0 0 0 0 0 0 0 0 0 0 0 0 0 0 0 0 0 0 0 0 0 0 0 0 0 0 0 0 0 0 0 0 0 0 0 0 0 0 0 0 0 0 0 0 0 0 0 0 0 0 0 0 0 0 0 0 0 0 0 0 0 0 0 0 0 0 0 0 0 0 0 0 0 0 0 0 0 0 0 0 0 0 0 0 0 0 0 0 0 0 0 0 0 0 0 0 0 0 0 0 0 0 0 0 0 0 0 0 0 0 0 0 0 0 
0 0 191 227 235 251 267 281 281 292 300 296 291 281 269 239 220 199 167 97 0 0 0 0 0 0 0 0 0 0 0 0 0 0 0 0 0 0 0 0 0 0 0 0 0 0 0 0 0 0 0 0 0 0 0 0 0 0 0 0 0 0 0 0 0 0 0 0 0 0 0 0 0 0 0 0 0 0 0 0 0 0 0 0 0 0 0 0 0 0 0 0 0 0 0 0 0 0 0 0 0 0 0 0 0 0 0 0 0 0 0 0 0 0 0 0 0 0 0 0 0 0 0 0 0 0 0 0 0 0 0 0 0 0 0 0 0 0 0 0 0 0 0 0 0 0 0 0 0 0 0 0 0 0 0 0 0 0 0 0 0 0 0 0 0 0 0 0 0 0 0 0 0 0 0 0 
0 0 0 192 201 211 229 250 252 267 278 274 269 260 247 221 213 196 166 0 0 0 0 0 0 0 0 0 0 0 0 0 0 0 0 0 0 0 0 0 0 0 0 0 0 0 0 0 0 0 0 0 0 0 0 0 0 0 0 0 0 0 0 0 0 0 0 0 0 0 0 0 0 0 0 0 0 0 0 0 0 0 0 0 0 0 0 0 0 0 0 0 0 0 0 0 0 0 0 0 0 0 0 0 0 0 0 0 0 0 0 0 0 0 0 0 0 0 0 0 0 0 0 0 0 0 0 0 0 0 0 0 0 0 0 0 0 0 0 0 0 0 0 0 0 0 0 0 0 0 0 0 0 0 0 0 0 0 0 0 0 0 0 0 0 0 0 0 0 0 0 0 0 0 0 0 
0 0 0 0 148 165 182 206 215 233 246 239 234 226 214 195 189 175 0 0 0 0 0 0 0 0 0 0 0 0 0 0 0 0 0 0 0 0 0 0 0 0 0 0 0 0 0 0 0 0 0 0 0 0 0 0 0 0 0 0 0 0 0 0 0 0 0 0 0 0 0 0 0 0 0 0 0 0 0 0 0 0 0 0 0 0 0 0 0 0 0 0 0 0 0 0 0 0 0 0 0 0 0 0 0 0 0 0 0 0 0 0 0 0 0 0 0 0 0 0 0 0 0 0 0 0 0 0 0 0 0 0 0 0 0 0 0 0 0 0 0 0 0 0 0 0 0 0 0 0 0 0 0 0 0 0 0 0 0 0 0 0 0 0 0 0 0 0 0 0 0 0 0 0 0 0 
0 0 0 0 0 0 0 132 143 175 200 195 194 184 170 159 155 0 0 0 0 0 0 0 0 0 0 0 0 0 0 0 0 0 0 0 0 0 0 0 0 0 0 0 0 0 0 0 0 0 0 0 0 0 0 0 0 0 0 0 0 0 0 0 0 0 0 0 0 0 0 0 0 0 0 0 0 0 0 0 0 0 0 0 0 0 0 0 0 0 0 0 0 0 0 0 0 0 0 0 0 0 0 0 0 0 0 0 0 0 0 0 0 0 0 0 0 0 0 0 0 0 0 0 0 0 0 0 0 0 0 0 0 0 0 0 0 0 0 0 0 0 0 0 0 0 0 0 0 0 0 0 0 0 0 0 0 0 0 0 0 0 0 0 0 0 0 0 0 0 0 0 0 0 0 0 
0 0 0 0 0 0 0 0 0 0 0 0 0 0 0 0 0 0 0 0 0 0 0 0 0 0 0 0 0 0 0 0 0 0 0 0 0 0 0 0 0 0 0 0 0 0 0 0 0 0 0 0 0 0 0 0 0 0 0 0 0 0 0 0 0 0 0 0 0 0 0 0 0 0 0 0 0 0 0 0 0 0 0 0 0 0 0 0 0 0 0 0 0 0 0 0 0 0 0 0 0 0 0 0 0 0 0 0 0 0 0 0 0 0 0 0 0 0 0 0 0 0 0 0 0 0 0 0 0 0 0 0 0 0 0 0 0 0 0 0 0 0 0 0 0 0 0 0 0 0 0 0 0 0 0 0 0 0 0 0 0 0 0 0 0 0 0 0 0 0 0 0 0 0 0 0 
0 0 0 0 0 0 0 0 0 0 0 0 0 0 0 0 0 0 0 0 0 0 0 0 0 0 0 0 0 0 0 0 0 0 0 0 0 0 0 0 0 0 0 0 0 0 0 0 0 0 0 0 0 0 0 0 0 0 0 0 0 0 0 0 0 0 0 0 0 0 0 0 0 0 0 0 0 0 0 0 0 0 0 0 0 0 0 0 0 0 0 0 0 0 0 0 0 0 0 0 0 0 0 0 0 0 0 0 0 0 0 0 0 0 0 0 0 0 0 0 0 0 0 0 0 0 0 0 0 0 0 0 0 0 0 0 0 0 0 0 0 0 0 0 0 0 0 0 0 0 0 0 0 0 0 0 0 0 0 0 0 0 0 0 0 0 0 0 0 0 0 0 0 0 0 0 
0 0 0 0 0 0 0 0 0 0 0 0 0 0 0 0 0 0 0 0 0 0 0 0 0 0 0 0 0 0 0 0 0 0 0 0 0 0 0 0 0 0 0 0 0 0 0 0 0 0 0 0 0 0 0 0 0 0 0 0 0 0 0 0 0 0 0 0 0 0 0 0 0 0 0 0 0 0 0 0 0 0 0 0 0 0 0 0 0 0 0 0 0 0 0 0 0 0 0 0 0 0 0 0 0 0 0 0 0 0 0 0 0 0 0 0 0 0 0 0 0 0 0 0 0 0 0 0 0 0 0 0 0 0 0 0 0 0 0 0 0 0 0 0 0 0 0 0 0 0 0 0 0 0 0 0 0 0 0 0 0 0 0 0 0 0 0 0 0 0 0 0 0 0 0 0 
0 0 0 0 0 0 0 0 0 0 0 0 0 0 0 0 0 0 0 0 0 0 0 0 0 0 0 0 0 0 0 0 0 0 0 0 0 0 0 0 0 0 0 0 0 0 0 0 0 0 0 0 0 0 0 0 0 0 0 0 0 0 0 0 0 0 0 0 0 0 0 0 0 0 0 0 0 0 0 0 0 0 0 0 0 0 0 0 0 0 0 0 0 0 0 0 0 0 0 0 0 0 0 0 0 0 0 0 0 0 0 0 0 0 0 0 0 0 0 0 0 0 0 0 0 0 0 0 0 0 0 0 0 0 0 0 0 0 0 0 0 0 0 0 0 0 0 0 0 0 0 0 0 0 0 0 0 0 0 0 0 0 0 0 0 0 0 0 0 0 0 0 0 0 0 0 
0 0 0 0 0 0 0 0 0 0 0 0 0 0 0 0 0 0 0 0 0 0 0 0 0 0 0 0 0 0 0 0 0 0 0 0 0 0 0 0 0 0 0 0 0 0 0 0 0 0 0 0 0 0 0 0 0 0 0 0 0 0 0 0 0 0 0 0 0 0 0 0 0 0 0 0 0 0 0 0 0 0 0 0 0 0 0 0 0 0 0 0 0 0 0 0 0 0 0 0 0 0 0 0 0 0 0 0 0 0 0 0 0 0 0 0 0 0 0 0 0 0 0 0 0 0 0 0 0 0 0 0 0 0 0 0 0 0 0 0 0 0 0 0 0 0 0 0 0 0 0 0 0 0 0 0 0 0 0 0 0 0 0 0 0 0 0 0 0 0 0 0 0 0 0 0 
0 0 0 0 0 0 0 0 0 0 0 0 0 0 0 0 0 0 0 0 0 0 0 0 0 0 0 0 0 0 0 0 0 0 0 0 0 0 0 0 0 0 0 0 0 0 0 0 0 0 0 0 0 0 0 0 0 0 0 0 0 0 0 0 0 0 0 0 0 0 0 0 0 0 0 0 0 0 0 0 0 0 0 0 0 0 0 0 0 0 0 0 0 0 0 0 0 0 0 0 0 0 0 0 0 0 0 0 0 0 0 0 0 0 0 0 0 0 0 0 0 0 0 0 0 0 0 0 0 0 0 0 0 0 0 0 0 0 0 0 0 0 0 0 0 0 0 0 0 0 0 0 0 0 0 0 0 0 0 0 0 0 0 0 0 0 0 0 0 0 0 0 0 0 0 0 
0 0 0 0 0 0 0 0 0 0 0 0 0 0 0 0 0 0 0 0 0 0 0 0 0 0 0 0 0 0 0 0 0 0 0 0 0 0 0 0 0 0 0 0 0 0 0 0 0 0 0 0 0 0 0 0 0 0 0 0 0 0 0 0 0 0 0 0 0 0 0 0 0 0 0 0 0 0 0 0 0 0 0 0 0 0 0 0 0 0 0 0 0 0 0 0 0 0 0 0 0 0 0 0 0 0 0 0 0 0 0 0 0 0 0 0 0 0 0 0 0 0 0 0 0 0 0 0 0 0 0 0 0 0 0 0 0 0 0 0 0 0 0 0 0 0 0 0 0 0 0 0 0 0 0 0 0 0 0 0 0 0 0 0 0 0 0 0 0 0 0 0 0 0 0 0 
0 0 0 0 0 0 0 0 0 0 0 0 0 0 0 0 0 0 0 0 0 0 0 0 0 0 0 0 0 0 0 0 0 0 0 0 0 0 0 0 0 0 0 0 0 0 0 0 0 0 0 0 0 0 0 0 0 0 0 0 0 0 0 0 0 0 0 0 0 0 0 0 0 0 0 0 0 0 0 0 0 0 0 0 0 0 0 0 0 0 0 0 0 0 0 0 0 0 0 0 0 0 0 0 0 0 0 0 0 0 0 0 0 0 0 0 0 0 0 0 0 0 0 0 0 0 0 0 0 0 0 0 0 0 0 0 0 0 0 0 0 0 0 0 0 0 0 0 0 0 0 0 0 0 0 0 0 0 0 0 0 0 0 0 0 0 0 0 0 0 0 0 0 0 0 0 
