90 84 87 87 88 84 83 77 73 78 86 86 88 90 79 86 85 86 84 83 82 78 79 75 68 79 70 78 77 77 80 81 82 74 77 76 81 76 73 79 75 77 85 75 79 76 82 76 79 76 73 76 77 76 79 82 79 76 74 66 63 71 76 71 79 76 71 69 83 78 80 77 74 78 75 74 79 78 78 77 74 76 76 77 74 72 62 71 79 75 78 77 76 81 80 77 79 83 79 79 76 81 81 77 81 79 84 78 76 82 77 66 66 74 86 87 83 82 90 86 80 85 85 83 85 89 91 91 92 90 92 92 91 95 90 91 82 84 87 92 93 96 99 95 99 95 99 105 99 106 103 106 110 106 103 92 77 75 77 76 72 74 79 73 0 73 78 82 79 83 87 88 94 97 101 106 
87 84 92 88 84 89 86 81 80 77 76 87 78 80 77 80 83 75 79 78 80 74 88 77 81 78 82 79 76 78 80 78 82 77 68 61 69 75 75 79 75 79 74 79 84 75 74 74 74 74 77 71 76 71 77 73 74 72 73 72 65 66 73 76 79 74 75 81 76 79 77 75 76 72 78 75 81 77 76 79 79 79 80 79 72 77 67 69 77 76 78 79 85 82 77 76 74 79 82 77 76 85 78 81 80 80 80 82 78 76 80 71 73 86 84 83 81 83 85 89 85 89 90 88 88 91 87 93 86 90 95 90 95 95 92 95 85 91 95 91 93 91 94 97 90 104 96 98 98 104 102 107 113 107 89 85 67 71 77 72 68 67 72 66 0 0 70 72 78 81 91 89 93 103 98 99 
84 81 84 83 83 82 81 79 77 77 76 77 77 78 78 78 78 79 78 78 78 78 78 77 77 76 76 76 77 77 78 77 76 75 73 72 70 70 71 71 73 74 75 75 75 75 74 74 74 73 74 74 74 74 74 74 74 73 72 71 70 70 71 72 73 74 75 75 75 75 75 75 75 74 75 75 76 76 76 76 76 75 75 76 74 73 73 73 73 75 76 77 77 77 77 77 77 77 77 78 78 78 79 79 79 79 79 79 79 77 76 76 77 77 80 82 83 83 84 84 85 85 85 85 85 86 87 87 88 89 89 89 90 89 88 88 88 88 89 91 92 93 93 94 95 96 97 99 100 101 102 101 98 93 86 80 76 73 72 72 72 71 70 71 72 75 76 77 80 82 85 90 94 97 105 100 
79 84 81 81 81 80 80 79 77 76 75 75 74 75 75 75 76 77 77 77 77 77 77 77 77 76 76 76 76 76 76 75 75 74 72 71 70 69 69 70 71 72 73 73 73 73 72 72 73 72 72 72 73 72 72 71 71 71 71 70 70 70 71 72 73 74 75 75 75 75 75 75 76 75 76 77 78 78 78 78 78 79 79 80 79 78 78 79 78 79 81 82 82 82 82 81 81 81 81 82 83 83 84 84 84 84 84 84 84 83 82 83 83 83 85 86 86 87 88 88 88 88 89 88 88 88 89 88 89 90 90 90 90 89 88 88 89 89 90 91 92 92 92 94 95 96 96 97 98 99 100 98 94 88 82 76 73 72 71 70 70 69 69 69 69 73 75 76 78 81 85 89 93 96 103 109 
83 78 79 79 79 79 78 77 76 75 74 74 74 74 74 74 74 75 75 75 76 76 76 75 75 75 74 74 75 74 74 73 73 73 72 71 70 69 68 68 68 70 70 70 71 71 70 70 71 70 71 71 71 71 71 71 71 71 72 72 72 72 73 74 75 76 77 78 78 79 79 80 80 80 81 81 81 82 82 82 82 82 83 84 84 84 84 84 84 84 85 85 86 86 86 86 86 86 86 87 87 87 88 89 89 89 89 89 89 89 89 89 89 89 90 91 91 92 93 93 93 93 93 92 92 92 93 93 93 94 94 94 94 93 92 92 93 93 93 94 95 94 95 96 97 97 98 98 99 99 98 95 90 83 78 74 72 71 70 70 69 69 69 0 0 75 75 76 78 80 84 88 92 95 94 102 
0 69 77 77 77 76 76 76 76 75 75 75 74 73 73 73 73 73 73 73 73 73 73 73 73 72 73 72 72 72 72 71 71 71 71 70 70 68 67 66 67 68 68 69 70 70 70 71 71 71 71 72 73 73 74 74 74 75 76 77 77 77 78 78 79 80 81 82 82 83 83 84 84 84 85 85 86 86 86 86 86 87 87 88 89 89 89 89 89 89 89 90 90 90 90 91 91 91 91 91 91 92 93 93 94 94 94 94 94 94 95 95 95 95 96 96 96 96 97 97 97 98 97 97 97 97 97 97 98 98 98 98 98 97 97 98 98 98 98 99 98 99 99 100 101 101 102 102 104 103 99 94 88 81 76 73 72 71 70 70 69 69 0 0 0 73 73 75 77 79 82 87 91 94 93 100 
74 75 75 75 75 75 75 75 75 74 74 74 73 72 72 72 71 71 72 72 72 72 72 71 71 71 71 71 71 70 70 70 70 70 70 70 70 69 68 68 68 69 70 71 72 72 72 73 74 74 75 76 77 77 77 77 78 78 80 80 81 82 82 83 84 85 85 86 86 87 87 87 88 88 89 89 90 90 90 90 91 91 91 93 93 93 94 94 94 94 94 95 95 95 96 96 96 96 97 96 96 97 98 99 99 100 100 100 99 100 100 101 101 101 101 101 101 102 103 103 103 103 102 102 102 101 101 102 102 103 103 103 103 102 102 103 103 103 103 103 102 102 103 104 105 106 107 107 109 107 102 96 89 81 75 72 71 70 69 69 68 0 0 0 0 71 72 73 76 77 81 86 90 93 101 94 
77 75 74 74 75 74 75 75 75 74 74 73 73 72 71 71 70 70 70 70 70 70 70 69 69 69 69 69 69 70 70 70 71 71 72 73 73 73 72 72 72 73 73 75 76 76 76 77 78 78 78 79 79 79 80 80 81 82 83 84 85 86 86 87 88 89 89 90 91 91 92 92 92 93 93 94 94 95 95 95 95 96 96 97 97 98 98 99 99 99 98 99 99 99 100 101 100 100 100 100 100 101 102 103 103 105 105 105 104 105 105 106 105 106 106 106 106 107 107 108 108 108 107 107 107 107 107 107 107 108 108 108 108 108 108 108 108 108 108 108 108 108 108 109 109 110 111 112 113 112 106 98 90 82 75 72 70 69 67 66 0 0 0 0 0 70 72 72 74 76 80 84 89 92 96 97 
74 81 74 74 74 74 74 74 74 73 72 71 71 70 70 70 69 68 68 67 68 68 68 68 69 69 70 70 70 71 72 72 73 73 74 75 75 75 75 75 76 77 77 78 79 79 80 81 81 81 82 83 83 83 84 84 85 86 87 88 89 90 90 91 92 92 92 93 94 94 94 95 95 95 95 96 96 96 96 96 96 96 96 97 97 98 98 98 98 98 98 98 98 99 99 100 99 100 100 100 100 101 102 102 103 104 104 103 103 104 104 104 105 106 105 106 106 107 108 109 109 109 108 108 108 108 108 109 110 111 111 111 111 110 111 111 111 112 112 112 112 112 112 113 113 114 115 116 118 117 110 101 92 82 73 70 69 68 66 0 0 0 0 0 0 70 71 72 74 75 79 83 88 91 91 89 
71 73 73 73 73 73 73 73 73 71 70 69 69 68 68 69 68 68 67 67 67 68 69 70 71 71 72 72 73 74 74 75 76 77 77 77 78 78 78 78 79 80 80 81 82 83 84 85 86 86 86 86 86 87 87 88 89 89 90 91 91 92 92 92 93 93 93 93 94 93 93 94 94 94 94 95 96 96 95 96 95 95 95 96 96 96 97 97 97 97 97 97 97 98 98 99 98 99 99 99 99 100 101 101 102 103 103 102 102 102 102 103 103 104 104 105 105 106 107 108 108 108 108 108 108 108 108 109 109 110 110 111 110 110 110 111 111 112 112 112 113 113 114 114 115 116 117 118 120 119 113 104 94 83 74 70 68 66 65 0 0 0 0 0 0 66 69 70 72 74 77 81 86 90 99 96 
70 74 72 72 72 72 72 72 71 70 69 68 68 68 69 70 70 70 70 70 70 71 71 72 73 74 74 74 75 76 77 78 79 79 80 80 81 81 82 82 83 83 84 84 85 86 86 87 87 87 87 87 87 88 88 88 89 89 89 90 90 91 91 91 91 91 91 91 92 92 92 92 93 94 94 95 95 95 94 94 94 94 94 95 94 94 94 95 94 94 94 94 94 94 94 95 94 94 94 95 95 96 96 97 98 98 98 98 98 98 98 99 99 100 100 101 101 102 103 104 105 105 106 106 106 107 107 108 108 109 109 110 109 109 109 110 110 110 111 111 111 111 112 113 113 114 115 116 118 119 114 105 94 83 73 68 66 65 0 0 0 0 0 0 0 0 69 70 72 74 77 80 85 89 98 99 
70 69 71 71 71 72 72 72 72 71 70 70 70 70 71 71 72 72 72 72 72 73 74 75 75 76 77 77 78 78 79 80 81 82 83 83 83 83 84 83 84 84 85 84 86 86 86 87 87 86 86 86 86 87 87 87 87 87 87 87 87 87 87 86 86 86 85 86 87 87 88 89 91 92 93 94 94 94 93 94 94 92 91 89 86 87 87 87 89 91 91 91 93 93 93 93 93 93 93 94 94 95 95 95 96 97 97 97 97 97 97 98 98 99 99 100 100 100 99 98 97 97 98 101 103 105 107 108 108 108 109 108 108 108 109 108 109 109 109 110 110 111 112 113 113 113 113 114 116 117 112 103 94 84 72 66 64 63 0 0 0 0 0 0 0 0 68 69 71 73 75 79 84 88 97 102 
77 68 71 71 71 72 72 72 72 72 71 72 72 72 72 73 74 74 75 75 75 76 76 77 78 78 79 79 80 80 80 80 81 82 83 83 83 83 83 82 83 83 83 83 84 84 83 84 83 83 82 82 82 83 82 82 81 81 82 83 84 86 86 85 85 85 84 84 85 85 85 87 89 90 93 94 94 94 93 93 93 90 88 86 83 82 84 84 86 89 89 89 92 92 92 92 91 91 92 92 93 93 93 93 94 94 94 94 95 95 95 95 96 97 97 98 98 98 96 95 94 93 95 99 102 104 107 107 108 108 108 108 108 108 108 108 108 109 108 109 110 110 110 111 111 111 112 112 114 116 112 104 96 86 74 65 63 0 0 0 0 0 0 0 0 0 67 69 71 72 75 78 83 88 97 94 
70 69 72 72 72 73 73 73 73 73 73 73 74 74 75 76 76 76 77 77 77 78 79 79 79 79 79 79 80 79 80 80 81 81 81 81 81 80 80 79 79 79 79 78 78 78 79 80 81 82 81 81 81 81 81 80 79 79 80 81 83 85 84 84 83 83 82 82 83 81 82 85 87 89 92 93 94 94 93 93 92 88 86 83 79 77 80 79 83 86 86 86 90 90 89 88 88 88 88 89 89 90 89 89 90 91 91 91 91 91 91 92 92 93 94 94 95 95 92 89 88 87 90 95 99 102 106 107 107 107 107 107 108 108 108 108 108 108 108 108 108 109 109 110 109 109 109 109 111 114 111 103 97 89 76 62 0 0 0 0 0 0 0 0 0 0 66 70 72 73 75 78 82 87 87 94 
68 74 72 72 73 73 74 74 74 74 74 76 76 77 77 78 78 78 78 78 78 78 78 79 79 78 79 79 79 79 79 80 80 78 77 77 76 76 77 78 78 78 78 77 76 77 77 77 78 80 79 79 80 80 79 78 76 76 76 77 79 82 81 80 78 79 78 78 78 75 78 82 85 87 92 93 93 93 92 92 92 86 83 79 73 68 70 69 72 77 77 77 84 83 82 81 80 80 80 81 80 80 80 80 81 82 82 83 82 82 83 84 85 86 87 87 87 87 81 78 77 78 85 92 96 100 105 106 106 106 106 106 107 107 107 107 107 107 107 107 108 108 108 108 107 107 108 108 109 112 109 102 97 92 79 61 0 0 0 0 0 0 0 0 0 0 67 70 72 73 75 77 81 85 95 96 
71 75 73 73 73 74 74 75 75 76 76 77 77 77 77 77 77 77 77 77 77 78 78 78 78 78 78 78 78 78 79 79 78 77 75 75 74 75 76 77 77 77 76 75 74 74 74 75 76 77 76 75 76 75 74 73 70 69 69 69 71 75 73 70 68 69 68 68 69 68 74 80 83 86 92 93 94 93 93 93 91 84 81 76 67 54 0 0 0 0 0 0 0 0 0 0 0 0 0 0 0 0 0 0 0 0 0 0 0 0 0 0 0 0 0 0 0 0 0 0 0 67 79 89 95 98 105 106 106 106 106 105 106 107 107 107 107 107 106 107 108 108 108 108 107 106 107 107 108 110 109 101 99 95 83 64 0 0 0 0 0 0 0 0 0 0 0 69 71 71 73 76 80 84 88 95 
70 74 73 74 74 74 75 75 75 75 75 76 76 76 76 76 76 76 76 77 77 77 77 77 78 77 78 78 78 78 78 78 76 75 73 72 70 71 73 75 74 73 72 70 68 67 67 66 68 70 67 67 67 66 65 62 57 54 0 0 0 0 0 0 0 0 0 0 0 64 75 80 83 85 91 93 93 93 93 93 91 84 82 79 72 59 0 0 0 0 0 0 0 0 0 0 0 0 0 0 0 0 0 0 0 0 0 0 0 0 0 0 0 0 0 0 0 0 0 0 0 73 85 91 95 97 104 105 106 106 106 106 106 107 107 107 106 106 106 107 107 108 107 107 106 106 106 106 107 108 108 101 100 97 87 67 0 0 0 0 0 0 0 0 0 0 0 69 71 71 73 75 79 83 86 91 
80 74 73 74 74 74 74 75 74 74 74 75 75 75 75 75 75 74 74 74 75 75 76 77 77 76 77 77 77 78 78 78 75 73 71 68 64 63 65 68 67 66 65 61 57 54 0 0 0 0 0 0 0 0 0 0 0 0 0 0 0 0 0 0 0 0 0 0 0 66 76 81 84 86 91 93 93 93 93 93 91 84 82 79 72 59 0 0 0 0 0 0 0 0 0 0 0 0 0 0 0 0 0 0 0 0 0 0 0 0 0 0 0 0 0 0 0 0 0 0 0 73 84 91 95 97 103 105 105 105 105 105 106 106 106 106 105 105 105 106 106 107 106 106 106 105 105 105 105 107 107 100 99 96 87 69 0 0 0 0 0 0 0 0 0 0 0 68 70 70 72 74 78 82 87 89 
70 75 72 73 73 73 73 74 73 74 74 75 74 74 75 74 74 72 71 71 72 73 75 76 76 76 77 78 78 78 78 77 75 73 70 66 56 0 0 0 0 0 0 0 0 0 0 0 0 0 0 0 0 0 0 0 0 0 0 0 0 0 0 0 0 0 0 0 0 68 77 82 85 87 92 93 93 92 92 92 91 84 82 78 72 58 0 0 0 0 0 0 0 0 0 0 0 0 0 0 0 0 0 0 0 0 0 0 0 0 0 0 0 0 0 0 0 0 0 0 0 73 83 90 94 96 102 104 104 104 104 105 105 106 106 106 105 105 105 106 106 106 106 106 105 105 104 105 105 106 107 101 100 98 91 75 0 0 0 0 0 0 0 0 0 0 0 67 68 69 71 74 78 81 84 93 
70 69 73 73 73 73 73 74 73 73 74 74 74 74 74 73 73 71 70 70 71 72 74 76 77 77 77 77 77 78 78 77 74 74 72 68 0 0 0 0 0 0 0 0 0 0 0 0 0 0 0 0 0 0 0 0 0 0 0 0 0 0 0 50 50 50 0 0 0 70 78 82 85 87 91 92 92 92 92 92 91 84 82 78 71 57 0 0 0 0 0 0 0 0 0 0 0 0 0 0 0 0 0 0 0 0 0 0 0 0 0 0 0 0 0 0 0 0 0 0 0 71 82 89 93 95 102 104 105 104 104 105 105 105 105 105 105 105 105 105 105 106 106 106 105 105 104 104 104 106 107 102 101 100 94 79 0 0 0 0 0 0 0 0 0 0 0 66 68 68 71 73 77 81 84 84 
72 70 71 72 72 72 72 73 72 72 73 73 73 74 74 72 72 70 67 67 69 70 73 76 76 76 76 77 77 78 78 76 74 74 72 68 0 0 0 0 0 0 0 0 0 0 0 0 0 0 0 0 0 0 0 0 0 0 0 0 0 0 53 51 51 50 49 46 0 66 79 83 85 86 90 92 91 92 92 92 90 84 82 78 71 57 0 0 0 0 0 0 0 0 0 0 0 0 0 0 0 0 0 0 0 0 0 0 0 0 0 0 0 0 0 0 0 0 0 0 0 68 80 87 92 94 101 104 105 104 105 105 105 105 105 105 105 105 105 105 104 105 104 104 104 104 103 104 104 105 107 102 102 101 96 81 0 0 0 0 0 0 0 0 0 0 0 66 67 68 71 73 77 81 91 87 
75 73 71 72 72 72 72 72 72 72 72 72 73 73 73 71 70 68 64 65 68 70 72 76 76 76 76 77 77 78 78 76 75 75 73 69 0 0 0 0 0 0 0 0 0 0 0 0 0 0 0 0 0 0 0 0 0 0 0 0 0 50 52 51 50 50 49 46 0 66 79 83 84 86 90 91 91 92 92 92 91 84 81 77 71 56 0 0 0 0 0 0 0 0 0 0 0 0 0 0 0 0 0 0 0 0 0 0 0 0 0 0 0 0 0 0 0 0 0 0 0 65 79 87 91 94 101 104 104 104 104 105 105 105 105 105 105 104 104 104 104 104 103 103 103 103 103 103 103 105 106 102 102 101 96 83 0 0 0 0 0 0 0 0 0 0 0 65 67 68 70 72 76 80 88 86 
63 64 70 71 71 71 71 72 71 71 72 72 72 72 72 70 69 67 63 64 68 70 72 76 76 77 77 77 78 78 78 76 75 74 73 68 0 0 0 0 0 0 0 0 0 0 0 0 0 0 0 0 0 0 0 0 0 0 0 0 0 50 52 51 50 50 49 46 0 65 78 82 84 85 90 91 91 92 92 92 90 84 81 78 71 56 0 0 0 0 0 0 0 0 0 0 0 0 0 0 0 0 0 0 0 0 0 0 0 0 0 0 0 0 0 0 0 0 0 0 0 61 76 85 89 92 101 104 104 104 104 105 105 105 105 105 105 105 104 104 104 103 103 103 102 102 102 102 103 104 106 103 100 99 95 81 0 0 0 0 0 0 0 0 0 0 0 64 66 67 70 72 76 80 82 90 
72 67 70 70 71 71 71 72 71 71 71 72 72 72 72 70 69 67 65 66 69 71 73 75 76 76 76 76 77 77 78 75 75 74 71 65 0 0 0 0 0 0 0 0 0 0 0 0 0 0 0 0 0 0 0 0 0 0 0 0 0 50 52 51 51 50 49 46 0 66 79 83 84 86 90 91 91 92 92 91 90 83 80 76 70 54 0 0 0 0 0 0 0 0 0 0 0 0 0 0 0 0 0 0 0 0 0 0 0 0 0 0 0 0 0 0 0 0 0 0 0 56 73 83 88 91 101 104 104 105 104 104 105 104 105 105 105 105 104 104 104 103 103 102 102 102 102 102 103 104 105 103 99 97 93 80 0 0 0 0 0 0 0 0 0 0 0 0 67 67 70 71 75 79 90 91 
74 68 69 69 69 70 70 70 70 70 70 71 71 71 71 70 69 68 67 67 70 71 73 74 75 75 75 75 76 77 77 75 74 73 71 64 0 0 0 0 0 0 0 0 0 0 0 0 0 0 0 0 0 0 0 0 0 0 0 0 0 50 52 51 50 50 49 46 0 64 79 83 84 86 90 91 91 92 92 91 90 83 80 76 70 55 0 0 0 0 0 0 0 0 0 0 0 0 0 0 0 0 0 0 0 0 0 0 0 0 0 0 0 0 0 0 0 0 0 0 0 53 71 81 86 90 100 104 104 105 105 104 105 105 105 105 105 105 104 104 103 103 102 102 101 102 103 103 104 105 106 103 98 96 92 80 0 0 0 0 0 0 0 0 0 0 0 0 65 66 69 70 74 79 89 89 
73 69 70 69 69 70 70 70 70 70 70 70 70 70 71 69 69 69 68 69 71 73 73 74 74 75 75 76 76 77 77 75 74 73 72 65 0 0 0 0 0 0 0 0 0 0 0 0 0 0 0 0 0 0 0 0 0 0 0 0 0 0 0 50 50 0 0 0 0 68 78 82 84 85 90 91 91 92 92 92 90 83 80 77 70 55 0 0 0 0 0 0 0 0 0 0 0 0 0 0 0 0 0 0 0 0 0 0 0 0 0 0 0 0 0 0 0 0 0 0 0 50 69 80 85 89 100 104 105 105 105 105 105 105 104 104 105 105 104 104 103 103 102 102 101 102 102 102 103 104 105 104 96 95 91 80 60 0 0 0 0 0 0 0 0 0 0 0 65 66 69 71 74 78 81 87 
70 67 69 69 69 69 69 70 70 70 70 70 70 70 71 70 70 70 70 70 71 72 73 73 74 74 75 75 76 77 77 75 74 73 71 65 0 0 0 0 0 0 0 0 0 0 0 0 0 0 0 0 0 0 0 0 0 0 0 0 0 0 0 0 0 0 0 0 0 67 78 82 84 86 90 91 92 92 92 91 90 82 80 76 69 54 0 0 0 0 0 0 0 0 0 0 0 0 0 0 0 0 0 0 0 0 0 0 0 0 0 0 0 0 0 0 0 0 0 0 0 48 69 81 86 90 100 104 104 105 105 104 104 104 104 105 105 105 104 104 103 102 102 102 102 103 102 102 102 104 105 104 96 94 91 80 61 0 0 0 0 0 0 0 0 0 0 0 64 66 68 70 74 77 79 86 
69 73 69 68 68 69 69 70 70 70 70 70 70 70 70 71 71 71 71 71 72 72 73 73 74 74 75 75 76 77 77 75 74 73 71 65 0 0 0 0 0 0 0 0 0 0 0 0 0 0 0 0 0 0 0 0 0 0 0 0 0 0 0 0 0 0 0 0 0 67 78 83 85 86 91 92 92 92 92 91 90 82 80 76 70 54 0 0 0 0 0 0 0 0 0 0 0 0 0 0 0 0 0 0 0 0 0 0 0 0 0 0 0 0 0 0 0 0 0 0 0 47 68 80 86 90 100 103 104 105 104 104 104 104 104 104 105 105 104 104 103 103 103 103 102 103 103 103 103 103 105 105 97 96 93 83 66 0 0 0 0 0 0 0 0 0 0 0 64 67 68 70 73 77 81 81 
65 73 69 68 67 68 68 68 69 69 69 69 70 69 70 70 70 71 71 71 71 72 72 73 73 74 75 75 76 77 77 75 74 73 71 66 0 0 0 0 0 0 0 0 0 0 0 0 0 0 0 0 0 0 0 0 0 0 0 0 0 0 0 0 0 0 0 0 0 65 77 82 84 86 91 92 92 92 92 91 90 83 80 77 71 56 0 0 0 0 0 0 0 0 0 0 0 0 0 0 0 0 0 0 0 0 0 0 0 0 0 0 0 0 0 0 0 0 0 0 0 47 68 79 85 90 99 103 104 104 104 104 104 104 104 104 104 104 103 103 103 103 103 104 103 103 103 102 102 102 104 105 98 97 95 86 68 0 0 0 0 0 0 0 0 0 0 0 63 66 67 70 72 76 82 83 
69 68 69 69 68 68 68 69 69 69 69 69 69 69 70 70 70 70 71 71 71 72 72 73 73 75 75 76 76 77 76 74 73 72 69 64 0 0 0 0 0 0 0 0 0 0 0 0 0 0 0 0 0 0 0 0 0 0 0 0 0 0 0 0 0 0 0 0 0 67 78 82 84 86 91 91 91 92 91 91 90 83 80 77 71 56 0 0 0 0 0 0 0 0 0 0 0 0 0 0 0 0 0 0 0 0 0 0 0 0 0 0 0 0 0 0 0 0 0 0 0 0 69 81 87 91 99 103 104 104 103 104 104 104 104 104 104 104 103 104 103 103 103 103 103 103 102 102 101 102 103 105 98 97 95 88 69 0 0 0 0 0 0 0 0 0 0 0 63 66 67 69 72 76 79 82 
65 76 68 68 68 68 68 69 69 69 68 68 69 68 69 70 70 71 71 71 71 72 72 73 73 75 75 75 76 76 76 73 72 71 68 62 0 0 0 0 0 0 0 0 0 0 0 0 0 0 0 0 0 0 0 0 0 0 0 0 0 0 0 0 0 0 0 0 0 67 78 82 84 86 91 91 92 92 91 91 90 83 80 77 71 55 0 0 0 0 0 0 0 0 0 0 0 0 0 0 0 0 0 0 0 0 0 0 0 0 0 0 0 0 0 0 0 0 0 0 0 0 71 82 89 93 99 103 103 103 103 103 103 103 103 104 104 104 104 104 103 103 102 103 103 103 102 102 102 102 103 105 99 98 96 90 72 0 0 0 0 0 0 0 0 0 0 0 63 65 67 69 72 75 79 81 
71 68 68 68 68 68 68 69 69 68 68 68 69 68 69 70 70 71 72 72 72 72 73 73 74 74 74 75 76 76 75 73 72 70 67 61 0 0 0 0 0 0 0 0 0 0 0 0 0 0 0 0 0 0 0 0 0 0 0 0 0 0 0 0 0 0 0 0 0 68 79 83 85 86 91 91 92 92 92 91 91 83 81 78 72 56 0 0 0 0 0 0 0 0 0 0 0 0 0 0 0 0 0 0 0 0 0 0 0 0 0 0 0 0 0 0 0 0 0 0 0 0 69 81 88 92 98 102 103 103 103 103 104 103 103 104 103 104 104 104 103 103 103 103 103 102 102 102 102 102 103 105 100 99 98 93 75 0 0 0 0 0 0 0 0 0 0 0 0 64 66 68 71 75 81 89 
66 66 68 68 68 68 67 68 68 67 67 68 68 68 69 70 70 71 72 72 72 72 72 73 73 74 74 75 76 76 75 72 71 69 65 58 0 0 0 0 0 0 0 0 0 0 0 0 0 0 0 0 0 0 0 0 0 0 0 0 0 0 0 0 0 0 0 0 0 69 79 82 85 86 90 91 92 92 92 92 91 83 81 77 71 55 0 0 0 0 0 0 0 0 0 0 0 0 0 0 0 0 0 0 0 0 0 0 0 0 0 0 0 0 0 0 0 0 0 0 0 0 72 84 90 94 98 102 103 103 103 103 104 103 103 104 103 104 104 104 103 103 103 103 102 102 102 102 102 102 103 106 100 100 99 94 76 0 0 0 0 0 0 0 0 0 0 0 0 63 65 67 70 74 78 88 
66 64 67 67 67 67 68 68 68 68 68 68 68 68 69 69 70 71 72 72 72 72 72 73 73 74 74 74 75 75 75 71 70 68 64 56 0 0 0 0 0 0 0 0 0 0 0 0 0 0 0 0 0 0 0 0 0 0 0 0 0 0 0 0 0 0 0 0 0 70 79 83 85 86 90 91 92 92 92 92 91 83 81 77 70 54 0 0 0 0 0 0 0 0 0 0 0 0 0 0 0 0 0 0 0 0 0 0 0 0 0 0 0 0 0 0 0 0 0 0 0 0 74 86 93 96 97 103 104 103 103 103 104 104 104 104 104 104 104 104 104 103 103 102 102 102 102 102 102 102 104 106 101 101 100 96 79 0 0 0 0 0 0 0 0 0 0 0 0 63 65 67 69 73 76 84 
67 70 66 66 67 67 68 68 68 67 67 67 68 68 69 69 70 71 72 72 72 72 72 73 73 74 75 75 75 76 75 71 70 68 64 55 0 0 0 0 0 0 0 0 0 0 0 0 0 0 0 0 0 0 0 0 0 0 0 0 0 0 0 0 0 0 0 0 0 71 80 83 85 87 91 92 92 92 92 92 91 83 81 77 70 55 0 0 0 0 0 0 0 0 0 0 0 0 0 0 0 0 0 0 0 0 0 0 0 0 0 0 0 0 0 0 0 0 0 0 0 0 73 85 92 95 97 103 104 104 103 103 103 103 103 104 104 103 104 104 103 103 103 103 102 102 103 102 102 103 104 106 102 102 102 98 82 0 0 0 0 0 0 0 0 0 0 0 61 64 65 66 69 73 80 80 
66 63 66 67 67 67 67 67 67 67 68 68 69 69 69 69 70 71 72 72 72 72 72 73 73 74 74 75 76 77 76 72 71 69 64 54 0 0 0 0 0 0 0 0 0 0 0 0 0 0 0 0 0 0 0 0 0 0 0 0 0 0 0 0 0 0 0 0 0 72 80 84 86 87 91 92 92 93 92 92 91 83 81 77 70 56 0 0 0 0 0 0 0 0 0 0 0 0 0 0 0 0 0 0 0 0 0 0 0 0 0 0 0 0 0 0 0 0 0 0 0 0 71 84 91 94 96 103 104 104 104 104 104 104 104 104 104 104 104 104 103 103 103 103 102 102 102 102 102 103 104 107 103 101 99 96 79 0 0 0 0 0 0 0 0 0 0 0 61 63 65 66 69 73 79 83 
68 67 66 66 66 67 67 67 67 68 68 68 69 69 69 69 70 71 72 72 73 73 73 73 73 73 74 75 75 76 76 72 71 70 64 0 0 0 0 0 0 0 0 0 0 0 0 0 0 0 0 0 0 0 0 0 0 0 0 0 0 0 0 0 0 0 0 0 0 72 81 84 86 87 91 92 92 92 92 92 90 83 81 77 70 56 0 0 0 0 0 0 0 0 0 0 0 0 0 0 0 0 0 0 0 0 0 0 0 0 0 0 0 0 0 0 0 0 0 0 0 0 68 83 90 94 96 103 103 103 103 103 103 104 104 104 104 104 103 104 103 103 103 103 102 102 102 102 101 102 104 106 103 101 100 97 82 0 0 0 0 0 0 0 0 0 0 0 61 63 65 66 68 73 80 86 
69 65 66 66 67 67 67 68 67 68 68 68 68 68 69 69 70 71 72 72 73 73 73 73 73 73 74 75 75 77 76 73 73 71 65 0 0 0 0 0 0 0 0 0 0 0 0 0 0 0 0 0 0 0 0 0 0 0 0 0 0 0 0 0 0 0 0 0 0 74 82 85 86 87 91 91 92 92 92 92 90 83 80 77 70 55 0 0 0 0 0 0 0 0 0 0 0 0 0 0 0 0 0 0 0 0 0 0 0 0 0 0 0 0 0 0 0 0 0 0 0 0 67 83 90 93 95 102 103 103 103 103 103 104 104 103 104 104 104 104 104 103 103 103 102 102 101 102 101 102 103 106 103 100 98 95 81 0 0 0 0 0 0 0 0 0 0 0 61 64 65 66 69 73 79 85 
65 62 66 67 67 67 67 67 67 68 68 68 69 68 68 69 69 70 71 72 72 73 73 74 74 74 74 75 76 77 76 74 73 72 66 0 0 0 0 0 0 0 0 0 0 0 0 0 0 0 0 0 0 0 0 0 0 0 0 0 0 0 0 0 0 0 0 0 0 75 83 85 87 87 90 91 91 92 92 92 90 83 80 77 70 55 0 0 0 0 0 0 0 0 0 0 0 0 0 0 0 0 0 0 0 0 0 0 0 0 0 0 0 0 0 0 0 0 0 0 0 0 66 82 90 93 95 102 103 103 103 103 104 104 103 103 104 104 104 104 103 103 102 102 102 101 101 101 101 102 103 105 104 98 97 93 81 0 0 0 0 0 0 0 0 0 0 0 61 63 65 66 69 73 74 78 
60 66 66 67 67 67 67 67 68 68 68 69 69 68 69 69 70 70 71 71 72 72 73 73 73 73 74 75 75 77 75 75 74 73 67 0 0 0 0 0 0 0 0 0 0 0 0 0 0 0 0 0 0 0 0 0 0 0 0 0 0 0 0 0 0 0 0 0 0 75 83 85 86 87 90 91 91 91 92 92 90 82 80 77 69 53 0 0 0 0 0 0 0 0 0 0 0 0 0 0 0 0 0 0 0 0 0 0 0 0 0 0 0 0 0 0 0 0 0 0 0 0 65 82 89 93 95 102 103 103 103 103 104 104 104 103 104 103 103 103 103 103 103 103 102 102 101 102 101 102 103 106 104 97 95 92 80 59 0 0 0 0 0 0 0 0 0 0 59 62 64 66 68 73 74 79 
66 66 66 67 67 67 67 67 68 68 69 69 69 69 69 69 69 70 71 71 72 73 73 74 74 74 75 76 76 77 75 75 74 72 66 0 0 0 0 0 0 0 0 0 0 0 0 0 0 0 0 0 0 0 0 0 0 0 0 0 0 0 0 0 0 0 0 0 0 65 79 82 84 87 90 91 91 91 91 91 90 82 80 77 69 53 0 0 0 0 0 0 0 0 0 0 0 0 0 0 0 0 0 0 0 0 0 0 0 0 0 0 0 0 0 0 0 0 0 0 0 0 65 83 90 93 95 102 103 103 103 103 104 103 103 103 104 104 104 104 104 103 103 103 102 102 102 101 101 103 103 105 105 98 96 93 83 63 0 0 0 0 0 0 0 0 0 0 0 61 64 65 68 72 88 85 
66 68 66 67 67 67 67 67 67 67 68 68 69 68 69 69 69 70 71 71 72 73 73 74 74 75 76 76 77 77 75 74 74 71 65 0 0 0 0 0 0 0 0 0 0 0 0 0 0 0 0 0 0 0 0 0 0 0 0 0 0 0 0 0 0 0 0 0 0 65 80 83 85 88 91 91 91 91 91 91 90 82 78 74 67 50 0 0 0 0 0 0 0 0 0 0 0 0 0 0 0 0 0 0 0 0 0 0 0 0 0 0 0 0 0 0 0 0 0 0 0 0 61 79 87 91 95 102 103 103 104 104 104 104 104 103 104 104 104 103 103 103 103 103 102 102 102 102 102 103 103 105 105 97 95 91 81 62 0 0 0 0 0 0 0 0 0 0 0 61 63 65 68 72 70 80 
66 72 66 66 66 66 67 67 67 67 68 68 69 69 69 69 70 70 71 72 72 73 73 74 74 75 75 76 76 77 74 74 73 71 64 0 0 0 0 0 0 0 0 0 0 0 0 0 0 0 0 0 0 0 0 0 0 0 0 0 0 0 0 0 0 0 0 0 0 63 77 80 83 88 91 91 92 92 91 91 90 82 76 72 65 48 0 0 0 0 0 0 0 0 0 0 0 0 0 0 0 0 0 0 0 0 0 0 0 0 0 0 0 0 0 0 0 0 0 0 0 0 57 75 84 88 95 103 104 104 105 105 105 104 104 104 104 104 104 103 103 102 102 102 102 102 102 102 102 103 103 105 105 98 96 93 84 65 0 0 0 0 0 0 0 0 0 0 0 61 63 65 68 72 73 82 
66 64 65 66 66 67 67 68 68 68 68 68 69 69 70 70 70 70 71 72 72 73 73 73 74 75 76 76 77 77 74 74 72 70 63 0 0 0 0 0 0 0 0 0 0 0 0 0 0 0 0 0 0 0 0 0 0 0 0 0 0 0 0 0 0 0 0 0 0 63 77 81 83 88 91 91 92 92 92 91 90 82 74 70 63 47 0 0 0 0 0 0 0 0 0 0 0 0 0 0 0 0 0 0 0 0 0 0 0 0 0 0 0 0 0 0 0 0 0 0 0 0 56 74 83 88 95 103 105 105 105 105 105 104 104 104 104 104 104 104 103 103 103 103 102 103 102 102 102 102 103 105 106 99 97 94 86 67 0 0 0 0 0 0 0 0 0 0 0 61 63 66 67 71 72 86 
68 59 65 66 66 67 67 67 67 67 67 68 69 70 70 70 70 70 71 72 73 73 74 74 75 75 76 76 77 77 73 73 72 69 61 0 0 0 0 0 0 0 0 0 0 0 0 0 0 0 0 0 0 0 0 0 0 0 0 0 0 0 0 0 0 0 0 0 39 61 75 79 81 89 91 92 92 92 92 92 91 83 74 69 62 47 41 0 0 0 0 0 0 0 0 0 0 0 0 0 0 0 0 0 0 0 0 0 0 0 0 0 0 0 0 0 0 0 0 0 0 0 56 74 84 88 95 104 105 105 105 105 105 104 104 104 104 104 104 104 103 103 102 102 102 102 101 101 102 102 102 105 106 99 98 95 87 68 0 0 0 0 0 0 0 0 0 0 0 61 63 65 67 71 73 84 
61 67 65 66 66 67 67 68 67 68 67 68 68 69 70 70 71 71 71 72 73 73 74 74 74 75 75 76 76 76 73 72 71 68 61 0 0 0 0 0 0 0 0 0 0 0 0 0 0 0 0 0 0 0 0 0 0 0 0 0 0 0 0 0 0 0 0 0 0 64 75 79 81 89 91 92 92 93 92 92 91 83 72 68 60 47 41 0 0 0 0 0 0 0 0 0 0 0 0 0 0 0 0 0 0 0 0 0 0 0 0 0 0 0 0 0 0 0 0 0 0 0 54 72 81 86 95 104 106 105 105 105 105 104 104 104 104 104 104 103 103 102 102 102 102 102 101 101 102 102 103 105 106 99 99 96 88 69 0 0 0 0 0 0 0 0 0 0 0 0 63 66 68 72 74 80 
63 66 65 65 66 67 67 68 68 68 68 68 68 69 69 70 70 71 71 72 72 73 73 74 74 75 75 76 76 76 73 72 71 68 62 0 0 0 0 0 0 0 0 0 0 0 0 0 0 0 0 0 0 0 0 0 0 0 0 0 0 0 0 0 0 0 0 0 41 63 73 77 80 89 92 92 93 93 92 92 91 83 73 68 61 47 40 0 0 0 0 0 0 0 0 0 0 0 0 0 0 0 0 0 0 0 0 0 0 0 0 0 0 0 0 0 0 0 0 0 0 0 56 74 84 89 96 105 106 105 105 105 105 104 104 104 104 104 104 103 103 102 102 101 101 101 101 101 101 101 102 105 107 100 100 97 90 69 0 0 0 0 0 0 0 0 0 0 0 0 64 66 68 72 66 84 
67 63 65 65 65 66 67 67 67 68 68 68 68 69 69 70 70 70 71 71 72 73 73 74 74 75 76 76 76 76 73 72 70 67 61 0 0 0 0 0 0 0 0 0 0 0 0 0 0 0 0 0 0 0 0 0 0 0 0 0 0 0 0 0 0 0 0 0 41 63 73 77 81 90 92 93 93 93 92 92 91 83 73 69 61 48 41 0 0 0 0 0 0 0 0 0 0 0 0 0 0 0 0 0 0 0 0 0 0 0 0 0 0 0 0 0 0 0 0 0 0 0 55 74 84 89 96 105 106 106 105 105 105 104 104 105 105 105 104 104 103 103 102 101 101 101 101 100 101 102 103 105 107 100 100 97 90 70 0 0 0 0 0 0 0 0 0 0 0 0 0 67 67 71 72 81 
64 67 65 65 65 66 67 67 67 67 67 67 68 68 69 69 70 70 71 72 73 73 73 73 74 74 75 75 75 75 72 71 70 68 61 0 0 0 0 0 0 0 0 0 0 0 0 0 0 0 0 0 0 0 0 0 0 0 0 0 0 0 0 0 0 0 0 0 41 61 71 75 79 90 92 93 93 93 92 92 91 84 74 70 62 49 41 0 0 0 0 0 0 0 0 0 0 0 0 0 0 0 0 0 0 0 0 0 0 0 0 0 0 0 0 0 0 0 0 0 0 0 54 72 82 87 96 105 106 105 105 105 105 105 105 105 105 105 104 104 103 103 102 101 101 101 101 101 101 102 103 105 107 100 99 97 90 69 0 0 0 0 0 0 0 0 0 0 0 0 0 0 65 71 64 76 
65 60 65 65 65 66 67 67 67 68 68 68 68 68 68 69 69 70 71 72 73 73 73 73 73 74 75 75 75 75 73 72 71 68 62 0 0 0 0 0 0 0 0 0 0 0 0 0 0 0 0 0 0 0 0 0 0 0 0 0 0 39 39 39 39 0 0 0 41 61 71 76 79 90 92 93 93 93 92 92 91 84 74 70 62 49 41 0 0 0 0 0 0 0 0 0 0 0 0 0 0 0 0 0 0 0 0 0 0 0 0 0 0 0 0 0 0 0 0 0 0 41 52 70 80 86 97 105 106 106 105 106 105 105 105 105 105 105 105 103 103 103 102 102 102 101 101 101 101 102 103 105 107 100 99 96 90 68 0 0 0 0 0 0 0 0 0 0 0 0 0 0 64 70 62 72 
63 66 64 65 65 66 66 67 67 68 67 67 68 68 68 69 69 70 71 71 72 73 73 73 74 74 75 75 75 75 73 72 71 69 63 0 0 0 0 0 0 0 0 0 0 0 0 0 0 0 0 0 0 0 0 0 0 0 0 0 0 39 39 39 39 0 0 0 42 61 71 76 80 90 92 93 93 93 92 92 92 85 74 70 62 49 41 0 0 0 0 0 0 0 0 0 0 0 0 0 0 0 0 0 0 0 0 0 0 0 0 0 0 0 0 0 0 0 0 0 0 42 53 70 80 86 97 105 106 105 105 106 106 105 106 105 105 105 105 104 104 103 102 102 102 101 101 101 101 102 103 104 107 100 100 97 91 69 0 0 0 0 0 0 0 0 0 0 0 0 0 0 62 69 61 80 
62 63 64 65 65 65 66 67 67 68 68 68 68 68 69 69 69 70 71 72 72 73 73 74 74 74 75 75 75 75 73 72 71 69 62 0 0 0 0 0 0 0 0 0 0 0 0 0 0 0 0 0 0 0 0 0 0 0 0 0 0 39 39 39 39 0 0 0 42 61 71 76 79 89 92 92 92 92 92 92 92 85 74 70 63 49 41 0 0 0 0 0 0 0 0 0 0 0 0 0 0 0 0 0 0 0 0 0 0 0 0 0 0 0 0 0 0 0 0 0 0 42 51 67 78 84 96 105 107 106 106 106 107 106 106 106 105 105 105 104 104 103 102 102 102 101 101 101 101 101 102 104 106 100 99 97 91 70 0 0 0 0 0 0 0 0 0 0 0 0 0 0 61 69 63 74 
58 64 65 65 65 66 67 67 67 68 68 68 69 69 70 70 70 71 71 72 73 73 73 73 73 73 74 75 75 75 73 73 72 70 64 0 0 0 0 0 0 0 0 0 0 0 0 0 0 0 0 0 0 0 0 0 0 0 0 0 0 39 39 39 39 0 0 0 42 62 71 76 79 89 91 92 92 92 93 93 92 85 75 70 63 50 41 0 0 0 0 0 0 0 0 0 0 0 0 0 0 0 0 0 0 0 0 0 0 0 0 0 0 0 0 0 0 0 0 0 0 42 51 67 77 83 96 105 107 106 106 106 106 106 106 106 105 105 104 104 104 103 102 102 102 101 101 101 101 101 102 103 106 100 99 97 92 70 0 0 0 0 0 0 0 0 0 0 0 0 0 0 61 69 0 72 
69 65 65 65 65 65 66 66 67 67 68 69 69 70 70 70 70 71 71 72 73 73 73 73 73 74 74 75 75 75 73 73 72 69 63 0 0 0 0 0 0 0 0 0 0 0 0 0 0 0 0 0 0 0 0 0 0 0 0 0 0 0 0 0 0 0 0 0 42 62 72 77 79 89 92 92 92 93 93 93 92 86 76 71 64 51 42 0 0 0 0 0 0 0 0 0 0 0 0 0 0 0 0 0 0 0 0 0 0 0 0 0 0 0 0 0 0 0 0 0 0 43 52 67 77 84 96 105 107 107 106 106 106 106 106 106 105 105 104 103 103 102 101 102 101 101 101 101 101 101 102 103 106 100 99 98 93 72 0 0 0 0 0 0 0 0 0 0 0 0 0 0 0 70 59 78 
63 62 65 65 65 65 66 66 66 67 68 68 69 69 70 70 70 71 72 72 73 73 73 73 74 74 75 75 75 75 73 72 71 68 62 0 0 0 0 0 0 0 0 0 0 0 0 0 0 0 0 0 0 0 0 0 0 0 0 0 0 0 0 0 0 0 0 0 43 63 72 76 79 89 91 91 92 93 93 93 93 86 76 71 64 51 42 0 0 0 0 0 0 0 0 0 0 0 0 0 0 40 0 0 0 0 0 0 0 0 0 0 0 0 0 0 0 0 0 0 0 44 52 68 77 84 96 106 107 107 106 106 106 106 106 106 106 105 104 104 103 102 102 102 101 101 101 101 101 101 102 103 106 100 100 98 94 74 0 0 0 0 0 0 0 0 0 0 0 0 0 0 0 70 59 74 
64 68 65 65 65 65 66 66 67 67 67 68 68 69 69 70 70 71 72 72 73 73 73 73 74 74 75 76 76 76 72 72 70 68 60 0 0 0 0 0 0 0 0 0 0 0 0 0 0 0 0 0 0 0 0 0 0 0 0 0 0 0 0 0 0 0 0 0 45 64 73 77 80 90 91 92 93 93 94 94 93 87 77 72 65 53 44 0 0 0 0 0 0 0 0 0 0 0 0 0 0 0 0 0 0 0 0 0 0 0 0 0 0 0 0 0 0 0 0 0 0 45 52 67 77 83 96 105 107 108 107 107 107 107 106 106 105 105 104 103 103 102 102 101 101 101 102 101 101 102 102 103 106 100 100 99 95 75 0 0 0 0 0 0 0 0 0 0 0 0 0 0 0 70 0 78 
66 61 65 65 65 65 66 66 67 67 68 68 69 69 69 70 70 71 72 72 73 73 73 73 74 74 75 76 76 76 73 72 71 68 60 0 0 0 0 0 0 0 0 0 0 0 0 0 0 0 0 0 0 0 0 0 0 0 0 0 0 0 0 0 0 0 0 0 45 64 73 78 80 90 92 92 93 93 94 95 94 88 78 74 66 54 46 0 0 0 0 0 0 0 0 0 0 0 39 39 39 39 38 0 0 0 0 0 0 0 0 0 0 0 0 0 0 0 0 0 0 45 52 67 77 83 95 105 107 108 107 107 107 107 106 106 105 105 104 103 103 102 102 102 102 102 102 101 101 102 102 103 106 100 100 99 95 76 0 0 0 0 0 0 0 0 0 0 0 0 0 0 0 71 0 73 
66 61 65 65 66 66 66 66 67 67 67 68 68 68 69 69 70 71 71 72 72 73 73 73 74 74 75 75 76 76 73 72 71 68 60 0 0 0 0 0 0 0 0 0 0 0 0 0 0 0 0 0 0 0 0 0 0 0 0 0 0 0 0 0 0 0 0 0 46 65 74 78 81 90 92 92 93 94 95 95 95 89 79 75 68 56 47 0 0 0 0 0 0 0 0 0 0 40 43 43 43 43 0 0 0 0 0 0 0 0 0 0 0 0 0 0 0 0 0 0 0 46 53 67 77 83 95 105 107 107 107 107 107 106 106 106 105 105 104 103 103 102 102 102 102 102 102 102 101 101 102 103 106 101 100 99 95 77 0 0 0 0 0 0 0 0 0 0 0 0 0 0 0 72 59 81 
64 67 65 65 66 66 66 66 67 67 67 68 68 68 68 69 70 70 71 71 72 73 73 74 74 74 75 75 75 76 73 72 71 69 61 0 0 0 0 0 0 0 0 0 0 0 0 0 0 0 0 0 0 0 0 0 0 0 0 0 0 0 0 0 0 0 0 0 45 65 74 78 81 90 92 92 93 94 95 96 95 90 80 76 69 58 49 0 0 0 0 0 0 0 0 0 0 41 46 44 44 44 48 0 0 0 0 0 0 0 0 0 0 0 0 0 0 0 0 0 0 46 53 67 77 83 95 105 107 107 107 107 107 106 106 105 105 104 104 104 103 103 102 102 102 102 102 101 101 101 102 103 106 101 101 100 96 78 0 0 0 0 0 0 0 0 0 0 0 0 0 0 63 71 68 75 
65 65 65 66 66 67 67 66 67 67 67 67 68 68 68 69 70 70 70 71 72 73 73 74 74 74 75 75 75 76 73 72 72 69 62 0 0 0 0 0 0 0 0 0 0 0 0 0 0 0 0 0 0 0 0 0 0 0 0 0 0 0 0 0 37 0 0 0 45 65 74 79 82 91 93 93 93 94 95 96 95 90 81 77 71 60 51 0 0 0 0 0 0 0 0 0 0 0 50 48 48 48 52 0 0 0 0 0 0 0 0 0 0 0 0 0 0 0 0 0 0 46 53 67 77 83 95 104 107 107 107 107 107 106 105 105 105 104 104 104 103 103 102 102 102 101 101 101 101 101 102 103 106 101 101 100 97 80 0 0 0 0 0 0 0 0 0 0 0 0 0 0 64 71 61 77 
63 63 65 65 66 66 66 66 67 67 67 68 69 69 69 69 69 70 70 71 72 73 73 74 74 74 75 74 75 75 73 72 72 69 62 0 0 0 0 0 0 0 0 0 0 0 0 0 0 0 0 0 0 0 0 0 0 0 0 0 0 0 0 0 37 0 0 0 44 65 74 79 82 91 93 93 93 94 95 96 96 91 82 78 72 61 52 0 0 0 0 0 0 0 0 0 0 0 57 58 56 56 62 0 0 0 0 0 0 0 0 0 0 0 0 0 0 0 0 0 0 44 52 67 77 83 95 104 107 107 106 106 106 106 105 105 105 104 104 104 103 103 102 102 101 101 101 101 101 101 102 103 105 101 100 99 96 80 0 0 0 0 0 0 0 0 0 0 0 0 0 0 64 70 63 77 
60 68 65 66 66 67 66 66 66 67 67 68 69 68 68 69 69 70 70 71 72 73 73 74 74 74 75 74 75 75 72 71 71 68 60 0 0 0 0 0 0 0 0 0 0 0 0 0 0 0 0 0 0 0 0 0 0 0 0 0 0 0 0 0 37 0 0 0 43 64 74 79 82 92 94 94 94 95 95 96 96 91 83 80 73 63 54 0 0 0 0 0 0 0 0 0 0 0 65 68 63 63 67 61 0 0 0 0 0 0 0 0 0 0 0 0 0 0 0 0 0 45 53 67 77 83 95 105 107 107 106 107 106 105 105 104 104 104 104 104 103 103 102 101 101 101 101 100 101 101 101 102 105 101 100 99 96 81 0 0 0 0 0 0 0 0 0 0 0 0 0 0 64 70 68 82 
65 59 65 65 66 66 66 66 67 67 67 68 68 69 68 69 69 70 70 72 72 73 74 74 74 74 75 75 75 75 72 71 70 66 59 0 0 0 0 0 0 0 0 0 0 0 0 0 0 0 0 0 0 0 0 0 0 0 0 0 0 0 0 0 0 0 0 0 43 64 74 79 82 92 94 95 94 95 95 96 96 92 83 80 74 63 55 0 0 0 0 0 0 0 0 0 0 0 69 78 69 69 72 70 0 0 0 0 0 0 0 0 0 0 0 0 0 0 0 0 0 44 52 66 76 83 95 105 107 107 106 106 106 105 105 104 104 104 104 104 104 103 102 101 100 100 100 100 100 101 101 102 105 101 101 100 97 81 0 0 0 0 0 0 0 0 0 0 0 0 0 0 65 70 69 73 
63 63 64 65 65 65 65 66 66 67 67 68 68 68 68 69 69 70 70 71 72 73 73 74 74 74 75 75 75 75 72 71 70 67 59 0 0 0 0 0 0 0 0 0 0 0 0 0 0 0 0 0 0 0 0 0 0 0 0 0 0 0 0 0 0 0 0 0 44 65 74 80 83 92 95 95 95 95 96 96 96 92 83 78 72 61 53 0 0 0 0 0 0 0 0 0 0 0 73 93 80 77 77 75 46 0 0 0 0 0 0 0 0 0 0 0 0 0 0 0 0 43 51 66 76 83 95 105 107 107 107 106 106 105 105 104 104 104 104 104 103 103 102 101 100 100 100 99 100 100 101 102 104 101 100 100 97 82 0 0 0 0 0 0 0 0 0 0 0 0 0 61 65 69 62 78 
63 65 64 65 65 65 65 66 66 67 67 68 68 68 68 69 69 70 70 71 71 72 73 74 74 74 75 75 75 75 72 71 69 65 58 0 0 0 0 0 0 0 0 0 0 0 0 0 0 0 0 0 0 0 0 0 0 0 0 0 0 0 0 0 0 0 0 0 45 65 74 79 83 93 95 95 95 96 96 97 97 92 84 77 71 61 53 0 0 0 0 0 0 0 0 0 0 0 69 98 97 95 92 96 79 60 0 0 0 0 0 0 0 0 0 0 0 0 0 0 0 45 52 67 77 83 95 105 107 107 107 106 106 106 105 105 104 104 104 104 103 103 102 101 100 100 100 99 99 100 100 101 104 100 100 99 96 82 0 0 0 0 0 0 0 0 0 0 0 0 0 61 65 68 70 77 
61 63 64 65 65 65 65 66 66 66 67 67 67 68 68 69 70 70 70 71 72 72 73 74 74 74 75 75 75 75 72 71 69 65 58 0 0 0 0 0 0 0 0 0 0 0 0 0 0 0 0 0 0 0 0 0 0 0 0 0 0 0 0 0 0 0 0 0 46 64 74 79 83 93 95 96 96 96 96 97 97 92 85 79 74 67 63 0 0 0 0 0 0 0 0 0 0 0 60 144 134 162 155 170 145 165 68 0 0 0 0 0 0 0 0 0 0 0 0 0 0 52 55 68 77 84 95 105 107 107 107 106 106 105 105 104 104 104 104 104 103 103 102 101 100 100 99 99 99 100 100 101 104 100 100 100 97 82 0 0 0 0 0 0 0 0 0 0 0 0 0 61 65 69 68 79 
61 60 63 64 65 64 65 65 65 66 66 67 67 68 68 69 70 70 70 71 71 72 72 73 74 74 74 75 76 76 73 72 70 67 61 0 0 0 0 0 0 0 0 0 0 0 0 0 0 0 0 0 0 0 0 0 0 0 0 0 0 0 0 0 0 0 0 0 47 65 73 79 84 94 97 98 97 96 96 97 97 92 88 86 82 77 80 84 0 0 0 0 0 0 0 0 0 0 57 225 204 220 228 244 168 181 112 41 0 0 0 0 0 0 0 0 0 0 0 0 0 68 65 74 82 86 96 105 107 107 107 106 106 105 105 105 105 104 104 103 103 102 101 101 100 100 99 99 99 99 100 101 103 100 100 100 97 82 0 0 0 0 0 0 0 0 0 0 0 0 0 60 65 69 72 73 
60 63 64 64 65 65 65 65 65 65 66 66 67 68 68 69 70 70 70 70 71 71 72 73 73 74 75 75 76 75 73 72 71 68 61 0 0 0 0 0 0 0 0 0 0 0 0 0 0 0 0 0 0 0 0 0 0 0 0 0 0 0 0 0 0 0 0 0 47 65 74 80 86 98 100 101 100 97 96 97 97 92 89 90 84 81 84 83 0 0 0 0 0 0 0 0 0 0 59 274 259 266 270 277 179 179 118 43 0 0 0 0 0 0 0 0 0 0 0 0 0 80 73 80 86 89 96 105 107 107 107 106 106 106 105 105 105 104 104 103 102 102 101 101 100 99 99 99 98 99 99 100 102 98 98 98 95 80 0 0 0 0 0 0 0 0 0 0 0 0 0 60 65 68 71 80 
63 64 64 64 65 65 65 65 65 65 66 67 67 68 69 69 70 70 70 70 71 72 73 73 74 74 75 75 76 76 73 72 70 67 60 0 0 0 0 0 0 0 0 0 0 0 0 0 0 0 0 0 0 0 0 0 0 0 0 0 0 0 0 0 0 0 0 0 46 64 73 80 88 99 102 103 101 97 96 97 97 92 90 91 84 81 85 84 0 0 0 0 0 0 0 0 0 0 57 278 280 331 311 322 243 234 108 45 43 43 43 0 0 0 0 0 0 0 0 0 88 81 74 80 86 90 96 105 107 107 107 106 106 105 105 104 104 104 103 103 102 101 100 100 99 99 98 98 98 98 98 99 101 97 97 96 94 81 0 0 0 0 0 0 0 0 0 0 0 0 0 62 65 68 72 75 
65 62 64 64 65 65 65 65 66 65 66 67 68 69 69 69 70 70 70 71 72 72 73 73 74 74 74 74 75 75 73 72 71 68 62 0 0 0 0 0 0 0 0 0 0 0 0 0 0 0 0 0 0 0 0 0 0 0 0 0 0 0 0 0 0 0 0 0 45 64 73 80 88 100 103 103 102 97 96 97 97 92 89 90 83 80 83 82 0 0 0 0 0 0 0 0 0 0 56 267 258 316 299 297 211 210 99 45 41 43 43 0 0 0 0 0 0 0 0 0 88 80 74 80 85 89 96 105 107 107 107 106 106 105 104 104 104 103 102 101 99 98 96 95 94 94 93 94 94 94 94 95 97 93 93 92 89 76 0 0 0 0 0 0 0 0 0 0 0 0 0 61 64 68 69 75 
64 65 64 64 65 65 65 65 65 65 66 67 67 69 69 69 69 69 69 70 71 72 73 73 74 74 74 74 75 75 73 73 72 69 64 0 0 0 0 0 0 0 0 0 0 0 0 0 0 0 0 0 0 0 0 0 0 0 0 0 0 0 0 0 0 0 0 0 45 64 72 80 88 99 102 103 102 98 96 97 97 92 88 88 81 77 79 80 0 0 0 0 0 0 0 0 0 0 54 253 231 260 250 248 171 173 96 45 41 43 43 0 0 0 0 0 0 0 0 0 0 80 73 80 86 89 96 105 107 107 106 106 106 105 104 103 101 99 96 93 92 89 87 87 89 88 90 90 88 87 86 86 88 87 87 87 86 76 0 0 0 0 0 0 0 0 0 0 0 0 60 61 64 67 65 74 
59 62 64 64 65 65 65 65 66 66 66 67 68 69 69 69 69 69 69 70 72 73 74 74 74 74 74 74 75 75 72 72 71 68 63 0 0 0 0 0 0 0 0 0 0 0 0 0 0 0 0 0 0 0 0 0 0 0 0 0 0 0 0 0 0 0 0 0 43 63 72 79 86 98 101 102 101 97 96 96 96 92 85 80 73 66 62 60 0 0 0 0 0 0 0 0 0 0 0 179 161 206 181 182 151 156 76 47 0 0 0 0 0 0 0 0 0 0 0 0 0 68 65 74 81 86 95 104 107 106 106 105 105 104 102 99 98 96 92 90 90 86 83 84 86 85 87 87 85 84 83 82 84 83 83 84 84 0 0 0 0 0 0 0 0 0 0 0 0 0 60 61 63 66 66 80 
62 65 64 64 65 65 65 65 66 66 66 67 68 69 68 68 69 69 69 70 72 73 73 74 75 75 74 75 75 75 72 72 70 67 62 0 0 0 0 0 0 0 0 0 0 0 0 0 0 0 0 0 0 0 0 0 0 0 0 0 0 0 0 0 0 0 0 0 43 63 72 78 84 95 98 98 98 96 96 96 97 92 83 76 70 59 51 0 0 0 0 0 0 0 0 0 0 0 0 82 108 172 145 146 142 145 61 46 0 0 0 0 0 0 0 0 0 0 0 0 0 52 55 68 77 83 95 104 106 106 106 105 104 102 98 95 93 88 84 82 81 77 75 75 77 76 79 80 80 78 77 77 80 80 80 81 81 0 0 0 0 0 0 0 0 0 0 0 0 0 59 60 63 65 73 72 
68 63 65 65 65 65 65 65 66 66 66 66 67 68 68 68 69 69 69 70 71 72 73 74 74 74 74 75 75 75 72 71 70 67 61 0 0 0 0 0 0 0 0 0 0 0 0 0 0 0 0 0 0 0 0 0 0 0 0 0 0 0 0 0 37 37 0 0 42 63 72 77 82 93 96 96 97 96 96 96 96 91 83 77 70 59 51 0 0 0 0 0 0 0 0 0 0 0 0 0 61 96 91 92 91 96 71 0 0 0 0 0 0 0 0 0 0 0 0 0 0 46 53 66 77 82 95 104 106 106 106 105 103 99 94 90 85 79 77 76 76 74 73 71 71 67 67 66 64 62 62 61 65 67 68 70 0 0 0 0 0 0 0 0 0 0 0 0 0 59 59 60 63 65 70 73 
61 68 64 64 64 65 65 65 65 66 66 66 67 68 68 68 69 69 70 70 71 72 73 74 75 75 75 76 76 75 72 71 70 67 61 0 0 0 0 0 0 0 0 0 0 0 0 0 0 0 0 0 0 0 0 0 0 0 0 0 0 0 0 0 0 0 0 0 42 62 72 77 81 92 95 95 96 96 96 96 96 91 82 78 72 61 53 0 0 0 0 0 0 0 0 0 0 0 0 0 0 93 93 93 93 100 94 0 0 0 0 0 0 0 0 0 0 0 0 0 0 46 52 66 76 82 94 103 106 105 105 104 102 97 92 86 79 73 73 74 78 77 73 71 69 62 56 54 55 57 58 59 61 62 63 63 0 0 0 0 0 0 0 0 0 0 0 0 0 59 59 60 63 65 68 73 
67 63 64 64 64 64 65 65 65 66 67 67 68 68 68 68 69 70 70 70 72 72 72 73 74 75 75 75 75 76 73 72 70 68 60 0 0 0 0 0 0 0 0 0 0 0 0 0 0 0 0 0 0 0 0 0 0 0 0 0 0 0 0 0 38 0 0 0 41 61 71 76 80 91 94 95 95 96 95 95 95 90 81 77 71 60 52 0 0 0 0 0 0 0 0 0 0 0 0 0 0 83 90 87 87 91 90 0 0 0 0 0 0 0 0 0 0 0 0 0 0 45 51 66 76 82 94 103 105 105 105 104 99 94 87 80 74 73 77 83 87 85 82 78 74 66 62 65 69 70 72 71 72 72 71 0 0 0 0 0 0 0 0 0 0 0 0 0 0 58 59 60 63 66 77 72 
60 63 64 64 64 64 64 64 64 65 66 67 67 68 68 68 69 70 70 71 71 72 72 73 74 75 75 76 76 76 73 72 71 69 61 0 0 0 0 0 0 0 0 0 0 0 0 0 0 0 0 0 0 0 0 0 0 0 0 0 0 0 0 0 0 0 0 0 42 61 71 76 79 90 94 94 95 96 95 95 95 89 80 76 70 59 51 0 0 0 0 0 0 0 0 0 0 0 0 0 0 0 83 78 78 78 80 0 0 0 0 0 0 0 0 0 0 0 0 0 0 46 51 66 76 82 93 103 105 105 104 103 99 93 85 79 75 76 82 87 89 86 83 78 73 66 66 71 75 77 78 76 76 76 74 68 0 0 0 0 0 0 0 0 0 0 0 0 0 57 59 61 64 66 72 76 
65 61 64 64 64 64 64 64 64 66 66 67 68 68 68 68 69 70 70 71 72 72 72 73 73 74 75 76 76 76 74 73 71 69 62 0 0 0 0 0 0 0 0 0 0 0 0 0 0 0 0 0 0 0 0 0 0 0 0 0 0 0 0 0 0 0 0 0 42 61 71 76 79 90 93 94 95 95 95 94 94 88 79 75 69 57 49 0 0 0 0 0 0 0 0 0 0 0 0 0 0 0 73 68 68 68 70 0 0 0 0 0 0 0 0 0 0 0 0 0 0 46 51 66 75 81 93 102 104 104 104 102 97 90 84 78 77 82 89 93 94 92 88 82 75 69 72 75 79 80 81 79 79 79 77 72 0 0 0 0 0 0 0 0 0 0 0 0 0 57 60 61 64 66 74 81 
59 68 63 65 64 64 64 65 64 66 67 68 68 68 68 68 69 70 70 71 72 72 72 73 73 74 75 75 76 76 74 73 72 71 65 0 0 0 0 0 0 0 0 0 0 0 0 0 0 0 0 0 0 0 0 0 0 0 0 0 0 0 0 0 0 0 0 0 42 61 71 76 79 89 92 93 94 95 95 94 93 87 78 74 67 56 48 0 0 0 0 0 0 0 0 0 0 0 0 0 0 0 61 57 57 57 58 53 0 0 0 0 0 0 0 0 0 0 0 0 0 44 49 65 75 80 92 102 104 103 103 100 96 90 83 79 81 87 92 96 96 92 88 82 74 71 77 81 85 87 88 87 87 86 84 80 0 0 0 0 0 0 0 0 0 0 0 0 0 57 60 61 63 66 68 74 
61 64 64 65 65 65 65 65 65 66 67 68 68 68 69 68 69 70 70 71 71 72 72 73 73 74 74 75 76 76 74 73 72 71 65 0 0 0 0 0 0 0 0 0 0 0 0 0 0 0 0 0 0 0 0 0 0 0 0 0 0 0 0 0 0 0 0 0 41 62 71 76 79 89 92 93 94 95 94 94 93 86 77 73 66 55 46 0 0 0 0 0 0 0 0 0 0 0 0 0 0 0 54 53 53 53 53 53 0 0 0 0 0 0 0 0 0 0 0 0 0 43 49 64 74 80 92 102 103 103 103 99 96 87 80 79 82 87 94 98 95 91 89 81 75 75 82 85 88 91 92 91 90 89 88 83 0 0 0 0 0 0 0 0 0 0 0 0 0 57 60 61 63 67 68 78 
63 66 65 65 65 65 65 65 65 66 67 67 67 68 68 68 68 68 68 69 71 72 72 73 73 74 74 75 75 75 73 73 72 71 65 0 0 0 0 0 0 0 0 0 0 0 0 0 0 0 0 0 0 0 0 0 0 0 0 0 0 0 0 0 0 0 0 0 42 61 71 76 79 89 92 93 94 95 94 94 93 86 76 72 65 53 44 0 0 0 0 0 0 0 0 0 0 0 0 0 0 0 0 49 49 49 49 0 0 0 0 0 0 0 0 0 0 0 0 0 0 42 48 64 74 80 92 101 103 103 102 99 98 89 82 81 85 87 94 97 93 90 85 78 73 78 83 86 90 92 92 91 90 90 88 84 0 0 0 0 0 0 0 0 0 0 0 0 0 57 60 61 63 66 72 80 
72 59 64 65 65 65 65 66 66 66 67 67 67 67 67 67 66 65 66 67 68 70 72 73 73 74 74 74 75 75 73 73 73 71 65 0 0 0 0 0 0 0 0 0 0 0 0 0 0 0 0 0 0 0 0 0 0 0 0 0 0 0 0 0 0 0 0 0 42 61 70 75 78 88 91 92 93 93 93 93 92 85 75 71 64 52 43 0 0 0 0 0 0 0 0 0 0 0 0 0 0 0 0 44 44 44 44 0 0 0 0 0 0 0 0 0 0 0 0 0 0 41 48 65 75 80 91 101 102 102 101 97 96 87 81 78 81 83 89 92 89 88 82 76 74 79 81 85 88 90 90 89 89 89 88 86 0 0 0 0 0 0 0 0 0 0 0 0 0 57 60 60 63 66 68 83 
64 59 64 64 64 64 65 65 65 66 67 67 67 67 67 65 65 64 64 65 68 69 71 72 73 73 74 74 75 75 74 73 73 71 66 0 0 0 0 0 0 0 0 0 0 0 0 0 0 0 0 0 0 0 0 0 0 0 0 0 0 0 0 0 0 0 0 0 41 63 72 76 79 88 90 91 91 92 92 92 91 85 75 70 63 51 42 0 0 0 0 0 0 0 0 0 0 0 0 0 0 0 0 0 0 0 0 0 0 0 0 0 0 0 0 0 0 0 0 0 0 40 47 63 74 80 90 100 100 99 96 91 89 82 77 76 81 83 87 90 87 85 79 73 72 77 80 84 88 87 87 85 84 83 83 80 0 0 0 0 0 0 0 0 0 0 0 0 0 58 60 61 63 67 75 80 
62 62 64 64 64 64 65 65 65 66 66 66 66 66 66 64 64 62 62 64 67 68 71 72 73 73 74 74 75 75 73 73 72 70 65 0 0 0 0 0 0 0 0 0 0 0 0 0 0 0 0 0 0 0 0 0 0 0 0 0 0 0 0 0 0 0 0 0 39 61 71 76 79 88 90 90 90 91 91 92 91 85 74 70 63 51 41 0 0 0 0 0 0 0 0 0 0 0 0 0 0 0 0 0 0 0 0 0 0 0 0 0 0 0 0 0 0 0 0 0 0 0 48 65 75 81 89 96 96 94 91 87 87 82 76 75 79 81 84 88 85 84 76 71 71 76 78 83 87 86 85 83 82 82 82 77 0 0 0 0 0 0 0 0 0 0 0 0 0 59 61 62 64 67 72 74 
59 64 64 64 64 64 65 65 65 66 66 66 66 66 64 63 62 60 59 63 66 68 70 72 73 73 74 74 74 75 73 73 72 70 65 0 0 0 0 0 0 0 0 0 0 0 0 0 0 0 0 0 0 0 0 0 0 0 0 0 0 0 0 0 0 0 0 0 0 63 73 77 80 87 89 89 89 89 89 91 90 84 74 69 62 50 41 0 0 0 0 0 0 0 0 0 0 0 0 0 0 0 0 0 0 0 0 0 0 0 0 0 0 0 0 0 0 0 0 0 0 0 49 67 77 82 86 92 92 89 85 84 83 81 74 73 77 78 79 82 80 79 71 67 68 73 75 80 85 83 83 80 79 79 79 0 0 0 0 0 0 0 0 0 0 0 0 0 0 59 62 62 64 67 67 79 
60 62 64 64 64 64 64 64 64 65 65 65 66 66 64 63 62 60 59 63 66 68 70 72 73 74 74 74 74 75 73 72 72 70 64 0 0 0 0 0 0 0 0 0 0 0 0 0 0 0 0 0 0 0 0 0 0 0 0 0 0 0 0 0 0 0 0 0 0 66 75 79 82 87 89 89 88 88 88 89 89 83 73 68 61 49 40 0 0 0 0 0 0 0 0 0 0 0 0 0 0 0 0 0 0 0 0 0 0 0 0 0 0 0 0 0 0 0 0 0 0 0 51 70 79 83 84 90 89 85 80 77 76 74 67 65 0 69 69 72 72 0 0 62 65 67 69 72 78 74 75 73 73 72 75 0 0 0 0 0 0 0 0 0 0 0 0 0 0 60 62 63 65 67 65 75 
64 64 64 64 64 64 64 64 64 65 65 65 66 66 65 64 64 63 62 65 67 69 71 72 73 74 74 74 74 75 72 72 71 70 62 0 0 0 0 0 0 0 0 0 0 0 0 0 0 0 0 0 0 0 0 0 0 0 0 0 0 0 0 0 0 0 0 0 0 69 77 81 83 87 89 88 88 88 88 89 89 83 73 68 61 49 40 0 0 0 0 0 0 0 0 0 0 0 0 0 0 0 0 0 0 0 0 0 0 0 0 0 0 0 0 0 0 0 0 0 0 0 52 70 79 81 82 87 85 78 69 63 61 0 0 0 0 0 0 0 0 0 0 0 0 0 0 0 0 0 0 0 0 0 0 0 0 0 0 0 0 0 0 0 0 0 0 0 0 61 63 63 65 67 71 78 
68 63 64 64 64 64 64 64 64 65 65 66 66 67 66 65 65 64 64 67 69 70 72 72 73 74 74 74 74 75 72 72 70 69 61 0 0 0 0 0 0 0 0 0 0 0 0 0 0 0 0 0 0 0 0 0 0 0 0 0 0 0 0 0 0 0 0 0 0 69 77 81 83 87 89 89 88 88 88 88 88 82 73 69 62 49 40 0 0 0 0 0 0 0 0 0 0 0 0 0 0 0 0 0 0 0 0 0 0 0 0 0 0 0 0 0 0 0 0 0 0 0 56 74 82 83 79 84 81 70 53 0 0 0 0 0 0 0 0 0 0 0 0 0 0 0 0 0 0 0 0 0 0 0 0 0 0 0 0 0 0 0 0 0 0 0 0 0 0 60 62 63 65 67 71 71 
64 65 65 64 64 64 64 64 64 65 65 66 66 67 66 66 65 66 66 68 69 70 71 72 73 74 74 74 74 75 72 71 70 69 60 0 0 0 0 0 0 0 0 0 0 0 0 0 0 0 0 0 0 0 0 0 0 0 0 0 0 0 0 0 0 0 0 0 0 75 81 84 86 86 89 89 88 88 88 89 89 82 73 69 62 48 39 0 0 0 0 0 0 0 0 0 0 0 0 0 0 0 0 0 0 0 0 0 0 0 0 0 0 0 0 0 0 0 0 0 0 0 57 75 83 83 79 85 82 71 0 0 0 0 0 0 0 0 0 0 0 0 0 0 0 0 0 0 0 0 0 0 0 0 0 0 0 0 0 0 0 0 0 0 0 0 0 0 0 60 62 63 65 67 74 73 
68 61 64 63 63 63 64 63 64 64 65 66 66 67 67 67 68 68 68 69 69 70 71 72 72 73 74 75 75 75 72 71 70 68 59 0 0 0 0 0 0 0 0 0 0 0 0 0 0 0 0 0 0 0 0 0 0 0 0 0 0 0 0 0 0 0 0 0 0 75 80 84 85 86 89 89 89 89 89 89 88 82 73 68 61 48 39 0 0 0 0 0 0 0 0 0 0 0 0 0 0 0 0 0 0 0 0 0 0 0 0 0 0 0 0 0 0 0 0 0 0 0 60 75 83 83 81 85 83 74 60 0 0 0 0 0 0 0 0 0 0 0 0 0 0 0 0 0 0 0 0 0 0 0 0 0 0 0 0 0 0 0 0 0 0 0 0 0 0 61 63 63 65 68 69 79 
65 64 64 63 63 63 63 63 63 64 65 65 66 67 67 67 67 68 69 69 70 70 71 71 71 73 73 74 75 75 72 71 70 67 59 0 0 0 0 0 0 0 0 0 0 0 0 0 0 0 0 0 0 0 0 0 0 0 0 0 0 0 0 0 0 0 0 0 0 74 80 83 85 86 89 89 89 89 89 89 88 81 72 68 61 47 39 0 0 0 0 0 0 0 0 0 0 0 0 0 0 0 0 0 0 0 0 0 0 0 0 0 0 0 0 0 0 0 0 0 0 0 61 76 83 85 82 86 82 76 67 0 0 0 0 0 0 0 0 0 0 0 0 0 0 0 0 0 0 0 0 0 0 0 0 0 0 0 0 0 0 0 0 0 0 0 0 0 0 62 63 64 66 68 72 83 
66 63 63 62 62 62 63 62 63 64 64 65 65 66 66 66 66 66 67 67 68 68 68 68 69 71 72 73 74 74 71 70 69 67 59 0 0 0 0 0 0 0 0 0 0 0 0 0 0 0 0 0 0 0 0 0 0 0 0 0 0 0 0 0 0 0 0 0 0 72 79 82 84 85 88 89 89 89 89 89 88 81 72 67 60 47 38 0 0 0 0 0 0 0 0 0 0 0 0 0 0 0 0 0 0 0 0 0 0 0 0 0 0 0 0 0 0 0 0 0 0 0 61 76 83 86 84 88 85 80 71 64 58 54 53 55 58 58 57 55 53 0 0 0 0 0 0 0 0 0 0 0 0 0 0 0 0 0 0 0 0 0 0 0 0 0 0 0 0 62 63 64 66 68 66 79 
0 0 63 62 62 62 63 62 63 64 64 64 64 65 65 65 65 66 66 66 67 67 67 67 68 69 70 70 71 71 68 67 66 64 58 0 0 0 0 0 0 0 0 0 0 0 0 0 0 0 0 0 0 0 0 0 0 0 0 0 0 0 0 0 0 0 0 0 0 71 78 81 83 84 88 88 88 88 88 88 87 80 71 67 59 46 38 0 0 0 0 0 0 0 0 0 0 0 0 0 0 0 0 0 0 0 0 0 0 0 0 0 0 0 0 0 0 0 0 0 0 0 62 76 83 87 87 90 89 85 80 74 71 70 69 70 72 72 71 68 66 65 63 0 0 0 0 0 0 0 0 0 0 0 0 0 0 0 0 0 0 0 0 0 0 0 0 0 0 62 63 64 66 69 71 75 
0 0 62 61 61 61 62 61 62 63 63 63 64 65 66 65 65 65 65 64 65 66 66 66 67 67 69 68 69 69 67 66 66 64 59 0 0 0 0 0 0 0 0 0 0 0 0 0 0 0 0 0 0 0 0 0 0 0 0 0 0 0 0 0 0 0 0 0 0 68 76 79 81 81 85 85 86 86 86 86 85 78 71 67 60 46 0 0 0 0 0 0 0 0 0 0 0 0 0 0 0 0 0 0 0 0 0 0 0 0 0 0 0 0 0 0 0 0 0 0 0 0 62 75 81 85 86 90 89 87 82 77 75 74 72 72 72 72 71 69 66 65 63 60 0 0 0 0 0 0 0 0 0 0 0 0 0 0 0 0 0 0 0 0 0 0 0 0 0 62 63 64 66 69 72 74 
0 0 0 0 0 59 59 59 59 60 61 63 62 64 64 63 62 63 63 62 64 64 65 64 66 65 66 66 67 67 66 65 65 63 0 0 0 0 0 0 0 0 0 0 0 0 0 0 0 0 0 0 0 0 0 0 0 0 0 0 0 0 0 0 0 0 0 0 0 67 75 78 78 78 80 79 78 78 77 76 76 71 67 64 59 46 0 0 0 0 0 0 0 0 0 0 0 0 0 0 0 0 0 0 0 0 0 0 0 0 0 0 0 0 0 0 0 0 0 0 0 0 56 68 74 77 79 84 82 80 78 73 71 70 70 70 72 72 71 69 66 65 63 60 0 0 0 0 0 0 0 0 0 0 0 0 0 0 0 0 0 0 0 0 0 0 0 0 0 61 63 64 66 69 72 75 
0 0 0 0 0 0 0 0 0 0 0 0 0 0 0 0 57 58 59 56 58 58 59 59 61 59 61 61 62 62 63 62 62 61 0 0 0 0 0 0 0 0 0 0 0 0 0 0 0 0 0 0 0 0 0 0 0 0 0 0 0 0 0 0 0 0 0 0 0 0 73 77 76 77 78 76 75 75 74 74 73 69 66 64 59 47 0 0 0 0 0 0 0 0 0 0 0 0 0 0 0 0 0 0 0 0 0 0 0 0 0 0 0 0 0 0 0 0 0 0 0 0 54 66 72 75 76 82 82 80 78 74 71 70 70 70 72 72 71 69 66 65 63 60 0 0 0 0 0 0 0 0 0 0 0 0 0 0 0 0 0 0 0 0 0 0 0 0 61 61 63 64 65 69 72 80 
0 0 0 0 0 0 0 0 0 0 0 0 0 0 0 0 0 0 0 0 0 0 0 0 0 0 0 0 0 53 55 55 0 0 0 0 0 0 0 0 0 0 0 0 0 0 0 0 0 0 0 0 0 0 0 0 0 0 0 0 0 0 0 0 0 0 0 0 0 0 72 75 74 74 74 73 71 70 69 69 68 65 64 62 60 0 0 0 0 0 0 0 0 0 0 0 0 0 0 0 0 0 0 0 0 0 0 0 0 0 0 0 0 0 0 0 0 0 0 0 0 0 0 63 68 71 73 77 78 78 78 76 76 77 78 77 80 79 78 76 71 69 66 62 0 0 0 0 0 0 0 0 0 0 0 0 0 0 0 0 0 0 0 0 0 0 0 0 62 61 63 64 65 68 72 78 
0 0 0 0 0 0 0 0 0 0 0 0 0 0 0 0 0 0 0 0 0 0 0 0 0 0 0 0 0 0 0 0 0 0 0 0 0 0 0 0 0 0 0 0 0 0 0 0 0 0 0 0 0 0 0 0 0 0 0 0 0 0 0 0 0 0 0 0 0 0 0 0 66 67 66 64 62 62 61 61 59 58 57 56 0 0 0 0 0 0 0 0 0 0 0 0 0 0 0 0 0 0 0 0 0 0 0 0 0 0 0 0 0 0 0 0 0 0 0 0 0 0 0 57 62 64 65 69 70 69 71 69 69 71 72 70 74 72 70 70 66 65 0 0 0 0 0 0 0 0 0 0 0 0 0 0 0 0 0 0 0 0 0 0 0 0 0 0 63 62 63 64 66 68 70 79 
0 0 0 0 0 0 0 0 0 0 0 0 0 0 0 0 0 0 0 0 0 0 0 0 0 0 0 0 0 0 0 0 0 0 0 0 0 0 0 0 0 0 0 0 0 0 0 0 0 0 0 0 0 0 0 0 0 0 0 0 0 0 0 0 0 0 0 0 0 0 0 0 0 0 0 0 42 42 42 42 41 41 0 0 0 0 0 0 0 0 0 0 0 0 0 0 0 0 0 0 0 0 0 0 0 0 0 0 0 0 0 0 0 0 0 0 0 0 0 0 0 0 0 0 0 48 49 52 51 50 49 48 0 0 0 0 0 0 0 0 0 0 0 0 0 0 59 59 59 59 59 0 0 0 0 0 0 0 0 0 0 0 0 0 0 0 0 0 62 61 63 64 65 68 71 69 
0 0 0 0 0 0 0 0 0 0 0 0 0 0 0 0 0 0 0 0 0 0 0 0 0 0 0 0 0 0 0 0 0 0 0 0 0 0 0 0 0 0 0 0 0 0 0 0 0 0 0 0 0 0 0 0 0 0 0 0 0 0 0 0 0 0 0 0 0 0 0 0 0 0 0 0 0 0 0 0 0 0 0 0 0 0 0 0 0 0 0 0 0 0 0 0 0 0 0 0 0 0 0 0 0 0 0 0 0 0 0 0 0 0 0 0 0 0 0 0 0 0 0 0 0 0 0 0 0 0 0 0 0 0 0 0 0 0 0 0 0 0 0 0 0 0 59 59 59 59 59 0 0 0 0 0 0 0 0 0 0 0 0 0 0 0 0 0 63 62 62 63 65 67 72 76 
0 0 0 0 0 0 0 0 0 0 0 0 0 0 0 0 0 0 0 0 0 0 0 0 0 0 0 0 0 0 0 0 0 0 0 0 0 0 0 0 0 0 0 0 0 0 0 0 0 0 0 0 0 0 0 0 0 0 0 0 0 0 0 0 0 0 0 0 0 0 0 0 0 0 0 0 0 0 0 0 0 0 0 0 0 0 0 0 0 0 0 0 0 0 0 0 0 0 0 0 0 0 0 0 0 0 0 0 0 0 0 0 0 0 0 0 0 0 0 0 0 0 0 0 0 0 0 0 0 0 0 0 0 0 0 0 0 0 0 0 0 0 0 0 0 0 0 0 0 0 0 0 0 0 0 0 0 0 0 0 0 0 0 0 0 0 0 0 0 61 62 63 65 67 74 79 
0 0 0 0 0 0 0 0 0 0 0 0 0 0 0 0 0 0 0 0 0 0 0 0 0 0 0 0 0 0 0 0 0 0 0 0 0 0 0 0 0 0 0 0 0 0 0 0 0 0 0 0 0 0 0 0 0 0 0 0 0 0 0 0 0 0 0 0 0 0 0 0 0 0 0 0 0 0 0 0 0 0 0 0 0 0 0 0 0 0 0 0 0 0 0 0 0 0 0 0 0 0 0 0 0 0 0 0 0 0 0 0 0 0 0 0 0 0 0 0 0 0 0 0 0 0 0 0 0 0 0 0 0 0 0 0 0 0 0 0 0 0 0 0 0 0 0 0 0 0 0 0 0 0 0 0 0 0 0 0 0 0 0 0 0 0 0 0 0 61 62 63 65 68 70 74 
0 0 0 0 0 0 0 0 0 0 0 0 0 0 0 0 0 0 0 0 0 0 0 0 0 0 0 0 0 0 0 0 0 0 0 0 0 0 0 0 0 0 0 0 0 0 0 0 0 0 0 0 0 0 0 0 0 0 0 0 0 0 0 0 0 0 0 0 0 0 0 0 0 0 0 0 0 0 0 0 0 0 0 0 0 0 0 0 0 0 0 0 0 0 0 0 0 0 0 0 0 0 0 0 0 0 0 0 0 0 0 0 0 0 0 0 0 0 0 0 0 0 0 0 0 0 0 0 0 0 0 0 0 0 0 0 0 0 0 0 0 0 0 0 0 0 0 0 0 0 0 0 0 0 0 0 0 0 0 0 0 0 0 0 0 0 0 0 0 60 61 64 66 69 71 76 
0 0 0 0 0 0 0 0 0 0 0 0 0 0 0 0 0 0 0 0 0 0 0 0 0 0 0 0 0 0 0 0 0 0 0 0 0 0 0 0 0 0 0 0 0 0 0 0 0 0 0 0 0 0 0 0 0 0 0 0 0 0 0 0 0 0 0 0 0 0 0 0 0 0 0 0 0 0 0 0 0 0 0 0 0 0 0 0 0 0 0 0 0 0 0 0 0 0 0 0 0 0 0 0 0 0 0 0 0 0 0 0 0 0 0 0 0 0 0 0 0 0 0 0 0 0 0 0 0 0 0 0 0 0 0 0 0 0 0 0 0 0 0 0 0 0 0 0 0 0 0 0 0 0 0 0 0 0 0 0 0 0 0 0 0 0 0 0 0 0 61 64 67 69 76 75 
0 0 0 0 0 0 0 0 0 0 0 0 0 0 0 0 0 0 0 0 0 0 0 0 0 0 0 0 0 0 0 0 0 0 0 0 0 0 0 0 0 0 0 0 0 0 0 0 0 0 0 0 0 0 0 0 0 0 0 0 0 0 0 0 0 0 0 0 0 0 0 0 0 0 0 0 0 0 0 0 0 0 0 0 0 0 0 0 0 0 0 0 0 0 0 0 0 0 0 0 0 0 0 0 0 0 0 0 0 0 0 0 0 0 0 0 0 0 0 0 0 0 0 0 0 0 0 0 0 0 0 0 0 0 0 0 0 0 0 0 0 0 0 0 0 0 0 0 0 0 0 0 0 0 0 0 0 0 0 0 0 0 0 0 0 0 0 0 0 0 61 64 68 70 75 74 
0 0 0 0 0 0 0 0 0 0 0 0 0 0 0 0 0 0 0 0 0 0 0 0 0 0 0 0 0 0 0 0 0 0 0 0 0 0 0 0 0 0 0 0 0 0 0 0 0 0 0 0 0 0 0 0 0 0 0 0 0 0 0 0 0 0 0 0 0 0 0 0 0 0 0 0 0 0 0 0 0 0 0 0 0 0 0 0 0 0 0 0 0 0 0 0 0 0 0 0 0 0 0 0 0 0 0 0 0 0 0 0 0 0 0 0 0 0 0 0 0 0 0 0 0 0 0 0 0 0 0 0 0 0 0 0 0 0 0 0 0 0 0 0 0 0 0 0 0 0 0 0 0 0 0 0 0 0 0 0 0 0 0 0 0 0 0 0 0 0 0 65 69 72 76 69 
0 0 0 0 0 0 0 0 0 0 0 0 0 0 0 0 0 0 0 0 0 0 0 0 0 0 0 0 0 0 0 0 0 0 0 0 0 0 0 0 0 0 0 0 0 0 0 0 0 0 0 0 0 0 0 0 0 0 0 0 0 0 0 0 0 0 0 0 0 0 0 0 0 0 0 0 0 0 0 0 0 0 0 0 0 0 0 0 0 0 0 0 0 0 0 0 0 0 0 0 0 0 0 0 0 0 0 0 0 0 0 0 0 0 0 0 0 0 0 0 0 0 0 0 0 0 0 0 0 0 0 0 0 0 0 0 0 0 0 0 0 0 0 0 0 0 0 0 0 0 0 0 0 0 0 0 0 0 0 0 0 0 0 0 0 0 0 0 0 0 0 0 0 73 0 0 
0 0 0 0 0 0 0 0 0 0 0 0 0 0 0 0 0 0 0 0 0 0 0 0 0 0 0 0 0 0 0 0 0 0 0 0 0 0 0 0 0 0 0 0 0 0 0 0 0 0 0 0 0 0 0 0 0 0 0 0 0 0 0 0 0 0 0 0 0 0 0 0 0 0 0 0 0 0 0 0 0 0 0 0 0 0 0 0 0 0 0 0 0 0 0 0 0 0 0 0 0 0 0 0 0 0 0 0 0 0 0 0 0 0 0 0 0 0 0 0 0 0 0 0 0 0 0 0 0 0 0 0 0 0 0 0 0 0 0 0 0 0 0 0 0 0 0 0 0 0 0 0 0 0 0 0 0 0 0 0 0 0 0 0 0 0 0 0 0 0 0 0 0 0 0 0 
0 0 0 0 0 0 0 0 0 0 0 0 0 0 0 0 0 0 0 0 0 0 0 0 0 0 0 0 0 0 0 0 0 0 0 0 0 0 0 0 0 0 0 0 0 0 0 0 0 0 0 0 0 0 0 0 0 0 0 0 0 0 0 0 0 0 0 0 0 0 0 0 0 0 0 0 0 0 0 0 0 0 0 0 0 0 0 0 0 0 0 0 0 0 0 0 0 0 0 0 0 0 0 0 0 0 0 0 0 0 0 0 0 0 0 0 0 0 0 0 0 0 0 0 0 0 0 0 0 0 0 0 0 0 0 0 0 0 0 0 0 0 0 0 0 0 0 0 0 0 0 0 0 0 0 0 0 0 0 0 0 0 0 0 0 0 0 0 0 0 0 0 0 0 0 0 
0 0 0 0 0 0 0 0 0 0 0 0 0 0 0 0 0 0 0 0 0 0 0 0 0 0 0 0 0 0 0 0 0 0 0 0 0 0 0 0 0 0 0 0 0 0 0 0 0 0 0 0 0 0 0 0 0 0 0 0 0 0 0 0 0 0 0 0 0 0 0 0 0 0 0 0 0 0 0 0 0 0 0 0 0 0 0 0 0 0 0 0 0 0 0 0 0 0 0 0 0 0 0 0 0 0 0 0 0 0 0 0 0 0 0 0 0 0 0 0 0 0 0 0 0 0 0 0 0 0 0 0 0 0 0 0 0 0 0 0 0 0 0 0 0 0 0 0 0 0 0 0 0 0 0 0 0 0 0 0 0 0 0 0 0 0 0 0 0 0 0 0 0 0 0 0 
0 0 0 0 0 0 0 0 0 0 0 0 0 0 0 0 0 0 0 0 0 0 0 0 0 0 0 0 0 0 0 0 0 0 0 0 0 0 0 0 0 0 0 0 0 0 0 0 0 0 0 0 0 0 0 0 0 0 0 0 0 0 0 0 0 0 0 0 0 0 0 0 0 0 0 0 0 0 0 0 0 0 0 0 0 0 0 0 0 0 0 0 0 0 0 0 0 0 0 0 0 0 0 0 0 0 0 0 0 0 0 0 0 0 0 0 0 0 0 0 0 0 0 0 0 0 0 0 0 0 0 0 0 0 0 0 0 0 0 0 0 0 0 0 0 0 0 0 0 0 0 0 0 0 0 0 0 0 0 0 0 0 0 0 0 0 0 0 0 0 0 0 0 0 0 0 
0 0 0 0 0 0 0 0 0 0 0 0 0 0 0 0 0 0 0 0 0 0 0 0 0 0 0 0 0 0 0 0 0 0 0 0 0 0 0 0 0 0 0 0 0 0 0 0 0 0 0 0 0 0 0 0 0 0 0 0 0 0 0 0 0 0 0 0 0 0 0 0 0 0 0 0 0 0 0 0 0 0 0 0 0 0 0 0 0 0 0 0 0 0 0 0 0 0 0 0 0 0 0 0 0 0 0 0 0 0 0 0 0 0 0 0 0 0 0 0 0 0 0 0 0 0 0 0 0 0 0 0 0 0 0 0 0 0 0 0 0 0 0 0 0 0 0 0 0 0 0 0 0 0 0 0 0 0 0 0 0 0 0 0 0 0 0 0 0 0 0 0 0 0 0 0 
0 0 0 0 0 0 0 0 0 0 0 0 0 0 0 0 0 0 0 0 0 0 0 0 0 0 0 0 0 0 0 0 0 0 0 0 0 0 0 0 0 0 0 0 0 0 0 0 0 0 0 0 0 0 0 0 0 0 0 0 0 0 0 0 0 0 0 0 0 0 0 0 0 0 0 0 0 0 0 0 0 0 0 0 0 0 0 0 0 0 0 0 0 0 0 0 0 0 0 0 0 0 0 0 0 0 0 0 0 0 0 0 0 0 0 0 0 0 0 0 0 0 0 0 0 0 0 0 0 0 0 0 0 0 0 0 0 0 0 0 0 0 0 0 0 0 0 0 0 0 0 0 0 0 0 0 0 0 0 0 0 0 0 0 0 0 0 0 0 0 0 0 0 0 0 0 
0 0 0 0 0 0 0 0 0 0 0 0 0 0 0 0 0 0 0 0 0 0 0 0 0 0 0 0 0 0 0 0 0 0 0 0 0 0 0 0 0 0 0 0 0 0 0 0 0 0 0 0 0 0 0 0 0 0 0 0 0 0 0 0 0 0 0 0 0 0 0 0 0 0 0 0 0 0 0 0 0 0 0 0 0 0 0 0 0 0 0 0 0 0 0 0 0 0 0 0 0 0 0 0 0 0 0 0 0 0 0 0 0 0 0 0 0 0 0 0 0 0 0 0 0 0 0 0 0 0 0 0 0 0 0 0 0 0 0 0 0 0 0 0 0 0 0 0 0 0 0 0 0 0 0 0 0 0 0 0 0 0 0 0 0 0 0 0 0 0 0 0 0 0 0 0 
0 0 0 0 0 0 0 0 0 0 0 0 0 0 0 0 0 0 0 0 0 0 0 0 0 0 0 0 0 0 0 0 0 0 0 0 0 0 0 0 0 0 0 0 0 0 0 0 0 0 0 0 0 0 0 0 0 0 0 0 0 0 0 0 0 0 0 0 0 0 0 0 0 0 0 0 0 0 0 0 0 0 0 0 0 0 0 0 0 0 0 0 0 0 0 0 0 0 0 0 0 0 0 0 0 0 0 0 0 0 0 0 0 0 0 0 0 0 0 0 0 0 0 0 0 0 0 0 0 0 0 0 0 0 0 0 0 0 0 0 0 0 0 0 0 0 0 0 0 0 0 0 0 0 0 0 0 0 0 0 0 0 0 0 0 0 0 0 0 0 0 0 0 0 0 0 
0 0 0 0 0 0 0 0 0 0 0 0 0 0 0 0 0 0 0 0 0 0 0 0 0 0 0 0 0 0 0 0 0 0 0 0 0 0 0 0 0 0 0 0 0 0 0 0 0 0 0 0 0 0 0 0 0 0 0 0 0 0 0 0 0 0 0 0 0 0 0 0 0 0 0 0 0 0 0 0 0 0 0 0 0 0 0 0 0 0 0 0 0 0 0 0 0 0 0 0 0 0 0 0 0 0 0 0 0 0 0 0 0 0 0 0 0 0 0 0 0 0 0 0 0 0 0 0 0 0 0 0 0 0 0 0 0 0 0 0 0 0 0 0 0 0 0 0 0 0 0 0 0 0 0 0 0 0 0 0 0 0 0 0 0 0 0 0 0 0 0 0 0 0 0 0 
0 0 0 0 0 0 0 0 0 0 0 0 0 0 0 0 0 0 0 0 0 0 0 0 0 0 0 0 0 0 0 0 0 0 0 0 0 0 0 0 0 0 0 0 0 0 0 0 0 0 0 0 0 0 0 0 0 0 0 0 0 0 0 0 0 0 0 0 0 0 0 0 0 0 0 0 0 0 0 0 0 0 0 0 0 0 0 0 0 0 0 0 0 0 0 0 0 0 0 0 0 0 0 0 0 0 0 0 0 0 0 0 0 0 0 0 0 0 0 0 0 0 0 0 0 0 0 0 0 0 0 0 0 0 0 0 0 0 0 0 0 0 0 0 0 0 0 0 0 0 0 0 0 0 0 0 0 0 0 0 0 0 0 0 0 0 0 0 0 0 0 0 0 0 0 0 
0 0 0 0 0 0 0 0 0 0 0 0 0 0 0 0 0 0 0 0 0 0 0 0 0 0 0 0 0 0 0 0 0 0 0 0 0 0 0 0 0 0 0 0 0 0 0 0 0 0 0 0 0 0 0 0 0 0 0 0 0 0 0 0 0 0 0 0 0 0 0 0 0 0 0 0 0 0 0 0 0 0 0 0 0 0 0 0 0 0 0 0 0 0 0 0 0 0 0 0 0 0 0 0 0 0 0 0 0 0 0 0 0 0 0 0 0 0 0 0 0 0 0 0 0 0 0 0 0 0 0 0 0 0 0 0 0 0 0 0 0 0 0 0 0 0 0 0 0 0 0 0 0 0 0 0 0 0 0 0 0 0 0 0 0 0 0 0 0 0 0 0 0 0 0 68 
0 0 0 0 0 0 0 0 0 0 0 0 0 0 0 0 0 0 0 0 0 0 0 0 0 0 0 0 0 0 0 0 0 0 0 0 0 0 0 0 0 0 0 0 0 0 0 0 0 0 0 0 0 0 0 0 0 0 0 0 0 0 0 0 0 0 0 0 0 0 0 0 0 0 0 0 0 0 0 0 0 0 0 0 0 0 0 0 0 0 0 0 0 0 0 0 0 0 0 0 0 0 0 0 0 0 0 0 0 0 0 0 0 0 0 0 0 0 0 0 0 0 0 0 0 0 0 0 0 0 0 0 0 0 0 0 0 0 0 0 0 0 0 0 0 0 0 0 0 0 0 0 0 0 0 0 0 0 0 0 0 0 0 0 0 0 0 0 0 0 0 0 0 0 0 74 
0 0 0 0 0 0 0 0 0 0 0 0 0 0 0 0 0 0 0 0 0 0 0 0 0 0 0 0 0 0 0 0 0 0 0 0 0 0 0 0 0 0 0 0 0 0 0 0 0 0 0 0 0 0 0 0 0 0 0 0 0 0 0 0 0 0 0 0 0 0 0 0 0 0 0 0 0 0 0 0 0 0 0 0 0 0 0 0 0 0 0 0 0 0 0 0 0 0 0 0 0 0 0 0 0 0 0 0 0 0 0 0 0 0 0 0 0 0 0 0 0 0 0 0 0 0 0 0 0 0 0 0 0 0 0 0 0 0 0 0 0 0 0 0 0 0 0 0 0 0 0 0 0 0 0 0 0 0 0 0 0 0 0 0 0 0 0 0 0 0 0 0 0 0 0 0 
0 0 0 0 0 0 0 0 0 0 0 0 0 0 0 0 0 0 0 0 0 0 0 0 0 0 0 0 0 0 0 0 0 0 0 0 0 0 0 0 0 0 0 0 0 0 0 0 0 0 0 0 0 0 0 0 0 0 0 0 0 0 0 0 0 0 0 0 0 0 0 0 0 0 0 0 0 0 0 0 0 0 0 0 0 0 0 0 0 0 0 0 0 0 0 0 0 0 0 0 0 0 0 0 0 0 0 0 0 0 0 0 0 0 0 0 0 0 0 0 0 0 0 0 0 0 0 0 0 0 0 0 0 0 0 0 0 0 0 0 0 0 0 0 0 0 0 0 0 0 0 0 0 0 0 0 0 0 0 0 0 0 0 0 0 0 0 0 0 0 0 0 0 0 0 0 
0 0 0 0 0 0 0 0 0 0 0 0 0 0 0 0 0 0 0 0 0 0 0 0 0 0 0 0 0 0 0 0 0 0 0 0 0 0 0 0 0 0 0 0 0 0 0 0 0 0 0 0 0 0 0 0 0 0 0 0 0 0 0 0 0 0 0 0 0 0 0 0 0 0 0 0 0 0 0 0 0 0 0 0 0 0 0 0 0 0 0 0 0 0 0 0 0 0 0 0 0 0 0 0 0 0 0 0 0 0 0 0 0 0 0 0 0 0 0 0 0 0 0 0 0 0 0 0 0 0 0 0 0 0 0 0 0 0 0 0 0 0 0 0 0 0 0 0 0 0 0 0 0 0 0 0 0 0 0 0 0 0 0 0 0 0 0 0 0 0 0 0 0 0 0 0 
0 0 0 0 0 0 0 0 0 0 0 0 0 0 0 0 0 0 0 0 0 0 0 0 0 0 0 0 0 0 0 0 0 0 0 0 0 0 0 0 0 0 0 0 0 0 0 0 0 0 0 0 0 0 0 0 0 0 0 0 0 0 0 0 0 0 0 0 0 0 0 0 0 0 0 0 0 0 0 0 0 0 0 0 0 0 0 0 0 0 0 0 0 0 0 0 0 0 0 0 0 0 0 0 0 0 0 0 0 0 0 0 0 0 0 0 0 0 0 0 0 0 0 0 0 0 0 0 0 0 0 0 0 0 0 0 0 0 0 0 0 0 0 0 0 0 0 0 0 0 0 0 0 0 0 0 0 0 0 0 0 0 0 0 0 0 0 0 0 0 0 0 0 0 0 0 
0 0 0 0 0 0 0 0 0 0 0 0 0 0 0 0 0 0 0 0 0 0 0 0 0 0 0 0 0 0 0 0 0 0 0 0 0 0 0 0 0 0 0 0 0 0 0 0 0 0 0 0 0 0 0 0 0 0 0 0 0 0 0 0 0 0 0 0 0 0 0 0 0 0 0 0 0 0 0 0 0 0 0 0 0 0 0 0 0 0 0 0 0 0 0 0 0 0 0 0 0 0 0 0 0 0 0 0 0 0 0 0 0 0 0 0 0 0 0 0 0 0 0 0 0 0 0 0 0 0 0 0 0 0 0 0 0 0 0 0 0 0 0 0 0 0 0 0 0 0 0 0 0 0 0 0 0 0 0 0 0 0 0 0 0 0 0 0 0 0 0 0 0 0 0 0 
0 0 0 0 0 0 0 0 0 0 0 0 0 0 0 0 0 0 0 0 0 0 0 0 0 0 0 0 0 0 0 0 0 0 0 0 0 0 0 0 0 0 0 0 0 0 0 0 0 0 0 0 0 0 0 0 0 0 0 0 0 0 0 0 0 0 0 0 0 0 0 0 0 0 0 0 0 0 0 0 0 0 0 0 0 0 0 0 0 0 0 0 0 0 0 0 0 0 0 0 0 0 0 0 0 0 0 0 0 0 0 0 0 0 0 0 0 0 0 0 0 0 0 0 0 0 0 0 0 0 0 0 0 0 0 0 0 0 0 0 0 0 0 0 0 0 0 0 0 0 0 0 0 0 0 0 0 0 0 0 0 0 0 0 0 0 0 0 0 0 0 0 0 0 0 0 
0 0 0 0 0 0 0 0 0 0 0 0 0 0 0 0 0 0 0 0 0 0 0 0 0 0 0 0 0 0 0 0 0 0 0 0 0 0 0 0 0 0 0 0 0 0 0 0 0 0 0 0 0 0 0 0 0 0 0 0 0 0 0 0 0 0 0 0 0 0 0 0 0 0 0 0 0 0 0 0 0 0 0 0 0 0 0 0 0 0 0 0 0 0 0 0 0 0 0 0 0 0 0 0 0 0 0 0 0 0 0 0 0 0 0 0 0 0 0 0 0 0 0 0 0 0 0 0 0 0 0 0 0 0 0 0 0 0 0 0 0 0 0 0 0 0 0 0 0 0 0 0 0 0 0 0 0 0 0 0 0 0 0 0 0 0 0 0 0 0 0 0 0 0 0 0 
0 0 0 0 0 0 0 0 0 0 0 0 0 0 0 0 0 0 0 0 0 0 0 0 0 0 0 0 0 0 0 0 0 0 0 0 0 0 0 0 0 0 0 0 0 0 0 0 0 0 0 0 0 0 0 0 0 0 0 0 0 0 0 0 0 0 0 0 0 0 0 0 0 0 0 0 0 0 0 0 0 0 0 0 0 0 0 0 0 0 0 0 0 0 0 0 0 0 0 0 0 0 0 0 0 0 0 0 0 0 0 0 0 0 0 0 0 0 0 0 0 0 0 0 0 0 0 0 0 0 0 0 0 0 0 0 0 0 0 0 0 0 0 0 0 0 0 0 0 0 0 0 0 0 0 0 0 0 0 0 0 0 0 0 0 0 0 0 0 0 0 0 0 0 0 0 
0 0 0 0 0 0 0 0 0 0 0 0 0 0 0 0 0 0 0 0 0 0 0 0 0 0 0 0 0 0 0 0 0 0 0 0 0 0 0 0 0 0 0 0 0 0 0 0 0 0 0 0 0 0 0 0 0 0 0 0 0 0 0 0 0 0 0 0 0 0 0 0 0 0 0 0 0 0 0 0 0 0 0 0 0 0 0 0 0 0 0 0 0 0 0 0 0 0 0 0 0 0 0 0 0 0 0 0 0 0 0 0 0 0 0 0 0 0 0 0 0 0 0 0 0 0 0 0 0 0 0 0 0 0 0 0 0 0 0 0 0 0 0 0 0 0 0 0 0 0 0 0 0 0 0 0 0 0 0 0 0 0 0 0 0 0 0 0 0 0 0 0 0 0 0 0 
0 0 0 0 0 0 0 0 0 0 0 0 0 0 0 0 0 0 0 0 0 0 0 0 0 0 0 0 0 0 0 0 0 0 0 0 0 0 0 0 0 0 0 0 0 0 0 0 0 0 0 0 0 0 0 0 0 0 0 0 0 0 0 0 0 0 0 0 0 0 0 0 0 0 0 0 0 0 0 0 0 0 0 0 0 0 0 0 0 0 0 0 0 0 0 0 0 0 0 0 0 0 0 0 0 0 0 0 0 0 0 0 0 0 0 0 0 0 0 0 0 0 0 0 0 0 0 0 0 0 0 0 0 0 0 0 0 0 0 0 0 0 0 0 0 0 0 0 0 0 0 0 0 0 0 0 0 0 0 0 0 0 0 0 0 0 0 0 0 0 0 0 0 0 0 0 
0 0 0 0 0 0 0 0 0 0 0 0 0 0 0 0 0 0 0 0 0 0 0 0 0 0 0 0 0 0 0 0 0 0 0 0 0 0 0 0 0 0 0 0 0 0 0 0 0 0 0 0 0 0 0 0 0 0 0 0 0 0 0 0 0 0 0 0 0 0 0 0 0 0 0 0 0 0 0 0 0 0 0 0 0 0 0 0 0 0 0 0 0 0 0 0 0 0 0 0 0 0 0 0 0 0 0 0 0 0 0 0 0 0 0 0 0 0 0 0 0 0 0 0 0 0 0 0 0 0 0 0 0 0 0 0 0 0 0 0 0 0 0 0 0 0 0 0 0 0 0 0 0 0 0 0 0 0 0 0 0 0 0 0 0 0 0 0 0 0 0 0 0 0 0 0 
0 0 0 0 0 0 0 0 0 0 0 0 0 0 0 0 0 0 0 0 0 0 0 0 0 0 0 0 0 0 0 0 0 0 0 0 0 0 0 0 0 0 0 0 0 0 0 0 0 0 0 0 0 0 0 0 0 0 0 0 0 0 0 0 0 0 0 0 0 0 0 0 0 0 0 0 0 0 0 0 0 0 0 0 0 0 0 0 0 0 0 0 0 0 0 0 0 0 0 0 0 0 0 0 0 0 0 0 0 0 0 0 0 0 0 0 0 0 0 0 0 0 0 0 0 0 0 0 0 0 0 0 0 0 0 0 0 0 0 0 0 0 0 0 0 0 0 0 0 0 0 0 0 0 0 0 0 0 0 0 0 0 0 0 0 0 0 0 0 0 0 0 0 0 0 0 
0 0 0 0 0 0 0 0 0 0 0 0 0 0 0 0 0 0 0 0 0 0 0 0 0 0 0 0 0 0 0 0 0 0 0 0 0 0 0 0 0 0 0 0 0 0 0 0 0 0 0 0 0 0 0 0 0 0 0 0 0 0 0 0 0 0 0 0 0 0 0 0 0 0 0 0 0 0 0 0 0 0 0 0 0 0 0 0 0 0 0 0 0 0 0 0 0 0 0 0 0 0 0 0 0 0 0 0 0 0 0 0 0 0 0 0 0 0 0 0 0 0 0 0 0 0 0 0 0 0 0 0 0 0 0 0 0 0 0 0 0 0 0 0 0 0 0 0 0 0 0 0 0 0 0 0 0 0 0 0 0 0 0 0 0 0 0 0 0 0 0 0 0 0 0 0 
