90 86 94 90 86 88 92 92 89 84 87 79 80 85 90 87 88 78 82 88 85 79 80 77 78 81 87 84 84 81 85 88 89 89 82 78 75 70 76 76 79 76 79 84 77 83 81 77 82 80 80 82 77 78 79 81 80 78 83 80 80 78 68 63 71 79 79 82 83 82 81 83 81 78 75 79 76 79 81 85 84 80 82 80 82 86 80 76 73 69 78 83 87 79 83 79 82 81 84 81 77 78 79 86 79 82 80 77 83 84 86 82 89 83 66 77 86 82 84 86 87 88 88 90 90 95 97 90 89 86 86 92 94 90 97 98 94 92 94 82 82 94 97 99 103 99 102 104 105 97 104 101 104 104 106 111 110 112 101 83 74 78 72 84 83 79 80 76 81 89 86 96 94 93 95 112 
86 90 88 85 85 83 86 91 86 87 77 76 84 76 72 81 77 76 74 83 82 84 89 85 85 86 86 80 82 82 91 81 82 84 79 81 84 74 65 84 80 80 78 79 77 78 82 71 76 73 76 76 77 75 76 79 76 79 78 81 77 78 76 63 68 73 78 77 77 79 79 78 78 81 80 72 80 76 81 79 85 78 81 79 86 81 77 84 74 69 74 87 83 78 79 81 76 82 80 83 80 85 82 81 81 84 80 84 81 81 86 77 78 79 65 77 86 82 80 88 84 92 88 91 91 92 90 90 89 91 90 94 96 87 91 99 88 94 86 84 87 97 95 93 101 96 100 95 98 101 103 101 108 113 115 115 108 102 84 84 85 77 88 83 82 81 75 80 78 81 88 89 95 96 106 106 
83 91 85 84 84 84 84 84 84 83 82 82 81 80 80 79 79 80 81 81 82 82 82 82 82 82 82 81 82 82 82 83 83 82 81 79 77 76 75 74 75 75 76 77 78 77 77 77 77 77 77 77 77 77 77 76 77 78 77 78 77 75 73 72 72 73 75 77 78 78 78 78 78 77 77 77 78 78 79 80 80 80 80 80 80 80 79 76 76 76 76 77 79 80 79 79 79 79 79 80 80 80 80 80 81 80 80 81 82 82 82 81 79 78 79 79 80 83 84 84 85 86 87 88 88 88 88 88 88 89 90 90 91 92 92 91 91 89 88 89 90 92 95 96 97 98 98 98 100 100 101 103 104 104 102 100 95 90 86 82 80 79 79 79 78 78 78 79 81 83 85 88 92 95 95 103 
92 81 84 83 83 83 82 82 81 81 81 81 80 79 78 77 77 78 79 80 81 81 82 82 81 81 80 80 81 81 81 81 81 80 79 79 77 76 75 74 74 74 74 75 76 76 76 76 76 75 76 76 75 76 76 75 75 76 76 76 76 75 74 72 73 73 74 76 77 77 78 78 79 79 79 79 80 80 81 81 81 82 82 82 82 83 82 80 80 80 80 80 82 82 82 82 81 81 81 82 83 83 83 83 83 83 83 83 84 84 83 82 80 80 81 81 82 84 84 84 85 85 86 87 87 87 87 87 87 88 89 89 90 90 90 90 89 88 88 88 90 92 93 94 95 96 97 98 99 100 101 102 103 101 98 94 89 85 81 80 79 78 77 77 77 77 78 78 80 81 84 86 90 94 99 98 
76 77 82 82 82 82 81 80 80 80 79 80 80 79 78 77 77 77 78 78 79 80 80 80 79 79 79 79 79 80 79 79 79 78 78 77 77 76 75 73 72 72 73 73 74 75 75 75 75 74 75 75 75 75 75 75 75 76 76 77 78 78 77 77 77 78 79 80 81 81 82 82 83 83 83 84 84 85 85 86 86 87 86 86 86 87 86 85 86 85 85 86 87 87 87 87 86 86 86 87 87 87 87 87 87 88 88 89 89 89 89 88 87 87 87 87 89 90 89 89 90 89 90 90 90 90 89 89 89 90 90 90 90 90 90 89 88 87 88 89 90 91 92 93 93 94 95 96 98 99 100 101 99 96 92 88 83 80 78 78 77 76 76 75 74 75 77 78 79 81 83 85 88 92 97 101 
79 80 80 81 81 81 80 80 79 79 79 79 79 78 78 77 75 75 75 76 77 78 78 78 77 77 77 77 77 78 78 77 77 76 76 76 75 75 74 73 72 72 72 73 75 76 76 76 77 77 77 78 78 79 79 79 79 80 80 81 82 82 82 82 83 83 83 84 85 86 86 86 87 87 87 87 88 88 89 90 90 91 91 91 91 92 91 91 91 91 90 91 91 91 91 91 91 91 91 91 92 92 92 92 92 92 92 93 94 94 94 94 93 93 93 93 94 94 94 94 94 94 95 94 95 94 94 94 94 94 94 94 94 94 94 93 92 92 92 92 93 94 94 94 94 95 95 97 97 99 99 99 97 93 88 83 79 78 77 76 75 75 73 73 72 72 73 74 77 78 81 83 87 90 98 102 
81 78 79 80 80 81 80 79 78 77 76 76 76 77 77 75 74 74 73 73 74 75 75 75 75 75 75 76 76 76 76 76 75 75 75 76 76 77 77 76 76 76 76 77 79 79 79 80 80 80 81 82 82 82 82 82 83 83 84 85 87 87 87 87 88 88 88 89 90 90 90 90 90 90 91 91 92 93 93 94 95 96 95 96 96 97 96 97 97 96 96 96 96 96 96 96 96 96 96 96 96 96 96 97 97 97 97 98 98 99 99 99 99 99 99 99 99 99 99 98 99 99 99 99 99 99 99 99 98 98 98 98 98 98 98 97 97 97 97 97 98 98 98 98 97 98 98 100 101 103 103 101 96 91 85 80 77 76 75 75 74 73 72 70 69 0 0 0 77 78 80 82 86 90 95 96 
77 81 78 79 79 79 79 78 77 76 75 75 75 76 76 74 73 72 71 71 71 72 73 74 74 74 75 76 76 77 77 77 78 77 77 78 79 79 80 80 80 80 81 81 83 83 83 84 84 84 85 86 86 86 86 86 87 88 88 89 90 91 92 92 93 93 93 94 95 95 95 95 96 96 96 96 97 98 98 98 99 100 100 100 101 101 101 102 102 101 101 101 101 101 101 101 101 101 101 101 101 101 101 102 102 102 102 103 103 104 104 104 105 104 104 104 105 104 104 104 104 103 104 104 104 104 104 103 103 103 102 103 102 102 102 102 102 102 102 102 102 101 101 100 101 101 103 104 106 107 107 103 97 91 84 79 76 75 74 73 72 72 71 69 0 0 0 0 76 77 79 81 84 88 95 91 
69 80 77 77 77 78 77 77 76 75 74 74 74 74 74 73 73 72 71 71 71 72 73 74 74 75 76 78 78 79 79 80 80 80 80 82 82 83 84 84 84 84 84 85 86 87 87 87 88 88 89 90 90 90 90 90 91 92 92 94 95 96 97 97 98 98 98 98 98 99 99 99 99 99 99 99 99 100 100 100 101 101 102 102 102 103 103 102 103 102 102 102 103 102 103 103 102 103 103 102 103 103 103 104 104 104 104 105 105 106 107 107 108 108 107 107 108 107 107 107 108 108 108 108 109 109 108 108 108 108 108 108 108 108 107 107 107 107 107 107 107 106 105 105 105 105 106 108 110 112 111 107 100 93 85 79 75 73 73 72 70 71 71 0 0 0 0 0 75 76 77 80 83 87 97 101 
68 76 76 77 76 76 76 75 74 74 74 73 73 74 74 74 74 73 73 73 73 73 75 75 76 77 79 79 80 81 81 82 82 83 84 85 86 87 87 87 87 87 88 89 91 91 92 92 93 93 93 94 94 94 94 94 94 95 95 96 97 97 98 98 98 98 98 98 98 98 98 98 98 98 98 98 98 99 99 99 100 100 101 101 102 102 102 102 101 101 101 101 102 101 101 102 102 102 102 102 103 103 104 104 104 104 104 104 104 105 106 106 107 107 106 107 107 107 107 107 108 108 108 109 110 110 110 110 110 110 110 110 111 111 111 111 111 112 111 111 111 110 109 109 109 109 111 113 115 116 116 111 103 95 86 78 75 72 71 69 68 69 0 0 0 0 0 0 71 73 76 78 81 86 88 99 
0 74 74 75 75 75 75 75 74 74 74 75 75 75 75 75 75 76 76 76 76 76 77 78 79 80 82 82 83 84 84 85 85 86 87 89 90 91 91 91 91 90 91 91 92 93 93 93 94 93 93 94 94 94 94 94 94 94 95 95 96 97 96 97 97 97 96 97 96 96 96 96 96 97 97 98 98 99 98 99 99 100 100 100 100 100 100 100 99 99 99 100 100 100 100 100 100 100 100 100 100 101 101 102 102 102 102 102 103 103 104 103 104 104 104 104 105 105 106 106 107 106 107 108 108 109 109 109 109 109 109 109 110 110 110 110 111 111 111 112 112 111 111 111 111 112 113 115 117 120 120 115 106 97 87 78 74 71 69 67 65 0 0 0 0 0 0 0 70 72 75 77 80 85 91 96 
71 76 74 74 75 76 75 76 76 76 76 77 77 77 77 77 78 78 79 79 79 79 80 81 82 83 85 86 86 87 87 88 88 89 90 91 91 91 91 91 91 90 90 91 91 92 92 92 92 92 92 92 93 93 92 92 92 92 92 92 92 93 92 92 92 92 92 92 92 92 92 92 93 94 95 96 97 98 98 98 98 99 99 99 98 96 95 93 93 93 93 94 93 93 93 93 93 93 93 93 94 94 94 95 96 96 96 97 97 98 98 98 98 98 99 99 99 100 100 100 101 101 102 103 105 106 107 108 108 109 108 108 109 109 109 109 110 110 110 111 110 110 110 110 110 111 112 114 116 119 120 116 108 98 89 79 73 70 67 65 0 0 0 0 0 0 0 0 69 72 74 77 79 84 90 98 
79 71 75 76 76 77 77 77 77 77 77 78 78 78 79 79 80 80 81 82 83 83 84 84 84 85 87 87 87 88 87 87 87 88 89 90 90 91 90 89 89 88 87 88 88 88 88 88 87 87 86 86 87 87 86 85 85 86 87 89 91 92 91 90 90 90 90 90 90 91 90 89 90 92 93 95 97 98 97 98 98 99 98 97 96 94 92 90 91 91 92 92 92 91 91 90 90 91 91 91 91 92 92 93 93 94 94 95 96 96 96 96 96 96 97 97 97 98 98 98 99 100 98 99 101 102 104 107 108 108 108 108 108 108 108 108 108 109 109 110 109 109 109 109 109 110 110 112 114 116 118 115 107 99 90 80 73 70 67 0 0 0 0 0 0 0 0 0 67 71 74 77 79 83 79 93 
66 72 77 77 78 78 78 79 78 78 79 80 80 81 81 81 81 82 82 83 84 84 84 85 85 85 86 87 87 87 87 86 87 88 87 87 87 86 85 84 83 81 81 82 83 85 87 86 86 85 85 85 85 85 84 83 83 84 85 87 90 90 89 88 87 87 87 88 88 88 87 85 87 89 91 93 96 97 97 98 98 98 98 95 94 91 88 86 87 87 88 88 88 88 87 87 87 87 88 87 88 88 88 89 90 91 91 92 93 93 93 94 93 93 94 94 95 95 96 96 96 97 95 95 98 100 102 105 107 108 108 108 108 108 107 107 108 108 108 109 109 108 108 108 108 108 109 111 112 114 116 113 105 98 90 79 71 69 0 0 0 0 0 0 0 0 0 0 68 71 74 76 79 82 93 91 
83 84 77 78 79 79 79 81 81 81 81 82 82 82 82 82 82 82 82 83 83 83 84 84 84 84 85 86 86 86 86 86 87 86 86 86 85 84 84 83 81 80 80 81 81 83 85 84 83 83 82 82 83 82 81 79 79 80 82 84 88 88 86 84 83 83 83 83 84 85 84 80 83 87 89 91 96 97 97 97 98 98 97 94 92 89 84 80 82 82 83 83 82 82 81 80 81 81 81 81 81 81 80 81 83 85 85 86 87 87 87 88 87 87 89 89 89 90 90 90 91 92 89 89 93 97 99 103 107 108 107 107 107 107 107 107 107 107 107 107 107 107 108 108 107 108 108 109 110 112 114 112 104 98 92 82 71 0 0 0 0 0 0 0 0 0 0 0 0 71 73 76 78 81 87 92 
90 82 79 79 80 80 80 81 80 80 80 81 81 81 82 82 82 82 82 82 83 83 83 83 83 84 85 85 85 86 86 86 86 85 85 84 83 82 81 80 78 77 76 77 78 79 81 80 79 78 77 77 77 76 74 72 71 71 73 76 81 80 78 74 72 72 73 74 77 79 77 73 79 84 87 89 95 97 96 97 97 97 97 92 90 87 80 72 71 71 72 71 70 68 67 66 67 68 69 68 68 69 69 69 72 74 74 76 77 78 78 80 77 77 79 78 77 78 78 76 79 79 77 78 88 93 97 101 107 107 107 107 107 107 107 107 106 106 106 106 106 106 107 107 106 106 107 107 108 110 111 110 102 99 94 84 70 0 0 0 0 0 0 0 0 0 0 0 0 71 73 75 78 81 89 89 
81 81 80 80 80 80 80 81 80 80 80 80 80 81 81 81 81 81 80 80 81 81 82 83 83 83 84 85 85 85 85 86 86 84 83 82 80 77 76 75 73 70 70 70 69 71 73 70 68 68 66 66 66 64 61 57 54 0 0 0 0 0 0 0 0 0 0 0 0 0 0 69 79 85 88 90 96 97 97 97 97 97 96 91 89 87 81 70 0 0 0 0 0 0 0 0 0 0 0 0 0 0 0 0 0 0 0 0 0 0 0 0 0 0 0 0 0 0 0 0 0 0 0 69 84 91 95 99 106 106 107 107 107 107 107 107 106 106 105 106 106 106 107 106 106 106 106 106 107 108 110 109 101 99 96 87 70 0 0 0 0 0 0 0 0 0 0 0 0 70 73 75 77 80 82 97 
86 71 79 78 79 79 79 80 79 79 80 80 80 80 81 81 81 80 78 77 77 78 79 81 82 82 83 84 84 85 85 86 86 82 81 78 75 69 67 65 62 58 56 0 0 0 0 0 0 0 0 0 0 0 0 0 0 0 0 0 0 0 0 0 0 0 0 0 0 0 0 70 79 85 88 89 95 97 96 97 97 97 96 91 89 87 81 70 0 0 0 0 0 0 0 0 0 0 0 0 0 0 0 0 0 0 0 0 0 0 0 0 0 0 0 0 0 0 0 0 0 0 0 70 85 91 95 97 104 106 106 106 107 107 107 106 106 106 105 105 106 106 106 106 105 105 105 105 106 107 108 108 101 99 96 89 71 0 0 0 0 0 0 0 0 0 0 0 0 69 71 74 76 79 84 94 
79 77 78 78 78 78 78 79 78 79 79 79 79 79 80 80 80 80 78 76 76 77 78 81 82 83 83 84 84 84 85 85 85 81 79 77 74 64 0 0 0 0 0 0 0 0 0 0 0 0 0 0 0 0 0 0 0 0 0 0 0 0 0 0 0 0 0 0 0 0 0 71 80 86 88 90 95 96 96 97 97 97 96 91 89 87 81 70 0 0 0 0 0 0 0 0 0 0 0 0 0 0 0 0 0 0 0 0 0 0 0 0 0 0 0 0 0 0 0 0 0 0 0 69 84 91 94 96 104 105 105 106 106 106 106 106 106 106 105 105 105 105 105 105 104 104 104 103 104 105 107 107 101 100 97 91 73 0 0 0 0 0 0 0 0 0 0 0 0 69 70 73 75 78 78 86 
80 78 77 77 77 77 78 78 78 78 78 78 77 78 79 78 79 77 75 72 74 75 77 79 82 83 83 84 84 84 85 85 84 79 78 75 71 61 0 0 0 0 0 0 0 0 0 0 0 0 0 0 0 0 0 0 0 0 0 0 0 0 53 51 51 49 48 0 0 0 0 73 82 87 89 90 95 96 96 97 97 97 96 90 89 86 81 69 0 0 0 0 0 0 0 0 0 0 0 0 0 0 0 0 0 0 0 0 0 0 0 0 0 0 0 0 0 0 0 0 0 0 0 70 85 91 94 96 103 104 105 106 106 106 106 106 105 105 105 105 105 105 105 104 104 103 103 103 104 104 106 107 101 100 98 92 76 0 0 0 0 0 0 0 0 0 0 0 0 0 70 73 75 78 81 91 
79 76 76 76 77 77 78 78 78 78 78 77 77 78 79 78 78 76 72 68 70 72 75 79 82 82 83 83 83 84 84 85 84 79 78 75 70 58 0 0 0 0 0 0 0 0 0 0 0 0 0 0 0 0 0 0 0 0 0 0 0 55 54 52 51 51 49 47 0 0 0 75 83 87 89 91 95 97 97 97 97 97 96 90 88 85 80 68 0 0 0 0 0 0 0 0 0 0 0 0 0 0 0 0 0 0 0 0 0 0 0 0 0 0 0 0 0 0 0 0 0 0 0 72 86 91 94 96 103 104 104 105 106 106 106 106 106 106 105 105 105 105 105 104 103 103 102 103 103 104 105 107 101 101 99 94 78 0 0 0 0 0 0 0 0 0 0 0 0 0 70 72 74 77 80 83 
79 77 76 76 76 76 77 77 77 77 77 76 77 77 78 77 77 74 70 66 69 72 75 79 82 82 83 83 83 84 84 85 84 80 78 75 69 0 0 0 0 0 0 0 0 0 0 0 0 0 0 0 0 0 0 0 0 0 0 0 49 51 51 50 50 50 47 45 0 0 0 74 83 88 90 91 95 96 96 96 97 97 96 90 88 85 79 66 0 0 0 0 0 0 0 0 0 0 0 0 0 0 0 0 0 0 0 0 0 0 0 0 0 0 0 0 0 0 0 0 0 0 0 73 86 92 94 96 103 104 104 105 105 106 106 106 105 106 105 105 105 105 104 104 103 102 102 102 102 103 104 106 101 101 100 96 82 0 0 0 0 0 0 0 0 0 0 0 0 0 71 72 74 77 82 86 
68 70 75 75 76 76 76 76 76 76 76 76 77 77 78 77 77 74 72 69 72 74 77 79 81 82 83 83 83 84 84 85 83 80 79 76 70 0 0 0 0 0 0 0 0 0 0 0 0 0 0 0 0 0 0 0 0 0 0 0 49 51 51 50 50 50 47 45 0 0 0 73 83 88 90 91 95 96 96 96 97 97 96 90 88 85 79 66 0 0 0 0 0 0 0 0 0 0 0 0 0 0 0 0 0 0 0 0 0 0 0 0 0 0 0 0 0 0 0 0 0 0 0 74 86 92 95 97 103 104 104 105 105 105 106 106 105 106 105 105 104 104 103 103 103 102 102 102 102 103 104 106 102 100 99 95 83 0 0 0 0 0 0 0 0 0 0 0 0 0 69 71 73 76 76 83 
78 78 75 75 75 75 76 76 76 76 75 75 77 77 78 77 76 74 72 71 73 75 77 80 81 82 83 83 83 83 84 84 83 82 81 79 72 0 0 0 0 0 0 0 0 0 0 0 0 0 0 0 0 0 0 0 0 0 0 0 49 51 52 51 51 50 48 45 0 0 0 72 82 87 89 91 95 96 97 96 97 97 96 89 88 85 78 65 0 0 0 0 0 0 0 0 0 0 0 0 0 0 0 0 0 0 0 0 0 0 0 0 0 0 0 0 0 0 0 0 0 0 0 73 85 91 94 96 102 104 104 105 105 105 105 105 105 105 105 105 104 104 103 103 102 102 101 101 102 103 104 106 103 100 98 94 83 0 0 0 0 0 0 0 0 0 0 0 0 0 68 71 73 75 77 83 
74 75 74 75 75 75 75 75 75 75 75 75 77 77 77 77 77 76 74 74 76 77 78 80 81 82 82 83 83 84 84 85 83 83 82 81 74 0 0 0 0 0 0 0 0 0 0 0 0 0 0 0 0 0 0 0 0 0 0 0 47 50 51 50 49 50 47 44 0 0 0 73 82 87 89 91 95 96 96 96 96 97 96 89 87 84 78 64 0 0 0 0 0 0 0 0 0 0 0 0 0 0 0 0 0 0 0 0 0 0 0 0 0 0 0 0 0 0 0 0 0 0 0 70 83 90 93 95 102 104 104 104 104 105 105 105 105 105 105 105 104 104 103 103 102 102 101 101 101 102 104 106 104 99 97 94 84 0 0 0 0 0 0 0 0 0 0 0 0 0 68 71 72 75 74 88 
75 72 74 74 75 75 75 75 75 75 75 75 76 77 77 76 76 76 75 76 77 78 80 81 82 82 83 83 84 84 84 85 82 82 81 79 71 0 0 0 0 0 0 0 0 0 0 0 0 0 0 0 0 0 0 0 0 0 0 0 0 0 47 47 47 47 45 0 0 0 0 70 81 86 89 90 95 96 96 96 96 96 95 89 87 85 78 64 0 0 0 0 0 0 0 0 0 0 0 0 0 0 0 0 0 0 0 0 0 0 0 0 0 0 0 0 0 0 0 0 0 0 0 66 79 88 92 94 102 104 104 105 104 105 104 105 105 105 105 105 104 104 103 102 102 101 101 101 101 102 103 105 104 99 97 94 85 68 0 0 0 0 0 0 0 0 0 0 0 0 66 70 71 74 73 76 
76 72 74 74 74 75 74 75 75 74 74 75 76 76 77 77 77 77 77 78 79 80 80 81 82 83 83 83 83 83 84 85 82 81 81 78 71 0 0 0 0 0 0 0 0 0 0 0 0 0 0 0 0 0 0 0 0 0 0 0 0 0 0 0 0 0 0 0 0 0 0 69 81 86 88 90 96 96 96 96 96 96 95 89 87 84 78 64 0 0 0 0 0 0 0 0 0 0 0 0 0 0 0 0 0 0 0 0 0 0 0 0 0 0 0 0 0 0 0 0 0 0 0 62 77 86 90 93 102 104 104 104 104 104 104 104 105 105 105 105 104 104 103 102 102 101 100 101 101 102 103 105 105 98 97 93 85 68 0 0 0 0 0 0 0 0 0 0 0 0 65 68 70 72 75 82 
72 72 74 74 74 74 74 74 74 74 74 74 75 75 76 76 77 77 78 78 79 79 80 81 82 82 83 83 83 83 84 85 82 81 80 77 68 0 0 0 0 0 0 0 0 0 0 0 0 0 0 0 0 0 0 0 0 0 0 0 0 0 0 0 0 0 0 0 0 0 0 69 81 85 88 90 95 96 96 96 95 96 95 88 86 83 77 62 0 0 0 0 0 0 0 0 0 0 0 0 0 0 0 0 0 0 0 0 0 0 0 0 0 0 0 0 0 0 0 0 0 0 0 58 74 84 89 92 101 103 103 104 104 104 104 104 105 105 104 105 105 104 104 103 102 102 101 100 101 101 102 104 105 99 97 94 87 69 0 0 0 0 0 0 0 0 0 0 0 0 64 68 70 71 73 77 
70 78 73 73 73 74 73 74 74 74 74 74 75 75 75 76 77 77 78 78 79 79 80 81 82 82 83 83 83 83 84 84 81 80 78 75 65 0 0 0 0 0 0 0 0 0 0 0 0 0 0 0 0 0 0 0 0 0 0 0 0 0 0 0 0 0 0 0 0 0 0 70 81 86 88 90 95 95 95 96 95 95 95 88 86 83 76 59 0 0 0 0 0 0 0 0 0 0 0 0 0 0 0 0 0 0 0 0 0 0 0 0 0 0 0 0 0 0 0 0 0 0 0 54 72 82 88 91 101 104 104 104 104 105 104 104 105 105 104 105 105 104 104 103 103 102 101 101 101 100 102 104 105 99 98 95 88 70 0 0 0 0 0 0 0 0 0 0 0 0 63 67 69 71 71 76 
70 77 72 73 72 73 73 73 74 74 74 75 75 75 76 76 77 77 77 78 78 79 79 81 82 82 83 83 83 83 84 84 81 80 79 75 66 0 0 0 0 0 0 0 0 0 0 0 0 0 0 0 0 0 0 0 0 0 0 0 0 0 0 0 0 0 0 0 0 0 0 67 80 85 88 90 96 96 96 95 95 95 94 87 85 82 75 59 0 0 0 0 0 0 0 0 0 0 0 0 0 0 0 0 0 0 0 0 0 0 0 0 0 0 0 0 0 0 0 0 0 0 0 49 69 80 86 89 100 103 104 103 104 104 104 104 105 104 104 105 105 104 104 103 102 101 100 100 100 100 101 103 105 99 99 96 90 70 0 0 0 0 0 0 0 0 0 0 0 0 63 67 69 71 76 74 
70 73 71 72 72 72 72 73 73 74 74 74 74 75 76 76 77 78 78 78 78 79 79 80 81 82 82 82 82 82 83 83 81 80 79 75 68 0 0 0 0 0 0 0 0 0 0 0 0 0 0 0 0 0 0 0 0 0 0 0 0 0 0 0 0 0 0 0 0 0 0 69 81 86 88 90 95 96 96 95 95 95 95 87 83 79 71 53 0 0 0 0 0 0 0 0 0 0 0 0 0 0 0 0 0 0 0 0 0 0 0 0 0 0 0 0 0 0 0 0 0 0 0 47 68 79 85 88 100 103 103 103 104 104 103 104 104 104 103 104 104 103 103 102 101 101 100 100 100 100 102 103 105 100 99 97 92 74 0 0 0 0 0 0 0 0 0 0 0 0 63 67 70 71 72 76 
66 68 71 71 71 71 72 73 73 74 74 74 75 76 76 77 77 77 77 77 78 79 79 80 80 81 81 82 82 83 83 83 80 80 79 75 66 0 0 0 0 0 0 0 0 0 0 0 0 0 0 0 0 0 0 0 0 0 0 0 0 0 0 0 0 0 0 0 0 0 0 70 82 86 89 90 95 96 95 95 95 95 94 87 83 78 71 53 0 0 0 0 0 0 0 0 0 0 0 0 0 0 0 0 0 0 0 0 0 0 0 0 0 0 0 0 0 0 0 0 0 0 0 46 69 81 87 90 100 103 104 103 104 104 104 104 104 104 103 104 103 103 103 102 102 100 100 100 100 100 101 103 105 100 100 99 94 77 0 0 0 0 0 0 0 0 0 0 0 0 0 67 70 71 74 81 
66 71 70 71 71 71 72 73 73 73 74 74 75 76 76 77 77 78 77 77 78 79 79 80 80 81 81 82 82 83 83 83 80 79 78 74 64 0 0 0 0 0 0 0 0 0 0 0 0 0 0 0 0 0 0 0 0 0 0 0 0 0 0 0 0 0 0 0 0 0 0 72 82 87 89 90 95 96 95 95 95 95 94 86 82 78 70 53 0 0 0 0 0 0 0 0 0 0 0 0 0 0 0 0 0 0 0 0 0 0 0 0 0 0 0 0 0 0 0 0 0 0 0 0 70 82 88 91 99 103 103 103 104 104 104 104 104 104 103 103 103 103 102 101 101 100 100 100 100 100 101 102 104 100 98 97 92 76 0 0 0 0 0 0 0 0 0 0 0 0 0 68 70 72 77 76 
70 72 70 71 71 72 72 73 73 74 74 74 75 77 77 77 77 77 76 77 78 79 79 80 80 81 81 83 83 83 84 84 80 79 78 74 65 0 0 0 0 0 0 0 0 0 0 0 0 0 0 0 0 0 0 0 0 0 0 0 0 0 0 0 0 0 0 0 0 0 0 73 83 87 89 90 95 96 96 96 96 95 94 86 80 75 67 50 0 0 0 0 0 0 0 0 0 0 0 0 0 0 0 0 0 0 0 0 0 0 0 0 0 0 0 0 0 0 0 0 0 0 0 0 73 84 90 93 99 103 103 103 104 104 104 104 104 103 103 103 103 102 102 101 101 100 100 100 100 100 101 102 105 102 99 99 95 79 0 0 0 0 0 0 0 0 0 0 0 0 0 68 69 72 70 74 
70 76 70 71 71 72 73 73 73 74 74 74 75 76 76 77 77 77 76 77 78 79 79 81 81 81 81 83 83 84 84 84 80 78 76 72 62 0 0 0 0 0 0 0 0 0 0 0 0 0 0 0 0 0 0 0 0 0 0 0 0 0 0 0 0 0 0 0 0 0 0 74 84 88 90 91 95 96 95 96 96 95 94 86 78 74 65 49 0 0 0 0 0 0 0 0 0 0 0 0 0 0 0 0 0 0 0 0 0 0 0 0 0 0 0 0 0 0 0 0 0 0 0 0 77 88 93 95 99 103 103 104 104 104 104 104 103 103 103 103 103 102 101 101 101 100 100 100 100 100 101 102 105 102 98 96 92 77 0 0 0 0 0 0 0 0 0 0 0 0 0 68 69 71 67 80 
64 68 69 71 71 72 73 73 73 74 74 74 75 76 76 76 77 77 77 77 78 79 79 80 81 81 81 83 83 84 84 84 79 77 75 70 58 0 0 0 0 0 0 0 0 0 0 0 0 0 0 0 0 0 0 0 0 0 0 0 0 0 0 0 0 0 0 0 0 0 0 75 84 88 90 91 95 96 96 96 96 96 94 86 78 74 66 50 0 0 0 0 0 0 0 0 0 0 0 0 0 0 0 0 0 0 0 0 0 0 0 0 0 0 0 0 0 0 0 0 0 0 0 0 75 87 92 95 99 103 104 104 104 104 104 104 104 104 104 103 103 103 102 101 101 100 100 100 100 101 102 103 105 103 97 95 90 76 0 0 0 0 0 0 0 0 0 0 0 0 0 68 69 71 66 73 
68 69 70 71 71 72 73 73 73 74 74 74 75 76 76 76 76 76 77 78 79 79 80 81 81 82 82 83 84 84 84 84 78 76 73 68 56 0 0 0 0 0 0 0 0 0 0 0 0 0 0 0 0 0 0 0 0 0 0 0 0 0 0 0 0 0 0 0 0 0 0 75 85 88 90 91 95 96 96 96 96 96 95 87 77 72 64 49 39 0 0 0 0 0 0 0 0 0 0 0 0 0 0 0 0 0 0 0 0 0 0 0 0 0 0 0 0 0 0 0 0 0 0 0 74 86 91 94 99 103 103 103 103 103 103 103 103 104 103 103 103 103 102 101 101 100 100 100 100 101 102 103 105 103 95 93 88 75 55 0 0 0 0 0 0 0 0 0 0 0 0 67 69 71 71 77 
67 67 70 71 71 72 73 73 74 75 74 74 75 75 75 76 76 76 77 78 79 79 80 80 80 80 81 82 83 83 83 83 77 75 72 67 55 0 0 0 0 0 0 0 0 0 0 0 0 0 0 0 0 0 0 0 0 0 0 0 0 0 0 0 0 0 0 0 0 0 0 76 85 88 90 91 95 96 96 96 96 96 95 87 76 71 63 49 41 0 0 0 0 0 0 0 0 0 0 0 0 0 0 0 0 0 0 0 0 0 0 0 0 0 0 0 0 0 0 0 0 0 0 0 73 86 92 94 99 103 104 104 104 103 103 103 103 103 103 103 104 103 102 101 101 100 100 100 100 100 101 103 105 104 96 94 89 77 55 0 0 0 0 0 0 0 0 0 0 0 0 66 69 72 76 76 
71 79 70 71 71 72 73 73 74 74 74 74 74 74 75 75 76 77 78 78 79 79 80 80 80 80 81 82 82 83 83 83 76 74 71 65 51 0 0 0 0 0 0 0 0 0 0 0 0 0 0 0 0 0 0 0 0 0 0 0 0 0 0 0 0 0 0 0 0 0 0 77 85 89 90 92 96 96 96 97 96 96 95 88 77 72 64 50 41 0 0 0 0 0 0 0 0 0 0 0 0 0 0 0 0 0 0 0 0 0 0 0 0 0 0 0 0 0 0 0 0 0 0 0 71 85 91 94 98 103 104 103 103 103 103 102 103 103 103 103 104 103 102 102 101 100 100 100 100 100 101 102 105 104 96 93 89 78 58 0 0 0 0 0 0 0 0 0 0 0 0 65 69 72 69 78 
73 71 70 70 71 72 73 73 74 74 74 74 74 74 75 75 76 76 78 78 79 79 80 80 80 80 81 82 82 83 83 82 76 75 72 66 49 0 0 0 0 0 0 0 0 0 0 0 0 0 0 0 0 0 0 0 0 0 0 0 0 0 0 40 0 0 0 0 0 0 0 78 86 89 91 92 95 96 96 97 96 97 95 88 77 72 64 51 41 0 0 0 0 0 0 0 0 0 0 0 0 0 0 0 0 0 0 0 0 0 0 0 0 0 0 0 0 0 0 0 0 0 0 0 70 84 90 93 97 103 104 103 103 103 103 102 103 103 103 103 103 103 102 102 101 100 100 100 100 100 101 102 104 104 96 95 91 81 62 0 0 0 0 0 0 0 0 0 0 0 0 66 69 72 71 80 
68 76 71 71 71 72 73 73 74 74 74 74 74 74 75 75 76 76 78 78 79 79 80 80 80 81 81 82 82 83 83 82 77 76 73 67 48 0 0 0 0 0 0 0 0 0 0 0 0 0 0 0 0 0 0 0 0 0 0 0 0 40 40 40 0 0 0 0 0 0 0 80 87 90 91 92 96 96 96 97 97 97 95 88 77 73 64 51 42 0 0 0 0 0 0 0 0 0 0 0 0 0 0 0 0 0 0 0 0 0 0 0 0 0 0 0 0 0 0 0 0 0 0 0 76 88 93 95 97 103 103 103 103 103 103 102 103 102 102 102 102 102 102 101 101 100 99 100 100 100 101 102 104 104 97 96 93 84 66 0 0 0 0 0 0 0 0 0 0 0 0 64 67 71 69 76 
65 72 70 70 71 72 72 72 73 73 74 74 74 74 75 75 76 76 78 78 79 79 80 80 80 80 81 82 82 83 83 81 78 77 74 68 0 0 0 0 0 0 0 0 0 0 0 0 0 0 0 0 0 0 0 0 0 0 0 0 0 0 0 0 0 0 0 0 0 0 0 81 88 90 92 92 96 96 97 97 97 97 96 88 77 73 65 51 42 0 0 0 0 0 0 0 0 0 0 0 0 0 0 0 0 0 0 0 0 0 0 0 0 0 0 0 0 0 0 0 0 0 0 0 74 87 92 95 97 103 103 103 103 103 103 103 103 102 102 102 102 102 102 101 101 100 100 100 100 100 101 102 104 105 98 97 94 86 68 0 0 0 0 0 0 0 0 0 0 0 0 64 66 71 71 80 
71 68 69 70 71 71 72 72 72 73 73 74 74 75 75 76 76 77 78 79 80 80 80 80 81 81 82 82 83 83 83 82 80 79 77 71 0 0 0 0 0 0 0 0 0 0 0 0 0 0 0 0 0 0 0 0 0 0 0 0 0 0 0 0 0 0 0 0 0 0 0 81 88 90 92 93 96 96 97 97 97 97 96 89 78 73 65 52 42 0 0 0 0 0 0 0 0 0 0 0 0 0 0 0 0 0 0 0 0 0 0 0 0 0 0 0 0 0 0 0 0 0 0 0 72 86 92 95 96 103 103 103 103 103 103 103 103 102 102 101 102 102 102 101 101 100 100 100 100 101 101 102 104 105 99 98 96 87 71 0 0 0 0 0 0 0 0 0 0 0 0 62 66 69 64 78 
66 69 69 70 71 71 71 72 72 73 73 74 75 75 76 76 76 78 78 79 80 80 81 81 81 82 82 83 83 83 84 82 82 81 80 75 0 0 0 0 0 0 0 0 0 0 0 0 0 0 0 0 0 0 0 0 0 0 0 0 0 0 0 0 0 0 0 0 0 0 0 76 85 88 90 93 96 96 97 97 97 97 96 89 78 74 66 53 42 0 0 0 0 0 0 0 0 0 0 0 0 0 0 0 0 0 0 0 0 0 0 0 0 0 0 0 0 0 0 0 0 0 0 0 72 86 92 95 97 103 103 104 103 104 104 103 103 103 102 102 102 102 101 101 101 100 100 100 100 101 101 102 104 104 98 97 95 87 70 0 0 0 0 0 0 0 0 0 0 0 0 61 65 69 68 77 
65 65 70 71 71 71 72 72 72 72 73 74 75 75 75 76 76 77 78 79 80 80 81 81 81 82 82 82 83 84 84 82 82 81 79 73 0 0 0 0 0 0 0 0 0 0 0 0 0 0 0 0 0 0 0 0 0 0 0 0 0 0 0 0 0 0 0 0 0 0 0 71 81 85 88 94 96 97 97 97 97 97 97 90 79 74 67 54 43 0 0 0 0 0 0 0 0 0 0 0 0 0 0 0 0 0 0 0 0 0 0 0 0 0 0 0 0 0 0 0 0 0 0 0 71 87 92 95 97 104 104 104 104 104 104 104 103 103 102 102 102 102 101 101 101 100 100 100 100 100 101 102 104 104 98 98 96 88 71 0 0 0 0 0 0 0 0 0 0 0 0 59 63 67 70 73 
70 70 69 71 71 71 71 72 72 73 73 74 74 75 75 76 76 77 78 78 79 80 80 81 81 81 82 82 83 84 84 82 82 81 78 72 0 0 0 0 0 0 0 0 0 0 0 0 0 0 0 0 0 0 0 0 0 0 0 0 0 0 0 0 0 0 0 0 0 0 0 67 78 83 86 94 97 97 97 97 97 97 97 90 79 75 67 54 43 0 0 0 0 0 0 0 0 0 0 0 0 0 0 0 0 0 0 0 0 0 0 0 0 0 0 0 0 0 0 0 0 0 0 0 70 86 91 95 97 103 104 104 104 104 104 103 103 103 102 102 102 102 102 101 101 101 100 100 100 100 100 101 103 104 98 97 95 88 68 0 0 0 0 0 0 0 0 0 0 0 0 59 63 66 69 73 
69 75 69 70 71 72 72 73 73 73 73 74 74 74 75 76 77 77 78 78 79 80 80 81 81 81 82 83 83 84 85 82 82 81 78 71 0 0 0 0 0 0 0 0 0 0 0 0 0 0 0 0 0 0 0 0 0 0 0 0 0 0 0 0 0 0 0 0 0 0 40 64 75 81 85 94 97 97 97 98 97 97 97 91 80 76 69 56 46 0 0 0 0 0 0 0 0 0 0 0 0 0 0 0 0 0 0 0 0 0 0 0 0 0 0 0 0 0 0 0 0 0 0 0 64 81 88 92 96 104 104 104 104 104 104 103 103 103 102 102 102 102 102 101 101 101 100 100 100 100 100 101 103 104 98 97 95 89 69 0 0 0 0 0 0 0 0 0 0 0 0 0 62 65 60 70 
64 66 70 70 71 72 72 73 73 74 74 74 74 74 75 75 76 77 77 78 78 79 79 81 81 81 82 83 83 84 84 82 81 80 76 69 0 0 0 0 0 0 0 0 0 0 0 0 0 0 0 0 0 0 0 0 0 0 0 0 0 0 0 0 39 0 0 0 0 0 41 63 74 80 84 95 98 98 98 98 97 98 97 91 81 77 70 57 47 0 0 0 0 0 0 0 0 0 0 0 0 0 0 0 0 0 0 0 0 0 0 0 0 0 0 0 0 0 0 0 0 0 0 0 63 81 88 92 96 104 104 104 104 105 104 103 103 103 102 102 102 102 101 101 101 100 100 100 100 100 100 101 102 105 98 98 96 90 69 0 0 0 0 0 0 0 0 0 0 0 0 0 61 64 0 0 
68 65 69 70 71 72 72 72 73 73 73 73 73 73 74 75 76 77 77 78 78 79 79 80 81 81 82 82 83 84 84 81 80 79 76 68 0 0 0 0 0 0 0 0 0 0 0 0 0 0 0 0 0 0 0 0 0 0 0 0 0 0 0 0 39 0 0 0 0 0 41 63 74 80 84 96 98 98 98 98 98 98 98 92 82 78 71 58 48 0 0 0 0 0 0 0 0 0 0 0 0 0 0 0 0 0 0 0 0 0 0 0 0 0 0 0 0 0 0 0 0 0 0 0 59 77 85 89 96 103 104 104 104 104 104 103 103 103 102 102 102 101 101 101 101 101 100 100 100 100 100 101 102 105 98 98 96 91 70 0 0 0 0 0 0 0 0 0 0 0 0 0 0 0 0 0 
67 66 69 70 71 71 71 72 73 73 73 73 73 73 74 75 76 78 77 78 78 78 78 80 80 81 82 82 83 83 84 80 80 79 76 67 0 0 0 0 0 0 0 0 0 0 0 0 0 0 0 0 0 0 0 0 0 0 0 0 0 0 0 0 0 0 0 0 0 0 41 63 75 81 84 96 99 99 98 98 98 98 98 92 82 78 71 58 49 0 0 0 0 0 0 0 0 0 0 0 0 0 0 0 0 0 0 0 0 0 0 0 0 0 0 0 0 0 0 0 0 0 0 0 58 76 84 89 95 103 104 104 104 104 104 103 103 103 103 102 102 102 102 101 101 101 101 100 100 100 100 101 102 105 98 98 96 90 69 0 0 0 0 0 0 0 0 0 0 0 0 0 0 0 0 0 
72 67 69 69 70 71 72 72 73 73 73 73 73 74 74 76 77 78 78 79 79 79 79 80 80 80 81 82 83 83 84 80 79 78 75 66 0 0 0 0 0 0 0 0 0 0 0 0 0 0 0 0 0 0 0 0 0 0 0 0 0 0 0 0 0 0 0 0 0 0 42 64 75 81 85 96 99 99 99 99 99 99 98 92 82 79 72 60 51 0 0 0 0 0 0 0 0 0 0 0 0 0 0 0 0 0 0 0 0 0 0 0 0 0 0 0 0 0 0 0 0 0 0 0 58 76 84 89 96 104 104 104 105 104 104 104 103 102 102 102 101 101 101 101 101 101 100 100 100 100 100 101 102 105 99 98 97 91 72 0 0 0 0 0 0 0 0 0 0 0 0 0 0 0 0 0 
68 67 69 70 70 71 72 72 72 73 73 73 73 74 74 75 76 78 78 78 79 79 79 80 80 81 81 82 83 83 83 80 79 78 75 66 0 0 0 0 0 0 0 0 0 0 0 0 0 0 0 0 0 0 0 0 0 0 0 0 0 0 0 0 0 0 0 0 0 0 44 65 76 82 85 96 99 99 99 99 99 99 99 93 83 79 72 60 51 0 0 0 0 0 0 0 0 0 0 0 0 0 0 0 0 0 0 0 0 0 0 0 0 0 0 0 0 0 0 0 0 0 0 0 60 78 86 91 95 103 104 105 105 104 104 104 103 102 102 102 101 101 100 100 100 100 100 99 99 99 100 100 103 105 100 99 98 93 74 0 0 0 0 0 0 0 0 0 0 0 0 0 0 0 0 0 
70 63 69 70 71 72 72 72 73 73 73 73 74 74 75 76 77 78 78 78 79 79 79 80 80 81 81 82 82 83 83 80 79 78 75 65 0 0 0 0 0 0 0 0 0 0 0 0 0 0 0 0 0 0 0 0 0 0 0 0 0 0 0 0 0 0 0 0 0 0 45 65 76 82 85 96 99 99 99 99 99 100 99 93 84 78 71 59 50 0 0 0 0 0 0 0 0 0 0 0 0 0 0 0 0 0 0 0 0 0 0 0 0 0 0 0 0 0 0 0 0 0 0 0 59 77 86 90 95 104 105 105 105 105 104 104 103 103 102 101 100 100 100 100 99 99 99 99 100 100 100 101 103 105 100 99 98 93 76 0 0 0 0 0 0 0 0 0 0 0 0 0 0 0 0 0 
63 69 68 70 70 71 72 72 73 73 73 73 74 75 75 76 77 77 78 78 79 79 79 80 80 81 81 82 82 82 83 79 78 78 75 64 0 0 0 0 0 0 0 0 0 0 0 0 0 0 0 0 0 0 0 0 0 0 0 0 0 0 0 0 0 0 0 0 0 0 46 66 76 82 86 96 99 100 100 100 100 100 99 94 85 77 70 59 50 0 0 0 0 0 0 0 0 0 0 0 0 0 0 0 0 0 0 0 0 0 0 0 0 0 0 0 0 0 0 0 0 0 0 0 60 78 86 90 95 103 104 105 105 105 105 105 103 103 102 101 100 100 100 100 99 99 99 99 100 100 100 101 103 105 101 100 100 95 78 0 0 0 0 0 0 0 0 0 0 0 0 0 0 0 0 0 
68 65 68 69 70 71 72 72 73 73 74 74 75 75 75 75 76 77 78 78 79 80 80 80 81 81 82 82 81 82 83 79 78 77 74 64 0 0 0 0 0 0 0 0 0 0 0 0 0 0 0 0 0 0 0 0 0 0 0 0 0 0 0 0 0 0 0 0 0 0 48 67 77 82 86 96 99 100 99 100 100 100 100 95 86 78 72 61 52 0 0 0 0 0 0 0 0 0 0 0 0 0 0 0 0 0 0 0 0 0 0 0 0 0 0 0 0 0 0 0 0 0 0 0 59 77 86 90 95 103 105 105 105 105 104 104 103 103 102 101 100 100 99 100 99 99 99 99 99 99 100 101 102 105 101 100 100 96 79 0 0 0 0 0 0 0 0 0 0 0 0 0 0 0 0 0 
67 72 68 70 70 71 72 72 72 73 74 74 75 75 75 75 76 76 77 77 79 80 79 80 81 81 82 82 81 82 82 79 78 76 73 64 0 0 0 0 0 0 0 0 0 0 0 0 0 0 0 0 0 0 0 0 0 0 0 0 0 0 0 0 0 0 0 0 0 0 48 67 77 83 86 97 99 100 100 100 101 101 101 97 88 80 74 63 53 0 0 0 0 0 0 0 0 0 0 0 0 0 0 0 0 0 0 0 0 0 0 0 0 0 0 0 0 0 0 0 0 0 0 0 59 76 85 90 95 103 105 105 105 105 104 104 103 103 102 101 100 100 100 100 100 99 99 99 99 99 100 101 102 105 101 101 100 97 81 0 0 0 0 0 0 0 0 0 0 0 0 0 0 0 0 0 
68 68 68 69 70 70 71 71 72 72 73 74 75 75 76 76 76 77 77 77 79 80 80 81 81 81 82 82 81 82 82 78 77 76 74 65 0 0 0 0 0 0 0 0 0 0 0 0 0 0 0 0 0 0 0 0 0 0 0 0 0 0 0 0 0 0 0 0 0 0 48 67 77 83 86 97 100 100 100 101 102 102 101 97 89 79 73 63 53 0 0 0 0 0 0 0 0 0 0 0 0 0 0 0 0 0 0 0 0 0 0 0 0 0 0 0 0 0 0 0 0 0 0 0 58 75 85 89 94 102 104 104 104 104 104 104 103 103 102 101 101 101 100 101 100 100 99 99 99 100 100 101 102 105 101 101 100 97 81 0 0 0 0 0 0 0 0 0 0 0 0 0 0 0 0 0 
69 64 69 70 69 70 71 71 71 72 73 74 75 76 76 76 76 77 77 78 79 80 80 81 81 81 82 82 82 82 82 79 78 77 74 66 0 0 0 0 0 0 0 0 0 0 0 0 0 0 0 0 0 0 0 0 0 0 0 0 0 0 0 0 0 0 0 0 0 0 49 68 77 83 87 97 100 101 101 101 102 102 102 98 90 82 76 66 57 0 0 0 43 43 43 43 0 0 0 0 0 0 0 0 0 0 0 0 0 0 0 0 0 0 0 0 0 0 0 0 0 0 0 0 58 75 84 89 94 102 104 104 104 103 103 103 102 102 102 101 101 101 101 100 100 100 99 99 99 99 99 100 102 105 101 98 97 92 76 0 0 0 0 0 0 0 0 0 0 0 0 0 0 0 0 0 
67 68 69 69 70 70 71 72 72 72 73 74 75 76 76 76 76 76 76 77 79 79 80 80 80 81 81 82 82 83 83 80 79 78 76 70 0 0 0 0 0 0 0 0 0 0 0 0 0 0 0 0 0 0 0 0 0 0 0 0 0 0 0 0 0 0 0 0 0 0 47 68 77 83 87 98 100 101 101 102 102 103 103 99 92 84 78 67 58 0 0 46 48 48 48 48 0 0 0 0 0 0 0 0 0 0 0 0 0 0 0 0 0 0 0 0 0 0 0 0 0 0 0 0 60 77 86 91 93 102 104 104 103 103 103 102 102 102 102 101 101 101 101 100 100 99 99 98 98 99 99 100 102 104 100 98 97 92 73 0 0 0 0 0 0 0 0 0 0 0 0 0 0 0 0 0 
66 67 69 69 70 71 71 71 71 71 71 73 74 75 76 76 76 77 77 78 78 79 80 80 80 81 81 81 82 83 83 80 80 79 76 70 0 0 0 0 0 0 0 0 0 0 0 0 0 0 0 0 0 0 0 0 0 0 0 0 0 0 0 0 0 0 0 0 0 0 48 68 78 83 87 98 101 102 103 103 103 104 104 100 93 84 78 68 58 0 0 46 52 52 52 52 0 0 0 0 0 0 0 0 0 0 0 0 0 0 0 0 0 0 0 0 0 0 0 0 0 0 0 0 56 73 83 88 93 102 104 104 104 104 103 102 102 102 102 101 101 101 101 100 99 99 98 98 98 99 99 100 101 104 100 98 97 93 74 0 0 0 0 0 0 0 0 0 0 0 0 0 0 0 0 0 
68 66 68 69 70 71 71 71 72 71 71 72 73 74 75 76 77 77 77 77 78 79 80 80 80 81 81 81 82 83 83 81 80 80 78 73 0 0 0 0 0 0 0 0 0 0 0 0 0 0 0 0 0 0 0 0 0 0 0 0 0 0 0 0 0 0 0 0 0 0 48 69 78 84 88 99 102 103 103 104 104 105 105 101 94 83 77 66 57 41 0 48 58 57 57 57 65 0 0 0 0 0 0 0 0 0 0 0 0 0 0 0 0 0 0 0 0 0 0 0 0 0 0 0 53 71 80 86 93 102 104 104 104 104 103 102 102 102 102 101 101 101 100 99 99 98 98 98 98 99 99 99 101 103 100 96 94 90 72 51 0 0 0 0 0 0 0 0 0 0 0 0 0 0 0 0 
69 66 68 69 70 71 71 71 72 72 72 72 73 74 74 75 76 76 77 78 78 79 80 80 80 80 81 81 81 83 83 81 81 80 78 73 0 0 0 0 0 0 0 0 0 0 0 0 0 0 0 0 0 0 0 0 0 0 0 0 0 0 0 0 0 0 0 0 0 0 48 69 78 84 88 99 102 103 104 104 105 105 106 102 96 85 79 68 58 43 0 50 65 64 64 64 71 0 0 0 0 0 0 0 0 0 0 0 0 0 0 0 0 0 0 0 0 0 0 0 0 0 0 0 53 71 81 86 93 102 104 104 104 104 103 102 102 101 101 101 101 101 100 99 99 98 98 98 98 99 99 99 101 103 100 96 94 90 72 51 0 0 0 0 0 0 0 0 0 0 0 0 0 0 0 0 
63 69 68 69 70 70 71 71 72 71 71 72 73 73 74 75 76 76 77 78 78 79 79 79 79 80 80 81 81 82 82 80 79 78 77 71 0 0 0 0 0 0 0 0 0 0 0 0 0 0 0 0 0 0 0 0 0 0 0 0 0 0 0 0 0 0 0 0 0 0 48 69 78 84 88 99 102 104 104 105 106 106 107 104 97 84 78 68 57 43 0 0 72 73 73 73 82 0 0 0 0 0 0 0 0 0 0 0 0 0 0 0 0 0 0 0 0 0 0 0 0 0 0 0 52 69 78 84 93 102 103 103 104 103 103 103 102 102 101 101 101 101 100 99 99 99 99 98 99 99 99 99 101 103 100 98 98 94 76 0 0 0 0 0 0 0 0 0 0 0 0 0 0 0 0 0 
65 68 68 69 70 71 71 71 71 71 71 71 72 73 73 74 76 76 77 78 78 79 79 79 80 80 80 81 81 82 81 79 78 77 75 69 0 0 0 0 0 0 0 0 0 0 0 0 0 0 0 0 0 0 0 0 0 0 0 0 0 37 37 37 0 0 0 0 0 0 49 69 78 84 88 99 102 104 105 105 106 107 107 104 98 85 79 69 59 43 0 0 80 85 81 80 86 80 0 0 0 0 0 0 0 0 0 0 0 0 0 0 0 0 0 0 0 0 0 0 0 0 0 41 51 67 76 82 93 102 103 103 103 103 103 102 101 101 101 101 101 101 100 99 99 99 99 98 98 98 98 98 100 102 100 96 94 90 75 0 0 0 0 0 0 0 0 0 0 0 0 0 0 0 0 0 
68 64 68 69 70 70 71 71 72 72 72 72 73 73 74 75 75 76 76 78 78 78 79 79 79 80 80 81 82 82 82 79 78 77 74 68 0 0 0 0 0 0 0 0 0 0 0 0 0 0 0 0 0 0 0 0 0 0 0 0 0 37 37 37 0 0 0 0 0 0 49 69 78 84 87 98 102 104 105 106 107 108 108 105 98 85 79 69 58 41 0 0 81 97 98 93 92 95 73 0 0 0 0 0 0 0 0 0 0 0 0 0 0 0 0 0 0 0 0 0 0 0 0 41 51 67 76 82 92 102 103 103 103 103 102 102 102 102 101 101 100 100 100 99 99 99 99 98 98 98 98 98 100 103 100 96 95 90 75 0 0 0 0 0 0 0 0 0 0 0 0 0 0 0 0 0 
65 68 68 69 70 71 71 71 72 72 72 73 73 74 74 75 76 76 77 78 78 78 78 78 79 79 80 81 81 81 81 78 78 77 74 67 0 0 0 0 0 0 0 0 0 0 0 0 0 0 0 0 0 0 0 0 0 0 0 0 0 37 37 37 0 0 0 0 0 0 50 70 79 84 88 98 102 104 105 107 108 108 109 105 99 86 80 70 60 43 0 0 78 215 362 333 318 408 425 140 0 0 0 0 0 0 0 0 0 0 0 0 0 0 0 0 0 0 0 0 0 0 0 45 52 67 75 82 92 101 102 103 102 102 102 102 101 101 101 101 100 100 99 99 99 98 98 98 98 97 97 98 99 102 100 97 97 93 78 0 0 0 0 0 0 0 0 0 0 0 0 0 0 0 0 0 
64 64 69 69 70 71 71 71 72 72 72 73 74 74 75 75 76 76 77 77 78 78 78 79 79 80 80 81 81 81 81 78 78 76 74 67 0 0 0 0 0 0 0 0 0 0 0 0 0 0 0 0 0 0 0 0 0 0 0 0 0 0 0 0 0 0 0 0 0 0 51 70 79 84 88 98 102 104 106 109 110 111 110 106 99 86 80 71 61 44 0 0 87 221 367 414 398 472 478 320 59 0 0 0 0 0 0 0 0 0 0 0 0 0 0 0 0 0 0 0 0 0 0 58 58 69 76 81 92 101 102 103 102 102 102 102 102 102 101 101 100 99 99 98 98 98 97 97 97 96 96 97 99 102 100 98 97 93 79 0 0 0 0 0 0 0 0 0 0 0 0 0 0 0 0 0 
70 70 69 70 70 71 71 71 72 72 73 73 74 74 75 76 76 76 76 77 77 78 78 79 79 80 80 80 81 81 81 79 78 77 74 68 0 0 0 0 0 0 0 0 0 0 0 0 0 0 0 0 0 0 0 0 0 0 0 0 0 0 0 0 0 0 0 0 0 0 52 70 79 84 88 98 101 104 108 112 114 115 114 108 100 87 81 72 63 47 0 0 89 220 366 467 451 501 486 373 60 0 0 0 0 0 0 0 0 0 0 0 0 0 0 0 0 0 0 0 0 0 0 72 66 74 80 82 92 101 102 103 102 102 102 102 102 102 101 100 100 99 99 98 97 97 96 96 96 95 96 97 98 101 99 95 93 89 75 0 0 0 0 0 0 0 0 0 0 0 0 0 0 0 0 0 
69 71 68 69 70 70 70 71 72 72 73 74 74 74 75 76 76 76 77 77 77 78 79 79 79 80 80 81 81 82 82 79 79 77 75 68 0 0 0 0 0 0 0 0 0 0 0 0 0 0 0 0 0 0 0 0 0 0 0 0 0 0 0 0 0 0 0 0 0 0 53 70 79 84 88 98 101 104 109 114 116 117 116 109 100 87 81 72 63 47 0 38 78 248 404 509 493 522 479 352 55 0 0 0 0 0 0 0 0 0 0 0 0 0 0 0 0 0 0 0 0 0 99 74 68 76 81 82 92 101 102 102 102 102 102 102 102 101 100 100 100 99 99 98 97 96 96 96 96 95 95 96 98 100 98 96 95 91 78 0 0 0 0 0 0 0 0 0 0 0 0 0 0 0 0 0 
64 67 69 69 70 70 70 71 71 72 72 73 73 74 75 75 75 76 77 77 78 78 78 79 79 80 80 80 81 81 81 79 78 77 75 69 0 0 0 0 0 0 0 0 0 0 0 0 0 0 0 0 0 0 0 0 0 0 0 0 0 0 0 0 0 0 0 0 0 0 52 70 79 84 88 98 101 104 109 114 116 118 116 110 100 87 81 72 62 47 0 38 81 251 417 528 535 544 512 384 58 0 0 0 0 0 0 0 0 0 0 0 0 0 0 0 0 0 0 0 0 0 89 72 67 74 80 82 92 101 102 102 102 102 102 101 101 101 100 101 100 99 98 97 96 95 94 93 93 92 92 93 95 97 95 93 93 89 76 0 0 0 0 0 0 0 0 0 0 0 0 0 0 0 0 0 
69 62 69 69 70 70 70 70 71 71 71 72 73 73 74 75 75 76 77 77 78 79 79 79 80 80 80 81 81 82 81 79 79 78 75 69 0 0 0 0 0 0 0 0 0 0 0 0 0 0 0 0 0 0 0 0 0 0 0 0 0 0 0 0 0 0 0 0 0 0 51 69 78 84 87 97 100 103 108 113 116 117 116 110 100 86 80 71 62 46 0 0 87 159 179 365 372 354 351 383 57 0 0 0 0 0 0 0 0 0 0 0 0 0 0 0 0 0 0 0 0 0 97 73 68 75 80 82 92 101 102 103 102 102 102 101 101 100 100 100 99 97 95 92 90 88 88 87 86 85 85 84 86 89 88 87 87 84 72 0 0 0 0 0 0 0 0 0 0 0 0 0 0 0 0 0 
68 70 69 70 70 70 70 70 71 71 71 72 72 73 74 75 75 76 77 77 78 79 79 79 80 80 80 81 81 81 81 79 78 77 75 70 0 0 0 0 0 0 0 0 0 0 0 0 0 0 0 0 0 0 0 0 0 0 0 0 0 0 0 0 0 0 0 0 0 0 51 69 79 84 88 97 100 103 107 111 113 115 114 109 99 86 80 70 60 44 0 0 71 173 180 274 264 256 238 257 51 0 0 0 0 0 0 0 0 0 0 0 0 0 0 0 0 0 0 0 0 0 0 65 62 71 77 81 92 101 102 103 102 102 102 101 100 100 99 98 96 94 92 89 86 86 86 84 83 82 82 81 83 86 85 84 83 81 70 0 0 0 0 0 0 0 0 0 0 0 0 0 0 0 0 0 
69 67 69 70 70 70 70 71 71 71 71 72 72 73 74 75 75 76 77 77 78 79 79 79 80 80 80 81 81 81 81 79 78 77 75 70 0 0 0 0 0 0 0 0 0 0 0 0 0 0 0 0 0 0 0 0 0 0 0 0 0 0 0 37 37 37 0 0 0 0 50 69 79 84 87 97 100 101 104 107 109 110 111 107 99 85 78 69 58 39 0 0 0 212 184 192 177 176 147 139 55 0 0 0 0 0 0 0 0 0 0 0 0 0 0 0 0 0 0 0 0 0 0 50 53 65 73 80 92 100 102 102 102 102 101 101 100 99 97 96 93 91 88 84 80 78 77 75 75 74 74 74 76 80 81 82 83 83 0 0 0 0 0 0 0 0 0 0 0 0 0 0 0 0 0 0 
61 72 69 70 70 70 70 70 71 71 71 72 72 72 73 74 75 76 77 78 78 79 78 79 79 79 80 81 81 81 81 79 78 77 75 70 0 0 0 0 0 0 0 0 0 0 0 0 0 0 0 0 0 0 0 0 0 0 0 0 0 0 0 37 37 37 0 0 0 0 51 69 79 84 87 97 100 101 102 105 106 108 109 105 98 84 78 68 57 39 0 0 0 0 87 112 103 103 107 113 0 0 0 0 0 0 0 0 0 0 0 0 0 0 0 0 0 0 0 0 0 0 0 43 50 65 74 81 92 100 102 102 102 101 101 101 100 98 96 94 91 85 82 77 73 72 73 72 72 70 69 68 69 71 75 76 78 78 0 0 0 0 0 0 0 0 0 0 0 0 0 0 0 0 0 0 
67 67 69 70 70 71 71 71 72 72 71 72 72 72 73 75 75 76 77 78 78 79 79 79 79 80 80 81 81 81 81 79 78 77 75 71 0 0 0 0 0 0 0 0 0 0 0 0 0 0 0 0 0 0 0 0 0 0 0 0 0 0 0 0 0 0 0 0 0 0 52 70 79 84 87 97 100 100 102 103 105 107 107 104 97 83 76 66 56 38 0 0 0 0 0 108 99 99 99 107 80 0 0 0 0 0 0 0 0 0 0 0 0 0 0 0 0 0 0 0 0 0 0 41 50 66 75 81 91 100 101 102 101 101 101 100 99 97 95 92 86 79 76 74 72 73 75 74 72 69 67 63 59 60 63 63 63 67 0 0 0 0 0 0 0 0 0 0 0 0 0 0 0 0 0 62 
65 68 69 70 70 71 71 71 72 72 72 72 72 73 74 75 76 77 77 78 78 79 78 79 79 80 80 81 81 82 81 80 79 78 76 71 0 0 0 0 0 0 0 0 0 0 0 0 0 0 0 0 0 0 0 0 0 0 0 0 0 0 0 0 0 0 0 0 0 0 53 70 79 84 87 97 100 100 101 102 104 106 106 103 96 84 77 67 56 37 0 0 0 0 0 94 89 85 85 90 74 0 0 0 0 0 0 0 0 0 0 0 0 0 0 0 0 0 0 0 0 0 0 41 51 67 75 81 91 100 101 101 101 101 101 100 99 96 93 88 81 75 76 77 80 83 84 82 78 75 72 67 62 66 69 69 70 74 0 0 0 0 0 0 0 0 0 0 0 0 0 0 0 64 0 62 
72 69 69 70 70 71 71 71 72 72 72 73 73 73 74 75 76 77 77 78 78 78 78 79 79 80 80 81 82 82 82 81 80 79 77 73 0 0 0 0 0 0 0 0 0 0 0 0 0 0 0 0 0 0 0 0 0 0 0 0 0 0 0 0 0 0 0 0 0 0 50 70 79 84 87 96 99 100 100 102 103 105 105 102 95 83 76 65 55 37 0 0 0 0 0 83 85 79 79 82 75 0 0 0 0 0 0 0 0 0 0 0 0 0 0 0 0 0 0 0 0 0 0 0 51 68 77 83 91 100 100 101 100 100 100 100 98 95 92 86 81 77 80 82 84 85 86 83 80 77 74 68 65 73 75 75 77 79 0 0 0 0 0 0 0 0 0 0 0 0 0 0 0 64 0 64 
64 72 70 70 70 70 70 70 71 72 72 72 73 73 74 75 76 77 77 77 78 78 78 78 79 80 80 81 82 82 82 80 80 79 76 71 0 0 0 0 0 0 0 0 0 0 0 0 0 0 0 0 0 0 0 0 0 0 0 0 0 0 0 0 0 0 0 0 0 0 50 70 78 83 87 96 99 100 100 101 102 104 104 101 94 83 77 66 56 0 0 0 0 0 0 0 80 72 72 72 70 0 0 0 0 0 0 0 0 0 0 0 0 0 0 0 0 0 0 0 0 0 0 0 53 71 79 85 91 100 100 100 100 100 100 99 96 94 90 84 80 79 83 86 88 90 92 90 86 83 77 71 70 79 78 79 80 82 70 0 0 0 0 0 0 0 0 0 0 0 0 0 0 65 0 65 
68 70 69 69 70 70 71 71 72 72 72 72 73 73 74 75 76 76 77 77 78 78 78 79 79 80 80 81 81 82 81 80 79 78 76 70 0 0 0 0 0 0 0 0 0 0 0 0 0 0 0 0 0 0 0 0 0 0 0 0 0 0 0 0 0 0 0 0 0 0 48 69 78 83 86 96 98 99 99 100 101 103 103 100 92 84 77 67 57 0 0 0 0 0 0 0 71 63 63 63 61 48 0 0 0 0 0 0 0 0 0 0 0 0 0 0 0 0 0 0 0 0 0 0 54 71 80 85 91 99 100 100 100 99 99 99 95 94 89 84 81 84 86 89 92 93 93 89 85 80 74 68 72 81 80 81 82 83 70 0 0 0 0 0 0 0 0 0 0 0 0 0 0 65 0 65 
73 65 69 69 70 70 70 70 71 71 71 72 73 73 74 75 75 76 77 77 77 78 78 78 79 80 80 80 81 82 82 80 79 78 75 67 0 0 0 0 0 0 0 0 0 0 0 0 0 0 0 0 0 0 0 0 0 0 0 0 0 0 0 0 0 0 0 0 0 0 47 68 77 82 85 95 98 98 98 99 100 101 102 98 91 85 79 68 59 0 0 0 0 0 0 0 63 57 57 57 57 48 0 0 0 0 0 0 0 0 0 0 0 0 0 0 0 0 0 0 0 0 0 0 57 74 82 87 91 99 100 100 100 99 99 99 94 92 87 82 81 86 87 90 93 93 92 89 86 79 73 70 76 84 85 86 89 88 74 0 0 0 0 0 0 0 0 0 0 0 0 0 0 65 0 68 
67 64 69 69 70 70 70 70 70 70 71 72 73 74 74 74 75 75 75 75 76 76 77 78 79 79 79 80 81 82 82 79 78 77 74 65 0 0 0 0 0 0 0 0 0 0 0 0 0 0 0 0 0 0 0 0 0 0 0 0 0 0 0 0 0 0 0 0 0 0 45 67 76 82 85 95 97 98 97 98 99 100 101 97 89 83 77 67 57 0 0 0 0 0 0 0 0 55 55 55 55 0 0 0 0 0 0 0 0 0 0 0 0 0 0 0 0 0 0 0 0 0 0 0 55 74 82 86 91 99 100 101 100 100 99 98 93 91 83 80 80 86 87 91 93 92 91 88 86 79 74 73 81 86 87 89 90 89 74 0 0 0 0 0 0 0 0 0 0 0 0 0 0 64 0 60 
64 72 69 69 70 70 70 70 70 71 71 72 73 73 73 72 73 72 71 72 74 74 76 78 79 79 79 80 81 81 81 79 78 77 73 64 0 0 0 0 0 0 0 0 0 0 0 0 0 0 0 0 0 0 0 0 0 0 0 0 0 0 0 0 0 0 0 0 0 0 46 66 76 81 84 95 97 97 97 97 98 99 99 95 87 84 78 67 58 0 0 0 0 0 0 0 0 49 49 49 49 0 0 0 0 0 0 0 0 0 0 0 0 0 0 0 0 0 0 0 0 0 0 0 56 74 82 86 91 99 100 100 100 100 99 98 92 90 83 79 78 83 84 88 89 89 87 85 83 76 71 73 79 83 85 87 88 86 72 0 0 0 0 0 0 0 0 0 0 0 0 0 0 63 64 65 
66 73 68 69 69 70 70 70 70 71 71 72 73 73 72 71 70 68 68 69 72 73 75 77 79 79 79 80 81 81 82 79 78 77 74 64 0 0 0 0 0 0 0 0 0 0 0 0 0 0 0 0 0 0 0 0 0 0 0 0 0 0 0 0 0 0 0 0 0 0 44 65 75 80 83 94 96 96 96 96 97 97 98 94 85 82 76 65 55 0 0 0 0 0 0 0 0 0 0 0 0 0 0 0 0 0 0 0 0 0 0 0 0 0 0 0 0 0 0 0 0 0 0 0 58 75 83 87 92 99 100 100 99 98 96 94 88 85 80 78 77 82 83 87 88 88 86 83 82 73 70 72 76 80 81 82 80 79 67 0 0 0 0 0 0 0 0 0 0 0 0 0 0 63 0 63 
65 69 69 69 69 70 70 70 71 71 71 72 73 73 71 69 68 65 64 65 69 70 74 76 79 79 80 81 81 81 82 79 78 77 74 64 0 0 0 0 0 0 0 0 0 0 0 0 0 0 0 0 0 0 0 0 0 0 0 0 0 0 0 0 0 0 0 0 0 0 43 65 75 80 83 94 95 95 95 95 95 96 97 93 84 80 74 62 53 0 0 0 0 0 0 0 0 0 0 0 0 0 0 0 0 0 0 0 0 0 0 0 0 0 0 0 0 0 0 0 0 0 0 0 58 75 83 87 91 99 100 99 97 95 92 90 84 83 77 75 75 80 81 85 87 86 84 83 82 75 72 76 77 80 79 79 78 77 65 0 0 0 0 0 0 0 0 0 0 0 0 0 0 64 57 66 
68 65 68 69 69 70 70 70 71 71 72 72 73 73 70 67 66 63 60 62 66 68 73 76 79 79 80 81 81 81 81 79 78 77 74 66 0 0 0 0 0 0 0 0 0 0 0 0 0 0 0 0 0 0 0 0 0 0 0 0 0 0 0 0 0 0 0 0 0 0 43 65 75 80 83 94 95 94 94 94 94 95 96 91 82 78 72 61 52 0 0 0 0 0 0 0 0 0 0 0 0 0 0 0 0 0 0 0 0 0 0 0 0 0 0 0 0 0 0 0 0 0 0 0 58 75 83 86 91 98 99 96 93 91 88 85 82 81 75 73 71 76 77 81 83 83 81 80 79 74 72 75 75 77 75 75 73 73 0 0 0 0 0 0 0 0 0 0 0 0 0 0 61 63 0 69 
64 73 68 68 69 70 70 70 72 72 72 72 73 72 70 66 66 62 59 61 66 68 73 76 79 80 80 80 80 81 81 78 77 77 74 65 0 0 0 0 0 0 0 0 0 0 0 0 0 0 0 0 0 0 0 0 0 0 0 0 0 0 0 0 0 0 0 0 0 0 43 64 74 79 83 93 94 94 93 93 93 94 95 90 81 77 71 59 50 0 0 0 0 0 0 0 0 0 0 0 0 0 0 0 0 0 0 0 0 0 0 0 0 0 0 0 0 0 0 0 0 0 0 0 64 79 86 89 91 98 97 94 91 89 84 81 79 79 76 73 70 0 71 72 75 74 74 75 0 0 0 0 67 69 67 67 65 66 0 0 0 0 0 0 0 0 0 0 0 0 0 0 63 64 64 66 
72 64 68 68 68 69 70 70 71 72 72 72 73 72 70 68 67 65 63 65 68 70 73 76 78 79 80 81 80 81 81 78 77 76 73 65 0 0 0 0 0 0 0 0 0 0 0 0 0 0 0 0 0 0 0 0 0 0 0 0 0 0 0 0 0 0 0 0 0 0 42 63 73 79 82 93 93 93 92 92 92 94 95 90 80 76 70 58 48 0 0 0 0 0 0 0 0 0 0 0 0 0 0 0 0 0 0 0 0 0 0 0 0 0 0 0 0 0 0 0 0 0 0 0 65 79 86 89 91 98 96 93 89 85 78 71 68 66 0 0 0 0 0 0 0 0 0 0 0 0 0 0 0 0 0 0 0 0 0 0 0 0 0 0 0 0 0 0 0 0 0 0 64 65 62 62 
72 64 67 67 68 69 69 70 71 71 71 72 72 72 71 70 69 68 66 67 70 71 74 76 78 79 80 81 81 81 81 77 77 76 73 65 0 0 0 0 0 0 0 0 0 0 0 0 0 0 0 0 0 0 0 0 0 0 0 0 0 0 0 0 0 0 0 0 0 0 42 63 73 78 82 92 93 93 92 92 92 93 94 89 79 75 69 56 47 0 0 0 0 0 0 0 0 0 0 0 0 0 0 0 0 0 0 0 0 0 0 0 0 0 0 0 0 0 0 0 0 0 0 0 64 78 85 88 90 97 96 90 86 82 74 59 0 0 0 0 0 0 0 0 0 0 0 0 0 0 0 0 0 0 0 0 0 0 0 0 0 0 0 0 0 0 0 0 0 0 0 60 64 64 72 65 
64 71 68 68 68 69 69 69 70 70 71 71 72 73 72 72 71 71 69 70 71 73 74 77 78 79 80 80 80 81 80 77 77 75 73 66 0 0 0 0 0 0 0 0 0 0 0 0 0 0 0 0 0 0 0 0 0 0 0 0 0 0 0 0 0 0 0 0 0 0 42 65 74 80 83 92 93 93 93 92 93 93 94 88 79 75 68 55 44 0 0 0 0 0 0 0 0 0 0 0 0 0 0 0 0 0 0 0 0 0 0 0 0 0 0 0 0 0 0 0 0 0 0 0 66 79 85 88 90 96 95 90 87 83 75 0 0 0 0 0 0 0 0 0 0 0 0 0 0 0 0 0 0 0 0 0 0 0 0 0 0 0 0 0 0 0 0 0 0 0 0 60 64 64 70 69 
60 67 67 67 68 69 68 68 68 68 69 69 71 72 73 73 73 73 72 73 73 74 75 77 78 79 79 80 80 80 80 77 77 75 73 66 0 0 0 0 0 0 0 0 0 0 0 0 0 0 0 0 0 0 0 0 0 0 0 0 0 0 0 0 0 0 0 0 0 0 0 66 76 81 84 91 93 93 93 92 93 93 94 88 78 74 67 54 43 0 0 0 0 0 0 0 0 0 0 0 0 0 0 0 0 0 0 0 0 0 0 0 0 0 0 0 0 0 0 0 0 0 0 0 66 79 85 89 90 96 95 92 90 87 82 73 0 0 0 0 0 0 0 0 0 0 0 0 0 0 0 0 0 0 0 0 0 0 0 0 0 0 0 0 0 0 0 0 0 0 0 62 65 65 67 66 
67 69 67 67 67 68 67 66 66 66 66 66 68 70 71 72 73 74 74 74 74 75 76 77 77 78 79 79 79 80 80 77 77 76 74 67 0 0 0 0 0 0 0 0 0 0 0 0 0 0 0 0 0 0 0 0 0 0 0 0 0 0 0 0 0 0 0 0 0 0 0 66 75 80 83 90 92 93 92 93 93 93 93 87 77 73 66 52 41 0 0 0 0 0 0 0 0 0 0 0 0 0 0 0 0 0 0 0 0 0 0 0 0 0 0 0 0 0 0 0 0 0 0 0 67 80 85 88 90 96 95 92 90 87 81 75 71 0 0 0 0 0 0 0 0 0 0 0 0 0 0 0 0 0 0 0 0 0 0 0 0 0 0 0 0 0 0 0 0 0 0 62 64 65 65 69 
69 63 66 67 67 67 67 66 65 64 64 65 66 67 69 70 71 72 72 72 73 73 75 76 77 77 78 78 79 79 80 77 77 76 74 68 0 0 0 0 0 0 0 0 0 0 0 0 0 0 0 0 0 0 0 0 0 0 0 0 0 0 0 0 0 0 0 0 0 0 0 69 77 82 84 89 92 92 92 93 93 93 93 87 77 72 65 51 41 0 0 0 0 0 0 0 0 0 0 0 0 0 0 0 0 0 0 0 0 0 0 0 0 0 0 0 0 0 0 0 0 0 0 0 66 79 85 88 90 96 96 93 91 89 84 79 75 68 61 58 57 57 60 61 60 61 0 0 0 0 0 0 0 0 0 0 0 0 0 0 0 0 0 0 0 0 0 0 0 0 0 62 63 65 65 64 
0 63 67 67 67 67 66 65 64 63 63 63 64 66 67 69 70 71 72 72 73 73 73 73 73 73 74 75 76 76 77 75 75 74 72 68 0 0 0 0 0 0 0 0 0 0 0 0 0 0 0 0 0 0 0 0 0 0 0 0 0 0 0 0 0 0 0 0 0 0 0 67 76 81 83 88 91 92 92 92 92 93 93 86 75 71 64 50 41 0 0 0 0 0 0 0 0 0 0 0 0 0 0 0 0 0 0 0 0 0 0 0 0 0 0 0 0 0 0 0 0 0 0 0 66 79 84 87 89 95 96 95 93 91 87 84 81 76 71 71 70 69 71 71 70 70 68 66 0 0 0 0 0 0 0 0 0 0 0 0 0 0 0 0 0 0 0 0 0 0 0 63 64 65 66 69 
0 0 65 65 66 66 64 63 61 60 60 60 60 62 65 67 69 71 71 72 72 72 72 72 72 72 73 74 74 75 76 75 74 74 72 68 0 0 0 0 0 0 0 0 0 0 0 0 0 0 0 0 0 0 0 0 0 0 0 0 0 0 0 0 0 0 0 0 0 0 0 62 72 77 80 87 90 91 91 91 91 91 91 85 74 70 63 49 40 0 0 0 0 0 0 0 0 0 0 0 0 0 0 0 0 0 0 0 0 0 0 0 0 0 0 0 0 0 0 0 0 0 0 0 65 78 83 86 88 94 94 94 92 90 86 83 79 75 71 70 69 68 69 70 70 69 68 67 65 0 0 0 0 0 0 0 0 0 0 0 0 0 0 0 0 0 0 0 0 0 0 63 64 65 59 70 
0 0 64 63 63 64 63 61 63 61 60 60 59 59 62 65 67 69 70 71 71 70 71 70 70 70 71 72 73 74 75 74 73 73 72 0 0 0 0 0 0 0 0 0 0 0 0 0 0 0 0 0 0 0 0 0 0 0 0 0 0 0 0 0 0 0 0 0 0 0 0 59 67 72 74 80 83 84 84 84 85 85 85 79 71 68 61 48 40 0 0 0 0 0 0 0 0 0 0 0 0 0 0 0 0 0 0 0 0 0 0 0 0 0 0 0 0 0 0 0 0 0 0 0 62 72 77 79 81 85 86 85 84 82 79 78 76 73 71 70 69 68 69 70 70 69 68 67 65 0 0 0 0 0 0 0 0 0 0 0 0 0 0 0 0 0 0 0 0 0 0 62 63 65 70 69 
0 0 0 0 0 0 0 0 0 81 76 75 72 68 61 62 62 65 66 67 67 67 66 65 66 67 68 70 72 72 73 72 71 71 70 0 0 0 0 0 0 0 0 0 0 0 0 0 0 0 0 0 0 0 0 0 0 0 0 0 0 0 0 0 0 0 0 0 0 0 0 58 66 71 73 78 81 82 82 82 83 83 83 77 70 66 60 48 0 0 0 0 0 0 0 0 0 0 0 0 0 0 0 0 0 0 0 0 0 0 0 0 0 0 0 0 0 0 0 0 0 0 0 0 60 70 74 77 79 83 84 83 81 80 79 78 77 75 72 70 69 68 69 70 70 69 68 67 65 0 0 0 0 0 0 0 0 0 0 0 0 0 0 0 0 0 0 0 0 0 0 63 64 66 62 72 
0 0 0 0 0 0 0 0 0 92 82 80 80 80 64 0 0 0 0 0 0 0 0 0 58 60 61 64 65 66 66 66 64 0 0 0 0 0 0 0 0 0 0 0 0 0 0 0 0 0 0 0 0 0 0 0 0 0 0 0 0 0 0 0 0 0 0 0 0 0 0 55 62 67 69 75 78 79 79 79 80 80 80 74 68 65 59 47 0 0 0 0 0 0 0 0 0 0 0 0 0 0 0 0 0 0 0 0 0 0 0 0 0 0 0 0 0 0 0 0 0 0 0 0 0 68 71 74 75 79 79 78 77 75 75 75 77 77 77 76 75 74 74 75 74 72 72 70 68 0 0 0 0 0 0 0 0 0 0 0 0 0 0 0 0 0 0 0 0 0 0 64 65 67 66 68 
0 0 0 0 0 0 0 0 71 87 82 79 80 82 68 0 0 0 0 0 0 0 0 0 0 0 0 0 0 0 0 0 0 0 0 0 0 0 0 0 0 0 0 0 0 0 0 0 0 0 0 0 0 0 0 0 0 0 0 0 0 0 0 0 0 0 0 0 0 0 0 0 60 63 65 69 72 73 73 73 74 74 74 71 66 63 59 0 0 0 0 0 0 0 0 0 0 0 0 0 0 0 0 0 0 0 0 0 0 0 0 0 0 0 0 0 0 0 0 0 0 0 0 0 0 63 66 67 68 71 70 69 67 65 65 65 67 68 70 68 68 66 67 68 69 67 68 0 0 0 0 0 0 0 0 0 0 0 0 0 0 0 0 0 0 0 0 0 0 0 0 64 65 67 65 70 
0 0 0 0 0 0 0 0 69 84 82 79 81 84 73 66 0 0 0 0 0 0 0 0 0 0 0 0 0 0 0 0 0 0 0 0 0 0 0 0 0 0 0 0 0 0 0 0 0 0 0 0 0 0 0 0 0 0 0 0 0 0 0 0 0 0 0 0 0 0 0 0 0 0 53 54 56 58 59 60 60 60 61 59 59 0 0 0 0 0 0 0 0 0 0 0 0 0 0 0 0 0 0 0 0 0 0 0 0 0 0 0 0 0 0 0 0 0 0 0 0 0 0 0 0 0 0 52 52 53 53 50 48 47 45 0 0 0 0 0 0 0 0 0 0 0 0 0 0 0 0 55 55 55 55 0 0 0 0 0 0 0 0 0 0 0 0 0 0 0 0 66 66 67 68 72 
0 0 0 0 0 0 59 59 66 80 85 82 85 89 79 66 0 0 0 0 0 0 0 0 0 0 0 0 0 0 0 0 0 0 0 0 0 0 0 0 0 0 0 0 0 0 0 0 0 0 0 0 0 0 0 0 0 0 0 0 0 0 0 0 0 0 0 0 0 0 0 0 0 0 0 0 0 0 0 0 0 0 0 0 0 0 0 0 0 0 0 0 0 0 0 0 0 0 0 0 0 0 0 0 0 0 0 0 0 0 0 0 0 0 0 0 0 0 0 0 0 0 0 0 0 0 0 0 0 0 0 0 0 0 0 0 0 0 0 0 0 0 0 0 0 0 0 0 0 0 0 55 55 55 55 0 0 0 0 0 0 0 0 0 0 0 0 0 0 0 0 65 65 67 65 70 
0 0 0 71 68 66 64 63 65 75 84 83 85 89 84 67 0 0 0 0 0 0 0 0 0 0 0 0 0 0 0 0 0 0 0 0 0 0 0 0 0 0 0 0 0 0 0 0 0 0 0 0 0 0 0 0 0 0 0 0 0 0 0 0 0 0 0 0 0 0 0 0 0 0 0 0 0 0 0 0 0 0 0 0 0 0 0 0 0 0 0 0 0 0 0 0 0 0 0 0 0 0 0 0 0 0 0 0 0 0 0 0 0 0 0 0 0 0 0 0 0 0 0 0 0 0 0 0 0 0 0 0 0 0 0 0 0 0 0 0 0 0 0 0 0 0 0 0 0 0 0 0 0 0 0 0 0 0 0 0 0 0 0 0 0 0 0 0 0 0 0 64 65 66 63 72 
0 0 74 73 72 70 68 66 68 73 83 84 86 89 89 71 0 0 0 0 0 0 0 0 0 0 0 0 0 0 0 0 0 0 0 0 0 0 0 0 0 0 0 0 0 0 0 0 0 0 0 0 0 0 0 0 0 0 0 0 0 0 0 0 0 0 0 0 0 0 0 0 0 0 0 0 0 0 0 0 0 0 0 0 0 0 0 0 0 0 0 0 0 0 0 0 0 0 0 0 0 0 0 0 0 0 0 0 0 0 0 0 0 0 0 0 0 0 0 0 0 0 0 0 0 0 0 0 0 0 0 0 0 0 0 0 0 0 0 0 0 0 0 0 0 0 0 0 0 0 0 0 0 0 0 0 0 0 0 0 0 0 0 0 0 0 0 0 0 0 0 63 64 66 66 68 
0 0 75 75 74 73 71 69 70 72 82 85 86 88 91 76 0 0 0 0 0 0 0 0 0 0 0 0 0 0 0 0 0 0 0 0 0 0 0 0 0 0 0 0 0 0 0 0 0 0 0 0 0 0 0 0 0 0 0 0 0 0 0 0 0 0 0 0 0 0 0 0 0 0 0 0 0 0 0 0 0 0 0 0 0 0 0 0 0 0 0 0 0 0 0 0 0 0 0 0 0 0 0 0 0 0 0 0 0 0 0 0 0 0 0 0 0 0 0 0 0 0 0 0 0 0 0 0 0 0 0 0 0 0 0 0 0 0 0 0 0 0 0 0 0 0 0 0 0 0 0 0 0 0 0 0 0 0 0 0 0 0 0 0 0 0 0 0 0 0 0 0 64 66 65 69 
0 61 74 74 74 74 72 71 71 73 81 86 85 88 91 81 64 0 0 0 0 0 0 0 0 0 0 0 0 0 0 0 0 0 0 0 0 0 0 0 0 0 0 0 0 0 0 0 0 0 0 0 0 0 0 0 0 0 0 0 0 0 0 0 0 0 0 0 0 0 0 0 0 0 0 0 0 0 0 0 0 0 0 0 0 0 0 0 0 0 0 0 0 0 0 0 0 0 0 0 0 0 0 0 0 0 0 0 0 0 0 0 0 0 0 0 0 0 0 0 0 0 0 0 0 0 0 0 0 0 0 0 0 0 0 0 0 0 0 0 0 0 0 0 0 0 0 0 0 0 0 0 0 0 0 0 0 0 0 0 0 0 0 0 0 0 0 0 0 0 0 0 63 65 62 71 
0 0 73 74 74 75 74 73 73 74 79 84 83 85 89 84 64 0 0 0 0 0 0 0 0 0 0 0 0 0 0 0 0 0 0 0 0 0 0 0 0 0 0 0 0 0 0 0 0 0 0 0 0 0 0 0 0 0 0 0 0 0 0 0 0 0 0 0 0 0 0 0 0 0 0 0 0 0 0 0 0 0 0 0 0 0 0 0 0 0 0 0 0 0 0 0 0 0 0 0 0 0 0 0 0 0 0 0 0 0 0 0 0 0 0 0 0 0 0 0 0 0 0 0 0 0 0 0 0 0 0 0 0 0 0 0 0 0 0 0 0 0 0 0 0 0 0 0 0 0 0 0 0 0 0 0 0 0 0 0 0 0 0 0 0 0 0 0 0 0 0 0 0 66 0 0 
0 0 72 74 75 76 75 74 73 73 76 82 81 83 88 87 0 0 0 0 0 0 0 0 0 0 0 0 0 0 0 0 0 0 0 0 0 0 0 0 0 0 0 0 0 0 0 0 0 0 0 0 0 0 0 0 0 0 0 0 0 0 0 0 0 0 0 0 0 0 0 0 0 0 0 0 0 0 0 0 0 0 0 0 0 0 0 0 0 0 0 0 0 0 0 0 0 0 0 0 0 0 0 0 0 0 0 0 0 0 0 0 0 0 0 0 0 0 0 0 0 0 0 0 0 0 0 0 0 0 0 0 0 0 0 0 0 0 0 0 0 0 0 0 0 0 0 0 0 0 0 0 0 0 0 0 0 0 0 0 0 0 0 0 0 0 0 0 0 0 0 0 0 0 0 0 
62 65 71 73 74 75 74 73 72 72 74 79 80 82 87 90 0 0 0 0 0 0 0 0 0 0 0 0 0 0 0 0 0 0 0 0 0 0 0 0 0 0 0 0 0 0 0 0 0 0 0 0 0 0 0 0 0 0 0 0 0 0 0 0 0 0 0 0 0 0 0 0 0 0 0 0 0 0 0 0 0 0 0 0 0 0 0 0 0 0 0 0 0 0 0 0 0 0 0 0 0 0 0 0 0 0 0 0 0 0 0 0 0 0 0 0 0 0 0 0 0 0 0 0 0 0 0 0 0 0 0 0 0 0 0 0 0 0 0 0 0 0 0 0 0 0 0 0 0 0 0 0 0 0 0 0 0 0 0 0 0 0 0 0 0 0 0 0 0 0 0 0 0 0 0 0 
62 62 70 72 72 72 71 71 70 71 72 77 78 80 85 0 0 0 0 0 0 0 0 0 0 0 0 0 0 0 0 0 0 0 0 0 0 0 0 0 0 0 0 0 0 0 0 0 0 0 0 0 0 0 0 0 0 0 0 0 0 0 0 0 0 0 0 0 0 0 0 0 0 0 0 0 0 0 0 0 0 0 0 0 0 0 0 0 0 0 0 0 0 0 0 0 0 0 0 0 0 0 0 0 0 0 0 0 0 0 0 0 0 0 0 0 0 0 0 0 0 0 0 0 0 0 0 0 0 0 0 0 0 0 0 0 0 0 0 0 0 0 0 0 0 0 0 0 0 0 0 0 0 0 0 0 0 0 0 0 0 0 0 0 0 0 0 0 0 0 0 0 0 0 0 0 
0 67 97 85 78 73 71 69 69 69 70 73 79 109 147 179 195 193 182 173 0 0 0 0 0 0 0 0 0 0 0 0 0 0 0 0 0 0 0 0 0 0 0 0 0 0 0 0 0 0 0 0 0 0 0 0 0 0 0 0 0 0 0 0 0 0 0 0 0 0 0 0 0 0 0 0 0 0 0 0 0 0 0 0 0 0 0 0 0 0 0 0 0 0 0 0 0 0 0 0 0 0 0 0 0 0 0 0 0 0 0 0 0 0 0 0 0 0 0 0 0 0 0 0 0 0 0 0 0 0 0 0 0 0 0 0 0 0 0 0 0 0 0 0 0 0 0 0 0 0 0 0 0 0 0 0 0 0 0 0 0 0 0 0 0 0 0 0 0 0 0 0 0 0 0 0 
85 0 181 160 142 126 116 112 112 119 140 186 242 308 363 369 323 285 257 221 165 0 0 0 0 0 0 0 0 0 0 0 0 0 0 0 0 0 0 0 0 0 0 0 0 0 0 0 0 0 0 0 0 0 0 0 0 0 0 0 0 0 0 0 0 0 0 0 0 0 0 0 0 0 0 0 0 0 0 0 0 0 0 0 0 0 0 0 0 0 0 0 0 0 0 0 0 0 0 0 0 0 0 0 0 0 0 0 0 0 0 0 0 0 0 0 0 0 0 0 0 0 0 0 0 0 0 0 0 0 0 0 0 0 0 0 0 0 0 0 0 0 0 0 0 0 0 0 0 0 0 0 0 0 0 0 0 0 0 0 0 0 0 0 0 0 0 0 0 0 0 0 0 0 0 0 
338 229 271 251 234 220 214 222 239 266 307 373 409 429 436 429 368 312 276 227 157 0 0 0 0 0 0 0 0 0 0 0 0 0 0 0 0 0 0 0 0 0 0 0 0 0 0 0 0 0 0 0 0 0 0 0 0 0 0 0 0 0 0 0 0 0 0 0 0 0 0 0 0 0 0 0 0 0 0 0 0 0 0 0 0 0 0 0 0 0 0 0 0 0 0 0 0 0 0 0 0 0 0 0 0 0 0 0 0 0 0 0 0 0 0 0 0 0 0 0 0 0 0 0 0 0 0 0 0 0 0 0 0 0 0 0 0 0 0 0 0 0 0 0 0 0 0 0 0 0 0 0 0 0 0 0 0 0 0 0 0 0 0 0 0 0 0 0 0 0 0 0 0 0 0 0 
485 487 335 328 312 300 300 320 337 358 387 429 435 451 457 444 377 325 285 230 153 0 0 0 0 0 0 0 0 0 0 0 0 0 0 0 0 0 0 0 0 0 0 0 0 0 0 0 0 0 0 0 0 0 0 0 0 0 0 0 0 0 0 0 0 0 0 0 0 0 0 0 0 0 0 0 0 0 0 0 0 0 0 0 0 0 0 0 0 0 0 0 0 0 0 0 0 0 0 0 0 0 0 0 0 0 0 0 0 0 0 0 0 0 0 0 0 0 0 0 0 0 0 0 0 0 0 0 0 0 0 0 0 0 0 0 0 0 0 0 0 0 0 0 0 0 0 0 0 0 0 0 0 0 0 0 0 0 0 0 0 0 0 0 0 0 0 0 0 0 0 0 0 0 0 0 
443 439 378 374 373 376 380 393 395 400 409 427 435 450 455 438 382 333 293 235 154 0 0 0 0 0 0 0 0 0 0 0 0 0 0 0 0 0 0 0 0 0 0 0 0 0 0 0 0 0 0 0 0 0 0 0 0 0 0 0 0 0 0 0 0 0 0 0 0 0 0 0 0 0 0 0 0 0 0 0 0 0 0 0 0 0 0 0 0 0 0 0 0 0 0 0 0 0 0 0 0 0 0 0 0 0 0 0 0 0 0 0 0 0 0 0 0 0 0 0 0 0 0 0 0 0 0 0 0 0 0 0 0 0 0 0 0 0 0 0 0 0 0 0 0 0 0 0 0 0 0 0 0 0 0 0 0 0 0 0 0 0 0 0 0 0 0 0 0 0 0 0 0 0 0 0 
402 406 415 411 406 400 394 391 392 397 405 421 442 463 476 461 399 349 303 231 138 0 0 0 0 0 0 0 0 0 0 0 0 0 0 0 0 0 0 0 0 0 0 0 0 0 0 0 0 0 0 0 0 0 0 0 0 0 0 0 0 0 0 0 0 0 0 0 0 0 0 0 0 0 0 0 0 0 0 0 0 0 0 0 0 0 0 0 0 0 0 0 0 0 0 0 0 0 0 0 0 0 0 0 0 0 0 0 0 0 0 0 0 0 0 0 0 0 0 0 0 0 0 0 0 0 0 0 0 0 0 0 0 0 0 0 0 0 0 0 0 0 0 0 0 0 0 0 0 0 0 0 0 0 0 0 0 0 0 0 0 0 0 0 0 0 0 0 0 0 0 0 0 0 0 0 
385 395 394 403 409 414 416 419 423 428 433 442 453 460 459 428 359 318 272 198 114 0 0 0 0 0 0 0 0 0 0 0 0 0 0 0 0 0 0 0 0 0 0 0 0 0 0 0 0 0 0 0 0 0 0 0 0 0 0 0 0 0 0 0 0 0 0 0 0 0 0 0 0 0 0 0 0 0 0 0 0 0 0 0 0 0 0 0 0 0 0 0 0 0 0 0 0 0 0 0 0 0 0 0 0 0 0 0 0 0 0 0 0 0 0 0 0 0 0 0 0 0 0 0 0 0 0 0 0 0 0 0 0 0 0 0 0 0 0 0 0 0 0 0 0 0 0 0 0 0 0 0 0 0 0 0 0 0 0 0 0 0 0 0 0 0 0 0 0 0 0 0 0 0 0 0 
355 361 351 370 382 389 391 393 395 398 402 411 420 424 420 383 317 286 243 168 98 0 0 0 0 0 0 0 0 0 0 0 0 0 0 0 0 0 0 0 0 0 0 0 0 0 0 0 0 0 0 0 0 0 0 0 0 0 0 0 0 0 0 0 0 0 0 0 0 0 0 0 0 0 0 0 0 0 0 0 0 0 0 0 0 0 0 0 0 0 0 0 0 0 0 0 0 0 0 0 0 0 0 0 0 0 0 0 0 0 0 0 0 0 0 0 0 0 0 0 0 0 0 0 0 0 0 0 0 0 0 0 0 0 0 0 0 0 0 0 0 0 0 0 0 0 0 0 0 0 0 0 0 0 0 0 0 0 0 0 0 0 0 0 0 0 0 0 0 0 0 0 0 0 0 0 
245 337 323 343 356 372 377 378 378 379 382 387 394 394 388 346 283 252 211 137 84 0 0 0 0 0 0 0 0 0 0 0 0 0 0 0 0 0 0 0 0 0 0 0 0 0 0 0 0 0 0 0 0 0 0 0 0 0 0 0 0 0 0 0 0 0 0 0 0 0 0 0 0 0 0 0 0 0 0 0 0 0 0 0 0 0 0 0 0 0 0 0 0 0 0 0 0 0 0 0 0 0 0 0 0 0 0 0 0 0 0 0 0 0 0 0 0 0 0 0 0 0 0 0 0 0 0 0 0 0 0 0 0 0 0 0 0 0 0 0 0 0 0 0 0 0 0 0 0 0 0 0 0 0 0 0 0 0 0 0 0 0 0 0 0 0 0 0 0 0 0 0 0 0 0 0 
87 175 290 316 330 345 358 362 362 364 368 372 378 375 366 321 268 237 196 120 77 0 0 0 0 0 0 0 0 0 0 0 0 0 0 0 0 0 0 0 0 0 0 0 0 0 0 0 0 0 0 0 0 0 0 0 0 0 0 0 0 0 0 0 0 0 0 0 0 0 0 0 0 0 0 0 0 0 0 0 0 0 0 0 0 0 0 0 0 0 0 0 0 0 0 0 0 0 0 0 0 0 0 0 0 0 0 0 0 0 0 0 0 0 0 0 0 0 0 0 0 0 0 0 0 0 0 0 0 0 0 0 0 0 0 0 0 0 0 0 0 0 0 0 0 0 0 0 0 0 0 0 0 0 0 0 0 0 0 0 0 0 0 0 0 0 0 0 0 0 0 0 0 0 0 0 
0 0 252 281 297 313 325 338 343 346 348 351 355 351 342 297 254 225 184 108 0 0 0 0 0 0 0 0 0 0 0 0 0 0 0 0 0 0 0 0 0 0 0 0 0 0 0 0 0 0 0 0 0 0 0 0 0 0 0 0 0 0 0 0 0 0 0 0 0 0 0 0 0 0 0 0 0 0 0 0 0 0 0 0 0 0 0 0 0 0 0 0 0 0 0 0 0 0 0 0 0 0 0 0 0 0 0 0 0 0 0 0 0 0 0 0 0 0 0 0 0 0 0 0 0 0 0 0 0 0 0 0 0 0 0 0 0 0 0 0 0 0 0 0 0 0 0 0 0 0 0 0 0 0 0 0 0 0 0 0 0 0 0 0 0 0 0 0 0 0 0 0 0 0 0 0 
0 0 216 253 264 277 288 297 297 305 313 318 324 324 311 276 243 214 172 101 0 0 0 0 0 0 0 0 0 0 0 0 0 0 0 0 0 0 0 0 0 0 0 0 0 0 0 0 0 0 0 0 0 0 0 0 0 0 0 0 0 0 0 0 0 0 0 0 0 0 0 0 0 0 0 0 0 0 0 0 0 0 0 0 0 0 0 0 0 0 0 0 0 0 0 0 0 0 0 0 0 0 0 0 0 0 0 0 0 0 0 0 0 0 0 0 0 0 0 0 0 0 0 0 0 0 0 0 0 0 0 0 0 0 0 0 0 0 0 0 0 0 0 0 0 0 0 0 0 0 0 0 0 0 0 0 0 0 0 0 0 0 0 0 0 0 0 0 0 0 0 0 0 0 0 0 
0 0 186 223 233 251 269 281 281 291 299 294 291 281 270 240 221 199 167 94 0 0 0 0 0 0 0 0 0 0 0 0 0 0 0 0 0 0 0 0 0 0 0 0 0 0 0 0 0 0 0 0 0 0 0 0 0 0 0 0 0 0 0 0 0 0 0 0 0 0 0 0 0 0 0 0 0 0 0 0 0 0 0 0 0 0 0 0 0 0 0 0 0 0 0 0 0 0 0 0 0 0 0 0 0 0 0 0 0 0 0 0 0 0 0 0 0 0 0 0 0 0 0 0 0 0 0 0 0 0 0 0 0 0 0 0 0 0 0 0 0 0 0 0 0 0 0 0 0 0 0 0 0 0 0 0 0 0 0 0 0 0 0 0 0 0 0 0 0 0 0 0 0 0 0 0 
0 0 0 193 202 211 232 250 252 266 278 273 270 260 249 222 213 196 169 0 0 0 0 0 0 0 0 0 0 0 0 0 0 0 0 0 0 0 0 0 0 0 0 0 0 0 0 0 0 0 0 0 0 0 0 0 0 0 0 0 0 0 0 0 0 0 0 0 0 0 0 0 0 0 0 0 0 0 0 0 0 0 0 0 0 0 0 0 0 0 0 0 0 0 0 0 0 0 0 0 0 0 0 0 0 0 0 0 0 0 0 0 0 0 0 0 0 0 0 0 0 0 0 0 0 0 0 0 0 0 0 0 0 0 0 0 0 0 0 0 0 0 0 0 0 0 0 0 0 0 0 0 0 0 0 0 0 0 0 0 0 0 0 0 0 0 0 0 0 0 0 0 0 0 0 0 
0 0 0 0 152 168 185 205 214 233 246 239 235 227 214 194 188 174 0 0 0 0 0 0 0 0 0 0 0 0 0 0 0 0 0 0 0 0 0 0 0 0 0 0 0 0 0 0 0 0 0 0 0 0 0 0 0 0 0 0 0 0 0 0 0 0 0 0 0 0 0 0 0 0 0 0 0 0 0 0 0 0 0 0 0 0 0 0 0 0 0 0 0 0 0 0 0 0 0 0 0 0 0 0 0 0 0 0 0 0 0 0 0 0 0 0 0 0 0 0 0 0 0 0 0 0 0 0 0 0 0 0 0 0 0 0 0 0 0 0 0 0 0 0 0 0 0 0 0 0 0 0 0 0 0 0 0 0 0 0 0 0 0 0 0 0 0 0 0 0 0 0 0 0 0 0 
0 0 0 0 0 0 0 134 144 174 201 195 195 186 172 161 156 0 0 0 0 0 0 0 0 0 0 0 0 0 0 0 0 0 0 0 0 0 0 0 0 0 0 0 0 0 0 0 0 0 0 0 0 0 0 0 0 0 0 0 0 0 0 0 0 0 0 0 0 0 0 0 0 0 0 0 0 0 0 0 0 0 0 0 0 0 0 0 0 0 0 0 0 0 0 0 0 0 0 0 0 0 0 0 0 0 0 0 0 0 0 0 0 0 0 0 0 0 0 0 0 0 0 0 0 0 0 0 0 0 0 0 0 0 0 0 0 0 0 0 0 0 0 0 0 0 0 0 0 0 0 0 0 0 0 0 0 0 0 0 0 0 0 0 0 0 0 0 0 0 0 0 0 0 0 0 
0 0 0 0 0 0 0 0 0 0 0 0 0 0 0 0 0 0 0 0 0 0 0 0 0 0 0 0 0 0 0 0 0 0 0 0 0 0 0 0 0 0 0 0 0 0 0 0 0 0 0 0 0 0 0 0 0 0 0 0 0 0 0 0 0 0 0 0 0 0 0 0 0 0 0 0 0 0 0 0 0 0 0 0 0 0 0 0 0 0 0 0 0 0 0 0 0 0 0 0 0 0 0 0 0 0 0 0 0 0 0 0 0 0 0 0 0 0 0 0 0 0 0 0 0 0 0 0 0 0 0 0 0 0 0 0 0 0 0 0 0 0 0 0 0 0 0 0 0 0 0 0 0 0 0 0 0 0 0 0 0 0 0 0 0 0 0 0 0 0 0 0 0 0 0 0 
0 0 0 0 0 0 0 0 0 0 0 0 0 0 0 0 0 0 0 0 0 0 0 0 0 0 0 0 0 0 0 0 0 0 0 0 0 0 0 0 0 0 0 0 0 0 0 0 0 0 0 0 0 0 0 0 0 0 0 0 0 0 0 0 0 0 0 0 0 0 0 0 0 0 0 0 0 0 0 0 0 0 0 0 0 0 0 0 0 0 0 0 0 0 0 0 0 0 0 0 0 0 0 0 0 0 0 0 0 0 0 0 0 0 0 0 0 0 0 0 0 0 0 0 0 0 0 0 0 0 0 0 0 0 0 0 0 0 0 0 0 0 0 0 0 0 0 0 0 0 0 0 0 0 0 0 0 0 0 0 0 0 0 0 0 0 0 0 0 0 0 0 0 0 0 0 
0 0 0 0 0 0 0 0 0 0 0 0 0 0 0 0 0 0 0 0 0 0 0 0 0 0 0 0 0 0 0 0 0 0 0 0 0 0 0 0 0 0 0 0 0 0 0 0 0 0 0 0 0 0 0 0 0 0 0 0 0 0 0 0 0 0 0 0 0 0 0 0 0 0 0 0 0 0 0 0 0 0 0 0 0 0 0 0 0 0 0 0 0 0 0 0 0 0 0 0 0 0 0 0 0 0 0 0 0 0 0 0 0 0 0 0 0 0 0 0 0 0 0 0 0 0 0 0 0 0 0 0 0 0 0 0 0 0 0 0 0 0 0 0 0 0 0 0 0 0 0 0 0 0 0 0 0 0 0 0 0 0 0 0 0 0 0 0 0 0 0 0 0 0 0 0 
0 0 0 0 0 0 0 0 0 0 0 0 0 0 0 0 0 0 0 0 0 0 0 0 0 0 0 0 0 0 0 0 0 0 0 0 0 0 0 0 0 0 0 0 0 0 0 0 0 0 0 0 0 0 0 0 0 0 0 0 0 0 0 0 0 0 0 0 0 0 0 0 0 0 0 0 0 0 0 0 0 0 0 0 0 0 0 0 0 0 0 0 0 0 0 0 0 0 0 0 0 0 0 0 0 0 0 0 0 0 0 0 0 0 0 0 0 0 0 0 0 0 0 0 0 0 0 0 0 0 0 0 0 0 0 0 0 0 0 0 0 0 0 0 0 0 0 0 0 0 0 0 0 0 0 0 0 0 0 0 0 0 0 0 0 0 0 0 0 0 0 0 0 0 0 0 
0 0 0 0 0 0 0 0 0 0 0 0 0 0 0 0 0 0 0 0 0 0 0 0 0 0 0 0 0 0 0 0 0 0 0 0 0 0 0 0 0 0 0 0 0 0 0 0 0 0 0 0 0 0 0 0 0 0 0 0 0 0 0 0 0 0 0 0 0 0 0 0 0 0 0 0 0 0 0 0 0 0 0 0 0 0 0 0 0 0 0 0 0 0 0 0 0 0 0 0 0 0 0 0 0 0 0 0 0 0 0 0 0 0 0 0 0 0 0 0 0 0 0 0 0 0 0 0 0 0 0 0 0 0 0 0 0 0 0 0 0 0 0 0 0 0 0 0 0 0 0 0 0 0 0 0 0 0 0 0 0 0 0 0 0 0 0 0 0 0 0 0 0 0 0 0 
0 0 0 0 0 0 0 0 0 0 0 0 0 0 0 0 0 0 0 0 0 0 0 0 0 0 0 0 0 0 0 0 0 0 0 0 0 0 0 0 0 0 0 0 0 0 0 0 0 0 0 0 0 0 0 0 0 0 0 0 0 0 0 0 0 0 0 0 0 0 0 0 0 0 0 0 0 0 0 0 0 0 0 0 0 0 0 0 0 0 0 0 0 0 0 0 0 0 0 0 0 0 0 0 0 0 0 0 0 0 0 0 0 0 0 0 0 0 0 0 0 0 0 0 0 0 0 0 0 0 0 0 0 0 0 0 0 0 0 0 0 0 0 0 0 0 0 0 0 0 0 0 0 0 0 0 0 0 0 0 0 0 0 0 0 0 0 0 0 0 0 0 0 0 0 0 
0 0 0 0 0 0 0 0 0 0 0 0 0 0 0 0 0 0 0 0 0 0 0 0 0 0 0 0 0 0 0 0 0 0 0 0 0 0 0 0 0 0 0 0 0 0 0 0 0 0 0 0 0 0 0 0 0 0 0 0 0 0 0 0 0 0 0 0 0 0 0 0 0 0 0 0 0 0 0 0 0 0 0 0 0 0 0 0 0 0 0 0 0 0 0 0 0 0 0 0 0 0 0 0 0 0 0 0 0 0 0 0 0 0 0 0 0 0 0 0 0 0 0 0 0 0 0 0 0 0 0 0 0 0 0 0 0 0 0 0 0 0 0 0 0 0 0 0 0 0 0 0 0 0 0 0 0 0 0 0 0 0 0 0 0 0 0 0 0 0 0 0 0 0 0 0 
0 0 0 0 0 0 0 0 0 0 0 0 0 0 0 0 0 0 0 0 0 0 0 0 0 0 0 0 0 0 0 0 0 0 0 0 0 0 0 0 0 0 0 0 0 0 0 0 0 0 0 0 0 0 0 0 0 0 0 0 0 0 0 0 0 0 0 0 0 0 0 0 0 0 0 0 0 0 0 0 0 0 0 0 0 0 0 0 0 0 0 0 0 0 0 0 0 0 0 0 0 0 0 0 0 0 0 0 0 0 0 0 0 0 0 0 0 0 0 0 0 0 0 0 0 0 0 0 0 0 0 0 0 0 0 0 0 0 0 0 0 0 0 0 0 0 0 0 0 0 0 0 0 0 0 0 0 0 0 0 0 0 0 0 0 0 0 0 0 0 0 0 0 0 0 0 
