85 93 86 91 90 91 86 79 80 83 88 86 82 87 88 79 82 86 78 85 80 84 80 74 77 74 76 78 85 77 74 82 78 76 67 74 76 83 76 81 78 75 85 74 81 73 77 78 75 82 79 78 77 77 76 77 78 78 76 70 68 67 78 74 76 79 72 83 79 83 74 74 78 77 81 78 77 79 80 78 75 76 79 80 76 75 63 68 71 74 82 77 74 78 80 82 79 73 81 78 74 78 84 80 79 75 78 81 85 78 77 67 66 80 84 82 82 83 89 91 85 89 86 82 91 93 85 88 90 86 90 94 94 97 93 94 87 89 93 93 91 100 96 96 96 99 99 99 108 101 100 108 110 109 101 96 75 76 74 70 71 77 76 74 0 71 77 78 78 86 93 93 97 99 100 103 
79 79 80 89 81 93 82 86 74 77 75 82 85 77 81 80 76 79 70 78 71 82 77 71 80 76 80 81 81 80 78 78 79 73 67 66 73 77 76 79 80 73 80 76 81 75 80 73 76 76 79 76 73 77 80 75 75 75 78 68 64 64 73 75 78 73 78 74 75 74 74 82 76 79 79 74 75 81 78 79 79 76 77 70 77 76 60 71 77 79 79 79 81 78 80 76 76 78 75 81 76 82 80 80 82 80 81 82 83 79 80 65 68 76 85 87 84 86 91 90 86 89 88 87 90 87 91 93 94 92 90 97 88 89 97 92 84 80 89 90 92 96 88 94 97 94 100 96 100 95 104 110 112 111 93 77 69 69 77 76 75 74 73 0 0 77 74 77 82 84 90 95 93 106 96 99 
85 79 82 83 83 82 82 81 80 79 79 78 77 78 77 78 78 78 77 78 78 78 77 78 77 77 78 78 78 78 77 76 76 75 73 73 72 72 73 73 74 74 74 74 75 74 75 74 75 75 74 74 74 74 74 74 75 73 72 71 70 69 70 71 72 74 74 75 75 75 75 75 75 75 75 75 76 76 76 76 76 76 76 76 74 73 73 73 74 76 77 77 77 76 76 76 76 76 77 77 78 78 78 78 79 79 79 80 80 78 76 76 76 77 80 82 83 84 84 85 86 85 85 86 86 86 87 87 87 89 89 89 90 90 88 87 87 88 89 92 93 93 94 94 95 96 98 99 100 101 102 101 97 92 85 80 75 73 72 72 73 73 73 74 73 74 75 76 79 82 86 90 94 95 101 92 
78 82 79 80 80 80 80 81 79 79 78 77 75 76 75 75 75 76 76 76 76 77 76 77 77 77 77 77 76 76 76 75 75 74 73 72 71 70 70 71 71 72 72 73 73 73 73 73 73 73 73 72 73 73 73 73 73 72 71 70 70 69 69 70 71 73 73 74 74 74 75 75 76 76 76 77 77 78 78 78 79 79 79 79 78 78 78 78 78 80 81 81 81 80 80 80 80 81 82 82 82 83 83 83 84 84 85 85 85 84 83 82 83 83 85 86 87 87 87 88 88 88 88 88 88 88 88 89 89 90 90 90 90 89 87 87 87 88 89 91 92 92 93 93 94 95 96 97 99 99 99 97 93 87 80 76 72 72 72 72 72 72 72 73 73 73 74 75 77 81 85 89 93 94 97 94 
77 75 78 78 79 79 79 79 78 77 77 76 74 74 73 73 73 75 75 75 75 76 75 76 75 75 75 75 75 75 74 74 75 74 73 72 71 69 68 68 69 69 70 71 71 71 71 71 71 71 71 70 71 71 72 72 72 72 72 72 71 71 72 72 73 75 76 77 78 78 79 79 79 80 80 81 82 82 82 83 83 83 83 84 84 83 83 84 83 84 85 85 85 85 85 85 85 86 86 87 87 87 88 87 88 89 89 90 90 89 89 89 89 89 91 91 91 91 92 92 92 93 92 92 92 92 92 93 93 94 94 95 94 93 92 92 91 92 93 94 95 95 95 95 96 97 98 98 100 99 97 93 88 82 76 73 71 71 71 71 71 71 70 0 0 71 72 74 76 80 84 88 92 94 92 91 
70 76 77 77 77 77 76 77 76 75 75 74 73 73 73 72 72 73 72 73 74 75 74 74 74 74 74 74 74 73 72 72 72 71 71 70 70 69 67 67 67 68 69 70 71 71 71 71 72 72 72 72 73 74 74 75 76 75 76 76 75 76 77 77 78 79 80 81 81 82 83 83 84 84 84 85 86 87 87 87 87 88 88 88 88 88 88 88 88 88 89 89 89 90 90 90 90 90 91 91 91 92 92 91 92 93 94 95 96 95 95 95 94 95 96 96 96 96 97 96 97 97 97 96 97 97 97 97 98 98 98 99 98 98 98 97 97 97 98 99 99 99 99 99 100 101 101 102 103 102 98 93 87 80 75 72 71 71 70 70 70 70 0 0 0 71 72 74 76 79 83 87 91 94 101 97 
75 81 76 76 75 75 75 75 75 75 74 74 72 72 71 70 69 70 70 70 71 73 72 72 72 72 72 72 72 71 70 70 70 69 69 69 70 69 68 68 69 70 71 72 73 74 74 74 75 76 76 76 77 77 78 78 79 79 79 80 80 80 81 82 82 84 84 84 85 86 87 87 88 88 89 89 90 91 91 92 92 92 92 92 92 93 93 93 93 93 93 94 94 95 95 95 95 95 96 96 96 98 98 97 98 99 99 101 101 101 101 101 101 101 101 101 101 101 102 101 102 103 103 102 103 103 102 102 102 102 102 103 103 103 103 102 102 102 103 103 103 103 104 104 104 105 106 107 108 107 102 95 87 80 74 72 71 71 70 70 70 0 0 0 0 71 72 74 75 78 82 86 90 93 96 99 
76 82 75 75 75 75 74 74 73 73 73 73 72 71 71 69 68 68 69 69 69 70 70 70 70 70 70 70 70 70 70 70 70 70 70 71 72 72 72 72 72 73 74 75 76 77 77 78 78 79 79 80 81 81 82 82 83 83 84 83 84 85 85 86 87 88 88 89 90 91 91 92 93 93 93 94 95 95 96 96 96 96 96 96 96 97 97 97 97 97 97 98 98 99 99 100 100 100 100 100 100 101 101 101 101 103 103 104 105 105 105 105 105 105 105 105 105 105 106 106 107 107 107 107 108 109 108 108 108 108 108 108 108 109 109 108 108 108 107 107 107 107 107 108 108 109 110 111 113 111 106 98 90 81 74 71 70 70 68 69 0 0 0 0 0 0 71 73 75 77 81 85 89 92 100 97 
75 76 75 74 74 73 72 71 71 71 71 71 71 70 70 68 67 67 67 67 67 68 68 68 69 69 70 70 71 72 72 72 73 73 73 74 75 75 75 76 76 77 78 79 80 80 81 81 82 82 83 83 84 85 85 86 87 87 87 87 87 89 90 90 91 92 92 93 93 94 95 95 95 95 95 95 96 96 97 97 96 96 96 97 97 98 97 97 97 97 97 98 98 99 99 99 99 99 99 99 99 100 100 100 101 102 102 103 103 104 103 103 104 105 105 105 106 106 107 107 108 108 109 109 110 110 110 110 110 110 110 111 112 112 112 112 112 112 111 111 111 112 112 112 113 114 115 116 117 116 110 102 92 82 74 71 70 69 67 0 0 0 0 0 0 0 70 72 74 76 79 83 87 91 92 97 
71 70 74 73 73 72 71 71 70 70 70 70 70 70 69 68 67 67 67 67 68 69 69 70 71 72 72 73 74 75 75 75 75 75 75 76 77 78 79 80 80 81 81 82 83 84 84 85 86 86 86 87 88 88 89 90 89 90 90 90 90 90 91 91 92 92 93 93 93 94 94 94 94 94 94 95 95 95 96 96 96 95 95 96 96 97 97 97 97 97 97 98 98 98 98 98 98 98 98 98 99 99 99 99 100 101 101 102 102 102 103 103 103 104 104 104 105 105 106 106 107 107 108 108 109 109 109 109 109 109 109 110 111 111 112 111 112 112 112 112 112 112 113 113 114 115 116 117 120 120 114 105 95 85 75 71 69 68 66 0 0 0 0 0 0 0 68 71 73 75 78 82 86 90 94 96 
82 76 73 72 71 71 70 70 69 69 70 70 70 70 70 70 69 69 69 69 69 70 71 72 73 74 74 75 76 76 77 77 78 78 79 80 80 81 82 83 83 84 85 85 86 86 86 87 88 88 88 89 88 88 89 90 89 89 90 90 89 90 90 90 91 91 92 92 92 92 93 93 94 94 94 94 95 94 95 95 95 94 94 94 94 95 94 94 94 95 94 95 95 95 95 94 95 95 95 95 95 95 95 95 96 97 97 98 97 97 98 98 99 100 100 101 101 102 102 103 104 104 105 106 107 108 108 108 108 108 109 109 110 110 110 110 111 111 111 111 111 110 111 112 112 113 114 116 119 120 115 106 96 86 75 70 68 68 0 0 0 0 0 0 0 0 67 70 72 74 76 81 85 89 98 95 
67 70 72 72 71 71 70 70 70 70 70 71 71 72 71 72 71 71 71 71 72 72 73 74 75 76 77 78 78 79 80 81 81 82 82 83 83 84 84 85 85 85 85 85 85 85 86 86 86 87 87 87 87 87 87 87 87 87 87 86 86 86 86 86 86 87 87 87 87 87 89 90 91 92 93 94 94 94 94 95 94 92 91 89 87 87 88 90 92 94 94 94 94 94 94 93 94 94 94 94 94 94 93 94 95 96 96 97 96 96 96 97 98 98 99 100 100 99 97 95 94 94 97 101 103 106 108 107 107 108 108 108 109 109 109 108 109 109 109 109 109 109 110 110 111 111 112 113 116 117 113 106 98 89 77 69 67 0 0 0 0 0 0 0 0 0 67 69 72 74 76 80 84 88 93 88 
0 75 71 71 71 70 71 71 71 72 72 72 73 73 73 73 74 73 74 74 74 75 76 77 78 79 79 80 80 81 81 82 82 82 83 83 83 84 84 84 84 84 84 84 84 84 83 83 83 83 82 82 82 82 81 81 81 80 81 81 82 84 85 86 85 85 86 86 86 85 86 88 89 91 93 94 95 94 94 94 93 90 88 86 83 83 85 87 90 93 93 93 93 93 92 92 92 92 92 89 89 89 89 90 94 94 94 95 94 94 95 96 97 97 98 99 99 97 94 93 91 90 94 98 101 104 107 107 107 107 108 108 108 108 108 108 109 108 108 108 108 108 109 109 109 110 110 111 114 116 112 104 98 90 77 67 0 0 0 0 0 61 61 61 62 0 67 69 72 73 75 79 83 87 91 95 
71 71 72 72 72 72 71 72 72 73 73 74 75 75 75 75 75 76 76 77 78 79 79 79 79 80 80 80 80 81 81 81 81 81 80 81 80 81 80 80 80 80 79 79 79 80 80 80 82 82 81 81 80 80 80 79 79 78 78 79 81 82 83 83 83 83 84 84 84 81 83 85 87 89 93 94 94 94 94 94 93 88 86 83 79 77 80 83 86 91 91 91 90 90 90 89 89 89 89 85 85 86 85 86 91 91 91 92 91 91 92 93 94 95 96 96 97 93 89 87 85 84 89 95 98 102 106 106 107 107 107 108 108 108 108 108 108 108 108 108 108 107 108 108 108 108 109 110 112 114 111 105 101 95 81 64 0 0 0 0 0 61 61 61 62 0 67 69 71 73 75 79 83 86 84 92 
68 72 73 73 72 72 72 73 73 74 75 76 77 77 77 78 77 77 78 78 79 80 80 79 79 79 78 79 79 79 79 80 79 79 79 79 78 79 80 79 79 79 78 78 78 78 79 79 81 80 79 79 79 78 77 77 76 75 75 76 78 79 80 80 80 79 79 80 80 76 79 83 86 88 93 94 94 94 94 93 92 86 83 79 73 67 70 73 77 84 83 83 82 82 82 82 81 81 81 74 74 74 74 74 81 82 83 82 82 82 82 83 85 86 87 88 88 82 78 77 75 74 83 91 96 100 105 106 107 107 107 107 108 108 108 107 108 108 107 107 107 107 107 107 108 108 108 109 111 113 110 104 102 97 83 0 0 0 0 0 0 60 61 61 0 0 0 68 71 73 75 78 81 85 87 99 
76 78 74 74 74 74 74 74 75 76 76 77 77 77 77 77 76 76 77 78 78 79 79 78 78 77 77 78 78 78 79 79 78 77 77 77 76 78 78 78 78 77 77 75 76 76 77 76 78 77 75 74 73 73 72 71 70 68 68 68 70 71 72 71 70 69 69 70 71 69 75 80 84 86 92 93 94 93 93 92 91 84 81 76 67 55 0 0 0 0 0 0 0 0 0 0 0 0 0 0 0 0 0 0 0 0 0 0 0 0 0 0 0 0 0 0 0 0 0 0 51 63 78 88 94 98 105 106 107 107 107 107 107 107 106 106 106 107 106 106 107 107 107 107 107 106 106 107 109 111 109 103 101 96 83 0 0 0 0 0 0 60 61 61 0 0 0 67 70 72 74 77 80 84 87 95 
70 79 75 76 75 74 74 75 75 76 76 77 77 77 77 77 76 76 76 77 77 78 78 77 77 77 77 77 77 78 78 79 77 75 75 74 72 75 76 75 74 74 73 71 71 71 71 70 71 69 66 65 64 64 63 61 60 58 57 0 0 0 0 0 0 0 0 0 0 67 76 81 84 86 91 93 93 93 93 92 91 84 82 79 72 59 0 0 0 0 0 0 0 0 0 0 0 0 0 0 0 0 0 0 0 0 0 0 0 0 0 0 0 0 0 0 0 0 0 0 0 70 84 91 94 97 104 105 106 106 106 106 107 107 106 106 106 106 106 106 106 106 106 106 105 105 106 106 108 110 109 101 100 95 83 62 0 0 0 0 0 60 0 0 0 0 0 68 70 71 73 76 79 83 82 87 
75 81 75 76 75 75 74 75 74 75 75 76 76 76 76 76 75 74 74 74 75 76 77 77 77 76 76 76 77 77 78 78 75 73 71 69 65 68 68 67 66 65 64 62 61 0 0 0 0 0 0 0 0 0 0 0 0 0 0 0 0 0 0 0 0 0 0 0 0 68 77 81 84 86 91 92 93 92 92 92 91 84 82 78 72 58 0 0 0 0 0 0 0 0 0 0 0 0 0 0 0 0 0 0 0 0 0 0 0 0 0 0 0 0 0 0 0 0 0 0 0 71 84 90 94 96 103 105 106 106 106 106 106 106 106 106 105 106 106 106 106 106 106 105 105 105 105 106 107 108 109 102 101 97 87 66 0 0 0 0 0 0 0 0 0 0 0 68 70 71 73 75 78 82 83 89 
81 74 75 76 75 74 74 74 74 75 75 75 75 75 75 75 74 73 72 72 73 74 75 76 77 76 77 76 77 77 77 77 74 72 70 67 59 0 0 0 0 0 0 0 0 0 0 0 0 0 0 0 0 0 0 0 0 0 0 0 0 0 0 0 0 0 0 0 0 73 79 83 85 87 91 92 93 93 92 92 91 84 82 78 72 58 0 0 0 0 0 0 0 0 0 0 0 0 0 0 0 0 0 0 0 0 0 0 0 0 0 0 0 0 0 0 0 0 0 0 0 71 83 90 93 96 103 105 105 106 106 106 106 106 106 105 105 105 105 105 106 106 105 105 105 104 104 104 106 107 108 100 99 96 87 68 0 0 0 0 0 0 0 0 0 0 0 67 69 70 72 74 78 81 87 94 
71 70 74 74 74 74 74 74 74 75 75 74 74 74 73 73 72 71 69 69 70 72 73 75 76 76 77 77 77 77 77 76 74 72 70 65 0 0 0 0 0 0 0 0 0 0 0 0 0 0 0 0 0 0 0 0 0 0 0 0 0 0 0 0 48 48 0 0 0 73 79 83 85 87 91 92 92 92 92 92 91 84 81 78 71 56 0 0 0 0 0 0 0 0 0 0 0 0 0 0 0 0 0 0 0 0 0 0 0 0 0 0 0 0 0 0 0 0 0 0 0 70 82 89 92 95 102 105 105 106 106 105 105 105 104 104 104 104 104 105 105 105 105 104 104 103 103 103 104 106 108 101 100 97 90 72 0 0 0 0 0 0 0 0 0 0 0 66 68 69 71 73 78 81 87 85 
69 73 73 73 73 73 73 73 74 74 74 73 73 73 73 72 70 68 66 66 69 71 73 75 77 77 77 77 77 77 77 76 74 73 71 65 0 0 0 0 0 0 0 0 0 0 0 0 0 0 0 0 0 0 0 0 0 0 0 0 0 0 53 50 49 49 47 44 0 72 79 83 86 87 91 92 92 92 92 92 91 83 81 77 70 55 0 0 0 0 0 0 0 0 0 0 0 0 0 0 0 0 0 0 0 0 0 0 0 0 0 0 0 0 0 0 0 0 0 0 0 66 79 87 91 94 102 104 105 105 105 105 105 105 105 104 104 104 104 105 105 105 105 104 104 103 103 103 104 105 107 101 101 98 92 75 0 0 0 0 0 0 0 0 0 0 0 65 67 68 70 73 77 81 88 86 
70 76 71 72 72 72 73 73 73 73 73 72 72 72 71 70 68 66 63 64 67 70 72 76 76 77 77 77 77 77 77 76 74 73 71 65 0 0 0 0 0 0 0 0 0 0 0 0 0 0 0 0 0 0 0 0 0 0 0 0 0 52 52 50 49 49 47 45 0 67 79 83 85 87 91 92 92 92 92 91 91 83 80 77 70 54 0 0 0 0 0 0 0 0 0 0 0 0 0 0 0 0 0 0 0 0 0 0 0 0 0 0 0 0 0 0 0 0 0 0 0 62 77 85 90 93 101 104 104 105 105 105 105 105 104 104 104 104 104 104 105 105 104 104 104 103 102 103 103 105 107 102 102 100 95 79 0 0 0 0 0 0 0 0 0 0 0 65 66 68 70 72 77 81 94 88 
73 66 72 72 72 72 72 72 73 73 73 72 72 71 71 69 67 65 62 64 67 70 73 76 76 77 77 77 77 77 77 75 75 74 73 67 0 0 0 0 0 0 0 0 0 0 0 0 0 0 0 0 0 0 0 0 0 0 0 0 0 52 52 50 49 49 47 45 0 66 78 83 85 87 91 92 92 92 91 92 90 82 80 77 69 53 0 0 0 0 0 0 0 0 0 0 0 0 0 0 0 0 0 0 0 0 0 0 0 0 0 0 0 0 0 0 0 0 0 0 0 58 73 83 88 91 100 104 104 105 105 105 104 104 104 104 104 104 104 104 105 105 104 105 104 103 102 102 103 104 106 102 100 98 93 78 0 0 0 0 0 0 0 0 0 0 0 63 65 68 69 72 76 80 86 84 
73 71 70 70 71 71 71 71 72 72 72 72 71 71 70 68 67 65 63 65 69 71 74 76 76 76 76 76 76 77 77 75 75 74 73 67 0 0 0 0 0 0 0 0 0 0 0 0 0 0 0 0 0 0 0 0 0 0 0 0 0 52 52 50 49 49 47 45 0 63 76 81 84 85 90 91 91 91 91 91 90 82 80 76 68 53 0 0 0 0 0 0 0 0 0 0 0 0 0 0 0 0 0 0 0 0 0 0 0 0 0 0 0 0 0 0 0 0 0 0 0 55 72 83 88 91 101 104 104 104 105 105 105 104 104 104 104 104 104 104 104 104 104 104 103 103 102 102 102 103 105 103 98 97 92 78 0 0 0 0 0 0 0 0 0 0 0 63 64 66 68 70 74 78 85 85 
70 72 71 70 71 71 70 70 71 71 71 72 72 72 71 69 68 66 66 67 70 72 75 77 77 77 76 76 76 76 77 75 75 74 72 67 0 0 0 0 0 0 0 0 0 0 0 0 0 0 0 0 0 0 0 0 0 0 0 0 0 52 51 50 50 49 48 46 0 62 76 81 84 85 90 91 91 91 91 91 89 82 79 75 68 52 0 0 0 0 0 0 0 0 0 0 0 0 0 0 0 0 0 0 0 0 0 0 0 0 0 0 0 0 0 0 0 0 0 0 0 53 73 84 89 92 100 103 104 104 105 105 105 105 105 104 104 104 104 104 104 104 103 103 103 102 102 102 102 103 105 103 97 95 91 78 0 0 0 0 0 0 0 0 0 0 0 63 65 67 67 70 73 77 79 87 
73 66 71 71 70 70 70 70 70 70 71 72 72 73 72 70 70 68 67 69 71 73 75 77 77 76 76 76 76 76 76 74 74 73 72 66 0 0 0 0 0 0 0 0 0 0 0 0 0 0 0 0 0 0 0 0 0 0 0 0 0 0 0 49 49 48 0 0 0 63 77 82 84 86 91 92 92 92 92 92 90 82 80 76 69 54 0 0 0 0 0 0 0 0 0 0 0 0 0 0 0 0 0 0 0 0 0 0 0 0 0 0 0 0 0 0 0 0 0 0 0 51 72 83 88 91 100 103 103 103 104 104 104 104 105 104 104 104 105 104 104 104 103 103 103 102 102 102 103 103 106 104 97 95 91 79 61 0 0 0 0 0 0 0 0 0 0 0 65 66 67 69 73 76 82 82 
73 68 71 70 70 70 69 69 69 70 70 72 72 73 73 72 71 70 70 71 73 74 75 76 76 76 76 76 76 76 76 74 74 73 71 66 0 0 0 0 0 0 0 0 0 0 0 0 0 0 0 0 0 0 0 0 0 0 0 0 0 0 0 0 0 0 0 0 0 66 77 82 84 85 91 92 92 92 92 92 90 82 80 76 69 54 0 0 0 0 0 0 0 0 0 0 0 0 0 0 0 0 0 0 0 0 0 0 0 0 0 0 0 0 0 0 0 0 0 0 0 47 70 82 87 90 100 103 103 103 104 104 104 104 104 104 104 104 104 104 104 104 103 103 102 102 102 102 102 103 105 104 96 94 90 80 63 0 0 0 0 0 0 0 0 0 0 0 63 65 66 68 72 75 83 84 
70 74 69 69 69 69 69 69 69 69 70 71 71 72 72 72 71 71 71 72 73 75 75 75 75 76 75 76 76 76 76 74 74 72 71 65 0 0 0 0 0 0 0 0 0 0 0 0 0 0 0 0 0 0 0 0 0 0 0 0 0 0 0 0 0 0 0 0 0 65 77 81 84 85 90 91 92 91 91 91 90 82 81 77 70 56 0 0 0 0 0 0 0 0 0 0 0 0 0 0 0 0 0 0 0 0 0 0 0 0 0 0 0 0 0 0 0 0 0 0 0 45 68 80 86 89 99 102 103 103 103 103 104 104 104 104 104 104 104 104 103 103 102 102 101 101 101 102 102 103 105 105 97 96 92 84 67 0 0 0 0 0 0 0 0 0 0 0 63 65 66 68 71 75 82 77 
72 67 69 69 69 69 69 69 68 69 69 71 71 71 71 71 70 71 71 72 73 74 74 75 75 75 75 75 76 77 76 74 73 72 69 64 0 0 0 0 0 0 0 0 0 0 0 0 0 0 0 0 0 0 0 0 0 0 0 0 0 0 0 0 0 0 0 0 0 65 77 81 84 85 91 91 92 91 92 91 90 82 80 77 70 56 0 0 0 0 0 0 0 0 0 0 0 0 0 0 0 0 0 0 0 0 0 0 0 0 0 0 0 0 0 0 0 0 0 0 0 0 69 82 88 91 99 102 103 103 103 103 104 104 104 104 104 104 104 104 103 103 102 102 101 101 101 102 102 103 105 106 99 98 95 87 70 0 0 0 0 0 0 0 0 0 0 0 62 64 65 67 71 75 87 83 
76 64 68 68 68 68 69 69 69 69 69 70 70 71 71 71 71 71 72 72 73 74 74 74 74 74 74 74 75 76 76 73 73 72 69 63 0 0 0 0 0 0 0 0 0 0 0 0 0 0 0 0 0 0 0 0 0 0 0 0 0 0 0 0 0 0 0 0 0 65 77 81 84 85 91 91 92 91 91 91 90 83 81 78 71 57 0 0 0 0 0 0 0 0 0 0 0 0 0 0 0 0 0 0 0 0 0 0 0 0 0 0 0 0 0 0 0 0 0 0 0 44 65 78 85 88 98 102 103 103 103 103 103 103 104 104 104 104 104 104 103 103 102 102 102 102 101 102 102 103 105 106 100 99 97 90 73 0 0 0 0 0 0 0 0 0 0 0 61 64 65 68 71 75 83 88 
65 64 67 67 67 68 68 69 69 69 69 69 69 70 70 70 70 71 72 72 73 74 74 74 73 74 74 74 75 76 75 73 72 71 68 62 0 0 0 0 0 0 0 0 0 0 0 0 0 0 0 0 0 0 0 0 0 0 0 0 0 0 0 0 0 0 0 0 0 65 77 81 84 85 90 91 91 91 91 91 90 83 81 78 71 57 0 0 0 0 0 0 0 0 0 0 0 0 0 0 0 0 0 0 0 0 0 0 0 0 0 0 0 0 0 0 0 0 0 0 0 0 66 80 86 90 98 103 103 103 103 103 103 103 104 104 104 104 104 103 103 103 102 102 101 101 101 101 101 102 104 106 100 100 98 92 73 0 0 0 0 0 0 0 0 0 0 0 61 64 65 68 71 75 83 82 
67 69 67 67 67 68 69 69 69 69 69 69 69 70 70 70 70 71 71 72 72 73 74 74 73 74 74 74 75 76 75 72 71 70 66 59 0 0 0 0 0 0 0 0 0 0 0 0 0 0 0 0 0 0 0 0 0 0 0 0 0 0 0 0 0 0 0 0 0 66 77 81 84 85 90 91 91 91 91 90 89 82 80 77 71 55 0 0 0 0 0 0 0 0 0 0 0 0 0 0 0 0 0 0 0 0 0 0 0 0 0 0 0 0 0 0 0 0 0 0 0 0 68 82 88 91 98 103 103 103 103 103 103 103 104 104 104 104 104 103 103 102 102 102 101 101 101 101 101 102 104 106 101 100 99 93 74 0 0 0 0 0 0 0 0 0 0 0 60 63 64 67 70 75 85 81 
68 66 67 67 67 68 68 68 69 69 69 69 70 70 70 70 70 70 71 72 72 73 73 74 73 74 74 74 75 76 75 72 70 68 64 56 0 0 0 0 0 0 0 0 0 0 0 0 0 0 0 0 0 0 0 0 0 0 0 0 0 0 0 0 0 0 0 0 0 68 78 82 85 86 91 92 92 92 91 91 89 82 80 77 70 55 0 0 0 0 0 0 0 0 0 0 0 0 0 0 0 0 0 0 0 0 0 0 0 0 0 0 0 0 0 0 0 0 0 0 0 0 72 86 91 94 98 103 103 104 103 104 104 104 104 104 104 104 104 103 103 102 103 102 102 102 101 101 101 102 104 106 102 101 101 96 77 0 0 0 0 0 0 0 0 0 0 0 63 64 65 67 70 74 75 85 
70 72 67 67 67 68 68 68 69 69 69 69 69 70 70 70 71 71 71 72 72 72 73 73 73 74 74 74 75 76 75 71 70 68 64 54 0 0 0 0 0 0 0 0 0 0 0 0 0 0 0 0 0 0 0 0 0 0 0 0 0 0 0 0 0 0 0 0 0 70 79 83 85 87 91 92 92 92 91 91 90 83 81 78 71 57 0 0 0 0 0 0 0 0 0 0 0 0 0 0 0 0 0 0 0 0 0 0 0 0 0 0 0 0 0 0 0 0 0 0 0 0 71 84 90 93 97 103 103 103 103 104 103 103 104 104 104 104 104 103 103 102 102 102 101 101 101 101 101 102 103 106 101 101 100 96 78 0 0 0 0 0 0 0 0 0 0 0 63 65 66 68 71 75 79 85 
65 66 67 67 67 68 68 68 69 68 68 68 69 70 70 70 71 71 71 72 72 72 73 73 73 74 75 75 75 76 75 71 70 68 64 53 0 0 0 0 0 0 0 0 0 0 0 0 0 0 0 0 0 0 0 0 0 0 0 0 0 0 0 0 0 0 0 0 0 71 80 83 86 87 91 91 92 91 91 91 90 83 80 77 70 56 0 0 0 0 0 0 0 0 0 0 0 0 0 0 0 0 0 0 0 0 0 0 0 0 0 0 0 0 0 0 0 0 0 0 0 0 74 87 93 95 97 103 103 103 103 104 103 103 104 104 104 104 103 103 103 103 102 102 101 101 100 100 101 102 103 106 102 102 101 98 82 0 0 0 0 0 0 0 0 0 0 0 63 64 65 67 69 73 82 83 
65 69 68 68 68 68 68 68 68 68 68 69 70 70 70 71 71 71 71 72 72 72 73 73 73 74 74 75 76 76 75 71 69 67 62 50 0 0 0 0 0 0 0 0 0 0 0 0 0 0 0 0 0 0 0 0 0 0 0 0 0 0 0 0 0 0 0 0 0 71 79 83 85 86 90 91 91 91 91 91 89 82 80 77 70 56 0 0 0 0 0 0 0 0 0 0 0 0 0 0 0 0 0 0 0 0 0 0 0 0 0 0 0 0 0 0 0 0 0 0 0 0 68 82 89 92 96 102 103 103 103 104 104 104 104 103 103 103 103 103 104 103 102 102 101 101 100 100 101 102 103 106 103 100 98 95 80 0 0 0 0 0 0 0 0 0 0 0 63 64 65 67 69 73 83 86 
64 68 67 68 68 68 68 67 68 68 68 69 70 70 70 71 71 71 72 73 72 73 73 73 73 74 75 75 76 77 76 72 71 68 63 0 0 0 0 0 0 0 0 0 0 0 0 0 0 0 0 0 0 0 0 0 0 0 0 0 0 41 41 41 41 0 0 0 0 73 81 84 86 87 90 91 91 91 91 91 89 82 80 77 70 56 0 0 0 0 0 0 0 0 0 0 0 0 0 0 0 0 0 0 0 0 0 0 0 0 0 0 0 0 0 0 0 0 0 0 0 0 66 81 88 91 95 102 103 103 103 104 104 103 104 103 103 103 103 103 104 103 102 102 102 101 100 100 101 102 103 105 103 98 96 92 78 0 0 0 0 0 0 0 0 0 0 0 62 64 64 66 69 73 75 73 
67 68 67 67 67 67 67 67 68 68 69 69 69 70 70 71 71 72 72 72 72 73 73 73 73 74 75 75 76 77 75 73 72 70 64 0 0 0 0 0 0 0 0 0 0 0 0 0 0 0 0 0 0 0 0 0 0 0 0 0 0 41 40 40 40 0 0 0 0 73 81 84 86 87 90 91 91 91 90 91 89 82 80 77 70 55 0 0 0 0 0 0 0 0 0 0 0 0 0 0 0 0 0 0 0 0 0 0 0 0 0 0 0 0 0 0 0 0 0 0 0 0 64 79 87 91 95 102 103 103 104 104 104 103 104 103 103 103 103 103 104 103 102 102 102 101 100 101 101 102 103 105 103 96 94 90 76 0 0 0 0 0 0 0 0 0 0 0 60 63 64 66 69 73 79 89 
68 63 66 67 67 67 67 67 68 68 68 69 69 69 70 70 71 71 72 72 72 73 73 73 73 74 75 75 76 77 75 74 73 71 65 0 0 0 0 0 0 0 0 0 0 0 0 0 0 0 0 0 0 0 0 0 0 0 0 0 0 41 40 40 40 39 0 0 0 74 82 85 86 87 91 91 91 91 91 90 89 81 79 76 68 53 0 0 0 0 0 0 0 0 0 0 0 0 0 0 0 0 0 0 0 0 0 0 0 0 0 0 0 0 0 0 0 0 0 0 0 0 63 79 87 91 95 102 104 104 104 104 104 104 104 103 104 103 103 103 104 103 103 103 103 102 101 101 101 102 103 105 104 96 93 89 76 53 0 0 0 0 0 0 0 0 0 0 59 62 64 65 68 73 80 82 
66 67 66 66 66 67 67 67 68 68 69 69 69 69 70 70 70 71 72 72 72 73 72 73 73 75 75 76 76 76 75 73 72 71 64 0 0 0 0 0 0 0 0 0 0 0 0 0 0 0 0 0 0 0 0 0 0 0 0 0 0 0 39 39 39 39 0 0 0 75 82 84 86 87 90 91 91 91 91 91 89 82 77 74 66 50 0 0 0 0 0 0 0 0 0 0 0 0 0 0 0 0 0 0 0 0 0 0 0 0 0 0 0 0 0 0 0 0 0 0 0 0 62 79 86 90 94 102 103 104 104 104 104 104 104 104 104 104 104 104 103 103 103 102 102 102 101 100 101 102 103 105 105 95 92 87 75 55 0 0 0 0 0 0 0 0 0 0 59 62 63 65 68 73 83 78 
67 68 66 66 66 66 67 67 68 68 68 69 69 69 70 70 70 71 72 72 72 73 72 72 74 75 75 75 76 76 74 74 74 72 67 0 0 0 0 0 0 0 0 0 0 0 0 0 0 0 0 0 0 0 0 0 0 0 0 0 0 0 0 0 0 0 0 0 0 75 82 85 86 87 91 91 91 91 91 91 90 82 78 74 66 49 0 0 0 0 0 0 0 0 0 0 0 0 0 0 0 0 0 0 0 0 0 0 0 0 0 0 0 0 0 0 0 0 0 0 0 0 65 83 89 93 95 102 104 104 104 104 105 104 104 104 104 104 103 103 103 103 103 103 103 102 101 101 101 102 103 105 105 95 93 88 77 57 0 0 0 0 0 0 0 0 0 0 0 62 63 65 68 72 77 86 
65 68 65 65 66 66 67 67 68 67 68 68 68 68 69 69 70 71 72 72 72 73 73 73 74 75 75 75 76 76 74 74 73 71 66 0 0 0 0 0 0 0 0 0 0 0 0 0 0 0 0 0 0 0 0 0 0 0 0 0 0 0 0 0 0 0 0 0 0 76 83 85 87 88 91 92 92 92 91 91 90 82 76 72 64 48 0 0 0 0 0 0 0 0 0 0 0 0 0 0 0 0 0 0 0 0 0 0 0 0 0 0 0 0 0 0 0 0 0 0 0 0 66 83 90 93 95 103 104 104 105 105 105 105 104 104 104 104 103 103 103 103 102 102 102 102 101 101 102 102 103 106 105 96 94 90 80 59 0 0 0 0 0 0 0 0 0 0 0 64 64 65 68 71 73 84 
67 66 66 66 66 66 66 67 67 67 67 68 68 68 69 70 71 72 73 73 73 73 73 73 74 74 75 75 76 76 74 74 73 71 65 0 0 0 0 0 0 0 0 0 0 0 0 0 0 0 0 0 0 0 0 0 0 0 0 0 0 0 0 0 0 0 0 0 0 77 83 86 87 88 91 92 92 92 92 92 91 83 75 71 62 47 0 0 0 0 0 0 0 0 0 0 0 0 0 0 0 0 0 0 0 0 0 0 0 0 0 0 0 0 0 0 0 0 0 0 0 0 65 82 90 93 95 103 104 104 104 104 105 104 104 104 104 104 103 103 103 103 103 102 102 102 101 100 101 102 103 105 106 97 95 91 82 62 0 0 0 0 0 0 0 0 0 0 0 63 63 65 68 71 76 76 
65 66 65 65 66 67 66 66 67 67 67 68 68 69 69 70 71 72 73 73 73 73 73 73 74 74 75 75 76 76 74 73 73 70 64 0 0 0 0 0 0 0 0 0 0 0 0 0 0 0 0 0 0 0 0 0 0 0 0 0 0 0 0 0 0 0 0 0 0 78 84 86 87 88 91 91 92 92 92 92 91 83 74 70 62 47 40 0 0 0 0 0 0 0 0 0 0 0 0 0 0 0 0 0 0 0 0 0 0 0 0 0 0 0 0 0 0 0 0 0 0 0 63 81 89 93 95 103 104 104 104 104 105 105 104 104 104 104 103 103 103 103 102 102 102 102 101 101 101 102 103 105 106 98 96 93 84 65 0 0 0 0 0 0 0 0 0 0 0 64 63 65 67 70 72 82 
66 65 65 66 66 66 66 66 66 67 67 68 69 69 69 70 71 71 73 73 73 73 74 74 74 74 75 75 76 76 74 73 72 70 63 0 0 0 0 0 0 0 0 0 0 0 0 0 0 0 0 0 0 0 0 0 0 0 0 0 0 0 0 0 0 0 0 0 0 72 80 84 86 89 91 92 92 92 92 93 92 84 75 70 63 48 41 0 0 0 0 0 0 0 0 0 0 0 0 0 0 0 0 0 0 0 0 0 0 0 0 0 0 0 0 0 0 0 0 0 0 0 60 78 86 90 95 103 105 105 105 105 105 105 105 104 104 103 103 103 103 103 103 102 102 102 101 101 102 102 103 106 106 99 97 94 86 67 0 0 0 0 0 0 0 0 0 0 0 64 64 65 68 70 77 83 
65 63 65 66 66 66 66 66 66 66 66 67 68 68 69 69 70 71 72 72 73 73 74 74 74 74 75 75 76 76 74 73 72 69 62 0 0 0 0 0 0 0 0 0 0 0 0 0 0 0 0 0 0 0 0 0 0 0 0 0 0 0 0 0 0 0 0 0 0 67 77 81 84 89 91 92 92 92 93 93 92 85 74 69 61 47 41 0 0 0 0 0 0 0 0 0 0 0 0 0 0 0 0 0 0 0 0 0 0 0 0 0 0 0 0 0 0 0 0 0 0 0 57 75 84 89 96 104 105 105 105 105 106 105 105 105 104 104 103 103 103 103 102 102 102 101 100 101 101 102 103 105 106 99 98 95 87 69 0 0 0 0 0 0 0 0 0 0 0 0 64 65 67 71 75 81 
60 64 65 66 66 66 66 66 66 66 67 67 68 68 68 69 70 70 71 72 72 72 73 73 74 74 75 75 76 76 73 73 72 69 61 0 0 0 0 0 0 0 0 0 0 0 0 0 0 0 0 0 0 0 0 0 0 0 0 0 0 0 0 0 0 0 0 0 0 68 77 81 84 89 91 92 92 92 93 93 92 85 74 69 61 48 41 0 0 0 0 0 0 0 0 0 0 0 0 0 0 0 0 0 0 0 0 0 0 0 0 0 0 0 0 0 0 0 0 0 0 0 55 73 82 87 96 104 105 105 106 106 106 105 105 104 104 103 103 103 103 103 102 102 102 101 101 101 101 102 103 105 106 99 98 95 88 70 0 0 0 0 0 0 0 0 0 0 0 0 64 64 67 71 70 80 
64 66 65 65 66 66 66 67 66 67 67 67 68 68 68 69 70 70 71 72 72 72 73 73 74 74 74 75 76 76 74 73 72 70 63 0 0 0 0 0 0 0 0 0 0 0 0 0 0 0 0 0 0 0 0 0 0 0 0 0 0 0 0 0 0 0 0 0 0 65 75 80 82 89 92 92 92 92 93 93 92 85 75 69 62 48 41 0 0 0 0 0 0 0 0 0 0 0 0 0 0 0 0 0 0 0 0 0 0 0 0 0 0 0 0 0 0 0 0 0 0 42 53 70 80 85 96 105 106 106 106 106 106 106 106 105 104 104 103 103 103 102 102 102 102 101 101 101 101 102 102 104 106 99 98 96 89 72 0 0 0 0 0 0 0 0 0 0 0 0 0 63 67 71 63 83 
68 61 65 65 66 66 66 67 67 67 67 67 67 67 67 68 69 70 70 71 71 72 72 73 74 74 75 75 76 76 73 72 71 69 63 0 0 0 0 0 0 0 0 0 0 0 0 0 0 0 0 0 0 0 0 0 0 0 0 0 0 0 0 0 0 0 0 0 40 60 72 78 81 89 92 92 92 92 93 93 92 85 74 69 62 49 42 0 0 0 0 0 0 0 0 0 0 0 0 0 0 0 0 0 0 0 0 0 0 0 0 0 0 0 0 0 0 0 0 0 0 42 52 68 78 84 96 105 106 106 106 106 107 106 106 106 105 104 104 103 103 103 102 102 102 102 101 101 101 102 102 104 105 99 98 97 90 73 0 0 0 0 0 0 0 0 0 0 0 0 0 0 65 71 69 71 
64 64 65 66 66 66 66 67 67 67 67 67 67 67 67 68 69 70 70 71 71 72 72 73 73 74 75 75 75 76 73 73 72 69 63 0 0 0 0 0 0 0 0 0 0 0 0 0 0 0 0 0 0 0 0 0 0 0 0 0 0 0 0 0 0 0 0 0 40 60 72 78 81 89 92 92 93 93 93 93 92 85 74 69 62 49 41 0 0 0 0 0 0 0 0 0 0 0 0 0 0 0 0 0 0 0 0 0 0 0 0 0 0 0 0 0 0 0 0 0 0 42 52 68 78 84 97 105 106 107 107 107 107 107 106 106 105 104 104 104 103 103 103 103 102 102 102 101 101 101 101 103 105 100 99 97 91 73 0 0 0 0 0 0 0 0 0 0 0 0 0 0 65 70 70 80 
66 67 66 66 66 66 66 67 67 67 68 68 68 68 68 68 69 70 70 71 71 72 72 73 73 74 74 75 75 75 73 73 72 70 65 0 0 0 0 0 0 0 0 0 0 0 0 0 0 0 0 0 0 0 0 0 0 0 0 0 0 0 0 0 0 0 0 0 40 60 73 78 81 90 92 93 93 93 93 93 92 85 74 70 62 49 41 0 0 0 0 0 0 0 0 0 0 0 0 0 0 0 0 0 0 0 0 0 0 0 0 0 0 0 0 0 0 0 0 0 0 42 51 68 77 83 96 105 107 107 107 107 107 107 106 105 105 104 104 104 103 103 103 103 103 102 101 101 101 101 101 103 106 99 99 97 91 71 0 0 0 0 0 0 0 0 0 0 0 0 0 0 64 69 57 72 
63 68 65 65 65 65 66 66 67 67 67 67 68 68 69 69 70 70 71 71 71 72 72 73 73 74 74 74 75 75 73 73 72 70 65 0 0 0 0 0 0 0 0 0 0 0 0 0 0 0 0 0 0 0 0 0 0 0 0 0 0 0 0 0 0 0 0 0 40 59 71 76 80 90 92 93 93 93 93 93 92 85 75 70 63 50 41 0 0 0 0 0 0 0 0 0 0 0 0 0 0 0 0 0 0 0 0 0 0 0 0 0 0 0 0 0 0 0 0 0 0 43 51 67 77 83 96 105 107 107 107 107 107 107 106 106 105 104 104 104 104 103 104 103 103 103 102 101 101 101 101 103 106 100 99 98 92 72 0 0 0 0 0 0 0 0 0 0 0 0 0 0 62 67 63 72 
64 67 66 65 66 66 66 66 66 67 67 67 68 68 68 69 69 70 70 71 71 72 73 73 73 74 74 74 75 75 73 72 72 69 63 0 0 0 0 0 0 0 0 0 0 0 0 0 0 0 0 0 0 0 0 0 0 0 0 0 0 0 37 37 37 0 0 0 40 59 71 76 80 90 92 92 93 93 93 93 92 86 75 71 63 51 42 0 0 0 0 0 0 0 0 0 0 0 0 0 0 0 0 0 0 0 0 0 0 0 0 0 0 0 0 0 0 0 0 0 0 41 51 67 77 83 96 105 107 107 107 107 107 107 106 106 105 104 104 104 104 104 104 103 102 102 101 100 100 101 101 104 106 100 100 98 91 72 0 0 0 0 0 0 0 0 0 0 0 0 0 0 59 65 61 70 
70 60 65 65 65 65 65 66 66 67 68 68 68 69 69 69 69 70 71 71 72 72 72 73 73 74 74 74 75 75 73 73 72 70 65 0 0 0 0 0 0 0 0 0 0 0 0 0 0 0 0 0 0 0 0 0 0 0 0 0 0 0 37 37 37 0 0 0 41 62 71 77 80 90 93 93 93 93 93 93 92 86 76 71 64 52 43 0 0 0 0 0 0 0 0 0 0 0 0 0 0 0 0 0 0 0 0 0 0 0 0 0 0 0 0 0 0 0 0 0 0 42 51 67 77 83 96 105 107 107 107 108 108 107 106 106 105 105 105 105 104 104 103 103 102 102 101 100 100 100 101 103 106 100 100 98 92 72 0 0 0 0 0 0 0 0 0 0 0 0 0 0 61 67 57 71 
67 63 64 64 65 65 65 66 66 67 67 68 68 69 69 70 70 71 71 72 72 72 72 73 73 74 74 75 75 75 73 73 72 69 63 0 0 0 0 0 0 0 0 0 0 0 0 0 0 0 0 0 0 0 0 0 0 0 0 0 0 37 37 37 37 0 0 0 42 60 72 77 80 90 92 93 93 93 93 93 92 86 76 72 64 52 43 0 0 0 0 0 0 0 0 0 0 0 0 0 0 0 0 0 0 0 0 0 0 0 0 0 0 0 0 0 0 0 0 0 0 42 51 67 77 83 96 105 107 107 107 107 108 107 106 106 106 105 105 105 104 104 104 103 102 102 101 100 100 100 101 103 106 100 100 98 93 73 0 0 0 0 0 0 0 0 0 0 0 0 0 0 60 67 57 71 
61 61 64 64 64 65 65 65 66 67 67 68 68 68 68 69 70 71 72 72 72 72 73 73 74 74 74 75 75 75 73 73 72 70 60 0 0 0 0 0 0 0 0 0 0 0 0 0 0 0 0 0 0 0 0 0 0 0 0 0 0 0 0 0 0 0 0 0 42 61 72 78 81 91 93 93 93 93 93 93 93 87 77 73 65 53 45 0 0 0 0 0 0 0 0 0 0 0 0 0 0 0 0 0 0 0 0 0 0 0 0 0 0 0 0 0 0 0 0 0 0 43 51 67 77 83 96 105 107 108 108 108 108 108 107 106 106 105 105 104 104 103 103 102 102 102 101 100 100 100 101 103 106 101 100 99 93 75 0 0 0 0 0 0 0 0 0 0 0 0 0 0 59 68 65 81 
61 62 64 64 65 65 65 66 66 66 67 68 68 68 68 69 70 71 72 72 72 72 73 73 74 74 74 75 75 75 73 73 71 69 58 0 0 0 0 0 0 0 0 0 0 0 0 0 0 0 0 0 0 0 0 0 0 0 0 0 0 0 0 0 0 0 0 0 44 61 73 78 81 91 93 93 93 93 94 94 93 87 78 73 66 54 46 0 0 0 0 0 0 0 0 0 0 42 38 38 38 38 0 0 0 0 0 0 0 0 0 0 0 0 0 0 0 0 0 0 0 44 52 67 77 83 96 105 107 107 107 107 107 107 107 106 106 106 105 105 104 104 103 102 102 101 101 100 100 100 101 103 106 101 101 99 94 76 0 0 0 0 0 0 0 0 0 0 0 0 0 0 60 69 0 75 
70 60 64 64 65 65 65 66 66 66 67 67 67 67 68 69 70 71 72 72 72 72 73 74 74 74 75 75 75 75 73 72 70 68 56 0 0 0 0 0 0 0 0 0 0 0 0 0 0 0 0 0 0 0 0 0 0 0 0 0 0 0 0 0 0 0 0 0 44 62 74 78 81 91 93 94 94 94 94 94 94 88 78 74 67 55 47 0 0 0 0 0 0 0 0 0 0 43 43 43 43 43 0 0 0 0 0 0 0 0 0 0 0 0 0 0 0 0 0 0 0 45 52 68 77 83 95 105 106 107 107 107 107 107 107 106 106 106 105 104 104 104 103 102 102 101 101 101 101 101 102 104 106 101 101 100 95 77 0 0 0 0 0 0 0 0 0 0 0 0 0 0 63 70 58 76 
68 63 65 65 65 65 65 66 66 67 66 67 67 67 68 69 70 70 71 72 72 73 74 74 74 75 75 75 75 75 72 71 69 67 55 0 0 0 0 0 0 0 0 0 0 0 0 0 0 0 0 0 0 0 0 0 0 0 0 0 0 0 0 0 0 0 0 0 44 62 74 79 82 91 93 93 94 94 94 94 94 89 79 75 69 57 48 0 0 0 0 0 0 0 0 0 0 43 45 45 45 45 0 0 0 0 0 0 0 0 0 0 0 0 0 0 0 0 0 0 0 44 52 67 76 82 95 104 106 107 107 107 107 107 106 106 105 105 105 105 104 104 103 102 102 101 101 101 101 101 102 103 106 101 101 100 95 77 0 0 0 0 0 0 0 0 0 0 0 0 0 0 61 70 60 77 
69 62 65 65 66 66 66 66 66 67 67 67 67 67 68 69 69 70 71 71 72 72 73 74 74 75 75 76 76 75 72 71 69 66 54 0 0 0 0 0 0 0 0 0 0 0 0 0 0 0 0 0 0 0 0 0 0 0 0 0 0 0 0 0 0 0 0 0 44 65 74 79 82 92 94 94 94 94 95 95 95 89 81 77 70 59 50 0 0 0 0 0 0 0 0 0 0 40 48 48 49 50 55 0 0 0 0 0 0 0 0 0 0 0 0 0 0 0 0 0 0 46 53 68 77 83 95 104 106 106 107 107 107 107 106 105 105 105 104 104 103 103 102 101 101 101 101 101 101 101 102 103 106 101 101 100 96 79 0 0 0 0 0 0 0 0 0 0 0 0 0 0 62 70 66 75 
65 68 66 65 65 66 66 66 67 67 67 67 68 68 68 68 69 70 70 71 72 73 73 74 74 75 75 76 76 75 72 70 68 65 55 0 0 0 0 0 0 0 0 0 0 0 0 0 0 0 0 0 0 0 0 0 0 0 0 0 0 0 0 0 0 0 0 0 45 65 75 80 82 92 94 94 94 95 95 95 96 90 81 78 72 60 52 0 0 0 0 0 0 0 0 0 0 41 53 54 55 57 61 0 0 0 0 0 0 0 0 0 0 0 0 0 0 0 0 0 0 46 53 68 77 82 94 104 105 106 107 107 107 106 106 105 104 104 104 104 104 103 102 101 100 100 100 100 101 101 102 103 106 101 101 100 97 81 0 0 0 0 0 0 0 0 0 0 0 0 0 0 64 71 60 83 
63 67 66 66 65 66 66 66 67 68 68 68 68 68 68 68 69 70 71 72 72 73 73 74 74 75 75 75 76 75 72 70 69 65 58 0 0 0 0 0 0 0 0 0 0 0 0 0 0 0 0 0 0 0 0 0 0 0 0 0 0 0 0 0 0 0 0 0 44 65 75 80 83 92 94 94 94 95 95 96 96 91 83 77 71 60 51 0 0 0 0 0 0 0 0 0 0 0 61 63 63 66 68 58 0 0 0 0 0 0 0 0 0 0 0 0 0 0 0 0 0 45 53 68 77 83 95 104 105 106 107 107 107 107 106 105 105 104 104 104 104 103 102 101 101 101 101 101 101 101 102 103 105 102 101 100 98 82 0 0 0 0 0 0 0 0 0 0 0 0 0 0 66 71 67 79 
61 69 65 65 65 66 66 66 67 68 67 68 68 68 68 68 69 70 71 72 72 73 73 73 74 74 75 75 75 75 72 71 69 66 58 0 0 0 0 0 0 0 0 0 0 0 0 0 0 0 0 0 0 0 0 0 0 0 0 0 0 0 0 0 0 0 0 0 45 65 75 80 83 93 95 95 94 95 96 96 96 92 84 78 72 61 52 0 0 0 0 0 0 0 0 0 0 0 60 69 66 69 69 62 40 0 0 0 0 0 0 0 0 0 0 0 0 0 0 0 0 45 52 67 77 83 95 104 106 106 106 106 107 106 106 105 105 104 104 104 104 103 102 101 100 100 101 101 101 101 102 102 105 101 101 100 98 83 0 0 0 0 0 0 0 0 0 0 0 0 0 0 65 71 67 73 
65 65 65 65 65 65 65 66 67 67 67 67 67 67 67 68 69 70 70 71 72 72 72 73 73 74 74 75 75 75 72 71 69 67 59 0 0 0 0 0 0 0 0 0 0 0 0 0 0 0 0 0 0 0 0 0 0 0 0 0 0 0 0 0 0 0 0 0 45 65 75 81 83 93 95 95 95 95 96 97 97 92 84 79 73 62 53 0 0 0 0 0 0 0 0 0 0 0 57 74 72 72 72 70 46 0 0 0 0 0 0 0 0 0 0 0 0 0 0 0 0 47 54 68 78 83 95 105 106 106 106 106 107 106 106 105 105 104 104 104 103 102 101 100 100 100 100 100 100 100 102 102 105 101 102 100 98 84 0 0 0 0 0 0 0 0 0 0 0 0 0 0 65 70 69 79 
66 61 64 64 65 65 66 66 67 66 66 66 66 66 67 68 69 70 71 72 73 73 73 73 74 74 74 74 74 75 72 71 70 67 60 0 0 0 0 0 0 0 0 0 0 0 0 0 0 0 0 0 0 0 0 0 0 0 0 0 0 0 0 0 0 0 0 0 47 66 75 81 84 93 95 95 95 95 96 97 97 92 85 78 72 62 54 0 0 0 0 0 0 0 0 0 0 0 59 90 95 94 91 96 82 61 0 0 0 0 0 0 0 0 0 0 0 0 0 0 0 45 52 66 76 83 95 105 106 106 106 106 106 106 106 105 105 104 104 104 103 102 101 100 100 99 100 100 100 100 101 102 104 101 101 100 98 83 0 0 0 0 0 0 0 0 0 0 0 0 0 0 66 70 66 78 
64 64 64 64 65 65 65 66 66 66 66 66 66 66 67 68 69 71 71 72 73 73 73 73 74 74 74 75 75 75 72 71 70 67 59 0 0 0 0 0 0 0 0 0 0 0 0 0 0 0 0 0 0 0 0 0 0 0 0 0 0 0 0 0 0 0 0 0 47 65 75 80 84 94 96 96 96 95 96 97 97 92 86 80 75 67 63 0 0 0 0 0 0 0 0 0 0 0 53 130 125 154 154 170 146 168 68 0 0 0 0 0 0 0 0 0 0 0 0 0 0 51 55 68 77 84 96 105 107 106 106 106 106 106 105 105 105 105 104 104 103 102 102 101 100 100 100 99 100 100 101 102 104 100 100 100 97 83 0 0 0 0 0 0 0 0 0 0 0 0 0 59 65 69 69 75 
62 61 64 64 65 65 65 66 66 66 66 66 66 66 67 68 69 70 71 71 72 73 73 73 74 74 74 75 75 75 72 71 70 68 60 0 0 0 0 0 0 0 0 0 0 0 0 0 0 0 0 0 0 0 0 0 0 0 0 0 0 38 38 38 38 0 0 0 48 65 74 81 85 95 97 98 98 96 96 97 97 92 89 90 85 81 84 94 0 0 0 0 0 0 0 0 0 0 50 205 190 209 226 244 170 183 111 41 0 0 0 0 0 0 0 0 0 0 0 0 0 65 64 73 81 87 96 105 107 107 107 106 106 106 105 105 105 105 104 104 103 102 101 100 100 99 99 99 99 99 100 101 103 99 99 99 96 82 0 0 0 0 0 0 0 0 0 0 0 0 0 60 65 69 75 76 
66 67 64 64 65 65 65 66 66 66 66 66 66 67 68 69 69 70 70 71 72 73 73 73 73 74 74 74 75 75 72 72 71 68 61 0 0 0 0 0 0 0 0 0 0 0 0 0 0 0 0 0 0 0 0 0 0 0 0 0 0 38 38 38 38 0 0 0 47 65 74 81 87 98 100 101 100 97 96 97 97 92 90 93 86 83 88 91 0 0 0 0 0 0 0 0 0 0 55 254 243 253 271 292 192 195 127 45 0 0 0 0 0 0 0 0 0 0 0 0 83 77 72 79 85 90 97 106 108 107 107 106 106 106 105 105 105 105 104 104 103 102 101 100 99 99 98 98 98 98 99 100 102 98 98 97 95 80 0 0 0 0 0 0 0 0 0 0 0 0 0 60 65 68 66 75 
63 58 64 64 65 66 66 66 66 66 66 66 67 68 68 69 70 70 71 72 72 73 73 73 74 74 74 75 75 76 73 72 71 69 62 0 0 0 0 0 0 0 0 0 0 0 0 0 0 0 0 0 0 0 0 0 0 0 0 0 0 38 38 38 38 0 0 0 47 64 73 80 87 99 102 103 102 98 96 96 96 92 90 90 84 81 84 84 0 0 0 0 0 0 0 0 0 0 57 259 264 316 314 323 245 236 108 46 0 0 0 0 0 0 0 0 0 0 0 0 79 76 72 79 85 90 97 106 108 108 108 107 106 105 105 104 105 104 104 103 103 102 101 100 99 98 97 97 97 97 98 99 101 97 96 96 93 79 0 0 0 0 0 0 0 0 0 0 0 0 0 62 65 68 73 76 
68 62 64 64 65 66 66 66 66 67 66 67 68 68 68 69 70 70 70 71 71 72 73 73 74 74 74 75 75 76 73 72 71 68 61 0 0 0 0 0 0 0 0 0 0 0 0 0 0 0 0 0 0 0 0 0 0 0 0 0 0 38 38 38 38 0 0 0 46 64 72 80 87 99 102 103 102 98 96 96 96 92 89 92 85 82 87 90 0 0 0 0 0 0 0 0 0 0 58 268 259 317 314 296 211 211 99 46 45 0 0 0 0 0 0 0 0 0 0 0 89 81 75 81 87 91 97 106 108 108 107 107 106 105 105 104 104 103 102 101 100 98 97 95 95 94 93 93 93 93 94 95 97 93 93 92 89 75 0 0 0 0 0 0 0 0 0 0 0 0 60 62 65 68 72 72 
60 63 64 64 65 65 66 66 66 66 66 67 68 68 69 69 69 70 70 71 71 73 73 74 74 74 74 75 75 76 73 72 71 68 62 0 0 0 0 0 0 0 0 0 0 0 0 0 0 0 0 0 0 0 0 0 0 0 0 0 0 0 0 0 0 0 0 0 46 64 72 79 87 99 102 103 102 97 96 96 96 92 88 90 83 79 83 89 0 0 0 0 0 0 0 0 0 0 63 282 252 279 264 249 173 174 97 47 45 0 0 0 0 0 0 0 0 0 0 0 0 80 74 81 87 90 97 106 108 107 107 106 106 105 104 103 102 99 97 94 91 88 88 87 88 87 89 89 90 88 89 89 89 86 86 86 84 72 0 0 0 0 0 0 0 0 0 0 0 0 59 62 65 67 69 80 
63 64 64 64 65 66 66 66 66 66 66 67 67 68 68 69 69 70 70 71 71 72 73 73 74 74 75 75 75 76 73 72 71 68 60 0 0 0 0 0 0 0 0 0 0 0 0 0 0 0 0 0 0 0 0 0 0 0 0 0 0 0 0 0 0 0 0 0 45 63 72 78 85 97 100 101 101 97 96 96 96 91 85 82 76 68 66 0 0 0 0 0 0 0 0 0 0 0 0 210 179 223 191 182 151 155 75 48 0 0 0 0 0 0 0 0 0 0 0 0 0 68 65 75 82 87 96 105 107 107 106 106 105 104 102 100 98 95 92 90 88 85 85 84 85 85 86 87 87 85 87 87 86 83 84 83 81 0 0 0 0 0 0 0 0 0 0 0 0 0 59 62 64 67 69 76 
65 63 63 64 64 65 65 66 66 66 66 67 67 67 68 68 69 70 70 71 72 72 73 74 74 74 74 75 75 75 73 71 70 68 60 0 0 0 0 0 0 0 0 0 0 0 0 0 0 0 0 0 0 0 0 0 0 0 0 0 0 0 0 0 0 0 0 0 43 63 72 77 83 94 97 98 99 97 96 96 96 91 83 78 72 61 53 0 0 0 0 0 0 0 0 0 0 0 0 0 122 187 152 146 142 143 58 46 0 0 0 0 0 0 0 0 0 0 0 0 0 52 55 68 77 84 95 105 107 106 106 105 105 103 99 95 93 89 85 83 80 76 75 74 75 75 78 80 83 81 83 82 81 79 80 79 78 0 0 0 0 0 0 0 0 0 0 0 0 0 60 62 64 67 71 77 
61 62 63 64 64 64 65 66 66 66 67 67 67 67 68 68 69 70 70 71 72 72 73 74 74 74 74 74 74 75 72 71 70 67 58 0 0 0 0 0 0 0 0 0 0 0 0 0 0 0 0 0 0 0 0 0 0 0 0 0 0 0 0 0 0 0 0 0 42 63 72 77 81 92 95 96 97 96 95 96 96 91 82 79 73 62 53 0 0 0 0 0 0 0 0 0 0 0 0 0 71 104 93 90 90 93 66 0 0 0 0 0 0 0 0 0 0 0 0 0 0 47 53 67 77 83 94 104 106 105 105 105 103 99 94 91 85 80 78 77 75 73 72 69 68 66 66 67 71 67 68 67 67 66 67 68 0 0 0 0 0 0 0 0 0 0 0 0 0 59 60 62 64 66 71 77 
62 61 63 63 64 64 65 66 66 66 67 67 67 68 68 69 70 70 71 71 72 73 73 74 74 74 74 74 74 75 72 71 69 67 58 0 0 0 0 0 0 0 0 0 0 0 0 0 0 0 0 0 0 0 0 0 0 0 0 0 0 0 0 0 0 0 0 0 42 62 71 76 80 91 94 95 96 96 95 95 95 90 82 78 72 61 53 0 0 0 0 0 0 0 0 0 0 0 0 0 0 94 91 91 91 96 86 0 0 0 0 0 0 0 0 0 0 0 0 0 0 46 52 67 77 82 94 103 105 105 105 104 101 97 91 85 78 74 74 76 76 76 73 70 67 62 55 55 60 61 63 63 62 61 61 61 0 0 0 0 0 0 0 0 0 0 0 0 0 59 60 62 64 66 68 73 
64 62 63 63 64 65 65 66 67 67 67 67 67 68 68 69 70 70 70 71 71 72 73 73 74 74 74 74 74 75 72 71 70 68 59 0 0 0 0 0 0 0 0 0 0 0 0 0 0 0 0 0 0 0 0 0 0 0 0 0 0 0 0 0 0 0 0 0 42 62 71 76 79 90 93 95 96 96 95 96 95 90 81 78 71 60 52 0 0 0 0 0 0 0 0 0 0 0 0 0 0 75 82 79 79 82 84 0 0 0 0 0 0 0 0 0 0 0 0 0 0 45 51 66 76 82 94 103 105 105 104 104 99 94 87 80 74 75 79 84 88 86 81 76 72 65 62 67 74 74 75 74 73 71 70 0 0 0 0 0 0 0 0 0 0 0 0 0 0 59 61 62 64 67 74 76 
63 64 63 63 64 64 65 66 66 67 67 67 67 67 68 69 70 70 70 71 72 73 73 74 74 74 74 75 75 75 72 72 70 68 60 0 0 0 0 0 0 0 0 0 0 0 0 0 0 0 0 0 0 0 0 0 0 0 0 0 0 0 0 0 0 0 0 0 42 62 71 76 79 90 93 94 95 95 95 95 94 89 80 77 70 59 51 0 0 0 0 0 0 0 0 0 0 0 0 0 0 64 76 74 74 74 79 0 0 0 0 0 0 0 0 0 0 0 0 0 0 45 51 66 76 81 93 103 105 104 104 103 98 93 85 79 75 79 84 89 90 86 82 77 71 65 67 73 78 79 80 78 76 75 74 69 0 0 0 0 0 0 0 0 0 0 0 0 0 59 62 62 64 66 67 73 
66 61 64 64 64 64 65 66 66 67 67 66 66 67 68 69 69 70 70 71 72 73 73 73 74 74 74 75 76 76 73 72 70 68 61 0 0 0 0 0 0 0 0 0 0 0 0 0 0 0 0 0 0 0 0 0 0 0 0 0 0 0 0 0 0 0 0 0 42 61 70 76 79 90 93 94 94 94 94 95 94 89 80 76 69 58 50 0 0 0 0 0 0 0 0 0 0 0 0 0 0 0 67 65 65 65 71 0 0 0 0 0 0 0 0 0 0 0 0 0 0 44 50 65 75 81 93 102 104 104 103 102 97 90 83 79 77 83 89 93 94 91 88 81 74 68 72 78 82 83 83 80 79 78 76 71 0 0 0 0 0 0 0 0 0 0 0 0 0 61 62 62 64 67 67 81 
61 64 64 64 64 64 65 65 66 66 67 66 67 67 68 68 69 69 70 71 72 72 73 73 74 74 75 76 76 76 74 73 71 69 64 0 0 0 0 0 0 0 0 0 0 0 0 0 0 0 0 0 0 0 0 0 0 0 0 0 0 0 0 0 0 0 0 0 42 61 70 75 79 89 92 93 94 94 94 94 93 88 79 75 68 57 48 0 0 0 0 0 0 0 0 0 0 0 0 0 0 0 62 60 60 60 64 56 0 0 0 0 0 0 0 0 0 0 0 0 0 42 48 64 74 80 92 102 104 103 103 101 96 90 83 80 81 87 92 95 95 91 87 81 73 71 77 81 85 88 89 87 87 86 84 78 0 0 0 0 0 0 0 0 0 0 0 0 0 60 62 62 64 66 68 76 
57 63 64 64 64 65 65 65 66 67 67 66 66 67 67 68 68 69 70 71 72 72 73 73 73 73 74 75 75 76 74 74 72 71 66 0 0 0 0 0 0 0 0 0 0 0 0 0 0 0 0 0 0 0 0 0 0 0 0 0 0 0 0 0 0 0 0 0 43 62 71 76 79 89 92 93 93 93 94 94 93 87 78 73 66 55 46 0 0 0 0 0 0 0 0 0 0 0 0 0 0 0 56 54 54 54 57 53 0 0 0 0 0 0 0 0 0 0 0 0 0 42 48 63 73 80 92 102 103 103 103 99 96 88 81 80 83 87 94 97 95 90 88 80 74 75 82 84 89 91 92 90 89 88 86 80 0 0 0 0 0 0 0 0 0 0 0 0 0 60 62 63 64 67 68 73 
59 64 63 64 65 65 65 65 66 66 67 66 67 66 67 67 67 68 68 70 71 71 72 73 73 74 74 75 75 75 74 73 72 71 66 0 0 0 0 0 0 0 0 0 0 0 0 0 0 0 0 0 0 0 0 0 0 0 0 0 0 0 0 0 0 0 0 0 42 61 71 76 79 89 92 92 93 93 93 93 92 86 77 72 65 53 45 0 0 0 0 0 0 0 0 0 0 0 0 0 0 0 0 53 53 53 53 53 0 0 0 0 0 0 0 0 0 0 0 0 0 42 48 64 74 81 91 101 103 103 102 99 98 89 82 82 85 88 94 97 93 89 85 77 72 77 83 86 90 92 92 90 89 89 87 82 0 0 0 0 0 0 0 0 0 0 0 0 0 59 62 62 64 67 71 76 
61 61 63 64 64 65 65 65 65 66 66 66 67 66 66 65 66 65 66 67 69 69 71 73 73 74 74 75 75 75 73 73 71 70 64 0 0 0 0 0 0 0 0 0 0 0 0 0 0 0 0 0 0 0 0 0 0 0 0 0 0 0 0 0 0 0 0 0 40 61 70 75 78 89 91 92 92 92 92 93 92 85 76 71 64 52 44 0 0 0 0 0 0 0 0 0 0 0 0 0 0 0 0 47 47 47 47 0 0 0 0 0 0 0 0 0 0 0 0 0 0 0 48 66 76 82 91 100 102 102 101 97 94 85 79 77 80 84 90 92 87 85 79 72 70 77 80 84 88 90 90 88 88 88 86 82 0 0 0 0 0 0 0 0 0 0 0 0 0 58 61 62 64 67 73 77 
60 61 64 65 65 65 65 65 66 66 67 67 67 66 65 64 64 63 63 66 68 69 71 73 73 74 74 75 75 75 73 73 72 70 64 0 0 0 0 0 0 0 0 0 0 0 0 0 0 0 0 0 0 0 0 0 0 0 0 0 0 0 0 0 0 0 0 0 41 63 72 76 80 88 90 91 91 92 92 92 91 85 75 70 63 51 42 0 0 0 0 0 0 0 0 0 0 0 0 0 0 0 0 0 0 0 0 0 0 0 0 0 0 0 0 0 0 0 0 0 0 0 49 66 76 82 90 99 100 98 95 91 86 80 76 75 79 84 89 91 85 83 76 69 68 76 78 83 88 87 86 84 83 82 81 78 0 0 0 0 0 0 0 0 0 0 0 0 0 58 60 62 64 67 72 81 
63 66 64 64 65 66 66 66 66 67 66 66 67 65 64 62 62 61 61 64 67 68 70 73 73 74 74 75 74 75 73 73 72 70 63 0 0 0 0 0 0 0 0 0 0 0 0 0 0 0 0 0 0 0 0 0 0 0 0 0 0 0 0 0 0 0 0 0 40 62 71 76 79 88 90 91 91 91 91 91 91 85 75 70 63 50 41 0 0 0 0 0 0 0 0 0 0 0 0 0 0 0 0 0 0 0 0 0 0 0 0 0 0 0 0 0 0 0 0 0 0 0 51 69 78 83 89 96 96 93 90 87 84 79 74 73 77 83 87 90 83 81 73 67 67 75 77 82 86 85 83 81 80 79 79 76 0 0 0 0 0 0 0 0 0 0 0 0 0 58 60 62 65 67 70 79 
65 64 64 64 64 66 66 66 66 66 66 66 66 65 63 61 61 58 58 61 65 66 69 73 73 74 75 75 75 75 73 72 71 69 61 0 0 0 0 0 0 0 0 0 0 0 0 0 0 0 0 0 0 0 0 0 0 0 0 0 0 0 0 0 0 0 0 0 0 65 73 78 81 88 89 89 89 90 90 91 91 84 74 70 62 50 41 0 0 0 0 0 0 0 0 0 0 0 0 0 0 0 0 0 0 0 0 0 0 0 0 0 0 0 0 0 0 0 0 0 0 0 53 71 80 85 86 92 92 89 85 83 80 77 72 71 74 81 82 85 78 76 66 62 62 70 73 79 84 81 80 78 77 76 76 0 0 0 0 0 0 0 0 0 0 0 0 0 0 59 60 62 64 67 73 77 
61 61 64 64 64 65 65 65 65 65 65 66 66 65 63 61 61 59 58 62 65 67 69 73 73 74 74 75 75 75 72 72 71 68 60 0 0 0 0 0 0 0 0 0 0 0 0 0 0 0 0 0 0 0 0 0 0 0 0 0 0 0 0 0 0 0 0 0 0 67 75 79 82 87 89 89 89 89 89 90 90 83 73 69 62 49 40 0 0 0 0 0 0 0 0 0 0 0 0 0 0 0 0 0 0 0 0 0 0 0 0 0 0 0 0 0 0 0 0 0 0 0 53 71 80 84 85 90 89 84 78 76 73 69 65 63 62 70 71 73 68 67 60 57 58 65 66 71 77 74 73 72 71 70 71 0 0 0 0 0 0 0 0 0 0 0 0 0 0 59 61 62 64 67 70 77 
66 64 64 64 64 65 65 66 66 66 66 66 66 65 64 63 63 62 61 64 67 68 70 73 73 74 74 74 74 75 72 72 71 69 62 0 0 0 0 0 0 0 0 0 0 0 0 0 0 0 0 0 0 0 0 0 0 0 0 0 0 0 0 0 0 0 0 0 0 72 79 82 84 87 89 89 89 89 89 89 90 83 73 69 62 49 41 0 0 0 0 0 0 0 0 0 0 0 0 0 0 0 0 0 0 0 0 0 0 0 0 0 0 0 0 0 0 0 0 0 0 0 53 71 80 82 83 88 86 77 67 61 59 0 0 0 0 0 0 0 0 0 0 0 0 0 0 0 0 0 0 0 0 0 0 0 0 0 0 0 0 0 0 0 0 0 0 0 0 60 61 62 65 67 69 77 
65 60 63 64 64 65 64 65 65 65 65 66 66 65 65 64 64 64 64 66 68 69 70 72 73 73 73 74 75 75 72 72 71 69 61 0 0 0 0 0 0 0 0 0 0 0 0 0 0 0 0 0 0 0 0 0 0 0 0 0 0 0 0 0 0 0 0 0 0 71 78 81 84 87 89 89 89 89 88 89 89 83 73 68 61 48 40 0 0 0 0 0 0 0 0 0 0 0 0 0 0 0 0 0 0 0 0 0 0 0 0 0 0 0 0 0 0 0 0 0 0 0 56 74 83 83 80 84 81 70 52 0 0 0 0 0 0 0 0 0 0 0 0 0 0 0 0 0 0 0 0 0 0 0 0 0 0 0 0 0 0 0 0 0 0 0 0 0 0 60 62 63 65 68 71 77 
65 62 63 63 63 64 64 64 64 64 64 65 66 66 66 65 66 65 65 67 69 69 70 72 72 73 73 74 74 75 72 72 70 68 59 0 0 0 0 0 0 0 0 0 0 0 0 0 0 0 0 0 0 0 0 0 0 0 0 0 0 0 0 0 0 0 0 0 0 77 82 84 85 86 88 88 89 89 89 89 89 82 74 69 62 48 40 0 0 0 0 0 0 0 0 0 0 0 0 0 0 0 0 0 0 0 0 0 0 0 0 0 0 0 0 0 0 0 0 0 0 0 57 74 83 83 79 85 82 71 0 0 0 0 0 0 0 0 0 0 0 0 0 0 0 0 0 0 0 0 0 0 0 0 0 0 0 0 0 0 0 0 0 0 0 0 0 0 0 60 62 63 65 68 74 76 
64 62 62 63 63 64 64 64 64 64 64 65 66 66 66 66 67 68 68 69 70 70 71 72 72 73 73 74 74 75 72 72 71 68 60 0 0 0 0 0 0 0 0 0 0 0 0 0 0 0 0 0 0 0 0 0 0 0 0 0 0 0 0 0 0 0 0 0 0 76 81 83 85 86 89 89 89 89 89 89 89 82 73 69 61 48 39 0 0 0 0 0 0 0 0 0 0 0 0 0 0 0 0 0 0 0 0 0 0 0 0 0 0 0 0 0 0 0 0 0 0 0 57 74 82 83 80 85 83 74 60 0 0 0 0 0 0 0 0 0 0 0 0 0 0 0 0 0 0 0 0 0 0 0 0 0 0 0 0 0 0 0 0 0 0 0 0 0 0 60 62 63 66 68 70 80 
62 63 62 63 63 63 63 63 63 63 63 64 65 65 66 66 67 68 68 69 70 70 71 71 72 73 73 74 74 75 73 73 71 70 61 0 0 0 0 0 0 0 0 0 0 0 0 0 0 0 0 0 0 0 0 0 0 0 0 0 0 0 0 0 0 0 0 0 0 75 81 83 84 85 88 88 89 89 89 89 88 81 74 70 63 48 0 0 0 0 0 0 0 0 0 0 0 0 0 0 0 0 0 0 0 0 0 0 0 0 0 0 0 0 0 0 0 0 0 0 0 0 59 74 83 84 82 86 83 76 69 0 0 0 0 0 0 0 0 0 0 0 0 0 0 0 0 0 0 0 0 0 0 0 0 0 0 0 0 0 0 0 0 0 0 0 0 0 0 60 62 63 65 68 69 85 
58 60 62 63 62 63 63 62 62 63 63 63 65 65 64 65 65 65 66 66 67 68 68 69 70 71 71 72 73 74 72 72 71 69 61 0 0 0 0 0 0 0 0 0 0 0 0 0 0 0 0 0 0 0 0 0 0 0 0 0 0 0 0 0 0 0 0 0 0 74 80 82 84 85 88 88 89 89 89 89 88 81 73 69 61 47 0 0 0 0 0 0 0 0 0 0 0 0 0 0 0 0 0 0 0 0 0 0 0 0 0 0 0 0 0 0 0 0 0 0 0 0 61 76 83 86 84 88 85 80 73 68 62 58 54 56 58 61 57 55 53 0 0 0 0 0 0 0 0 0 0 0 0 0 0 0 0 0 0 0 0 0 0 0 0 0 0 0 0 62 62 63 65 68 78 77 
0 0 61 62 62 62 63 62 62 62 62 63 64 64 64 64 64 64 64 65 66 67 68 69 70 71 71 71 70 71 68 67 67 66 58 0 0 0 0 0 0 0 0 0 0 0 0 0 0 0 0 0 0 0 0 0 0 0 0 0 0 0 0 0 0 0 0 0 0 73 80 82 83 84 88 88 88 88 88 88 88 80 73 69 61 47 0 0 0 0 0 0 0 0 0 0 0 0 0 0 0 0 0 0 0 0 0 0 0 0 0 0 0 0 0 0 0 0 0 0 0 0 63 77 84 87 87 90 89 86 82 77 74 72 70 71 72 74 71 68 65 64 61 0 0 0 0 0 0 0 0 0 0 0 0 0 0 0 0 0 0 0 0 0 0 0 0 0 0 62 62 63 65 68 67 72 
0 0 61 63 63 63 63 62 61 62 62 63 64 63 63 63 63 63 64 64 65 66 67 68 70 70 70 70 70 70 68 67 66 65 58 0 0 0 0 0 0 0 0 0 0 0 0 0 0 0 0 0 0 0 0 0 0 0 0 0 0 0 0 0 0 0 0 0 0 71 77 79 81 82 85 85 86 86 86 86 86 79 72 68 61 47 0 0 0 0 0 0 0 0 0 0 0 0 0 0 0 0 0 0 0 0 0 0 0 0 0 0 0 0 0 0 0 0 0 0 0 0 63 76 83 86 87 91 90 88 84 79 77 75 72 72 72 72 70 68 65 64 61 59 0 0 0 0 0 0 0 0 0 0 0 0 0 0 0 0 0 0 0 0 0 0 0 0 0 63 62 63 65 68 62 82 
0 0 0 0 0 0 0 60 59 60 60 60 61 62 61 61 61 60 61 61 63 64 65 67 68 69 70 69 68 68 66 65 65 64 0 0 0 0 0 0 0 0 0 0 0 0 0 0 0 0 0 0 0 0 0 0 0 0 0 0 0 0 0 0 0 0 0 0 0 70 72 73 73 74 75 77 77 78 79 79 77 71 67 64 58 46 0 0 0 0 0 0 0 0 0 0 0 0 0 0 0 0 0 0 0 0 0 0 0 0 0 0 0 0 0 0 0 0 0 0 0 0 60 71 76 78 80 85 84 81 78 74 71 70 69 71 72 72 70 68 65 64 61 59 0 0 0 0 0 0 0 0 0 0 0 0 0 0 0 0 0 0 0 0 0 0 0 0 0 64 63 63 65 68 76 80 
0 0 0 0 0 0 0 0 0 0 0 0 0 0 0 0 54 55 56 57 58 60 61 62 64 64 66 64 63 64 61 60 60 60 0 0 0 0 0 0 0 0 0 0 0 0 0 0 0 0 0 0 0 0 0 0 0 0 0 0 0 0 0 0 0 0 0 0 0 0 70 71 71 71 72 74 75 76 76 76 74 69 64 61 56 46 0 0 0 0 0 0 0 0 0 0 0 0 0 0 0 0 0 0 0 0 0 0 0 0 0 0 0 0 0 0 0 0 0 0 0 0 60 69 75 76 78 83 83 81 78 74 71 70 69 71 72 72 70 68 65 64 61 59 0 0 0 0 0 0 0 0 0 0 0 0 0 0 0 0 0 0 0 0 0 0 0 0 0 65 64 65 66 69 75 82 
0 0 0 0 0 0 0 0 0 0 0 0 0 0 0 0 0 0 0 0 0 0 0 0 0 0 0 0 0 0 51 51 0 0 0 0 0 0 0 0 0 0 0 0 0 0 0 0 0 0 0 0 0 0 0 0 0 0 0 0 0 0 0 0 0 0 0 0 0 0 67 67 66 67 67 69 70 71 72 72 70 66 62 60 56 46 0 0 0 0 0 0 0 0 0 0 0 0 0 0 0 0 0 0 0 0 0 0 0 0 0 0 0 0 0 0 0 0 0 0 0 0 0 66 71 72 74 79 80 78 77 75 75 75 76 77 79 78 76 75 70 69 66 63 0 0 0 0 0 0 0 0 0 0 0 0 0 0 0 0 0 0 0 0 0 0 0 0 65 64 63 64 66 69 70 80 
0 0 0 0 0 0 0 0 0 0 0 0 0 0 0 0 0 0 0 0 0 0 0 0 0 0 0 0 0 0 0 0 0 0 0 0 0 0 0 0 0 0 0 0 0 0 0 0 0 0 0 0 0 0 0 0 0 0 0 0 0 0 0 0 0 0 0 0 0 0 0 58 57 57 57 60 60 61 63 63 61 58 57 55 53 0 0 0 0 0 0 0 0 0 0 0 0 0 0 0 0 0 0 0 0 0 0 0 0 0 0 0 0 0 0 0 0 0 0 0 0 0 0 60 64 65 67 71 71 70 69 67 67 67 68 70 72 70 68 68 65 64 0 0 0 0 0 0 0 0 0 0 0 0 0 0 0 0 0 0 0 0 0 0 0 0 0 0 67 65 64 64 66 69 74 81 
0 0 0 0 0 0 0 0 0 0 0 0 0 0 0 0 0 0 0 0 0 0 0 0 0 0 0 0 0 0 0 0 0 0 0 0 0 0 0 0 0 0 0 0 0 0 0 0 0 0 0 0 0 0 0 0 0 0 0 0 0 0 0 0 0 0 0 0 0 0 0 0 0 38 39 39 40 41 43 43 42 42 42 0 0 0 0 0 0 0 0 0 0 0 0 0 0 0 0 0 0 0 0 0 0 0 0 0 0 0 0 0 0 0 0 0 0 0 0 0 0 0 0 0 0 46 49 51 51 51 51 48 47 0 0 0 0 0 0 0 0 0 0 0 0 0 59 59 59 59 59 0 0 0 0 0 0 0 0 0 0 0 0 0 0 0 0 0 66 65 63 64 66 69 75 80 
0 0 0 0 0 0 0 0 0 0 0 0 0 0 0 0 0 0 0 0 0 0 0 0 0 0 0 0 0 0 0 0 0 0 0 0 0 0 0 0 0 0 0 0 0 0 0 0 0 0 0 0 0 0 0 0 0 0 0 0 0 0 0 0 0 0 0 0 0 0 0 0 0 0 0 0 0 0 0 0 0 0 0 0 0 0 0 0 0 0 0 0 0 0 0 0 0 0 0 0 0 0 0 0 0 0 0 0 0 0 0 0 0 0 0 0 0 0 0 0 0 0 0 0 0 0 0 0 0 0 0 0 0 0 0 0 0 0 0 0 0 0 0 0 0 0 59 59 59 59 59 0 0 0 0 0 0 0 0 0 0 0 0 0 0 0 0 0 64 63 62 63 65 68 64 83 
0 0 0 0 0 0 0 0 0 0 0 0 0 0 0 0 0 0 0 0 0 0 0 0 0 0 0 0 0 0 0 0 0 0 0 0 0 0 0 0 0 0 0 0 0 0 0 0 0 0 0 0 0 0 0 0 0 0 0 0 0 0 0 0 0 0 0 0 0 0 0 0 0 0 0 0 0 0 0 0 0 0 0 0 0 0 0 0 0 0 0 0 0 0 0 0 0 0 0 0 0 0 0 0 0 0 0 0 0 0 0 0 0 0 0 0 0 0 0 0 0 0 0 0 0 0 0 0 0 0 0 0 0 0 0 0 0 0 0 0 0 0 0 0 0 0 0 0 0 0 0 0 0 0 0 0 0 0 0 0 0 0 0 0 0 0 0 0 64 62 62 63 64 68 70 83 
0 0 0 0 0 0 0 0 0 0 0 0 0 0 0 0 0 0 0 0 0 0 0 0 0 0 0 0 0 0 0 0 0 0 0 0 0 0 0 0 0 0 0 0 0 0 0 0 0 0 0 0 0 0 0 0 0 0 0 0 0 0 0 0 0 0 0 0 0 0 0 0 0 0 0 0 0 0 0 0 0 0 0 0 0 0 0 0 0 0 0 0 0 0 0 0 0 0 0 0 0 0 0 0 0 0 0 0 0 0 0 0 0 0 0 0 0 0 0 0 0 0 0 0 0 0 0 0 0 0 0 0 0 0 0 0 0 0 0 0 0 0 0 0 0 0 0 0 0 0 0 0 0 0 0 0 0 0 0 0 0 0 0 0 0 0 0 0 64 62 62 63 64 67 70 76 
0 0 0 0 0 0 0 0 0 0 0 0 0 0 0 0 0 0 0 0 0 0 0 0 0 0 0 0 0 0 0 0 0 0 0 0 0 0 0 0 0 0 0 0 0 0 0 0 0 0 0 0 0 0 0 0 0 0 0 0 0 0 0 0 0 0 0 0 0 0 0 0 0 0 0 0 0 0 0 0 0 0 0 0 0 0 0 0 0 0 0 0 0 0 0 0 0 0 0 0 0 0 0 0 0 0 0 0 0 0 0 0 0 0 0 0 0 0 0 0 0 0 0 0 0 0 0 0 0 0 0 0 0 0 0 0 0 0 0 0 0 0 0 0 0 0 0 0 0 0 0 0 0 0 0 0 0 0 0 0 0 0 0 0 0 0 0 0 0 61 61 62 64 67 67 80 
0 0 0 0 0 0 0 0 0 0 0 0 0 0 0 0 0 0 0 0 0 0 0 0 0 0 0 0 0 0 0 0 0 0 0 0 0 0 0 0 0 0 0 0 0 0 0 0 0 0 0 0 0 0 0 0 0 0 0 0 0 0 0 0 0 0 0 0 0 0 0 0 0 0 0 0 0 0 0 0 0 0 0 0 0 0 0 0 0 0 0 0 0 0 0 0 0 0 0 0 0 0 0 0 0 0 0 0 0 0 0 0 0 0 0 0 0 0 0 0 0 0 0 0 0 0 0 0 0 0 0 0 0 0 0 0 0 0 0 0 0 0 0 0 0 0 0 0 0 0 0 0 0 0 0 0 0 0 0 0 0 0 0 0 0 0 0 0 0 60 62 62 64 67 71 76 
0 0 0 0 0 0 0 0 0 0 0 0 0 0 0 0 0 0 0 0 0 0 0 0 0 0 0 0 0 0 0 0 0 0 0 0 0 0 0 0 0 0 0 0 0 0 0 0 0 0 0 0 0 0 0 0 0 0 0 0 0 0 0 0 0 0 0 0 0 0 0 0 0 0 0 0 0 0 0 0 0 0 0 0 0 0 0 0 0 0 0 0 0 0 0 0 0 0 0 0 0 0 0 0 0 0 0 0 0 0 0 0 0 0 0 0 0 0 0 0 0 0 0 0 0 0 0 0 0 0 0 0 0 0 0 0 0 0 0 0 0 0 0 0 0 0 0 0 0 0 0 0 0 0 0 0 0 0 0 0 0 0 0 0 0 0 0 0 0 0 62 63 65 68 70 79 
0 0 0 0 0 0 0 0 0 0 0 0 0 0 0 0 0 0 0 0 0 0 0 0 0 0 0 0 0 0 0 0 0 0 0 0 0 0 0 0 0 0 0 0 0 0 0 0 0 0 0 0 0 0 0 0 0 0 0 0 0 0 0 0 0 0 0 0 0 0 0 0 0 0 0 0 0 0 0 0 0 0 0 0 0 0 0 0 0 0 0 0 0 0 0 0 0 0 0 0 0 0 0 0 0 0 0 0 0 0 0 0 0 0 0 0 0 0 0 0 0 0 0 0 0 0 0 0 0 0 0 0 0 0 0 0 0 0 0 0 0 0 0 0 0 0 0 0 0 0 0 0 0 0 0 0 0 0 0 0 0 0 0 0 0 0 0 0 0 0 0 61 65 67 70 69 
0 0 0 0 0 0 0 0 0 0 0 0 0 0 0 0 0 0 0 0 0 0 0 0 0 0 0 0 0 0 0 0 0 0 0 0 0 0 0 0 0 0 0 0 0 0 0 0 0 0 0 0 0 0 0 0 0 0 0 0 0 0 0 0 0 0 0 0 0 0 0 0 0 0 0 0 0 0 0 0 0 0 0 0 0 0 0 0 0 0 0 0 0 0 0 0 0 0 0 0 0 0 0 0 0 0 0 0 0 0 0 0 0 0 0 0 0 0 0 0 0 0 0 0 0 0 0 0 0 0 0 0 0 0 0 0 0 0 0 0 0 0 0 0 0 0 0 0 0 0 0 0 0 0 0 0 0 0 0 0 0 0 0 0 0 0 0 0 0 0 0 0 65 68 0 0 
0 0 0 0 0 0 0 0 0 0 0 0 0 0 0 0 0 0 0 0 0 0 0 0 0 0 0 0 0 0 0 0 0 0 0 0 0 0 0 0 0 0 0 0 0 0 0 0 0 0 0 0 0 0 0 0 0 0 0 0 0 0 0 0 0 0 0 0 0 0 0 0 0 0 0 0 0 0 0 0 0 0 0 0 0 0 0 0 0 0 0 0 0 0 0 0 0 0 0 0 0 0 0 0 0 0 0 0 0 0 0 0 0 0 0 0 0 0 0 0 0 0 0 0 0 0 0 0 0 0 0 0 0 0 0 0 0 0 0 0 0 0 0 0 0 0 0 0 0 0 0 0 0 0 0 0 0 0 0 0 0 0 0 0 0 0 0 0 0 0 0 0 0 0 0 0 
0 0 0 0 0 0 0 0 0 0 0 0 0 0 0 0 0 0 0 0 0 0 0 0 0 0 0 0 0 0 0 0 0 0 0 0 0 0 0 0 0 0 0 0 0 0 0 0 0 0 0 0 0 0 0 0 0 0 0 0 0 0 0 0 0 0 0 0 0 0 0 0 0 0 0 0 0 0 0 0 0 0 0 0 0 0 0 0 0 0 0 0 0 0 0 0 0 0 0 0 0 0 0 0 0 0 0 0 0 0 0 0 0 0 0 0 0 0 0 0 0 0 0 0 0 0 0 0 0 0 0 0 0 0 0 0 0 0 0 0 0 0 0 0 0 0 0 0 0 0 0 0 0 0 0 0 0 0 0 0 0 0 0 0 0 0 0 0 0 0 0 0 0 0 0 0 
0 0 0 0 0 0 0 0 0 0 0 0 0 0 0 0 0 0 0 0 0 0 0 0 0 0 0 0 0 0 0 0 0 0 0 0 0 0 0 0 0 0 0 0 0 0 0 0 0 0 0 0 0 0 0 0 0 0 0 0 0 0 0 0 0 0 0 0 0 0 0 0 0 0 0 0 0 0 0 0 0 0 0 0 0 0 0 0 0 0 0 0 0 0 0 0 0 0 0 0 0 0 0 0 0 0 0 0 0 0 0 0 0 0 0 0 0 0 0 0 0 0 0 0 0 0 0 0 0 0 0 0 0 0 0 0 0 0 0 0 0 0 0 0 0 0 0 0 0 0 0 0 0 0 0 0 0 0 0 0 0 0 0 0 0 0 0 0 0 0 0 0 0 0 0 0 
0 0 0 0 0 0 0 0 0 0 0 0 0 0 0 0 0 0 0 0 0 0 0 0 0 0 0 0 0 0 0 0 0 0 0 0 0 0 0 0 0 0 0 0 0 0 0 0 0 0 0 0 0 0 0 0 0 0 0 0 0 0 0 0 0 0 0 0 0 0 0 0 0 0 0 0 0 0 0 0 0 0 0 0 0 0 0 0 0 0 0 0 0 0 0 0 0 0 0 0 0 0 0 0 0 0 0 0 0 0 0 0 0 0 0 0 0 0 0 0 0 0 0 0 0 0 0 0 0 0 0 0 0 0 0 0 0 0 0 0 0 0 0 0 0 0 0 0 0 0 0 0 0 0 0 0 0 0 0 0 0 0 0 0 0 0 0 0 0 0 0 0 0 0 0 0 
0 0 0 0 0 0 0 0 0 0 0 0 0 0 0 0 0 0 0 0 0 0 0 0 0 0 0 0 0 0 0 0 0 0 0 0 0 0 0 0 0 0 0 0 0 0 0 0 0 0 0 0 0 0 0 0 0 0 0 0 0 0 0 0 0 0 0 0 0 0 0 0 0 0 0 0 0 0 0 0 0 0 0 0 0 0 0 0 0 0 0 0 0 0 0 0 0 0 0 0 0 0 0 0 0 0 0 0 0 0 0 0 0 0 0 0 0 0 0 0 0 0 0 0 0 0 0 0 0 0 0 0 0 0 0 0 0 0 0 0 0 0 0 0 0 0 0 0 0 0 0 0 0 0 0 0 0 0 0 0 0 0 0 0 0 0 0 0 0 0 0 0 0 0 0 0 
0 0 0 0 0 0 0 0 0 0 0 0 0 0 0 0 0 0 0 0 0 0 0 0 0 0 0 0 0 0 0 0 0 0 0 0 0 0 0 0 0 0 0 0 0 0 0 0 0 0 0 0 0 0 0 0 0 0 0 0 0 0 0 0 0 0 0 0 0 0 0 0 0 0 0 0 0 0 0 0 0 0 0 0 0 0 0 0 0 0 0 0 0 0 0 0 0 0 0 0 0 0 0 0 0 0 0 0 0 0 0 0 0 0 0 0 0 0 0 0 0 0 0 0 0 0 0 0 0 0 0 0 0 0 0 0 0 0 0 0 0 0 0 0 0 0 0 0 0 0 0 0 0 0 0 0 0 0 0 0 0 0 0 0 0 0 0 0 0 0 0 0 0 0 0 0 
0 0 0 0 0 0 0 0 0 0 0 0 0 0 0 0 0 0 0 0 0 0 0 0 0 0 0 0 0 0 0 0 0 0 0 0 0 0 0 0 0 0 0 0 0 0 0 0 0 0 0 0 0 0 0 0 0 0 0 0 0 0 0 0 0 0 0 0 0 0 0 0 0 0 0 0 0 0 0 0 0 0 0 0 0 0 0 0 0 0 0 0 0 0 0 0 0 0 0 0 0 0 0 0 0 0 0 0 0 0 0 0 0 0 0 0 0 0 0 0 0 0 0 0 0 0 0 0 0 0 0 0 0 0 0 0 0 0 0 0 0 0 0 0 0 0 0 0 0 0 0 0 0 0 0 0 0 0 0 0 0 0 0 0 0 0 0 0 0 0 0 0 0 0 0 0 
0 0 0 0 0 0 0 0 0 0 0 0 0 0 0 0 0 0 0 0 0 0 0 0 0 0 0 0 0 0 0 0 0 0 0 0 0 0 0 0 0 0 0 0 0 0 0 0 0 0 0 0 0 0 0 0 0 0 0 0 0 0 0 0 0 0 0 0 0 0 0 0 0 0 0 0 0 0 0 0 0 0 0 0 0 0 0 0 0 0 0 0 0 0 0 0 0 0 0 0 0 0 0 0 0 0 0 0 0 0 0 0 0 0 0 0 0 0 0 0 0 0 0 0 0 0 0 0 0 0 0 0 0 0 0 0 0 0 0 0 0 0 0 0 0 0 0 0 0 0 0 0 0 0 0 0 0 0 0 0 0 0 0 0 0 0 0 0 0 0 0 0 0 0 0 0 
0 0 0 0 0 0 0 0 0 0 0 0 0 0 0 0 0 0 0 0 0 0 0 0 0 0 0 0 0 0 0 0 0 0 0 0 0 0 0 0 0 0 0 0 0 0 0 0 0 0 0 0 0 0 0 0 0 0 0 0 0 0 0 0 0 0 0 0 0 0 0 0 0 0 0 0 0 0 0 0 0 0 0 0 0 0 0 0 0 0 0 0 0 0 0 0 0 0 0 0 0 0 0 0 0 0 0 0 0 0 0 0 0 0 0 0 0 0 0 0 0 0 0 0 0 0 0 0 0 0 0 0 0 0 0 0 0 0 0 0 0 0 0 0 0 0 0 0 0 0 0 0 0 0 0 0 0 0 0 0 0 0 0 0 0 0 0 0 0 0 0 0 0 0 0 0 
0 0 0 0 0 0 0 0 0 0 0 0 0 0 0 0 0 0 0 0 0 0 0 0 0 0 0 0 0 0 0 0 0 0 0 0 0 0 0 0 0 0 0 0 0 0 0 0 0 0 0 0 0 0 0 0 0 0 0 0 0 0 0 0 0 0 0 0 0 0 0 0 0 0 0 0 0 0 0 0 0 0 0 0 0 0 0 0 0 0 0 0 0 0 0 0 0 0 0 0 0 0 0 0 0 0 0 0 0 0 0 0 0 0 0 0 0 0 0 0 0 0 0 0 0 0 0 0 0 0 0 0 0 0 0 0 0 0 0 0 0 0 0 0 0 0 0 0 0 0 0 0 0 0 0 0 0 0 0 0 0 0 0 0 0 0 0 0 0 0 0 0 0 0 0 0 
0 0 0 0 0 0 0 0 0 0 0 0 0 0 0 0 0 0 0 0 0 0 0 0 0 0 0 0 0 0 0 0 0 0 0 0 0 0 0 0 0 0 0 0 0 0 0 0 0 0 0 0 0 0 0 0 0 0 0 0 0 0 0 0 0 0 0 0 0 0 0 0 0 0 0 0 0 0 0 0 0 0 0 0 0 0 0 0 0 0 0 0 0 0 0 0 0 0 0 0 0 0 0 0 0 0 0 0 0 0 0 0 0 0 0 0 0 0 0 0 0 0 0 0 0 0 0 0 0 0 0 0 0 0 0 0 0 0 0 0 0 0 0 0 0 0 0 0 0 0 0 0 0 0 0 0 0 0 0 0 0 0 0 0 0 0 0 0 0 0 0 0 0 0 0 65 
0 0 0 0 0 0 0 0 0 0 0 0 0 0 0 0 0 0 0 0 0 0 0 0 0 0 0 0 0 0 0 0 0 0 0 0 0 0 0 0 0 0 0 0 0 0 0 0 0 0 0 0 0 0 0 0 0 0 0 0 0 0 0 0 0 0 0 0 0 0 0 0 0 0 0 0 0 0 0 0 0 0 0 0 0 0 0 0 0 0 0 0 0 0 0 0 0 0 0 0 0 0 0 0 0 0 0 0 0 0 0 0 0 0 0 0 0 0 0 0 0 0 0 0 0 0 0 0 0 0 0 0 0 0 0 0 0 0 0 0 0 0 0 0 0 0 0 0 0 0 0 0 0 0 0 0 0 0 0 0 0 0 0 0 0 0 0 0 0 0 0 0 0 0 0 0 
0 0 0 0 0 0 0 0 0 0 0 0 0 0 0 0 0 0 0 0 0 0 0 0 0 0 0 0 0 0 0 0 0 0 0 0 0 0 0 0 0 0 0 0 0 0 0 0 0 0 0 0 0 0 0 0 0 0 0 0 0 0 0 0 0 0 0 0 0 0 0 0 0 0 0 0 0 0 0 0 0 0 0 0 0 0 0 0 0 0 0 0 0 0 0 0 0 0 0 0 0 0 0 0 0 0 0 0 0 0 0 0 0 0 0 0 0 0 0 0 0 0 0 0 0 0 0 0 0 0 0 0 0 0 0 0 0 0 0 0 0 0 0 0 0 0 0 0 0 0 0 0 0 0 0 0 0 0 0 0 0 0 0 0 0 0 0 0 0 0 0 0 0 0 0 0 
0 0 0 0 0 0 0 0 0 0 0 0 0 0 0 0 0 0 0 0 0 0 0 0 0 0 0 0 0 0 0 0 0 0 0 0 0 0 0 0 0 0 0 0 0 0 0 0 0 0 0 0 0 0 0 0 0 0 0 0 0 0 0 0 0 0 0 0 0 0 0 0 0 0 0 0 0 0 0 0 0 0 0 0 0 0 0 0 0 0 0 0 0 0 0 0 0 0 0 0 0 0 0 0 0 0 0 0 0 0 0 0 0 0 0 0 0 0 0 0 0 0 0 0 0 0 0 0 0 0 0 0 0 0 0 0 0 0 0 0 0 0 0 0 0 0 0 0 0 0 0 0 0 0 0 0 0 0 0 0 0 0 0 0 0 0 0 0 0 0 0 0 0 0 0 0 
0 0 0 0 0 0 0 0 0 0 0 0 0 0 0 0 0 0 0 0 0 0 0 0 0 0 0 0 0 0 0 0 0 0 0 0 0 0 0 0 0 0 0 0 0 0 0 0 0 0 0 0 0 0 0 0 0 0 0 0 0 0 0 0 0 0 0 0 0 0 0 0 0 0 0 0 0 0 0 0 0 0 0 0 0 0 0 0 0 0 0 0 0 0 0 0 0 0 0 0 0 0 0 0 0 0 0 0 0 0 0 0 0 0 0 0 0 0 0 0 0 0 0 0 0 0 0 0 0 0 0 0 0 0 0 0 0 0 0 0 0 0 0 0 0 0 0 0 0 0 0 0 0 0 0 0 0 0 0 0 0 0 0 0 0 0 0 0 0 0 0 0 0 0 0 0 
0 0 0 0 0 0 0 0 0 0 0 0 0 0 0 0 0 0 0 0 0 0 0 0 0 0 0 0 0 0 0 0 0 0 0 0 0 0 0 0 0 0 0 0 0 0 0 0 0 0 0 0 0 0 0 0 0 0 0 0 0 0 0 0 0 0 0 0 0 0 0 0 0 0 0 0 0 0 0 0 0 0 0 0 0 0 0 0 0 0 0 0 0 0 0 0 0 0 0 0 0 0 0 0 0 0 0 0 0 0 0 0 0 0 0 0 0 0 0 0 0 0 0 0 0 0 0 0 0 0 0 0 0 0 0 0 0 0 0 0 0 0 0 0 0 0 0 0 0 0 0 0 0 0 0 0 0 0 0 0 0 0 0 0 0 0 0 0 0 0 0 0 0 0 0 0 
0 0 0 0 0 0 0 0 0 0 0 0 0 0 0 0 0 0 0 0 0 0 0 0 0 0 0 0 0 0 0 0 0 0 0 0 0 0 0 0 0 0 0 0 0 0 0 0 0 0 0 0 0 0 0 0 0 0 0 0 0 0 0 0 0 0 0 0 0 0 0 0 0 0 0 0 0 0 0 0 0 0 0 0 0 0 0 0 0 0 0 0 0 0 0 0 0 0 0 0 0 0 0 0 0 0 0 0 0 0 0 0 0 0 0 0 0 0 0 0 0 0 0 0 0 0 0 0 0 0 0 0 0 0 0 0 0 0 0 0 0 0 0 0 0 0 0 0 0 0 0 0 0 0 0 0 0 0 0 0 0 0 0 0 0 0 0 0 0 0 0 0 0 0 0 0 
0 0 0 0 0 0 0 0 0 0 0 0 0 0 0 0 0 0 0 0 0 0 0 0 0 0 0 0 0 0 0 0 0 0 0 0 0 0 0 0 0 0 0 0 0 0 0 0 0 0 0 0 0 0 0 0 0 0 0 0 0 0 0 0 0 0 0 0 0 0 0 0 0 0 0 0 0 0 0 0 0 0 0 0 0 0 0 0 0 0 0 0 0 0 0 0 0 0 0 0 0 0 0 0 0 0 0 0 0 0 0 0 0 0 0 0 0 0 0 0 0 0 0 0 0 0 0 0 0 0 0 0 0 0 0 0 0 0 0 0 0 0 0 0 0 0 0 0 0 0 0 0 0 0 0 0 0 0 0 0 0 0 0 0 0 0 0 0 0 0 0 0 0 0 0 0 
0 0 0 0 0 0 0 0 0 0 0 0 0 0 0 0 0 0 0 0 0 0 0 0 0 0 0 0 0 0 0 0 0 0 0 0 0 0 0 0 0 0 0 0 0 0 0 0 0 0 0 0 0 0 0 0 0 0 0 0 0 0 0 0 0 0 0 0 0 0 0 0 0 0 0 0 0 0 0 0 0 0 0 0 0 0 0 0 0 0 0 0 0 0 0 0 0 0 0 0 0 0 0 0 0 0 0 0 0 0 0 0 0 0 0 0 0 0 0 0 0 0 0 0 0 0 0 0 0 0 0 0 0 0 0 0 0 0 0 0 0 0 0 0 0 0 0 0 0 0 0 0 0 0 0 0 0 0 0 0 0 0 0 0 0 0 0 0 0 0 0 0 0 0 0 0 
0 0 0 0 0 0 0 0 0 0 0 0 0 0 0 0 0 0 0 0 0 0 0 0 0 0 0 0 0 0 0 0 0 0 0 0 0 0 0 0 0 0 0 0 0 0 0 0 0 0 0 0 0 0 0 0 0 0 0 0 0 0 0 0 0 0 0 0 0 0 0 0 0 0 0 0 0 0 0 0 0 0 0 0 0 0 0 0 0 0 0 0 0 0 0 0 0 0 0 0 0 0 0 0 0 0 0 0 0 0 0 0 0 0 0 0 0 0 0 0 0 0 0 0 0 0 0 0 0 0 0 0 0 0 0 0 0 0 0 0 0 0 0 0 0 0 0 0 0 0 0 0 0 0 0 0 0 0 0 0 0 0 0 0 0 0 0 0 0 0 0 0 0 0 0 0 
0 0 0 0 0 0 0 0 0 0 0 0 0 0 0 0 0 0 0 0 0 0 0 0 0 0 0 0 0 0 0 0 0 0 0 0 0 0 0 0 0 0 0 0 0 0 0 0 0 0 0 0 0 0 0 0 0 0 0 0 0 0 0 0 0 0 0 0 0 0 0 0 0 0 0 0 0 0 0 0 0 0 0 0 0 0 0 0 0 0 0 0 0 0 0 0 0 0 0 0 0 0 0 0 0 0 0 0 0 0 0 0 0 0 0 0 0 0 0 0 0 0 0 0 0 0 0 0 0 0 0 0 0 0 0 0 0 0 0 0 0 0 0 0 0 0 0 0 0 0 0 0 0 0 0 0 0 0 0 0 0 0 0 0 0 0 0 0 0 0 0 0 0 0 0 0 
0 0 0 0 0 0 0 0 0 0 0 0 0 0 0 0 0 0 0 0 0 0 0 0 0 0 0 0 0 0 0 0 0 0 0 0 0 0 0 0 0 0 0 0 0 0 0 0 0 0 0 0 0 0 0 0 0 0 0 0 0 0 0 0 0 0 0 0 0 0 0 0 0 0 0 0 0 0 0 0 0 0 0 0 0 0 0 0 0 0 0 0 0 0 0 0 0 0 0 0 0 0 0 0 0 0 0 0 0 0 0 0 0 0 0 0 0 0 0 0 0 0 0 0 0 0 0 0 0 0 0 0 0 0 0 0 0 0 0 0 0 0 0 0 0 0 0 0 0 0 0 0 0 0 0 0 0 0 0 0 0 0 0 0 0 0 0 0 0 0 0 0 0 0 0 0 
0 0 0 0 0 0 0 0 0 0 0 0 0 0 0 0 0 0 0 0 0 0 0 0 0 0 0 0 0 0 0 0 0 0 0 0 0 0 0 0 0 0 0 0 0 0 0 0 0 0 0 0 0 0 0 0 0 0 0 0 0 0 0 0 0 0 0 0 0 0 0 0 0 0 0 0 0 0 0 0 0 0 0 0 0 0 0 0 0 0 0 0 0 0 0 0 0 0 0 0 0 0 0 0 0 0 0 0 0 0 0 0 0 0 0 0 0 0 0 0 0 0 0 0 0 0 0 0 0 0 0 0 0 0 0 0 0 0 0 0 0 0 0 0 0 0 0 0 0 0 0 0 0 0 0 0 0 0 0 0 0 0 0 0 0 0 0 0 0 0 0 0 0 0 0 0 
0 0 0 0 0 0 0 0 0 0 0 0 0 0 0 0 0 0 0 0 0 0 0 0 0 0 0 0 0 0 0 0 0 0 0 0 0 0 0 0 0 0 0 0 0 0 0 0 0 0 0 0 0 0 0 0 0 0 0 0 0 0 0 0 0 0 0 0 0 0 0 0 0 0 0 0 0 0 0 0 0 0 0 0 0 0 0 0 0 0 0 0 0 0 0 0 0 0 0 0 0 0 0 0 0 0 0 0 0 0 0 0 0 0 0 0 0 0 0 0 0 0 0 0 0 0 0 0 0 0 0 0 0 0 0 0 0 0 0 0 0 0 0 0 0 0 0 0 0 0 0 0 0 0 0 0 0 0 0 0 0 0 0 0 0 0 0 0 0 0 0 0 0 0 0 0 
0 0 0 0 0 0 0 0 0 0 0 0 0 0 0 0 0 0 0 0 0 0 0 0 0 0 0 0 0 0 0 0 0 0 0 0 0 0 0 0 0 0 0 0 0 0 0 0 0 0 0 0 0 0 0 0 0 0 0 0 0 0 0 0 0 0 0 0 0 0 0 0 0 0 0 0 0 0 0 0 0 0 0 0 0 0 0 0 0 0 0 0 0 0 0 0 0 0 0 0 0 0 0 0 0 0 0 0 0 0 0 0 0 0 0 0 0 0 0 0 0 0 0 0 0 0 0 0 0 0 0 0 0 0 0 0 0 0 0 0 0 0 0 0 0 0 0 0 0 0 0 0 0 0 0 0 0 0 0 0 0 0 0 0 0 0 0 0 0 0 0 0 0 0 0 0 
