90 86 93 85 83 80 84 81 77 82 83 85 85 84 88 87 79 85 82 79 85 73 74 80 72 73 73 76 77 77 75 76 77 77 73 75 82 83 80 78 77 83 74 77 79 74 79 78 78 77 80 78 76 80 81 79 79 78 79 73 65 66 74 81 78 82 77 76 76 76 76 75 74 81 82 79 78 80 78 77 82 83 76 76 83 73 65 73 72 80 77 78 81 75 76 78 76 80 78 79 79 80 83 84 80 76 79 82 79 85 77 64 72 82 86 85 80 85 92 86 87 89 91 85 90 91 96 97 86 84 96 89 93 90 91 88 86 82 90 97 94 93 97 95 88 103 97 99 102 103 103 113 110 104 110 96 81 76 72 76 77 76 72 71 68 69 73 78 82 84 83 93 98 102 106 100 
88 90 85 90 85 91 85 81 78 78 79 83 87 85 81 78 72 80 77 81 76 70 73 80 80 82 76 83 79 87 84 81 75 79 78 69 68 77 79 79 84 79 79 75 74 79 75 79 73 78 77 74 71 75 79 76 74 79 69 72 66 64 70 75 75 75 79 74 76 73 76 77 76 73 77 77 80 77 77 76 73 76 79 71 76 77 63 71 73 81 77 80 80 80 80 76 76 76 82 77 79 83 79 80 80 80 79 74 81 85 81 65 71 80 82 85 89 87 90 85 82 90 89 87 92 87 88 94 91 92 87 95 92 93 92 92 79 86 91 92 99 106 98 93 98 99 101 100 102 96 111 111 108 106 88 78 75 74 81 79 76 75 68 68 0 0 73 76 74 81 83 90 105 104 98 107 
79 81 84 83 83 82 80 79 78 78 78 78 78 79 79 78 78 79 78 78 77 77 76 76 76 77 77 77 78 78 77 77 76 75 74 73 72 72 72 73 73 74 75 74 74 75 75 75 75 75 75 75 75 75 74 75 75 74 73 72 71 70 71 72 74 75 75 75 74 75 74 75 76 76 76 76 76 76 76 76 76 76 76 76 74 73 74 74 74 76 77 77 77 77 77 77 77 77 78 78 78 79 79 79 79 79 79 80 80 78 76 77 76 77 80 83 84 84 85 85 86 85 86 87 87 88 88 88 89 89 89 89 90 89 89 88 88 89 91 92 94 94 94 95 95 95 97 98 100 102 103 102 98 93 87 81 77 75 74 74 73 72 71 70 70 73 74 76 78 81 85 90 94 98 104 98 
81 82 82 81 81 80 79 78 77 77 77 77 77 77 76 76 76 77 77 76 76 76 76 76 76 77 77 77 77 77 76 76 76 74 73 72 70 70 70 71 71 72 73 73 73 74 74 74 74 74 73 73 73 72 72 72 72 72 72 71 70 70 70 71 72 73 74 74 74 75 75 75 76 77 76 77 77 78 78 78 78 78 79 79 78 78 78 78 78 80 81 82 82 81 81 82 81 81 82 83 83 83 84 84 84 84 84 85 85 83 83 83 82 82 85 87 87 88 88 88 89 89 89 89 89 89 89 89 89 90 90 90 90 89 89 89 89 90 92 93 94 94 94 94 94 95 96 97 99 100 100 98 93 87 81 76 74 73 73 72 72 71 70 69 70 73 73 75 76 79 84 89 93 96 95 100 
79 80 79 79 78 77 77 76 76 76 77 76 75 75 75 75 75 75 75 75 75 75 75 75 75 75 75 75 75 75 74 75 74 73 72 71 69 68 68 68 68 69 70 71 71 72 71 72 72 72 72 72 71 72 71 71 72 72 73 73 73 73 74 74 75 76 77 77 78 79 79 80 80 81 80 81 81 82 82 83 83 83 83 84 84 83 84 84 84 85 86 86 86 86 86 86 86 86 87 88 87 88 88 88 88 89 89 90 90 89 88 89 88 88 90 91 91 92 93 93 93 93 93 94 93 94 93 94 94 94 94 94 95 94 94 94 94 94 96 96 95 95 95 95 96 96 97 98 100 100 98 95 89 83 78 74 72 71 71 70 70 69 68 0 0 73 73 74 76 78 83 88 91 95 90 102 
0 74 78 77 77 76 75 75 76 75 76 75 74 74 74 73 73 74 73 73 73 74 74 74 74 74 73 73 73 73 72 73 72 72 72 71 69 68 67 66 66 67 68 69 70 70 70 71 72 72 73 74 74 74 74 74 75 76 77 77 77 78 78 79 79 80 81 82 82 83 83 84 84 85 84 85 85 86 86 87 86 87 87 88 88 88 89 89 89 89 90 90 90 90 90 91 91 91 92 92 92 92 93 93 93 93 94 94 94 94 94 95 95 95 96 96 96 97 97 98 98 98 98 98 98 98 98 98 98 98 98 99 98 98 98 98 99 99 100 100 100 100 99 99 100 101 102 103 104 103 100 94 88 81 76 72 71 71 70 69 70 69 0 0 0 73 73 74 75 77 82 87 91 95 91 92 
74 77 76 76 76 75 75 74 75 75 76 75 74 73 72 72 71 71 71 71 71 72 72 72 72 73 72 72 72 71 70 70 70 70 71 71 70 69 68 68 68 69 70 71 72 73 73 74 75 76 76 77 77 78 78 78 79 80 80 81 82 82 82 83 83 84 85 86 86 87 87 87 88 88 88 89 89 90 90 91 91 91 91 92 92 92 93 94 94 94 95 95 95 95 96 96 96 97 97 98 98 98 99 99 99 99 99 99 100 100 101 101 101 101 101 102 102 102 102 102 103 103 103 103 103 103 102 102 102 102 103 103 103 103 103 103 104 104 104 104 104 104 103 104 105 106 107 108 109 108 102 96 89 82 76 73 71 70 69 68 68 0 0 0 0 72 72 73 74 76 80 85 89 93 99 103 
74 73 75 75 75 74 74 74 74 73 74 73 72 72 71 70 70 69 68 68 69 70 70 70 70 71 70 71 71 71 70 71 71 72 72 73 72 73 72 72 72 73 74 76 76 77 77 78 78 79 79 80 80 81 82 82 82 83 84 85 86 87 87 88 88 89 89 90 90 91 91 92 92 93 92 93 93 94 95 95 96 96 96 96 97 97 98 98 98 98 98 99 99 99 100 100 100 101 101 102 102 102 103 103 103 103 103 103 104 105 105 106 106 106 106 106 106 106 107 107 107 107 108 108 108 108 107 107 107 108 108 108 109 108 108 108 109 109 109 109 108 108 108 108 109 110 111 112 113 111 106 99 91 82 75 72 70 69 67 66 68 0 0 0 0 70 71 72 73 76 79 84 88 92 98 98 
80 76 75 75 74 74 73 73 72 72 72 71 70 71 70 69 68 67 66 66 67 68 69 69 70 71 71 72 72 72 72 73 73 74 75 75 76 76 75 76 76 76 77 78 79 79 80 80 81 82 83 84 84 85 86 87 87 88 88 89 89 90 91 92 92 93 93 94 94 94 94 94 95 94 94 95 96 96 97 97 97 97 97 97 97 98 98 98 98 98 98 98 98 99 99 100 100 101 101 101 101 101 102 102 102 102 102 103 103 104 104 105 106 106 106 106 106 107 107 107 108 108 109 109 110 110 109 109 110 110 111 111 112 112 112 112 113 112 112 112 112 112 112 113 114 114 115 116 118 116 110 103 94 84 76 72 70 69 67 67 0 0 0 0 0 0 71 72 73 76 79 83 86 91 86 102 
81 77 74 74 73 73 72 72 72 70 70 70 69 70 69 69 68 67 66 66 67 68 70 71 72 73 73 74 74 74 74 75 76 77 77 78 79 79 79 80 81 81 81 82 83 83 84 85 85 86 87 88 89 89 89 90 90 90 90 91 91 92 92 93 93 94 93 93 94 94 93 94 94 94 94 94 95 95 96 96 96 96 96 96 97 97 97 97 97 97 97 97 97 98 98 99 99 100 100 101 100 101 101 101 101 101 102 102 102 103 104 105 105 106 105 106 106 106 106 107 107 108 108 108 109 109 109 109 109 109 110 111 111 111 111 111 112 112 112 112 113 113 113 114 115 115 117 118 120 119 114 106 96 86 76 72 69 69 66 0 0 0 0 0 0 0 71 72 73 75 78 82 85 89 91 93 
74 79 74 73 72 72 71 71 71 70 70 69 69 70 70 70 70 69 68 69 69 70 71 73 74 75 76 76 77 77 77 77 78 79 80 80 81 82 82 84 85 85 85 86 86 86 87 87 87 87 87 88 89 90 90 90 90 90 90 91 91 91 91 91 91 92 92 92 92 92 92 92 93 93 93 93 94 95 95 95 96 96 95 95 95 94 94 94 94 94 93 94 94 95 95 96 96 96 96 97 96 96 97 97 97 97 97 97 98 99 99 100 101 101 101 102 102 102 103 103 103 105 105 106 108 108 108 108 109 109 109 110 111 111 111 111 111 111 110 110 111 111 111 112 113 113 115 116 118 119 114 106 97 88 77 71 70 69 0 0 0 0 0 0 0 0 70 71 73 74 76 80 83 87 83 95 
0 74 72 72 71 71 71 71 71 70 70 71 71 72 72 72 72 72 72 72 72 73 74 75 76 77 78 78 79 79 79 80 81 82 82 83 84 85 85 85 86 86 86 87 87 86 86 86 86 86 87 87 88 88 88 89 88 88 88 88 88 88 87 87 86 86 86 86 87 88 88 89 90 92 92 93 93 94 94 94 95 94 92 90 87 85 86 87 89 91 92 93 93 93 93 94 95 95 95 95 95 95 95 96 95 96 96 96 96 97 98 99 99 99 97 98 96 95 93 94 92 95 98 101 104 107 107 108 108 108 109 110 110 110 110 111 110 110 110 110 110 110 110 110 111 111 112 114 116 118 113 104 96 87 76 68 67 0 0 0 0 0 0 0 0 0 71 72 73 74 76 80 84 87 88 92 
77 71 72 71 72 72 71 72 73 72 71 72 72 73 74 74 74 74 75 75 75 76 77 78 79 80 81 81 81 81 81 81 82 82 83 83 84 84 84 84 85 84 85 85 85 84 84 83 83 83 83 83 84 84 84 84 83 81 82 82 83 85 86 85 84 85 85 85 85 85 86 87 88 89 91 93 93 94 94 94 94 91 89 87 84 81 83 85 87 89 91 91 91 92 92 93 93 93 93 94 93 93 94 94 93 94 94 94 94 95 96 97 97 98 95 96 93 91 90 90 89 91 94 98 102 105 107 107 107 108 108 109 109 109 109 109 109 109 109 109 110 109 109 109 110 110 111 112 114 116 112 103 97 89 76 66 0 0 0 0 0 0 0 0 0 0 69 71 72 73 76 79 83 87 98 92 
71 68 73 72 73 73 72 72 73 73 73 73 74 74 75 76 76 77 77 78 78 79 79 80 80 80 81 81 81 81 81 81 82 82 82 81 82 81 80 80 81 80 80 80 80 80 81 81 83 81 81 82 83 83 83 82 81 79 80 80 82 83 85 84 82 82 82 82 83 81 83 85 86 88 92 93 93 93 93 93 93 89 87 83 79 75 78 80 83 85 89 88 88 89 89 89 90 90 89 91 90 90 91 91 90 90 90 90 90 91 93 94 94 94 91 92 89 86 84 84 83 84 90 95 99 103 106 107 107 107 107 108 108 109 108 108 108 108 108 109 109 108 108 108 108 109 110 111 113 115 111 101 97 90 77 63 0 0 0 0 0 0 0 0 0 0 67 69 70 72 74 78 82 87 96 91 
68 73 74 74 74 74 74 74 74 74 74 74 74 75 77 78 78 79 79 79 79 79 79 79 79 79 80 80 80 81 80 81 81 81 79 79 79 79 77 79 79 79 78 78 79 79 79 80 81 80 79 79 80 80 81 80 79 76 76 77 78 79 81 79 77 77 77 78 79 76 79 82 85 87 92 93 93 93 93 93 92 87 84 79 73 65 67 70 73 77 83 82 81 82 82 82 82 81 81 82 81 82 82 82 81 81 81 82 82 82 84 84 84 85 80 81 77 74 72 73 72 76 84 92 97 101 106 107 107 107 106 107 108 108 108 108 108 108 107 108 107 107 107 107 107 108 108 109 111 112 109 100 97 92 78 62 0 0 0 0 0 0 0 0 0 0 66 68 70 72 73 77 81 86 89 98 
78 75 75 75 76 75 75 75 75 74 75 76 75 76 77 78 78 78 78 78 78 79 79 78 78 79 79 79 80 80 80 81 80 79 77 77 76 77 75 77 78 77 76 76 76 76 76 77 79 77 77 76 77 77 77 75 73 69 69 68 69 70 73 70 67 67 68 68 70 68 75 80 83 86 91 93 93 93 93 93 92 85 82 76 67 53 45 0 0 0 0 0 0 0 0 0 0 0 0 0 0 0 0 0 0 0 0 0 0 0 0 0 0 0 0 0 0 0 48 50 52 66 79 89 95 99 105 107 106 107 106 107 107 108 107 108 108 107 107 107 107 107 107 107 107 107 107 108 109 111 109 99 97 91 79 62 0 0 0 0 0 0 0 0 0 0 65 68 68 71 73 76 80 85 88 96 
77 76 76 76 77 76 76 76 76 75 75 75 75 75 76 77 77 77 77 77 78 78 78 78 78 78 78 78 79 80 80 81 79 78 75 74 72 73 72 73 73 72 71 69 70 69 69 70 72 69 68 68 69 69 70 67 64 57 54 0 0 0 0 0 0 0 0 0 0 66 76 81 84 86 91 93 92 93 93 93 92 85 83 80 73 60 0 0 0 0 0 0 0 0 0 0 0 0 0 0 0 0 0 0 0 0 0 0 0 0 0 0 0 0 0 0 0 0 0 0 0 74 86 92 96 98 105 107 107 107 106 106 107 107 107 107 107 106 106 106 106 106 106 106 106 106 106 107 108 109 108 99 98 93 82 66 0 0 0 0 0 0 0 0 0 0 0 66 67 70 72 75 79 84 92 94 
73 79 76 76 76 76 75 75 74 74 74 75 75 75 76 76 75 75 74 75 75 76 76 77 77 78 78 78 79 80 79 80 78 77 73 71 66 65 63 63 63 62 61 60 59 0 0 0 0 0 0 0 0 0 0 0 0 0 0 0 0 0 0 0 0 0 0 0 0 68 77 82 84 86 91 92 93 93 93 93 92 85 83 80 73 59 0 0 0 0 0 0 0 0 0 0 0 0 0 0 0 0 0 0 0 0 0 0 0 0 0 0 0 0 0 0 0 0 0 0 0 75 85 92 96 98 105 107 106 106 106 106 106 107 107 107 106 106 105 106 105 106 105 105 105 106 105 106 107 109 108 100 99 95 86 70 0 0 0 0 0 0 0 0 0 0 0 65 67 69 71 73 78 82 91 86 
79 70 75 75 76 75 75 75 74 73 74 75 75 75 75 74 74 73 72 73 74 74 75 76 77 77 77 77 78 79 79 79 77 76 72 69 57 0 0 0 0 0 0 0 0 0 0 0 0 0 0 0 0 0 0 0 0 0 0 0 0 0 0 0 0 0 0 0 0 69 77 82 84 86 90 92 92 93 93 93 92 85 83 80 73 58 0 0 0 0 0 0 0 0 0 0 0 0 0 0 0 0 0 0 0 0 0 0 0 0 0 0 0 0 0 0 0 0 0 0 0 75 85 92 96 98 104 107 106 106 106 106 106 107 106 107 106 106 105 105 105 105 104 104 104 105 104 105 106 108 107 101 100 97 88 72 0 0 0 0 0 0 0 0 0 0 0 65 67 69 71 73 77 81 83 89 
79 73 73 74 74 74 74 73 73 73 74 74 75 75 74 73 72 71 69 70 72 73 74 77 77 77 77 77 78 78 78 78 76 76 73 70 0 0 0 0 0 0 0 0 0 0 0 0 0 0 0 0 0 0 0 0 0 0 0 0 0 0 0 51 49 49 47 0 0 70 78 82 84 86 90 91 92 93 92 93 92 85 82 80 72 57 0 0 0 0 0 0 0 0 0 0 0 0 0 0 0 0 0 0 0 0 0 0 0 0 0 0 0 0 0 0 0 0 0 0 0 71 82 91 95 97 104 106 106 106 106 106 106 106 106 106 106 106 105 105 105 105 104 104 104 104 104 104 105 107 108 102 101 98 91 74 0 0 0 0 0 0 0 0 0 0 0 65 67 69 71 73 76 80 85 91 
69 74 73 73 74 74 74 73 73 72 73 73 74 74 73 72 70 69 67 68 70 72 73 76 76 76 76 77 77 78 78 77 76 76 74 70 0 0 0 0 0 0 0 0 0 0 0 0 0 0 0 0 0 0 0 0 0 0 0 0 0 0 54 51 50 50 48 46 0 72 80 84 85 87 90 92 92 92 92 93 91 84 82 79 72 56 0 0 0 0 0 0 0 0 0 0 0 0 0 0 0 0 0 0 0 0 0 0 0 0 0 0 0 0 0 0 0 0 0 0 0 68 80 89 94 96 104 106 106 106 105 106 106 106 106 106 106 106 105 105 105 104 104 104 104 104 104 104 104 106 107 102 102 100 93 79 0 0 0 0 0 0 0 0 0 0 0 0 67 68 71 73 76 79 85 84 
69 69 72 72 73 73 72 72 72 71 72 72 73 73 72 70 68 66 64 66 69 71 73 75 75 75 76 76 77 78 77 77 76 75 74 71 0 0 0 0 0 0 0 0 0 0 0 0 0 0 0 0 0 0 0 0 0 0 0 0 0 52 52 50 49 48 47 46 0 67 79 84 85 86 90 92 92 92 92 93 91 84 82 78 71 55 0 0 0 0 0 0 0 0 0 0 0 0 0 0 0 0 0 0 0 0 0 0 0 0 0 0 0 0 0 0 0 0 0 0 0 64 77 87 92 95 103 105 106 105 105 105 106 106 106 106 106 106 105 105 105 105 104 104 103 103 103 103 104 105 107 103 100 98 92 77 0 0 0 0 0 0 0 0 0 0 0 0 67 68 70 73 75 79 79 81 
73 74 71 72 73 72 72 72 71 71 71 71 72 72 71 70 67 65 63 65 69 72 72 75 75 75 75 76 77 77 78 76 75 74 72 68 0 0 0 0 0 0 0 0 0 0 0 0 0 0 0 0 0 0 0 0 0 0 0 0 0 52 52 50 49 48 47 46 0 65 79 83 85 86 91 92 92 92 92 92 91 84 82 78 71 56 0 0 0 0 0 0 0 0 0 0 0 0 0 0 0 0 0 0 0 0 0 0 0 0 0 0 0 0 0 0 0 0 0 0 0 60 75 85 90 93 102 105 105 105 105 105 106 106 106 106 106 106 106 106 105 105 104 103 103 103 102 103 104 105 107 103 98 96 90 75 0 0 0 0 0 0 0 0 0 0 0 0 66 68 70 72 74 78 77 90 
73 70 71 71 72 72 71 71 70 70 70 71 72 72 72 71 68 67 65 66 69 72 73 75 75 75 75 76 77 77 78 75 75 73 71 65 0 0 0 0 0 0 0 0 0 0 0 0 0 0 0 0 0 0 0 0 0 0 0 0 0 52 52 50 49 48 47 45 0 64 78 83 85 86 91 92 92 92 92 92 90 83 81 78 71 56 0 0 0 0 0 0 0 0 0 0 0 0 0 0 0 0 0 0 0 0 0 0 0 0 0 0 0 0 0 0 0 0 0 0 0 56 72 82 89 92 101 104 105 105 105 105 105 105 105 104 105 105 105 105 105 105 104 103 103 103 103 103 104 105 106 104 97 95 89 76 0 0 0 0 0 0 0 0 0 0 0 0 65 67 69 71 74 78 81 83 
71 66 71 71 72 71 71 71 71 70 70 71 71 72 71 70 69 68 67 69 70 72 73 74 74 75 75 77 77 78 78 75 74 72 70 63 0 0 0 0 0 0 0 0 0 0 0 0 0 0 0 0 0 0 0 0 0 0 0 0 0 52 51 50 49 48 47 46 0 64 79 83 85 86 91 92 92 92 92 92 91 83 81 78 70 56 0 0 0 0 0 0 0 0 0 0 0 0 0 0 0 0 0 0 0 0 0 0 0 0 0 0 0 0 0 0 0 0 0 0 0 52 70 81 87 91 101 104 105 104 105 105 105 105 104 104 104 105 105 105 105 105 104 103 103 103 103 103 104 104 106 104 96 94 89 77 55 0 0 0 0 0 0 0 0 0 0 0 65 66 68 70 73 78 79 84 
68 70 70 70 71 71 70 70 70 70 69 70 71 71 71 71 69 69 69 70 71 73 73 74 74 75 76 77 77 78 78 75 74 72 70 63 0 0 0 0 0 0 0 0 0 0 0 0 0 0 0 0 0 0 0 0 0 0 0 0 0 0 0 47 47 45 0 0 0 61 77 82 84 86 91 92 92 92 92 92 91 83 81 78 71 55 0 0 0 0 0 0 0 0 0 0 0 0 0 0 0 0 0 0 0 0 0 0 0 0 0 0 0 0 0 0 0 0 0 0 0 48 68 79 86 89 100 104 105 105 105 105 105 105 104 104 104 105 105 105 105 104 103 102 102 102 102 103 104 105 107 106 96 94 89 77 56 0 0 0 0 0 0 0 0 0 0 61 63 65 67 69 73 77 85 88 
67 65 69 69 70 70 70 70 70 69 69 70 71 71 71 71 70 70 71 71 72 73 73 74 74 75 76 77 77 78 78 74 73 72 69 63 0 0 0 0 0 0 0 0 0 0 0 0 0 0 0 0 0 0 0 0 0 0 0 0 0 0 0 0 0 0 0 0 0 63 77 82 84 86 91 92 92 92 92 92 91 83 81 78 71 56 0 0 0 0 0 0 0 0 0 0 0 0 0 0 0 0 0 0 0 0 0 0 0 0 0 0 0 0 0 0 0 0 0 0 0 47 69 81 87 91 100 104 104 104 105 105 104 105 104 104 104 105 105 105 105 104 103 102 103 103 103 103 104 105 106 106 97 95 91 80 58 0 0 0 0 0 0 0 0 0 0 61 63 65 67 69 72 77 80 93 
64 71 69 69 69 70 69 70 70 69 69 70 71 71 72 72 72 71 72 72 73 73 74 74 74 75 76 76 77 77 77 74 73 73 70 64 0 0 0 0 0 0 0 0 0 0 0 0 0 0 0 0 0 0 0 0 0 0 0 0 0 0 0 0 0 0 0 0 0 63 77 82 84 86 92 92 92 92 91 92 91 83 81 78 71 55 0 0 0 0 0 0 0 0 0 0 0 0 0 0 0 0 0 0 0 0 0 0 0 0 0 0 0 0 0 0 0 0 0 0 0 0 70 82 88 92 100 104 104 104 105 105 105 104 104 104 104 104 105 104 104 104 103 103 104 103 103 104 104 104 106 106 98 96 93 83 62 0 0 0 0 0 0 0 0 0 0 0 63 65 66 69 72 77 79 89 
71 68 69 69 69 70 70 70 70 69 69 70 70 70 71 71 71 71 72 72 72 73 73 74 74 75 75 76 76 77 77 74 73 72 70 64 0 0 0 0 0 0 0 0 0 0 0 0 0 0 0 0 0 0 0 0 0 0 0 0 0 0 0 0 0 0 0 0 0 64 77 82 84 86 91 92 92 92 92 93 91 84 81 78 71 55 0 0 0 0 0 0 0 0 0 0 0 0 0 0 0 0 0 0 0 0 0 0 0 0 0 0 0 0 0 0 0 0 0 0 0 0 72 85 90 93 99 103 104 104 104 105 105 105 105 105 105 105 105 104 104 104 103 103 103 103 103 103 103 104 106 106 99 98 95 86 66 0 0 0 0 0 0 0 0 0 0 0 63 65 66 68 71 75 78 88 
62 78 69 69 69 69 69 69 69 68 68 69 69 70 71 71 71 71 72 72 72 73 73 74 74 75 75 76 76 77 77 74 73 72 69 63 0 0 0 0 0 0 0 0 0 0 0 0 0 0 0 0 0 0 0 0 0 0 0 0 0 0 0 0 0 0 0 0 0 64 77 82 84 86 91 92 92 92 92 92 91 83 81 78 70 54 0 0 0 0 0 0 0 0 0 0 0 0 0 0 0 0 0 0 0 0 0 0 0 0 0 0 0 0 0 0 0 0 0 0 0 0 71 84 90 93 99 103 103 104 104 104 104 104 104 105 105 105 105 104 104 104 103 103 103 103 102 102 103 104 105 107 100 98 96 88 68 0 0 0 0 0 0 0 0 0 0 0 62 65 66 68 70 75 72 88 
64 68 69 69 68 68 68 69 68 69 69 69 70 70 70 71 71 71 71 72 72 73 73 74 74 75 75 76 76 76 76 73 72 71 68 62 0 0 0 0 0 0 0 0 0 0 0 0 0 0 0 0 0 0 0 0 0 0 0 0 0 0 0 0 0 0 0 0 0 65 77 82 84 86 91 91 92 92 91 92 91 83 81 78 70 53 0 0 0 0 0 0 0 0 0 0 0 0 0 0 0 0 0 0 0 0 0 0 0 0 0 0 0 0 0 0 0 0 0 0 0 0 74 87 92 95 98 103 103 103 104 104 104 104 104 105 104 104 105 104 104 104 103 103 103 103 102 102 102 103 104 105 100 98 96 90 70 0 0 0 0 0 0 0 0 0 0 0 62 65 66 67 70 74 82 79 
73 73 68 68 68 68 68 69 69 69 69 70 70 71 71 71 71 71 71 72 72 73 73 74 74 76 76 76 76 76 76 72 71 70 67 60 0 0 0 0 0 0 0 0 0 0 0 0 0 0 0 0 0 0 0 0 0 0 0 0 0 0 0 0 0 0 0 0 0 67 78 82 85 86 91 91 91 92 91 92 91 84 81 78 70 54 0 0 0 0 0 0 0 0 0 0 0 0 0 0 0 0 0 0 0 0 0 0 0 0 0 0 0 0 0 0 0 0 0 0 0 0 73 86 91 94 98 103 103 103 103 104 104 104 104 105 105 104 104 104 104 103 103 103 102 102 102 101 102 103 104 106 101 100 98 92 74 0 0 0 0 0 0 0 0 0 0 0 61 63 64 66 69 74 80 86 
68 65 68 68 68 68 68 68 69 69 70 70 70 70 70 70 70 71 71 72 72 72 73 74 74 75 76 76 76 76 75 72 70 69 66 58 0 0 0 0 0 0 0 0 0 0 0 0 0 0 0 0 0 0 0 0 0 0 0 0 0 0 0 0 0 0 0 0 0 68 78 82 84 86 90 91 91 91 91 92 91 83 81 78 70 53 0 0 0 0 0 0 0 0 0 0 0 0 0 0 0 0 0 0 0 0 0 0 0 0 0 0 0 0 0 0 0 0 0 0 0 0 71 85 90 94 97 103 103 103 103 104 104 104 105 105 105 104 104 104 103 102 102 101 101 101 101 101 101 102 103 106 101 100 99 94 75 0 0 0 0 0 0 0 0 0 0 0 60 63 64 66 69 74 81 88 
66 70 67 67 67 67 68 68 68 69 69 69 69 70 70 70 70 71 71 72 72 73 73 74 74 75 76 76 76 76 75 71 70 68 65 57 0 0 0 0 0 0 0 0 0 0 0 0 0 0 0 0 0 0 0 0 0 0 0 0 0 0 0 0 0 0 0 0 0 69 79 83 85 86 91 91 91 91 91 91 90 83 81 78 70 52 0 0 0 0 0 0 0 0 0 0 0 0 0 0 0 0 0 0 0 0 0 0 0 0 0 0 0 0 0 0 0 0 0 0 0 0 69 84 90 93 97 103 103 103 103 104 104 104 105 105 105 105 104 104 103 102 102 101 101 101 101 101 101 102 104 107 102 100 98 92 74 0 0 0 0 0 0 0 0 0 0 0 59 62 63 66 69 74 75 85 
66 64 66 67 67 67 68 68 69 69 69 69 70 70 70 70 71 71 71 72 72 72 73 74 74 75 75 76 76 76 75 72 70 68 65 58 0 0 0 0 0 0 0 0 0 0 0 0 0 0 0 0 0 0 0 0 0 0 0 0 0 0 0 0 0 0 0 0 0 70 80 83 85 86 91 91 91 91 91 91 90 83 79 75 67 50 0 0 0 0 0 0 0 0 0 0 0 0 0 0 0 0 0 0 0 0 0 0 0 0 0 0 0 0 0 0 0 0 0 0 0 0 74 87 93 96 97 103 104 103 103 104 104 105 105 105 105 105 105 104 103 102 101 101 101 101 101 101 101 102 103 107 103 101 99 95 78 0 0 0 0 0 0 0 0 0 0 0 60 62 63 66 69 73 78 83 
64 61 66 67 67 67 67 68 69 69 69 69 69 69 69 70 71 71 71 72 72 73 73 74 74 75 75 76 76 76 75 72 71 69 65 0 0 0 0 0 0 0 0 0 0 0 0 0 0 0 0 0 0 0 0 0 0 0 0 0 0 0 0 0 0 0 0 0 0 72 80 84 85 87 91 91 92 92 92 92 91 83 78 74 67 50 0 0 0 0 0 0 0 0 0 0 0 0 0 0 0 0 0 0 0 0 0 0 0 0 0 0 0 0 0 0 0 0 0 0 0 0 72 85 92 95 96 103 104 103 103 104 104 104 105 105 105 105 105 105 104 102 101 101 101 101 101 101 102 102 103 107 104 102 101 97 82 0 0 0 0 0 0 0 0 0 0 0 59 61 63 65 68 73 85 82 
65 67 66 67 67 67 67 68 68 68 68 68 68 68 68 69 70 71 72 72 72 73 73 73 74 74 74 75 75 76 75 73 72 71 66 0 0 0 0 0 0 0 0 0 0 0 0 0 0 0 0 0 0 0 0 0 0 0 0 0 0 0 0 0 0 0 0 0 0 71 80 84 85 87 91 92 92 92 92 92 91 82 78 74 66 48 0 0 0 0 0 0 0 0 0 0 0 0 0 0 0 0 0 0 0 0 0 0 0 0 0 0 0 0 0 0 0 0 0 0 0 0 71 85 91 95 96 103 104 104 104 104 104 104 104 105 105 105 104 104 104 102 102 101 101 101 100 100 101 102 103 106 104 100 98 94 79 0 0 0 0 0 0 0 0 0 0 0 61 62 64 66 68 72 75 81 
67 74 66 67 67 67 68 68 68 69 69 68 68 68 68 69 70 71 72 73 72 73 73 73 74 74 74 75 76 76 75 75 74 72 67 0 0 0 0 0 0 0 0 0 0 0 0 0 0 0 0 0 0 0 0 0 0 0 0 0 0 0 0 0 0 0 0 0 0 72 81 84 86 87 91 92 92 92 92 92 91 82 78 74 65 48 0 0 0 0 0 0 0 0 0 0 0 0 0 0 0 0 0 0 0 0 0 0 0 0 0 0 0 0 0 0 0 0 0 0 0 0 70 84 91 95 96 103 104 104 104 104 104 105 104 105 105 105 105 105 104 103 102 102 101 101 101 101 102 102 103 106 105 98 96 92 78 0 0 0 0 0 0 0 0 0 0 0 61 62 63 65 68 72 80 80 
66 70 66 66 66 67 67 68 68 68 68 68 68 68 68 69 70 71 72 72 72 73 73 73 74 74 74 75 76 76 76 76 75 73 69 0 0 0 0 0 0 0 0 0 0 0 0 0 0 0 0 0 0 0 0 0 0 0 0 0 0 0 0 0 0 0 0 0 0 74 82 85 86 88 91 92 92 93 92 93 91 83 76 72 63 47 0 0 0 0 0 0 0 0 0 0 0 0 0 0 0 0 0 0 0 0 0 0 0 0 0 0 0 0 0 0 0 0 0 0 0 0 69 84 91 94 96 103 104 104 104 105 104 105 104 104 104 105 104 104 105 103 102 102 102 101 101 101 102 102 103 106 105 98 97 92 80 0 0 0 0 0 0 0 0 0 0 0 61 62 63 65 67 71 76 79 
64 68 66 66 66 67 67 68 67 68 68 68 68 68 68 68 69 70 72 72 72 73 73 73 74 74 74 75 76 76 76 76 76 74 70 0 0 0 0 0 0 0 0 0 0 0 0 0 0 0 0 0 0 0 0 0 0 0 0 0 0 0 0 0 0 0 0 0 0 68 78 82 84 88 91 91 92 92 92 92 91 83 79 74 66 49 0 0 0 0 0 0 0 0 0 0 0 0 0 0 0 0 0 0 0 0 0 0 0 0 0 0 0 0 0 0 0 0 0 0 0 0 68 83 90 93 95 103 104 104 104 104 104 105 104 104 104 105 104 104 105 104 103 102 102 102 101 101 102 102 103 105 104 96 94 90 79 54 0 0 0 0 0 0 0 0 0 0 60 62 63 65 67 71 74 85 
68 64 66 66 66 66 67 67 67 68 68 68 68 69 69 69 70 71 71 72 72 73 73 73 74 74 74 75 76 76 75 76 75 73 68 0 0 0 0 0 0 0 0 0 0 0 0 0 0 0 0 0 0 0 0 0 0 0 0 0 0 0 0 0 0 0 0 0 0 65 75 79 82 88 91 91 91 92 91 92 91 83 77 73 64 49 0 0 0 0 0 0 0 0 0 0 0 0 0 0 0 0 0 0 0 0 0 0 0 0 0 0 0 0 0 0 0 0 0 0 0 0 68 83 90 93 95 103 104 104 105 105 105 105 104 104 104 104 104 104 104 104 103 103 102 102 101 102 102 102 103 106 105 96 93 89 78 56 0 0 0 0 0 0 0 0 0 0 61 62 63 65 67 71 76 78 
68 63 66 66 66 66 67 67 67 68 68 68 69 69 69 70 70 71 71 72 73 73 73 73 74 74 74 75 76 77 75 75 75 72 66 0 0 0 0 0 0 0 0 0 0 0 0 0 0 0 0 0 0 0 0 0 0 0 0 0 0 0 0 0 0 0 0 0 0 66 75 80 82 88 91 91 91 91 91 91 90 83 76 71 63 49 0 0 0 0 0 0 0 0 0 0 0 0 0 0 0 0 0 0 0 0 0 0 0 0 0 0 0 0 0 0 0 0 0 0 0 0 63 79 87 91 96 103 104 105 105 105 105 105 105 105 105 105 105 104 104 104 103 103 103 102 102 102 102 103 104 106 106 97 95 90 80 59 0 0 0 0 0 0 0 0 0 0 57 60 62 64 66 71 77 80 
63 72 65 65 66 66 66 67 67 67 67 68 68 69 69 70 70 71 71 72 73 74 74 74 74 74 75 75 76 77 75 74 74 72 64 0 0 0 0 0 0 0 0 0 0 0 0 0 0 0 0 0 0 0 0 0 0 0 0 0 0 0 0 0 0 0 0 0 0 66 75 80 82 88 91 91 91 92 91 92 91 83 75 70 62 48 40 0 0 0 0 0 0 0 0 0 0 0 0 0 0 0 0 0 0 0 0 0 0 0 0 0 0 0 0 0 0 0 0 0 0 0 62 79 87 91 96 104 105 105 105 105 105 105 105 105 105 105 104 104 104 103 103 103 102 102 101 101 102 102 104 106 106 98 96 92 82 62 0 0 0 0 0 0 0 0 0 0 0 61 63 65 67 70 75 78 
66 63 66 66 66 66 67 67 67 67 68 68 69 69 69 70 70 71 72 72 73 74 74 74 74 75 75 75 76 77 74 74 73 70 63 0 0 0 0 0 0 0 0 0 0 0 0 0 0 0 0 0 0 0 0 0 0 0 0 0 0 0 0 0 0 0 0 0 0 63 72 77 81 88 91 92 92 92 92 92 91 84 75 71 63 49 42 0 0 0 0 0 0 0 0 0 0 0 0 0 0 0 0 0 0 0 0 0 0 0 0 0 0 0 0 0 0 0 0 0 0 0 61 78 86 91 95 104 105 105 105 105 105 105 105 106 105 105 105 105 104 104 103 102 102 102 101 101 102 102 103 106 106 99 97 94 85 66 0 0 0 0 0 0 0 0 0 0 0 61 63 64 67 70 72 80 
69 62 65 65 66 65 66 67 67 67 68 68 69 70 70 71 71 72 72 73 73 74 74 74 75 75 75 76 77 77 74 73 72 69 62 0 0 0 0 0 0 0 0 0 0 0 0 0 0 0 0 0 0 0 0 0 0 0 0 0 0 0 0 0 0 0 0 0 0 67 76 80 83 88 91 92 92 92 92 92 91 84 74 70 62 49 42 0 0 0 0 0 0 0 0 0 0 0 0 0 0 0 0 0 0 0 0 0 0 0 0 0 0 0 0 0 0 0 0 0 0 0 60 78 87 91 96 105 106 106 106 106 106 106 105 105 105 104 104 104 103 103 102 102 101 102 101 102 102 102 104 106 107 100 99 96 88 69 0 0 0 0 0 0 0 0 0 0 0 61 63 63 66 69 70 80 
66 67 65 65 66 66 67 67 67 67 68 68 68 69 70 70 71 71 72 72 73 74 74 75 75 75 76 77 77 77 74 73 71 69 62 0 0 0 0 0 0 0 0 0 0 0 0 0 0 0 0 0 0 0 0 0 0 0 0 0 0 0 0 0 0 0 0 0 0 71 79 83 85 88 91 92 92 92 93 93 92 85 74 69 61 48 40 0 0 0 0 0 0 0 0 0 0 0 0 0 0 0 0 0 0 0 0 0 0 0 0 0 0 0 0 0 0 0 0 0 0 0 56 75 84 89 96 105 106 106 106 105 106 105 105 105 105 104 104 103 103 103 102 101 101 101 101 102 102 103 104 106 107 101 99 97 89 71 0 0 0 0 0 0 0 0 0 0 0 61 62 63 66 70 81 79 
61 65 65 65 65 66 67 67 67 68 69 68 69 70 70 70 70 71 71 71 72 74 74 75 75 76 75 77 77 77 74 73 71 68 61 0 0 0 0 0 0 0 0 0 0 0 0 0 0 0 0 0 0 0 0 0 0 0 0 0 0 0 0 0 0 0 0 0 0 67 76 81 83 89 91 92 92 92 93 93 92 84 74 69 61 47 40 0 0 0 0 0 0 0 0 0 0 0 0 0 0 0 0 0 0 0 0 0 0 0 0 0 0 0 0 0 0 0 0 0 0 0 56 74 84 89 96 105 106 106 106 106 106 106 105 105 104 104 103 103 102 102 101 101 101 101 101 102 102 102 103 105 107 101 100 97 91 72 0 0 0 0 0 0 0 0 0 0 0 0 63 63 66 70 68 81 
68 66 65 66 66 66 67 66 66 67 68 68 69 70 70 70 71 71 71 71 72 73 73 74 74 75 75 76 77 77 73 73 71 68 60 0 0 0 0 0 0 0 0 0 0 0 0 0 0 0 0 0 0 0 0 0 0 0 0 0 0 0 0 0 0 0 0 0 0 65 74 79 82 89 91 92 92 93 93 93 92 85 74 69 61 48 41 0 0 0 0 0 0 0 0 0 0 0 0 0 0 0 0 0 0 0 0 0 0 0 0 0 0 0 0 0 0 0 0 0 0 0 55 73 82 87 96 105 106 106 106 106 106 106 105 105 105 104 104 103 102 102 101 101 101 101 101 102 102 102 103 105 107 101 100 98 91 71 0 0 0 0 0 0 0 0 0 0 0 0 0 61 66 70 72 83 
66 67 65 65 65 66 67 67 67 68 69 69 69 70 70 70 71 71 71 71 72 73 73 74 74 75 75 75 76 76 73 72 70 67 59 0 0 0 0 0 0 0 0 0 0 0 0 0 0 0 0 0 0 0 0 0 0 0 0 0 0 0 0 0 0 0 0 0 0 66 75 80 83 89 91 92 92 93 93 93 92 85 74 70 62 48 40 0 0 0 0 0 0 0 0 0 0 0 0 0 0 0 0 0 0 0 0 0 0 0 0 0 0 0 0 0 0 0 0 0 0 44 54 70 80 85 96 105 106 106 106 106 106 106 105 105 104 104 104 103 102 102 101 101 101 101 101 101 102 102 103 105 107 100 99 97 90 69 0 0 0 0 0 0 0 0 0 0 0 0 0 0 64 70 66 75 
61 64 65 66 66 66 67 66 66 67 68 68 69 70 70 70 70 71 71 71 72 72 73 74 74 75 75 76 76 76 73 72 71 68 60 0 0 0 0 0 0 0 0 0 0 0 0 0 0 0 0 0 0 0 0 0 0 0 0 0 0 0 0 0 0 0 0 0 40 64 73 77 81 90 92 93 93 93 93 94 93 85 74 69 62 48 40 0 0 0 0 0 0 0 0 0 0 0 0 0 0 0 0 0 0 0 0 0 0 0 0 0 0 0 0 0 0 0 0 0 0 43 53 68 78 84 97 105 107 107 106 106 106 106 105 105 105 104 104 103 103 103 102 102 101 101 101 101 102 102 102 105 107 100 99 97 89 67 0 0 0 0 0 0 0 0 0 0 0 0 0 0 65 70 62 72 
66 66 65 66 66 66 67 66 67 67 68 69 69 70 70 70 70 71 71 71 72 72 73 73 74 75 75 76 76 76 73 72 71 68 60 0 0 0 0 0 0 0 0 0 0 0 0 0 0 0 0 0 0 0 0 0 0 0 0 0 0 0 0 0 0 0 0 0 40 62 71 76 79 90 92 93 93 93 93 93 93 85 75 70 63 50 42 0 0 0 0 0 0 0 0 0 0 0 0 0 0 0 0 0 0 0 0 0 0 0 0 0 0 0 0 0 0 0 0 0 0 41 51 67 78 84 97 106 107 107 107 107 106 106 105 106 105 105 104 104 103 103 102 102 101 101 101 101 101 101 102 104 106 100 99 97 90 68 0 0 0 0 0 0 0 0 0 0 0 0 0 0 63 68 60 76 
61 70 65 65 66 66 67 66 66 67 68 68 69 69 69 70 71 72 72 72 72 72 72 73 74 75 75 76 76 76 72 71 70 67 60 0 0 0 0 0 0 0 0 0 0 0 0 0 0 0 0 0 0 0 0 0 0 0 0 0 0 0 0 0 0 0 0 0 40 60 71 77 80 90 92 93 93 93 93 93 93 86 75 71 63 50 42 0 0 0 0 0 0 0 0 0 0 0 0 0 0 0 0 0 0 0 0 0 0 0 0 0 0 0 0 0 0 0 0 0 0 42 52 68 78 84 97 106 107 107 107 107 107 106 106 106 105 105 104 104 103 103 103 102 102 102 101 101 101 101 101 104 106 100 99 97 91 68 0 0 0 0 0 0 0 0 0 0 0 0 0 0 0 69 64 73 
70 69 65 65 65 66 66 66 67 68 68 69 69 69 69 69 70 71 71 72 72 73 73 74 74 75 75 76 76 76 73 72 70 67 60 0 0 0 0 0 0 0 0 0 0 0 0 0 0 0 0 0 0 0 0 0 0 0 0 0 0 0 0 0 0 0 0 0 41 60 71 77 80 90 92 93 93 93 93 93 93 86 76 71 64 51 43 0 0 0 0 0 0 0 0 0 0 0 0 0 0 0 0 0 0 0 0 0 0 0 0 0 0 0 0 0 0 0 0 0 0 43 51 67 77 84 96 106 108 107 107 107 107 106 105 105 105 105 104 104 104 104 103 102 102 102 101 101 101 101 101 104 106 100 100 98 92 70 0 0 0 0 0 0 0 0 0 0 0 0 0 0 0 71 0 67 
66 58 65 65 65 66 66 66 67 67 68 68 68 68 69 69 69 70 71 71 72 73 73 73 74 75 76 77 77 77 73 72 71 68 62 0 0 0 0 0 0 0 0 0 0 0 0 0 0 0 0 0 0 0 0 0 0 0 0 0 0 38 38 38 38 38 0 0 41 60 72 77 80 91 92 93 94 93 93 93 92 86 76 71 64 52 43 0 0 0 0 0 0 0 0 0 0 0 0 0 0 0 0 0 0 0 0 0 0 0 0 0 0 0 0 0 0 0 0 0 0 43 51 67 77 84 97 106 108 108 108 107 107 107 106 105 105 105 104 104 103 103 103 102 102 102 101 101 101 101 101 103 106 101 100 99 94 72 0 0 0 0 0 0 0 0 0 0 0 0 0 0 0 71 0 80 
61 65 65 65 65 65 66 66 67 68 68 68 68 68 69 69 70 70 71 71 72 73 73 73 74 75 75 76 76 76 73 72 71 68 62 0 0 0 0 0 0 0 0 0 0 0 0 0 0 0 0 0 0 0 0 0 0 0 0 0 0 38 38 38 38 38 0 0 42 61 72 78 81 91 93 93 93 93 93 94 93 86 77 72 65 52 44 0 0 0 0 0 0 0 0 0 0 0 0 0 0 0 0 0 0 0 0 0 0 0 0 0 0 0 0 0 0 0 0 0 0 45 52 68 78 84 96 106 108 108 108 107 107 106 106 106 105 105 105 104 104 104 103 103 102 102 101 101 101 101 101 103 106 101 101 100 95 73 0 0 0 0 0 0 0 0 0 0 0 0 0 0 0 71 73 72 
60 66 64 64 64 65 65 66 67 68 68 68 68 68 68 69 70 70 71 72 72 73 73 73 74 75 75 76 76 76 73 72 71 69 63 0 0 0 0 0 0 0 0 0 0 0 0 0 0 0 0 0 0 0 0 0 0 0 0 0 0 38 38 38 38 38 37 0 42 61 73 78 81 91 93 93 93 93 93 94 93 87 77 73 65 53 45 0 0 0 0 0 0 0 0 0 0 0 0 0 0 0 0 0 0 0 0 0 0 0 0 0 0 0 0 0 0 0 0 0 0 45 52 68 78 84 96 106 108 107 108 107 107 107 106 106 105 105 105 104 103 103 102 102 102 102 102 101 101 101 102 104 107 102 101 100 95 75 0 0 0 0 0 0 0 0 0 0 0 0 0 0 64 71 60 81 
63 66 64 65 65 65 66 66 67 67 67 68 68 68 68 69 69 70 71 71 72 72 73 74 74 74 75 75 76 76 74 73 72 69 64 0 0 0 0 0 0 0 0 0 0 0 0 0 0 0 0 0 0 0 0 0 0 0 0 0 0 38 38 38 38 38 0 0 43 64 73 78 81 91 93 93 94 94 94 95 94 87 78 74 66 54 46 0 0 0 0 0 0 0 0 0 0 0 40 40 40 40 0 0 0 0 0 0 0 0 0 0 0 0 0 0 0 0 0 0 0 45 52 67 77 83 96 106 108 108 108 107 107 106 106 105 105 105 105 104 103 103 102 102 102 102 101 101 101 101 102 103 107 102 102 101 97 77 0 0 0 0 0 0 0 0 0 0 0 0 0 0 63 70 59 75 
63 69 64 65 65 65 66 66 67 67 67 68 68 68 69 70 70 71 71 72 72 72 73 73 74 75 75 76 76 76 73 73 72 70 65 0 0 0 0 0 0 0 0 0 0 0 0 0 0 0 0 0 0 0 0 0 0 0 0 0 0 38 38 38 38 38 0 0 44 65 75 79 82 92 93 93 94 94 94 95 95 88 79 74 67 55 47 0 0 0 0 0 0 0 0 0 0 41 42 42 42 42 0 0 0 0 0 0 0 0 0 0 0 0 0 0 0 0 0 0 0 44 51 67 77 83 96 105 107 108 108 107 107 106 106 106 105 105 105 104 103 103 102 102 102 102 101 101 101 101 102 103 107 102 102 101 97 77 0 0 0 0 0 0 0 0 0 0 0 0 0 0 62 70 62 75 
59 63 64 65 65 65 66 66 67 67 68 68 69 68 69 69 70 70 71 72 72 72 73 73 74 75 75 76 76 75 73 73 71 70 65 0 0 0 0 0 0 0 0 0 0 0 0 0 0 0 0 0 0 0 0 0 0 0 0 0 0 37 38 38 37 37 0 0 45 66 75 80 83 92 94 94 94 95 95 96 95 89 80 76 68 56 49 0 0 0 0 0 0 0 0 0 0 42 45 45 44 44 47 0 0 0 0 0 0 0 0 0 0 0 0 0 0 0 0 0 0 45 52 67 77 83 96 105 108 107 107 107 107 106 106 105 105 105 105 105 104 103 103 103 102 102 101 101 101 101 102 104 106 102 102 101 97 78 0 0 0 0 0 0 0 0 0 0 0 0 0 0 63 70 63 82 
67 66 64 65 65 65 66 66 67 68 68 68 68 68 69 69 70 70 71 72 72 73 73 73 74 75 75 76 76 75 73 72 71 69 63 0 0 0 0 0 0 0 0 0 0 0 0 0 0 0 0 0 0 0 0 0 0 0 0 0 0 0 0 0 37 0 0 0 45 67 76 80 83 92 94 94 95 95 95 96 96 89 81 77 70 58 51 0 0 0 0 0 0 0 0 0 0 44 52 51 48 48 51 0 0 0 0 0 0 0 0 0 0 0 0 0 0 0 0 0 0 44 52 67 77 83 96 105 108 107 107 107 107 106 105 105 105 105 105 105 104 104 103 102 102 101 101 101 101 101 101 103 106 102 102 101 97 81 0 0 0 0 0 0 0 0 0 0 0 0 0 0 65 71 66 76 
61 64 65 65 65 66 66 66 66 67 67 67 68 67 68 69 69 70 72 72 72 73 73 73 74 75 75 76 76 75 73 72 71 69 64 0 0 0 0 0 0 0 0 0 0 0 0 0 0 0 0 0 0 0 0 0 0 0 0 0 0 0 0 0 0 0 0 0 46 67 76 81 83 93 94 94 95 95 96 96 96 90 82 78 71 60 53 0 0 0 0 0 0 0 0 0 0 0 58 59 54 54 55 46 39 0 0 0 0 0 0 0 0 0 0 0 0 0 0 0 0 45 52 67 77 83 95 105 107 108 107 107 106 105 105 105 105 105 105 105 105 104 103 103 102 102 101 101 101 101 101 103 105 101 102 101 98 81 0 0 0 0 0 0 0 0 0 0 0 0 0 0 64 70 67 75 
65 65 65 65 65 66 65 66 66 67 67 68 68 68 68 69 69 70 71 71 72 73 74 74 75 75 76 76 76 76 73 72 71 68 63 0 0 0 0 0 0 0 0 0 0 0 0 0 0 0 0 0 0 0 0 0 0 0 0 0 0 0 38 38 37 0 0 0 45 67 77 81 83 93 95 95 95 96 96 97 96 91 83 79 73 62 55 0 0 0 0 0 0 0 0 0 0 0 64 66 59 59 59 51 40 0 0 0 0 0 0 0 0 0 0 0 0 0 0 0 0 46 53 68 77 83 95 105 107 107 107 107 107 106 106 105 106 105 105 105 105 104 103 102 102 101 101 101 101 101 101 103 105 101 101 100 97 82 0 0 0 0 0 0 0 0 0 0 0 0 0 0 65 70 69 76 
65 62 65 65 65 66 65 65 66 67 67 68 68 68 68 69 70 70 71 71 72 72 73 73 74 75 76 76 76 76 73 72 71 68 63 0 0 0 0 0 0 0 0 0 0 0 0 0 0 0 0 0 0 0 0 0 0 0 0 0 0 0 0 0 0 0 0 0 44 66 76 80 83 93 94 95 95 95 96 97 97 92 84 80 74 63 56 0 0 0 0 0 0 0 0 0 0 0 67 74 63 61 61 56 39 0 0 0 0 0 0 0 0 0 0 0 0 0 0 0 0 46 53 67 77 83 95 105 107 108 107 107 107 106 105 105 105 105 105 105 105 104 103 103 102 101 101 101 101 101 101 102 105 101 101 100 98 83 0 0 0 0 0 0 0 0 0 0 0 0 0 0 65 69 62 76 
61 67 64 65 65 65 65 65 66 67 66 67 68 68 68 69 70 70 71 71 72 72 73 73 74 75 76 76 76 76 73 72 70 68 61 0 0 0 0 0 0 0 0 0 0 0 0 0 0 0 0 0 0 0 0 0 0 0 0 0 0 0 0 0 0 0 0 0 45 66 76 80 83 93 95 95 95 96 96 97 97 92 84 79 73 62 54 0 0 0 0 0 0 0 0 0 0 0 68 81 72 68 66 62 42 38 0 0 0 0 0 0 0 0 0 0 0 0 0 0 0 47 53 67 77 83 95 105 107 107 107 107 107 106 106 105 105 105 105 105 104 104 103 102 101 101 101 100 101 101 101 102 105 101 101 100 98 82 0 0 0 0 0 0 0 0 0 0 0 0 0 60 64 69 70 77 
60 63 64 65 65 66 65 65 66 66 66 67 68 67 68 69 70 70 71 71 72 73 73 73 74 75 75 76 76 76 73 71 70 68 61 0 0 0 0 0 0 0 0 0 0 0 0 0 0 0 0 0 0 0 0 0 0 0 0 0 0 0 0 0 0 0 0 0 45 65 75 81 84 94 95 95 95 95 96 97 97 92 85 78 72 61 53 0 0 0 0 0 0 0 0 0 0 0 62 89 94 89 84 87 69 51 40 0 0 0 0 0 0 0 0 0 0 0 0 0 0 48 53 68 77 83 95 105 107 107 107 107 107 106 105 105 105 104 104 104 104 103 102 101 100 100 100 100 101 101 102 102 105 101 101 100 97 81 0 0 0 0 0 0 0 0 0 0 0 0 0 60 63 68 69 80 
59 61 64 65 65 66 66 66 66 66 66 67 68 68 69 69 70 70 70 71 72 72 73 73 74 75 75 76 76 76 72 71 70 67 59 0 0 0 0 0 0 0 0 0 0 0 0 0 0 0 0 0 0 0 0 0 0 0 0 0 0 0 0 0 0 0 0 0 47 65 75 80 84 94 96 96 96 96 96 97 97 93 86 80 74 66 62 0 0 0 0 0 0 0 0 0 0 0 56 125 126 148 148 169 136 151 69 0 0 0 0 0 0 0 0 0 0 0 0 0 0 53 56 69 78 84 96 105 107 108 108 107 107 107 106 105 105 104 104 104 104 103 102 101 100 100 100 100 100 100 101 102 105 101 101 100 98 82 0 0 0 0 0 0 0 0 0 0 0 0 0 61 65 69 63 79 
62 69 64 65 64 65 65 65 66 66 66 67 68 67 68 69 70 70 71 71 72 73 73 73 74 75 75 75 76 76 72 71 70 67 59 0 0 0 0 0 0 0 0 0 0 0 0 0 0 0 0 0 0 0 0 0 0 0 0 0 0 0 0 0 0 0 0 0 46 66 75 81 85 95 98 98 97 96 96 97 97 92 88 87 82 77 80 83 0 0 0 0 0 0 0 0 0 44 55 196 192 201 217 243 159 168 113 0 0 0 0 0 0 0 0 0 0 0 0 0 0 68 65 75 82 87 96 105 107 108 108 107 107 106 105 105 104 104 104 104 103 103 102 101 100 100 99 99 100 100 100 101 104 100 100 100 98 82 0 0 0 0 0 0 0 0 0 0 0 0 0 61 64 69 67 79 
66 67 64 64 64 65 66 65 66 66 66 66 67 67 68 68 69 69 71 71 72 73 73 73 74 75 75 75 76 76 72 71 70 67 59 0 0 0 0 0 0 0 0 0 0 0 0 0 0 0 0 0 0 0 0 0 0 0 0 0 0 0 0 0 0 0 0 0 46 66 75 82 88 98 101 102 100 97 96 96 97 92 89 90 84 80 83 83 0 0 0 0 0 0 0 0 0 0 56 255 258 266 270 292 192 196 128 49 0 0 0 0 0 0 0 0 0 0 0 0 0 81 74 81 86 89 97 105 107 107 107 107 107 106 105 104 104 104 103 104 103 102 101 100 100 99 99 99 99 99 99 100 103 99 99 99 96 80 0 0 0 0 0 0 0 0 0 0 0 0 0 61 64 68 73 75 
61 71 64 65 65 66 66 66 66 66 66 66 67 67 68 68 69 69 70 71 71 72 73 73 74 74 75 75 76 76 72 72 70 67 60 0 0 0 0 0 0 0 0 0 0 0 0 0 0 0 0 0 0 0 0 0 0 0 0 0 0 0 0 0 0 0 0 0 45 65 74 81 88 100 103 103 102 98 96 97 97 92 89 90 84 81 84 86 0 0 0 0 0 0 0 0 0 0 57 259 266 317 315 341 263 256 116 49 0 0 0 0 0 0 0 0 0 0 0 0 86 80 74 80 86 90 97 106 108 108 107 107 107 105 105 104 104 103 103 103 102 102 101 100 99 98 98 98 98 98 99 99 101 98 97 97 95 81 0 0 0 0 0 0 0 0 0 0 0 0 0 62 65 69 68 73 
60 61 64 64 64 65 66 66 67 67 66 67 67 67 68 69 69 69 70 71 71 72 73 73 74 74 75 75 76 76 73 72 70 67 60 0 0 0 0 0 0 0 0 0 0 0 0 0 0 0 0 0 0 0 0 0 0 0 0 0 0 0 0 0 0 0 0 0 45 65 74 81 88 99 102 103 102 98 97 97 97 92 89 92 86 83 88 93 0 0 0 0 0 0 0 0 0 0 58 268 260 319 316 313 226 227 105 48 43 0 0 0 0 0 0 0 0 0 0 0 86 79 73 80 85 89 96 105 108 108 107 107 106 105 105 104 103 103 102 102 101 99 98 96 95 94 93 94 94 94 95 95 97 94 93 93 90 77 0 0 0 0 0 0 0 0 0 0 0 0 0 63 66 69 70 83 
65 64 64 64 64 65 66 66 66 66 66 67 67 68 68 69 69 69 70 70 71 72 72 73 74 74 75 75 76 76 73 72 71 68 61 0 0 0 0 0 0 0 0 0 0 0 0 0 0 0 0 0 0 0 0 0 0 0 0 0 0 0 0 0 37 0 0 0 44 65 74 80 88 100 102 103 102 98 96 96 97 92 87 91 84 80 84 93 0 0 0 0 0 0 0 0 0 0 61 282 252 280 265 251 175 175 97 48 43 0 0 0 0 0 0 0 0 0 0 0 0 79 73 79 85 88 95 104 107 107 107 107 106 105 104 103 102 99 97 94 92 91 91 91 91 90 90 90 89 88 88 88 88 87 86 87 85 75 0 0 0 0 0 0 0 0 0 0 0 0 60 63 66 69 73 83 
60 63 64 64 65 65 66 65 66 66 66 67 68 68 68 69 69 69 70 70 71 71 72 73 74 74 75 75 76 76 73 72 71 68 61 0 0 0 0 0 0 0 0 0 0 0 0 0 0 0 0 0 0 0 0 0 0 0 0 0 0 0 0 0 0 0 0 0 45 64 73 79 86 98 100 101 101 97 96 96 97 91 85 83 76 69 67 0 0 0 0 0 0 0 0 0 0 0 0 209 179 223 192 184 154 158 77 48 0 0 0 0 0 0 0 0 0 0 0 0 0 67 65 74 82 86 95 104 107 107 106 106 106 105 103 100 99 96 93 91 89 88 88 88 89 87 87 87 86 85 86 85 85 84 84 84 82 0 0 0 0 0 0 0 0 0 0 0 0 0 60 63 65 68 70 73 
66 63 64 64 65 65 65 65 66 66 66 67 68 68 69 69 69 69 69 70 71 71 72 73 74 74 75 76 76 76 73 72 71 67 60 0 0 0 0 0 0 0 0 0 0 0 0 0 0 0 0 0 0 0 0 0 0 0 0 0 0 0 38 38 38 0 0 0 44 63 73 78 84 95 97 98 98 96 95 96 97 91 83 79 73 62 55 0 0 0 0 0 0 0 0 0 0 0 0 0 122 188 154 149 146 147 62 46 0 0 0 0 0 0 0 0 0 0 0 0 0 50 54 67 77 84 95 104 107 106 107 106 105 103 99 96 94 91 86 85 81 79 78 78 79 78 79 81 81 80 81 81 80 80 80 80 79 0 0 0 0 0 0 0 0 0 0 0 0 0 60 63 65 67 71 72 
65 62 64 64 65 65 65 65 66 66 66 67 67 68 68 69 69 69 70 70 71 72 73 73 74 74 75 76 76 76 73 72 70 67 60 0 0 0 0 0 0 0 0 0 0 0 0 0 0 0 0 0 0 0 0 0 0 0 0 0 0 0 37 37 37 0 0 0 43 62 72 77 82 93 95 96 96 95 95 95 96 90 82 79 73 61 55 0 0 0 0 0 0 0 0 0 0 0 0 0 68 102 95 92 92 96 72 0 0 0 0 0 0 0 0 0 0 0 0 0 0 45 52 67 76 82 94 103 106 106 106 106 104 102 98 94 90 85 80 79 77 77 76 73 72 69 67 67 67 65 65 65 65 66 67 70 0 0 0 0 0 0 0 0 0 0 0 0 0 0 60 62 64 67 67 77 
64 63 64 64 65 65 65 65 66 66 67 67 67 67 68 68 69 69 70 70 71 72 73 73 74 74 75 76 76 76 73 72 71 67 60 0 0 0 0 0 0 0 0 0 0 0 0 0 0 0 0 0 0 0 0 0 0 0 0 0 0 0 0 0 0 0 0 0 43 62 71 77 81 92 95 95 96 96 95 96 96 90 82 78 72 61 54 0 0 0 0 0 0 0 0 0 0 0 0 0 0 93 94 94 94 100 95 0 0 0 0 0 0 0 0 0 0 0 0 0 0 45 51 66 76 82 93 103 105 105 106 105 103 101 96 90 83 78 75 76 77 78 76 73 71 66 58 56 59 61 62 63 62 63 63 64 0 0 0 0 0 0 0 0 0 0 0 0 0 0 59 61 63 66 68 72 
64 58 65 65 65 65 65 65 66 66 67 67 67 67 68 68 69 69 70 71 71 72 73 74 74 75 75 76 76 76 73 71 70 67 58 0 0 0 0 0 0 0 0 0 0 0 0 0 0 0 0 0 0 0 0 0 0 0 0 0 0 0 0 0 0 0 0 0 43 61 71 76 80 91 95 95 95 95 95 95 95 89 81 77 70 59 53 0 0 0 0 0 0 0 0 0 0 0 0 0 0 81 90 87 87 91 92 0 0 0 0 0 0 0 0 0 0 0 0 0 0 45 51 66 76 82 94 103 105 105 105 105 101 98 91 84 77 78 79 85 89 88 83 79 75 67 63 66 72 73 74 74 73 73 71 0 0 0 0 0 0 0 0 0 0 0 0 0 0 0 59 61 63 66 71 78 
60 64 64 65 65 65 65 65 66 66 66 66 67 67 68 68 68 69 70 70 71 72 73 73 74 74 75 76 76 76 73 72 70 67 59 0 0 0 0 0 0 0 0 0 0 0 0 0 0 0 0 0 0 0 0 0 0 0 0 0 0 0 0 0 0 0 0 0 43 62 71 77 80 91 94 95 95 95 95 95 94 89 80 76 69 58 51 0 0 0 0 0 0 0 0 0 0 0 0 0 0 0 84 80 80 80 83 0 0 0 0 0 0 0 0 0 0 0 0 0 0 44 50 66 75 81 93 103 105 105 105 104 97 94 86 80 75 81 84 90 91 88 83 79 74 67 67 71 77 78 80 78 78 77 75 70 0 0 0 0 0 0 0 0 0 0 0 0 0 0 59 61 63 66 66 78 
66 62 64 65 65 65 65 66 66 67 66 67 67 67 68 69 69 69 70 70 71 72 72 73 73 74 74 75 76 76 73 72 70 67 60 0 0 0 0 0 0 0 0 0 0 0 0 0 0 0 0 0 0 0 0 0 0 0 0 0 0 0 37 37 37 0 0 0 42 62 71 77 80 90 93 94 95 95 95 95 94 88 79 76 69 58 51 0 0 0 0 0 0 0 0 0 0 0 0 0 0 0 73 68 68 68 71 0 0 0 0 0 0 0 0 0 0 0 0 0 0 44 50 65 75 81 93 103 104 104 104 102 95 90 83 79 77 85 89 94 95 92 89 83 77 71 73 77 81 82 83 81 81 80 79 74 0 0 0 0 0 0 0 0 0 0 0 0 0 57 60 61 63 67 72 80 
61 67 64 65 65 65 65 66 66 66 66 67 67 68 68 69 69 69 69 69 71 71 72 72 73 74 74 75 76 76 73 72 71 68 62 0 0 0 0 0 0 0 0 0 0 0 0 0 0 0 0 0 0 0 0 0 0 0 0 0 0 0 0 0 37 0 0 0 42 62 72 77 80 90 93 94 94 95 95 94 94 88 79 75 68 57 49 0 0 0 0 0 0 0 0 0 0 0 0 0 0 0 68 61 61 61 62 52 0 0 0 0 0 0 0 0 0 0 0 0 0 43 50 65 75 81 93 102 104 104 104 101 95 88 81 78 80 87 93 97 97 93 89 83 76 74 78 81 85 88 89 88 89 88 86 81 0 0 0 0 0 0 0 0 0 0 0 0 0 56 60 61 63 67 62 82 
65 61 64 65 65 66 66 66 66 66 66 66 67 68 68 69 69 69 69 69 70 71 72 73 73 74 74 75 76 76 73 73 72 69 63 0 0 0 0 0 0 0 0 0 0 0 0 0 0 0 0 0 0 0 0 0 0 0 0 0 0 0 38 38 38 38 0 0 41 62 71 77 80 90 93 94 94 94 94 94 93 87 77 74 66 55 47 0 0 0 0 0 0 0 0 0 0 0 0 0 0 0 0 56 56 56 56 52 0 0 0 0 0 0 0 0 0 0 0 0 0 44 49 65 75 80 93 102 104 103 103 99 94 85 79 77 81 88 94 99 97 92 90 84 78 78 84 85 89 91 93 91 91 89 88 81 0 0 0 0 0 0 0 0 0 0 0 0 0 58 61 62 64 67 71 85 
65 64 64 64 65 65 65 66 66 66 66 66 67 67 68 68 67 67 67 68 70 71 71 73 73 74 74 75 76 76 74 73 72 69 64 0 0 0 0 0 0 0 0 0 0 0 0 0 0 0 0 0 0 0 0 0 0 0 0 0 0 0 0 0 38 38 0 0 40 61 71 76 79 90 92 93 94 94 94 94 93 86 77 73 65 54 45 0 0 0 0 0 0 0 0 0 0 0 0 0 0 0 0 53 53 53 53 0 0 0 0 0 0 0 0 0 0 0 0 0 0 43 48 63 74 80 92 101 103 102 102 98 95 86 80 79 83 88 94 98 94 91 86 80 75 79 84 87 91 93 93 91 91 90 88 84 0 0 0 0 0 0 0 0 0 0 0 0 0 58 61 62 64 67 72 79 
58 60 64 65 65 66 66 66 66 66 66 67 67 67 67 66 66 65 66 67 69 71 71 72 73 74 75 76 76 76 73 73 71 69 63 0 0 0 0 0 0 0 0 0 0 0 0 0 0 0 0 0 0 0 0 0 0 0 0 0 0 0 0 0 38 38 0 0 39 60 70 75 78 89 91 92 93 93 93 93 92 86 76 72 64 52 44 0 0 0 0 0 0 0 0 0 0 0 0 0 0 0 0 0 0 0 0 0 0 0 0 0 0 0 0 0 0 0 0 0 0 43 49 64 75 81 91 100 102 101 101 97 96 87 81 79 82 84 89 92 89 88 83 77 75 80 82 86 89 90 90 89 88 87 86 83 0 0 0 0 0 0 0 0 0 0 0 0 0 60 61 63 65 67 65 73 
69 62 64 65 65 66 66 66 66 66 66 67 67 67 66 65 64 64 64 66 69 70 71 72 73 74 75 76 76 76 74 73 72 69 63 0 0 0 0 0 0 0 0 0 0 0 0 0 0 0 0 0 0 0 0 0 0 0 0 0 0 0 0 0 0 0 0 0 39 59 69 74 78 89 91 92 92 92 92 93 92 85 75 71 63 51 42 0 0 0 0 0 0 0 0 0 0 0 0 0 0 0 0 0 0 0 0 0 0 0 0 0 0 0 0 0 0 0 0 0 0 42 48 64 74 80 90 99 99 97 95 91 89 83 79 77 81 83 87 91 87 86 80 76 73 76 78 83 85 85 86 83 82 80 79 75 0 0 0 0 0 0 0 0 0 0 0 0 0 61 62 63 65 67 71 80 
66 63 64 64 65 65 66 65 65 65 65 66 67 66 65 63 62 61 62 65 68 70 70 73 73 74 75 76 76 76 74 73 72 70 64 0 0 0 0 0 0 0 0 0 0 0 0 0 0 0 0 0 0 0 0 0 0 0 0 0 0 0 0 0 0 0 0 0 38 60 71 75 79 88 90 90 91 91 91 92 91 85 74 70 63 50 41 0 0 0 0 0 0 0 0 0 0 0 0 0 0 0 0 0 0 0 0 0 0 0 0 0 0 0 0 0 0 0 0 0 0 41 48 64 74 80 89 96 96 94 91 87 86 82 77 76 79 81 84 88 85 84 76 74 71 73 76 81 83 83 84 81 80 78 78 72 0 0 0 0 0 0 0 0 0 0 0 0 0 63 62 63 65 67 70 76 
65 61 64 64 65 65 65 65 65 65 65 66 66 66 64 61 61 58 58 62 66 68 69 72 72 73 74 75 75 76 73 72 71 68 62 0 0 0 0 0 0 0 0 0 0 0 0 0 0 0 0 0 0 0 0 0 0 0 0 0 0 0 0 0 0 0 0 0 38 60 70 75 78 87 89 89 90 90 90 91 91 84 74 69 62 49 41 0 0 0 0 0 0 0 0 0 0 0 0 0 0 0 0 0 0 0 0 0 0 0 0 0 0 0 0 0 0 0 0 0 0 0 49 65 75 80 86 93 92 89 86 83 83 81 75 74 76 78 79 82 79 79 70 70 67 69 71 77 78 78 80 78 77 75 75 0 0 0 0 0 0 0 0 0 0 0 0 0 0 63 62 64 65 68 67 72 
62 61 64 65 65 65 65 65 65 66 66 66 67 66 64 62 61 59 59 63 66 68 70 72 72 73 73 75 75 76 73 72 71 69 62 0 0 0 0 0 0 0 0 0 0 0 0 0 0 0 0 0 0 0 0 0 0 0 0 0 0 0 0 0 0 0 0 0 0 62 73 77 80 87 88 89 89 89 89 91 90 84 74 69 62 49 40 0 0 0 0 0 0 0 0 0 0 0 0 0 0 0 0 0 0 0 0 0 0 0 0 0 0 0 0 0 0 0 0 0 0 0 50 67 77 80 84 90 89 85 80 77 77 75 70 67 0 68 69 71 71 0 0 0 63 63 64 67 68 68 72 69 69 67 69 0 0 0 0 0 0 0 0 0 0 0 0 0 0 64 62 64 65 68 73 81 
68 59 64 64 65 65 65 65 66 66 66 66 66 66 65 64 63 62 62 64 67 68 70 72 72 73 73 74 75 75 73 73 72 69 63 0 0 0 0 0 0 0 0 0 0 0 0 0 0 0 0 0 0 0 0 0 0 0 0 0 0 0 0 0 0 0 0 0 0 66 76 79 82 87 88 88 89 89 89 90 90 83 73 69 61 48 40 0 0 0 0 0 0 0 0 0 0 0 0 0 0 0 0 0 0 0 0 0 0 0 0 0 0 0 0 0 0 0 0 0 0 0 51 68 77 79 83 88 86 78 71 64 62 0 0 0 0 0 0 0 0 0 0 0 0 0 0 0 0 0 0 0 0 0 0 0 0 0 0 0 0 0 0 0 0 0 0 0 0 62 62 63 64 67 70 79 
63 67 64 64 64 64 64 64 65 65 66 66 66 66 65 64 64 64 63 65 67 68 70 72 72 73 73 74 75 75 72 72 71 68 61 0 0 0 0 0 0 0 0 0 0 0 0 0 0 0 0 0 0 0 0 0 0 0 0 0 0 0 0 0 0 0 0 0 0 70 78 81 83 86 88 88 88 88 89 89 89 83 74 70 63 49 40 0 0 0 0 0 0 0 0 0 0 0 0 0 0 0 0 0 0 0 0 0 0 0 0 0 0 0 0 0 0 0 0 0 0 0 53 71 80 81 81 87 85 76 0 0 0 0 0 0 0 0 0 0 0 0 0 0 0 0 0 0 0 0 0 0 0 0 0 0 0 0 0 0 0 0 0 0 0 0 0 0 0 61 62 63 65 68 70 80 
63 66 64 64 64 65 64 65 65 66 66 67 66 66 66 65 65 66 65 67 67 68 70 72 72 73 73 74 74 75 72 72 71 68 60 0 0 0 0 0 0 0 0 0 0 0 0 0 0 0 0 0 0 0 0 0 0 0 0 0 0 0 0 0 0 0 0 0 0 69 77 80 83 86 88 88 89 89 89 90 89 83 74 70 62 48 40 0 0 0 0 0 0 0 0 0 0 0 0 0 0 0 0 0 0 0 0 0 0 0 0 0 0 0 0 0 0 0 0 0 0 0 56 73 82 82 80 87 85 75 0 0 0 0 0 0 0 0 0 0 0 0 0 0 0 0 0 0 0 0 0 0 0 0 0 0 0 0 0 0 0 0 0 0 0 0 0 0 0 60 62 63 65 68 67 80 
62 64 63 64 64 64 64 64 65 65 66 66 66 66 67 67 67 67 68 68 68 70 71 72 73 73 74 74 75 75 73 72 71 69 62 0 0 0 0 0 0 0 0 0 0 0 0 0 0 0 0 0 0 0 0 0 0 0 0 0 0 0 0 0 0 0 0 0 0 74 80 83 85 86 89 89 89 89 89 90 89 82 73 69 62 48 39 0 0 0 0 0 0 0 0 0 0 0 0 0 0 0 0 0 0 0 0 0 0 0 0 0 0 0 0 0 0 0 0 0 0 0 58 75 83 83 83 89 88 81 0 0 0 0 0 0 0 0 0 0 0 0 0 0 0 0 0 0 0 0 0 0 0 0 0 0 0 0 0 0 0 0 0 0 0 0 0 0 0 59 61 62 64 67 75 81 
64 62 63 62 63 63 63 63 64 64 64 65 65 65 65 66 67 67 68 68 68 69 70 72 72 73 73 74 74 75 72 72 71 69 61 0 0 0 0 0 0 0 0 0 0 0 0 0 0 0 0 0 0 0 0 0 0 0 0 0 0 0 0 0 0 0 0 0 0 74 80 83 85 86 89 89 90 89 89 89 89 82 75 71 63 48 0 0 0 0 0 0 0 0 0 0 0 0 0 0 0 0 0 0 0 0 0 0 0 0 0 0 0 0 0 0 0 0 0 0 0 0 58 75 83 85 84 90 87 81 74 0 0 0 0 0 0 0 0 0 0 0 0 0 0 0 0 0 0 0 0 0 0 0 0 0 0 0 0 0 0 0 0 0 0 0 0 0 0 58 61 63 65 68 66 75 
61 60 62 62 62 62 62 62 63 63 64 64 65 64 65 65 65 65 65 66 66 67 68 69 70 71 71 72 73 74 72 72 71 69 62 0 0 0 0 0 0 0 0 0 0 0 0 0 0 0 0 0 0 0 0 0 0 0 0 0 0 0 0 0 0 0 0 0 0 72 79 82 84 85 88 89 90 89 89 89 89 81 76 72 64 48 0 0 0 0 0 0 0 0 0 0 0 0 0 0 0 0 0 0 0 0 0 0 0 0 0 0 0 0 0 0 0 0 0 0 0 0 56 75 82 85 85 92 88 84 77 68 59 57 54 54 57 58 57 55 54 0 0 0 0 0 0 0 0 0 0 0 0 0 0 0 0 0 0 0 0 0 0 0 0 0 0 0 0 59 61 63 65 68 72 77 
0 0 62 62 62 62 62 62 63 63 64 64 65 64 64 65 65 65 65 65 65 67 67 69 69 70 70 70 70 70 68 68 68 67 62 0 0 0 0 0 0 0 0 0 0 0 0 0 0 0 0 0 0 0 0 0 0 0 0 0 0 0 0 0 0 0 0 0 0 72 78 81 84 85 88 89 89 89 89 89 88 81 74 70 62 48 0 0 0 0 0 0 0 0 0 0 0 0 0 0 0 0 0 0 0 0 0 0 0 0 0 0 0 0 0 0 0 0 0 0 0 0 57 75 82 86 86 92 90 87 82 77 72 72 70 70 71 72 71 68 65 64 61 0 0 0 0 0 0 0 0 0 0 0 0 0 0 0 0 0 0 0 0 0 0 0 0 0 0 60 61 63 65 67 77 78 
0 0 61 60 61 61 61 60 62 62 62 63 65 64 64 64 64 64 64 64 65 66 66 68 69 70 69 69 69 69 67 67 67 66 61 0 0 0 0 0 0 0 0 0 0 0 0 0 0 0 0 0 0 0 0 0 0 0 0 0 0 0 0 0 0 0 0 0 0 69 76 79 81 82 85 86 86 86 86 87 86 79 74 70 63 48 0 0 0 0 0 0 0 0 0 0 0 0 0 0 0 0 0 0 0 0 0 0 0 0 0 0 0 0 0 0 0 0 0 0 0 0 59 74 81 85 87 92 90 87 84 79 76 75 73 72 72 72 70 68 65 63 61 57 0 0 0 0 0 0 0 0 0 0 0 0 0 0 0 0 0 0 0 0 0 0 0 0 0 61 62 63 65 68 67 78 
0 0 0 0 0 0 0 0 59 59 60 60 62 62 61 62 62 62 62 62 63 63 64 66 66 68 67 67 67 67 65 65 65 64 0 0 0 0 0 0 0 0 0 0 0 0 0 0 0 0 0 0 0 0 0 0 0 0 0 0 0 0 0 0 0 0 0 0 0 68 75 78 80 79 80 81 80 78 78 78 76 72 68 65 59 47 0 0 0 0 0 0 0 0 0 0 0 0 0 0 0 0 0 0 0 0 0 0 0 0 0 0 0 0 0 0 0 0 0 0 0 0 55 68 74 77 79 84 83 80 77 72 70 70 70 70 72 72 70 68 65 63 61 57 0 0 0 0 0 0 0 0 0 0 0 0 0 0 0 0 0 0 0 0 0 0 0 0 0 62 63 63 65 68 71 72 
0 0 0 0 0 0 0 0 0 0 0 0 0 0 0 0 0 59 58 60 60 60 60 61 61 64 63 63 63 62 61 62 62 62 0 0 0 0 0 0 0 0 0 0 0 0 0 0 0 0 0 0 0 0 0 0 0 0 0 0 0 0 0 0 0 0 0 0 0 0 73 76 78 77 78 79 78 76 75 76 73 70 65 63 57 46 0 0 0 0 0 0 0 0 0 0 0 0 0 0 0 0 0 0 0 0 0 0 0 0 0 0 0 0 0 0 0 0 0 0 0 0 55 67 73 75 77 83 83 80 77 73 71 70 70 70 72 72 70 68 65 63 61 57 0 0 0 0 0 0 0 0 0 0 0 0 0 0 0 0 0 0 0 0 0 0 0 0 0 62 63 64 65 68 74 78 
0 0 0 0 0 0 0 0 0 0 0 0 0 0 0 0 0 0 0 0 0 0 0 0 0 0 0 0 0 52 53 53 0 0 0 0 0 0 0 0 0 0 0 0 0 0 0 0 0 0 0 0 0 0 0 0 0 0 0 0 0 0 0 0 0 0 0 0 0 0 71 74 76 74 74 75 73 71 71 71 69 66 62 60 55 45 0 0 0 0 0 0 0 0 0 0 0 0 0 0 0 0 0 0 0 0 0 0 0 0 0 0 0 0 0 0 0 0 0 0 0 0 0 64 69 72 73 78 79 78 76 74 74 75 76 77 79 79 77 74 69 67 64 59 0 0 0 0 0 0 0 0 0 0 0 0 0 0 0 0 0 0 0 0 0 0 0 0 61 62 63 64 65 68 66 80 
0 0 0 0 0 0 0 0 0 0 0 0 0 0 0 0 0 0 0 0 0 0 0 0 0 0 0 0 0 0 0 0 0 0 0 0 0 0 0 0 0 0 0 0 0 0 0 0 0 0 0 0 0 0 0 0 0 0 0 0 0 0 0 0 0 0 0 0 0 0 0 0 70 67 66 67 64 62 61 61 60 58 55 55 51 0 0 0 0 0 0 0 0 0 0 0 0 0 0 0 0 0 0 0 0 0 0 0 0 0 0 0 0 0 0 0 0 0 0 0 0 0 0 59 63 65 66 70 71 69 68 66 66 67 69 70 73 71 70 68 64 63 0 0 0 0 0 0 0 0 0 0 0 0 0 0 0 0 0 0 0 0 0 0 0 0 0 0 60 62 63 64 65 69 67 71 
0 0 0 0 0 0 0 0 0 0 0 0 0 0 0 0 0 0 0 0 0 0 0 0 0 0 0 0 0 0 0 0 0 0 0 0 0 0 0 0 0 0 0 0 0 0 0 0 0 0 0 0 0 0 0 0 0 0 0 0 0 0 0 0 0 0 0 0 0 0 0 0 0 0 0 0 0 42 42 41 41 40 40 0 0 0 0 0 0 0 0 0 0 0 0 0 0 0 0 0 0 0 0 0 0 0 0 0 0 0 0 0 0 0 0 0 0 0 0 0 0 0 0 0 0 49 50 52 52 51 50 47 46 0 0 0 0 0 0 0 0 0 0 0 0 0 57 57 57 57 60 0 0 0 0 0 0 0 0 0 0 0 0 0 0 0 0 0 60 61 62 63 65 68 73 82 
0 0 0 0 0 0 0 0 0 0 0 0 0 0 0 0 0 0 0 0 0 0 0 0 0 0 0 0 0 0 0 0 0 0 0 0 0 0 0 0 0 0 0 0 0 0 0 0 0 0 0 0 0 0 0 0 0 0 0 0 0 0 0 0 0 0 0 0 0 0 0 0 0 0 0 0 0 0 0 0 0 0 0 0 0 0 0 0 0 0 0 0 0 0 0 0 0 0 0 0 0 0 0 0 0 0 0 0 0 0 0 0 0 0 0 0 0 0 0 0 0 0 0 0 0 0 0 0 0 0 0 0 0 0 0 0 0 0 0 0 0 0 0 0 0 0 57 57 57 57 60 0 0 0 0 0 0 0 0 0 0 0 0 0 0 0 0 0 60 61 62 63 65 69 74 78 
0 0 0 0 0 0 0 0 0 0 0 0 0 0 0 0 0 0 0 0 0 0 0 0 0 0 0 0 0 0 0 0 0 0 0 0 0 0 0 0 0 0 0 0 0 0 0 0 0 0 0 0 0 0 0 0 0 0 0 0 0 0 0 0 0 0 0 0 0 0 0 0 0 0 0 0 0 0 0 0 0 0 0 0 0 0 0 0 0 0 0 0 0 0 0 0 0 0 0 0 0 0 0 0 0 0 0 0 0 0 0 0 0 0 0 0 0 0 0 0 0 0 0 0 0 0 0 0 0 0 0 0 0 0 0 0 0 0 0 0 0 0 0 0 0 0 57 57 57 57 0 0 0 0 0 0 0 0 0 0 0 0 0 0 0 0 0 0 60 61 62 63 65 69 71 79 
0 0 0 0 0 0 0 0 0 0 0 0 0 0 0 0 0 0 0 0 0 0 0 0 0 0 0 0 0 0 0 0 0 0 0 0 0 0 0 0 0 0 0 0 0 0 0 0 0 0 0 0 0 0 0 0 0 0 0 0 0 0 0 0 0 0 0 0 0 0 0 0 0 0 0 0 0 0 0 0 0 0 0 0 0 0 0 0 0 0 0 0 0 0 0 0 0 0 0 0 0 0 0 0 0 0 0 0 0 0 0 0 0 0 0 0 0 0 0 0 0 0 0 0 0 0 0 0 0 0 0 0 0 0 0 0 0 0 0 0 0 0 0 0 0 0 0 0 0 0 0 0 0 0 0 0 0 0 0 0 0 0 0 0 0 0 0 0 0 62 62 62 65 69 74 83 
0 0 0 0 0 0 0 0 0 0 0 0 0 0 0 0 0 0 0 0 0 0 0 0 0 0 0 0 0 0 0 0 0 0 0 0 0 0 0 0 0 0 0 0 0 0 0 0 0 0 0 0 0 0 0 0 0 0 0 0 0 0 0 0 0 0 0 0 0 0 0 0 0 0 0 0 0 0 0 0 0 0 0 0 0 0 0 0 0 0 0 0 0 0 0 0 0 0 0 0 0 0 0 0 0 0 0 0 0 0 0 0 0 0 0 0 0 0 0 0 0 0 0 0 0 0 0 0 0 0 0 0 0 0 0 0 0 0 0 0 0 0 0 0 0 0 0 0 0 0 0 0 0 0 0 0 0 0 0 0 0 0 0 0 0 0 0 0 0 62 62 62 65 69 81 81 
0 0 0 0 0 0 0 0 0 0 0 0 0 0 0 0 0 0 0 0 0 0 0 0 0 0 0 0 0 0 0 0 0 0 0 0 0 0 0 0 0 0 0 0 0 0 0 0 0 0 0 0 0 0 0 0 0 0 0 0 0 0 0 0 0 0 0 0 0 0 0 0 0 0 0 0 0 0 0 0 0 0 0 0 0 0 0 0 0 0 0 0 0 0 0 0 0 0 0 0 0 0 0 0 0 0 0 0 0 0 0 0 0 0 0 0 0 0 0 0 0 0 0 0 0 0 0 0 0 0 0 0 0 0 0 0 0 0 0 0 0 0 0 0 0 0 0 0 0 0 0 0 0 0 0 0 0 0 0 0 0 0 0 0 0 0 0 0 0 0 63 63 66 70 70 82 
0 0 0 0 0 0 0 0 0 0 0 0 0 0 0 0 0 0 0 0 0 0 0 0 0 0 0 0 0 0 0 0 0 0 0 0 0 0 0 0 0 0 0 0 0 0 0 0 0 0 0 0 0 0 0 0 0 0 0 0 0 0 0 0 0 0 0 0 0 0 0 0 0 0 0 0 0 0 0 0 0 0 0 0 0 0 0 0 0 0 0 0 0 0 0 0 0 0 0 0 0 0 0 0 0 0 0 0 0 0 0 0 0 0 0 0 0 0 0 0 0 0 0 0 0 0 0 0 0 0 0 0 0 0 0 0 0 0 0 0 0 0 0 0 0 0 0 0 0 0 0 0 0 0 0 0 0 0 0 0 0 0 0 0 0 0 0 0 0 0 0 63 67 71 73 78 
0 0 0 0 0 0 0 0 0 0 0 0 0 0 0 0 0 0 0 0 0 0 0 0 0 0 0 0 0 0 0 0 0 0 0 0 0 0 0 0 0 0 0 0 0 0 0 0 0 0 0 0 0 0 0 0 0 0 0 0 0 0 0 0 0 0 0 0 0 0 0 0 0 0 0 0 0 0 0 0 0 0 0 0 0 0 0 0 0 0 0 0 0 0 0 0 0 0 0 0 0 0 0 0 0 0 0 0 0 0 0 0 0 0 0 0 0 0 0 0 0 0 0 0 0 0 0 0 0 0 0 0 0 0 0 0 0 0 0 0 0 0 0 0 0 0 0 0 0 0 0 0 0 0 0 0 0 0 0 0 0 0 0 0 0 0 0 0 0 0 0 64 67 70 67 82 
0 0 0 0 0 0 0 0 0 0 0 0 0 0 0 0 0 0 0 0 0 0 0 0 0 0 0 0 0 0 0 0 0 0 0 0 0 0 0 0 0 0 0 0 0 0 0 0 0 0 0 0 0 0 0 0 0 0 0 0 0 0 0 0 0 0 0 0 0 0 0 0 0 0 0 0 0 0 0 0 0 0 0 0 0 0 0 0 0 0 0 0 0 0 0 0 0 0 0 0 0 0 0 0 0 0 0 0 0 0 0 0 0 0 0 0 0 0 0 0 0 0 0 0 0 0 0 0 0 0 0 0 0 0 0 0 0 0 0 0 0 0 0 0 0 0 0 0 0 0 0 0 0 0 0 0 0 0 0 0 0 0 0 0 0 0 0 0 0 0 0 0 0 72 0 65 
0 0 0 0 0 0 0 0 0 0 0 0 0 0 0 0 0 0 0 0 0 0 0 0 0 0 0 0 0 0 0 0 0 0 0 0 0 0 0 0 0 0 0 0 0 0 0 0 0 0 0 0 0 0 0 0 0 0 0 0 0 0 0 0 0 0 0 0 0 0 0 0 0 0 0 0 0 0 0 0 0 0 0 0 0 0 0 0 0 0 0 0 0 0 0 0 0 0 0 0 0 0 0 0 0 0 0 0 0 0 0 0 0 0 0 0 0 0 0 0 0 0 0 0 0 0 0 0 0 0 0 0 0 0 0 0 0 0 0 0 0 0 0 0 0 0 0 0 0 0 0 0 0 0 0 0 0 0 0 0 0 0 0 0 0 0 0 0 0 0 0 0 0 0 0 0 
0 0 0 0 0 0 0 0 0 0 0 0 0 0 0 0 0 0 0 0 0 0 0 0 0 0 0 0 0 0 0 0 0 0 0 0 0 0 0 0 0 0 0 0 0 0 0 0 0 0 0 0 0 0 0 0 0 0 0 0 0 0 0 0 0 0 0 0 0 0 0 0 0 0 0 0 0 0 0 0 0 0 0 0 0 0 0 0 0 0 0 0 0 0 0 0 0 0 0 0 0 0 0 0 0 0 0 0 0 0 0 0 0 0 0 0 0 0 0 0 0 0 0 0 0 0 0 0 0 0 0 0 0 0 0 0 0 0 0 0 0 0 0 0 0 0 0 0 0 0 0 0 0 0 0 0 0 0 0 0 0 0 0 0 0 0 0 0 0 0 0 0 0 0 0 0 
0 0 0 0 0 0 0 0 0 0 0 0 0 0 0 0 0 0 0 0 0 0 0 0 0 0 0 0 0 0 0 0 0 0 0 0 0 0 0 0 0 0 0 0 0 0 0 0 0 0 0 0 0 0 0 0 0 0 0 0 0 0 0 0 0 0 0 0 0 0 0 0 0 0 0 0 0 0 0 0 0 0 0 0 0 0 0 0 0 0 0 0 0 0 0 0 0 0 0 0 0 0 0 0 0 0 0 0 0 0 0 0 0 0 0 0 0 0 0 0 0 0 0 0 0 0 0 0 0 0 0 0 0 0 0 0 0 0 0 0 0 0 0 0 0 0 0 0 0 0 0 0 0 0 0 0 0 0 0 0 0 0 0 0 0 0 0 0 0 0 0 0 0 0 0 0 
0 0 0 0 0 0 0 0 0 0 0 0 0 0 0 0 0 0 0 0 0 0 0 0 0 0 0 0 0 0 0 0 0 0 0 0 0 0 0 0 0 0 0 0 0 0 0 0 0 0 0 0 0 0 0 0 0 0 0 0 0 0 0 0 0 0 0 0 0 0 0 0 0 0 0 0 0 0 0 0 0 0 0 0 0 0 0 0 0 0 0 0 0 0 0 0 0 0 0 0 0 0 0 0 0 0 0 0 0 0 0 0 0 0 0 0 0 0 0 0 0 0 0 0 0 0 0 0 0 0 0 0 0 0 0 0 0 0 0 0 0 0 0 0 0 0 0 0 0 0 0 0 0 0 0 0 0 0 0 0 0 0 0 0 0 0 0 0 0 0 0 0 0 0 0 0 
0 0 0 0 0 0 0 0 0 0 0 0 0 0 0 0 0 0 0 0 0 0 0 0 0 0 0 0 0 0 0 0 0 0 0 0 0 0 0 0 0 0 0 0 0 0 0 0 0 0 0 0 0 0 0 0 0 0 0 0 0 0 0 0 0 0 0 0 0 0 0 0 0 0 0 0 0 0 0 0 0 0 0 0 0 0 0 0 0 0 0 0 0 0 0 0 0 0 0 0 0 0 0 0 0 0 0 0 0 0 0 0 0 0 0 0 0 0 0 0 0 0 0 0 0 0 0 0 0 0 0 0 0 0 0 0 0 0 0 0 0 0 0 0 0 0 0 0 0 0 0 0 0 0 0 0 0 0 0 0 0 0 0 0 0 0 0 0 0 0 0 0 0 0 0 0 
0 0 0 0 0 0 0 0 0 0 0 0 0 0 0 0 0 0 0 0 0 0 0 0 0 0 0 0 0 0 0 0 0 0 0 0 0 0 0 0 0 0 0 0 0 0 0 0 0 0 0 0 0 0 0 0 0 0 0 0 0 0 0 0 0 0 0 0 0 0 0 0 0 0 0 0 0 0 0 0 0 0 0 0 0 0 0 0 0 0 0 0 0 0 0 0 0 0 0 0 0 0 0 0 0 0 0 0 0 0 0 0 0 0 0 0 0 0 0 0 0 0 0 0 0 0 0 0 0 0 0 0 0 0 0 0 0 0 0 0 0 0 0 0 0 0 0 0 0 0 0 0 0 0 0 0 0 0 0 0 0 0 0 0 0 0 0 0 0 0 0 0 0 0 0 0 
0 0 0 0 0 0 0 0 0 0 0 0 0 0 0 0 0 0 0 0 0 0 0 0 0 0 0 0 0 0 0 0 0 0 0 0 0 0 0 0 0 0 0 0 0 0 0 0 0 0 0 0 0 0 0 0 0 0 0 0 0 0 0 0 0 0 0 0 0 0 0 0 0 0 0 0 0 0 0 0 0 0 0 0 0 0 0 0 0 0 0 0 0 0 0 0 0 0 0 0 0 0 0 0 0 0 0 0 0 0 0 0 0 0 0 0 0 0 0 0 0 0 0 0 0 0 0 0 0 0 0 0 0 0 0 0 0 0 0 0 0 0 0 0 0 0 0 0 0 0 0 0 0 0 0 0 0 0 0 0 0 0 0 0 0 0 0 0 0 0 0 0 0 0 0 0 
0 0 0 0 0 0 0 0 0 0 0 0 0 0 0 0 0 0 0 0 0 0 0 0 0 0 0 0 0 0 0 0 0 0 0 0 0 0 0 0 0 0 0 0 0 0 0 0 0 0 0 0 0 0 0 0 0 0 0 0 0 0 0 0 0 0 0 0 0 0 0 0 0 0 0 0 0 0 0 0 0 0 0 0 0 0 0 0 0 0 0 0 0 0 0 0 0 0 0 0 0 0 0 0 0 0 0 0 0 0 0 0 0 0 0 0 0 0 0 0 0 0 0 0 0 0 0 0 0 0 0 0 0 0 0 0 0 0 0 0 0 0 0 0 0 0 0 0 0 0 0 0 0 0 0 0 0 0 0 0 0 0 0 0 0 0 0 0 0 0 0 0 0 0 0 0 
0 0 0 0 0 0 0 0 0 0 0 0 0 0 0 0 0 0 0 0 0 0 0 0 0 0 0 0 0 0 0 0 0 0 0 0 0 0 0 0 0 0 0 0 0 0 0 0 0 0 0 0 0 0 0 0 0 0 0 0 0 0 0 0 0 0 0 0 0 0 0 0 0 0 0 0 0 0 0 0 0 0 0 0 0 0 0 0 0 0 0 0 0 0 0 0 0 0 0 0 0 0 0 0 0 0 0 0 0 0 0 0 0 0 0 0 0 0 0 0 0 0 0 0 0 0 0 0 0 0 0 0 0 0 0 0 0 0 0 0 0 0 0 0 0 0 0 0 0 0 0 0 0 0 0 0 0 0 0 0 0 0 0 0 0 0 0 0 0 0 0 0 0 0 0 0 
0 0 0 0 0 0 0 0 0 0 0 0 0 0 0 0 0 0 0 0 0 0 0 0 0 0 0 0 0 0 0 0 0 0 0 0 0 0 0 0 0 0 0 0 0 0 0 0 0 0 0 0 0 0 0 0 0 0 0 0 0 0 0 0 0 0 0 0 0 0 0 0 0 0 0 0 0 0 0 0 0 0 0 0 0 0 0 0 0 0 0 0 0 0 0 0 0 0 0 0 0 0 0 0 0 0 0 0 0 0 0 0 0 0 0 0 0 0 0 0 0 0 0 0 0 0 0 0 0 0 0 0 0 0 0 0 0 0 0 0 0 0 0 0 0 0 0 0 0 0 0 0 0 0 0 0 0 0 0 0 0 0 0 0 0 0 0 0 0 0 0 0 0 0 0 0 
0 0 0 0 0 0 0 0 0 0 0 0 0 0 0 0 0 0 0 0 0 0 0 0 0 0 0 0 0 0 0 0 0 0 0 0 0 0 0 0 0 0 0 0 0 0 0 0 0 0 0 0 0 0 0 0 0 0 0 0 0 0 0 0 0 0 0 0 0 0 0 0 0 0 0 0 0 0 0 0 0 0 0 0 0 0 0 0 0 0 0 0 0 0 0 0 0 0 0 0 0 0 0 0 0 0 0 0 0 0 0 0 0 0 0 0 0 0 0 0 0 0 0 0 0 0 0 0 0 0 0 0 0 0 0 0 0 0 0 0 0 0 0 0 0 0 0 0 0 0 0 0 0 0 0 0 0 0 0 0 0 0 0 0 0 0 0 0 0 0 0 0 0 0 0 0 
0 0 0 0 0 0 0 0 0 0 0 0 0 0 0 0 0 0 0 0 0 0 0 0 0 0 0 0 0 0 0 0 0 0 0 0 0 0 0 0 0 0 0 0 0 0 0 0 0 0 0 0 0 0 0 0 0 0 0 0 0 0 0 0 0 0 0 0 0 0 0 0 0 0 0 0 0 0 0 0 0 0 0 0 0 0 0 0 0 0 0 0 0 0 0 0 0 0 0 0 0 0 0 0 0 0 0 0 0 0 0 0 0 0 0 0 0 0 0 0 0 0 0 0 0 0 0 0 0 0 0 0 0 0 0 0 0 0 0 0 0 0 0 0 0 0 0 0 0 0 0 0 0 0 0 0 0 0 0 0 0 0 0 0 0 0 0 0 0 0 0 0 0 0 0 0 
0 0 0 0 0 0 0 0 0 0 0 0 0 0 0 0 0 0 0 0 0 0 0 0 0 0 0 0 0 0 0 0 0 0 0 0 0 0 0 0 0 0 0 0 0 0 0 0 0 0 0 0 0 0 0 0 0 0 0 0 0 0 0 0 0 0 0 0 0 0 0 0 0 0 0 0 0 0 0 0 0 0 0 0 0 0 0 0 0 0 0 0 0 0 0 0 0 0 0 0 0 0 0 0 0 0 0 0 0 0 0 0 0 0 0 0 0 0 0 0 0 0 0 0 0 0 0 0 0 0 0 0 0 0 0 0 0 0 0 0 0 0 0 0 0 0 0 0 0 0 0 0 0 0 0 0 0 0 0 0 0 0 0 0 0 0 0 0 0 0 0 0 0 0 0 0 
0 0 0 0 0 0 0 0 0 0 0 0 0 0 0 0 0 0 0 0 0 0 0 0 0 0 0 0 0 0 0 0 0 0 0 0 0 0 0 0 0 0 0 0 0 0 0 0 0 0 0 0 0 0 0 0 0 0 0 0 0 0 0 0 0 0 0 0 0 0 0 0 0 0 0 0 0 0 0 0 0 0 0 0 0 0 0 0 0 0 0 0 0 0 0 0 0 0 0 0 0 0 0 0 0 0 0 0 0 0 0 0 0 0 0 0 0 0 0 0 0 0 0 0 0 0 0 0 0 0 0 0 0 0 0 0 0 0 0 0 0 0 0 0 0 0 0 0 0 0 0 0 0 0 0 0 0 0 0 0 0 0 0 0 0 0 0 0 0 0 0 0 0 0 0 0 
0 0 0 0 0 0 0 0 0 0 0 0 0 0 0 0 0 0 0 0 0 0 0 0 0 0 0 0 0 0 0 0 0 0 0 0 0 0 0 0 0 0 0 0 0 0 0 0 0 0 0 0 0 0 0 0 0 0 0 0 0 0 0 0 0 0 0 0 0 0 0 0 0 0 0 0 0 0 0 0 0 0 0 0 0 0 0 0 0 0 0 0 0 0 0 0 0 0 0 0 0 0 0 0 0 0 0 0 0 0 0 0 0 0 0 0 0 0 0 0 0 0 0 0 0 0 0 0 0 0 0 0 0 0 0 0 0 0 0 0 0 0 0 0 0 0 0 0 0 0 0 0 0 0 0 0 0 0 0 0 0 0 0 0 0 0 0 0 0 0 0 0 0 0 0 0 
0 0 0 0 0 0 0 0 0 0 0 0 0 0 0 0 0 0 0 0 0 0 0 0 0 0 0 0 0 0 0 0 0 0 0 0 0 0 0 0 0 0 0 0 0 0 0 0 0 0 0 0 0 0 0 0 0 0 0 0 0 0 0 0 0 0 0 0 0 0 0 0 0 0 0 0 0 0 0 0 0 0 0 0 0 0 0 0 0 0 0 0 0 0 0 0 0 0 0 0 0 0 0 0 0 0 0 0 0 0 0 0 0 0 0 0 0 0 0 0 0 0 0 0 0 0 0 0 0 0 0 0 0 0 0 0 0 0 0 0 0 0 0 0 0 0 0 0 0 0 0 0 0 0 0 0 0 0 0 0 0 0 0 0 0 0 0 0 0 0 0 0 0 0 0 0 
0 0 0 0 0 0 0 0 0 0 0 0 0 0 0 0 0 0 0 0 0 0 0 0 0 0 0 0 0 0 0 0 0 0 0 0 0 0 0 0 0 0 0 0 0 0 0 0 0 0 0 0 0 0 0 0 0 0 0 0 0 0 0 0 0 0 0 0 0 0 0 0 0 0 0 0 0 0 0 0 0 0 0 0 0 0 0 0 0 0 0 0 0 0 0 0 0 0 0 0 0 0 0 0 0 0 0 0 0 0 0 0 0 0 0 0 0 0 0 0 0 0 0 0 0 0 0 0 0 0 0 0 0 0 0 0 0 0 0 0 0 0 0 0 0 0 0 0 0 0 0 0 0 0 0 0 0 0 0 0 0 0 0 0 0 0 0 0 0 0 0 0 0 0 0 0 
0 0 0 0 0 0 0 0 0 0 0 0 0 0 0 0 0 0 0 0 0 0 0 0 0 0 0 0 0 0 0 0 0 0 0 0 0 0 0 0 0 0 0 0 0 0 0 0 0 0 0 0 0 0 0 0 0 0 0 0 0 0 0 0 0 0 0 0 0 0 0 0 0 0 0 0 0 0 0 0 0 0 0 0 0 0 0 0 0 0 0 0 0 0 0 0 0 0 0 0 0 0 0 0 0 0 0 0 0 0 0 0 0 0 0 0 0 0 0 0 0 0 0 0 0 0 0 0 0 0 0 0 0 0 0 0 0 0 0 0 0 0 0 0 0 0 0 0 0 0 0 0 0 0 0 0 0 0 0 0 0 0 0 0 0 0 0 0 0 0 0 0 0 0 0 0 
0 0 0 0 0 0 0 0 0 0 0 0 0 0 0 0 0 0 0 0 0 0 0 0 0 0 0 0 0 0 0 0 0 0 0 0 0 0 0 0 0 0 0 0 0 0 0 0 0 0 0 0 0 0 0 0 0 0 0 0 0 0 0 0 0 0 0 0 0 0 0 0 0 0 0 0 0 0 0 0 0 0 0 0 0 0 0 0 0 0 0 0 0 0 0 0 0 0 0 0 0 0 0 0 0 0 0 0 0 0 0 0 0 0 0 0 0 0 0 0 0 0 0 0 0 0 0 0 0 0 0 0 0 0 0 0 0 0 0 0 0 0 0 0 0 0 0 0 0 0 0 0 0 0 0 0 0 0 0 0 0 0 0 0 0 0 0 0 0 0 0 0 0 0 0 0 
0 0 0 0 0 0 0 0 0 0 0 0 0 0 0 0 0 0 0 0 0 0 0 0 0 0 0 0 0 0 0 0 0 0 0 0 0 0 0 0 0 0 0 0 0 0 0 0 0 0 0 0 0 0 0 0 0 0 0 0 0 0 0 0 0 0 0 0 0 0 0 0 0 0 0 0 0 0 0 0 0 0 0 0 0 0 0 0 0 0 0 0 0 0 0 0 0 0 0 0 0 0 0 0 0 0 0 0 0 0 0 0 0 0 0 0 0 0 0 0 0 0 0 0 0 0 0 0 0 0 0 0 0 0 0 0 0 0 0 0 0 0 0 0 0 0 0 0 0 0 0 0 0 0 0 0 0 0 0 0 0 0 0 0 0 0 0 0 0 0 0 0 0 0 0 0 
0 0 0 0 0 0 0 0 0 0 0 0 0 0 0 0 0 0 0 0 0 0 0 0 0 0 0 0 0 0 0 0 0 0 0 0 0 0 0 0 0 0 0 0 0 0 0 0 0 0 0 0 0 0 0 0 0 0 0 0 0 0 0 0 0 0 0 0 0 0 0 0 0 0 0 0 0 0 0 0 0 0 0 0 0 0 0 0 0 0 0 0 0 0 0 0 0 0 0 0 0 0 0 0 0 0 0 0 0 0 0 0 0 0 0 0 0 0 0 0 0 0 0 0 0 0 0 0 0 0 0 0 0 0 0 0 0 0 0 0 0 0 0 0 0 0 0 0 0 0 0 0 0 0 0 0 0 0 0 0 0 0 0 0 0 0 0 0 0 0 0 0 0 0 0 0 
0 0 0 0 0 0 0 0 0 0 0 0 0 0 0 0 0 0 0 0 0 0 0 0 0 0 0 0 0 0 0 0 0 0 0 0 0 0 0 0 0 0 0 0 0 0 0 0 0 0 0 0 0 0 0 0 0 0 0 0 0 0 0 0 0 0 0 0 0 0 0 0 0 0 0 0 0 0 0 0 0 0 0 0 0 0 0 0 0 0 0 0 0 0 0 0 0 0 0 0 0 0 0 0 0 0 0 0 0 0 0 0 0 0 0 0 0 0 0 0 0 0 0 0 0 0 0 0 0 0 0 0 0 0 0 0 0 0 0 0 0 0 0 0 0 0 0 0 0 0 0 0 0 0 0 0 0 0 0 0 0 0 0 0 0 0 0 0 0 0 0 0 0 0 0 0 
0 0 0 0 0 0 0 0 0 0 0 0 0 0 0 0 0 0 0 0 0 0 0 0 0 0 0 0 0 0 0 0 0 0 0 0 0 0 0 0 0 0 0 0 0 0 0 0 0 0 0 0 0 0 0 0 0 0 0 0 0 0 0 0 0 0 0 0 0 0 0 0 0 0 0 0 0 0 0 0 0 0 0 0 0 0 0 0 0 0 0 0 0 0 0 0 0 0 0 0 0 0 0 0 0 0 0 0 0 0 0 0 0 0 0 0 0 0 0 0 0 0 0 0 0 0 0 0 0 0 0 0 0 0 0 0 0 0 0 0 0 0 0 0 0 0 0 0 0 0 0 0 0 0 0 0 0 0 0 0 0 0 0 0 0 0 0 0 0 0 0 0 0 0 0 0 
0 0 0 0 0 0 0 0 0 0 0 0 0 0 0 0 0 0 0 0 0 0 0 0 0 0 0 0 0 0 0 0 0 0 0 0 0 0 0 0 0 0 0 0 0 0 0 0 0 0 0 0 0 0 0 0 0 0 0 0 0 0 0 0 0 0 0 0 0 0 0 0 0 0 0 0 0 0 0 0 0 0 0 0 0 0 0 0 0 0 0 0 0 0 0 0 0 0 0 0 0 0 0 0 0 0 0 0 0 0 0 0 0 0 0 0 0 0 0 0 0 0 0 0 0 0 0 0 0 0 0 0 0 0 0 0 0 0 0 0 0 0 0 0 0 0 0 0 0 0 0 0 0 0 0 0 0 0 0 0 0 0 0 0 0 0 0 0 0 0 0 0 0 0 0 0 
0 0 0 0 0 0 0 0 0 0 0 0 0 0 0 0 0 0 0 0 0 0 0 0 0 0 0 0 0 0 0 0 0 0 0 0 0 0 0 0 0 0 0 0 0 0 0 0 0 0 0 0 0 0 0 0 0 0 0 0 0 0 0 0 0 0 0 0 0 0 0 0 0 0 0 0 0 0 0 0 0 0 0 0 0 0 0 0 0 0 0 0 0 0 0 0 0 0 0 0 0 0 0 0 0 0 0 0 0 0 0 0 0 0 0 0 0 0 0 0 0 0 0 0 0 0 0 0 0 0 0 0 0 0 0 0 0 0 0 0 0 0 0 0 0 0 0 0 0 0 0 0 0 0 0 0 0 0 0 0 0 0 0 0 0 0 0 0 0 0 0 0 0 0 0 0 
